0.521023 4 4
0.153232 4 9
0.329165 6 0
0.608022 8 0
0.246069 0 0
0.365618 5 0
0.90833 14 0
0.918235 14 0
0.422439 6 10
0.301646 8 0
0.844652 7 0
0.0876481 2 0
0.0608847 1 0
0.364127 7 0
0.777565 8 0
1.24333 14 0
0.169722 3 9
0.152351 5 8
0.127003 5 5
0.630621 5 7
0.283122 9 8
0.141083 5 9
0.130836 7 6
0.0543194 11 0
0.0435992 12 0
1.57453 4 4
0.3845 3 6
1.66269 10 4
0.425221 8 7
0.192275 7 1
0.212118 14 2
0.192017 6 1
0.21825 7 1
0.472915 14 3
0.322122 10 4
0.356016 12 4
0.195079 8 5
0.139188 8 4
0.336651 10 3
0.284383 4 0
0.0752992 9 0
0.453882 13 0
