0.342201 8 0
0.601165 8 0
1.19229 9 0
0.0695016 9 0
0.29211 13 0
0.367347 9 0
0.00897138 9 0
0.553011 7 0
0.2492 9 0
0.875477 14 5
0.445408 9 0
0.28009 12 0
0.309554 6 0
0.531714 4 0
0.46523 14 0
0.253417 13 0
0.230424 12 2
0.110667 3 11
0.408201 8 9
0.248368 13 3
0.204706 12 5
0.359701 4 2
0.180582 5 4
0.113952 7 0
0.0225667 8 0
0.28632 14 6
0.910538 12 3
0.482689 5 6
0.357342 5 8
0.0556763 13 12
0.268067 5 7
1.63454 4 3
0.166857 3 7
0.643063 8 3
0.255362 7 7
0.201545 13 10
0.30686 10 7
0.668676 12 4
0.135598 12 8
0.051944 7 0
0.0067631 6 0
0.183538 11 0
0.0816248 10 0
