0.106342 9 0
0.259065 9 0
0.388933 7 4
2.05219 8 2
0.447223 7 0
0.303935 7 0
7.71344 10 0
0.160584 5 2
0.487656 1 8
0.20548 7 0
0.034277 3 0
0.31438 14 0
0.603535 12 0
0.285017 2 0
0.516328 1 0
0.801464 12 7
1.08509 11 6
1.76854 9 5
0.669868 8 7
0.690553 3 1
0.344642 5 1
0.320372 11 6
0.167526 8 9
0.219621 4 3
0.175122 3 1
0.378343 2 9
0.109713 10 11
0.637619 6 1
0.0868194 7 5
0.483527 7 5
0.549496 10 4
0.099671 6 9
0.916415 9 4
0.0998611 8 2
0.252348 2 3
0.14614 10 9
0.167696 9 5
0.302222 12 2
0.326425 12 2
0.266828 7 2
0.161861 9 2
0.261237 13 0
0.340328 9 0
0.505514 13 0
0.254 8 0
0.64156 14 3
0.149306 12 6
0.0783704 7 0
0.0616636 14 0
0.124313 1 0
0.139141 1 0
0.0874127 13 0
0.0315248 14 0
0.612764 5 0
