0.0214835 10 0
0.139201 9 0
0.538939 8 0
0.226981 9 0
0.264083 11 8
0.633981 8 1
0.77074 8 1
0.255834 7 0
0.0321386 11 0
0.929802 4 5
0.183748 1 9
0.170993 6 7
0.114987 5 0
0.0875143 6 0
0.428575 3 0
0.0402033 4 0
0.0932955 5 0
0.853969 6 0
0.198217 11 8
0.454893 12 5
0.354011 8 8
0.736886 9 5
0.759692 3 5
0.217621 6 7
0.525889 3 6
0.233709 6 8
0.195923 7 1
0.220648 14 0
0.138781 8 9
0.775129 12 5
0.23667 4 9
0.462666 8 7
0.15763 13 7
0.316204 12 9
0.406995 2 10
0.992359 4 8
0.762569 14 0
1.19088 7 5
0.336787 8 9
1.00662 9 0
2.46354 13 0
0.54988 9 0
0.291775 10 0
