0.0607651 10 0
0.0578847 7 0
0.183613 9 0
0.259104 7 0
0.345896 9 0
0.0315015 6 0
0.199723 10 0
0.427897 10 6
0.265433 14 0
0.0514184 14 0
0.0630102 14 3
0.382562 14 0
0.33914 14 0
0.289648 1 8
0.60609 13 0
0.504235 12 0
0.239748 8 0
0.149988 14 0
0.48897 6 0
1.71293 7 0
0.603793 12 10
0.452863 12 10
0.264996 2 9
1.31137 5 6
0.306454 14 3
0.127559 8 3
0.443925 12 9
0.624693 12 9
0.212294 2 9
1.78074 3 5
0.296938 13 10
0.502788 14 9
0.64883 11 7
1.8824 13 4
0.330969 7 8
0.408476 2 8
1.10846 5 2
0.21417 6 6
1.73146 9 0
0.575471 12 0
1.45924 7 2
0.450903 7 4
1.1301 14 1
