0.105938 12 0
0.509026 12 0
0.286411 8 0
0.217743 6 0
3.85291 4 5
0.516918 4 9
1.94078 4 8
0.252665 4 0
0.304757 5 0
0.0427166 6 6
0.183253 3 2
0.255442 2 0
0.14229 4 0
0.151095 3 6
0.0494202 12 0
1.22662 12 0
0.0843858 12 0
0.250511 4 0
0.287851 9 7
0.0288948 13 11
0.139814 9 5
0.525993 12 4
0.310003 10 7
0.648841 2 5
0.285523 2 8
0.932495 11 2
0.0526737 13 6
0.454089 8 0
0.507381 8 0
2.01144 14 4
1.01454 13 5
0.399926 5 7
0.294004 1 8
0.325984 5 0
0.195056 4 0
0.37986 14 8
0.0281675 14 7
0.400464 4 7
0.0943848 13 9
0.399647 5 0
0.00127992 4 0
