0.132975 12 0
0.199086 12 0
0.40559 2 0
0.0881363 2 0
0.142773 9 0
0.150973 8 0
0.0391112 14 4
0.207797 11 0
0.0829123 11 0
0.375236 7 4
0.231773 7 8
0.0377679 9 9
0.587945 3 3
0.36862 7 1
0.170151 13 2
1.16465 12 6
0.895187 11 7
0.168545 6 9
0.501058 12 7
0.511196 3 6
0.0846567 6 10
0.158052 7 7
0.306054 12 5
0.139736 11 4
0.2542 14 2
0.28869 6 6
0.04038 1 13
0.461924 3 4
0.117578 6 4
1.50629 5 3
0.119338 6 8
0.17792 9 6
0.783901 12 2
0.135951 1 4
0.312807 11 2
0.126943 14 5
0.545574 12 4
0.027863 3 9
0.373427 13 6
0.00965218 4 0
0.0626404 4 0
0.146003 5 1
0.054365 9 5
0.19617 8 7
0.086244 9 11
