0.205594 6 0
0.321909 10 0
0.811674 8 0
0.704698 14 0
0.268531 6 0
6.06483 13 0
0.208839 9 0
0.390432 6 0
0.814889 10 1
0.366703 7 0
0.348091 6 0
0.703633 6 4
0.00791829 8 8
0.284609 7 6
0.122019 11 10
0.436996 6 0
0.564758 6 0
0.277524 7 9
0.692206 3 5
0.270012 3 7
0.636918 12 1
0.717586 10 1
0.138495 5 0
0.467777 3 0
0.620328 14 6
0.33186 11 6
0.285876 2 0
0.36676 3 0
1.8749 7 6
1.52635 6 6
0.339595 13 0
1.18494 10 0
0.648597 6 1
0.675204 9 3
0.177817 9 5
0.010469 1 0
0.0821576 1 0
2.27348 3 0
0.482382 2 2
0.954486 7 0
1.10998 6 0
0.397217 13 0
0.0215011 14 0
0.270572 14 0
