0.0921024 10 0
0.0957327 10 0
0.315414 14 0
0.230148 13 0
0.164217 5 3
0.135703 3 6
0.143219 12 11
0.105564 7 7
0.299881 2 10
0.695482 3 7
0.900758 5 1
0.139528 7 4
0.0889786 2 4
0.388137 9 2
0.177606 7 11
0.205812 11 12
0.0318102 4 7
0.371761 13 3
0.0921501 13 0
0.0435182 13 0
0.553879 10 7
0.337753 6 9
0.480496 11 6
0.0691548 7 9
0.152727 12 4
0.325963 8 4
0.292987 9 3
0.194095 2 2
0.245052 4 9
0.323717 9 9
0.082073 9 8
0.465952 10 4
0.0265258 3 0
0.0172102 4 0
0.105842 3 0
0.0136714 12 0
1.42177 12 2
0.396131 13 5
0.0133221 13 0
0.032067 14 0
