0.105259 4 0
0.315573 2 0
3.65632 12 2
0.189522 8 0
1.93662 8 0
0.254436 5 0
0.124056 1 0
0.411859 11 0
0.0718185 12 0
0.172727 8 0
0.0930618 7 0
0.110695 14 0
0.659301 11 0
0.298402 4 7
0.280827 5 0
0.139176 3 0
0.2398 7 2
0.222332 7 2
0.0640125 8 3
0.2 13 3
0.528665 7 2
0.465919 7 6
1.57682 5 4
0.246006 0 7
1.80493 1 3
1.05839 2 7
1.00993 2 8
0.340916 14 5
0.497308 10 5
0.436317 9 5
0.151929 11 7
0.274368 10 0
0.229696 13 0
1.02271 2 7
1.28678 1 7
0.0986989 9 8
0.536514 3 6
0.263372 9 4
0.126461 6 6
0.0355101 3 0
0.0285675 3 0
0.662947 12 9
0.160584 10 13
0.0266886 2 0
0.00395288 2 0
0.553765 2 3
0.116792 5 6
0.867068 13 4
0.198436 13 9
0.84342 13 2
0.321146 13 6
