0.0343539 5 0
0.0305002 5 0
0.0326666 8 0
0.113975 8 0
0.0711341 9 0
0.910113 8 0
0.031371 11 0
0.0828557 8 0
0.200087 1 0
0.223373 5 0
0.178377 8 0
0.129259 11 0
0.136775 14 0
0.141974 14 0
0.0458273 13 0
0.147946 10 0
0.275637 9 2
0.358681 4 2
0.521194 4 9
1.67316 4 7
0.0138066 11 0
0.140861 8 0
0.1443 5 1
0.133417 7 3
0.211452 6 4
0.288904 13 5
0.12543 5 5
0.083159 13 8
0.458818 6 1
0.0555229 7 1
0.113574 4 2
0.111252 3 6
0.246349 6 9
0.160057 4 7
0.503422 3 7
0.184018 3 8
0.00503484 14 0
0.00710023 13 0
0.273515 7 0
0.277344 12 0
0.370792 14 6
0.0955987 6 10
0.649583 11 6
0.414291 11 6
