3.51352 2 0
1.46002 2 0
2.06841 2 0
0.0976247 6 0
0.594132 5 0
0.0882839 6 0
0.286127 6 0
4.52898 11 0
0.362642 1 0
0.354726 8 0
2.95356 3 0
1.02407 1 0
0.409359 7 0
0.227441 7 0
0.264779 14 0
2.63796 11 0
8.60532 11 0
0.521942 1 0
0.864243 3 0
0.514449 4 0
0.452557 4 0
0.149184 12 0
0.110683 8 0
0.0874616 9 0
0.506048 6 0
0.297366 14 0
0.114325 13 0
0.747375 5 1
0.0627775 6 2
0.0371935 5 4
0.701562 3 2
0.132905 10 0
0.323567 10 0
0.0764315 6 6
0.274023 7 3
0.668315 5 5
0.106791 2 7
0.689253 3 8
0.405587 7 9
0.214221 3 5
0.692875 4 4
0.253856 4 6
0.559251 5 6
0.102602 6 0
0.0217995 5 0
