7.18429 8 0
1.51102 6 0
3.87529 6 0
1.04145 8 0
2.29607 5 0
0.0236664 0 0
0.238746 2 0
0.69129 8 1
3.34474 4 0
1.07672 4 1
0.492559 7 9
8.17889 7 2
0.45623 14 0
0.491677 13 0
1.56605 8 0
0.58495 9 6
0.127139 9 0
0.0482186 13 0
0.0534077 7 0
0.213771 4 0
0.360029 8 0
0.138233 10 0
0.281402 4 0
0.419123 4 0
1.64759 10 3
0.442957 11 5
0.199744 3 7
0.432364 9 6
0.126283 8 4
0.0458985 3 6
0.207182 7 10
0.030647 4 9
0.197319 12 1
0.242634 6 1
1.38666 2 8
0.686542 2 10
1.07642 3 2
0.990182 2 2
0.182457 9 1
0.791364 6 1
0.781811 5 1
0.499255 10 1
1.94071 8 0
0.695145 6 0
0.264295 6 0
0.042153 6 0
0.165847 11 0
0.265779 8 8
2.35008 8 0
0.592246 8 6
0.132517 12 9
0.741873 3 2
0.682904 5 2
2.26156 5 1
1.79412 2 1
