0.758929 1 0
2.01637 3 0
8.85823 4 0
0.30124 3 0
0.462858 3 0
2.22751 11 0
2.88165 12 0
3.56066 11 0
0.674712 1 0
0.158 4 0
0.446572 0 0
4.15482 4 0
1.46584 4 0
3.32619 4 0
1.01192 12 0
0.667847 10 0
2.50679 12 0
8.24383 12 0
3.5345 4 0
1.88593 4 0
0.958786 4 7
0.57177 8 0
0.691458 9 0
0.019839 3 0
0.185164 9 0
0.248059 2 0
0.115237 3 7
1.4621 6 3
0.222552 5 7
4.55821 12 6
1.28773 11 8
0.230726 7 2
0.186831 11 2
0.40062 2 9
0.374713 4 9
0.525875 7 0
0.0544936 7 0
2.83948 5 6
0.600767 5 9
0.747866 7 3
0.0452388 8 6
