1.44127 9 0
1.82983 9 0
2.74875 10 0
1.64576 7 0
2.10905 10 0
4.61801 9 0
12.882 9 0
0.227274 12 0
0.960557 7 0
6.39691 9 0
1.96362 9 0
9.62464 0 0
2.11757 1 0
2.01273 2 0
1.25998 2 0
0.555426 1 0
1.06235 7 0
0.137797 11 0
0.252529 4 0
1.68078 9 0
2.10852 9 0
1.44771 3 0
0.548928 3 0
0.126653 4 0
0.526325 4 0
0.25766 8 0
0.875986 8 0
0.310467 9 3
0.163382 1 5
0.280811 13 6
0.324398 10 5
0.231297 10 3
0.138133 13 1
0.770519 3 0
0.179737 6 0
0.739669 6 0
0.746914 7 1
0.270889 6 1
0.151598 5 3
0.533933 3 0
0.0991787 4 0
0.438691 4 7
0.207418 3 8
0.724795 10 0
0.748115 9 0
0.204143 9 8
0.773085 5 6
