19.8506 4 0
0.166704 3 0
0.262922 4 0
0.354047 11 0
0.22479 6 0
0.202548 14 0
0.169699 5 0
0.211351 13 0
0.213448 13 0
0.131675 2 0
0.221197 13 0
0.904442 9 0
0.209097 12 0
0.426578 8 6
0.225885 9 0
0.131904 10 0
0.101054 3 0
0.475025 8 0
0.116845 9 0
0.178191 5 0
0.518723 14 3
0.0337075 10 9
0.540908 14 0
0.115464 13 0
0.321778 6 4
0.0885478 4 7
0.419198 2 8
0.387824 2 10
0.638789 9 8
0.169618 12 9
0.0922786 5 5
0.211567 12 5
0.726779 13 12
1.09624 13 11
0.165006 7 3
0.218493 11 3
0.165774 4 0
0.529733 6 0
1.03239 2 0
0.0168657 10 14
0.0577205 6 14
