1.15304 2 0
1.86031 3 0
0.0834842 7 0
2.74686 10 0
2.67027 10 0
3.06237 13 0
11.1572 13 0
2.68115 13 0
19.0467 13 0
1.39591 2 5
0.162774 3 10
0.23351 7 0
0.0982955 4 0
0.208419 6 0
0.435516 6 0
1.29311 8 1
1.11409 5 1
0.823976 6 1
0.692556 2 3
0.182176 2 6
0.159026 5 0
0.0196467 10 0
0.166242 7 6
0.146467 14 9
6.86092 2 5
1.49805 2 8
0.53901 13 6
0.127405 10 11
0.172555 5 3
0.0227014 4 8
1.55292 10 0
0.0881734 7 0
0.0359471 5 0
0.100417 4 0
0.433175 13 1
0.359588 9 0
0.451334 14 0
2.02917 11 1
1.22171 11 2
