0.663109 6 0
1.71014 12 0
0.218752 7 0
1.08131 10 0
0.865514 13 0
0.345019 12 0
0.295124 1 9
0.022926 14 0
0.150474 12 0
1.32659 12 1
0.405515 12 3
0.147747 6 0
0.0443313 7 0
1.18893 2 2
0.0124962 5 0
0.0441799 5 0
0.0798517 13 0
0.206866 7 0
0.287702 7 0
0.0768201 8 0
0.402025 13 4
0.0632659 6 7
0.42264 9 4
0.346238 14 4
0.098065 12 5
1.0734 9 1
0.35275 8 0
0.625064 1 7
0.266068 1 7
0.470595 8 1
0.835139 7 0
0.497409 6 3
0.11957 9 0
0.0577125 8 0
0.215059 11 0
0.0132531 8 0
0.0390527 8 0
0.289123 13 11
0.669038 10 8
0.555903 11 0
1.01666 10 0
0.378457 13 1
0.559772 10 0
0.629761 10 0
2.33603 11 0
0.841877 11 7
0.540663 11 7
