1.76376 2 0
0.374041 2 0
0.285587 5 0
0.191171 9 0
0.0746859 13 0
2.24563 10 0
2.04407 3 0
1.2932 4 0
10.4842 4 0
0.205693 5 0
1.33283 13 0
2.50823 5 0
2.36579 4 0
0.0255454 14 12
0.534417 3 1
0.393293 10 4
0.0465736 7 6
0.442928 4 0
0.279516 4 0
0.945914 11 0
1.24811 10 0
0.257224 4 0
0.420328 3 0
0.302604 7 8
0.319622 4 1
1.04693 13 0
0.446392 14 0
1.95028 1 5
0.257126 3 7
0.0394524 8 7
0.511988 11 0
0.72392 11 0
0.284823 10 1
0.453178 11 0
0.187386 12 4
0.199398 5 5
1.15196 3 5
0.308146 2 8
0.166824 11 0
0.0299355 4 0
