0.657052 10 0
0.615707 14 0
0.857969 4 0
0.264726 12 0
0.221451 3 0
0.439191 5 0
2.07544 3 0
1.74771 2 0
1.12487 11 0
0.74879 9 0
1.06815 6 0
0.231085 14 0
0.605702 2 0
0.97584 3 0
2.79975 4 0
7.59564 3 0
0.249986 9 0
0.355123 10 0
0.474579 3 1
0.703413 10 0
1.64083 10 0
0.0306175 4 0
0.208257 14 0
0.841114 7 4
0.189316 5 7
9.0936 12 0
0.261128 2 0
0.0873927 3 0
0.124711 9 0
0.100939 14 0
0.60602 3 7
0.0923415 3 11
0.107023 5 5
0.226686 4 0
0.0429606 6 0
1.92929 8 0
0.637841 8 1
0.0148013 2 0
0.21863 2 0
0.288375 13 7
1.91937 12 4
0.079735 10 4
0.542238 12 4
1.16946 3 6
2.27598 4 5
1.11567 13 4
1.89109 14 3
0.00982473 4 0
0.0259382 5 0
0.176378 2 7
0.253457 8 7
0.317449 12 7
0.118126 7 6
0.58545 5 0
0.0345639 6 0
0.142489 6 0
0.553569 6 0
2.90669 4 0
0.633622 6 0
