5.39653 5 0
3.09932 4 0
0.911872 4 0
0.539655 4 0
0.284502 8 0
3.76143 5 0
1.70707 5 0
0.547679 4 0
2.90039 5 0
0.0608631 6 0
0.976131 5 0
4.27495 4 0
0.132311 3 0
0.253714 13 0
1.13079 14 0
0.459818 8 3
0.233266 5 0
1.64102 6 0
1.25659 4 0
0.122007 13 7
1.26373 4 0
0.477965 9 0
1.59612 6 1
0.612807 13 0
0.0639101 13 0
0.295959 1 6
0.0653029 11 6
0.311125 4 8
0.298097 9 9
0.617356 14 5
0.385983 11 6
0.711252 1 1
0.0742004 5 5
0.485535 8 9
0.233799 9 8
1.30336 5 0
1.35418 4 0
0.615699 11 1
0.30752 14 0
0.286278 11 0
0.814635 11 0
