0.534966 14 0
0.402291 13 0
9.22611 4 0
0.805532 13 0
3.49789 11 0
1.88412 11 0
0.614059 11 0
0.837652 13 0
0.469547 9 0
2.46214 2 1
0.576725 1 0
0.405817 13 0
0.335911 14 0
0.754203 9 7
0.234651 6 0
0.236696 8 0
3.16474 4 0
3.41542 4 0
0.157179 6 0
0.316039 4 0
0.21404 3 0
0.0794921 9 0
0.614062 10 4
0.723881 12 0
0.0613908 13 0
0.597999 4 3
0.065782 4 6
0.120992 9 0
0.0141633 10 0
0.213554 8 4
0.128862 4 6
0.177306 7 5
0.133268 11 3
1.1605 5 0
0.193364 7 2
0.356922 13 0
0.736568 12 0
1.44331 9 0
0.504824 2 5
0.036843 11 7
0.222907 7 5
0.365717 13 5
