0.0813366 13 0
0.596496 1 0
1.10714 5 0
4.28993 13 0
0.243306 9 0
0.948598 12 0
0.92421 13 0
1.26473 13 0
0.801451 13 0
5.18402 2 0
1.49073 14 0
0.399631 13 0
0.365579 6 0
0.235798 9 0
3.63633 2 0
4.5409 2 0
0.0586998 14 0
0.247994 11 0
0.760351 1 0
0.746944 1 0
0.0676967 11 0
0.249475 6 0
0.298649 5 0
0.251586 8 0
0.130816 8 0
0.538573 11 0
0.106375 11 0
0.21767 11 0
0.197438 13 0
0.420698 4 0
0.4749 5 0
0.673842 5 0
1.89549 5 0
1.1035 12 9
1.86349 12 8
3.39007 2 4
14.9631 2 1
2.75303 2 7
1.28101 1 9
0.435963 2 6
1.04056 1 4
1.29538 13 3
0.298979 13 6
0.143578 14 0
0.210369 10 0
0.557951 12 0
0.79164 5 0
3.86928 13 1
2.73931 11 0
