2.42383 14 0
2.3602 1 0
0.131321 11 0
0.0883662 14 0
0.00805277 4 0
0.0442098 5 0
0.322211 14 10
0.297805 13 9
0.0941533 2 0
0.208887 1 0
0.408257 2 0
0.777766 3 0
0.314557 6 0
0.404941 7 0
0.0036727 12 0
0.0940464 13 0
0.299177 4 0
0.103288 5 0
0.114001 6 9
0.107863 13 5
0.45155 10 4
0.356761 8 6
0.270188 7 0
0.357294 7 0
0.000796598 4 0
0.0202393 5 0
0.678586 11 2
0.305772 8 3
0.00511644 14 3
0.456614 7 3
0.445273 6 0
0.586455 4 0
0.234161 10 1
0.756913 13 0
0.263879 11 0
0.386874 11 0
0.993281 12 7
0.239947 12 11
0.442123 5 0
0.177028 6 0
0.0791966 10 0
0.325709 1 0
0.251675 6 0
0.847133 13 0
0.122451 5 0
0.00381075 6 0
0.23844 5 0
