7.44591 9 0
3.11001 9 0
1.99826 9 0
0.870655 5 0
0.289241 6 0
0.353173 11 0
0.545769 8 6
0.0811747 12 12
0.497085 10 0
0.294632 12 0
0.40168 5 0
0.177903 6 0
0.220236 6 0
0.632165 6 0
0.861531 10 0
0.11407 6 2
1.14792 5 0
1.22432 5 0
0.124287 4 6
1.20606 2 8
0.260581 2 10
0.187244 8 5
0.265692 11 4
0.131116 7 0
0.00966527 7 0
0.0619433 6 3
0.673102 2 1
0.383359 10 7
0.1978 3 8
0.343136 10 11
1.69957 10 7
0.562399 11 2
0.452566 10 3
0.194717 12 5
1.04697 14 2
0.0832073 13 4
0.47199 5 3
0.204837 5 6
0.890177 1 3
0.158074 6 4
1.17657 6 2
0.73427 5 1
1.83696 10 0
1.41754 11 0
1.48775 10 2
0.339969 10 6
1.07644 3 1
0.735172 4 0
