6.18833 4 0
5.00014 4 0
1.01381 6 0
1.07555 7 0
0.142851 10 0
0.543138 11 0
0.747313 14 0
2.22932 14 0
3.20123 5 0
2.43236 4 0
0.202562 11 0
0.0534435 7 0
0.492328 3 0
0.183861 3 0
1.6146 3 0
1.09348 12 0
0.0834792 8 0
0.0971819 14 0
0.0630011 14 0
0.258537 9 0
1.35346 2 0
0.786477 2 0
0.0639737 3 0
0.127006 10 0
0.104475 9 0
0.0510439 11 0
0.176634 10 0
0.336535 9 0
0.00440547 12 5
0.625396 11 3
0.177388 6 6
1.0434 4 3
0.410539 3 0
2.3467 3 0
2.28552 3 5
0.377565 4 8
0.346871 10 2
0.163582 14 1
0.435604 6 1
0.384812 4 6
0.0917982 13 9
19.4541 13 0
30.2444 13 0
0.698516 1 5
0.262127 2 8
0.441378 3 0
0.347207 11 0
0.174928 12 0
0.367649 12 0
0.73019 12 0
1.11862 1 0
1.30396 3 0
1.48359 13 0
3.48699 11 0
3.65105 3 0
0.124996 4 1
