0.787105 13 0
9.92015 13 0
2.93894 13 0
2.8773 4 0
0.568445 4 0
1.68144 4 0
1.22935 13 0
14.4315 14 0
0.791757 13 0
0.302988 11 0
0.696688 7 0
1.52664 4 0
0.630035 3 0
0.984725 4 0
7.58939 4 0
4.05541 4 0
1.63989 4 0
1.99866 4 0
4.55607 4 0
0.20521 9 0
0.506774 12 0
0.220492 6 0
0.395263 9 0
0.461205 8 0
0.589211 9 0
0.468312 4 5
0.129604 3 9
0.228771 5 0
0.120455 4 0
0.100544 11 5
0.550974 3 2
0.113018 9 8
1.50314 10 3
0.16652 5 3
0.17477 7 5
0.120823 7 0
0.141826 6 0
0.256699 10 8
1.50079 11 4
0.0890656 6 9
0.635788 12 6
0.725619 6 4
0.277627 6 7
0.524811 14 3
0.127259 9 6
