0.0616604 12 0
12.922 2 0
1.91099 12 0
0.383377 7 0
0.384724 7 0
0.945023 3 0
2.25269 12 0
2.26947 13 0
1.79188 14 0
0.241557 2 0
0.256396 13 0
0.268918 14 0
0.250967 2 0
0.55736 2 0
0.11972 14 0
0.13819 14 0
0.159599 9 3
0.396816 6 5
2.64358 8 6
0.523669 10 4
0.406673 14 4
1.21723 1 6
1.18824 2 6
0.00713514 2 0
0.0707698 11 0
0.28259 9 4
0.304524 7 5
0.17845 14 7
1.49072 11 4
2.96573 11 3
0.394081 4 6
0.449038 4 6
0.0931153 11 7
0.819258 14 4
0.287285 4 6
0.221609 7 5
1.49302 2 0
0.216459 7 1
0.444388 12 6
1.20159 10 5
0.850001 8 0
0.269939 8 0
0.357508 5 0
0.189038 13 7
0.0922691 13 7
0.646 1 0
0.6329 2 5
5.93831 2 1
0.315843 11 0
0.356189 6 0
0.260056 4 0
0.193634 11 0
0.084995 1 0
0.0712826 1 0
1.69932 10 0
0.746803 8 0
