0.468006 5 0
13.2956 5 0
3.46683 5 0
4.13788 11 0
1.0415 11 0
2.05429 9 0
0.896867 10 0
3.10801 11 0
5.61152 11 0
6.41223 12 0
1.97516 12 0
1.33703 13 0
0.708726 5 0
0.321127 11 0
1.57656 6 0
0.968336 5 0
2.91235 5 0
0.609303 3 0
4.9586 4 0
6.3637 5 0
0.211147 13 0
0.934986 11 0
2.11108 12 0
2.06909 11 0
0.592475 14 0
0.943188 10 0
0.175926 13 0
0.205931 11 0
0.412493 6 0
0.0527637 6 0
0.133734 11 0
0.197475 9 0
0.10135 10 6
0.708526 10 4
0.249309 12 7
0.181664 7 2
0.0897629 14 0
0.277083 13 0
0.11 4 0
0.063648 4 0
0.0731267 8 5
0.312971 3 5
2.17172 5 0
0.777022 5 0
0.0154828 7 0
0.0178244 8 0
0.618115 7 0
0.64119 3 0
0.0843596 8 0
0.350579 8 0
0.507785 3 0
0.594351 3 1
0.376029 7 1
0.235235 6 1
0.581563 7 0
0.530928 4 1
0.479294 3 0
0.0858983 6 4
0.281368 10 5
