27.9053 2 0
0.0213185 5 0
0.00635037 4 0
2.60253 13 0
0.393527 12 0
0.333936 9 0
0.557181 4 0
0.256147 6 0
0.150915 13 0
0.0469447 4 0
0.15613 5 1
0.0913277 6 1
0.579633 4 5
0.358248 3 6
1.8045 2 5
0.76595 3 7
0.421362 7 8
0.36012 9 8
0.494368 11 3
0.126544 11 2
0.0460054 5 6
0.0910855 3 5
0.0534906 7 0
0.0616768 7 0
0.155554 6 0
0.0282908 6 0
0.806149 10 1
0.075815 13 2
0.15423 6 8
0.331548 4 7
0.343391 4 6
0.354415 4 5
0.41772 11 1
0.113547 14 0
0.193586 14 0
0.0592053 14 0
0.469144 2 0
0.30752 3 0
