5.46511 12 0
0.724284 11 0
0.57988 12 0
0.29167 14 0
0.437816 6 0
1.73843 4 0
0.462137 10 0
8.7374 4 0
1.75392 4 0
2.53368 3 0
8.03531 4 0
3.35909 13 0
5.00182 12 0
0.853571 6 0
0.566504 3 0
1.55166 5 0
0.56582 2 0
5.02981 3 0
0.215058 10 0
0.397179 8 0
0.224704 4 0
0.101727 5 0
0.863498 3 0
0.854035 4 0
1.00543 8 0
0.386424 8 0
0.718429 11 0
0.371122 12 0
0.031242 4 0
0.00252039 4 0
0.115421 13 0
0.0838639 5 0
0.0790768 14 0
0.0651298 7 0
0.0859718 9 0
0.13326 14 0
0.368591 11 3
0.0408235 8 6
0.0925066 10 0
0.213959 9 0
0.792057 14 9
0.199069 13 0
0.107824 5 0
0.305031 11 11
0.606565 7 9
0.185841 7 6
0.187363 11 4
0.0167229 4 0
0.0747843 4 0
0.13257 12 1
0.406384 11 0
0.332641 13 7
0.713085 12 6
0.326618 6 6
0.507458 10 6
