1.76877 13 0
3.24415 11 0
1.36166 10 0
2.85362 10 0
1.7893 10 0
1.04307 9 0
0.426359 9 0
0.173229 11 0
0.342037 4 0
0.124101 1 0
0.419625 4 0
0.7776 8 0
0.842316 6 0
1.69529 4 0
1.15755 7 0
1.55777 13 0
0.432672 13 0
0.569732 7 0
1.12238 7 0
0.637403 12 0
0.648603 5 0
0.150177 13 0
0.187132 10 0
0.0522018 7 0
1.49912 7 0
1.28577 7 0
0.660331 7 7
0.51763 6 5
0.0445995 6 11
1.13939 4 0
0.605642 4 0
0.441154 5 0
0.314303 5 0
0.289149 13 0
0.302996 13 0
0.0107697 12 0
0.438656 12 0
1.12304 10 0
0.417985 11 0
0.0903302 13 0
0.395114 11 0
0.850389 2 4
0.392763 5 5
0.726864 10 0
0.203409 14 1
0.428932 13 5
0.239222 8 6
0.545719 5 0
1.89274 5 0
5.13794 7 0
9.96969 7 0
0.179952 11 0
0.490542 11 0
0.454146 13 0
0.165906 4 0
0.695201 3 4
0.747261 4 5
0.369301 8 0
0.445235 10 0
