3.02898 4 0
0.534199 5 0
8.42039 4 0
1.75202 4 0
4.82489 4 0
3.10935 4 0
0.991944 4 0
0.550025 6 0
0.651821 3 0
1.60596 13 0
1.29944 13 0
7.38097 12 0
0.805375 12 0
1.60262 4 0
0.552265 7 0
0.236705 5 0
1.52585 12 0
0.759182 11 0
1.32604 11 0
0.392815 11 0
0.215219 14 0
0.275619 5 0
0.155049 1 0
0.826488 1 0
0.515224 3 0
1.74045 4 0
0.908503 3 0
0.592266 5 0
0.0171983 7 0
0.294874 8 0
1.46861 13 7
1.23112 13 8
0.316919 14 0
0.329914 10 0
0.51242 7 1
0.419814 5 0
0.722595 8 0
1.88377 4 0
0.742664 5 0
1.72267 5 0
0.417153 7 0
