4.4363 7 0
0.562316 7 0
1.58053 12 0
2.04023 8 0
9.98705 8 0
3.24528 7 0
13.0652 8 0
1.79251 7 0
3.75187 9 0
0.0933411 8 0
1.49607 6 0
2.47359 5 0
0.244649 9 3
0.0742373 4 7
0.0467752 2 0
0.0468204 14 0
0.0225505 14 0
0.325548 12 0
1.22702 9 0
0.440982 8 5
1.7464 3 0
0.270411 6 0
0.617445 7 0
0.701115 7 0
1.36042 7 0
0.296215 6 0
0.171843 10 0
0.638235 9 0
2.19747 9 0
0.150794 9 0
0.312265 8 0
0.128915 6 0
0.120396 10 9
0.847355 2 2
0.13618 5 6
0.503061 5 5
0.484808 12 7
0.60282 14 6
2.27739 3 5
1.97317 3 5
0.10234 5 0
0.57023 5 0
0.731965 5 3
0.0570315 3 6
0.55293 4 3
0.0669699 5 7
2.00409 7 1
0.505536 6 4
0.190725 6 1
0.545656 8 0
0.372649 1 8
0.311697 4 8
0.00839799 10 0
0.0442765 10 0
0.20883 7 4
0.105047 13 7
2.14374 11 3
0.468186 10 7
0.34837 8 4
0.718553 11 2
0.337172 1 0
0.984753 1 1
0.43746 4 1
0.271156 3 0
0.325304 9 0
0.512425 9 0
1.11611 11 0
1.93396 7 0
2.47744 8 0
0.680894 6 0
0.768517 5 0
0.120319 10 0
0.274957 13 0
0.130586 5 5
0.103485 13 8
0.432479 14 0
0.552319 8 0
0.34068 8 5
0.334855 8 6
