0.307996 3 0
0.238877 3 0
0.192663 11 0
0.294436 12 0
2.62191 14 0
1.15314 14 0
3.28893 2 0
0.706544 2 0
0.201143 13 0
0.595449 4 0
0.203142 6 0
0.290459 13 0
9.40771 14 0
0.525935 1 0
0.119965 1 0
1.98363 10 4
0.387605 10 8
0.130782 12 0
0.149405 12 0
3.11773 11 0
1.18835 8 0
0.128526 9 0
0.183775 9 0
0.172086 2 0
0.0199118 4 0
0.117848 6 0
0.23685 4 0
0.232066 13 7
0.47752 14 3
0.348004 13 0
0.087226 9 0
2.03115 1 4
0.227495 3 9
0.391724 6 3
0.461338 4 4
0.378887 10 3
0.151655 5 4
0.72995 6 7
0.109973 11 10
0.494767 3 8
0.126101 7 8
0.550192 13 9
0.671687 10 9
0.212425 9 7
0.201575 5 6
0.0905026 9 0
0.214095 4 0
0.113864 12 0
0.14185 8 0
0.743511 5 6
0.272969 5 10
