0.656446 3 0
0.234751 4 0
1.45908 3 0
0.520174 3 0
0.560776 5 0
0.435224 8 0
1.48598 12 0
6.88628 12 0
4.10471 12 0
14.4111 3 0
1.96486 3 0
1.33512 3 0
0.189722 6 0
0.400953 7 0
0.0295232 9 0
0.462055 4 0
3.58988 3 0
0.165423 3 0
0.27658 2 0
4.01306 12 0
1.70688 12 0
0.184756 8 0
0.152459 8 0
0.171209 1 5
0.60889 7 0
0.578423 7 0
0.27638 9 7
0.12979 14 10
0.358492 12 0
0.120957 10 0
1.96789 12 8
0.335186 14 12
0.277031 3 10
0.617808 2 9
0.169361 9 8
0.150907 13 4
0.0596572 6 0
0.0840234 6 0
0.261408 12 5
0.202281 12 3
