2.72651 10 0
1.55292 10 0
2.44943 7 0
0.562709 8 0
1.66335 8 0
0.637849 6 0
3.55735 2 0
1.02438 2 0
1.8301 2 0
3.58402 2 0
0.466214 2 0
0.676594 9 0
0.41655 1 0
0.471276 1 0
1.28115 3 0
0.16905 7 0
7.72445 10 1
0.341787 1 0
0.137949 5 0
0.06792 3 0
0.263277 1 0
0.237991 11 0
0.0164286 11 0
0.289094 7 0
0.338003 7 0
0.426009 6 8
1.63692 1 6
0.0946009 8 7
0.0631081 10 0
0.203026 8 0
0.417691 1 7
2.28967 1 3
0.648166 12 8
0.12492 7 12
0.209074 2 9
0.162304 10 7
0.064501 9 8
0.417954 2 3
1.417 7 2
0.0840658 9 6
0.255552 3 3
1.31006 1 1
0.800603 1 9
0.225617 3 10
0.0910148 13 7
0.674072 13 6
0.0622316 14 0
0.223589 14 0
0.790056 11 10
2.23846 10 8
