2.81561 1 0
0.234166 8 0
0.237509 7 0
0.516221 11 0
0.769029 13 7
0.202218 13 11
1.01779 4 0
2.30423 9 1
0.125566 8 0
0.0811115 14 0
0.0539711 4 0
0.371306 6 0
0.0804775 2 9
0.978586 1 5
0.101634 7 5
0.22006 10 2
0.065894 6 10
0.45445 7 8
0.197425 6 11
0.682045 2 8
0.480309 3 10
1.00398 11 6
0.659577 11 7
0.277568 8 5
0.187396 2 6
0.632284 6 1
0.174595 7 4
0.155606 9 2
0.122905 7 6
0.105105 6 1
0.0112054 11 6
0.416081 3 0
0.69479 3 0
0.938296 11 0
0.436491 3 8
0.100562 9 11
0.329881 1 0
0.13394 4 0
0.478495 5 0
0.784572 3 0
0.237922 12 9
1.41177 9 5
0.679134 8 3
