34.3026 3 0
0.628182 5 3
0.129333 4 6
0.491669 1 0
0.0633211 9 0
0.18828 11 0
2.1827 4 0
1.34636 4 0
0.109926 12 0
0.30405 7 0
0.0560846 5 0
0.0843807 8 0
0.836127 8 4
0.214401 6 8
2.66347 5 0
0.8579 6 1
3.07577 4 0
0.558401 10 0
0.35676 7 0
0.227415 6 2
0.570552 9 8
0.00710541 6 10
1.37867 2 5
0.288594 3 9
1.86446 1 7
0.314036 3 0
0.0404523 4 0
0.393416 8 4
0.517614 10 4
0.322197 4 9
0.956607 7 7
0.213566 12 10
0.635003 11 8
0.933927 4 1
0.235997 7 2
0.115929 11 3
0.0992181 11 1
3.26315 1 0
2.14456 1 0
1.56773 13 0
3.23689 11 6
0.392967 12 10
0.368214 6 8
0.296227 11 8
0.299083 2 9
0.209124 10 9
0.0224057 2 11
0.0898589 2 11
0.627222 12 0
1.42546 3 6
0.694889 2 8
1.19012 12 0
0.278409 8 0
