28.0103 4 0
0.649118 4 0
0.12534 1 0
1.43668 7 0
0.934339 12 0
3.48729 11 0
1.23542 12 0
4.44718 11 0
5.0919 11 0
0.904792 3 0
0.282272 5 0
0.927162 10 0
4.97022 11 0
1.19083 13 0
9.62793 11 0
1.84308 0 4
0.614245 5 0
0.402677 5 0
0.763774 8 0
0.122318 4 7
0.283888 10 8
0.932123 13 5
0.89434 11 4
2.25547 10 2
0.0437853 8 8
0.256375 10 3
1.65032 4 9
0.7947 3 11
0.529803 3 8
0.341743 5 7
0.0154768 14 0
0.108758 12 0
0.248905 4 3
0.13916 14 6
0.199659 5 4
0.0679154 8 9
0.396341 8 1
0.0768942 13 5
0.205599 7 6
0.200605 7 7
0.914174 5 10
0.74372 7 10
0.242555 5 1
0.473317 5 0
0.336365 3 0
0.3408 7 0
0.21279 6 0
0.203465 8 0
0.508632 12 0
0.0894332 14 3
0.893874 0 1
0.103318 4 3
0.0362471 7 2
0.0802824 8 3
