10.1618 14 0
3.75387 14 0
2.59153 14 0
4.52142 13 0
0.1871 6 0
0.218729 4 0
1.08587 6 0
17.8064 14 0
8.44303 14 0
7.35754 14 0
2.33829 13 0
1.17561 9 0
0.59442 12 0
0.501523 5 0
3.43956 5 0
4.16076 6 0
5.90931 6 0
0.677179 14 0
0.366108 14 0
0.846883 8 0
0.781346 9 0
0.15606 14 0
0.346874 8 0
0.08408 11 9
0.606775 1 8
0.782603 8 0
1.49669 7 0
1.49218 5 0
2.4467 7 0
0.676754 4 2
0.774265 3 2
0.253964 10 8
1.52894 8 4
0.331115 11 0
0.321426 10 0
0.0630426 12 0
0.283899 14 0
0.118082 12 0
0.0360902 12 0
0.0924469 10 3
0.0930414 8 8
0.0894134 4 9
0.764037 4 6
0.574207 5 0
0.228924 8 5
0.305452 6 4
0.160184 9 2
0.103902 9 2
1.63313 4 0
0.942815 5 0
