3.88204 1 0
0.378294 2 0
4.82385 10 0
1.79466 12 0
0.13416 4 0
0.897451 2 0
0.32029 1 0
0.910559 3 0
0.323638 3 0
0.315565 10 0
3.24045 11 0
0.457905 12 0
0.108694 13 0
0.2453 9 0
0.272084 5 0
0.445794 7 0
0.0228167 5 0
0.280603 4 0
0.201165 6 0
0.864311 8 2
0.122778 12 4
0.448149 12 4
0.946341 6 0
0.728054 6 0
0.249749 8 6
0.454481 8 6
0.0846048 2 6
0.503728 3 2
0.188483 7 6
0.140027 1 10
0.192599 9 7
0.284409 0 6
0.598101 4 6
0.208181 4 6
0.0689143 2 0
0.0255388 2 0
1.7491 13 3
0.18515 13 8
0.479353 3 8
0.371316 0 8
1.10851 3 8
7.1151 3 4
0.153232 14 9
0.0395637 6 7
0.13933 3 7
0.293618 3 6
0.323015 7 0
0.139092 7 0
0.558995 7 0
0.809889 6 0
