11.1715 8 1
0.568913 7 2
0.673868 8 1
0.503507 10 0
0.135763 2 8
0.175955 2 10
0.513858 12 0
0.426245 12 0
0.0517369 14 0
0.108454 7 11
0.0906562 1 0
0.298376 13 0
0.197094 12 3
0.415282 12 0
0.32823 13 0
0.568998 11 0
0.547798 12 0
0.0689233 14 0
0.10218 8 0
0.158994 1 7
1.11261 2 3
0.159091 4 4
0.0360725 8 7
1.02176 3 5
0.213153 5 9
0.17819 3 3
0.167645 11 6
0.887944 3 6
0.475609 6 7
0.603917 2 6
0.250426 1 8
0.0400488 13 2
0.790732 11 0
0.164049 12 9
0.476071 10 8
0.423215 13 3
0.0701273 6 6
0.239948 2 6
0.0681161 9 11
1.07961 10 0
0.973887 10 0
0.374882 14 0
0.255077 14 0
1.8189 4 1
0.587061 4 5
