9.25402 9 0
0.481557 11 0
0.545665 13 0
0.390022 11 0
0.145568 10 0
0.183741 12 7
0.31394 9 7
0.048203 6 0
0.129416 7 0
0.185146 5 0
0.0283374 5 0
0.314161 10 0
0.168934 14 0
0.165231 2 0
0.176881 5 0
0.266463 8 2
0.217768 12 2
0.305239 14 10
0.280278 8 10
0.169385 8 1
0.819903 4 0
0.140346 5 3
0.986808 6 1
0.676711 4 7
0.252186 7 9
0.260598 4 3
1.0508 7 1
0.077895 2 10
0.219653 2 8
0.544354 4 6
1.11067 5 4
1.25253 12 6
0.152113 12 9
0.455923 3 5
0.0161221 10 6
0.325134 8 3
0.141636 10 4
1.99571 13 6
2.11243 13 6
0.0795179 10 5
0.127006 14 8
0.443633 7 6
0.263006 10 6
2.44104 10 2
0.220039 11 7
