17.7851 1 0
0.452581 5 0
0.795813 6 0
0.416411 14 2
0.111166 10 5
0.151013 11 0
0.429035 10 0
0.10474 7 0
0.123393 8 0
0.268107 13 8
0.997965 2 4
0.66625 6 7
0.308965 2 8
0.163308 7 0
0.00706155 7 0
0.2085 4 3
0.637913 5 2
0.451527 11 5
0.183154 10 4
0.0745707 10 2
0.461241 4 2
0.343731 12 5
0.127026 3 6
0.319462 12 4
0.281826 6 4
0.487507 13 1
0.105893 11 4
1.06985 6 1
0.0307829 10 1
0.0474725 9 1
0.824279 13 0
0.218598 4 7
0.210213 5 3
0.914054 6 0
0.119022 9 1
1.83359 11 1
0.25852 14 2
2.61175 11 0
0.778565 10 8
1.20438 12 7
