6.75818 2 0
0.655812 2 0
0.252128 11 0
0.262588 12 0
0.526818 3 0
0.449977 4 0
1.68626 2 0
0.747007 10 0
6.47163 9 0
1.78661 9 0
1.84119 8 0
0.313594 4 0
0.0796929 13 0
0.0474658 6 0
0.0322734 6 0
0.523366 10 0
0.0578236 12 0
0.082687 8 0
0.205016 3 0
1.69887 5 0
0.545897 10 0
0.169056 11 0
0.123549 12 0
0.258825 13 0
0.100695 14 0
0.271359 3 0
0.139768 13 0
0.401969 13 4
0.453558 11 3
0.12202 13 9
0.40605 7 8
1.07661 9 3
0.353277 9 5
0.406769 12 4
0.0811849 8 6
0.497312 8 3
0.108922 12 5
0.520587 1 8
0.418635 1 8
0.0914944 10 0
23.8625 9 0
23.2585 9 0
0.253099 13 4
0.621084 10 2
0.231458 7 11
0.630397 11 8
0.261647 14 8
1.03795 12 4
