4.41867 6 0
4.5976 5 0
0.862716 5 0
0.641063 4 0
0.228058 3 0
0.617121 12 0
0.515854 2 0
0.0664227 4 0
0.100289 7 0
0.0719888 5 0
0.140628 12 4
2.60014 5 1
0.57715 5 4
0.0446739 12 3
0.0633492 4 0
0.0924534 6 0
0.295178 3 0
0.0414231 9 0
0.226597 8 0
0.205791 11 7
0.166408 6 8
0.209473 8 9
0.202804 14 7
0.450898 11 8
0.148484 12 9
0.244329 3 6
0.167594 4 9
0.263697 8 3
0.561745 7 3
0.260308 13 6
0.298706 7 7
0.33789 10 5
0.252207 6 4
0.827844 3 6
0.595959 3 7
0.271497 2 6
0.125786 9 7
0.213581 6 0
2.15812 13 0
1.62503 12 0
0.137308 7 0
0.803626 9 0
0.962759 5 4
0.0273537 7 8
0.00843083 8 0
0.00309915 14 0
