1.17634 9 0
2.97138 8 0
3.10016 4 0
7.61327 3 0
0.979737 6 0
0.216486 12 0
0.454006 12 0
5.66061 8 0
7.501 8 0
1.38948 10 0
0.0692504 9 0
0.334619 9 0
4.84585 8 0
0.910063 5 0
0.155601 6 0
0.350082 10 0
0.459046 8 0
0.606302 5 0
0.748972 5 0
0.260249 13 0
0.398503 11 0
0.267428 10 0
0.432696 12 0
0.19035 14 6
0.860897 7 7
0.0500974 4 12
0.447039 7 8
2.76804 6 4
0.639773 5 6
0.0401697 3 11
0.209946 5 7
0.288519 11 5
0.598338 8 1
0.184809 10 6
0.366069 3 4
6.66069 8 0
5.41511 8 0
0.159279 3 0
0.0675237 5 0
0.148945 5 0
0.411154 5 0
0.00303979 7 0
0.00524923 5 0
1.8273 12 9
0.493673 13 10
0.312138 11 0
