3.53034 12 0
2.54274 12 0
2.33437 13 0
1.98779 11 0
1.86799 13 0
1.1171 8 0
3.90058 8 0
0.460645 5 0
3.59463 6 0
2.70395 12 0
1.17763 14 0
0.600008 14 0
0.696935 13 0
1.86612 13 0
2.27879 7 0
0.730603 9 0
0.293179 10 1
0.837996 12 0
0.920815 13 0
0.781799 6 0
0.398726 8 0
0.83652 1 0
0.434273 2 0
0.366949 9 0
0.267219 8 0
0.322523 8 7
0.140661 11 7
0.354598 4 6
0.411382 7 6
0.370405 6 7
0.199317 13 8
0.178409 10 5
0.987583 8 2
0.0279973 4 0
0.454675 4 0
1.00231 12 3
0.407437 13 4
3.2755 6 1
4.13841 5 0
0.975217 6 1
