37.1777 7 0
0.375127 13 0
0.503015 13 0
0.281351 7 0
1.42581 9 5
0.28333 10 10
0.287101 4 0
0.211801 6 0
0.0785648 9 0
0.0892299 7 0
0.143698 4 6
0.0924924 12 10
0.926369 5 0
0.387495 6 0
0.0863002 9 2
0.596032 3 0
1.12213 2 0
0.401082 2 0
0.283037 2 0
0.243047 12 0
0.0814908 10 0
1.2683 7 6
0.285463 7 9
0.619797 2 4
0.0884872 5 9
0.143778 5 8
0.33301 5 6
0.163208 5 7
0.429583 8 3
0.319222 1 4
0.180513 8 6
0.134157 2 10
0.100245 6 6
1.68879 6 0
0.330687 9 0
0.0038091 10 0
0.0406141 14 0
0.00239888 14 0
0.0342006 8 0
0.105708 9 0
0.627927 8 1
0.148619 5 1
2.21863 6 0
