0.262166 2 0
0.825322 4 0
1.92754 4 0
1.56043 2 0
0.756172 13 0
2.02631 12 0
1.52082 14 0
0.389804 7 0
0.244004 7 0
0.399535 8 0
0.353643 3 0
0.955389 1 0
0.766738 6 0
7.88088 3 0
1.64937 3 0
3.03928 3 0
0.733879 2 0
3.34315 12 0
1.0795 14 0
1.62351 13 0
0.125519 13 0
0.658402 10 0
0.290439 2 0
0.120501 6 0
2.65908 10 2
0.106952 13 0
0.120174 7 0
0.311971 9 0
0.512958 8 0
0.262709 5 0
0.178375 6 0
1.87317 6 6
0.309782 4 10
0.201965 13 8
0.492039 12 8
0.139898 7 4
0.161636 6 3
2.01373 7 2
0.937157 6 3
0.469852 13 7
0.291762 8 8
0.297192 9 0
0.151505 12 0
1.4021 12 2
3.28037 11 1
