1.71244 2 0
2.63952 3 0
0.25606 3 0
0.130649 4 0
0.802541 6 0
0.658146 12 0
0.472438 8 0
0.944543 13 0
5.11316 12 0
0.286196 11 0
3.32727 13 0
0.815772 14 0
0.36619 3 0
1.56546 3 0
0.331305 3 0
0.231901 8 0
3.4467 12 0
1.32117 13 0
1.05238 6 0
3.00929 3 0
1.63218 13 5
0.532253 13 7
0.476836 6 0
0.507572 6 0
0.216771 13 0
0.134314 9 0
0.0584118 8 0
0.412259 8 0
0.22456 9 0
0.291327 8 0
0.677658 1 4
1.02026 1 3
1.07738 10 2
0.126098 10 4
1.65961 12 1
0.584899 11 2
0.650994 5 4
1.22753 6 4
0.386748 7 4
0.240536 1 6
0.167528 11 0
0.201179 13 0
0.0701659 0 0
0.00757874 1 0
0.0452935 5 0
0.00627856 4 0
1.89899 3 3
0.282814 7 0
0.323502 7 0
0.259867 12 3
0.0591383 6 6
