0.742216 12 0
1.63095 13 0
0.308759 13 0
0.95405 11 0
0.227446 7 0
3.51829 5 0
1.47072 1 0
0.717887 4 0
2.06279 2 0
4.64354 3 0
0.711567 2 0
1.07188 7 0
0.342925 10 0
0.287709 10 0
0.302749 10 0
0.517764 2 0
0.990029 3 0
1.11423 2 0
0.226102 7 0
3.21912 2 0
0.352727 4 0
0.321919 4 0
2.06041 7 0
2.21703 8 0
2.18213 8 0
0.220951 8 0
0.971857 9 0
0.965028 2 0
1.78253 2 0
0.589389 13 7
0.250407 13 0
0.271188 12 0
2.00337 2 2
0.238017 2 6
0.147232 12 0
0.036232 8 0
0.578105 4 0
0.35176 4 0
0.385529 2 7
0.19051 0 10
0.192242 5 3
0.52292 7 1
0.0838261 3 11
0.112155 5 6
0.463749 10 2
0.471357 11 1
0.0367111 7 0
0.224209 6 0
0.182427 10 4
0.38026 4 4
0.635075 11 6
1.51084 9 4
0.0718252 12 0
0.177345 12 0
