12.9623 11 0
2.63476 9 0
0.831185 1 0
0.652849 2 0
4.37186 2 0
0.57994 1 0
0.770407 4 0
2.97062 5 0
1.84322 4 0
14.498 10 0
0.196038 14 0
0.387119 8 0
0.14259 12 0
0.644031 2 0
1.80199 3 0
1.85644 3 0
3.33997 4 0
4.62357 5 0
0.313582 4 0
1.03801 0 0
1.66223 1 0
0.112502 3 7
0.124547 8 6
0.149774 14 7
0.929415 1 0
0.688856 2 0
0.834008 6 0
1.75452 5 0
0.0580899 8 0
0.155286 4 0
0.14124 11 10
1.473 3 0
0.195618 3 0
0.575326 3 3
0.0519268 9 7
0.717357 6 0
0.045744 6 0
0.609083 13 2
0.0578838 8 5
1.45506 7 6
0.276643 9 9
0.957244 11 5
0.873504 10 4
0.916442 2 7
0.194 2 11
1.07632 4 3
0.352036 2 5
0.287623 3 0
0.0640286 4 0
