0.214888 5 0
0.377063 7 0
3.1134 6 0
1.26478 11 0
0.828114 4 0
0.321957 9 0
0.317872 7 0
8.52613 5 0
0.613585 8 0
0.112655 7 0
0.765645 9 1
1.83339 6 0
2.46488 6 0
1.95374 5 1
0.624807 5 3
0.0832532 11 0
0.14266 4 0
0.563727 13 4
0.140951 12 7
0.3637 10 4
0.325198 14 6
0.312109 4 0
0.0456763 4 2
0.0810032 14 7
0.554336 6 3
0.131136 7 7
0.511283 3 3
0.0780202 8 7
1.01711 9 2
0.504109 13 4
0.245153 10 5
0.214643 9 8
0.200646 3 9
0.02309 3 10
0.318056 11 3
0.31998 9 4
0.269442 13 4
0.186908 10 6
0.422479 14 6
0.652229 5 4
1.09374 5 3
0.212534 4 0
0.120025 3 0
1.06185 7 0
0.748372 7 0
