0.998902 4 0
0.693866 11 0
0.398732 5 0
3.8714 8 0
5.00068 8 0
1.55275 6 0
0.263026 8 0
2.08707 5 0
0.639674 5 0
1.40669 5 0
0.59317 11 0
1.92615 7 0
6.1818 8 0
2.38045 8 0
0.0904389 5 0
0.228739 6 0
0.315102 6 0
0.0964641 6 0
0.224315 10 0
0.192508 7 0
0.26441 12 0
0.521987 8 0
0.734124 6 0
0.196591 3 9
0.0473714 14 0
0.025132 9 0
2.92494 10 2
0.280307 9 6
0.437919 5 9
0.424916 9 9
0.310056 2 5
0.188892 6 6
0.176082 9 7
0.739604 8 3
0.407965 11 2
0.085832 4 4
9.4119 6 0
0.119413 14 0
0.165162 4 0
0.305794 14 0
0.451956 13 0
0.532159 10 3
0.13301 6 6
0.0378402 10 0
0.0532975 10 0
0.633709 11 0
0.498458 9 0
