0.394595 7 0
3.55087 4 0
5.03281 3 0
6.13726 11 0
0.741995 11 0
0.710299 3 0
2.85076 12 0
5.28038 11 0
0.927168 13 0
2.13229 13 0
0.604564 12 0
0.289988 6 0
0.181886 2 0
0.359378 8 1
0.42018 14 0
0.334173 7 1
0.911046 7 0
0.0543859 12 0
0.542065 14 0
0.309724 12 0
0.52887 9 0
0.235955 13 0
1.56226 9 2
0.0761404 9 7
0.393326 7 5
0.110846 10 8
0.116484 8 8
0.495612 13 0
0.126507 5 1
0.192676 7 0
0.370467 8 0
0.114481 13 0
0.113451 3 0
1.00364 3 4
0.354709 7 0
0.0875752 4 0
0.132177 13 0
0.0860235 13 0
0.0250029 6 0
0.321051 9 5
0.259559 13 3
0.475462 13 4
0.149935 11 10
0.738444 13 7
0.562725 13 5
0.391417 13 7
0.142699 11 7
0.283008 7 3
0.301204 7 4
0.122288 6 8
0.3622 12 1
1.71451 12 1
3.41044 3 0
0.408044 12 0
0.254929 13 0
0.759739 6 0
0.172367 2 0
0.24909 13 4
0.693164 13 1
2.88448 3 0
1.48879 2 0
