0.228884 12 0
0.0967673 3 0
3.91356 5 0
7.53306 4 0
0.760267 11 0
0.944875 5 0
0.542522 4 0
0.122418 5 0
1.8646 5 0
0.71772 6 0
1.39884 6 0
0.835083 5 0
0.385003 5 0
2.78211 5 0
0.561961 4 0
1.82502 4 0
1.76557 4 0
1.35537 5 3
0.310322 6 6
0.558249 5 3
3.20918 14 0
2.48082 12 0
0.957446 11 0
0.491886 12 0
1.56076 12 0
0.5868 14 0
0.414645 11 0
2.13002 4 0
1.95143 4 0
0.108174 5 8
0.515163 9 0
0.345803 7 0
0.426286 4 0
0.498506 3 0
0.0190085 14 4
0.133131 9 1
0.191419 6 2
0.484446 8 0
0.217458 3 0
2.6106 13 0
2.52132 5 5
0.683071 5 8
0.218703 11 4
0.114937 10 10
1.36865 7 0
0.0758863 6 1
1.52076 14 0
3.18582 13 0
