2.681 13 0
1.13243 5 0
0.725675 4 0
1.38994 4 0
3.1097 4 0
2.66466 13 0
0.199827 13 0
0.679487 10 0
0.275255 5 0
0.101984 11 0
0.375626 3 0
1.99071 4 0
1.43176 4 0
1.79462 4 0
0.108138 3 0
0.0972081 6 0
0.386817 4 0
0.31996 5 0
0.661606 9 0
0.421103 9 0
0.306614 8 0
0.0720866 6 0
2.31604 13 0
2.68827 14 0
1.5278 4 0
0.584425 4 0
0.202657 12 6
0.539662 14 9
0.985222 11 3
1.32237 2 6
0.509511 1 8
1.25189 4 4
0.359773 9 7
0.447864 14 7
1.1329 13 2
0.362561 14 4
0.0770592 10 5
0.512216 10 2
0.0766379 12 0
0.0837663 12 0
0.191633 9 10
0.567176 3 8
0.308822 11 1
0.0687284 10 3
0.322889 2 7
0.790061 1 6
1.349 2 7
0.777092 3 7
0.155145 10 6
1.27288 13 2
0.255839 9 10
0.24666 11 10
0.412115 6 1
0.140515 13 3
