3.0421 7 0
2.27718 7 0
1.72657 6 0
4.12045 8 0
1.42931 9 0
6.97101 8 0
4.91931 8 0
0.270091 8 0
0.408857 13 0
0.072556 9 0
0.163954 2 0
0.384782 2 0
1.74538 6 0
0.297488 6 0
0.189322 12 0
0.396558 10 0
0.927493 8 0
0.420497 7 0
0.274466 8 0
0.148967 7 0
1.17814 13 1
0.440189 14 3
1.78586 14 6
0.628983 13 9
1.09938 1 5
0.203578 3 9
0.0610066 9 9
0.835762 6 4
0.480041 8 0
0.0503952 8 0
0.122904 13 5
1.17626 14 1
0.734166 5 7
0.0413133 4 10
0.0150341 8 3
0.238813 6 5
0.943347 7 5
0.457378 7 5
0.219201 5 3
0.0786123 10 7
0.422637 13 0
0.216952 14 0
