1.43825 8 0
0.282648 9 0
1.43528 5 0
3.08756 2 0
5.32604 1 0
8.74074 8 0
3.9924 8 0
3.34152 8 0
2.22381 7 0
1.52812 6 0
0.874687 7 0
1.07146 7 0
0.100931 1 0
0.535115 1 0
8.78847 1 0
0.290317 7 0
0.321237 4 0
0.0034246 6 0
0.109266 8 0
1.08883 3 1
0.109521 5 4
0.0172728 6 0
2.08944 1 0
1.37862 1 0
0.328319 13 2
0.408941 10 2
0.613529 8 0
0.0778269 5 0
0.131877 5 0
0.363275 4 1
0.039375 12 0
0.122322 3 0
0.187419 4 0
0.10507 5 0
0.720761 3 0
0.209574 3 1
0.78836 3 1
0.0725955 3 1
0.254798 2 1
0.648115 3 5
