136.68 3 0
3.71028 8 0
0.702098 9 0
1.30345 9 0
9.49009 9 0
10.9063 9 0
0.301255 10 0
1.67847 11 0
1.32158 13 0
0.347338 12 0
14.6337 12 0
1.56209 8 0
1.84963 8 0
2.90382 10 0
0.815739 14 0
1.11007 12 0
1.20674 11 0
12.974 9 0
4.50322 9 0
0.147435 10 0
0.273956 12 0
0.00564506 6 0
0.0181578 6 0
0.0599682 4 0
0.243631 3 0
0.3174 11 0
0.0976347 4 0
0.035765 3 0
0.215107 4 0
0.272991 6 0
0.0808483 9 0
0.0429067 13 0
0.0517192 13 0
0.0693906 13 11
0.84552 13 6
13.9726 14 4
4.00317 14 7
0.149129 14 3
0.0619051 11 3
0.286288 3 5
0.180032 9 6
0.0846077 14 5
0.511879 9 4
1.61474 9 0
28.2898 9 2
7.88598 9 2
4.70446 2 5
1.03523 2 8
0.534634 11 1
0.170673 12 0
3.33784 9 0
3.71081 9 0
0.176789 10 0
0.597682 8 0
1.60752 7 0
1.08127 9 0
2.67585 7 0
10.3294 9 0
2.07766 1 1
7.52453 1 0
0.281337 2 1
0.0332461 13 0
0.457956 12 0
0.135156 11 0
0.903154 13 0
1.14252 10 0
1.78178 1 1
2.03467 2 1
3.73472 1 0
0.446436 12 1
0.335766 5 1
0.947617 9 0
0.205948 0 2
0.176152 0 3
0.251002 4 1
0.386824 12 0
0.0368298 14 1
1.30572 9 0
0.870957 2 9
2.14484 1 7
