6.52098 9 0
2.79819 9 0
1.49349 11 0
0.272253 1 0
1.4229 12 0
1.66128 14 0
1.26668 13 0
0.72195 12 0
15.4759 9 0
31.3242 9 0
6.37046 12 0
0.931594 10 0
1.51676 9 0
0.697954 9 0
0.711368 10 0
0.32807 1 0
0.04893 6 0
0.263824 5 0
0.0699315 11 0
0.354096 13 0
2.24855 9 0
0.374592 9 0
0.101293 3 8
0.37448 10 8
0.237706 14 7
0.360731 12 9
0.694441 11 6
0.449421 12 5
0.0564406 8 0
0.432622 9 0
0.506614 1 0
3.26261 1 0
0.555932 8 1
0.113064 9 0
0.0172589 9 0
0.0785137 9 0
0.154315 9 0
1.32911 4 0
1.75083 9 0
0.19322 8 3
2.45974 9 0
1.63658 9 0
0.332759 10 2
2.32563 10 1
4.20382 4 1
21.3901 4 0
3.00176 4 2
6.29117 4 2
1.46049 8 1
3.53033 10 1
1.30173 9 1
0.900069 9 2
