37.8342 2 0
0.354237 8 0
12.6432 2 0
23.4089 1 0
0.401221 9 0
0.388301 14 0
0.231095 1 0
0.366257 6 0
0.206285 6 0
0.809121 1 0
0.417666 2 0
9.79196 1 0
6.94057 2 0
0.361422 7 0
0.580409 13 0
0.451622 12 0
0.115838 11 0
0.572408 5 0
0.156302 8 0
0.427476 5 0
1.00411 4 0
0.36823 14 0
0.673266 13 0
0.312326 9 3
0.0857665 12 5
0.0443137 14 0
0.256573 7 0
0.157306 9 5
0.160534 3 10
0.656293 4 0
0.414714 5 0
0.163248 7 0
0.159107 8 0
0.599058 9 6
0.185676 6 10
0.179918 5 0
0.632155 5 0
0.21128 7 0
0.0705207 10 0
1.04334 10 2
0.342234 9 4
1.07847 11 0
1.23374 8 0
0.225984 7 0
0.161106 4 0
0.0821323 7 0
0.204977 7 0
0.0640917 8 1
0.940217 4 0
0.37797 3 6
0.0961052 11 9
4.21574 1 4
0.526808 2 9
1.45134 3 6
0.339697 4 8
0.0637404 12 8
0.516223 2 6
0.114027 5 0
0.050642 5 0
0.509838 3 0
0.128027 9 4
1.13486 6 1
1.46078 14 1
3.19501 10 0
1.08822 11 1
2.74531 10 0
0.11198 7 1
0.131776 10 0
0.185962 13 0
0.237427 12 3
0.0698522 4 5
11.4174 7 0
1.14088 14 2
5.18069 13 0
7.99575 13 0
0.745132 4 0
