4.82584 1 0
0.648578 1 0
0.999958 2 0
1.09658 1 0
3.09512 2 0
2.37536 2 0
0.977087 1 0
1.58877 1 0
0.282996 2 0
2.44032 3 0
28.6039 8 0
6.49384 8 0
0.303059 9 0
1.24113 2 0
5.82519 5 0
5.00044 4 0
2.57724 1 0
1.5749 2 0
1.65051 0 0
1.60821 4 0
0.834487 6 0
4.40263 5 0
20.39 5 0
1.32054 8 0
10.3284 8 0
6.03738 8 0
13.1731 8 0
0.985412 8 0
0.346995 10 0
0.605916 5 0
13.8625 10 0
2.6441 1 1
1.37161 1 0
0.937159 3 0
0.647877 9 0
0.146408 4 0
0.523519 8 0
0.128732 9 0
0.561559 2 0
0.776383 5 0
3.21793 4 0
4.30355 4 0
3.10215 4 0
0.689186 4 0
0.719471 7 0
0.496445 6 0
0.298249 7 0
0.518079 5 0
0.496568 8 0
0.379828 8 0
2.86381 6 1
2.03052 0 2
0.556737 0 5
2.33884 11 1
0.76984 11 2
0.0785509 5 9
0.593111 12 7
9.45599 3 0
1.92648 3 0
2.12007 4 1
1.85979 2 0
0.457952 5 0
0.560788 1 0
0.0636888 3 0
0.0047113 0 0
0.00892021 1 0
0.0215867 5 0
3.0789 7 0
1.18343 5 6
0.0608829 5 5
0.576894 4 3
0.120283 2 6
30.9689 7 0
9.48438 6 1
3.66397 7 1
1.61375 7 1
