18.2882 2 0
2.16377 3 0
0.789546 1 0
0.278728 2 0
1.03856 2 0
13.3645 2 0
2.04141 12 0
1.74846 11 0
0.318143 14 0
1.13477 12 0
1.83665 12 0
3.0325 13 0
24.7149 12 0
2.17559 3 0
2.57081 3 0
1.42732 9 0
0.470292 8 0
0.551005 10 0
0.862892 8 0
0.293862 10 0
0.599344 4 0
18.0279 2 0
0.326292 4 0
1.16099 4 0
3.81282 13 0
5.22778 13 0
5.07702 13 0
0.728031 14 0
2.51903 13 0
3.05205 11 0
2.4886 11 0
3.40386 11 0
19.3784 3 0
2.58547 3 0
1.08579 4 0
0.231698 5 0
0.57282 6 0
0.122564 5 0
0.107744 12 0
0.110016 3 0
0.668593 14 0
2.20288 4 0
2.85867 4 0
0.120106 5 0
0.962244 3 0
1.49264 2 0
0.256599 4 0
2.27434 2 0
0.710747 2 0
0.820907 10 0
0.951183 12 0
1.96165 12 0
3.0364 11 0
0.138646 5 2
0.419543 13 3
5.81567 3 0
1.55527 2 0
0.831266 4 0
0.0428356 11 0
0.578035 14 0
0.269065 12 0
0.0633307 7 0
0.823832 13 1
0.261882 3 4
0.111068 13 7
0.504236 8 6
0.139616 6 9
0.635085 8 5
0.0282608 11 8
0.40807 8 1
0.0654911 12 3
0.392751 4 1
0.0184947 6 7
0.096812 9 0
0.102969 8 0
0.431834 8 6
0.26763 5 6
0.305253 2 7
0.426082 3 8
0.523518 7 3
0.0466739 9 6
5.96946 10 3
1.34898 5 3
0.192865 6 8
13.0772 4 0
8.39256 4 0
0.00712267 9 0
0.0904677 7 0
3.81576 10 4
0.716733 10 8
71.9977 3 1
5.23617 3 1
19.9824 10 1
38.0287 3 0
14.0355 3 1
3.81914 3 2
2.17182 3 6
