5.92523 11 0
3.5025 11 0
1.41255 8 0
2.42894 4 0
2.40529 4 0
2.91939 6 0
1.16778 6 0
4.21898 7 0
3.65774 7 0
8.71594 7 0
4.01825 7 0
5.03353 6 0
0.389806 13 0
1.31805 2 0
1.72926 13 0
0.147572 13 0
1.02772 11 0
1.83813 12 0
0.474476 11 0
1.20951 14 0
0.465001 8 0
0.00110062 9 0
0.546456 3 0
1.15671 4 0
0.905393 8 0
5.06025 11 0
3.51039 12 0
0.258916 6 0
0.183196 8 0
1.07938 4 0
1.21496 4 0
0.562272 5 0
5.31409 3 0
2.86041 6 0
5.8111 6 0
3.45437 7 0
1.0012 8 0
1.30013 6 0
0.207949 2 0
0.144558 11 0
0.950821 8 0
0.153551 7 0
2.20715 14 0
0.948073 14 0
2.38921 13 0
2.05402 12 0
0.529793 11 0
0.953736 10 0
1.79794 12 0
1.3015 12 0
0.322247 14 0
0.937813 9 0
0.203208 8 0
0.275466 4 0
0.541943 4 0
0.627431 6 0
1.35045 5 0
0.37781 6 0
1.39685 2 0
0.759605 0 0
10.3279 13 0
0.210735 14 0
0.72498 10 0
1.4209 11 0
0.460019 13 0
0.76751 2 0
0.382631 3 0
0.781389 3 4
0.190191 8 5
0.119563 9 1
0.239564 7 0
0.607364 5 0
0.277679 2 7
0.598701 1 4
1.24624 2 2
2.54515 2 2
0.135907 7 4
0.18249 6 8
0.0774484 9 0
0.508693 4 0
0.370697 3 0
0.490936 4 0
0.344899 5 0
0.200276 2 1
7.93788 13 0
2.75688 13 0
0.164593 10 0
0.151944 13 0
4.70587 12 0
8.39172 12 0
10.0106 13 0
3.65014 13 0
11.455 3 1
13.8636 3 0
9.72767 2 0
15.7377 2 1
26.9518 2 1
4.39974 3 3
