103.317 12 0
1.34451 4 0
0.994608 7 0
0.773171 8 0
0.229908 1 0
8.19382 12 0
3.76079 8 1
0.172483 13 0
0.104143 10 0
0.129081 7 0
0.729529 11 0
0.660124 9 3
0.21075 13 0
0.440126 13 0
0.454668 6 0
0.282564 5 0
0.0793053 4 10
0.752256 3 8
0.245656 2 2
0.893987 4 1
0.0656436 5 4
0.594779 6 2
3.35094 5 1
0.250285 8 9
0.265317 14 7
29.6564 2 1
1.28311 7 2
0.212705 11 2
3.07937 3 1
2.71007 3 1
0.721775 5 1
4.13298 2 1
2.60613 2 1
1.52536 8 0
1.39667 8 0
1.00905 5 7
0.0871618 4 11
1.9824 9 1
5.44791 2 0
1.10813 3 3
1.72299 3 2
3.34855 2 0
0.511326 10 2
0.27654 9 1
