0.583831 4 0
3.8314 5 0
0.955696 6 0
0.22946 13 0
0.318091 3 0
1.45739 6 0
2.2654 5 0
10.8306 9 0
34.1017 9 0
0.564874 11 0
1.39346 7 0
3.15513 4 0
4.5027 5 0
21.5311 5 0
24.8462 5 0
8.12077 13 0
2.57124 14 0
3.71413 6 0
1.64565 7 0
1.46259 8 0
2.002 5 0
10.9865 5 0
1.08425 3 0
8.81478 3 0
11.5464 7 0
2.11097 7 0
2.79161 7 0
16.1297 9 0
12.398 9 0
0.384591 7 5
0.0755843 14 7
0.312659 14 8
0.958762 11 6
0.816666 6 3
0.21436 2 6
0.828971 10 5
0.19537 13 8
0.475718 8 4
0.106146 13 7
0.155284 10 8
0.200079 4 5
0.208546 6 7
0.366807 4 5
2.44777 14 0
1.24151 13 0
14.8112 7 0
3.05398 13 0
3.13769 14 1
6.52997 4 1
1.37731 4 2
0.957249 4 1
1.1725 4 2
8.64024 4 2
2.75847 4 2
1.05258 14 1
