18.3943 13 0
5.20554 9 0
0.760121 9 0
1.30927 12 0
5.77199 14 0
1.06512 7 0
1.14355 3 0
1.36591 12 0
0.574468 6 0
1.12738 12 0
2.18897 8 0
0.557922 7 0
0.107259 9 0
0.258918 10 0
0.629862 9 0
0.292483 10 0
3.0871 6 0
7.27857 5 0
16.4826 13 0
0.86905 10 0
7.41764 2 0
2.29652 9 0
0.28649 5 0
0.318463 7 0
2.99051 5 0
19.0748 13 0
36.8624 13 0
0.921527 10 0
1.25107 8 0
0.984753 14 0
2.02266 14 0
0.860282 12 0
0.237836 3 0
0.467826 8 1
0.778728 4 5
0.973362 4 5
1.06703 5 5
0.112289 2 9
0.581242 10 4
0.401473 7 6
3.23044 2 2
1.17979 6 0
0.140204 5 3
0.00960625 5 3
26.9909 2 1
0.180488 10 1
