2.48879 7 0
2.53613 6 0
1.65033 7 0
0.741929 6 0
1.45763 12 0
36.1629 11 0
4.30837 7 0
2.07833 7 0
4.8555 7 0
2.91754 7 0
0.389655 7 0
0.688103 14 0
1.19994 12 0
0.310758 3 0
0.294842 4 0
2.15509 11 0
0.822016 7 0
0.765279 11 0
0.797966 13 0
0.90943 10 0
0.188054 3 0
0.371048 5 0
0.275445 8 0
1.04939 2 0
1.01831 1 0
0.182407 4 0
1.48936 2 0
1.9565 3 0
0.937087 2 0
1.05974 9 0
3.21399 7 0
1.28133 5 0
0.0337396 6 0
0.150903 3 0
0.623879 12 0
5.4736 11 0
0.72952 8 0
0.623914 5 0
0.0668319 8 0
1.71527 9 0
0.344546 7 0
1.179 12 0
0.219123 3 0
0.982627 3 0
1.1376 2 0
0.96899 7 1
0.316147 13 3
0.39841 14 1
3.01075 5 0
0.55398 5 0
0.845974 6 0
0.433794 4 0
0.204348 12 0
0.191837 9 0
0.528861 4 0
0.0817656 3 0
0.075235 12 6
1.29412 13 0
3.57629 7 0
2.16401 7 0
0.749288 8 0
1.06993 6 0
2.69821 7 0
0.270814 7 0
0.1569 6 0
0.428925 10 0
0.454176 7 0
0.214651 11 4
0.0312433 9 4
0.500266 14 3
0.0127472 11 0
0.26301 10 0
0.129208 9 6
0.436889 10 6
0.128942 8 0
2.18399 8 0
2.45192 6 1
0.46706 8 0
0.390071 10 1
0.376575 2 1
0.615409 13 2
1.89712 7 0
0.368588 12 3
0.0378942 7 9
0.686248 9 3
0.603094 3 1
0.926226 12 0
1.8166 12 0
5.23596 7 1
15.9367 7 0
0.200119 4 1
0.642923 5 1
0.177476 8 0
0.621456 6 1
1.22145 6 1
1.43103 8 3
0.142426 7 8
0.702523 11 6
