57.4301 13 0
1.91048 6 0
0.757873 14 0
0.567209 3 0
0.176883 6 0
2.47484 0 0
2.57833 8 0
1.9684 8 0
1.06633 9 0
0.800185 6 0
0.731578 2 0
0.883821 4 0
0.257577 8 0
1.4865 11 0
0.343165 12 0
0.435258 5 0
0.0716286 5 0
0.518104 11 0
0.544794 8 0
0.141258 7 0
0.153915 8 0
0.424781 11 0
1.1024 2 0
0.110628 6 0
0.0296192 7 6
0.489486 6 0
0.157562 7 0
2.49098 1 3
8.98125 1 2
0.564568 2 1
0.0404476 2 5
0.460339 12 10
0.2428 12 9
2.68795 2 1
0.942841 1 1
1.02119 2 3
0.367458 5 0
5.40267 5 0
3.14144 5 0
1.93602 5 0
2.30709 0 1
45.1545 3 0
14.1206 3 0
1.83717 4 0
1.40596 5 0
1.14119 1 1
1.3076 5 1
0.793136 5 0
0.0220814 2 2
0.0409441 2 2
