6.78264 4 0
0.997468 3 0
3.75156 12 0
0.614954 14 0
1.0186 11 0
1.32196 1 0
0.293266 3 0
7.12321 13 0
4.91545 13 0
3.50491 13 0
12.0392 6 0
0.909996 7 0
3.1046 5 0
0.987826 3 0
0.601067 13 0
1.03644 11 0
0.419054 14 0
2.37417 2 0
0.511154 3 0
0.762301 12 0
0.379144 11 0
0.387968 12 0
8.2791 14 0
4.5953 13 0
2.27527 13 0
6.46782 6 0
0.103395 8 0
1.46906 7 0
2.40592 6 0
4.23332 5 0
3.11853 5 0
2.59235 6 0
1.93672 7 0
1.30447 6 0
0.385862 3 0
0.188137 13 0
0.470019 12 0
0.542552 8 0
1.08141 9 0
0.577598 13 0
2.41403 11 0
1.72388 11 0
0.255591 14 0
0.0864888 13 0
0.436378 13 0
0.533586 12 0
0.180155 12 2
0.0129181 7 3
4.44669 1 0
0.783796 3 0
0.654611 14 0
2.01193 13 0
2.20932 13 0
0.942012 12 0
1.1169 12 0
2.70156 12 0
1.22128 13 0
0.372638 12 0
0.647251 7 0
0.718051 7 0
0.234815 4 3
0.0890595 7 8
1.41894 11 2
6.77596 11 1
1.76315 12 5
0.141244 13 9
0.309397 11 7
0.319576 6 6
0.282646 4 7
0.255477 3 5
0.0991028 4 5
0.823757 6 1
0.361897 8 6
0.174405 12 9
12.8061 4 0
0.324524 13 0
0.0881407 14 0
0.133792 11 0
0.946304 11 0
0.0403562 6 0
0.229591 6 0
1.20913 2 4
0.31437 1 8
0.66837 7 3
0.0931667 4 7
30.5541 4 0
0.361139 10 1
6.09709 5 2
3.14699 5 0
4.1943 4 0
1.7363 4 0
4.30145 5 0
12.7889 4 1
