63.7685 14 0
2.24081 11 0
2.36003 12 0
0.166474 5 0
0.148372 7 0
0.151592 3 0
0.832898 5 0
1.17873 9 0
0.912247 9 0
0.328224 11 0
0.453129 13 0
1.0508 7 0
0.144134 14 0
0.898758 9 0
0.265612 7 0
1.08236 6 0
0.227755 6 0
0.282989 14 0
0.365604 9 0
0.432724 11 0
0.317994 12 0
0.268919 14 0
0.554221 12 0
1.02982 14 0
0.571367 4 0
1.81546 7 0
0.883896 7 0
0.983944 6 0
0.689284 9 0
0.785586 13 0
0.356945 12 0
2.42869 10 0
1.34453 10 0
1.03749 11 0
3.69607 12 0
3.85928 12 0
2.09 11 0
2.45821 11 0
0.768999 9 0
0.289584 4 0
6.31376 3 0
0.865106 2 0
6.2523 2 0
5.08099 3 0
2.08704 3 0
0.189047 5 0
0.488811 11 0
0.58244 4 0
4.49516 4 0
2.53928 4 0
0.245495 5 0
1.6749 4 0
0.297436 12 0
0.0829375 7 0
0.7948 6 0
1.09849 10 0
0.270853 13 0
0.174913 6 0
0.681359 13 0
0.378187 7 0
0.425863 6 0
0.740545 5 0
1.01069 13 0
0.411058 13 0
0.665329 7 0
0.156231 13 0
0.744626 8 0
0.709839 6 0
0.44843 2 0
0.726792 13 0
2.3087 11 0
0.221235 6 0
0.526364 12 0
0.363872 11 0
0.205853 10 0
0.256378 4 0
0.087448 9 0
0.345339 6 5
0.076232 4 7
1.56017 13 0
1.02928 12 0
0.193372 12 0
0.104362 12 0
1.69457 3 0
1.72322 4 0
0.375207 2 0
0.425711 6 0
0.197175 2 0
1.1083 5 0
0.666419 4 0
0.157012 5 0
0.532885 3 0
0.334067 4 0
0.660602 4 0
0.422399 4 0
0.601018 4 0
0.328533 4 0
0.251181 5 0
0.147319 10 0
0.633429 11 0
0.744462 11 0
0.676415 7 0
0.225885 9 0
0.415359 14 0
0.445173 13 0
0.258695 9 0
0.243181 5 0
0.384753 5 0
0.074868 8 0
0.432915 5 0
0.48661 9 0
0.443156 11 0
0.40361 14 0
0.184767 11 6
0.386514 14 6
0.413486 6 1
0.580366 4 7
0.21064 3 9
0.213383 4 9
0.953172 7 0
2.62142 7 0
0.286409 5 0
0.238445 5 0
1.2827 10 4
0.324779 9 5
0.465239 6 4
0.0874792 4 4
0.0832935 10 6
0.915672 8 3
0.134372 12 4
0.578577 12 4
0.207183 3 4
0.68705 2 4
0.449428 7 5
0.391408 8 6
0.143454 7 3
0.281827 9 3
0.0185096 6 0
0.112011 10 0
2.52452 5 0
2.53259 5 0
1.97762 5 1
2.06966 9 0
0.648927 9 1
0.760047 11 4
0.17735 10 10
0.641527 3 5
0.234321 2 7
0.917378 3 2
0.0458392 8 8
0.488041 4 1
1.81937 5 2
9.42529 5 1
0.603121 5 0
0.123142 9 0
0.698447 8 0
0.266995 7 0
0.474911 4 0
2.06906 4 0
10.8941 5 1
12.9875 5 1
0.845341 2 2
1.11788 2 2
