1.08755 6 0
1.53411 4 0
2.41042 4 0
1.13542 4 0
0.528122 10 0
0.363697 11 0
3.35018 11 0
0.0634367 10 0
12.8579 4 0
5.27115 11 0
3.26821 10 0
3.90114 9 0
2.63881 11 0
0.743455 12 0
0.0326085 7 0
0.199006 10 0
0.535501 10 0
0.758354 13 0
0.65767 10 0
1.11289 9 0
0.418057 8 0
0.170948 2 0
0.884246 5 0
0.652182 9 0
0.172173 3 0
2.54511 11 0
1.24323 12 0
0.285118 12 0
10.2758 10 0
0.814093 11 0
31.5269 7 0
15.3643 7 0
22.755 7 0
0.310774 8 0
0.950353 5 0
2.38704 5 0
6.22045 4 0
0.898359 12 0
0.255821 10 0
0.620568 2 0
1.8225 2 0
0.412915 1 0
1.15245 1 0
0.46026 7 5
0.353952 10 7
0.271694 5 2
0.0649659 10 6
7.21239 4 0
2.82324 4 0
7.14487 10 0
7.87662 10 0
0.267992 10 5
0.993626 8 1
26.9017 7 0
4.66315 7 2
3.67984 11 1
5.56739 7 1
1.32625 8 3
