2.75266 13 0
1.43384 10 0
1.97504 5 0
5.60003 13 0
1.34663 12 0
1.02168 11 0
0.400588 7 0
0.284206 4 0
1.20218 11 0
0.913944 7 0
0.192935 7 0
3.91466 5 0
0.676717 5 0
5.33361 4 0
0.380315 14 0
0.527166 12 0
0.268558 5 0
0.316766 4 0
0.89467 2 4
0.104545 4 8
0.731582 13 0
0.0444402 14 0
0.199463 14 0
0.221965 7 0
0.410146 5 0
0.169321 11 0
0.30638 13 0
0.114192 3 0
0.226017 3 0
0.286858 7 2
0.048528 10 1
0.0380048 13 4
0.125243 4 1
0.310154 11 5
0.694644 9 3
0.741599 3 2
0.213237 4 4
1.6223 13 0
4.22136 13 0
