5.70391 10 0
1.27351 3 0
0.472777 9 0
3.35243 8 0
5.61152 8 0
3.18091 7 0
14.9878 8 0
4.69683 8 0
9.85024 8 0
0.601997 8 0
11.7916 8 0
4.74509 9 0
8.34768 9 0
1.82732 13 0
1.19923 8 0
0.924057 9 0
5.21292 8 0
4.45646 8 0
1.53084 5 0
0.0408829 6 0
0.700174 4 0
4.59137 3 0
5.99047 3 0
3.42742 3 0
0.571982 10 0
1.10787 4 0
0.967806 5 0
0.984598 5 0
6.75167 14 0
4.60955 13 0
0.691382 13 0
0.829745 9 0
0.558038 9 0
2.96524 12 0
2.30312 8 0
1.9692 8 0
9.12075 8 0
5.88677 8 0
4.02727 3 0
2.06114 3 0
3.17773 14 0
1.69699 14 0
0.623745 13 0
0.186613 11 0
2.8812 8 0
1.95678 8 0
4.5683 11 4
1.57449 9 0
0.25177 7 0
0.280721 6 6
0.0321644 4 8
0.262328 10 2
0.156908 4 0
0.312179 4 0
1.94221 4 3
0.425292 3 6
0.175861 11 9
0.210147 7 0
0.46158 4 0
0.215682 12 0
0.0268887 12 0
0.0318273 7 0
0.0892566 10 0
0.0366674 9 7
0.118881 9 10
3.34856 13 3
0.960914 12 6
0.731202 13 9
0.559196 10 10
1.2456 11 0
1.16696 9 0
0.175269 14 2
0.110508 6 5
0.106317 13 6
0.341431 3 4
0.10849 2 10
0.556468 4 6
0.139201 6 3
0.28831 9 2
6.82267 7 1
1.49746 6 1
0.0903851 3 3
0.273783 11 3
0.957877 7 5
0.14171 4 9
0.730274 7 3
0.113452 11 7
18.5257 6 1
0.222087 11 5
0.118696 11 8
0.0109265 11 0
0.150555 12 0
1.42419 6 1
1.04792 6 2
1.29053 6 1
12.903 6 0
3.12466 6 2
1.37618 6 2
7.26333 6 0
