13.2597 8 0
7.34438 7 0
0.326028 8 0
2.18461 8 0
0.393845 4 0
1.76916 2 0
2.75292 3 0
3.74971 3 0
3.44282 8 0
0.458236 3 0
0.553835 3 0
3.65461 2 0
1.80691 2 0
0.156363 14 0
0.507859 12 0
0.10908 6 0
0.49514 6 0
0.595413 7 0
1.0964 7 0
0.89732 1 0
0.638137 2 0
0.169248 3 0
0.103225 9 0
0.00337864 13 0
0.0549898 13 0
0.0991312 7 9
0.432788 5 7
0.39843 14 5
0.0629688 14 7
0.403688 4 0
1.04413 4 0
1.27887 8 6
0.255744 7 9
1.25988 6 2
4.14737 5 1
8.14953 7 0
4.94413 7 0
10.9994 7 0
2.54893 10 1
1.55386 9 2
1.2212 11 1
8.34879 6 1
3.83967 5 2
8.91661 6 1
1.57136 10 2
2.15123 6 8
2.02736 5 9
1.5141 10 0
0.226988 9 2
3.04023 9 3
1.62086 10 4
