5.85715 5 0
8.01534 5 0
10.259 5 0
7.21211 5 0
2.89929 4 0
2.46251 5 0
4.28808 5 0
0.925258 5 0
6.07519 5 0
5.07996 6 0
0.899486 5 0
0.914445 9 0
0.0233369 10 0
2.41023 3 0
26.0382 9 0
1.58132 8 0
1.81376 8 0
1.80532 10 0
0.134559 10 0
2.33073 11 0
1.0633 12 0
17.6342 5 0
2.01394 5 0
1.57605 5 0
0.398248 2 0
0.217102 7 0
0.839916 4 0
0.432146 8 0
0.355408 5 0
9.44418 7 0
4.52708 6 0
2.28316 5 0
0.874757 4 0
0.580246 5 0
10.9572 8 0
7.87575 9 0
10.8032 9 0
0.792191 8 0
0.161709 3 0
0.169518 13 0
0.52502 9 0
0.102136 8 0
0.0387284 10 0
0.486082 9 0
0.526407 4 0
0.366004 4 0
0.298776 6 0
0.504506 7 0
0.336463 5 3
0.117846 4 5
0.143093 6 5
0.361055 7 4
0.671144 6 1
0.0341967 5 4
14.6937 8 0
3.88966 8 0
5.90135 9 0
1.91156 10 0
0.986009 13 0
1.51587 13 0
1.46911 6 1
1.84321 4 0
4.49638 4 0
1.96543 3 1
1.96917 13 1
3.18308 13 0
6.37754 13 1
4.546 13 1
2.14174 13 1
1.7059 4 0
2.6994 4 0
0.304628 5 1
1.01879 4 4
1.62662 3 3
4.40011 13 1
10.4453 13 0
2.13014 13 1
2.31415 4 4
5.23324 4 3
