14.3534 1 0
6.41553 13 0
0.494017 12 0
1.73521 14 0
3.99762 1 0
3.46959 1 0
1.03256 1 0
1.19809 5 0
1.23519 5 0
0.0584084 8 0
1.33807 5 0
0.631662 6 0
13.3169 8 0
1.16807 11 0
1.00075 10 0
1.29494 12 0
0.346576 13 0
0.757718 13 0
0.809065 14 0
0.0532778 6 0
0.193392 5 0
0.133311 10 0
0.229824 10 0
1.80753 11 0
1.18476 10 0
1.17712 9 0
5.80858 8 0
3.3267 8 0
1.29204 2 0
0.493458 3 0
1.56957 2 0
0.302326 2 0
1.6797 6 0
0.763878 9 0
2.83573 7 0
6.63654 8 0
0.568907 4 0
0.65432 4 0
0.120758 7 0
1.13195 7 0
1.52444 8 0
0.108308 12 0
0.457085 13 0
0.164015 14 0
0.262088 10 0
0.454427 6 0
0.279146 10 0
0.119693 14 0
5.02934 1 1
0.221454 11 0
0.289563 13 1
7.67017 1 0
0.964576 1 0
0.609865 1 0
0.187032 3 0
0.017047 11 0
0.448957 6 0
1.50844 7 0
0.514281 7 0
0.309174 12 0
0.0106435 9 0
0.654582 12 0
1.00674 13 0
0.135241 10 0
0.178242 2 0
0.186024 6 0
0.181108 6 0
2.82422 14 3
0.879154 14 6
1.55415 13 3
0.500899 13 5
0.0630818 8 3
0.688547 11 2
0.131161 12 0
0.351453 12 0
0.876784 3 0
0.378228 8 0
17.1589 2 1
0.324229 1 1
1.47896 5 0
0.510317 3 0
0.387927 5 0
0.301651 3 0
0.382893 12 0
0.714356 2 0
0.304055 10 0
0.842751 1 0
0.618906 10 0
0.835025 12 0
1.44976 13 1
2.71156 14 1
4.58922 14 1
0.232605 4 1
1.41669 10 0
0.181251 4 1
1.52676 11 0
0.825935 14 4
0.914484 14 3
1.52154 14 1
1.017 13 0
0.389542 11 1
0.00303731 3 1
0.00865425 5 1
