28.8785 14 0
17.9457 8 0
7.24649 9 0
15.22 8 0
19.7709 9 0
8.14005 8 0
2.17972 5 0
0.909301 5 0
2.31702 3 0
3.50476 3 0
0.876825 2 0
12.0933 4 0
0.406401 4 0
1.20832 8 0
2.84269 6 0
0.289328 6 0
1.9672 5 0
0.873894 6 0
2.58115 4 0
1.57838 4 0
1.01138 5 0
1.72866 4 0
3.93248 8 0
1.29417 8 0
0.216992 3 9
4.02955 1 3
0.39882 7 0
0.332078 11 0
0.587831 5 9
2.28883 5 6
1.36204 5 9
0.820737 7 10
0.335239 4 11
0.54465 3 8
0.756659 4 9
3.15689 5 6
3.03162 6 6
0.294765 6 11
1.81459 1 4
0.336823 1 8
35.4963 11 0
0.0656504 3 0
0.241773 3 0
0.230438 9 8
0.183375 6 8
0.148003 11 0
0.0983004 9 0
0.711173 1 2
17.9206 12 0
16.5882 12 0
14.7484 12 0
2.71953 1 3
1.96904 2 2
1.48624 1 2
