40.233 11 0
1.94849 6 0
2.05942 7 0
0.790243 5 0
0.0774031 13 0
0.715139 10 0
3.0422 10 0
1.32445 9 0
3.17083 9 0
0.290827 11 0
1.76212 8 0
0.693925 3 0
2.82858 6 0
3.83404 7 0
0.216103 4 0
1.71683 10 0
1.20868 9 0
1.11785 9 0
1.30124 6 0
0.889768 5 0
0.787725 6 0
2.12185 6 0
0.61666 6 0
20.1501 2 0
0.185224 2 1
0.723336 14 0
0.312355 8 0
0.555572 9 0
9.22472 4 2
7.3372 4 3
0.926981 6 0
4.8008 7 0
0.38569 4 7
0.037235 11 0
0.0125887 10 0
0.184832 5 0
0.230215 6 0
0.848485 7 2
0.484941 8 1
0.0944246 14 2
0.799009 2 7
1.08972 2 7
0.0169405 11 11
0.661769 2 8
0.884762 10 7
1.96905 11 4
0.12388 10 7
0.995985 8 3
1.35265 1 5
6.68444 1 2
0.487979 11 8
0.0968495 8 8
4.35806 5 1
4.99393 5 1
5.52561 3 3
0.58971 6 0
1.41209 6 0
5.88486 4 3
2.06315 5 1
16.8905 4 2
2.69015 3 3
2.665 5 1
1.05848 5 0
3.41988 5 0
