60.1299 13 0
0.628776 2 0
2.06728 2 0
0.714767 4 0
0.852314 4 0
2.76628 3 0
1.22557 3 0
7.13591 1 0
3.959 1 0
1.52475 3 0
0.637755 4 0
2.09364 2 0
1.02512 0 0
0.393933 2 0
0.0444304 11 0
0.36297 0 0
0.148009 8 0
0.176474 8 0
0.916899 14 0
0.32077 12 0
2.06471 7 0
0.750967 8 0
0.235185 3 0
0.619474 2 0
0.242973 4 0
0.0670397 4 0
0.261791 8 0
0.290626 4 0
0.179279 11 7
0.131989 12 0
0.158138 13 0
3.67662 9 4
0.834604 8 7
0.220331 4 5
0.225523 8 3
1.16991 8 7
1.06329 6 8
0.349428 8 7
0.428239 13 6
0.300838 11 5
0.70438 8 5
1.16369 2 3
1.31057 1 3
0.241622 2 6
0.871279 3 2
0.0966263 4 8
0.60428 4 6
17.0874 1 0
0.239349 6 0
0.0661283 6 0
4.31517 8 0
0.46189 6 0
31.7498 1 0
21.2372 14 0
2.36456 14 0
6.29563 14 0
6.6105 14 0
7.3946 14 0
10.2471 14 0
