44.6656 1 0
7.08937 5 0
7.45007 5 0
2.47143 4 0
2.71716 5 0
1.46571 6 0
1.19488 10 0
9.41531 10 0
7.72366 10 0
0.601422 12 0
0.351445 11 0
0.394681 6 0
0.465261 5 0
0.349076 12 0
0.219053 10 0
2.87206 10 0
0.502194 6 8
0.0626796 5 3
0.0839371 14 10
0.147348 11 0
0.0986421 11 0
0.197224 5 4
0.208206 9 7
0.570416 4 3
0.0631682 5 9
0.486343 13 0
0.247054 11 0
0.301901 7 0
0.34605 13 5
0.0833271 8 9
0.04499 7 0
0.0791662 8 0
1.2247 4 0
0.994675 3 0
1.50745 11 0
7.91443 11 0
0.38057 12 0
1.42821 11 0
1.81618 11 0
3.17158 11 0
2.50482 11 0
4.25763 3 0
0.577378 12 0
12.9858 11 0
7.54262 12 0
0.568777 7 1
0.459963 9 1
0.693103 3 4
0.307369 5 6
