3.10697 2 0
5.89288 0 0
23.8463 0 0
12.7664 0 0
7.17496 3 0
2.33136 2 0
3.3943 2 0
1.13089 1 0
0.428842 6 0
3.42948 6 0
1.23523 10 0
0.998859 7 0
2.79694 11 0
8.32604 12 0
14.478 11 0
29.9135 11 0
17.0741 12 0
1.10347 7 0
4.48898 8 0
2.79518 8 0
0.339244 11 0
0.68628 14 0
0.163351 10 0
0.19392 6 0
2.54642 12 0
1.638 11 0
1.3761 3 0
4.96595 0 0
22.4229 0 0
40.4361 3 0
8.63169 3 0
6.52763 3 0
3.36321 3 0
0.336068 3 0
2.99506 1 0
2.37557 6 0
1.70681 8 0
1.03472 7 0
1.82992 12 0
0.33756 14 0
1.61858 11 0
6.25422 12 0
4.30177 11 0
0.546344 13 0
0.816163 12 0
1.10218 11 0
0.428566 9 0
0.569028 12 0
0.476891 8 0
7.4449 3 0
10.2758 3 0
0.30265 6 0
0.0729132 11 0
1.6257 7 3
0.170457 5 8
0.236895 10 0
0.360597 8 0
0.118755 8 0
0.209036 4 0
1.1819 12 0
0.443463 12 0
10.1444 7 1
0.129764 11 0
0.279079 12 0
19.8941 7 2
0.180238 10 7
0.219599 4 0
0.194824 7 0
0.0583039 14 4
0.370424 5 4
1.14669 6 5
0.322749 3 7
0.281684 2 0
0.501933 2 0
0.606514 5 1
0.329726 8 1
0.123055 13 11
0.713122 7 7
0.244661 13 10
1.13993 10 7
1.48014 11 9
1.87852 11 9
0.0649675 6 0
0.0139688 7 0
0.156994 12 7
0.589342 12 6
7.1082 11 5
3.16446 12 7
0.356245 12 6
0.616927 9 6
0.0806096 9 0
0.167712 6 0
0.431104 6 7
0.234658 8 6
2.43495 8 0
1.78629 8 2
4.93079 7 3
5.50155 7 1
1.73339 10 3
0.126771 10 8
5.44083 8 0
2.90014 8 0
4.12574 7 1
6.75349 7 2
1.83918 8 7
6.7198 8 4
