76.9754 5 0
12.8842 14 0
3.61559 14 0
1.00229 9 0
4.6367 6 0
9.02106 10 0
0.224694 6 0
0.556015 12 0
0.103052 11 0
0.856746 11 0
1.11379 13 0
2.33362 13 0
3.46222 13 0
2.33028 13 0
0.877777 13 0
3.37899 12 0
1.27823 8 0
0.468217 6 0
1.64528 7 0
1.32348 7 0
1.12988 9 0
0.198319 6 0
0.274629 6 0
0.366321 8 0
0.377474 9 0
0.350163 13 0
0.385431 4 0
0.235791 8 0
0.275689 8 0
0.813416 12 0
0.3063 9 0
1.74713 14 4
0.52253 13 7
1.29525 6 0
0.39455 4 0
0.0734944 11 7
4.45116 5 0
6.26582 5 0
1.40678 6 0
0.366163 7 0
6.58489 5 0
15.4855 5 0
0.0767984 1 0
0.107148 2 0
0.200176 13 3
0.287282 9 4
0.0588422 4 4
0.512923 12 2
0.0512269 9 9
0.441038 13 4
0.185788 11 3
0.122902 8 6
13.8439 4 1
0.046693 6 0
0.134852 6 0
29.4026 10 0
0.298197 10 0
3.83633 9 1
0.0933649 4 0
0.195601 5 0
0.248935 11 0
0.0296138 6 0
0.246154 13 1
25.2267 5 0
8.72913 5 1
8.40778 5 1
24.154 9 0
16.7581 9 0
19.0914 10 1
