4.56128 2 0
0.457671 4 0
2.10794 1 0
2.71837 2 0
4.96305 1 0
8.12522 1 0
1.76523 2 0
20.1808 1 0
0.357683 11 0
1.29023 6 0
0.165453 6 0
1.3148 6 0
0.63621 6 0
0.948468 6 0
0.528293 6 0
0.549355 12 0
7.91475 3 0
1.11726 3 0
1.27151 2 0
0.271586 2 0
0.097322 5 0
1.33416 2 0
0.929101 2 0
1.02763 1 0
3.58789 3 0
0.165994 3 0
0.234613 2 0
12.6062 1 0
2.09425 4 0
0.882467 3 0
1.19984 5 0
0.508114 5 0
0.462161 8 0
0.254854 9 0
1.38922 14 0
0.196532 4 0
0.447336 14 0
0.28039 11 0
0.260093 14 0
0.35044 14 0
0.274783 8 0
0.554348 11 0
0.194438 13 0
17.9007 4 0
1.98293 4 0
2.23586 4 0
2.0345 2 0
1.32833 2 0
31.6011 1 0
18.8867 1 0
0.433858 8 0
0.888627 4 0
0.132084 4 0
0.240549 3 0
0.0865607 11 0
0.0419444 7 0
0.453917 7 0
0.192309 9 0
0.0291774 13 0
0.00938952 14 0
27.1705 12 1
0.400455 3 0
0.166237 2 0
3.71296 4 0
0.376836 11 0
0.386274 11 0
1.69546 5 1
7.42707 4 0
0.744219 3 2
36.9488 12 1
23.6108 11 1
2.57675 5 0
2.33383 4 1
