67.8327 7 0
47.6179 7 0
1.2644 7 0
0.176704 11 0
2.49096 9 0
0.315315 4 0
2.3174 10 0
1.3162 8 0
0.66562 5 0
0.297572 7 0
0.715795 7 0
0.776643 4 0
0.679628 13 0
0.215948 14 0
0.176825 6 0
0.395356 10 0
0.579271 9 0
0.198476 13 0
1.03897 11 0
0.228162 8 0
0.250239 8 0
0.438948 4 6
0.0462296 10 11
0.056587 12 0
0.0370227 12 0
1.22138 5 4
0.337586 7 7
0.782757 2 3
0.364607 4 5
2.26302 12 0
0.319814 10 1
0.574384 9 4
1.59279 10 2
0.980658 11 4
1.95305 11 4
1.27566 2 4
0.360845 9 0
0.0548835 9 0
3.31005 10 1
2.85928 9 3
0.752863 10 2
0.0577247 8 1
14.2623 3 1
18.2714 3 0
