0.298124 3 0
1.17902 7 0
0.651733 8 0
8.24231 8 0
0.641071 11 0
2.6911 12 0
2.98564 11 0
1.37538 11 0
6.63568 12 0
1.24012 7 0
0.64333 2 0
10.4906 8 0
0.767188 11 0
2.13092 8 0
4.90206 12 0
7.55585 12 0
12.4243 12 0
9.82289 12 0
18.5234 12 0
8.59302 4 0
1.70732 1 0
5.60922 1 0
3.82685 5 0
14.6475 5 0
0.284537 6 0
0.133853 5 0
0.660844 8 0
1.07115 11 0
0.119239 13 0
1.28205 11 0
1.03344 12 0
0.891286 12 0
3.25346 12 0
12.7106 12 0
3.1425 12 0
0.100768 9 0
0.0267272 12 0
0.200672 1 9
0.221726 3 5
0.189092 13 4
0.0115393 7 0
0.301811 8 0
2.6722 4 1
7.43662 5 0
2.95803 5 0
1.51011 5 0
5.24053 12 1
14.6658 12 0
3.37145 5 1
1.08279 4 2
1.04563 6 2
0.324671 4 3
2.91342 6 2
