4.38673 6 0
17.9997 9 0
8.15606 10 0
0.356974 7 0
1.65086 8 0
0.781266 4 0
4.01109 3 0
0.53265 5 0
1.11522 3 0
0.283426 3 0
0.415239 4 0
0.404337 13 0
0.786607 13 0
0.824253 14 0
0.282656 8 0
16.1693 9 0
0.680789 9 0
0.597761 8 0
0.447934 11 0
2.57819 4 0
0.613173 3 0
0.285092 13 0
0.200182 8 0
0.394758 9 0
9.68561 2 0
1.73743 9 0
8.47828 9 0
0.299279 13 0
0.30053 13 0
0.311525 14 0
0.233779 4 0
0.182316 5 0
0.177416 5 0
0.326518 5 7
0.164934 2 9
2.50632 3 2
0.996043 2 3
0.268146 9 10
1.08315 12 7
0.121398 6 10
0.687613 10 8
0.255049 4 10
0.165651 12 11
0.187572 2 8
0.538037 6 7
2.10424 2 4
0.398306 1 7
12.393 7 0
10.0934 7 0
4.28697 10 1
7.88691 3 0
10.4187 8 1
4.73535 7 2
2.43272 10 4
4.68345 9 4
5.26668 3 0
