13.058 14 0
5.86988 8 0
18.0761 8 0
20.0063 8 0
4.19047 5 0
2.06776 4 0
1.01316 2 0
0.906021 2 0
0.213575 4 0
0.660007 11 0
0.0400697 12 0
0.888494 3 0
0.801224 13 0
0.297538 2 0
0.599258 14 0
0.97012 12 0
0.623498 7 0
5.19074 8 0
4.56645 4 0
0.50343 5 0
0.612702 4 0
0.578008 1 0
0.6207 1 0
0.957378 9 0
1.2068 14 0
0.284697 6 0
0.432951 2 0
0.0630721 8 0
0.224712 8 0
0.421873 10 0
0.192838 12 0
0.452287 14 0
0.191568 10 0
0.158609 11 0
0.183931 10 0
0.263608 4 0
1.09406 3 0
11.1083 8 3
0.385711 1 0
0.781078 3 0
0.474489 6 5
0.0237447 10 0
0.613744 5 0
0.590638 11 0
0.465528 10 0
0.178938 14 0
0.336547 14 0
0.0191933 7 0
0.294892 7 0
0.433781 5 0
0.227472 4 0
0.50044 5 6
0.119384 3 8
0.11756 10 3
0.495535 11 1
1.22455 3 0
13.568 3 0
10.0612 8 2
4.52747 8 2
0.646535 7 2
3.0692 4 1
0.365201 5 0
0.266777 5 0
0.69356 4 0
9.77036 14 2
1.43732 14 1
8.085 14 0
3.75742 14 0
5.53858 14 0
2.83095 14 0
3.86063 8 1
2.21887 3 2
1.68469 4 2
9.77005 4 1
3.16918 4 1
1.66277 4 2
1.55758 4 0
9.09282 8 2
25.56 8 0
3.92063 8 1
3.23728 8 2
