10.4214 13 0
6.14691 12 0
11.2247 13 0
6.08005 12 0
1.15479 11 0
0.653449 7 0
0.664633 14 0
3.79311 7 0
7.06677 7 0
4.55733 12 0
3.44117 13 0
1.08616 11 0
1.87748 7 0
1.89394 8 0
2.60021 6 1
0.146582 8 0
0.177096 2 0
0.0579473 9 0
0.163706 9 0
0.96927 4 0
0.51746 4 0
2.31212 12 0
2.47421 13 0
0.104458 12 1
0.465697 6 1
0.022802 13 0
0.0345956 13 0
0.992275 14 6
0.625593 12 7
0.200903 2 7
0.113412 2 7
1.15172 10 1
0.33204 4 5
0.173906 3 6
20.5251 8 0
0.207949 9 1
0.290952 8 1
0.718585 6 2
0.93227 5 2
0.348004 10 2
0.235994 8 2
0.14168 9 0
4.96938 2 1
0.707974 9 2
0.437093 12 3
0.702659 7 1
0.983773 8 2
6.8371 2 1
1.23067 2 1
