4.89239 3 0
1.67702 4 0
1.05767 2 0
1.39845 3 0
1.0803 4 0
0.380237 5 0
4.40776 7 0
8.42728 7 0
0.989042 7 0
1.47356 12 0
0.840701 8 0
0.974868 9 0
2.20645 8 0
6.6477 9 0
4.17653 9 0
4.02733 9 0
6.02935 10 0
0.279334 8 0
1.2726 8 0
0.280653 5 0
0.361397 4 0
0.56231 14 0
0.250756 14 0
2.63689 4 0
0.377044 6 0
14.5625 3 0
1.17296 2 0
1.00446 5 0
2.51114 2 0
0.359718 3 0
0.273812 3 0
0.548918 3 0
0.237271 3 0
0.780076 7 0
1.68234 7 0
0.463693 7 0
8.29112 10 0
2.7381 10 0
4.02876 10 0
0.384254 13 0
0.255381 14 0
0.402178 8 0
0.23548 9 0
0.344368 11 0
0.149655 10 0
0.684958 10 0
0.646014 8 0
0.110298 11 0
1.08637 13 0
0.239415 6 0
0.618566 9 0
31.9296 10 0
10.6462 3 0
3.32155 3 1
0.971102 3 0
1.49406 3 0
0.667876 7 0
0.985267 6 0
1.4252 9 0
2.05032 10 0
1.69352 11 0
0.730319 9 0
0.148965 10 5
0.114795 11 0
1.50845 10 0
0.0862359 11 0
0.168538 9 0
1.15029 4 5
0.234552 11 8
0.101531 14 9
0.665432 3 7
0.61568 4 8
8.05566 3 1
0.144901 5 0
0.0873299 6 0
1.78183 6 0
4.3723 5 0
0.990274 5 0
0.116514 6 0
10.1853 4 1
2.12646 9 0
0.638535 9 0
1.19082 7 0
