2.40593 7 0
29.3874 7 0
1.42565 7 0
1.38575 10 0
0.936326 8 0
1.48882 9 0
1.7582 12 0
0.951549 7 0
0.25427 13 0
11.9935 5 0
4.29876 6 0
2.23194 6 0
17.0818 7 0
54.6009 7 0
10.6998 7 0
19.1131 7 0
2.72563 7 0
1.21358 10 0
1.76761 11 0
1.39906 10 0
0.0586967 9 0
4.05602 4 0
2.54886 7 0
0.270007 14 0
0.252567 14 0
1.82521 7 0
0.415753 7 0
0.770497 9 0
1.84711 10 0
6.96943 10 0
0.878966 11 0
12.6478 11 1
3.54753 5 0
0.673874 5 0
2.78745 6 2
0.234346 7 6
0.204539 7 0
0.193622 3 0
0.460758 4 0
0.247007 7 0
0.158977 9 0
0.138032 13 0
2.32708 11 0
0.830093 9 0
1.71099 10 0
0.243393 5 3
0.279032 4 2
0.0978876 7 8
0.524516 6 9
1.04673 4 7
1.97959 2 0
0.526349 1 0
0.484813 13 1
0.385899 11 2
0.0776415 5 11
0.231794 9 7
0.770229 12 8
0.491143 10 9
0.094046 13 5
0.669532 14 1
0.298938 4 7
0.0886463 10 7
4.39436 7 5
3.95365 7 6
0.313302 14 4
0.917767 12 3
0.449494 13 4
0.293328 13 5
0.147777 11 10
0.205121 6 8
88.9087 5 0
0.405188 6 6
0.030609 10 9
0.206443 5 4
0.111542 10 8
0.18393 8 1
1.63412 12 0
0.993277 12 0
0.37395 2 7
0.0272696 7 10
8.91714 5 0
4.9567 4 3
0.879242 5 5
1.59759 12 3
0.52638 11 5
