42.0004 11 0
11.2848 7 0
4.14442 7 0
1.70733 10 0
0.0956063 11 0
1.0741 7 0
6.42824 14 0
19.7506 14 0
8.74228 14 0
9.27753 14 0
13.7895 14 0
17.9209 14 0
0.183076 8 0
0.620418 6 0
0.314693 12 0
0.600797 2 0
0.917561 3 0
2.02292 2 0
0.897734 2 0
1.81614 1 0
8.11203 2 0
1.16362 3 0
0.199244 8 0
0.597944 7 0
0.831421 10 0
1.56501 9 0
0.559204 13 6
0.416686 14 9
0.0660127 11 0
0.224933 7 0
1.46833 6 4
3.58883 2 0
2.65154 2 0
0.239773 4 0
0.464417 6 0
0.430003 5 0
0.326552 7 0
0.410142 3 0
0.285069 3 0
0.11103 5 0
0.114051 8 0
0.61619 6 7
0.0117137 10 9
0.120549 5 10
0.607851 3 6
0.252812 3 7
0.241109 5 10
1.66451 5 1
0.11093 5 4
5.72346 3 0
3.39959 8 0
5.2418 8 0
5.65516 8 0
14.3858 3 0
0.740482 3 1
9.6537 3 1
0.636963 9 1
4.94792 9 1
0.997596 3 5
1.73314 3 4
