57.2602 2 0
1.43838 7 0
0.385836 4 0
1.64024 5 0
0.359759 6 0
2.55708 4 0
0.395926 6 0
20.0195 4 0
0.532283 9 0
0.664029 5 0
0.499604 9 0
2.00488 4 0
1.62572 3 0
1.11867 6 0
1.33404 10 0
2.17745 9 0
0.269328 10 0
1.4572 7 0
0.038191 12 0
0.87378 14 0
0.898554 13 0
0.620839 14 0
0.820578 9 0
1.61355 7 0
0.821024 7 0
23.671 4 0
9.73716 4 0
2.89855 14 0
0.695766 14 0
3.68522 14 0
0.188314 10 0
0.943774 3 0
0.953532 2 0
0.157023 7 0
0.33019 13 0
1.31679 5 0
0.390054 1 0
0.307313 1 0
2.74572 9 0
0.158318 10 0
0.64307 8 0
0.953845 12 0
0.850384 12 0
0.173731 13 0
1.92853 10 0
0.362228 7 7
0.563786 3 0
0.133193 4 0
0.0606556 10 0
0.48089 10 0
0.224032 8 0
0.233438 5 0
0.154094 7 9
0.283205 14 0
0.913312 11 0
0.451478 9 4
0.194416 11 7
0.734877 7 0
0.381712 7 0
0.275547 5 0
0.434911 7 0
0.824442 6 6
0.272768 4 9
0.720133 13 8
0.871745 11 8
0.266762 12 8
1.28267 13 5
1.02968 8 8
1.19606 7 8
0.0907346 12 0
0.101513 12 0
0.290742 12 3
0.152125 6 4
0.353637 13 8
0.12976 4 9
0.114511 3 4
0.421924 11 2
8.36456 7 0
1.13886 8 1
0.155653 10 0
0.107253 11 0
11.8278 8 0
0.255693 12 0
2.17575 8 2
0.694476 8 1
0.394336 13 1
0.49526 11 0
1.02814 13 0
0.685138 10 1
21.5671 8 1
12.0131 8 1
0.443984 10 1
0.305148 12 0
0.565597 12 0
0.745414 10 1
0.155553 12 1
1.93929 13 4
1.23481 12 5
