6.95718 9 0
0.380876 8 0
0.435638 14 0
2.59528 2 0
2.49511 5 0
1.15756 3 0
5.04341 4 0
1.421 1 0
5.38082 1 0
3.40645 3 0
0.513793 13 0
1.65449 10 0
0.15563 10 0
0.147295 13 0
3.45376 9 0
5.82467 9 0
2.73361 9 0
0.208787 8 0
0.640905 4 0
0.616301 6 0
2.74432 5 0
15.4917 0 0
15.6169 0 0
2.9577 1 0
3.07348 1 0
0.267104 3 0
1.79713 3 0
3.11632 3 0
4.3547 4 0
0.632843 14 0
0.518567 9 0
0.405119 10 0
0.297059 8 0
0.372428 9 0
0.3034 14 0
0.856426 14 0
1.74607 4 0
3.94307 4 0
16.1851 4 0
19.3429 4 0
0.13787 3 0
0.0384011 4 0
11.9368 10 0
21.903 10 0
15.942 10 0
35.3794 10 0
0.13694 10 0
0.176022 10 0
0.140143 14 3
0.688923 12 2
0.121024 13 6
0.0549839 9 0
0.132682 7 0
0.104452 13 0
0.028259 13 0
6.48753 4 0
4.78791 10 0
11.0159 11 1
1.09817 10 0
9.47611 10 1
3.18925 11 1
