2.22784 4 0
1.10265 4 0
10.662 6 0
0.939736 6 0
4.60743 5 0
1.12063 8 0
0.252883 9 0
0.0799977 7 0
22.4795 7 0
0.812766 9 0
9.19658 8 0
1.31013 7 0
1.00583 4 0
9.67667 9 0
1.06063 7 0
0.403342 8 0
0.783962 6 0
1.67034 13 0
1.05111 8 0
4.5941 6 0
5.74704 5 0
2.07425 4 0
3.77938 6 0
1.93272 5 0
0.707782 8 0
1.10762 8 0
1.86611 6 0
0.373607 7 0
0.404451 7 0
14.655 7 0
5.36923 7 0
1.33998 6 0
0.840443 8 0
0.541113 8 0
5.77804 9 0
1.06182 9 0
3.86779 9 0
0.802969 5 0
0.552833 12 0
1.37939 8 0
0.877979 7 0
1.17001 5 1
6.86495 5 1
0.900143 5 0
0.923912 5 0
0.866618 5 0
0.765236 3 0
1.26907 3 1
7.58138 9 0
4.20925 10 0
7.62833 9 0
0.826585 6 0
0.891423 7 0
0.797891 6 0
1.63313 5 0
0.0795251 10 6
0.0195932 6 5
2.52813 8 2
0.264748 8 6
0.151549 8 7
0.350915 8 3
0.11665 9 0
0.117721 12 0
0.147474 14 0
0.162956 14 0
0.176196 6 0
0.299563 5 0
0.349244 10 0
0.0864428 5 3
0.520294 9 0
0.0783148 9 0
0.189133 13 5
0.335274 7 5
0.0924631 4 7
0.764987 1 3
0.00749253 9 0
0.084079 9 0
0.29515 13 7
0.135434 4 9
0.181428 4 0
0.00125671 6 0
0.365505 11 4
0.120167 7 6
1.06398 5 8
2.11995 6 6
0.943974 6 1
0.059026 10 6
0.474581 6 2
0.380476 2 3
1.42085 5 0
2.14206 5 1
0.0616196 9 0
0.0341715 12 0
5.58341 4 1
6.7327 3 0
7.68815 10 0
23.2602 9 0
0.112864 6 0
0.101775 6 0
11.6161 7 0
7.46343 5 1
8.43404 5 0
0.989906 7 2
7.21015 7 1
7.49428 7 1
14.4387 7 0
2.34572 7 1
13.1149 7 1
