3.19217 5 0
1.0992 14 0
0.369738 5 0
16.5313 1 0
5.11068 5 0
0.0790827 12 0
0.172072 5 0
6.91619 1 0
2.00425 2 0
23.1576 1 0
1.03658 11 0
0.403573 11 0
0.462332 9 0
0.74332 9 0
1.72146 4 1
0.729677 5 1
0.643754 5 0
1.3412 1 0
0.734122 1 0
0.256978 12 0
0.11476 14 0
0.238627 5 0
0.32303 1 0
0.829777 14 0
0.554065 14 0
0.319763 11 0
0.417134 11 0
0.483625 4 0
0.197837 2 0
1.78282 7 6
0.474504 7 10
0.191825 1 11
0.862275 2 6
1.33059 10 7
0.702522 8 8
0.629122 1 0
1.90965 1 0
0.879518 7 3
1.66391 5 2
0.00928847 9 0
0.0388055 5 0
0.537946 5 7
0.603056 5 5
0.534265 13 6
0.478469 12 7
0.678333 6 7
0.161726 6 8
0.353838 3 8
0.628437 1 7
0.415486 11 5
0.249501 13 7
1.79201 6 1
0.793846 4 2
6.41147 9 1
4.71313 9 1
1.02655 9 8
0.170239 12 11
11.0495 6 0
0.871833 8 0
0.636253 3 1
0.111747 7 3
0.0593145 2 10
0.275725 2 0
2.38316 6 0
0.291626 2 1
3.0234 3 0
2.90935 3 0
1.43774 2 1
1.43002 2 1
0.469136 2 1
0.797632 2 1
