1.9578 6 0
2.64557 4 0
0.579963 9 0
0.279713 1 0
6.19332 4 0
2.42003 4 0
0.83432 6 0
0.223862 5 0
2.5034 5 0
0.269572 0 0
1.89672 4 0
0.313732 13 0
2.36958 9 0
0.195786 9 0
0.523876 11 0
0.075783 7 0
8.59835 8 0
2.87688 8 0
1.12613 10 4
0.351448 11 7
7.67537 3 0
1.76909 4 0
0.681396 4 0
1.36774 4 0
3.29456 7 0
1.44678 8 0
0.704555 10 1
0.415413 10 0
1.2748 9 0
0.0952937 1 0
0.0864031 4 0
3.84132 8 0
3.89733 8 0
2.4424 8 0
2.33494 8 0
0.0764929 7 4
1.32836 5 4
0.110549 6 0
0.0246685 10 0
0.903275 3 6
1.60902 4 5
4.38619 5 5
0.496114 5 10
0.113481 5 0
0.0155333 5 0
0.177353 6 1
0.237444 14 1
1.5553 10 2
0.121907 9 6
0.346048 2 0
1.07123 1 0
0.970777 9 1
0.513058 1 1
0.139658 4 4
0.240134 13 2
6.67257 3 1
7.01069 3 2
21.6146 3 0
1.75499 4 3
13.0991 3 1
18.7159 7 3
5.36424 7 0
4.22469 7 0
1.55092 3 0
2.02898 11 2
22.9786 12 2
7.93285 12 2
17.697 12 1
