6.10368 13 0
0.763769 0 0
1.55234 7 0
0.49608 10 0
1.7641 8 0
1.28201 6 0
3.29182 6 0
5.60554 6 0
7.5367 5 0
10.6955 6 0
5.7999 13 0
8.87918 13 0
2.72214 6 0
1.17892 8 0
1.16273 4 0
0.506362 1 0
1.25956 2 0
0.557736 5 0
0.450928 6 0
0.744815 5 0
1.63672 9 0
0.118036 2 0
0.055248 3 0
6.62538 13 0
4.06594 3 0
0.260095 4 0
8.49396 8 0
2.13735 7 0
1.52365 8 0
1.43683 7 0
2.0096 13 0
1.38645 12 0
3.78757 13 0
5.56 13 0
8.98455 7 0
3.13308 6 0
0.0719756 9 0
2.05495 5 0
0.443099 7 0
0.666057 9 0
0.0725568 5 0
0.184034 4 0
0.49798 5 0
1.47349 4 0
0.450258 5 0
0.541537 6 0
0.238466 5 0
0.603226 2 0
1.46419 3 0
0.210862 7 0
0.902286 7 0
19.072 6 0
1.92419 6 0
1.46525 8 0
2.07569 13 0
0.556203 12 0
14.2349 13 0
24.0086 13 0
20.0042 7 1
2.69848 7 0
0.348357 5 0
0.39533 3 0
0.725153 2 0
0.48643 5 0
0.711071 3 0
0.143134 10 0
0.46119 6 0
0.148761 4 0
0.328991 14 0
0.113599 9 0
0.299958 10 0
0.219132 7 0
0.0622258 5 5
0.848866 5 3
0.655174 4 8
0.573351 5 9
0.130522 0 3
0.614353 2 1
1.58289 5 3
0.212492 3 7
8.25141 4 6
4.15812 3 7
0.307826 7 6
0.374538 5 4
0.0634401 8 5
0.420277 8 2
12.2357 4 0
3.41067 7 1
0.370046 6 0
0.607126 11 0
0.139883 11 0
0.0872013 11 0
9.83537 4 0
1.15059 4 0
0.829346 3 0
0.797528 4 0
2.42755 8 0
10.5396 8 0
21.9031 7 1
18.8623 7 1
1.33607 4 3
0.152487 2 6
0.380469 6 4
0.140232 6 3
0.111252 7 3
