0.366258 7 0
14.8149 7 0
2.80363 8 0
2.6164 8 0
1.34284 7 0
1.05551 5 0
0.680809 7 0
9.99806 6 0
2.07705 8 0
0.138401 7 0
0.415763 5 0
1.25339 9 0
0.506381 9 0
3.07091 9 0
6.3716 9 0
18.4503 10 0
22.5479 10 0
9.3392 10 0
3.56639 7 0
5.17031 7 0
0.606386 4 0
0.985627 9 0
27.7076 5 0
2.34519 4 0
0.787417 6 0
24.3518 6 0
6.58908 6 0
0.519877 2 0
0.20599 14 0
0.162672 10 0
0.0112211 10 0
0.359975 11 0
0.804466 11 0
1.53142 9 0
0.653579 4 0
0.117937 5 0
0.0359657 9 0
0.284856 9 0
0.055387 13 0
0.00290362 11 0
0.0336095 6 0
0.18788 4 0
0.210675 5 0
0.241544 5 0
0.170673 11 2
0.0661494 14 4
0.2179 9 8
0.256279 10 7
0.969794 14 5
0.371338 11 8
0.0225726 14 1
0.0751242 11 4
0.177695 5 0
0.151348 5 0
0.176586 4 3
0.317895 5 5
0.137577 4 5
0.0377199 3 3
8.23628 7 0
0.669083 6 3
6.79106 7 0
2.19729 9 0
0.102855 1 0
0.0546363 7 9
0.0227743 7 9
2.42993 11 0
1.43276 11 0
0.605159 10 0
0.139008 14 1
1.29315 7 1
2.64025 6 2
10.1155 7 0
9.78755 7 0
6.31609 7 2
4.15953 7 1
2.04374 8 1
0.463695 13 6
0.115294 10 6
