0.762315 13 0
3.88982 6 0
0.988905 5 0
0.130281 6 0
0.0651839 6 0
3.45277 2 0
1.55345 2 0
9.47322 2 0
13.9849 2 0
0.807749 10 0
6.31934 10 0
2.98568 9 0
5.39084 11 0
0.640958 6 0
0.436008 9 0
0.234214 10 0
0.437247 8 0
0.325115 8 0
0.534862 11 0
4.16378 6 0
1.25571 5 0
0.983535 10 0
0.552064 2 0
9.29723 2 0
1.03982 9 0
1.66763 13 0
0.331614 12 0
0.307371 11 0
0.225206 11 0
0.23151 8 0
0.335963 10 0
0.347941 5 0
0.0454164 10 0
0.242367 4 0
0.297824 7 0
1.2086 10 0
1.23702 11 0
0.447109 13 0
0.413414 12 0
0.0892344 7 0
0.32751 9 0
0.261122 9 0
0.366561 6 0
0.321735 8 0
0.210953 9 0
1.59534 6 6
0.346292 5 9
0.301256 7 3
0.0441039 8 5
0.684364 4 5
0.292764 3 9
0.124934 9 8
0.784957 13 3
0.315673 14 3
0.189619 6 2
0.0890665 9 6
3.17113 5 0
0.333969 10 0
0.753499 7 0
0.989575 8 0
0.878689 14 0
1.95891 10 1
4.23855 10 1
2.26855 10 1
10.4954 10 1
12.091 10 1
0.189891 14 0
0.174582 11 0
0.542057 13 1
5.61263 10 1
2.6294 10 1
0.150649 13 0
0.125796 11 0
4.09796 10 1
6.74774 10 1
2.52246 10 2
3.57341 10 1
0.339557 10 3
