1.382 2 0
0.0752456 11 0
9.60215 4 0
10.9409 4 0
5.6032 4 0
7.48446 3 0
5.13577 4 0
2.21071 2 0
1.81307 5 0
1.01277 1 0
2.48754 3 0
1.97921 4 0
0.46091 3 0
3.27821 4 0
6.90866 3 0
7.13533 4 0
0.784076 3 0
0.192895 3 0
0.430409 10 4
0.746513 13 6
0.156782 9 10
5.52495 4 0
1.72112 4 0
5.50351 4 6
1.51552 3 5
0.0450187 12 0
0.142469 7 0
0.161484 8 0
0.208148 6 0
0.873299 9 1
0.354624 10 0
0.64473 10 0
1.99696 5 0
0.117537 5 3
0.0618561 13 0
0.0915654 8 0
0.381263 6 0
0.208072 7 0
0.917835 7 0
1.9064 7 0
0.163413 6 0
0.211518 10 0
0.101797 10 0
0.142182 14 0
0.128519 12 0
1.68033 12 0
0.0236337 14 0
0.0169749 14 0
0.412822 14 7
1.44943 13 4
0.251888 14 7
0.263519 9 9
0.152311 13 8
0.390592 5 7
0.112038 3 10
0.479931 3 5
0.159849 7 7
0.273095 12 6
0.140229 11 0
0.509762 13 0
0.115953 11 0
0.125587 9 0
1.0696 4 3
16.4627 8 0
0.360381 12 0
0.406783 12 0
1.28197 3 0
63.1155 9 0
57.8207 9 0
0.287888 6 1
0.341998 3 1
1.766 6 0
9.42056 4 1
3.54442 5 1
