0.701654 11 0
2.18207 12 0
8.961 10 0
16.5727 10 0
1.86809 13 0
0.854065 9 0
4.11487 13 0
2.2505 12 0
1.03763 13 0
1.24752 7 0
6.7463 6 0
1.716 5 0
7.7874 2 0
24.0285 2 0
1.05003 7 0
1.39577 11 0
0.439159 11 0
1.668 12 0
0.805822 14 0
5.6616 13 0
0.269337 11 0
0.322704 12 0
1.23359 11 0
0.0808934 11 0
1.52958 12 0
11.4142 6 0
0.399367 4 0
2.29772 2 0
1.83717 2 0
1.81845 3 0
0.455369 3 0
0.655349 14 0
0.244767 13 0
1.3269 11 0
0.363789 10 0
0.229246 12 0
1.06075 8 0
1.17931 11 0
15.3878 10 0
0.176468 5 0
0.068725 13 0
0.167421 14 0
0.18288 14 0
10.8704 5 0
15.9676 5 0
5.94009 5 0
3.54409 5 0
0.356383 3 10
1.57404 3 0
4.0767 3 0
1.36686 2 0
2.29319 3 0
0.98018 2 0
0.768088 2 0
1.1305 1 4
0.396986 10 0
0.726243 12 0
0.438721 9 0
0.322303 11 0
0.313217 7 0
0.0800848 9 0
0.427906 6 8
0.203022 2 9
0.0477595 10 0
0.0499923 10 0
0.472566 8 3
0.156614 11 3
1.81035 13 8
1.2316 14 9
0.142265 4 5
0.808161 2 1
0.361631 11 6
0.104312 1 8
1.3885 1 3
0.46899 1 5
7.96374 2 1
12.2376 8 0
21.5683 8 0
1.48326 3 1
2.1715 9 2
21.268 8 0
7.31325 10 5
5.74114 10 6
0.747808 2 1
3.22776 3 1
