0.246079 1 0
3.19407 12 0
31.6851 13 0
2.77605 4 0
0.185816 10 0
0.400663 8 0
14.9954 3 0
16.0667 3 0
0.656949 5 0
2.12859 4 0
0.593205 2 0
0.181028 14 0
2.86111 8 0
0.444177 4 0
0.0757552 8 0
0.85804 5 0
0.0231052 12 0
0.1732 11 0
0.868209 4 0
1.3934 4 0
0.766196 6 0
7.43898 3 0
0.759363 7 0
0.705378 3 0
0.4147 4 0
0.444127 9 0
1.23313 12 0
0.552655 13 0
0.470556 11 0
1.59406 13 0
0.891263 14 0
0.869002 12 0
0.0176099 10 0
0.234456 7 0
2.46675 4 0
0.886766 4 0
0.188767 12 1
1.03013 11 0
0.475125 10 0
0.72477 13 4
0.137168 11 8
0.485063 6 3
1.16192 14 6
0.123974 11 11
0.587688 9 0
0.539406 9 0
0.0233138 12 0
0.00987119 11 0
0.142484 6 0
0.231972 7 0
0.323308 7 0
0.150199 4 0
0.85058 3 0
2.95099 3 0
1.7043 5 0
1.01988 6 0
0.339175 7 0
0.749886 8 0
1.70838 12 4
0.572618 12 7
0.0705415 7 0
0.264794 8 0
0.462211 4 7
0.173907 2 11
0.597549 10 1
0.442431 5 5
0.075928 4 11
0.229812 10 7
0.676287 3 0
0.479949 3 0
0.126132 4 2
0.256513 10 2
0.229764 12 5
0.156215 7 3
0.535524 8 5
0.190307 3 7
0.374441 9 0
0.0789643 14 0
0.592406 3 4
0.397108 6 4
0.669365 3 8
0.505586 3 7
0.174322 7 6
0.513336 12 3
0.644208 12 0
0.413251 10 0
0.515088 12 0
0.200618 11 0
1.00072 8 0
0.676726 6 1
0.133892 4 3
1.2395 11 5
0.31327 10 9
7.485 3 2
4.97208 1 0
3.44731 14 0
0.534719 7 0
0.0300787 7 0
0.0256008 3 0
0.674895 5 2
0.156283 2 4
8.09989 13 0
0.948318 1 0
1.02567 13 0
1.59141 13 0
0.771667 4 0
3.63581 3 6
3.90602 3 6
13.9657 1 0
5.30442 1 0
0.726835 1 3
0.296296 2 4
4.06415 14 0
3.06644 13 0
1.06998 13 0
0.451997 14 1
