1.10036 2 0
12.5593 2 0
1.48038 2 0
0.739589 4 0
1.29337 5 0
1.69834 6 0
1.0345 4 0
0.567838 12 0
0.567772 13 0
5.37222 2 0
5.49276 2 0
10.608 2 0
1.95077 2 0
1.21596 5 0
0.797098 3 0
0.845596 7 0
0.75806 6 0
2.48697 6 0
1.34395 14 1
0.127443 5 0
0.175176 2 0
1.38113 10 0
1.58983 10 0
2.89666 10 0
0.330417 5 0
0.205029 8 0
0.321793 13 0
0.280753 13 0
6.11044 2 0
17.894 2 0
0.335976 9 0
0.515696 8 0
0.469127 11 1
0.212422 11 3
0.614841 4 0
0.265896 4 0
0.197427 14 0
0.159422 14 0
0.216995 2 0
0.243612 5 0
0.526403 3 0
0.689392 5 0
0.15988 10 6
0.145738 10 9
0.515979 11 1
0.582261 10 1
0.399761 7 3
0.810902 10 3
0.274703 6 6
0.140544 9 6
0.109044 14 7
0.691113 12 2
0.168966 4 7
0.767598 3 5
1.10935 7 5
0.166123 9 8
0.0505623 7 10
0.364173 9 5
2.6236 11 1
4.36992 10 0
2.5141 11 3
0.226089 10 7
1.5503 12 0
2.30185 12 0
0.209301 11 4
0.0986231 5 8
0.106773 14 5
0.714072 14 4
2.80446 5 0
22.9726 5 0
20.6269 5 0
3.78474 5 1
