80.4329 11 0
1.84758 8 0
1.14785 6 0
0.656599 3 0
4.63969 1 0
12.8631 2 0
0.269225 13 0
1.37742 2 0
0.761358 5 0
0.565411 2 0
0.62343 13 0
0.335798 3 0
8.645 12 0
1.06958 11 0
2.82579 13 0
2.2329 11 0
1.90435 13 0
1.72347 7 0
6.49684 6 0
1.0552 9 0
0.793108 12 0
10.0883 12 0
3.81641 12 0
0.28281 12 0
2.1685 13 0
1.4858 14 0
0.298071 10 0
0.372543 3 0
1.459 7 0
0.714417 8 0
0.366211 10 0
0.512095 6 0
0.368352 11 0
0.381498 11 0
0.49362 5 0
0.335942 13 0
1.61671 3 0
2.79718 3 0
0.606225 8 0
5.57528 7 0
6.53572 2 0
1.91144 5 0
0.877177 3 0
0.734322 9 0
0.166394 9 0
4.73561 14 0
0.247022 12 0
0.438763 10 0
0.190406 14 0
1.49046 13 0
1.0726 11 0
0.492783 12 0
0.188675 8 0
0.484672 8 0
0.641652 6 0
0.474181 5 0
0.152089 12 0
0.25542 4 0
0.871883 13 0
0.373843 10 0
0.212419 13 0
1.59319 6 0
0.318648 11 0
0.604354 7 0
0.227116 9 0
0.0991995 12 0
0.355227 10 10
0.11619 10 12
0.180044 3 0
0.0747194 8 0
1.31942 7 0
0.266844 7 0
0.354124 6 9
0.615076 9 0
0.589797 10 0
0.745915 2 0
0.420471 2 0
0.202978 6 7
0.0870242 8 0
0.131177 10 0
0.196773 2 0
0.219864 2 0
0.643781 4 0
0.247082 4 0
0.375776 8 0
0.42968 11 0
1.65589 11 0
2.21312 11 0
3.97018 12 0
1.75915 12 0
0.53598 13 0
5.5322 12 0
0.14568 3 0
0.858467 4 0
0.251177 9 0
0.317999 4 0
0.271575 13 0
0.0226071 11 0
0.139779 6 0
0.092187 10 0
0.441817 14 0
0.556841 12 0
0.225641 8 0
0.191496 8 0
0.206821 13 0
0.130316 3 0
0.230353 10 0
0.590666 5 0
1.59948 5 2
0.161333 7 5
0.110754 2 10
1.34911 2 6
0.211785 10 4
0.0781422 1 8
0.203691 10 5
0.121284 12 9
0.472619 2 4
0.144183 5 7
0.326183 12 6
0.0883135 8 11
0.0164124 8 0
0.0364592 5 0
0.0694626 12 9
0.703156 12 5
1.04159 13 5
0.720507 13 6
0.0351069 6 9
0.852363 3 5
0.812749 5 3
0.16468 3 6
0.403007 7 0
0.215835 3 1
0.0322565 11 6
0.43106 7 2
0.0547604 6 0
0.0152599 7 0
0.290386 6 0
0.234841 14 0
0.0220864 11 0
0.0374599 11 0
0.514285 7 1
0.78448 7 0
0.12055 1 5
0.550017 4 1
2.60492 1 0
2.34856 9 0
0.493552 14 1
0.193014 14 0
0.710688 3 0
0.795471 1 0
1.65225 1 0
0.893507 1 0
0.309084 5 1
