138.968 4 0
23.4499 11 0
9.97502 11 0
1.72063 11 0
8.05001 11 0
4.49563 11 0
6.60282 11 0
13.8928 10 0
6.60319 13 0
4.01112 13 0
5.48938 13 0
1.8741 12 0
0.670712 13 0
1.32708 14 0
1.73591 14 0
0.360123 12 0
1.95212 14 0
6.53819 14 0
2.60881 14 0
2.16715 7 0
0.179911 2 0
0.779403 5 0
0.76803 7 0
0.0734093 9 0
0.361783 4 0
0.360978 4 0
0.138893 14 0
0.144515 13 0
0.605023 5 0
1.03259 7 0
0.98086 6 0
0.723572 6 0
0.0990895 9 0
3.64531 5 0
3.90109 6 0
0.291796 6 0
0.262616 12 0
1.02531 7 0
0.567268 3 0
0.316849 10 0
1.55722 7 0
0.756174 13 0
10.898 11 0
1.85323 12 0
1.29246 9 0
0.153314 7 0
2.37117 12 0
2.37978 12 0
0.712167 13 0
0.120704 2 0
1.58031 9 0
1.35899 6 0
10.1651 8 0
4.33531 8 0
4.71138 8 0
5.3035 8 0
2.2624 8 0
0.170216 10 0
0.923415 9 0
0.496103 8 0
0.484359 12 0
0.344959 13 0
0.775258 14 0
0.229859 7 0
0.369824 9 0
0.416322 12 0
0.346822 9 0
0.324507 10 0
0.667062 9 0
0.568371 6 0
2.5273 5 0
0.053094 10 0
0.324002 10 0
0.353227 2 0
2.21541 11 0
0.785643 12 0
1.38914 14 0
0.203273 14 0
5.49581 8 4
9.47392 8 6
0.294022 8 0
0.310504 6 0
2.13259 5 0
1.15849 6 0
0.112026 6 0
0.183517 12 0
0.0718155 7 0
0.251559 9 0
0.198628 7 0
0.114224 11 0
0.510116 9 3
0.0511569 13 7
0.260816 4 6
0.221644 4 7
3.70244 8 4
1.12427 8 7
0.334248 8 0
1.62553 12 0
4.99459 11 0
2.41585 11 0
2.70442 11 0
0.110126 7 0
0.030325 7 0
1.91279 11 1
0.250948 13 2
0.119674 1 3
0.511227 8 2
1.48872 12 0
1.51109 12 0
0.370879 10 0
0.320957 8 3
0.862859 13 2
0.827535 11 1
