0.63518 10 0
3.28683 8 0
1.87578 12 0
0.176401 9 0
0.527616 6 0
7.27765 2 0
0.773241 3 0
1.54553 2 0
9.74829 2 0
24.103 2 0
5.73075 2 0
0.134137 1 0
0.422781 1 0
0.524379 7 0
0.651203 5 0
1.00428 11 0
2.54648 12 0
0.18618 12 0
11.8829 4 0
2.70565 2 0
2.08651 4 0
4.59945 12 0
21.1096 4 0
0.702982 3 0
0.624947 7 0
0.906464 7 0
1.29329 7 0
0.587134 9 0
1.30639 8 0
0.500374 13 0
0.273893 9 0
0.132041 13 0
0.184679 13 0
1.94334 3 0
0.694986 3 0
0.40761 10 0
0.405218 13 0
0.176392 8 3
0.2304 6 4
4.37433 7 0
2.21898 7 0
6.60301 7 0
0.227539 7 0
0.213164 3 0
0.279483 6 8
0.105847 9 9
0.7992 14 1
0.17219 12 4
0.659877 5 3
0.178246 4 6
1.09721 3 3
0.138213 3 8
0.387372 7 6
0.141165 12 7
0.352813 5 5
0.0410215 9 4
11.4276 13 1
2.25338 14 2
6.4315 5 0
1.25004 5 0
10.5834 14 2
1.00612 6 0
3.94502 6 0
9.2702 13 0
12.0091 13 0
16.2146 13 0
1.2469 13 3
1.45329 14 2
11.3174 13 0
