0.8811 12 0
3.2634 14 0
1.44718 13 0
2.00824 13 0
2.07793 13 0
1.16076 8 0
0.665237 12 0
0.946421 8 0
0.255161 7 0
0.646264 4 0
1.46463 3 0
1.26715 4 0
3.55716 3 0
4.35095 7 0
0.945115 4 0
0.279972 10 0
12.9772 14 0
3.63781 14 0
0.732875 13 0
0.841737 11 0
0.173834 5 0
1.76962 14 0
1.54611 13 0
0.105721 1 0
42.3566 7 0
1.86633 7 0
4.28223 8 0
0.413629 6 0
3.93364 9 0
7.44387 9 0
0.0467489 4 0
0.0792012 9 0
0.103662 14 0
7.15817 14 1
0.816008 13 0
0.661504 13 0
0.427206 6 0
0.76111 6 0
0.180001 6 0
0.537406 7 0
0.0455815 5 0
0.420735 5 0
0.074422 6 0
0.109711 11 0
1.69027 11 0
0.89181 12 0
1.51691 13 4
1.66136 14 4
0.674732 10 0
1.08667 7 0
0.452168 6 0
0.800104 14 0
5.1191 14 1
0.362759 14 1
0.415882 2 4
0.0477754 2 11
0.163815 12 0
0.131105 11 0
2.68558 4 2
25.8016 14 0
7.6211 14 1
16.4303 4 1
30.8495 4 1
