1.79032 11 0
0.624237 4 0
2.92916 3 0
0.107767 14 0
0.537841 9 0
0.06051 7 0
2.91538 4 0
0.517719 3 0
0.129696 11 0
0.800639 6 0
2.40857 6 0
0.352123 4 0
1.27811 3 0
1.96424 3 0
0.444888 7 0
0.397103 13 0
0.710716 4 0
5.56384 2 0
0.555419 5 0
0.817348 3 0
1.25436 8 0
0.439363 8 0
0.889909 8 0
0.712254 3 0
0.113177 4 0
14.2039 4 1
3.0825 4 2
5.92537 4 1
0.160252 10 0
0.115093 14 0
1.0818 11 8
0.608738 10 10
8.3124 6 0
0.873684 6 2
0.0207461 13 3
0.243463 7 5
0.697202 14 2
0.29309 10 3
1.75304 12 0
5.13989 7 0
0.0896848 11 0
0.444289 3 0
0.564601 5 0
0.851241 14 1
1.075 6 1
3.71541 5 0
1.6156 11 0
0.295992 10 1
6.39223 6 0
4.89568 6 0
