1.58334 10 0
0.932289 1 0
3.74424 3 0
11.4084 3 0
0.3223 8 0
0.786547 9 0
0.681845 8 0
0.772589 10 0
0.33004 5 0
0.257724 7 0
0.587568 5 0
0.169156 7 0
2.0583 9 0
4.13385 10 0
3.65578 10 0
2.49284 9 0
0.584983 3 0
0.254846 5 0
0.149659 11 0
1.27257 8 0
1.84014 3 0
0.594556 3 0
0.824962 3 0
5.99674 3 0
21.1381 3 0
0.150765 10 0
0.276251 9 0
0.18815 9 0
0.928402 9 0
0.336283 6 0
0.714467 10 0
0.665362 5 0
0.117428 6 0
0.631424 6 0
1.39467 7 0
26.4954 13 0
0.677343 13 0
3.24567 9 0
0.288078 10 0
1.15616 10 0
1.10375 3 0
1.0668 1 0
0.98577 13 0
2.78378 13 0
0.11099 11 0
2.41365 10 0
0.65652 10 0
0.00974465 7 0
0.148976 11 0
0.148785 3 0
0.177918 3 0
0.331801 10 8
0.423451 5 8
0.183396 3 5
0.168974 4 9
0.817903 10 0
0.520737 13 1
0.26109 2 2
10.9219 1 0
4.85916 1 1
0.927593 6 0
0.367556 7 0
2.33318 8 0
0.615917 8 0
1.73999 9 0
0.0659779 6 0
0.0450106 6 0
1.29316 1 1
0.634855 2 2
