32.0782 3 0
2.1102 13 0
4.34055 8 0
0.305371 12 0
1.91244 14 0
2.43341 9 0
0.952736 10 0
2.81544 7 0
1.26848 8 0
0.337906 4 0
0.1657 8 0
1.58283 7 0
0.0981271 8 0
0.475437 14 0
0.71425 8 0
0.616078 7 0
0.127767 8 0
0.314378 13 0
0.545582 7 0
4.53662 8 0
2.56664 8 0
0.496581 6 0
0.893049 5 0
0.176186 3 0
0.279845 4 0
0.812385 10 0
0.720483 7 0
3.01377 11 0
2.7987 11 0
1.31248 11 0
3.84314 11 0
0.371003 1 0
0.0509123 6 0
12.0555 8 1
0.0640965 13 0
0.128649 8 0
0.140102 12 9
0.503249 13 5
2.88335 11 0
1.21859 9 0
1.41855 12 0
10.5149 7 1
2.45161 7 2
2.82674 10 1
7.70837 7 0
5.32967 10 1
5.13752 10 1
2.87545 7 1
