26.5959 12 0
0.363162 10 0
1.45812 1 0
2.06692 2 0
4.59293 2 0
0.429809 6 0
0.128219 5 0
0.367916 4 0
0.113937 14 0
6.4106 12 0
0.261693 11 0
0.288444 13 0
0.112634 2 0
0.175165 10 0
0.32568 13 0
0.169117 13 0
1.11501 7 0
0.0793374 7 0
0.95085 9 0
34.919 10 0
0.127282 13 1
0.032357 6 6
1.26554 2 0
0.199781 2 0
0.818828 2 0
0.638051 2 0
1.60912 5 0
1.1557 4 0
0.465782 5 0
0.276863 5 0
0.282227 13 0
0.0392699 14 0
0.043315 5 9
0.279766 13 4
0.173908 8 5
0.242202 7 4
2.66946 8 0
1.1025 8 0
1.53637 2 1
0.477066 3 0
0.086885 3 4
0.885565 3 1
0.657073 3 1
0.361954 3 1
3.79034 3 0
1.30526 3 0
0.632531 3 1
0.619206 3 5
1.02967 3 4
