68.5298 12 0
1.11876 2 0
5.72949 1 0
2.26754 2 0
2.09019 1 0
0.771937 13 0
0.363554 7 0
0.248645 7 0
1.45134 11 0
1.01859 12 0
0.329532 9 0
0.442931 9 0
0.161909 14 0
2.96855 1 0
0.564129 1 0
1.66965 1 0
0.349354 3 0
2.94236 3 0
1.67709 3 0
0.0210174 1 0
0.917785 5 0
0.428154 8 0
0.254288 8 0
0.185248 6 0
0.669724 11 0
3.36158 12 0
0.270089 13 0
2.82942 12 0
0.277201 11 0
1.02874 11 0
3.03874 12 0
0.751588 13 0
0.615382 14 0
0.45858 10 0
0.345524 5 0
0.348577 10 0
0.396096 11 0
0.46287 11 0
0.167968 13 0
0.147945 7 0
0.889244 1 0
0.994732 1 0
26.6938 9 0
13.3671 8 0
8.46409 9 0
0.668032 8 0
1.03705 10 0
0.196794 6 0
0.0307322 8 0
0.119598 3 0
0.232464 11 0
0.123503 14 0
0.586569 14 0
0.448058 13 0
0.206466 12 0
0.317781 12 0
0.0270311 14 0
0.510888 11 7
0.349168 7 8
1.24946 4 8
0.532907 2 10
0.218995 7 7
0.182576 9 6
2.6196 1 6
3.68035 1 6
1.73941 9 2
3.89737 9 1
0.427759 12 3
2.26214 9 1
5.21894 9 0
19.0769 4 0
11.008 8 0
2.02509 9 1
