0.987689 10 0
6.7967 10 0
2.2974 10 0
0.0821797 8 0
0.173293 3 0
3.21815 12 0
0.369543 12 0
0.295022 10 0
1.09099 14 0
12.1053 10 0
4.85135 10 0
0.922494 13 0
0.50892 12 0
1.37292 13 0
0.530416 11 0
0.50951 14 2
0.144708 12 5
0.403648 14 0
0.19496 11 0
0.213711 7 0
0.149344 11 0
0.267002 6 3
0.26251 8 0
0.0149877 8 0
0.441573 10 5
0.0542723 8 8
0.00406138 12 0
0.0597243 9 0
0.883759 5 1
0.707983 9 0
0.765965 14 0
0.268501 3 0
0.00237495 12 0
0.0857751 5 0
0.232797 7 0
0.770471 8 0
0.462603 14 1
0.649833 7 5
0.272601 7 8
2.44612 1 0
1.71394 1 0
4.56671 1 0
1.3045 1 0
2.04309 1 0
3.80741 1 0
8.59036 1 0
0.603444 9 1
5.81384 1 0
