43.0486 1 0
3.80754 9 0
3.55647 9 0
2.29504 8 0
1.38416 11 0
1.36379 3 0
3.4847 8 0
9.06945 8 0
13.6061 8 0
1.08179 12 0
1.11028 11 0
0.309126 12 0
0.606385 2 0
0.869025 11 0
0.123583 0 0
0.13652 11 0
1.68905 8 0
0.727061 5 0
0.224434 4 0
3.9471 4 2
1.50715 4 5
2.46228 3 5
0.688937 3 8
1.26862 3 0
1.91647 9 0
2.52874 8 0
2.88036 8 0
1.50636 7 6
0.336947 7 7
0.0832803 6 1
0.338564 6 0
0.0278391 10 0
0.327565 5 0
0.0813044 1 0
0.0351202 1 0
0.463732 10 4
0.0303784 3 9
0.262578 12 4
0.320071 6 3
0.56945 12 2
0.306906 11 5
0.27231 11 3
0.103057 6 2
0.184156 10 9
0.291512 10 9
0.548581 4 5
0.227192 1 6
6.04991 6 1
1.15006 6 0
4.5231 4 1
2.9623 4 1
9.72122 3 0
0.0275411 7 0
0.105236 11 0
1.21321 8 0
1.59687 11 0
7.34958 6 1
4.86722 6 2
6.42696 6 1
0.0932926 6 1
3.01779 8 1
11.6141 8 1
4.2123 9 0
7.14266 8 0
7.74921 9 0
7.3989 8 0
4.4501 6 2
0.67763 12 2
3.29594 8 0
1.75939 9 1
0.740907 10 4
0.175558 6 7
0.804857 3 1
9.90715 9 1
2.7583 9 3
3.57293 8 1
0.691108 9 2
