6.98127 7 0
1.79596 9 0
2.03655 4 0
1.57026 3 0
3.33877 2 0
13.0877 5 0
3.59455 5 0
0.392712 6 0
0.989833 5 0
0.202938 9 0
0.671583 2 0
2.50151 1 0
0.349409 8 0
0.972881 12 0
0.430429 11 0
0.563684 6 0
0.247446 14 0
0.326398 12 0
2.07904 8 0
0.999988 9 0
5.35117 10 0
4.19976 10 0
1.36465 9 0
4.62286 9 0
4.13772 8 0
0.234105 6 0
3.10413 7 0
0.181995 3 0
2.1653 2 0
0.997255 1 0
1.06436 6 0
4.26182 5 0
12.8583 10 0
9.82768 10 0
2.79557 5 0
0.818954 10 0
0.279545 5 0
0.350232 13 0
0.926032 13 0
0.606264 13 0
0.377539 12 0
0.877598 8 0
1.21305 8 0
1.64594 10 0
0.673574 10 0
2.08985 9 0
4.85733 9 0
0.636825 10 0
0.079473 4 0
0.0936725 2 0
1.27211 10 0
0.235422 12 0
0.243734 7 0
0.117169 6 0
0.223747 10 0
0.366038 8 0
0.231719 14 0
7.19184 7 0
2.84987 6 0
14.4263 1 0
0.513091 1 0
1.08853 0 0
1.20227 3 0
0.900967 1 0
0.767553 11 0
0.235405 14 0
0.248519 1 0
0.443163 2 0
0.490249 5 0
0.881339 3 0
0.328296 13 0
0.285181 7 0
0.239627 5 0
0.127604 14 0
1.3441 11 5
2.04923 11 4
0.635841 12 6
1.04725 11 5
0.394762 12 9
0.280367 11 9
12.8006 1 0
0.312322 14 2
0.599721 14 1
0.00955152 5 0
0.0030999 5 0
0.0279868 11 0
0.0324382 11 0
1.79511 14 1
1.89102 14 0
3.88912 13 1
7.58398 5 2
1.78235 13 2
4.47176 13 1
7.79969 5 1
0.625993 7 4
