10.0832 7 0
8.06746 7 0
2.73784 8 0
3.43581 3 0
1.33476 5 0
0.615739 5 0
2.31218 2 0
1.90997 2 0
0.977511 3 0
1.80708 8 0
1.18787 8 0
0.431597 10 0
0.579422 13 0
2.20322 14 0
1.50882 13 0
1.93543 13 0
1.927 4 0
0.844499 8 0
1.14897 6 0
0.946044 8 0
0.252426 13 0
0.288485 5 0
0.473591 7 0
3.32508 7 0
5.3463 5 0
0.971421 5 0
0.107016 7 0
0.936555 1 0
6.93947 4 0
1.72486 2 0
0.208056 10 0
5.88458 12 0
1.97273 11 0
19.2958 11 0
1.32144 3 0
0.0634044 8 0
1.12103 9 0
0.906415 14 0
1.79714 14 0
1.45753 13 0
0.3402 3 0
1.34279 4 0
0.494311 6 0
1.61163 6 0
0.332134 5 0
0.386435 11 0
0.368286 4 0
1.0826 11 0
0.107363 6 0
0.169306 6 0
1.13801 4 0
4.81748 6 0
0.736299 3 0
0.248012 9 0
0.5494 6 0
0.487546 0 0
3.18016 12 0
0.155598 4 0
0.111162 6 1
0.277468 3 0
0.966837 2 0
0.0822397 6 0
0.0828556 9 0
5.74266 2 2
0.423485 2 6
0.22648 5 0
0.106511 12 0
2.60447 11 0
6.38642 12 0
0.0583113 8 0
0.302065 1 0
0.0116269 3 0
0.264832 11 0
0.838756 2 0
0.649896 2 0
0.243238 14 0
0.183319 13 0
0.23737 6 0
0.297634 6 0
0.209965 2 9
0.375975 7 7
0.875107 14 0
0.411571 13 1
0.455053 12 4
0.292791 12 7
0.722711 12 1
0.218092 13 3
0.349632 4 9
1.66453 3 5
0.975839 13 0
0.156169 13 1
0.19742 9 3
0.411466 12 2
0.623916 2 1
0.279542 2 2
0.314271 1 5
0.78738 3 3
0.501065 9 5
0.198614 13 6
0.10103 6 7
0.824568 10 3
0.453053 10 6
0.759716 8 6
0.116968 8 9
0.325657 8 6
0.226888 10 2
0.0735 13 7
0.530729 8 7
0.471403 5 6
0.380135 6 0
0.209098 6 0
8.01924 7 0
7.81861 7 0
14.5386 2 2
2.32087 2 2
4.85616 2 3
1.02321 3 0
0.511287 3 0
3.25706 2 2
14.4093 2 2
1.25779 2 2
8.82949 2 1
4.55753 2 2
