17.1643 12 0
12.254 7 0
0.508019 6 0
0.493483 2 0
2.12231 1 0
0.819847 1 0
0.269981 4 0
0.214768 12 1
0.992284 13 0
0.641413 14 0
2.01719 3 2
0.370606 3 6
0.8513 6 0
0.220339 3 4
0.387753 7 4
0.0492625 4 9
0.245401 2 11
1.17549 1 8
0.00284485 13 0
0.0615523 7 0
1.46489 7 0
0.435517 7 1
0.130473 9 2
1.18815 7 0
2.1807 1 7
0.977457 2 9
0.7584 8 1
0.164449 8 1
4.10672 10 2
0.449493 7 0
0.868446 5 0
2.12798 1 4
37.9825 1 1
5.88748 1 2
23.4457 1 1
12.1402 1 1
10.945 1 0
15.9211 10 1
5.28382 11 1
2.51271 4 1
6.75925 10 1
6.24505 10 1
