35.8353 3 0
62.8823 10 0
0.936181 5 0
1.28066 7 0
2.5229 8 0
0.233515 12 0
0.216443 4 0
0.382581 7 0
6.96213 6 0
0.472891 13 0
0.185614 1 0
0.42116 8 0
0.313926 10 0
0.526303 6 0
0.283883 3 0
0.165403 11 0
1.21717 6 0
0.125629 10 0
0.984544 2 0
0.24989 4 0
0.352209 2 0
0.325791 8 0
0.172997 3 0
0.0857469 3 0
0.13705 14 0
0.454521 13 0
0.53119 11 5
0.272462 11 0
0.419352 10 0
0.2206 5 0
0.47736 5 0
0.109449 8 0
0.0278409 8 0
0.238255 12 0
0.122766 10 0
0.255347 14 1
0.147937 12 3
0.153067 2 0
0.1175 4 0
0.308448 10 0
0.354882 9 0
5.71062 3 3
0.327247 5 4
0.0859181 1 8
0.553577 8 10
0.361423 11 10
0.297161 12 1
0.199573 7 1
0.463095 4 3
0.0573745 12 6
0.136862 5 3
0.0369776 10 8
0.0982016 13 8
0.241295 5 4
0.291197 8 5
0.218112 5 5
12.1461 5 1
2.02178 6 3
0.37218 5 7
0.0491246 12 0
0.0371115 12 0
0.330888 4 0
0.31035 7 0
0.0695204 5 0
0.0584105 4 0
1.60613 6 0
3.99407 2 2
6.81408 3 1
2.62889 6 1
5.46123 6 1
3.11407 3 2
