28.4075 9 0
1.44235 5 0
5.39399 5 0
2.27061 6 0
1.30161 6 0
1.31794 6 0
1.16265 7 0
1.61249 7 0
3.04877 10 0
0.983634 12 0
1.41933 10 0
17.3629 11 0
0.49562 4 0
0.0942085 7 0
0.368391 9 0
0.147937 10 0
0.641735 10 0
7.8677 3 0
3.35261 6 0
4.30648 6 0
1.24775 6 0
0.0527671 9 0
0.257041 9 0
0.741796 8 0
1.75783 11 0
0.576323 12 0
2.02217 11 0
1.58389 11 0
0.154609 9 0
0.0353029 7 0
0.144704 13 0
0.306886 11 0
1.36172 7 5
0.304864 5 8
0.0664919 8 0
1.73023 6 0
1.86112 6 0
0.644632 6 0
0.390949 5 0
3.16181 7 5
2.98124 7 6
0.100991 2 10
0.428132 11 8
0.165639 7 0
0.127886 10 0
0.365114 5 0
18.2443 11 1
2.70533 11 0
0.0568255 6 6
0.0170922 6 6
13.8158 4 1
8.27025 4 1
6.68481 11 1
18.6596 11 0
1.15469 11 6
5.22899 11 3
26.848 4 1
8.99017 4 2
