0.917898 9 0
1.23538 3 0
5.0737 2 0
1.12601 12 0
0.855208 12 0
0.861303 10 0
1.65563 4 0
0.527216 6 0
0.915112 1 0
1.12857 3 0
1.62993 2 0
3.0509 2 0
0.110883 12 0
1.64246 9 0
1.03628 14 0
0.917085 13 0
1.18534 11 0
16.4315 13 0
1.36537 14 0
3.99299 13 0
5.66448 14 0
2.64185 9 0
3.88968 8 0
1.17726 2 0
0.168573 3 0
0.288858 9 0
0.845286 3 0
0.0952274 1 0
13.5059 3 0
1.98227 3 0
6.91845 14 0
0.440453 12 0
1.9006 14 0
3.78858 14 0
0.877123 10 0
0.473977 12 0
19.904 2 0
28.975 3 0
4.50118 14 0
8.39094 14 0
0.386207 2 0
0.52551 1 0
8.59065 2 1
0.628903 3 3
0.270093 9 0
0.288223 8 0
2.47014 13 0
0.204559 13 0
0.297585 14 0
0.140027 14 0
0.0234019 3 0
0.157774 8 0
0.175067 14 0
0.398614 13 0
0.165735 1 8
0.208928 5 0
0.0831043 6 0
0.172417 5 0
0.0956174 5 0
0.329756 9 8
0.0608607 11 7
0.230968 8 2
0.0475809 9 7
1.79281 1 4
0.408314 2 8
0.272716 4 10
0.513463 3 9
0.202437 11 9
0.243802 12 6
0.0766841 7 10
0.392517 11 6
1.2427 12 8
1.46146 14 8
0.148595 7 4
0.412758 3 4
0.0240905 10 2
0.617488 2 0
3.01406 7 0
3.16409 7 1
0.166349 13 8
0.170198 14 0
0.103847 13 0
0.389194 2 6
0.0821051 7 10
0.255295 3 0
0.63533 3 0
3.6604 7 1
13.9165 7 0
2.23986 9 0
2.20804 7 2
10.426 9 1
1.50132 9 1
7.17215 9 1
