12.0632 3 0
0.278907 5 0
0.369075 8 0
0.211041 7 0
0.720328 5 0
0.791327 11 0
0.188703 13 0
2.2848 3 0
0.187676 5 0
0.566148 5 0
1.43593 14 0
0.483109 14 0
0.732403 13 0
0.450408 2 0
0.743851 14 0
2.824 14 0
1.17431 3 0
0.877817 7 0
8.33712 7 0
4.32666 7 0
1.17773 6 0
2.02633 11 0
1.30619 12 0
0.191033 13 0
2.00857 11 0
0.366368 5 0
0.322777 5 0
2.31558 3 0
0.594669 13 0
0.0822529 4 0
0.774626 10 0
1.01311 10 0
0.418251 7 0
0.604343 12 0
0.736778 10 0
0.629421 6 0
0.272036 10 0
0.611631 3 0
1.25474 8 0
0.654404 6 0
0.108942 13 0
0.177883 11 0
0.8062 3 0
1.07479 5 0
2.72006 10 1
0.0512712 10 0
0.0517526 13 0
0.241711 4 0
0.248198 3 0
0.200454 12 0
0.548051 10 0
0.286652 5 0
0.344005 5 0
0.060847 9 0
0.402417 9 0
0.155153 3 7
0.102372 14 2
1.68171 12 3
0.174048 12 8
0.33055 1 8
0.308363 3 6
4.15865 10 1
2.31436 9 2
0.166885 7 4
0.699871 11 1
2.55355 11 0
6.89912 11 0
6.07707 11 0
8.08793 10 1
2.95894 10 3
5.58692 11 0
5.78181 11 1
10.4819 11 0
11.1049 11 0
1.64096 11 1
3.23054 10 1
