30.369 10 0
2.09114 10 0
2.56077 12 0
0.852444 14 0
0.955413 2 0
3.31521 5 0
1.0501 2 0
1.5364 2 0
0.6573 3 0
0.288835 1 0
0.377208 13 0
0.257576 6 0
5.39844 4 0
1.08236 7 0
3.01075 5 0
1.9063 7 0
0.858925 4 0
1.46976 7 0
0.93712 2 0
0.600393 3 0
0.403609 8 0
0.170163 3 0
0.231317 12 0
0.501217 12 0
0.214779 4 0
0.306996 10 0
0.114173 7 0
2.13432 5 0
0.447764 5 0
3.4848 5 0
1.39632 6 0
5.31264 5 3
1.25274 6 6
0.242012 2 0
0.55607 4 0
0.236753 3 0
0.203848 7 0
0.154294 7 6
1.64955 8 2
0.272831 11 8
0.249373 3 8
1.064 2 1
0.115461 2 5
7.92335 6 1
10.4894 10 0
49.1687 5 1
2.81093 3 0
0.632908 3 0
0.601993 5 0
0.157147 6 0
2.69616 7 1
17.6435 6 1
6.55693 6 2
14.9455 10 3
11.5241 11 4
6.03578 5 3
4.19624 5 3
22.2021 6 1
6.57787 6 2
