2.50436 4 0
6.0978 7 0
5.7132 8 0
0.413361 9 0
0.571535 10 0
0.867788 9 0
1.91279 6 0
1.47195 9 0
1.6249 13 0
0.263527 7 0
0.273826 4 0
0.956984 5 0
0.576919 11 0
1.40702 12 0
1.60499 10 0
0.686672 7 0
0.790158 4 0
2.5503 7 0
0.565065 10 0
2.54175 6 0
4.6339 7 0
5.83978 8 0
8.31456 7 0
3.10586 7 0
0.262224 11 0
0.156277 3 0
0.886984 12 0
0.0625749 6 0
0.435042 12 0
0.643738 3 0
2.18045 12 0
13.7284 10 0
5.80788 4 0
0.223157 11 0
0.317092 4 0
0.832342 10 4
4.67938 4 4
1.41869 2 4
0.433296 3 7
0.047963 6 0
0.315891 6 0
0.492239 9 0
3.19532 9 0
1.55251 7 3
0.451292 5 6
1.17067 14 10
2.54663 14 8
0.094365 5 7
0.331825 11 4
0.240744 3 2
0.235816 8 3
1.41418 5 2
0.147247 4 6
0.0887048 7 5
1.2781 6 1
0.335732 3 8
0.746828 4 7
0.212805 8 7
0.310658 3 8
0.0798953 6 1
2.67775 4 0
13.2228 4 0
1.43429 4 0
0.638236 9 3
0.15506 5 6
2.1332 5 1
0.540385 4 3
1.42083 9 0
0.379786 6 1
0.544105 4 2
10.0835 9 0
4.62715 9 0
