8.02257 4 0
1.71149 12 0
3.52934 13 0
0.220436 11 0
1.10581 5 0
0.84392 3 0
1.06417 5 0
1.32681 2 0
7.53575 14 0
12.1901 13 0
3.01398 14 0
1.31852 3 0
3.02478 6 0
12.7826 5 0
7.94221 5 0
6.12452 12 0
12.6445 11 0
12.5152 11 0
13.8301 11 0
7.12137 12 0
22.7195 11 0
0.989447 11 0
0.606837 1 0
9.35532 9 0
1.15867 9 0
5.54602 5 0
0.736269 3 0
2.25023 4 0
7.53436 5 0
8.78289 4 0
2.64734 13 0
1.34426 5 0
17.6616 12 0
3.91963 11 0
0.206991 13 0
3.76108 11 0
0.523727 13 0
0.879679 12 0
0.2888 5 0
2.25502 10 0
1.0605 8 0
1.92992 10 0
15.765 4 0
5.18881 4 0
3.87763 4 0
1.71295 4 0
0.371571 11 0
0.144098 13 0
0.0993626 4 0
0.0299083 4 0
0.151733 4 0
0.0770393 14 0
0.380329 6 0
0.533748 9 0
0.205934 2 9
27.7595 3 0
9.19351 3 0
2.46054 13 4
0.766684 12 7
4.16935 2 3
11.0192 2 2
1.27756 11 1
0.88918 4 2
0.322655 4 4
42.032 3 0
14.4399 3 0
22.5497 3 0
1.96457 13 0
11.4702 3 1
6.91983 3 1
3.03135 13 2
0.517971 13 6
