0.778262 6 0
1.2578 10 0
1.35261 12 0
9.6069 12 0
0.945338 12 0
2.22917 10 0
0.0718261 8 0
0.220146 6 0
1.59304 10 0
0.849728 3 0
2.23089 5 0
0.744738 12 0
11.5308 12 0
0.792403 12 0
1.19372 12 0
2.11605 12 0
0.628909 7 0
0.304018 12 0
0.498007 4 0
0.280298 2 0
1.00373 4 0
1.09613 5 0
0.637213 5 0
3.34425 5 0
6.4476 4 0
0.426868 3 0
8.61957 4 0
13.8905 5 0
8.06401 4 0
0.726012 0 0
6.41266 4 0
0.975531 9 0
0.235712 9 0
2.59177 2 0
0.00675476 9 0
0.0459249 14 0
0.612869 11 0
0.599395 12 0
0.117209 3 0
0.358414 13 0
0.172055 3 0
0.384256 11 0
1.20917 11 0
4.9825 11 0
0.190301 12 7
0.360224 6 7
0.64547 3 1
0.996281 2 1
3.22165 2 0
2.20626 2 0
0.844202 2 0
0.519317 6 0
1.84494 3 6
0.373053 4 10
5.96351 3 0
15.4671 12 0
6.15651 12 0
2.89244 12 1
8.4595 11 0
1.59833 11 0
0.00852546 13 2
0.0163169 12 2
3.78172 11 0
