1.10933 2 0
0.220017 5 0
8.95635 3 0
1.85647 4 0
50.7984 3 0
1.19793 7 0
1.29728 9 0
4.71478 6 0
2.5541 5 0
4.24937 5 0
3.40584 9 0
0.867184 8 0
2.60238 10 0
1.2672 8 0
0.558179 9 0
0.248349 12 0
1.18185 4 0
0.284597 3 0
0.152401 3 0
1.40889 5 0
2.26613 9 0
0.655805 9 0
0.0869782 14 0
1.17612 12 0
0.61285 13 0
0.686812 12 0
1.31556 9 0
6.18591 10 0
1.67614 12 0
0.597744 2 0
3.35664 3 0
4.60377 3 0
15.8809 3 0
16.1209 8 0
7.78674 8 0
2.35082 10 0
0.768641 10 0
0.865408 6 0
6.02287 5 0
0.885006 10 0
0.73701 4 0
0.362457 1 0
0.193047 9 0
0.720119 3 0
0.342002 7 0
2.66428 0 0
0.32102 3 0
1.54411 10 0
0.180835 7 0
0.843329 11 0
0.738644 8 0
0.250813 9 0
0.585354 12 0
0.295706 6 0
0.362276 14 0
1.62273 7 0
0.332092 6 0
0.115786 10 0
0.750125 14 0
0.252295 8 4
0.180385 10 0
0.0831784 7 0
0.066766 2 0
0.256846 7 0
0.0949334 4 0
0.108286 11 0
0.110762 11 0
0.197906 3 0
0.0501566 5 0
0.295163 6 0
0.373812 2 0
0.306882 3 0
0.343797 12 0
0.232945 9 0
0.556425 13 0
0.393402 13 0
1.15427 11 0
2.47364 11 0
3.26935 11 0
1.93063 10 0
4.82892 11 0
5.95434 11 0
0.883194 8 0
2.80438 7 0
0.41255 11 2
0.0291878 10 2
8.5218 10 1
2.83219 10 1
0.0141442 12 3
0.0934846 9 1
1.26336 11 0
0.210245 7 1
1.49738 12 0
3.91386 9 1
