63.9371 10 0
2.76931 10 0
1.52831 9 0
1.57764 8 0
0.0771514 4 0
2.58568 11 0
0.388978 13 0
0.409324 8 0
0.717884 8 0
1.30269 5 0
4.64763 6 0
4.26446 5 0
2.48354 10 0
0.69765 11 0
0.830786 14 0
2.46469 13 0
0.5912 14 0
0.785695 14 0
0.162926 13 0
8.36841 10 1
12.6146 10 0
5.83485 10 1
0.879898 12 5
0.25482 10 0
1.41544 12 0
1.03248 12 2
2.32612 12 1
0.720336 12 0
0.188226 13 1
2.25748 11 0
0.166381 10 0
0.190046 2 6
0.280662 2 6
0.375216 12 3
0.553405 5 0
0.244625 5 0
0.0896744 10 8
0.396645 3 5
0.534255 13 5
0.0483656 5 9
0.0268731 13 7
0.39902 4 6
0.0354364 2 0
0.0216213 2 0
0.235122 3 7
0.449428 6 6
0.264233 14 1
0.150106 5 2
0.227804 7 2
0.0492684 6 6
0.363502 10 7
0.184837 3 8
5.37775 13 1
1.59027 10 1
0.558197 4 0
0.118865 4 0
2.80672 12 2
5.26418 13 3
0.780768 13 6
4.22959 10 0
1.99955 10 0
