1.23252 12 0
16.7895 7 0
40.8695 7 0
4.17096 7 0
3.48744 7 0
1.14504 5 0
0.426249 8 0
0.476154 6 0
0.745694 8 0
4.98849 6 0
28.5106 12 0
5.01887 4 0
3.61369 5 0
0.521905 2 1
0.576177 3 0
0.252711 3 0
1.72924 12 0
0.756256 12 0
3.10742 7 0
0.875313 8 0
0.248616 10 0
1.07684 9 0
0.104022 7 1
0.775354 12 3
0.780903 9 4
1.14308 14 3
0.902613 12 0
0.77789 13 0
0.469503 2 0
0.195579 2 0
0.171157 4 0
0.168309 8 0
0.212128 6 0
0.185825 8 0
0.916945 8 1
0.0434411 11 3
0.695858 4 4
0.551285 5 5
0.0998384 8 10
0.842712 4 6
0.878477 8 9
2.9755 7 6
0.290536 9 8
0.204965 14 7
0.0187009 13 10
0.742608 11 6
1.54072 4 1
0.281169 6 3
0.23991 8 2
0.131615 10 2
0.638553 3 3
0.385857 3 5
1.09481 4 0
1.31283 4 1
0.290763 3 6
0.151189 8 7
0.193652 8 0
0.585608 8 1
7.08673 10 0
0.186762 2 1
0.286018 2 5
2.2233 5 1
5.3691 4 0
2.84992 4 0
2.30995 4 0
1.37711 2 1
0.230686 8 3
3.38778 5 1
1.62639 6 3
1.62939 3 2
1.05978 7 1
0.41596 8 2
9.16691 10 5
21.2508 10 4
