11.0483 2 0
1.48598 13 0
0.558901 4 0
0.0127504 6 0
1.74354 4 0
0.643808 5 0
4.51227 13 0
1.19401 2 0
0.702226 7 0
21.7629 1 0
5.10721 10 0
2.54507 9 0
3.43397 9 0
1.25443 10 0
0.560144 13 1
1.43357 4 0
5.68419 5 0
0.583579 5 0
0.538265 4 0
0.139239 10 0
0.531005 9 1
0.746773 12 0
0.602123 13 0
2.04967 9 0
4.76881 9 0
2.61575 10 0
1.43173 9 0
0.52488 12 0
0.699245 14 0
1.9408 6 0
0.287434 9 0
1.6084 12 0
0.0302465 2 0
0.101424 2 0
6.306 9 0
2.53499 10 0
9.95453 9 0
1.71208 9 0
5.3081 14 1
10.3487 14 0
0.468637 7 0
0.382912 2 7
2.64102 2 4
