1.94832 4 0
4.06038 7 0
1.98076 6 0
0.994698 2 0
3.59247 5 0
1.21474 8 0
0.635653 14 0
0.863362 14 0
0.49078 14 0
0.278582 8 0
6.54249 10 0
0.199889 12 0
0.0936519 13 0
1.0297 4 0
3.02975 7 0
2.73027 7 0
0.512173 10 0
2.47438 9 0
0.948092 12 0
0.236938 6 0
2.45967 14 0
0.0296868 7 0
1.89282 14 0
1.89409 13 0
1.07114 14 0
0.452518 4 0
8.5226 10 0
5.60734 10 0
5.91283 2 2
1.85467 1 4
0.673357 9 1
0.255846 12 0
0.0712584 13 0
0.602282 8 0
0.449557 9 0
0.0912072 11 0
0.0705371 11 0
0.678187 10 0
1.04752 9 0
0.158465 14 6
0.103728 7 1
0.407646 10 0
0.137417 6 9
0.284687 14 6
0.414731 5 5
0.374475 6 3
0.338344 13 9
0.158419 4 10
5.51782 11 6
1.38669 11 9
13.0189 7 0
4.8749 7 0
15.3246 7 0
19.4787 10 1
0.0862041 11 0
0.0391656 5 0
1.66413 9 1
0.0166027 10 0
0.0135203 8 0
0.880768 1 10
0.874569 1 9
2.07894 11 8
0.647997 10 11
12.4334 11 1
0.0189516 11 0
0.327271 11 0
0.207894 10 6
0.304103 4 5
1.75795 7 0
73.7605 10 0
8.74754 10 1
11.2161 8 0
9.39727 8 0
2.7126 10 1
12.53 10 1
1.09294 10 1
2.7792 11 8
6.49043 10 6
