84.6931 11 0
12.8443 5 0
20.7139 5 0
9.44693 5 0
7.03319 6 0
0.454358 7 0
2.6835 3 0
6.13066 3 0
1.54832 1 0
0.438314 10 0
0.0721682 14 0
0.424589 11 0
0.157343 6 0
0.457498 5 0
1.80774 5 0
0.147114 7 0
0.75005 6 0
0.380837 14 0
0.316603 9 0
3.37019 3 0
2.7713 1 0
0.890107 8 0
0.126029 7 0
0.613674 5 0
0.345386 13 0
0.564071 12 0
0.756153 14 0
0.5635 10 0
0.984359 14 0
0.779771 14 0
0.212397 10 0
0.208817 6 0
0.189228 6 0
0.400411 6 0
0.820322 10 0
0.230805 7 0
0.54736 9 0
0.31996 7 0
3.05808 5 0
3.648 4 0
3.24267 4 0
2.04748 4 0
1.38656 4 0
0.428854 4 0
3.431 3 0
0.173049 12 7
0.104782 12 7
0.370327 2 0
0.149295 2 0
0.496915 4 0
0.0958583 8 0
0.252469 7 0
0.14683 13 0
0.276617 12 8
0.488918 7 5
0.307277 2 6
0.107654 8 8
0.478457 13 4
0.227751 6 0
0.245697 6 0
0.340183 5 0
0.178218 3 0
0.329928 13 4
0.0466244 10 3
5.91258 14 1
0.904734 4 0
1.56883 4 0
11.1095 3 0
1.72381 4 1
0.14264 3 6
1.06914 6 0
1.98576 6 0
1.77901 5 0
0.460389 7 0
0.228647 3 0
3.78761 2 2
1.71329 3 1
3.20191 3 1
1.71616 2 1
13.2273 3 0
1.4126 2 1
0.367061 14 1
1.58764 14 1
0.333366 7 4
1.05209 4 0
0.839883 1 1
