8.39747 1 0
0.14784 1 0
0.771522 4 0
0.707027 8 0
1.98207 7 0
4.1689 7 0
4.1607 8 0
2.3303 8 0
0.222186 2 0
1.22574 4 0
4.09117 2 0
17.6867 2 0
1.90199 13 0
1.34233 10 0
0.275863 13 0
1.52043 4 0
0.0893136 11 0
33.1818 1 0
1.2929 2 0
4.24583 4 0
1.82497 5 0
0.673332 1 0
0.618475 3 0
0.204407 2 0
6.13744 5 0
3.43535 6 0
0.226729 7 0
2.20203 6 0
2.56389 7 0
0.0808929 12 0
2.71124 8 0
0.804736 9 0
2.84788 8 0
0.740502 10 0
0.977716 6 0
0.115907 2 0
1.62176 2 0
29.5705 2 0
4.88545 2 0
0.178133 4 0
0.352861 10 0
2.25814 3 0
0.20892 11 0
1.2282 4 0
0.983754 2 0
0.386525 7 0
1.82642 2 0
4.96559 1 0
1.31867 4 0
0.480995 4 0
2.53372 8 0
0.738233 9 0
0.162542 5 0
0.157099 1 0
0.653646 14 6
0.0980024 10 0
0.428284 11 0
1.06891 4 1
0.792845 7 0
0.0777124 11 7
0.166355 5 8
2.4826 11 0
0.108445 8 6
12.6021 1 2
3.43982 1 3
0.517249 10 9
0.544782 13 8
0.389329 2 9
2.21 2 5
0.557537 3 0
0.537096 2 0
1.90946 2 0
0.578627 4 0
0.869815 4 0
4.88052 11 1
2.92582 10 1
0.50323 14 8
0.564103 13 8
2.98993 2 2
0.481093 2 4
7.06836 11 1
0.809855 11 2
4.70429 11 1
8.26666 10 1
4.16791 10 1
6.01686 10 2
7.382 11 1
14.1845 11 0
4.56991 11 2
7.17337 11 2
