2.20415 7 0
1.79773 8 0
1.88002 5 0
2.21353 6 0
32.8468 5 0
3.35503 12 0
1.54879 9 0
0.0452233 11 0
0.740773 6 0
2.50549 12 0
1.57085 11 0
3.16317 13 0
0.383325 12 0
7.79984 2 0
1.3036 2 0
3.93411 2 0
1.20848 2 0
2.29853 3 0
0.307848 13 0
0.511554 9 0
0.312361 11 0
1.53128 14 0
3.84383 11 0
0.841026 10 0
1.22463 13 0
3.93043 14 0
0.430928 13 0
1.44825 14 0
6.48667 2 0
22.4326 2 0
3.03385 2 0
1.08872 1 0
3.90844 3 0
2.12703 14 0
0.630905 14 0
3.03149 13 0
0.0670702 11 0
0.0712948 11 0
3.13407 12 0
4.13047 11 0
4.72288 12 0
3.47452 12 0
0.95797 2 5
0.313927 2 9
0.107945 2 6
2.66002 2 0
1.22812 3 0
0.262843 7 0
0.202676 9 0
1.7857 11 7
1.22442 10 8
0.171421 14 9
0.331468 6 8
0.190665 4 4
0.15524 11 6
0.967716 12 3
0.269213 10 6
1.25774 13 6
0.943476 14 6
0.609767 5 0
9.66625 10 3
0.40619 12 0
12.4071 7 1
0.231525 10 0
0.144698 11 0
0.203857 6 0
0.145547 6 0
8.4657 11 2
13.1189 11 2
0.373864 5 0
2.9605 7 1
0.256258 5 4
