1.22822 2 0
0.403343 8 0
1.12506 11 0
10.8906 13 0
2.5175 13 0
0.332502 12 0
1.38631 11 0
0.772365 14 0
0.171795 10 0
0.701052 12 0
1.46602 13 0
2.93243 12 0
2.38113 3 0
2.07895 2 0
2.27806 3 0
6.90807 2 0
0.177029 6 0
4.40804 13 0
5.32637 12 0
0.466188 10 0
0.808339 13 0
0.531213 14 0
0.838114 13 0
0.111895 4 0
0.84317 11 0
4.45578 10 0
3.03886 9 0
0.916762 5 0
6.59188 13 0
11.2765 13 0
0.293257 1 0
0.364758 2 0
0.802669 7 0
0.127588 7 0
1.06418 10 0
1.9004 10 0
0.336121 6 0
0.0768269 6 0
0.404324 12 10
2.82156 7 4
0.748321 6 7
4.18835 1 2
0.00539024 6 0
0.0791184 6 0
46.554 7 0
2.20499 1 1
1.16401 1 1
19.1189 7 0
1.39526 7 0
0.402085 8 1
3.17221 1 2
5.86377 2 1
4.35993 1 1
