6.08175 5 0
2.54681 5 0
0.250404 2 0
2.19921 6 0
2.27831 10 0
2.20233 10 0
3.85893 9 0
44.1752 3 0
1.63738 1 0
7.01531 1 0
0.261087 4 0
0.803594 9 0
0.400117 7 0
0.194748 8 0
0.574684 12 0
2.68366 14 0
0.15472 8 0
5.70157 6 0
7.06467 6 0
2.12645 6 0
4.9736 6 0
1.11659 4 0
2.76199 7 0
0.985389 6 0
0.593656 8 0
0.130917 6 0
1.77694 7 0
1.30653 11 0
1.6326 8 0
1.25045 10 0
3.35501 9 0
81.8055 3 0
0.500753 4 0
0.527369 3 0
1.04458 0 0
4.30439 1 0
0.753724 1 0
2.47128 10 0
3.15749 10 0
0.260339 13 0
0.346928 9 0
0.135338 5 0
0.364007 12 0
3.94602 14 0
0.232597 12 0
5.98364 6 2
0.551596 7 7
0.504396 1 0
1.37546 1 0
4.36304 10 0
5.8617 10 0
0.519228 5 0
0.348969 8 0
0.906084 10 5
0.320637 10 7
0.319866 5 9
0.819502 2 0
0.0792901 2 2
0.108735 4 0
0.611403 4 0
1.89436 0 3
0.144827 2 8
1.39336 11 4
0.335715 13 7
0.132377 6 6
0.382904 4 2
0.18665 11 9
0.609417 13 8
0.175411 11 11
0.712686 13 8
1.99806 1 6
4.2157 1 4
2.4975 11 1
0.0118661 10 0
0.0310632 10 0
4.78153 11 1
0.230776 9 0
0.201716 8 0
1.77103 11 1
3.34639 9 0
5.89328 10 0
0.578049 14 0
0.0581275 10 0
0.130492 10 0
1.6906 12 1
0.726894 12 1
63.7317 9 1
26.4423 10 1
0.356917 13 5
0.156846 5 7
0.829832 10 1
5.04028 11 1
0.238577 14 2
3.64305 12 3
0.337304 12 7
