27.8222 4 0
6.93573 2 0
0.087846 5 0
0.341265 1 0
0.295467 3 0
2.50755 8 0
2.85879 8 0
0.741771 13 0
0.805906 13 0
0.348021 3 0
0.592931 8 0
3.7942 8 0
7.40863 8 0
0.312628 3 0
0.619785 6 0
0.101858 14 0
2.24023 8 0
3.50766 8 0
20.3896 8 0
17.4635 8 0
1.79254 12 0
4.13549 12 0
1.0217 9 0
18.4391 8 0
8.29438 8 0
0.0279839 11 0
0.0143568 7 0
1.24697 2 0
0.603491 2 0
0.218902 5 0
0.50018 1 0
24.9131 12 0
0.310454 8 7
0.381361 13 8
0.0658576 12 6
0.184155 6 10
1.73803 6 0
13.4345 6 0
0.185032 12 0
0.0943396 6 1
0.793548 9 5
0.103283 8 11
2.55947 2 7
3.24767 3 7
0.0766465 9 0
0.279026 10 0
0.106172 13 4
0.356013 2 2
4.21971 8 1
2.54151 8 2
1.51153 13 5
0.494388 12 8
18.8412 2 1
2.04683 5 2
0.261894 6 5
2.17276 5 4
0.282389 4 9
2.36788 12 0
7.49722 12 0
10.0955 12 1
3.23661 12 0
9.34285 12 0
8.15232 2 1
3.72129 2 1
5.99391 2 1
