0.227152 3 0
14.7792 10 0
0.28528 12 0
1.99487 1 0
1.33654 3 0
1.57251 14 0
1.70962 13 0
0.525967 12 0
0.41973 4 0
0.532077 12 0
0.041613 10 0
0.574372 6 0
0.0437703 14 0
0.313964 4 0
0.529246 4 0
0.621542 9 0
1.94594 4 0
0.990878 2 0
10.7265 0 0
1.75545 6 0
0.900994 6 0
0.282954 11 0
0.508519 12 0
0.697203 9 0
0.422928 9 0
0.620306 14 0
1.59718 11 0
20.7342 10 0
3.69291 10 0
0.932637 13 0
0.420351 5 0
1.69825 6 0
3.457 13 0
0.779078 12 0
1.03109 14 0
0.670598 11 0
0.3345 12 0
0.338831 7 0
0.483978 3 0
0.181566 7 0
0.798065 14 0
0.49043 10 0
0.689944 5 0
0.160039 4 0
0.476057 2 0
0.389566 10 0
0.416372 2 0
1.13114 5 0
1.59578 4 0
0.360361 5 0
0.379645 11 0
0.11755 14 0
0.345234 3 0
0.000268861 14 0
0.636035 2 0
0.310007 2 0
1.84219 2 0
0.998007 13 0
2.32839 13 0
0.45508 12 5
0.215199 12 8
0.623912 1 0
2.63697 1 0
0.226349 10 6
0.220107 11 7
0.0102432 9 6
0.253071 4 8
1.64693 5 4
0.0986877 6 10
1.34317 10 2
0.141206 12 6
0.142162 9 0
0.00407296 9 0
2.64459 6 0
1.99694 6 0
1.61076 6 0
2.12581 6 0
5.91888 13 0
15.0322 1 0
12.3563 1 0
10.1909 12 0
0.567282 13 0
0.939278 13 1
5.83735 1 0
2.73315 1 0
2.4702 1 0
2.21713 1 0
2.27323 13 0
4.03327 13 0
4.65983 1 0
3.09868 1 0
6.62466 1 0
7.22938 1 0
