12.7203 8 0
19.0448 2 0
4.82464 2 0
10.5241 2 0
12.4073 3 0
6.56645 2 0
1.47847 2 0
0.743476 3 0
7.79073 3 0
0.666361 6 0
0.496237 14 0
8.89641 13 0
0.617212 9 0
0.792065 4 0
1.86753 12 0
6.96499 12 0
3.54361 12 0
0.585196 11 0
0.414791 3 0
8.43248 3 0
5.62751 2 0
0.407411 5 0
1.55183 2 0
1.61408 12 0
0.914367 14 0
1.54808 13 0
0.283922 11 0
0.167445 13 0
2.4408 7 0
0.737794 5 0
0.786005 8 0
1.12221 4 0
0.153681 3 0
0.25349 11 0
0.831771 12 0
8.47149 12 0
0.212714 11 0
0.41689 11 0
0.0789746 7 0
0.0910457 5 0
1.3654 8 3
0.304296 8 5
0.360632 7 0
0.610392 8 0
0.726368 6 0
0.551681 7 0
26.1474 13 0
13.8567 13 0
0.946379 5 6
0.0249122 3 11
0.869591 8 4
0.290025 9 6
0.526509 12 6
0.534192 10 0
1.60029 10 0
0.0558377 14 1
0.0175144 11 0
0.0879632 10 0
1.72808 7 2
0.480274 7 5
0.656443 5 0
0.00722217 5 0
0.0542655 7 11
0.896083 9 7
0.357477 12 7
0.934124 12 4
0.795232 11 0
16.5457 7 0
5.1372 8 0
5.84287 7 0
10.2112 7 0
2.35976 11 0
0.0864695 8 0
0.00787479 6 0
1.05231 7 2
2.56991 8 2
4.43696 12 0
3.46734 11 0
2.35014 11 1
4.95052 11 0
