1.42023 7 0
2.70795 10 0
1.38348 10 0
0.645839 14 0
0.408341 10 0
3.97199 10 0
1.83067 11 0
1.21506 10 0
0.0442882 10 0
0.120077 13 0
6.07442 4 0
0.131136 10 0
0.11195 5 0
0.705471 13 0
0.661612 11 0
0.916669 6 0
0.608093 5 0
0.0611074 5 0
0.103348 5 0
0.18106 4 0
0.779963 3 0
0.410897 1 0
0.156536 4 0
0.0489004 10 0
0.102525 6 2
0.19617 3 7
1.59589 6 1
2.95413 6 1
0.159264 13 0
0.0517085 12 0
0.370993 5 4
0.177309 6 6
0.803501 6 1
0.0135046 9 3
0.252804 3 5
0.289702 5 6
0.0809906 7 5
0.372294 7 4
0.0891869 9 3
1.36886 5 0
0.959856 7 0
1.39811 7 0
0.95891 6 0
1.98751 11 1
34.7976 6 0
12.1206 6 0
0.801581 1 5
0.13778 3 8
0.0307695 13 0
0.078051 3 0
1.79741 8 1
1.43152 9 0
