22.5123 4 0
3.30001 4 0
4.54802 4 0
1.52495 3 0
2.57042 3 0
0.459593 8 0
0.232282 2 0
11.1221 13 0
0.324121 12 0
0.817908 12 0
0.58791 14 0
17.6802 5 0
0.411861 2 0
1.22969 5 0
1.27013 2 0
0.371926 5 0
0.384296 3 0
0.242258 2 0
0.796706 1 0
1.82785 12 0
4.28556 5 0
0.356138 5 0
0.347942 5 0
0.115418 9 1
0.226017 8 0
0.163969 11 0
0.138516 3 0
0.208956 3 0
1.14031 6 1
1.53805 6 4
0.79152 5 5
0.309147 6 0
0.400241 9 0
0.87832 14 0
2.05759 13 0
6.31201 13 0
8.52755 13 0
0.223613 12 0
0.17418 7 0
0.0417047 8 0
0.371896 4 0
0.10168 4 0
0.0434862 6 0
0.286497 7 0
0.288168 10 1
0.108077 9 2
0.583813 13 6
0.00533382 7 8
0.429343 4 7
0.13981 12 9
1.73793 13 6
0.466182 14 9
0.170693 3 3
0.0854087 14 6
14.3367 3 0
0.292951 6 0
0.137737 6 0
3.01463 6 0
0.772753 8 3
0.208717 6 7
7.93881 6 0
16.4784 6 0
3.99685 3 0
10.1606 6 0
4.61559 6 0
1.82317 3 1
2.04058 3 3
0.728308 2 5
