139.801 13 0
2.4471 11 0
0.651526 3 0
0.083101 14 0
0.0826318 7 0
0.386985 5 0
7.45953 2 0
0.42208 10 0
0.472357 5 0
9.07137 4 0
0.533228 5 0
1.25586 10 0
1.57269 9 0
2.30899 3 0
0.959756 3 0
1.75781 4 0
0.347924 3 0
0.465637 5 0
0.300089 4 0
0.460122 5 0
0.17142 11 0
1.22304 6 0
1.02317 6 0
18.7831 3 0
23.1 3 0
2.04733 3 0
3.67749 3 0
1.12064 2 0
1.21984 3 4
1.13575 11 0
0.26172 8 0
0.331013 2 0
0.602566 4 0
1.03389 13 0
1.24899 12 0
0.385644 3 0
0.232718 9 0
0.491575 1 5
0.446467 2 0
0.441701 2 0
0.0813822 4 0
0.299637 14 4
0.226805 9 6
0.386869 13 7
0.447492 11 5
0.114104 10 0
0.317084 4 0
0.0124414 7 0
0.176316 7 0
0.360156 11 4
0.183682 6 4
0.365403 5 2
0.163432 6 1
0.927425 10 5
0.315724 12 8
0.0225029 4 6
0.152517 6 2
3.02204 5 0
1.66372 8 0
0.153189 13 3
0.149319 13 6
0.0441328 14 0
0.181392 14 0
0.554076 7 0
3.31606 5 0
3.72525 5 0
6.61168 8 1
3.55496 8 0
1.95357 8 0
8.90056 7 0
13.1252 7 0
0.506415 10 4
0.548004 12 2
1.17588 3 0
0.0389322 12 0
0.171824 6 0
0.177028 2 0
0.280701 7 6
0.0627428 2 12
