10.039 7 0
0.569702 3 0
1.06879 3 0
0.517839 4 0
0.552652 14 0
1.01663 6 0
0.445413 10 0
0.90496 10 0
1.89534 9 0
0.234441 7 0
14.029 7 0
1.00011 11 0
0.533277 5 0
0.926574 5 0
1.54158 3 0
0.179206 11 0
0.458491 5 0
0.456404 1 0
0.541013 6 0
0.275695 10 0
0.188367 11 0
1.13759 11 0
2.17853 6 0
1.8035 7 0
0.193747 13 0
0.124292 12 0
2.09891 9 0
2.29842 8 0
1.68861 9 0
6.32869 8 0
1.81673 5 0
0.784621 3 0
3.24898 4 0
1.55414 6 0
1.06356 6 0
0.752155 4 0
0.767411 8 0
0.383489 4 0
0.116075 7 0
2.07663 6 0
1.51126 5 0
0.195272 6 0
0.257076 7 0
0.320347 11 0
0.426101 4 0
0.443231 5 0
0.237594 8 0
0.58962 8 0
0.105606 11 0
0.560372 7 0
0.619933 6 0
0.311566 14 0
0.465124 10 0
1.72313 12 0
0.112761 12 0
0.30395 11 0
1.20299 12 0
0.48655 12 0
0.277791 1 0
0.226559 4 0
0.129083 7 0
0.279819 14 0
0.872726 7 0
3.35027 7 0
0.411965 8 0
0.180363 1 0
0.650114 1 0
1.53475 9 0
0.214583 6 0
3.54796 7 0
3.07056 8 0
0.123092 9 1
0.443586 2 0
0.0269622 4 0
0.0117073 2 0
0.309836 13 2
0.796897 3 0
0.467893 5 0
0.183188 6 0
0.224623 5 0
0.10025 14 0
0.397645 14 0
0.185658 3 4
0.328749 9 4
0.0305847 11 6
0.760621 13 2
0.177802 11 1
0.360281 6 1
0.218415 5 6
0.22734 14 7
0.343438 5 9
0.684054 3 8
0.293349 6 6
0.170592 14 6
0.100096 5 9
0.378984 13 6
2.13761 9 2
0.660176 9 4
2.58452 10 4
0.308208 10 8
12.8233 11 0
1.00682 12 0
2.611 6 0
0.856219 6 0
1.8849 1 0
1.41099 1 0
0.351746 6 7
0.295105 8 0
0.100926 5 0
13.9957 7 3
8.50177 11 0
0.47993 11 1
2.59763 6 4
0.252329 7 8
4.86298 7 1
2.94598 7 2
3.51518 12 1
4.1436 12 1
1.40795 6 3
4.2176 6 2
0.865315 0 7
1.46787 1 5
