1.55382 12 0
2.61989 10 0
0.714214 10 0
1.03201 11 0
0.369844 9 0
0.683573 7 0
1.6586 7 0
2.12682 9 0
0.791163 6 0
0.668143 14 0
0.178192 8 0
0.950077 12 0
0.185073 14 0
0.696332 11 0
15.6339 2 0
15.9168 2 0
8.57461 3 0
16.7809 3 0
0.991423 1 0
14.6747 5 0
3.61995 4 0
2.95358 4 0
2.30455 4 0
0.373806 5 0
1.3461 3 0
1.20492 7 0
0.558776 7 0
3.0302 5 0
0.0814532 3 0
0.518024 13 0
2.81947 1 0
4.68774 2 0
7.34599 2 0
1.08032 3 0
8.32038 3 0
1.34264 2 0
0.280388 2 0
1.87715 1 0
0.212673 6 0
10.0682 4 0
0.487786 7 0
0.347429 1 0
0.581968 6 0
7.48161 10 0
4.16337 11 0
0.755436 9 0
0.274978 9 0
6.61817 11 0
6.38015 11 0
0.193508 14 0
0.287903 3 0
0.0466697 9 10
0.260375 10 0
1.0789 13 0
8.08516 1 3
4.76348 2 0
0.391741 2 0
5.59378 5 0
0.377631 1 5
0.0189111 12 11
0.0654829 13 0
0.316305 13 0
0.626335 13 0
0.599314 14 0
42.4552 14 0
1.03028 14 5
0.299491 13 7
0.27293 3 10
1.85289 3 5
10.8319 1 0
4.21255 1 2
6.02506 5 0
3.23319 14 0
4.26157 5 0
15.2318 14 0
0.569745 14 2
1.72459 4 5
0.538334 6 7
