5.59384 13 0
66.702 3 0
0.349113 3 0
2.00646 5 0
0.910979 4 0
1.66209 2 0
3.14888 14 0
4.25051 14 0
2.20369 14 0
0.230168 2 0
0.447262 8 0
1.20988 13 0
0.387293 4 0
1.23002 1 0
5.35999 2 0
1.12188 3 0
0.753831 6 0
0.364906 2 0
1.56685 5 0
0.379132 4 0
1.18165 3 0
25.1652 6 0
1.47197 5 0
0.720328 6 0
0.997493 14 0
2.96719 14 0
2.49574 14 0
0.654724 13 0
4.00554 14 0
0.451737 4 0
0.246828 4 0
0.661812 2 0
0.100038 14 0
0.0408537 9 0
0.657766 13 8
0.217577 13 0
0.0526359 12 0
0.296362 1 0
0.360228 0 0
0.391985 2 0
1.23324 2 0
1.24701 8 2
1.58809 9 1
0.123669 8 4
0.348135 7 6
0.410209 8 0
0.0510773 10 0
0.295088 5 1
0.130621 10 5
0.106064 10 9
0.572753 11 7
0.261624 6 9
2.31212 5 3
0.309847 7 8
0.765254 11 5
0.159434 9 7
2.54166 13 0
0.763867 6 4
0.201272 6 9
1.18093 4 0
0.523919 7 3
0.0430002 12 0
0.297699 12 0
0.333629 3 1
0.714221 6 1
4.07864 5 0
0.714834 10 4
1.18954 9 2
