1.52959 13 0
1.66972 13 0
2.59095 4 0
1.48889 2 0
3.53484 1 0
2.91756 1 0
12.1241 2 0
1.06315 11 0
0.157636 10 0
1.68476 4 0
3.0059 3 0
12.5754 3 0
0.889727 1 0
7.42259 2 0
1.25337 2 0
2.13081 0 0
1.20294 2 0
0.861825 3 0
0.636474 7 0
0.681814 11 0
0.22394 11 0
1.31815 11 0
0.164825 10 0
0.590916 14 0
1.32956 12 0
2.6754 12 0
0.68695 12 0
0.316451 11 0
0.206894 2 0
0.144327 8 0
0.17559 2 0
0.578847 5 0
1.57144 9 0
0.801181 14 0
0.317373 13 0
0.361545 10 0
0.246454 2 0
0.625345 1 0
2.29201 4 0
1.01808 5 0
4.20038 4 0
22.3587 3 0
2.45367 1 0
0.79715 13 0
0.554759 5 0
1.94218 13 0
0.106973 14 0
1.31507 13 0
1.22939 12 0
0.647721 11 0
0.0366376 13 0
0.269162 5 0
1.29096 2 0
2.07046 2 0
2.94229 10 0
8.18748 10 0
1.74871 3 7
0.388901 5 10
0.270254 12 0
0.0699602 12 0
4.37558 11 0
0.299478 11 0
0.257029 12 0
0.168458 2 0
0.0952198 5 0
0.223134 2 0
0.194521 8 8
0.411703 3 4
1.18004 1 0
1.64232 1 0
0.698871 1 0
0.0889013 14 0
0.362933 3 10
0.0932321 9 0
0.253445 12 0
1.11113 12 0
1.44997 12 0
0.145068 12 0
0.396531 6 0
1.06657 6 0
1.09593 5 0
0.353735 5 0
0.242802 8 0
0.298391 7 0
0.456246 9 7
0.589134 7 5
1.07437 2 3
0.284185 2 7
0.547326 5 8
1.99607 7 5
0.0966556 6 7
0.377199 11 4
0.244448 13 2
0.106667 10 6
0.159464 13 9
0.815612 12 4
0.322304 7 3
0.125496 11 6
0.846373 13 4
1.36087 13 4
0.287093 8 6
0.449346 12 4
0.119489 4 8
0.291075 12 8
0.0549441 4 8
0.331746 10 8
0.466147 6 10
0.264821 8 10
0.26942 13 1
0.0425123 14 0
0.0599607 7 0
0.421812 13 0
0.0781583 10 0
0.0672396 11 0
0.0118079 10 5
0.0171154 10 5
4.6225 1 0
0.224676 12 1
0.205125 12 0
0.754585 10 1
0.937019 11 0
9.65647 1 0
35.6786 1 0
0.359853 12 0
4.89786 1 0
16.0294 1 0
8.21942 1 0
