1.88942 12 0
12.7128 13 0
2.52607 1 0
1.07797 3 0
3.48791 1 0
1.44207 1 0
0.198585 13 0
3.0582 2 0
0.517181 3 0
9.54009 2 0
1.1815 2 0
1.83213 2 0
28.983 2 0
1.7188 7 0
0.242503 12 0
0.485084 3 0
11.9248 2 0
2.48685 2 0
0.466158 7 0
0.412552 8 0
0.207269 6 0
6.57244 11 0
0.110344 2 0
0.428632 3 0
0.0674885 6 0
0.165132 10 0
1.50455 6 0
2.04595 6 0
0.127714 11 0
0.651144 9 0
0.466473 7 0
0.142163 7 0
0.0695441 3 0
0.257472 1 0
0.116772 12 0
0.0734951 3 0
0.0194003 6 0
0.0102102 9 0
0.109141 6 1
0.149677 12 0
0.206554 12 0
1.35166 1 6
0.269284 2 10
0.324536 6 6
0.317328 1 6
0.274482 6 7
0.21083 2 10
0.778352 6 5
2.11623 7 3
0.35578 8 10
0.160797 13 11
0.0543255 9 4
0.372469 4 1
2.20384 13 1
1.17058 14 0
12.5272 2 0
0.0799084 7 0
0.0344981 6 0
0.978475 4 2
0.222573 3 5
0.294765 2 7
0.128427 3 12
1.73273 6 4
0.159376 8 10
10.7522 2 0
17.4071 6 1
0.90697 7 2
17.5945 6 1
18.9728 6 0
2.38874 13 1
17.5225 13 0
