26.7222 11 0
26.503 5 0
3.31095 5 0
1.25495 5 0
2.00627 5 0
1.56719 8 0
0.603318 5 0
0.0617713 5 0
0.0658637 11 0
0.649412 4 0
0.479561 3 0
0.456513 2 0
0.190056 13 0
1.0892 5 0
0.825282 9 0
0.324446 8 0
0.692405 14 0
2.72725 12 0
3.93596 4 0
2.91166 5 0
1.86204 5 0
0.0455255 6 0
1.52676 7 0
0.721891 10 0
0.818296 10 0
0.309599 8 0
0.280485 6 0
0.434857 13 0
0.62559 6 0
0.660849 1 0
0.761635 1 0
0.908378 2 0
1.01717 1 0
3.22238 3 0
1.77613 2 0
0.759837 3 0
0.35544 7 0
0.774694 10 0
0.701428 14 0
3.24574 11 0
1.81068 11 0
0.411684 12 0
0.230538 13 0
0.648872 6 0
0.622701 6 0
0.0702314 4 0
0.0519709 8 0
0.261589 3 0
0.383178 7 0
0.285995 11 0
0.876742 13 0
1.71597 5 0
0.370732 4 0
0.118669 11 0
0.286639 9 0
0.19296 2 6
0.406441 6 6
0.0915286 12 0
0.0481649 13 0
0.157195 4 7
0.0741682 9 0
0.202134 9 0
0.0913902 3 0
0.0594605 5 0
0.224394 3 7
0.269761 6 6
0.695043 11 3
0.366306 8 4
0.147903 3 1
0.093372 3 4
0.39373 8 0
6.96652 5 1
2.32805 7 2
6.26665 8 0
1.42425 7 0
1.02067 9 0
0.253902 4 0
0.37287 11 0
0.543264 7 2
0.126989 14 7
0.164367 6 10
24.1415 9 0
0.187242 3 1
0.44899 4 1
1.11945 6 2
2.31841 8 3
0.383724 5 3
2.15187 5 8
0.938968 4 10
2.18648 6 1
5.19202 5 1
0.358836 8 3
1.59386 4 2
