1.14481 3 0
0.849173 10 0
0.291959 10 0
0.334335 6 6
0.0683536 12 9
2.29768 2 0
0.176966 12 2
0.0604241 5 4
0.0776699 7 0
0.129094 10 0
0.292533 4 0
0.619983 3 0
0.0563872 14 0
0.185426 13 0
0.217577 2 0
0.143049 4 0
0.352819 5 0
0.416393 4 0
0.4784 9 5
0.105097 4 10
0.197795 11 9
0.255583 7 8
2.16315 6 4
0.528685 5 6
0.259342 10 1
0.0632635 6 4
0.178558 2 7
0.879599 1 5
0.720647 1 0
0.301753 0 0
0.903897 3 0
0.32383 1 0
0.00836197 4 0
0.140117 6 0
0.287833 14 0
0.305329 14 0
0.935718 5 7
0.0775298 13 0
0.00989205 13 0
0.200494 2 11
0.851544 2 8
2.75296 4 5
0.548254 4 9
0.34815 4 1
5.71345 7 1
15.4839 7 1
7.48234 7 1
2.64819 6 8
1.50452 6 9
