19.9292 4 0
0.316207 7 0
0.0958278 6 0
0.406875 2 0
0.403988 4 0
0.525558 6 0
1.44569 8 0
0.262112 5 0
0.283625 4 0
3.94392 2 0
0.912709 1 0
10.3581 1 0
0.428049 11 0
0.74265 4 0
0.854104 11 0
1.06593 9 0
0.486121 5 0
0.241042 10 0
0.0975849 6 0
0.251558 7 0
1.25268 13 0
0.0656944 7 0
0.18755 4 0
0.371823 8 0
0.405486 5 0
0.363628 5 0
7.48605 5 0
4.71925 5 0
5.4601 4 0
6.90416 4 0
0.107556 10 0
3.45036 1 0
6.30445 1 0
0.903469 8 0
0.417435 1 0
0.26426 13 0
0.183736 9 0
0.138493 9 0
0.401991 4 0
0.458514 4 0
0.117252 4 0
0.171787 6 0
1.89161 5 0
0.334604 7 0
0.209394 12 0
0.309093 7 0
0.203904 12 0
0.246976 13 0
2.48863 10 0
3.68085 10 0
0.495085 10 0
0.434062 12 0
1.37351 10 3
0.150245 12 6
0.237556 12 0
0.316625 14 0
3.19221 12 4
0.555647 12 8
0.19036 14 11
0.0442353 6 8
2.49523 6 0
13.8938 5 1
0.418913 3 3
0.0148569 9 9
0.506725 5 0
0.140101 6 0
2.94468 6 1
1.80121 7 2
1.00216 8 1
0.564003 6 0
1.17904 6 1
3.30175 6 0
