11.261 8 0
21.3381 8 0
7.18161 8 0
6.02476 8 0
6.97265 8 0
5.37709 9 0
2.18624 10 0
4.83231 11 0
0.614254 14 0
1.75555 12 0
0.622529 8 0
2.02273 8 0
1.56673 10 0
1.42036 9 0
1.27625 13 0
3.26299 14 0
4.58876 14 0
1.92453 13 0
1.14273 13 0
0.657575 2 0
1.85164 8 0
11.7728 8 0
2.13184 11 0
0.415115 4 0
0.174735 10 0
0.680381 3 0
0.346331 9 0
2.39426 12 0
0.353553 13 0
1.13202 13 0
0.142894 13 0
12.2415 14 0
1.25037 13 0
4.67527 14 0
0.444485 12 0
11.3195 5 0
4.02997 5 0
2.56491 8 0
0.623051 11 0
0.67107 10 0
0.529869 5 0
0.104952 5 0
0.617657 5 0
0.373169 8 0
0.893974 5 0
0.156485 4 0
0.173069 13 11
0.209529 12 0
0.104664 8 0
0.668825 2 0
0.578387 3 0
0.46071 6 3
0.122993 11 3
0.633723 10 10
0.243278 12 11
4.02485 9 0
0.397191 8 2
0.160503 11 5
0.03177 11 0
0.0338019 11 0
2.71379 9 0
8.62065 9 0
1.1058 4 0
3.64957 4 0
3.05623 2 1
0.622374 3 0
1.31622 14 0
2.68142 3 0
1.53613 2 1
4.34223 3 0
1.87887 4 1
0.392524 13 1
0.263047 13 6
0.263074 7 6
