40.4825 11 0
1.92733 2 0
6.94192 2 0
21.0613 2 0
12.6759 2 0
24.3838 2 0
1.60742 11 0
1.73957 12 0
3.22515 12 0
5.38011 12 0
5.20172 13 0
2.66849 8 0
0.427248 8 0
2.80497 2 0
15.9972 2 0
5.98316 2 0
6.0063 13 0
7.28565 13 0
8.92995 13 0
0.95659 12 0
1.08092 14 0
1.04752 7 0
1.25219 7 0
0.979737 7 0
0.115427 4 0
5.47631 2 0
6.28257 3 0
8.74574 2 0
14.9735 2 0
12.6742 2 0
12.2004 2 0
4.80716 11 0
2.20743 11 0
4.97283 12 0
0.449942 13 0
7.32599 12 0
0.589073 8 0
0.264936 4 0
1.10965 2 0
1.56044 12 0
0.333321 13 0
0.372703 9 0
0.167011 7 0
0.356767 10 0
0.277173 8 0
2.38038 3 0
1.74599 2 0
3.22415 13 0
0.325027 7 0
1.20988 8 0
4.84691 13 0
1.05625 13 0
0.883844 14 0
0.748705 13 0
0.0905171 10 0
0.32287 8 0
0.278183 13 3
3.04281 6 2
1.30464 12 2
0.593101 13 0
0.673454 14 2
1.13446 13 1
0.278418 5 0
0.0715769 5 0
0.875937 9 6
0.16928 12 9
3.20086 6 1
