4.19892 2 0
2.44191 3 0
3.21742 2 0
0.667471 1 0
2.14656 4 0
0.865084 1 0
1.74957 10 0
1.05919 9 0
1.04493 10 0
1.46756 6 0
1.17085 6 0
0.48216 13 0
0.685017 12 0
0.472542 5 0
0.0112956 9 0
4.09352 10 0
1.02128 9 0
7.71921 10 0
4.50432 8 0
6.06393 7 0
0.24625 10 0
0.412089 6 0
2.81692 8 0
27.9242 9 0
0.687433 7 0
1.64818 10 0
0.174108 3 0
0.526416 6 0
0.472515 2 0
2.00582 6 0
0.680852 4 0
0.531745 11 0
0.695051 3 0
0.524813 7 0
0.802439 9 0
0.272292 12 0
7.58259 1 0
1.10081 3 0
0.283247 12 0
4.00308 8 0
0.0685175 12 0
0.471689 9 0
0.200301 12 0
2.78887 10 0
6.30519 9 0
2.34483 10 0
25.8186 9 0
4.06956 9 0
1.38265 8 0
0.408089 3 0
1.13909 2 0
0.764157 9 0
0.357465 5 0
0.418123 11 0
0.456198 12 0
0.987478 13 0
0.051251 4 0
0.772595 8 0
0.476374 8 0
1.88832 7 0
0.246887 5 0
0.0471879 6 0
0.0768643 13 0
0.84561 9 0
0.868058 9 0
0.398573 14 0
0.253692 11 0
0.0510079 6 0
0.155494 6 0
4.98329 1 0
0.169543 12 0
0.166929 6 0
1.58944 11 0
0.352532 9 0
0.700392 10 0
2.01156 9 0
0.0883848 4 2
2.08281 9 0
5.0736 9 0
0.191109 4 12
0.142358 9 0
0.517007 11 0
0.61522 14 0
0.617127 13 0
0.216796 11 5
0.238277 6 0
0.139296 5 0
0.117766 12 3
0.938716 3 7
0.369211 3 8
1.11555 14 6
1.61874 14 5
0.570798 2 6
0.304932 3 6
1.37539 9 2
1.12013 10 3
0.380273 11 2
0.34541 6 3
0.749957 8 5
0.124371 4 9
1.11719 7 0
17.5214 1 0
1.59578 8 1
1.59085 6 6
0.232133 8 10
1.30517 10 2
0.185477 11 7
1.22863 1 1
2.32402 1 1
2.73578 7 0
0.931542 5 2
2.98571 7 0
13.3743 6 1
0.838015 5 3
0.64366 8 5
1.27344 7 4
