20.6954 10 0
1.46602 2 0
0.678988 6 0
0.42589 13 0
2.82789 2 0
2.10934 2 0
1.08081 8 0
0.512426 7 0
0.348843 3 0
0.0317213 7 0
1.79038 14 0
0.411851 12 0
0.120208 14 0
0.681939 12 0
0.720673 9 0
0.311257 12 0
0.944779 3 0
0.611145 3 0
1.67583 5 0
0.494906 1 0
1.01823 4 0
0.47369 3 0
0.419779 3 0
1.21324 3 0
0.0815422 7 0
2.54107 2 0
0.485844 13 0
0.243036 4 0
0.343155 10 0
0.228435 10 0
0.640377 12 0
0.550706 12 0
0.618924 13 0
0.479686 7 0
1.33217 5 0
0.470918 5 0
1.40719 10 0
0.515953 9 0
1.36878 9 0
0.3179 8 0
1.41483 14 0
2.17367 14 0
0.289721 10 0
0.0902828 8 0
0.715194 14 0
0.222604 12 0
0.14585 8 0
0.207994 8 0
0.117802 12 0
0.17114 12 0
0.0108417 10 0
0.38921 9 0
2.85172 6 0
18.5362 14 0
0.241546 6 0
15.4886 14 0
27.0259 14 0
1.66784 2 0
4.87638 2 0
5.41347 6 0
1.80816 5 0
2.90166 6 0
