2.37773 3 0
27.788 2 0
24.8092 5 0
6.42869 5 0
4.75506 5 0
2.86381 3 0
3.87011 14 0
1.99116 13 0
1.20867 14 0
6.16683 13 0
1.24382 14 0
0.268922 12 0
1.21222 12 0
1.48498 13 0
5.10309 11 0
2.76804 8 0
1.51482 10 0
0.567659 11 0
0.50825 14 0
0.323672 10 0
0.77558 3 0
0.284936 12 0
0.777464 9 0
0.189647 8 0
0.311122 12 0
0.392347 10 0
0.335412 14 0
2.47392 3 0
1.40948 2 0
4.63024 2 0
1.26052 2 0
5.18133 6 0
1.57135 13 0
0.297343 13 0
0.663675 12 0
1.87883 8 0
1.01712 10 0
0.0151098 11 0
0.630641 11 0
0.692418 6 0
0.810078 12 0
0.270538 8 0
2.03998 13 0
1.73537 12 0
0.227221 14 0
1.08283 13 0
1.26441 13 0
0.414273 11 0
0.27362 9 0
1.22061 10 0
0.32681 13 0
40.7789 2 0
31.943 2 0
0.378525 3 0
0.977314 6 0
0.851454 6 0
0.551448 4 0
1.29789 3 0
2.55912 3 0
5.76359 13 0
7.42611 13 0
0.329326 11 0
1.59676 9 0
1.63722 1 3
0.620855 14 0
1.45973 12 0
0.251391 12 0
2.01253 13 0
0.488373 13 6
0.451408 10 6
1.01703 13 4
0.630804 14 2
0.0143287 14 3
5.59479 7 1
0.0445671 8 0
0.163948 10 0
1.32622 1 5
0.26489 1 11
8.01193 7 0
6.15761 10 0
9.46604 7 1
