1.33861 3 0
0.666936 8 0
0.0717971 11 0
0.887953 2 0
0.974484 9 0
0.169579 9 0
0.570316 12 0
0.354532 3 0
2.12242 6 0
9.05321 6 0
10.1402 6 0
0.933677 6 0
0.604365 8 0
0.782027 4 0
0.216266 7 0
1.26788 9 0
2.62596 5 0
1.03736 6 0
9.37568 6 0
0.146724 10 0
0.213548 13 2
6.06329 10 0
0.179958 10 1
0.586998 2 3
0.0663237 4 9
5.52377 2 1
4.98945 1 0
1.18559 1 0
0.289573 3 0
0.180011 9 0
0.265824 6 0
0.744492 5 0
0.57936 8 0
6.9199 12 0
2.21656 12 0
0.372652 13 0
0.235995 7 0
0.707095 3 0
0.488309 2 1
0.0408855 10 0
0.161511 12 0
1.11972 8 0
0.430755 7 0
0.655199 4 5
0.225983 7 6
0.329416 9 4
0.273069 11 6
0.825228 7 0
0.179941 10 0
1.08488 1 1
4.62867 2 1
1.53159 2 1
0.361918 9 0
0.807477 10 0
22.8955 12 0
0.0784366 4 0
0.0764827 4 0
1.27874 3 1
0.144261 3 2
0.963137 1 1
0.551234 5 1
0.411598 7 0
0.645808 7 0
0.43495 3 0
0.365233 3 0
0.869275 2 2
1.05511 2 2
0.601575 5 2
0.121948 3 3
0.0267522 3 3
0.175681 13 1
