226.267 3 0
3.76659 13 0
0.891717 9 0
3.99996 12 0
1.75776 12 0
0.737273 13 0
0.156703 13 0
14.3698 11 0
45.1404 11 0
1.1279 7 0
0.775144 14 0
0.555986 3 0
0.273186 12 0
0.373331 10 0
0.756681 12 0
2.27445 13 0
0.527198 14 0
0.164751 3 0
0.263977 10 0
2.06095 13 0
0.754472 12 0
1.34093 12 0
1.44441 13 0
2.51502 12 0
0.731417 13 0
1.30182 12 0
1.40374 11 0
0.25186 8 0
2.35871 14 0
3.46203 13 0
1.12293 13 0
3.44896 12 0
1.16557 10 0
0.305448 8 0
0.509944 8 0
0.706877 14 0
0.634502 13 0
0.586731 12 0
0.496885 11 0
1.14646 12 0
0.814834 9 1
0.270426 7 2
0.816224 5 0
1.3304 5 0
0.237155 8 0
0.267997 4 0
0.119457 13 0
0.110744 11 0
0.776158 13 0
1.63234 12 0
0.137462 6 0
0.243506 12 0
0.295563 10 9
0.460201 11 6
0.233161 14 2
0.211691 14 5
0.0645518 13 0
0.0496957 14 0
33.8708 7 0
18.846 7 0
3.6027 10 0
2.7482 10 0
0.631334 9 0
4.21693 10 0
1.05246 9 0
0.806524 9 1
0.534047 11 1
5.8165 9 0
