2.98953 12 0
0.370609 14 0
1.72751 11 0
0.92831 4 0
1.7137 4 0
0.549843 5 0
4.08814 5 0
0.645223 4 0
0.290375 9 0
2.39514 3 0
2.04155 3 0
2.52168 4 0
0.384407 2 0
4.40605 5 0
4.16345 4 0
1.91281 5 0
3.16439 4 0
0.924308 2 0
6.03678 2 0
0.116185 9 0
0.145846 2 0
2.26439 1 0
0.683216 2 0
1.17322 4 0
1.01261 2 0
0.775035 6 0
0.383054 5 0
1.22746 4 0
0.468181 13 0
0.513049 11 0
1.83186 9 0
7.31286 2 0
3.51794 3 0
0.635176 1 0
0.449982 5 0
1.3059 4 0
1.07956 3 0
1.05006 4 0
0.359618 5 0
0.143027 2 0
2.64629 4 0
0.473377 5 0
3.40611 4 0
14.6612 5 0
1.53027 4 0
2.22188 3 0
0.811591 3 0
1.1809 3 0
0.340993 3 0
0.61873 2 0
0.564177 1 0
0.168517 3 0
0.549466 5 0
0.141968 10 0
0.206011 10 0
0.905464 7 0
5.52079 6 0
28.7638 13 0
0.138828 10 0
0.144529 14 0
0.183174 12 0
0.218856 7 0
1.21914 3 0
1.27532 3 0
0.363392 12 0
0.133951 12 0
0.131424 5 0
0.343431 3 0
0.678114 5 7
1.93382 5 4
0.397686 4 6
0.401941 4 7
0.550709 2 6
0.127728 2 7
0.574732 2 9
0.148369 6 11
0.164244 9 5
0.118402 8 9
0.157837 7 7
0.357509 14 4
0.120493 8 9
0.280993 13 5
0.348983 7 0
0.0426505 8 0
0.0236979 6 10
0.100348 6 12
5.77601 7 1
11.0022 7 1
26.978 8 0
7.28727 12 1
14.3087 12 0
3.51998 12 0
8.77621 3 1
