1.17063 13 0
1.46398 13 0
1.5216 12 0
4.25691 3 0
1.69798 4 0
0.554042 8 0
0.0199048 9 0
0.787384 4 0
0.483483 8 0
4.70704 11 0
1.22166 13 0
0.235659 8 0
0.417898 11 0
1.57259 6 0
3.79675 2 0
1.54578 3 0
1.18484 1 0
0.444847 1 0
0.999924 14 0
0.370955 3 0
1.12778 12 0
0.923918 9 0
0.219025 10 0
0.330763 14 0
2.6303 11 0
1.4841 12 0
3.2337 2 0
1.66929 5 0
0.789964 6 0
0.358011 12 0
0.475328 14 0
0.109349 9 0
2.02646 11 0
20.0289 12 0
7.61828 12 0
0.343019 11 0
0.122163 7 0
0.421289 3 0
0.458709 3 0
0.421922 14 0
0.533009 11 0
5.72183 8 0
6.2708 8 0
2.56161 3 0
2.06817 1 0
0.449952 1 0
0.58679 5 0
1.15831 13 0
0.58127 9 0
0.561986 14 0
1.2835 10 0
0.682097 14 0
0.489112 10 0
0.485952 14 0
0.684666 12 0
1.53972 3 0
2.24697 3 0
0.561323 4 0
1.52324 5 9
0.783115 13 0
0.778304 11 0
0.126012 10 0
0.528206 12 0
2.85173 8 0
0.0303206 5 0
0.268368 14 0
1.58446 8 0
0.857882 8 0
0.0557694 12 0
0.669296 12 0
3.32179 8 4
0.603467 8 8
8.10055 3 4
5.23862 3 1
0.192513 13 0
0.558802 13 0
0.385134 11 3
0.191313 9 6
4.99162 13 4
1.94527 12 5
0.0223044 12 0
0.811445 11 0
0.514497 3 6
0.652985 3 5
2.4226 3 8
1.40819 3 9
0.464193 1 3
0.316069 6 3
0.380258 1 9
0.611933 1 9
11.9852 3 0
2.76909 3 0
7.20125 7 1
3.42853 3 3
2.68288 7 2
7.89912 3 3
1.48139 2 7
13.194 3 2
