97.5876 6 0
2.38159 7 0
1.58131 6 0
0.297681 8 0
1.41594 13 0
0.483683 11 0
3.51813 13 0
3.26711 14 0
3.42814 7 0
0.600268 6 0
2.97052 11 0
0.303119 13 0
2.80034 12 0
0.146805 5 0
0.958291 14 0
3.65649 11 0
1.02584 14 0
1.16713 14 0
0.256304 6 0
0.539407 6 0
0.278974 10 6
6.41479 8 1
0.0907704 13 0
0.128826 6 0
0.0898796 10 0
0.280501 5 0
0.707356 1 0
0.788343 1 0
0.0784027 2 0
0.188766 3 0
0.135137 6 0
2.58617 6 0
0.30642 4 0
1.66422 4 0
0.25928 11 5
0.540317 13 3
0.308098 9 7
0.273316 6 9
2.76829 5 0
10.5511 11 0
0.0250417 11 5
0.0280704 11 5
6.62569 6 0
8.12331 6 0
15.7727 6 0
6.68811 11 0
5.17354 9 0
4.09471 9 1
5.81409 9 1
13.2102 9 1
