1.07717 4 0
4.7708 3 0
5.8271 12 0
3.36539 13 0
2.79987 14 0
0.7648 12 0
1.08224 13 0
3.51178 13 0
1.21056 12 0
6.96629 14 0
8.24322 3 0
6.50967 1 0
3.25908 0 0
1.45352 2 0
45.243 1 0
2.92863 7 0
0.538393 2 0
1.36415 3 0
1.08816 2 0
2.13682 2 0
1.1648 13 0
2.02901 13 0
1.56891 11 0
0.192655 8 0
4.5315 13 0
1.76559 13 0
1.34576 13 0
1.99111 10 0
1.64695 13 0
0.661486 13 0
1.2701 13 0
31.508 3 0
0.373193 5 0
4.04615 2 0
0.386243 4 0
0.684817 2 0
1.87878 1 0
1.90713 1 0
3.14589 1 0
0.790192 1 0
1.92448 12 0
0.263464 11 0
0.0772226 2 0
0.190962 4 0
0.190017 13 0
52.8171 2 0
0.206828 5 0
0.0568586 14 0
11.1648 12 0
24.0957 12 0
1.21885 14 0
2.2863 13 0
3.89382 12 0
0.339378 11 0
1.25961 13 0
1.27175 12 0
1.95911 13 0
1.73732 13 0
2.74483 1 4
2.09415 1 0
0.952801 1 0
15.6491 11 0
6.64679 11 0
0.254539 4 0
0.823528 3 0
0.323442 6 7
0.360443 5 7
0.931453 13 2
0.0572 10 7
0.290997 12 5
0.612199 14 5
0.188497 1 9
0.340954 9 8
0.635834 14 0
0.279314 13 0
0.601021 12 2
0.109364 7 6
2.0434 2 4
0.538744 1 7
7.85608 11 1
11.245 11 1
0.590873 11 6
0.0487354 11 11
2.59497 13 7
0.546834 13 10
1.01873 7 4
0.259829 9 8
0.675516 0 4
2.4741 2 1
