62.8565 6 0
0.442972 10 0
0.149116 8 0
0.548678 10 0
0.954634 10 0
3.56935 1 0
1.97994 9 0
19.4342 9 0
11.5225 7 0
18.5552 7 0
0.493535 2 0
2.23789 9 0
1.82053 10 0
0.260979 13 0
0.321633 1 0
0.321002 14 0
1.74872 9 0
0.0929137 5 0
0.658126 4 0
0.139597 12 0
0.151966 5 0
0.284644 10 7
1.10233 11 0
0.562343 11 0
1.05638 9 0
0.460479 9 0
0.312167 2 0
0.329657 0 0
1.28679 1 0
1.24671 1 0
0.107689 9 4
0.00906086 12 0
0.286925 9 0
0.493012 2 0
0.0703526 5 0
0.124076 9 0
0.316481 12 0
0.24275 11 0
0.224204 13 0
0.330229 11 7
0.279326 3 0
0.230683 7 0
0.0789654 11 0
0.119679 8 0
0.129654 12 4
0.322562 13 0
0.248237 14 0
0.352124 9 0
1.37153 3 5
1.58886 2 5
0.356896 2 9
0.307918 14 0
0.334013 13 0
0.458813 3 5
0.0398504 11 7
0.969529 6 2
0.224408 8 5
0.35196 3 7
0.121852 2 9
0.419144 10 0
0.0301856 2 1
4.20847 12 1
0.557187 12 3
0.518456 14 7
0.0880904 8 10
0.467171 12 4
0.122791 10 6
0.885098 10 1
0.226949 11 4
1.15796 8 0
0.684583 7 0
0.768703 3 1
1.53286 9 6
0.141022 8 11
0.450395 12 0
0.506954 13 0
0.183354 9 0
3.4198 11 0
6.53452 11 0
10.683 10 0
0.459652 3 5
0.0798109 3 7
0.188607 12 5
0.86505 8 2
28.7689 2 0
0.617129 3 7
0.355196 1 9
0.735125 12 2
0.133713 8 6
0.31819 3 5
0.0683502 8 9
0.249021 11 0
0.271664 12 0
0.179381 11 0
0.360229 3 0
0.218141 6 0
0.646304 11 0
0.401766 5 0
7.79824 3 0
1.70628 2 3
5.71714 2 1
2.83102 3 0
1.46765 2 0
