9.55993 4 0
0.929459 9 0
1.20729 2 0
0.642059 4 0
5.93155 6 0
0.449496 5 0
0.706417 12 0
3.01849 11 0
0.259971 12 0
4.12457 11 0
1.02813 7 0
1.41777 6 0
1.41596 4 0
0.687726 7 0
0.328521 4 0
0.82856 7 0
4.98801 6 0
2.39856 5 0
8.39293 6 0
12.286 5 0
14.2968 14 0
17.9162 14 0
1.68645 13 0
0.657911 9 0
4.90002 12 0
0.283345 7 3
1.54532 13 0
4.17844 13 0
3.82575 13 0
4.07059 14 0
2.00395 11 0
0.345023 13 0
0.21685 6 4
0.16585 2 6
0.259112 7 6
0.244196 6 5
0.279991 6 7
1.24018 5 3
0.437783 10 10
0.614261 9 7
0.056778 5 12
0.50489 14 6
0.159538 9 8
0.344574 3 5
0.222081 2 2
0.204954 13 2
0.357416 5 6
0.178846 10 10
0.493369 13 2
0.172669 11 3
0.480325 5 1
0.091968 3 5
0.354873 12 8
2.37713 11 4
10.7318 5 0
0.84152 4 1
4.55115 5 1
10.6233 11 0
0.0565898 13 9
5.95764 12 0
0.952082 2 2
0.612214 2 1
0.41192 1 2
0.0495467 4 4
0.0705098 4 0
0.000681342 14 0
17.5399 11 0
0.215879 13 1
0.222572 12 1
5.2636 2 1
14.0216 2 1
0.990443 2 1
0.306984 10 9
0.586972 14 8
4.8015 2 1
3.56691 2 2
