140
153
155
1984
1986
3448
3450
4859
4861
6194
6196
7269
7271
8660
8662
9274
9276
11236
11238
11497
11499
11755
11757
14011
14013
15744
15746
16463
16465
18500
18502
19186
19188
19979
19981
21841
21843
22107
22109
23414
23416
25090
25092
27156
27158
28167
28169
29807
29809
31605
31607
34058
34060
35762
35764
36819
36821
38646
38648
40346
40348
42080
42082
44087
44089
45454
45456
46240
46242
47907
47909
49262
49264
51569
51571
52530
52532
52791
52793
54272
54274
55549
55551
56006
56008
56601
56603
58651
58653
59544
59546
60214
60217
61690
61692
62443
62445
63183
63185
63590
63592
64856
64858
65652
65654
67497
67499
69605
69607
69900
69902
71280
71282
72406
72408
73581
73583
74796
74798
76376
76378
77391
77393
79592
79594
81204
81206
81647
81649
82510
82512
83816
83818
85039
85041
86075
86077
87803
87805
88868
88870
90125
90127
91128
91130
92359
92361
93182
93184
95092
95094
96307
96309
96684
96686
97796
97798
99449
99451
100506
100508
100990
100992
101977
101979
103539
103541
105231
105233
107172
107174
108625
108627
110041
110043
110689
110691
112355
112357
114225
114227
114997
114999
116495
116497
117345
117347
117590
117592
119736
119738
121537
121539
122654
122656
122994
122996
124563
124565
127735
127737
128439
128441
131400
131402
132891
132893
133565
133567
133958
133960
136042
136044
137293
137295
137733
137735
139719
139721
141050
141052
141759
141761
142821
142823
143275
143277
145532
145534
147780
147782
148674
148676
149927
149929
152094
152096
153124
153126
155515
155517
156140
156142
157765
157767
158478
158480
160892
160894
163050
163052
163833
163835
165231
165233
166569
166571
167092
167094
167738
167740
168759
168761
171459
171461
173553
173555
173979
173981
176658
176660
178178
178180
178922
178924
179124
179126
180978
180980
182348
182350
183738
183740
184929
184931
185609
185611
186007
186009
186658
186660
188379
188381
189961
189963
191235
191237
192295
192297
193909
193911
195209
