146
166
168
2130
2132
4254
4256
6825
6827
8267
8269
9942
9944
11725
11727
13588
13590
14924
14926
16549
16551
19069
19071
21122
21124
22848
22850
24638
24640
26282
26284
27098
27100
29471
29473
30875
30877
32133
32135
34102
34104
34845
34847
37737
37739
38808
38810
40294
40296
41733
41735
44283
44285
45673
45675
47323
47325
49483
49485
51050
51052
53766
53768
56500
56502
57813
57815
60509
60511
61747
61749
64374
64376
65460
65462
67092
67094
69476
69478
70752
70754
71581
71583
72833
72835
73966
73968
75636
75638
76354
76356
78628
78630
80743
80745
82363
82365
83470
83472
85462
85464
86418
86420
88351
88353
88694
88696
89849
89851
91262
91264
92974
92976
94807
94809
96149
96151
97326
97328
98912
98914
100445
100447
102756
102758
104164
104166
105655
105657
106946
106948
108725
108727
109309
109311
111103
111105
112078
112080
113463
113465
115128
115130
117531
117533
119220
119222
122336
122338
123177
123179
124434
124436
126591
126593
128891
128893
130970
130972
132084
132086
133976
133978
135665
135667
137755
137757
140045
140047
140752
140754
143414
143416
144778
144780
146229
146231
148893
148895
150695
150697
152423
152425
153475
153477
154677
154681
156102
156104
158074
158076
159390
159392
160135
160137
161197
161199
163256
163258
165336
165338
166463
