0.276101 -2.86191 -2.1039 0
1.45074 -1.23902 -2.48057 0
1.01256 -6.74185 1.91105 0
1.08306 0.513088 -2.56 0
1.70119 -4.1154 1.22091 0
0.703428 6.67381 0.55077 0
1.14404 -4.46047 -2.42506 0
0.24926 -4.06925 -2.67045 0
0.600916 -3.69615 -1.23705 0
0.162451 -1.61678 2.82896 0
0.454257 -1.0663 -2.27489 0
0.905035 -0.706995 -1.59453 0
0.614652 -2.30607 -2.1523 0
0.361273 -2.58804 -2.43794 0
0.250914 2.014 0.258817 0
0.481689 1.91327 2.35857 0
0.236497 2.50068 2.91747 0
0.784196 -1.59445 -1.066 0
0.58154 -0.605266 1.10659 0
0.407192 0.780762 2.33705 0
1.22176 0.377201 -1.23215 0
0.404765 -2.43747 -1.58309 0
0.249302 -4.91425 0.506785 0
0.553565 -6.62118 0.396564 0
0.209998 -5.70554 1.04384 0
0.488209 -5.51714 -1.73768 0
0.566414 -5.65802 -2.70062 0
0.308009 6.09367 2.9625 0
0.490172 5.40807 -0.965303 0
0.139663 4.59542 0.721982 0
0.268124 2.61707 1.01782 0
0.469376 1.85591 -2.93642 0
0.65914 -1.44826 -0.935679 0
0.654359 -6.69973 -1.62185 0
0.433933 -5.714 -0.510632 0
0.750148 -2.58952 -1.20232 0
0.405601 -2.29762 -2.09956 0
0.866719 -2.75705 -2.40941 0
0.119976 -8.36357 -2.17612 0
0.751612 -6.83629 0.466548 0
0.15601 -5.59373 3.12436 0
1.03953 0.921835 -2.06595 0
0.138261 -0.222869 2.37258 0
0.652705 2.22261 2.00442 0
0.947242 3.20844 -1.73137 0
0.273993 2.4092 2.35286 0
0.0869463 -4.45672 -2.35994 0
0.125928 -4.07579 -0.842965 0
0.879395 -4.72454 0.958938 0
0.586207 -4.89471 0.232556 0
0.813687 -4.81238 1.37765 0
0.339001 -4.52563 1.53354 0
0.271012 -4.32501 -0.0281942 0
0.581311 -5.32501 1.56399 0
0.325999 -6.23536 0.595148 0
0.302093 -6.11657 3.00609 0
0.535451 4.24808 -1.2295 0
0.688617 4.63547 -0.564242 0
0.401277 6.49835 1.11243 0
0.476241 8.24766 -1.89143 0
0.394286 -5.30432 -0.114553 0
0.0581882 -6.98663 -2.91087 0
0.331011 -2.99009 -1.15337 0
0.288427 -3.44367 -0.241387 0
0.543352 -3.19579 -1.76132 0
0.40455 -2.09455 0.340709 0
0.514454 0.182335 -1.42035 0
0.313248 1.60236 2.37634 0
0.223047 4.69476 0.39554 0
0.316971 1.39103 -0.593904 0
0.245218 -1.56663 2.48027 0
1.07862 -1.76786 -0.696378 0
7.52662 -0.865442 1.47958 0
0.422612 -1.62617 0.955877 0
0.489231 -0.000920239 2.20049 0
0.0572761 -1.13904 1.56939 0
1.32807 -0.255311 -2.32846 0
1.1523 -0.0324904 -2.22815 0
0.343891 -3.62593 0.797499 0
0.523766 -5.13457 1.13206 0
0.846965 -5.0909 -0.105596 0
0.779363 -4.68862 1.70154 0
1.23312 -4.74706 0.843808 0
0.856553 -5.63718 1.33485 0
0.271575 -4.84032 0.2058 0
0.189022 -5.3986 2.93354 0
0.288494 -6.47221 2.00921 0
0.299191 -5.33041 -1.52406 0
0.0826596 -7.06354 -0.0666946 0
0.874984 -5.46439 3.06088 0
0.284862 5.59005 -2.42939 0
0.157994 3.2187 -3.02304 0
0.260251 0.535459 0.111709 0
0.267009 2.67487 1.08465 0
0.157452 -7.27563 2.98427 0
0.148203 -5.13446 -1.55088 0
0.407462 -5.07247 -1.56006 0
0.15191 -4.18794 -2.63771 0
0.184528 -4.91349 -1.58883 0
0.130401 -6.55265 -0.412857 0
0.117145 -5.82 3.08786 0
0.0199088 -6.5412 1.26924 0
0.244122 3.53501 -2.06819 0
0.164637 2.18542 2.93072 0
0.123039 -5.44402 0.304161 0
0.234234 -5.62596 1.32302 0
3.4721 -0.978584 -1.61373 0
2.85168 -1.10874 -1.56928 0
0.229101 0.360234 1.03454 0
0.26851 0.092278 0.250252 0
0.592708 0.486361 1.26569 0
0.0700751 -1.16316 2.42047 0
0.0234802 -3.03565 -1.81723 0
0.414359 -0.737092 1.29348 0
0.175993 -3.09288 1.97527 0
0.796072 -3.3247 2.62834 0
0.224457 -4.85309 0.103087 0
0.77234 -5.34341 0.618419 0
0.212275 5.78191 -2.68385 3.59460836258552e-07
0.250315 5.79591 -1.87493 1.94265312711748e-07
0.0270658 7.4477 0.141797 2.26388575358823e-08
0.220268 5.65497 1.5407 1.93216342146084e-08
0.324788 -6.82366 -0.31338 0
0.635596 -6.10585 -0.814289 0
0.640773 -5.17635 -1.34056 1.80518100177619e-05
0.112577 -5.18859 -1.35746 1.99033477411446e-05
0.254023 -4.8503 -2.27504 1.81766960701504e-07
0.156767 -5.86845 -2.54397 7.08776552575701e-08
