0.252046 -6.79853 -0.847439 0
0.451715 -4.57071 0.755023 0
2.82997 -2.84106 1.30326 0
0.316317 4.87827 2.52243 0
1.93917 3.29427 2.25051 0
1.54924 2.90976 1.92086 0
0.583929 3.42285 2.72593 0
3.29553 2.57292 2.36477 0
2.48141 0.899697 -3.05574 0
3.79769 -3.98396 3.0569 0
0.447672 -4.0719 -2.22616 0
2.22523 -3.78897 -2.28442 0
4.23307 -3.79106 -2.27941 0
3.91908 -3.92186 -2.39419 0
1.57811 -2.45458 -2.57021 0
0.302439 -2.42514 3.07607 0
6.17117 -1.7856 0.0306045 0
5.61321 -1.79188 0.0601058 0
0.900605 2.11407 2.91469 0
1.18922 1.111 -2.18861 0
2.11167 0.733926 -2.59296 0
1.73698 0.987553 -2.96001 0
1.22629 0.689529 2.14384 0
1.51365 -0.812818 0.820616 0
0.117145 -4.55 -1.29164 0
1.63377 -3.80602 -2.06618 0
0.427569 -2.60276 1.56374 0
0.13093 -4.10705 -2.29373 0
0.549523 -1.92415 -0.408384 0
1.14187 -3.13934 1.99371 0
0.614646 -2.20308 2.07283 0
1.46989 -2.78427 1.31972 0
0.957857 -1.19024 0.838297 0
0.135316 -0.414349 2.66699 0
3.47047 -0.54565 0.200548 0
1.09182 -0.0491838 0.521227 0
0.945499 0.0538602 -0.746276 0
0.0722659 -2.22151 -0.563627 0
2.33669 -1.48599 -1.92756 0
1.67905 -1.86918 -1.69845 0
3.23708 -1.70537 -1.79395 0
0.804517 -4.42849 1.98159 0
1.1345 2.94629 0.454204 0
1.21928 1.68082 0.217471 0
0.493685 3.30378 0.311121 0
1.88198 3.20277 1.47461 0
0.52032 1.87938 -0.70117 0
2.00915 1.97108 0.337721 0
0.167404 7.57766 1.77387 0
1.7932 -4.77587 1.55577 0
0.28837 -4.44703 -1.81232 0
0.072504 -6.79522 -1.10239 0
0.083065 -6.12533 -0.477297 0
1.5673 -6.49932 2.03498 0
0.389902 -6.74899 -3.00657 0
0.989499 0.610884 -1.0725 0
0.131635 -4.65653 2.23514 0
0.717063 -3.30526 0.149123 0
0.806427 -2.25559 0.794401 0
0.721872 -2.00701 2.13089 0
0.26793 -0.900777 2.35221 0
0.142665 -1.00726 1.66229 0
1.40482 -0.435462 0.755922 0
0.370663 1.37006 0.172157 0
0.707748 0.120453 0.560318 0
0.222999 1.2346 -2.87123 0
0.19815 -0.239768 0.982186 0
0.738599 0.888973 -0.635091 0
1.35945 1.22373 -0.286001 0
1.46259 1.30628 -0.764872 0
1.41543 0.98966 -0.800572 0
1.0875 1.24743 -1.57235 0
0.458079 2.07096 -2.72936 0
2.89497 2.31022 -2.42609 0
1.49122 3.93472 -2.40356 0
0.162405 3.15828 1.95811 0
0.243946 3.88999 2.09372 0
1.12434 4.25996 -0.986976 0
0.180561 4.90728 -2.80071 0
0.917096 7.71407 -3.11703 0
0.452536 7.2105 -0.00764712 0
0.262951 0.454846 0.289267 0
0.198466 -1.43145 2.0596 0
0.218744 -1.222 -2.17834 0
0.170655 -6.95585 1.6834 0
0.498116 -3.64024 -2.48728 0
1.05587 -2.89256 0.342911 0
0.890777 -3.4448 -0.370148 0
0.618267 -2.67439 -1.0125 0
1.28469 2.86803 2.65547 0
0.162202 2.10022 -3.07808 0
1.54956 2.90231 2.39111 0
0.848281 2.74101 2.15766 0
2.77838 2.97473 2.76809 0
0.468331 3.91675 -1.11873 0
0.783491 2.62184 1.71474 0
0.528672 4.51497 2.07318 0
0.173076 6.41493 -3.14026 0
0.162373 -5.23449 -1.46098 0
0.635498 -2.22592 -0.263046 0
2.61095 -2.18821 -0.00677092 0
0.390887 -1.59587 -0.526334 0
1.34359 2.04018 2.59408 0
0.349772 2.12697 -2.7917 0
0.869267 1.27535 2.46817 0
0.728505 1.59321 2.70545 0
0.570987 0.611993 -2.37907 0
2.08366 0.479553 1.47158 0
0.170841 0.816353 0.779263 0
1.18383 0.64049 0.719331 0
0.129022 -3.37111 0.10768 0
0.877112 -0.702323 1.25094 0
0.102411 -2.4756 -0.372875 0
0.779248 -0.910653 0.417401 0
0.706831 -0.682819 0.872966 0
0.35545 -0.372924 0.288906 0
0.835438 -0.272333 0.026585 0
0.527239 -1.44619 0.611427 0
0.198181 0.694792 -1.42845 0
2.30193 0.2736 -1.68951 0
1.45077 0.030766 -2.09185 0
1.2198 -0.792158 -1.25648 0
2.45402 -1.19768 -1.15522 0
0.769732 -0.640625 -1.0904 0
6.40513 -4.50546 2.29969 0
0.261127 -2.68611 2.56053 0
0.505719 -1.59264 -0.793277 0
0.368688 -1.579 1.67233 0
0.152543 0.332943 0.0192122 0
0.513708 2.25882 -0.764735 0
0.505808 0.700093 -0.422084 0
0.0724635 4.43428 0.356687 0
0.551775 1.58171 0.426378 0
0.166377 1.97476 2.1251 0
0.30107 2.18849 2.06207 0
1.11492 2.93208 0.465527 0
0.741697 2.64546 0.648911 0
0.297973 3.28398 -3.01372 0
0.622828 2.58238 1.04617 0
0.73837 3.05278 2.07044 0
0.375059 2.49561 1.11189 0
0.259149 4.79148 -1.22016 0
0.553671 4.30895 1.93963 0
0.115107 5.94138 1.7193 0
0.315918 3.64557 -0.260653 0
0.532272 2.9225 1.48494 0
0.781973 -3.7945 0.072267 0
1.05421 -4.0119 -0.0384564 0
0.334947 -4.96294 0.471245 0
0.724557 -5.43939 2.87945 0
0.353559 -6.01729 -2.94746 0
0.535251 -4.13543 1.76898 0
0.175093 -3.89869 -1.08211 0
0.259879 -2.42181 2.23789 0
0.759685 -0.900312 -0.140893 0
0.25349 -1.08544 -2.31123 0
0.473335 -7.05939 -0.509058 0
0.831156 -2.43279 -0.038309 0
1.23903 -3.06282 0.439506 0
0.639799 -0.616192 1.86615 0
1.59755 1.07512 -1.758 0
0.404676 1.01606 -0.848251 0
0.0433504 3.10626 1.50352 0
0.303943 2.0867 -2.7692 0
0.821834 2.78293 -1.1789 0
1.59452 2.60662 -2.0877 0
0.817994 2.39597 -2.4454 0
1.24622 3.03281 -2.18119 0
0.0416912 6.57901 1.27016 0
0.244957 8.44574 -2.24825 0
0.201909 4.16661 0.28547 0
0.750462 4.86377 -3.02713 0
0.511355 3.59682 0.610447 0
0.339888 4.1159 -0.758348 0
0.458933 0.801665 -1.64043 0
0.319775 1.75529 -0.437898 0
0.0899988 -0.905058 2.42665 0
0.504708 3.55111 1.39369 0
0.807141 4.54218 1.73574 0
0.747402 3.72691 1.58026 0
0.00639038 6.56829 0.519107 0
0.361728 2.82824 3.02674 0
0.319647 3.83436 2.9296 0
0.0310077 3.71107 -0.169091 0
0.391497 1.34826 -2.72845 0
0.23659 -3.9507 3.09354 1.26529024279473e-07
0.843157 -4.03558 -2.91354 7.68057143368089e-08
0.0300164 -5.78181 -0.95768 1.48560905878491e-07
0.305951 -3.33982 -2.55922 2.45421967590113e-07
0.690629 -3.56978 -3.07735 0
0.411986 -3.3695 3.06348 0
0.585459 -2.09589 -2.05931 0.996062226429579
0.205314 -1.32359 -1.84616 5.85784680995555
1.91546 -1.70576 -0.229593 0
0.749631 -1.74399 -0.360855 0
0.585553 1.50112 -2.58839 0
0.161896 0.551028 -2.25981 0
0.0903628 3.1143 2.81664 5.63128674312942e-08
0.0522741 3.1537 3.02377 5.93130906158044e-08
0.285887 -0.403783 0.61925 4.87184688177339e-08
0.188795 -0.834193 1.90123 5.03181192723757e-08
0.456974 0.337609 1.01591 0
0.513224 1.04732 0.258082 0
0.189237 -3.69048 1.7639 0
0.087564 -3.58755 -0.0414091 0
2.26089 -1.02798 1.41966 0.143035613677808
1.35396 -1.15417 1.35579 0.212399124484184
2.42131 -0.564945 1.20112 0.348195685852166
0.00658151 1.81253 -0.801768 2.46449500320045e-05
0.0781613 2.15641 -0.941982 2.64172796924747e-05
0.64814 -0.604237 -2.52132 0
0.638732 -0.582844 -1.90121 0
1.14513 -1.16918 -1.14365 0
0.951931 -1.28462 -1.49781 0
0.0626144 3.83371 1.41007 6.28516637912688
0.117791 6.32569 1.52364 0
0.19978 4.76859 2.54973 0
0.278507 -4.82037 -0.444255 0
0.0692604 -5.91185 0.850441 0
0.794418 -4.44533 1.18178 1.0767613043564
0.39141 -5.63299 1.2402 0
0.144751 -4.54112 1.9346 0
0.8466 -3.25085 0.537146 0
1.88346 -3.21355 0.660727 0
0.10031 -2.32648 -0.159765 2.35553938023307
0.397244 1.20313 -1.40553 18.3821761790233
2.52854 1.38977 -1.6092 1.30499712812166
0.270902 1.38142 -1.29119 12.3296888397655
0.380627 3.08882 -2.37733 0
0.564986 2.40597 -2.51599 0
1.11241 3.40675 -1.81073 0
1.02553 3.22957 -1.88459 0
0.374565 4.78202 -0.893639 0
0.0733367 6.30511 -3.13818 0
0.111758 -3.28459 -2.42718 2.73131867635117
0.0321732 -0.194191 1.09758 1.67472727288893e-05
0.253989 -0.173354 1.10229 1.68016763433282e-05
2.63782 -0.0382024 -2.12932 1.41401342490487
0.269649 0.0394609 -1.83051 13.8781441200474
1.93717 2.77534 1.59468 1.67192458155961
0.228348 3.17844 1.71541 9.45626073511357
0.766255 -1.13515 1.81276 25.9955922846664
0.916548 -0.690209 1.61286 29.8952492096616
0.567949 1.90442 2.73395 19.3849554229306
0.934954 2.30954 3.08523 7.96731797840815
0.577994 -4.7618 2.27694 1.01931714682097
0.0842972 -5.29572 0.563711 4.09056086350443
0.104858 -3.63081 2.57714 14.939264851307
0.328188 -2.48795 -1.30477 14.8876188820967
2.35376 -1.77006 1.20802 2.18400727487558
0.197039 -1.74972 0.925398 26.6653307154768
0.792436 -3.89615 0.760547 0.0155548938771918
1.27553 -3.60384 1.19621 1.56680961636586
0.984806 -3.40134 0.89408 2.4725216762969
