0.487342 1.77908 0.0341039 0
1.029 2.21489 -0.293308 0
0.375809 0.513984 0.663391 0
0.856017 7.91734 -1.57852 0
1.15435 0.0306524 -1.46979 1.43471231533917e-14
0.122023 -0.106874 -2.24301 1.54542642284193e-14
0.221718 0.158062 -1.54568 1.5028091192143e-14
0.878036 -0.290516 1.44414 1.54405102393939e-14
0.838731 0.0545157 1.05096 1.54261972310852e-14
2.42292 -0.598703 1.48877 1.52595314287004e-14
0.949626 -0.379932 1.21864 1.52638202174168e-14
0.382782 3.10814 1.43895 0
0.637877 1.69411 1.69938 0
0.727485 4.1641 1.14794 0
0.281183 5.9639 -1.77406 0
0.17272 6.54635 -1.68978 0
3.99362 1.73369 -1.83803 0
0.697079 1.79229 -0.550811 0
0.83223 -0.748811 1.62803 0
0.267205 -1.53857 -1.88413 0
0.767133 -0.411359 1.95803 0
0.677794 -3.81465 1.35546 0
1.30935 1.87539 2.19468 0
0.463926 1.89574 -3.0786 0
0.633056 1.71288 1.89708 0
0.620827 1.18923 -3.13976 0
4.56507 3.45905 -2.83395 0
0.385033 3.55932 -0.148242 0
0.595441 6.69209 -3.02509 0
0.527422 6.84642 -2.0172 0
0.187784 4.29472 -2.80811 0
0.0944086 2.29595 2.42791 0
0.385836 2.27828 -2.57311 0
0.0928947 0.533273 1.02709 0
0.941945 -3.79781 -1.19556 0
0.392849 -4.55141 -0.834201 0
0.511544 -3.80717 1.69785 0
0.286747 -5.58136 1.48537 0
0.527329 3.01479 -0.0344881 0
0.367879 3.99841 -0.400056 0
0.272996 4.00612 0.244377 0
0.501404 0.914956 1.40904 0
0.177873 -1.5924 0.0797935 0
0.385829 -0.305897 -2.22625 0
0.360654 -0.458434 0.981752 0
0.242631 -4.25824 -0.376861 0
0.531884 -3.84277 2.90734 0
0.144969 -4.93018 0.055214 0
0.506422 -6.95067 2.82901 0
0.43338 -0.0882569 0.430565 0
0.352467 -0.489972 -2.19864 0
0.558762 -1.49907 2.20002 0
0.418387 -1.7028 0.0250546 0
0.152057 -1.32433 2.83102 0
0.170615 -3.4739 1.3664 0
0.582019 -3.66019 -0.433512 0
0.806847 -3.07426 -1.08146 0
1.16105 -2.77437 -1.41364 0
0.0309218 -6.11213 0.388405 0
0.289964 -3.5892 1.83675 0
0.235876 -4.2992 -1.30518 0
0.334231 -7.18238 -2.58237 0
0.286957 -8.33201 0.0547692 0
0.518024 -6.84819 -1.61285 0
0.449551 -3.80294 -1.30287 0
0.562248 -4.04617 2.25451 0
0.736135 -1.78091 1.47091 0
0.218081 -2.47779 -3.13684 0
0.369216 0.65274 0.515043 0
0.496888 3.56841 -0.652569 0
0.175419 9.4035 -0.0161257 0
0.229112 7.56672 -2.1985 0
0.0679251 6.02129 1.14977 0
0.433776 7.20434 -2.6945 0
0.243078 4.96191 -1.94035 0
1.97222 -0.152225 -1.20799 1.2071344173109e-14
1.1339 -0.537669 -1.11226 8.07370594473396e-15
3.67417 -0.102139 -1.49609 1.37515574179147e-14
0.064648 2.54987 -0.647543 1.1785988115277e-14
6.31153 -0.260684 1.53432 1.53493308564891e-14
7.27781 -0.179589 1.47626 1.52856284464664e-14
0.942955 2.38206 1.14941 0
0.265837 3.4871 -1.18323 0
0.425412 3.52081 -0.255423 0
0.321185 7.04491 2.9486 0
0.397127 7.33848 -2.17071 0
0.415361 7.63249 0.0210838 0
0.700599 0.483448 -1.25185 0
0.351541 0.97279 -0.651098 0
8.1548 1.48614 2.02469 0
0.326268 2.09962 1.73052 0
0.505566 2.32337 2.12381 0
1.99936 1.50462 1.97249 0
1.16527 3.08752 -3.11568 0
0.209834 2.48711 -2.08499 0
0.387102 2.69439 -1.35007 0
0.514266 3.32484 -2.24214 0
0.366321 3.33287 2.59576 0
1.06261 4.12964 2.93689 0
0.391847 7.43841 0.548069 0
0.314393 6.10575 -1.76627 0
0.0410173 -0.565112 1.60918 0
0.526453 1.35084 2.19546 0
0.345828 0.193527 0.776982 0
0.206738 -1.09233 0.882176 0
0.351732 -2.2299 3.12434 0
0.418664 -4.64202 -0.131239 0
0.227975 -3.57126 -2.48788 0
0.38343 0.318643 0.858331 0
0.0588845 2.71908 -2.98406 0
0.678614 -2.77814 -0.994006 0
0.31726 -4.25941 2.50724 0
0.365699 -4.96621 0.476718 0
0.581511 -5.39999 -2.07339 0
0.09291 -3.30796 0.0443231 0
0.712006 -1.47589 -2.37178 0
0.687318 -2.8891 2.65276 0
0.233478 -1.50964 -2.27805 0
0.104838 -3.79902 -0.0589063 0
0.879274 -3.73442 -2.11126 0
0.678197 -4.82091 2.28673 0
0.016211 -7.40754 -0.985753 0
0.519382 -7.43384 -0.623349 0
1.36077 -6.79865 0.120997 0
0.308264 -3.01916 -2.13929 0
0.598575 4.11683 2.74081 0
0.53565 -0.425934 0.456551 1.2067826377107e-14
0.324264 5.5443 2.32723 0
0.288466 5.87058 0.309972 0
0.172321 0.409123 -0.968416 0
0.345466 -1.19995 -1.60712 0
0.197522 -2.84569 1.5618 0
0.2428 -1.45641 -2.78511 0
0.174047 3.61874 1.01768 0
0.243967 2.83905 -0.821883 0
0.249285 2.68903 1.69378 0
0.176111 2.01303 2.9336 0
0.2374 -5.9458 -1.28689 0
0.138259 -7.26537 2.77727 0
0.248849 -3.57682 0.258848 0
0.157256 -2.92763 2.88016 0
0.150302 -1.30427 -3.01627 10.8169918461167
0.36297 -1.62594 -0.567416 0.428408252776867
0.15489 -1.3272 0.0496847 1.32354364379253
0.3825 2.06815 0.82822 0
0.153902 2.42545 -0.542449 0
0.264463 -4.58581 2.83394 0
0.239664 -4.04102 1.23908 0
0.121379 -6.67892 0.398012 0
0.34416 -7.45893 2.06441 0
0.176539 2.41264 -2.94318 0
0.185954 1.14178 -2.83963 0
0.309095 0.476565 -2.64433 0
0.292739 0.0790946 2.07824 0
0.317682 -3.87828 -1.15969 2.76719009004577e-08
0.331846 -3.62237 -1.16453 1.88886348902098e-08
0.166657 -7.30925 1.00686 0
0.117003 0.99994 2.25939 2.32610462089265e-08
0.291396 0.0576507 1.19356 1.57146677447733e-08
1.58596 -0.190198 1.51997 34.980636837024
5.49138 -0.209078 1.64333 10.040075023681
0.0168054 3.35716 1.38284 7.50716685061084e-06
0.240838 3.35929 1.37897 8.06818587852903e-06
0.253869 4.31094 -2.79361 4.11717570585485
0.36275 3.17557 2.95905 8.97508483468293
0.0642366 3.57705 0.415372 7.31516040065877
1.02709 2.42572 0.774745 1.43467160976877
0.364239 -4.12435 -1.78781 7.26779836682996
0.187414 -4.08528 -0.0475669 14.6832428210176
0.462803 1.55255 0.444002 0
0.86418 1.71993 -0.844147 0
0.368037 -1.01711 -1.04453 4.83709032393163e-15
0.0881113 5.46048 0.0999867 2.73017257663446e-06
0.00391736 5.62707 -0.0587484 1.95605921502933e-06
0.00205284 3.22297 3.10007 5.45927511502932e-06
0.0840089 4.75507 2.39325 9.04959225691935e-07
0.360708 -4.39564 -1.7191 0
0.515693 -3.93293 1.55723 0
0.332884 -7.01597 -0.399751 0
0.875024 -4.93231 -1.53266 0.0137831824292023
