0.345592 -7.81852 2.69846 0
0.505742 -6.31002 -1.03735 0
0.130717 -10.3115 1.00348 0
0.811591 -8.36448 1.7136 0
4.86076 0.190907 -1.61127 1.65751736150205e-14
0.787598 -5.5193 1.54391 0
0.239027 -6.69732 -1.67036 0
0.720279 -5.52795 -1.13425 0
0.780756 -0.880877 1.78028 1.19491794799147e-14
0.353578 -4.19853 -2.00356 0
0.546745 -2.15826 -0.288043 0
0.844516 6.73044 -1.68259 0
0.682946 7.29488 -0.61241 0
0.476271 3.61294 -1.9456 0
0.0653896 7.17266 -1.25157 0
0.853178 4.16389 -1.30071 0
0.192748 1.91261 0.012764 0
0.438603 2.66772 -0.933574 0
1.99133 1.81244 2.31758 0
1.15398 0.677418 2.42693 0
0.552145 1.74824 -2.6536 0
0.109796 2.16949 0.932722 0
0.385611 -0.158834 0.662912 0
0.690781 2.50006 0.406035 0
0.117765 3.33546 2.03997 0
0.201463 2.37345 -1.5954 0
0.970002 -4.95565 -0.446992 0
0.444902 -4.16247 -1.29609 0
0.730363 1.09618 -1.23294 0
0.812595 9.07593 1.42785 0
0.0359133 9.00342 -0.491241 0
1.54447 -5.08222 2.03181 0
1.39096 -5.57539 1.42639 0
1.88494 -5.51715 2.49784 0
0.333946 -5.57693 -2.96366 0
0.657402 -6.65482 1.01937 0
0.446173 -6.27334 -2.72822 0
3.68609 -2.32203 2.66854 2.99503217841508e-15
3.14076 -2.56369 2.59993 2.32560718598044e-15
0.269822 -5.26694 0.796594 0
0.456073 -6.28179 2.4676 0
0.157967 -5.02222 1.98365 0
0.952538 -4.28006 -0.398077 0
0.388607 -4.07195 0.741839 0
0.308115 -2.78351 -0.919148 0
0.335416 -1.66272 -2.90938 0
0.356176 -2.30889 2.38585 0
0.165969 -0.645772 -1.056 0
0.633501 0.69793 -1.7606 0
0.34675 0.88825 -1.92479 0
0.637215 5.55158 -0.670122 0
0.83618 5.39384 -2.45216 0
0.611115 4.00713 -1.43217 0
0.189798 3.96525 -1.16494 0
0.604763 0.548423 2.30139 0
0.351886 1.71713 -0.0267783 0
0.151691 0.370648 -2.67496 0
0.411996 3.29946 1.96056 0
0.53425 3.84412 1.1005 0
1.26103 3.33381 0.231873 0
0.631475 0.837397 2.12896 0
0.334803 -0.290108 -0.513649 2.38001746485958e-10
1.16928 -0.0801666 1.13347 0.0181361912133786
2.00471 -0.0775328 1.21279 2.08543361354733
0.482783 0.159039 1.23025 8.53822731024383
0.259786 -2.08046 2.95546 1.10507255640171
0.140013 -1.51898 -2.66585 3.47227116669972
0.725242 2.35147 -2.95635 0
0.0495222 2.46888 -2.96226 0
0.385202 2.07363 2.54143 0
0.0930075 3.66924 -0.949549 0
1.35669 0.389912 -2.37861 7.72043686308033
1.99881 4.20256 -0.000318455 0.0842305726423859
0.415764 -3.68243 2.2423 0
0.0571284 -2.98993 2.10209 0
0.0852727 2.46939 -0.719109 2.9007838670566
0.381429 -2.32039 2.86519 9.0730973422029
1.92165 -1.9455 2.65997 2.58717446987509
0.282925 0.181845 -0.608208 0.136708266523092
0.660435 3.40861 -2.44039 2.10071278390504
0.0785478 3.31245 -1.20916 19.352890375148
0.239803 0.321193 -0.97535 0.0681726521928196
0.129106 3.03441 -0.333846 1.76144529594807
0.596834 3.67082 -0.0861513 0.236877921382599
0.110966 0.15641 -0.646988 0.132847891185046
