18.1273 -0.589981 -0.285498 1.29944945698055e-14
1.55463 3.84845 -1.20402 0
0.26844 4.41108 2.83545 0
1.98169 3.99394 2.37035 0
1.56234 3.54514 2.12391 0
0.164612 3.47748 0.495036 0
1.34961 0.868114 1.76702 0
0.233166 -8.36041 -1.19594 0
0.165724 -7.94877 2.88058 0
2.71171 -4.98717 -1.53533 0
0.892296 -5.16038 -0.725902 0
0.41589 -7.33231 0.825783 0
0.76112 -6.73264 -3.09079 0
0.00230746 -10.1179 -0.784997 0
0.328532 -6.9085 -0.557899 0
0.443793 -5.832 0.489586 0
0.843308 6.31544 0.79113 0
0.97965 5.58393 -2.01468 0
0.66105 4.33484 3.11698 0
1.02025 3.81086 2.97309 0
0.238828 4.46932 -2.451 0
0.687518 3.29552 1.96187 0
1.22522 0.0568778 1.29373 0
0.61837 -0.170582 -0.473768 0
1.08992 1.50397 -1.25353 0
0.55408 1.84894 2.24396 0
1.02159 2.23208 -1.95273 0
0.294725 0.464783 3.01867 0
0.386359 -0.905299 -0.186296 0
0.430664 -3.35636 -2.84289 0
0.156844 -4.23808 0.762846 0
0.269059 -3.17675 1.65975 0
0.479131 -1.54643 1.82179 0
0.475115 -1.00596 -2.62719 0
0.452126 -0.43879 0.294299 0
0.419193 1.78313 -2.50282 0
0.0956362 6.16643 1.84556 0
0.328258 3.3847 -0.222398 0
0.261958 6.48282 2.93896 0
0.326996 9.16763 1.38329 0
0.804903 7.09245 -2.48791 0
0.66728 7.39036 -1.54376 0
0.466654 3.26587 -1.90752 0
0.246317 -5.932 -0.419244 0
0.935177 -7.26172 -1.2597 0
0.255721 -5.33846 2.72903 0
1.02855 -6.56835 -2.54064 0
1.28651 -6.17385 0.241768 0
0.611518 -6.10829 1.01612 0
0.498632 6.0663 0.622849 0
1.07783 4.18559 -3.04615 0
0.216947 1.65586 1.72184 0
0.143385 -0.945366 2.90689 0
0.281654 -0.949644 0.183694 0
0.197384 -0.380752 3.0632 0
0.447177 -1.01275 2.50846 0
1.10982 -0.940703 0.85461 0
0.142892 -1.32088 2.70743 0
0.0966359 -1.2262 -1.72043 0
0.743227 0.62294 -1.33109 0
0.563483 0.880936 -0.425167 0
0.776452 1.62225 -1.11886 0
0.406121 -0.235474 -0.548015 0
0.430316 0.208349 2.74882 0
1.17473 -4.44103 1.8566 0
0.236882 -5.40377 2.26476 0
0.182428 -6.92271 1.03055 0
0.114025 -5.80891 0.651398 0
0.321443 -1.2443 0.401344 0
0.593165 -2.03203 -1.5818 0
0.121529 1.3693 -1.29735 0
0.650768 -0.0639925 0.885441 0
0.338951 9.24726 -2.78664 0
0.140639 6.27466 -1.07765 0
0.182473 -7.32777 3.08604 0
0.201111 -3.91585 -0.0347654 0
0.2866 -4.56198 0.89597 0
0.219737 -7.19866 0.310617 0.0127649702885643
1.08617 -6.11644 1.07647 0.00821912127840055
0.474588 -0.191425 1.27532 0
0.055924 -0.616233 -1.56053 0
0.186312 1.85732 3.04044 0
1.55137 1.73546 -2.59739 0
0.140493 1.11806 1.01894 0
0.37503 1.18643 3.06148 0
1.05049 0.254953 2.26077 16.6365738600492
0.12829 0.450472 1.48765 127.498434379689
0.0687078 0.735943 0.256233 3.02701329555461e-05
0.331151 0.735428 0.241929 3.25264722416996e-05
0.0625346 -4.74287 -2.56131 2.45531859344033e-05
0.0541802 -4.80124 -2.47146 2.75860876244424e-05
0.190096 -5.04985 -1.14628 1.02509810758082e-05
0.190138 -5.04966 -1.16609 9.19667264370412e-06
0.38116 -5.9713 0.531489 0.0142203440625358
0.298249 -5.57602 1.06523 0.0264603675891215
0.696774 1.77503 1.48689 2.39036715953016
0.283322 1.34241 1.44513 8.68841739244955
0.145943 -6.48803 1.25656 0.011960225790409
0.733427 -4.84536 1.84562 0.0106546281000813
0.298537 -5.69877 1.72611 0.00484317385584181
0.294494 -5.37575 1.61269 0.00354700325775101
0.171626 -4.34961 -2.96191 6.44685811978928
0.425008 -4.62586 1.83541 1.96659718135908
