0.642549 4.40502 2.30917 0
0.504545 -0.704132 -2.47059 0
0.330669 0.597494 -1.46748 0
0.700017 -1.51609 -0.474742 0
0.21973 2.30452 -2.32155 0
1.00694 -0.598463 2.26072 0
0.746642 -1.59297 -3.1104 0
0.71104 -0.592776 -1.43977 0
1.22491 -0.192074 2.7451 0
1.11506 0.967702 -2.72478 0
10.039 -0.11317 1.61752 2.08722767976987e-13
0.569702 -2.43379 -0.42553 2.10590830716963e-14
1.06879 -0.330618 -0.743254 7.67477956971796e-14
0.517839 -1.22245 -0.917092 7.67018246226474e-14
0.552652 0.391099 -3.06789 7.87507218051157e-14
1.01663 -0.437716 -1.44972 7.62672864434041e-14
0.445413 1.52684 -2.25236 4.27431709055223e-14
0.90496 0.513373 -2.15424 5.19320913405962e-14
1.89534 0.884873 -1.92218 3.06559896391849e-14
0.234441 1.5831 -1.5938 2.80435326829219e-14
14.029 1.11697 -1.6351 1.65506490752311e-14
0.691758 -3.46846 -3.07253 0
0.264531 -4.33236 2.1697 0
0.076269 1.88469 1.70027 0
0.508691 2.07623 1.20563 0
0.232959 3.2301 2.22414 0
0.691747 1.75569 -0.552548 0
0.832488 -1.15225 -1.43954 0
0.958468 -0.770736 1.63989 0
0.46879 -1.94774 1.00737 0
0.600799 -2.74535 1.37216 0
0.731856 -1.19231 0.00640662 0
0.540818 -2.24312 2.61995 0
0.346074 0.518729 -3.04325 0
0.0950157 2.01447 -0.163623 0
0.305977 2.10451 2.63287 0
0.0919167 3.41653 1.07076 0
0.806209 -2.95476 0.101634 0
0.331173 -3.89156 1.31851 0
0.23073 -7.18127 -0.0110665 0
0.108046 -6.20121 2.76172 0
0.388883 -5.33437 -1.30743 0
0.904317 -6.47037 -0.932211 0
0.383088 4.59353 -0.965696 0
1.42021 1.96812 1.20659 0
2.63996 2.15549 1.43251 0
0.23514 2.33346 1.22416 0
0.683559 1.5306 2.36579 0
3.0709 0.571566 1.6248 0
0.532668 -0.558771 2.47782 0
0.49719 -1.59477 1.60873 0
0.721577 -1.79694 1.6062 0
1.85001 -1.60859 1.40689 0
0.248654 -1.01576 2.55855 0
0.671923 -0.773942 -2.43185 0
0.361045 -2.28989 0.728652 0
0.259291 0.47722 -1.36715 0
0.723247 -0.199272 -1.36277 0
0.177499 4.21188 3.02762 0
0.637295 5.34633 2.62456 0
1.4612 -0.0585638 -2.52562 0
1.00011 1.6813 -2.54272 6.46230658429332e-15
0.533277 3.09936 -0.88121 2.30931303849249e-15
0.926574 3.09923 0.796133 1.5185928763705e-15
1.54158 3.37146 -0.081702 1.72164868337079e-15
0.179206 6.15092 1.88723 2.41910312295602e-15
0.458491 2.22155 1.05873 1.71036161920989e-15
0.456404 -1.0545 -0.06347 9.10158862968492e-15
0.541013 -5.30674 0.711848 2.53085177534875e-15
0.275695 -4.7404 1.95754 2.424290057161e-15
0.188367 -4.05924 2.37069 2.27792898596289e-15
1.13759 -1.76437 -2.54051 1.79910152366595e-15
0.429279 6.8742 0.131987 0
0.080897 2.23354 -1.56701 0
0.655505 1.8312 -2.787 0
0.298172 2.69676 -0.653751 0
0.207315 -1.56327 3.07373 0
0.688408 -6.87378 -1.38115 0
0.22574 -6.22541 2.45686 0
0.561759 -6.46308 -2.41117 0
0.226044 -4.97299 -1.48227 0
0.320903 -4.70894 1.43629 0
0.731016 -3.97947 1.74344 0
0.575183 -4.23153 3.03521 0
0.602643 -1.85375 3.07152 0
0.335867 -2.17767 -1.1943 0
0.817809 -0.867872 1.67543 0
0.938645 1.90176 -1.56908 0
0.269 1.69988 -1.20057 0
0.893093 1.91295 -0.176998 0
0.237708 3.12586 0.7201 0
0.882665 1.89254 0.879071 0
0.510609 3.08859 0.868767 0
0.127399 4.93402 0.527709 0
0.241154 4.24296 1.03188 0
0.702145 3.99083 0.0164186 0
0.351768 3.20963 -2.36191 0
0.515474 3.05551 1.03245 0
1.12734 0.247769 -2.73382 0
0.614736 0.232961 -2.08767 0
0.40186 0.615209 0.668814 0
0.257577 -0.193246 2.67684 0
0.678931 -1.05118 1.31467 0
1.21266 0.406483 -2.51437 0
1.31122 0.636877 -2.79961 0
0.608182 0.483301 -1.79756 0
2.17853 -0.0627137 1.42117 2.09197838592477e-13
1.8035 -0.385671 1.53285 1.96764611273602e-13
0.193747 -0.647737 2.91151 1.80553443926056e-13
0.124292 1.72749 2.62029 6.76103920053841e-14
2.09891 0.404942 -2.08314 5.32879110930085e-14
2.29842 0.893367 -1.86535 2.76828825847112e-14
1.68861 1.131 -1.92204 2.92247105528647e-14
6.32869 1.0397 -1.70794 1.89366422943335e-14
0.675 -4.06215 -2.74666 0
0.272438 -0.549741 3.10616 0
0.457497 2.69898 -0.5812 0
0.471184 1.91369 -1.73435 0
0.202628 2.56763 -2.41235 0
0.384571 1.39757 -0.36297 0
0.252979 0.541667 0.754412 0
0.545083 0.533168 -2.67304 0
0.630813 0.382778 0.378867 0
0.17003 2.36225 0.80095 0
0.573838 -2.62102 0.885329 0
0.283283 -1.62966 2.12934 0
0.246055 -2.61117 -0.0119635 0
0.343827 -3.01273 0.825968 0
0.177036 2.21654 -2.49753 0
0.234286 2.49882 -0.231362 0
0.439576 1.45421 -2.31876 0
0.3877 -1.71118 -2.85677 0
0.318432 -2.08459 0.258608 0
0.93847 -3.43169 0.532496 0
1.1165 -5.01479 0.67725 0
0.749734 -5.68182 -0.00638607 0
0.444338 -4.3711 -1.29674 0
1.12589 -5.7024 0.326341 0
0.513756 -5.08086 -0.0508707 0
0.206643 -9.47062 -3.11592 0
0.683859 -7.78394 -1.00208 0
0.472195 2.44135 0.65955 0
0.19974 1.34425 2.81063 0
0.370021 0.842628 1.88127 0
0.727858 -1.30182 1.77728 0
0.597332 -2.12072 0.793006 0
2.24213 -1.99581 1.59412 0
0.294798 -1.41415 1.91452 0
0.371748 -2.8003 -2.83096 0
0.493285 -1.84881 1.98995 0
0.394507 -2.88268 -2.00818 0
0.267408 -3.80715 1.94762 0
0.211738 -2.23031 1.77308 0
0.403765 -0.243376 1.15758 0
0.333067 1.45782 -1.90042 0
0.133885 1.48609 -2.90672 0
0.271242 3.33305 -1.24899 0
0.188816 6.27894 2.26439 0
0.412515 4.9785 -0.201469 0
0.3522 7.58363 1.48427 0
0.195173 2.86149 2.61311 0
0.44493 4.33163 0.583039 0
1.81673 0.837582 1.12454 7.58412496446231e-15
0.784621 1.2126 0.539523 4.46902194853274e-15
3.24898 0.810557 0.88072 7.44427879592898e-15
1.55414 0.72113 1.3165 8.63903739931207e-15
1.06356 0.849345 1.37158 7.90864260930674e-15
0.752155 1.33574 0.769764 3.9806202511927e-15
0.767411 1.46134 1.71221 5.27496395572741e-15
0.383489 3.25485 0.443775 1.51052827277758e-15
0.116075 5.24436 1.08077 2.32827056884704e-15
2.07663 4.27748 -0.95727 2.36058868549145e-15
1.51126 4.25204 -0.697154 2.27502349896776e-15
0.195272 4.93624 -0.833854 2.36428731514279e-15
0.257076 5.06362 -1.05708 2.40294068963179e-15
0.320347 4.64078 -2.13054 2.60517480370937e-15
0.426101 -3.07712 0.347889 3.49590199189703e-15
0.443231 -2.42533 -1.03721 3.43706264024382e-15
0.237594 -3.73843 -1.64235 2.24347904686847e-15
0.58962 -4.65721 -1.43518 2.3806904465089e-15
0.105606 -3.69077 2.29595 2.27904506967101e-15
0.560372 -5.01405 -1.04592 2.45111878796697e-15
0.619933 -5.32206 0.419951 2.53561451852597e-15
0.311566 -3.66208 -3.05961 1.84267905820446e-15
0.465124 -3.73243 -2.07682 2.02268895742239e-15
1.72313 -1.90504 2.59971 2.76075904993634e-15
0.112761 -3.12896 2.50951 2.05133940459098e-15
0.30395 -1.47894 2.3947 4.66373445962344e-15
1.20299 -1.63088 -2.57349 2.30438720725467e-15
0.48655 -2.06124 -2.64698 7.07254941019678e-16
1.20625 6.56023 -0.940995 0
0.392191 6.80202 -1.07775 0
0.843098 5.36127 -1.23974 0
0.324907 4.50385 1.8172 0
0.541483 2.83899 -1.52406 0
0.393033 2.46934 0.188899 0
0.389158 1.14905 -0.248156 0
0.300648 1.7636 2.2827 0
0.696668 0.647433 0.921835 0
0.479945 -2.81175 1.51155 0
0.304144 -2.56184 -2.10137 0
0.310002 -3.81851 -0.771834 0
0.518481 -4.94154 0.382706 0
0.143747 -7.19029 -2.84653 0
0.301491 -5.2486 -1.47387 0
0.501333 -5.26225 2.01857 0
0.160043 -6.1121 0.0975688 0
0.201691 -3.5424 2.8234 0
0.78795 -4.29256 2.85338 0
0.283983 -4.78018 2.75942 0
1.15901 -3.61547 -3.01748 0
0.419065 -2.88581 -2.43976 0
1.04665 -3.48773 -1.05764 0
1.31905 -2.34528 -2.88528 0
0.598156 -2.52926 -2.08645 0
0.284977 0.588708 -2.61507 0
0.744307 0.837106 -2.37578 0
0.0787511 -1.2526 -2.99377 0
1.72853 -0.00677815 -2.49566 0
0.570327 0.713541 -2.76289 0
0.336718 0.528718 -1.73808 0
0.132845 -0.537772 0.457813 0
0.14612 2.16833 -0.446268 0
0.74969 1.96587 1.56022 0
0.648926 3.5154 0.000934872 0
0.261391 5.62416 -0.141928 0
1.26945 5.75184 -1.02596 0
0.48084 5.30281 0.0791882 0
0.223322 6.85708 -2.84581 0
0.277791 -0.00341456 -0.26196 0.0261915350160602
0.226559 -1.89403 0.852644 0.00787952833000958
0.129083 -1.80234 -1.5236 0.00737602667937314
0.279819 -1.56652 3.1078 0.0118463025278382
0.872726 -0.239356 1.4675 2.04587904716515e-13
3.35027 -0.216184 1.46865 2.05549644568197e-13
0.411965 0.0558407 1.8719 2.08277347357447e-13
0.180363 -0.644286 -0.15539 1.63526986284815e-13
0.650114 -0.591934 0.0176384 2.20808670830289e-10
1.53475 0.488802 -2.00019 4.65906669038431e-14
0.214583 0.245274 -1.4011 4.46698086068666e-14
3.54796 1.12502 -1.63713 1.67873251996538e-14
3.07056 1.07029 -1.76529 2.18470929016903e-14
0.123092 -3.9772 -1.75718 0.261616313822887
0.366873 1.01266 -1.43577 0
0.240088 0.148619 -0.018873 0
0.160318 1.11223 -1.26038 0
0.242418 1.19842 2.36633 0
0.443586 -1.67977 -0.23307 0.0247375948324755
0.116768 -5.2419 -0.538632 0
0.311693 -3.72436 0.520405 0
1.46767 -4.32413 0.563302 0
1.06261 -4.28327 0.703108 0
0.111609 -6.68844 0.958694 0
0.403812 -6.73088 2.37184 0
0.0269622 0.358402 -0.943817 1.70364639576985e-05
0.0117073 -1.69366 0.142407 2.05973074960442e-05
0.154866 5.61728 2.84842 0
0.309836 1.11062 -2.81023 1.0322843162303
0.0395334 -1.89521 3.08401 0
0.622332 0.233796 2.85899 0
0.796897 2.99653 0.228264 1.25468879341191e-15
0.467893 3.58816 0.842209 1.86419917056851e-15
0.0129929 -1.57067 2.02346 0
0.241594 -1.35628 2.16905 0
0.556696 -3.64135 0.828148 0
0.330001 -4.49064 1.49078 0
0.169946 -2.53035 -1.82252 0
0.277597 -2.32143 2.77169 0
0.183188 3.73836 1.13551 7.71792375385084e-09
0.224623 3.16517 0.88563 2.6247331753362e-08
0.10025 8.03125 2.89105 1.28406914924167e-07
0.397645 6.74643 -3.09788 1.51243201503133e-07
0.185658 -1.162 0.658616 3.27723933288671
0.328749 -0.0531778 1.93495 3.25012885329145
0.0305847 5.02478 2.24956 11.1640349752456
0.760621 3.98458 2.83769 1.27146973165577
0.177802 -6.52424 -2.03526 0.74913923191062
0.360281 -6.22139 -0.208415 0.498087376407477
0.218415 -2.44286 1.0263 12.9878025013798
0.22734 -2.04382 -3.03724 18.4331539665574
0.343438 1.31184 1.00488 37.0626024640592
0.684054 0.592293 0.577817 31.4134093824675
0.293349 -1.81876 -1.23807 10.6989933420128
0.170592 -2.5759 3.07624 8.79129089486409
0.100096 1.25654 -1.0104 39.6102088325784
0.378984 1.2759 2.79796 10.3189743836318
2.13761 -1.53982 -1.99499 1.17903609061218
0.660176 -1.37588 -1.99359 4.43807822654933
2.58452 -1.52041 -2.22644 4.50894221031274
0.308208 -1.81884 -2.10821 28.3909596835729
12.8233 0.758814 -2.47765 0.127065366111842
1.00682 0.681319 -2.6288 0.207079792864867
2.611 -2.23372 -1.16895 0.0507937808799872
0.856219 -2.25151 -1.27634 0.0507252585578335
1.8849 -0.51686 -0.0338806 0.0572939402706661
1.41099 -0.460887 0.140993 0.0751102466068283
0.351746 1.65719 1.32722 16.0029719892005
0.295105 4.27643 1.45698 2.25185093057953e-09
0.100926 4.04532 0.624477 4.27964163462462e-08
13.9957 0.864419 1.48879 2.52603695327704
8.50177 0.794133 -2.47319 0.17279739190618
0.47993 1.03382 -2.50849 0.534837814940945
2.59763 2.03489 1.26289 3.3720935173044
0.252329 2.05199 1.56871 31.8883787734511
4.86298 1.03382 1.47504 0.232523341054805
2.94598 1.09998 1.44218 1.5446767329807
3.51518 0.5402 -2.62886 0.437060994552519
4.1436 0.597873 -2.64719 0.350973308402178
1.40795 -2.10312 -1.19384 2.9770368885903
4.2176 -2.15929 -1.33737 0.977296251654569
0.865315 -0.368485 0.0103261 15.3127440662036
1.46787 -0.721253 0.0191836 7.55366619750731
