0.143565 4.20957 -2.4091 0
0.630791 2.86092 -1.11653 0
0.255902 4.60613 1.5705 0
0.542965 -5.38621 2.94297 0
0.910639 -5.98286 2.90855 0
0.84358 -3.55208 -2.71685 0
0.587713 -3.13114 -0.152813 0
0.381972 -4.27149 -2.99924 0
0.327305 -3.39478 1.80684 0
0.0852219 -4.31145 0.0771571 0
0.148253 -1.64365 0.870186 0
0.384724 -3.12768 0.315533 0
0.31576 -6.74103 -2.33525 0
0.768524 -6.11073 -1.40019 0
2.3912 -5.07707 2.98411 0
0.0562345 -4.11127 -2.62228 0
0.586289 -6.50817 -2.66596 0
0.548126 6.03341 1.45387 0
0.341947 6.93522 3.04998 0
0.500095 8.01755 0.762602 0
1.15674 -1.6843 2.05146 0
1.53664 -0.961318 2.15342 0
0.634562 -1.54068 1.40767 0
0.336304 -0.984614 -0.990328 0
1.15951 0.762111 -0.914863 0
0.630365 1.53364 -1.10927 0
0.0996933 0.236235 2.30822 0
0.4647 1.46244 -0.0866138 0
0.779267 -3.05657 -0.630106 0
2.71894 -4.22994 -2.9286 0
0.632071 -2.56035 2.58005 0
0.331192 -2.10375 2.52722 0
1.72065 -1.87999 1.65093 0
0.526035 -0.665289 1.29219 0
1.61461 -1.0594 2.27772 0
1.78185 0.534982 -0.237122 0
0.412797 0.851036 -1.64844 0
0.28895 5.39944 -0.516785 0
0.333737 -1.82041 -2.96851 0
0.469399 -1.31164 1.72688 0
0.011387 2.33161 2.16077 0
0.00514237 -4.34604 2.4779 0
0.94772 -0.518398 3.07834 0
1.20977 0.222454 3.03658 0
0.721748 4.81269 1.53424 0
0.383513 1.95659 -2.67288 0
0.157976 2.35781 2.11899 0
0.22752 1.15257 -1.03288 0
0.155851 -0.375323 -1.03039 0
0.13565 -1.95668 -0.982271 0
1.24524 -2.41968 -0.448276 0
0.377997 -3.15956 -1.55302 0
0.0401645 -5.2918 1.93858 0
0.839975 -3.03486 -1.29876 0
0.757181 -3.36435 -0.322517 0
0.44783 -2.48845 -3.00558 0
0.59239 5.88834 -1.40875 0
0.190776 4.50094 -0.902815 0
0.100475 1.64302 -0.658146 0
0.966447 4.13445 -1.80318 0
1.88996 4.16901 0.00939926 0
1.00476 4.65738 0.895705 0
1.09008 3.01534 -0.0205959 0
0.661585 3.49136 1.51224 0
0.470829 2.01234 -2.43483 0
0.758335 1.43217 2.61586 0
1.38029 1.55636 2.50159 0
0.177944 2.33901 2.85648 0
0.435136 -0.351474 -1.08687 0
1.80899 -0.666218 -0.0614236 0
0.870288 0.0362946 0.0132217 0
0.382425 -6.77383 -0.975103 0
1.25599 -3.48206 -1.06408 0
1.22271 -3.91228 -1.20133 0
0.812793 -4.79045 1.05131 0
1.29455 -0.0568751 -2.68994 0
0.34 3.16722 -1.45222 0
0.455913 1.55293 0.871276 0
0.255607 -0.511882 1.71378 0
1.19457 0.0335394 -0.561875 0
0.17066 1.46372 -2.32046 0
1.01826 1.13066 -0.270596 0
0.286092 1.51187 2.28499 0
1.00841 0.551241 0.0672236 0
0.627459 -0.57865 -0.408458 0
0.65643 -1.63976 1.93116 0
0.184004 -3.39777 2.38138 0
0.682143 -2.49285 0.0300609 0
1.21513 -3.48724 -0.236514 0
13.6147 4.24257 -1.26166 0
5.11973 4.05091 -0.981915 0
1.2004 4.10389 -1.06401 0
1.44617 2.22305 1.58257 0
2.68964 1.72698 1.56653 0
0.402155 2.2816 2.10635 0
0.253196 1.22183 -2.06391 0
1.89687 0.489942 2.66483 0
0.293927 -0.21092 0.620688 0
1.06911 -0.262467 -1.16814 0
1.72549 0.23406 -0.833545 0
1.00035 1.44041 1.86871 0
0.129832 1.07345 -0.0902478 0
0.483663 -2.16094 -0.350319 0
0.535378 -3.88303 2.13237 0
0.426162 4.84243 2.99007 0
0.612473 3.88211 -2.76745 0
1.37663 2.59634 -1.41739 0
2.78057 -5.34193 2.48011 0
1.71636 -3.66622 3.03386 0
0.472126 -5.5597 0.119825 0
0.212174 -4.45834 2.65864 0
0.36878 -4.23883 1.54539 0
1.3032 -3.39383 0.974879 0
1.36537 -3.27471 0.833883 0
0.195164 -5.5072 -1.15408 0
0.206609 -6.69056 -1.43183 0
0.43756 -5.53938 -1.9124 0
0.672263 3.2609 1.41274 0
0.0778832 3.53658 0.742977 0
0.556934 5.98177 1.91234 0
0.215087 5.00136 -0.621934 0
0.339756 6.48014 2.64129 0
0.404702 6.58942 -1.06549 0
1.19636 -1.16949 2.98582 0
0.902358 0.130952 -1.3581 0
1.14257 -0.0801307 -0.965875 0
0.626627 1.13345 -0.617759 0
0.252808 1.33531 0.476226 0
0.269411 -3.297 -1.69259 0
1.4937 -3.06125 -1.63324 0
0.104243 -3.39783 -0.16488 0
0.365381 -1.95943 -1.09923 0
1.19984 0.0703172 -1.82205 0
0.146938 -1.60784 -1.28223 0
0.557913 -4.31935 -3.04066 0
0.153476 -2.97332 2.88838 0
2.10629 -0.546147 1.21685 0
1.42221 0.0287238 1.65934 0
0.450375 1.01667 -0.869268 0
0.436185 2.58821 -1.30007 0
0.240733 4.0187 -0.530218 0
0.658415 1.95895 -1.81547 0
0.315771 1.06521 -1.09723 0
0.465847 2.1225 -3.12667 0
0.486195 -0.858659 2.7247 0
1.43774 -1.32757 2.90383 0
0.177551 -2.9017 1.77207 0
0.74112 -1.23101 2.85188 0
0.575596 -0.852151 -3.13671 0
0.248643 0.363837 -2.36347 0
1.30958 4.86677 2.19913 0
1.06106 4.17294 1.44404 0
0.297673 3.98276 1.40616 0
0.17575 -0.443814 0.384003 0
0.800744 -1.45538 -0.758731 0
0.610719 -1.65944 -0.31288 0
0.715073 -1.69342 -1.03077 0
0.255103 -2.38363 -2.16236 0
0.634304 -1.68947 -0.476389 0
0.85827 -2.92533 -0.793829 0
0.358106 -3.35818 0.833524 0
0.0240528 -3.63947 -1.92778 0
0.544739 1.64538 -1.31563 0
0.838076 3.49586 -1.39433 0
0.249384 6.89269 -2.04738 0
0.198961 4.92551 -1.73487 0
0.455365 5.03744 -1.33284 0
0.237474 2.80661 1.69455 0
0.262105 2.90328 -1.70652 0
0.238877 3.03106 0.185113 0
0.887516 2.80999 -2.56822 0
0.628638 2.40139 -1.72697 0
0.36999 4.46753 -2.07617 0
0.632012 3.28586 1.94706 0
0.344932 2.38434 3.08324 0
0.372818 2.87472 1.96985 0
1.92472 1.14891 3.10134 0
0.536352 0.686173 -0.487143 0
0.184976 -1.34067 -1.19445 0
0.324535 0.456623 1.13579 0
0.5015 -0.869005 0.659941 0
0.128016 2.01812 1.54628 0
0.675089 -0.242286 0.817393 0
0.0769293 -1.39734 -2.82921 0
0.969088 -1.19953 -0.98363 0
0.233632 -0.149377 -0.794448 0
0.638031 -1.71517 -0.251063 0
0.147615 -0.985264 -1.80872 0
0.0974998 -0.466625 1.19585 0
0.260783 -2.80971 0.391138 0
0.287897 -3.72517 0.55558 0
1.26091 -2.3418 -0.159669 0
0.229046 -4.52837 -0.261699 0
0.50394 -3.02719 0.456785 0
0.277208 -3.3124 2.06732 0
0.524364 -4.3733 2.58985 0
0.319739 1.81949 -2.37914 0
0.671526 2.62899 -2.93887 0
0.146222 2.17739 1.14747 0
0.477414 3.37893 2.66171 0
0.338359 3.41595 0.166018 0
0.578063 1.89564 0.654511 0
1.41972 3.43697 1.6856 0
0.171218 4.45107 1.45847 0
0.648905 2.58587 -1.55877 0
0.863954 2.00999 -1.17661 0
1.55133 0.629773 -0.352702 0
0.234332 0.326144 -1.61236 0
0.112215 1.40373 2.95533 0
0.475888 1.78161 -0.185252 0
0.336989 1.25184 0.951908 0
0.437099 0.138017 2.42802 0
0.537612 -0.887087 0.658225 0
0.638865 -1.37699 -1.13936 0
0.623561 -2.52235 1.85205 0
0.319033 -1.66788 2.37083 0
0.32184 -2.30197 -2.90335 0
0.129687 -3.08247 -2.36102 0
0.268292 -2.74628 1.90633 0
0.290576 -2.91709 1.11461 0
0.1825 -3.02798 -2.69371 0
1.0845 -3.03138 0.102027 0
0.27162 -3.81172 -0.710732 0
0.145213 -6.19926 -1.51722 0
0.932977 3.83752 -1.08481 0
0.634824 3.24 -1.24643 0
0.394642 2.59192 3.03863 0
2.56727 2.54985 1.98141 0
1.57615 1.78274 1.52831 0
0.486112 2.46832 2.17474 0
0.433613 1.5916 1.64342 0
0.12595 0.826415 2.07403 0
0.311605 1.71685 -2.99827 0
0.554089 -0.361557 -1.34638 0
0.311157 1.03081 0.231974 0
0.326595 0.267779 -0.252746 0
1.09446 1.49512 2.15996 0
0.234648 2.13349 0.712996 0
0.264914 1.17793 0.610066 0
0.312109 -5.59456 1.40122 0
0.278673 -3.79258 2.83843 0
0.775997 -5.31709 -0.811243 0
3.77395 -5.39068 2.58398 0
6.63663 -5.36616 2.55779 0
0.105938 -5.65915 -2.40054 1.62058873447312e-06
0.509026 -5.49068 -2.2696 1.41427242799482e-06
0.553461 -3.95558 2.33114 0
0.822189 -3.59433 2.7344 0
0.286411 4.97879 -1.33683 3.68885034654289e-08
0.217743 5.34497 -0.406543 2.18211235388329e-08
0.274987 -0.152321 -2.11756 0
0.449651 -0.333002 -2.15378 0
3.85291 -0.0421527 -0.851257 6.57083687360501
0.516918 0.155491 -0.895549 48.8629429020653
1.94078 0.00978951 -0.888861 25.2873282175473
0.312882 -2.37283 2.42238 0
0.114922 -2.27239 0.347752 0
1.26807 -1.01943 1.89597 0
0.0674565 -2.26037 2.23869 0
0.252665 0.129633 0.888467 1.15200543442843e-07
0.304757 -0.410471 1.10276 1.61500277522908e-07
0.160185 3.32277 2.80586 0
0.381095 3.13335 0.621632 0
0.472279 3.92413 2.70376 0
0.283737 4.75289 1.7463 0
0.0427166 5.48735 0.432637 8.84958999206756
0.183253 2.54505 -0.0356847 1.25957636206532
0.717591 -1.69061 -0.163213 0
0.918647 -1.44532 -0.799235 0
0.288736 5.75702 -2.6564 0
0.113963 6.21524 0.426084 0
0.255442 1.04667 -0.33756 3.1194340006318e-08
0.14229 1.96801 -0.654511 2.07804214450513e-08
0.151095 1.52018 0.562563 12.5723110340995
0.0925121 4.51963 0.868227 0
0.420576 3.76368 -2.20038 0
0.379255 3.47552 -0.076571 0
0.0967594 4.87984 0.801282 0
0.0494202 1.46463 2.76038 4.3934286268923e-06
1.22662 1.44632 2.70269 1.71434790859818e-05
0.056554 -4.61425 -2.68696 0
0.578013 -4.67446 -1.14193 0
0.149398 -3.00213 -1.6574 0
0.23768 -3.63051 0.514045 0
0.201793 -3.76627 0.262075 0
0.123377 5.08144 -0.855458 0
0.331898 3.78746 -1.39561 0
0.0843858 3.81976 2.65717 2.90348930058984e-07
0.250511 3.49484 0.527842 1.6571657225371e-07
0.142858 2.39571 1.04183 0
0.287851 2.53972 1.94675 15.6915926395003
0.34469 2.38305 1.05765 0
0.216604 2.05115 1.70929 0
0.148859 1.1871 -2.13728 0
0.368085 -0.267953 -2.47824 0
0.0288948 3.23059 2.79202 80.8918681114438
0.139814 0.774299 1.94476 6.03593312862782
0.525993 -2.94565 -2.5518 3.93043073334364
0.310003 -2.18719 -2.08352 14.1206513378903
0.648841 1.48252 0.283912 8.36254483141371
0.285523 0.990499 -0.434888 28.6908055787257
0.932495 -1.83897 2.36549 1.02050312347509
0.0526737 -2.49823 2.82961 9.63521286427001
0.454089 2.27061 1.75443 3.87262722001184e-05
0.507381 2.22379 1.61327 6.28092920405624e-05
2.01144 0.253041 3.04866 4.26810419487346
1.01454 0.458146 2.85535 7.87356054990156
0.399926 0.825816 -1.09844 17.1838504148214
0.294004 0.603587 0.148588 26.8642506155226
0.325984 0.981057 1.00506 5.21924149084202e-05
0.195056 0.958193 0.944628 5.13749812389229e-05
0.37986 1.74593 3.10717 26.439701541264
0.0281675 4.61869 -3.06419 20.7316451349416
0.400464 1.38636 0.719037 16.4285250643337
0.0943848 1.79325 -2.94746 48.0636276141242
0.399647 0.16185 1.04172 2.5002216971576e-05
0.00127992 0.598952 0.826284 9.77131845920061e-05
0.369514 -3.03791 -2.08418 0
