0.389844 -3.45618 1.26561 0
0.362307 -7.59628 2.00195 0
0.913225 -5.87986 -2.47548 0
0.143438 2.49284 1.27967 0
0.375941 3.90894 0.413152 0
0.0989996 -4.91941 1.05436 0
0.500545 -5.29873 0.217582 0
8.01458 -4.95681 0.506065 0
0.0587117 -4.44323 1.1493 0
0.960231 -4.79904 0.95163 0
1.62796 -0.649227 -0.626497 0
0.104318 -1.61316 0.234209 0
1.45914 -0.0602358 -0.885257 0
1.18522 -0.609671 -0.0697501 0
0.214204 0.256337 0.165045 0
5.65131 -0.781855 -0.272141 0
0.786893 0.923635 -3.10824 0
0.75731 0.591194 -1.79476 0
0.731772 0.722705 -1.75853 0
0.9168 2.42356 3.00759 0
0.186485 -5.54119 -2.96365 0
0.179664 -3.53234 2.03394 0
0.261395 -2.52295 1.89202 0
0.273044 -1.67347 -2.10884 0
0.302176 -3.46404 -2.21516 0
1.55276 3.01241 -1.48353 0
0.430387 2.38581 -2.3445 0
1.25548 3.70077 0.641671 0
3.38658 3.96365 0.627484 0
0.568423 3.89996 1.33963 0
0.364148 6.44304 -1.8502 0
0.576958 7.11139 2.92636 0
0.157006 7.63669 2.7366 0
0.52335 -0.0230319 1.68767 0
1.71299 6.01837 2.00615 0
0.0870913 6.59798 0.314423 0
0.616925 5.29538 1.93091 0
1.4829 3.58975 2.13258 0
0.778012 3.04422 1.92508 0
0.344035 1.55669 2.07112 0
0.397226 0.30798 -2.2921 0
0.150169 -1.29176 2.55375 0
0.605957 0.226823 2.4784 0
1.12709 0.903988 -0.901194 0
1.91739 1.43194 0.339115 0
1.77397 1.05817 0.00784678 0
0.757901 1.48488 2.65101 0
0.306082 -2.7518 -0.472674 0
0.738571 -2.05425 2.35808 0
0.267782 1.00232 -2.81935 0
0.220265 1.34474 -3.01719 0
0.433721 2.71044 -1.45393 0
0.397184 4.24699 -1.30286 0
0.250525 3.94781 1.13014 0
0.913959 5.22818 1.45751 0
0.49946 4.30038 -2.07642 0
0.333868 1.54368 -0.867678 0
0.321315 -0.493086 0.155836 0
0.674669 -1.49135 -1.79321 0
0.648723 -2.10797 0.759114 0
0.7026 -2.02081 1.04694 0
0.942553 -1.31439 1.14057 0
0.615643 -2.99982 2.8824 0
0.311094 -2.75717 -0.36916 0
2.28574 0.440464 -2.08891 0
3.34743 0.33585 -2.2849 0
0.883031 0.677712 -1.43074 0
0.663065 2.81475 2.7034 0
0.679909 1.24014 0.621151 0
0.451535 -0.981402 -1.45952 0
0.499878 -2.66091 -0.168256 0
0.4912 -2.79165 -1.09264 0
0.714841 -4.02646 -1.03736 0
0.206156 6.45756 0.549423 0
0.748118 4.36663 1.54717 0
0.593742 3.61118 -1.98711 0
0.593363 3.51679 2.06628 0
0.16784 4.65124 1.80053 0
0.81723 2.49946 -2.28866 0
0.678557 2.75435 1.99259 0
0.527995 2.17496 2.5103 0
0.184567 2.47614 -0.536983 0
0.811597 2.06474 -2.7617 0
0.314002 -0.966198 -1.75474 0
1.36579 -0.198001 -0.461887 0
0.0765855 1.61486 -2.76143 0
2.1202 -0.339396 -0.204035 0
0.387364 -0.335181 1.06751 0
1.69964 -0.274051 -0.782253 0
0.225086 -1.74059 -0.186771 0
1.16508 -1.36416 0.00825076 0
0.285729 -1.21913 -2.44298 0
0.586385 -2.52161 2.99933 0
0.14742 -3.98799 -1.8091 0
0.964399 -2.67231 2.75099 0
1.64395 -2.52265 2.08146 0
0.229601 -3.06523 0.353808 0
1.43877 -2.89889 2.90874 0
0.114816 -5.58981 2.44789 0
0.622656 -3.71155 3.09563 0
0.250165 -2.19552 -1.26661 0
1.14926 3.83524 2.37813 0
0.805627 4.56101 2.75706 0
0.773789 1.07293 -2.99975 0
0.148829 0.00265479 -1.26532 0
0.307313 -2.21931 2.81066 0
0.48321 -4.50666 -1.4246 0
0.308255 4.25227 -0.184914 0
0.610968 2.51612 -0.762435 0
0.293238 -5.65158 1.45681 0
0.33213 -2.69467 0.587268 0
0.636022 -2.58829 -1.37816 0
0.233986 1.27569 0.119561 0
0.184802 -0.810151 1.80137 0
1.59 -0.393305 2.99857 0
0.68351 -0.642052 2.85762 0
0.23025 -0.364481 -0.850385 0
0.929746 0.570527 1.85131 0
0.763088 0.800784 0.649677 0
1.67499 0.724075 2.98891 0
0.249758 1.79251 2.78477 0
0.504691 0.37511 -2.92029 0
0.536833 0.569917 2.586 0
0.737209 0.892439 -2.43951 0
1.03708 1.44863 -2.50777 0
0.696552 1.12194 -1.77168 0
0.355931 1.70137 -2.23491 0
1.46288 1.21328 -2.22314 0
1.12091 5.13299 -1.05524 0
0.968932 5.57041 -0.903501 0
0.341734 -6.50322 1.96415 0
0.213365 -4.95254 0.792984 0
0.371444 -6.59527 1.7377 0
2.63035 -3.88276 -2.32216 0
0.479333 -2.45757 1.64552 0
0.184832 -4.31351 -0.832798 0
0.268949 -5.68814 -2.42188 0
0.152284 -5.05395 2.83659 0
0.405331 7.26527 -0.328171 0
0.673078 6.05623 -1.65214 0
0.983118 4.62058 1.64181 0
0.430384 4.89434 1.88274 0
0.360802 5.73079 0.435323 0
0.479407 6.51188 2.07278 0
0.851943 5.25767 0.378635 0
0.317684 5.9005 -0.606125 0
0.459218 0.468179 -2.45375 0
0.432355 -0.369504 2.21049 0
0.107962 1.24796 2.34344 0
2.04555 -3.81948 1.15162 0
0.797115 6.34948 1.73314 0
0.70773 5.57326 2.18441 0
0.259683 4.25288 1.97682 0
1.30189 3.12078 2.36804 0
0.759319 2.68534 2.5419 0
0.604143 2.08918 -2.81995 0
0.474502 1.08162 3.09813 0
0.816845 -3.2413 0.231125 0
0.495741 -1.20082 0.979915 0
0.539043 0.953731 0.154042 0
0.707103 0.469264 -0.386478 0
0.12038 1.83326 2.15059 0
0.107679 2.61559 -0.458604 0
1.27568 1.68661 1.51218 0
0.798977 2.00119 -0.000488803 0
0.662912 2.42565 0.404283 0
0.474434 1.53471 1.40847 0
0.911274 0.857476 0.420488 0
0.405733 1.3848 1.29804 0
0.0964992 3.21113 1.53932 0
0.188004 -0.0775149 0.591311 0
0.918264 5.54087 -0.740768 0
0.451691 1.58288 0.0122751 0
0.497973 1.98239 2.98176 0
0.133112 3.54627 -0.0651913 0
0.770791 2.60274 1.97253 0
0.484918 4.29762 0.0847668 0
0.263969 -0.600823 1.99721 0
0.290285 -1.25666 -2.47353 0
0.896448 -1.69357 0.513533 0
0.823696 -1.58769 1.62025 0
0.258353 -0.616209 -1.68969 0
0.4561 1.53354 -1.99163 0
0.225843 -0.202299 1.38124 0
0.691355 0.225142 2.00947 0
0.169646 -0.165671 -0.512974 0
0.533352 1.06631 2.48932 0
0.20952 2.22384 -2.92217 0
0.19855 -5.42717 1.0756 0
0.317267 -1.86578 1.7144 0
0.370766 -3.42055 -0.989292 0
0.488229 -2.484 -0.78174 0
0.236435 -2.57301 -1.17635 0
0.434408 -1.06453 0.758777 0
0.309358 -1.63031 -1.29243 0
0.336242 -1.07157 -2.10024 0
0.121949 3.19271 -2.921 0
0.372218 4.12316 2.95105 0
0.547969 3.31344 -0.673973 0
0.155483 5.15728 -2.75359 0
0.531518 -0.455047 3.05744 0
0.392625 -0.757341 -1.36157 0
0.295847 4.85948 -0.161346 0
1.09069 5.03193 -1.78235 0
0.478531 0.949768 -2.38834 0
0.543512 0.149151 0.572862 0
0.533309 -0.901597 0.672979 0
0.122356 -2.04555 -0.7882 0
0.603404 -3.14049 3.1231 0
0.224542 -2.90394 -1.89844 0
0.97472 -2.02726 -0.916026 0
0.462184 -3.6197 -1.45642 0
0.310592 -2.72588 -3.11544 0
0.408507 -2.32498 1.12573 0
0.356223 -1.62208 -0.31162 0
0.311344 0.268748 0.925851 0
1.03277 4.30457 2.63483 0
0.997606 4.32823 2.65531 0
1.31085 3.7838 2.74139 0
0.139045 4.32542 -1.95807 0
0.69515 3.17326 -0.772911 0
0.250704 3.99185 0.282184 0
0.214445 3.23339 1.53645 0
1.34179 3.64037 0.485712 0
0.431451 1.93103 2.86005 0
0.248882 2.80379 3.041 0
0.298293 1.25099 0.50376 0
0.252188 -0.174414 -2.47127 0
0.218983 2.15566 0.989974 0
0.414761 0.624335 3.07259 0
0.467276 -0.453203 -0.572506 0
0.169455 0.949891 -1.06996 0
9.43618 -1.09848 -0.019162 0
4.8585 -1.20917 0.0199013 0
5.74179 -1.17443 -2.78624 0
3.35499 -1.67792 -2.7783 0
0.418695 -1.6638 -2.90074 0
0.131265 -9.98785 2.64295 0
0.707476 -7.6955 -2.66056 0
0.665765 1.3187 -0.888201 0
0.230787 -2.78315 1.50008 0
0.766659 1.69856 -0.539965 0.0126854406689338
1.24682 0.997011 -2.41727 0.0143009529417768
0.274877 -5.63126 0.43698 0
0.313067 -5.50746 -0.0139376 0
0.565468 -1.1842 -0.749208 0
0.495292 -1.04897 -0.405193 0
0.649454 -2.22447 -0.8016 0
1.43306 -2.62394 -0.914714 0
0.331212 0.0755985 -0.457539 0
0.616033 -0.345421 0.209981 0
0.41073 1.08915 -2.39907 0
0.705032 1.43012 -2.82479 0
0.10601 5.44666 -0.855603 0
0.435694 4.46254 -1.35602 0
0.235761 -4.97417 2.15556 0
0.271895 -6.3763 1.70478 0
0.316755 -5.68893 0.97383 0
0.561329 -6.16788 1.58259 0
0.221935 -1.90379 -2.60958 0
0.366201 -0.909125 2.22246 0
0.192114 4.32691 -1.47684 3.00325787887019e-08
0.367285 4.06542 -1.6078 5.29199067948307e-08
0.425798 4.76161 1.27663 0
0.194453 6.14494 0.778104 0
0.599596 2.03156 2.94109 0
0.0518966 3.92348 -2.42094 0
0.036784 -3.32307 0.287082 0
0.184397 -3.24307 -0.1743 0
0.552662 -0.506273 2.16579 0
0.372293 -1.45856 2.31884 0
0.207275 5.47375 -3.13446 0
0.508108 4.86022 2.18153 0
0.360921 -1.5905 1.17084 1.04762773908945e-07
0.49118 -0.759507 1.19876 2.12719541876293e-07
0.0768616 1.18424 0.333311 0
0.288541 -1.03996 0.506885 0
0.757105 -1.54502 -0.990761 0
0.334708 -1.32527 -1.91054 0
0.120659 -4.33533 -0.213142 0
0.270586 -2.85559 -2.24692 0
0.11581 5.21693 1.15874 0
0.128943 3.61479 -1.98965 0
0.0724001 4.86572 2.6192 0
0.350526 3.75495 2.67254 0
0.734568 3.16558 -0.756218 0
0.251255 2.58732 0.00603539 0
0.526348 -0.787518 0.139071 8.34392031783369
0.0714477 0.475451 -0.430142 72.6683976218173
0.359036 0.304028 0.542786 0
1.13081 0.269421 0.0122813 0
0.899792 -0.935704 0.195109 10.6408276128461
0.110537 -0.193845 0.391688 124.548557020461
1.19941 -0.969981 -2.30497 0
1.2321 -0.810989 -2.89316 0
0.379869 2.10309 1.20401 0
0.53143 2.25259 2.21742 0
0.139296 0.215084 -1.66323 13.23195807711
0.0988142 4.18022 2.11898 26.5772055901667
0.531535 2.69228 1.35028 21.7951812862916
0.00803478 2.31929 -2.73889 0.000102887310434451
0.0134054 1.56835 -2.63439 8.00287693927823e-05
0.571393 -1.27421 0.0939172 16.6793292056799
0.0401566 -2.93739 2.15035 48.3890823793914
0.130966 -0.479065 2.08053 25.9306479335822
0.444327 -0.0111606 0.328618 8.55928643273354
0.404807 -2.38586 -1.42685 15.0976117689062
0.136563 -3.02451 0.435214 23.7798204016737
0.134634 2.76895 -2.20477 0.301039948149135
0.857779 1.65923 -2.17195 0.138476505679294
0.574995 2.94583 -0.795019 1.93308987113665
0.921222 3.45498 -0.663122 0.727540121703135
1.35468 -0.0110863 0.0249202 4.12163128353943
0.242044 0.0163848 -0.543705 22.99633714236
0.706393 -1.37008 -0.460457 3.16424227139463e-09
0.464149 -1.3746 -0.261819 4.65905820191075e-09
1.36136 1.38158 2.12192 0.0123497032838495
0.123685 1.28913 2.20156 0.0285962925395247
0.0311362 -0.789955 2.7178 9.69045085154116e-06
0.0544257 -0.77134 2.75781 9.22081649056748e-06
1.16794 2.07695 -0.496472 0.769263744232912
0.247044 1.73836 -0.0792263 5.01345106480931
