1.3584 -3.97486 -0.814461 0
3.61861 -3.52336 -0.639874 0
2.1086 -4.09479 -0.6973 0
0.800067 -4.97439 -1.70595 0
0.411239 -7.44649 1.56755 0
0.448262 -8.9029 -2.494 0
0.446913 -7.73163 -2.71059 0
0.328824 -6.11148 -1.2162 0
1.19973 -6.53702 -2.7058 0
0.464656 -4.5096 -1.42053 0
0.794664 -5.18655 -2.84074 0
1.18537 -2.937 -1.01903 0
0.884145 -2.82722 1.68359 0
0.504207 -1.17278 -2.29599 0
1.28348 0.256508 0.718211 0
0.459061 0.71218 0.236681 0
1.82948 1.4145 -2.48525 0
0.132734 2.04367 -2.39735 0
1.30038 0.535019 2.78351 0
0.824386 0.562552 -2.93505 0
0.622138 0.239564 2.97019 0
0.331757 -0.417779 3.09 0
0.215022 -0.809161 2.36803 0
1.48393 0.704311 2.71287 0
0.204729 4.31649 0.279479 0
0.351226 3.73348 0.946601 0
0.570624 5.66215 2.87689 0
0.762814 5.58297 -0.693127 0
0.27366 5.41887 0.246365 0
0.647697 4.05311 -2.76283 0
0.0858417 1.80874 -1.13101 0
0.577059 -1.20447 2.00482 0
1.25668 -2.09568 -0.124632 0
0.0415824 -3.20083 -1.93643 0
0.804221 -1.99541 1.28648 0
0.48208 -2.44969 -2.75366 0
0.758141 -3.01848 -1.13822 0
0.581124 -3.78674 -2.22968 0
0.4679 -4.53348 1.74982 0
0.438294 -5.21673 2.26914 0
0.411421 -3.78936 2.99187 0
0.411594 -1.61635 -2.4947 0
0.64441 -2.43864 0.978619 0
0.334441 -2.29863 1.4607 0
0.9947 -0.875703 0.653456 0
0.993621 -0.945477 0.267816 0
0.465145 0.788562 -2.07657 0
0.841674 0.0454509 1.00817 0
0.476106 1.80559 -2.72881 0
0.341785 4.37603 1.54577 0
0.564698 2.72991 -0.593204 0
0.420861 5.00542 1.42366 0
0.359997 5.39472 -1.30746 0
2.30194 -3.43737 -0.200291 0
1.43791 -3.45837 -0.418588 0
0.78608 -4.05932 -0.825194 0
1.13366 -4.89301 -0.647076 0
0.978416 -3.98953 -0.391108 0
0.498464 1.93119 -2.78471 0
0.204284 1.29402 1.2373 0
0.57323 2.31549 -2.7673 0
1.21655 1.54859 -1.86618 0
0.303591 1.59432 -1.06958 0
2.18186 1.05038 -2.15943 0
0.168346 4.43775 -0.863262 0
0.391817 1.95885 -1.74568 0
0.380654 3.28081 -1.9446 0
0.233875 3.94797 -1.48127 0
0.470644 0.0255657 0.347435 0
1.01092 -1.50471 0.997261 0
0.294008 9.261 3.05412 0
0.542446 7.11995 2.1967 0
0.461901 7.8068 -2.26461 0
0.285244 5.91897 0.37935 0
0.406735 5.47753 -2.35417 0
0.591571 5.77171 0.866016 0
0.329847 5.75214 -2.52007 0
0.755483 0.710093 -2.6542 0
0.346672 0.671985 -1.13438 0
1.62864 -1.10754 0.646718 0
0.228396 -2.37848 0.47115 0
1.49308 -1.75957 0.34925 0
0.426024 -0.67553 -0.239688 0
0.358018 0.133312 1.19911 0
0.339674 -0.579993 0.366 0
0.776606 -1.84827 -2.82594 0
0.247929 -1.66856 1.73313 0
0.307266 -1.31935 0.361425 0
0.612704 -3.25465 2.72184 0
0.186555 -5.26389 -0.677289 0
2.23859 -4.84165 1.95449 0
0.626551 -4.79156 2.374 0
0.80385 -4.95264 1.53452 0
0.528232 -4.74179 -2.67032 0
0.404957 -3.07053 -2.99021 0
0.870699 -4.10725 3.13518 0
0.83875 -3.83445 2.68871 0
0.299019 -3.80663 -2.01633 0
0.0833821 -4.54322 2.10884 0
0.429289 -2.59509 2.01776 0
0.283272 4.05156 2.34518 0
0.285258 5.33293 -0.826387 0
0.208887 4.63658 2.4797 0
0.158229 2.80104 -2.04838 0
0.93012 7.24482 -1.11987 0
0.33756 6.63692 -0.15811 0
0.241351 6.79463 -2.34867 0
0.250432 -4.83619 0.277699 0
0.35867 -3.99942 -0.982946 0
0.258947 -7.66332 2.75536 0
0.223331 -7.3793 -1.66031 0
0.307457 0.0353801 -2.5242 0
0.126999 0.605833 -1.80897 0
0.384024 1.6931 2.27311 0
0.0760225 1.87143 -1.18383 0
0.408714 6.54579 2.58999 0
0.161971 6.45282 2.69527 0
0.359627 1.3641 0.218041 0
0.133488 0.689434 2.26778 0
0.0183139 2.77579 -0.166894 3.9528860959747
0.364964 -1.71202 1.42593 9.00165279344175
0.205608 3.85597 0.514302 5.72620242822981e-08
0.128862 3.64501 1.98845 8.58026893320425e-08
0.112223 -0.599795 2.55264 0
0.188697 -0.859054 0.329074 0
0.339171 -1.69142 0.0938458 0
0.0692848 -3.86011 -2.98021 0
0.291269 -2.46055 2.93565 0
0.272955 -2.48079 -1.95646 0
1.0669 -3.12924 -2.54358 0
0.162071 -3.31874 -2.94189 0
0.119339 -3.95844 -2.2091 0
0.142589 -4.71028 2.13272 0
0.724791 -4.3739 2.70102 0
0.141195 -5.38684 2.93294 0
1.49521 -4.43116 -2.89133 0.086488935662549
0.87788 -2.81359 2.83664 0
0.52996 -2.41083 2.55892 0
0.7134 -1.78445 0.459311 4.28822712749255
0.165421 -2.91098 0.373159 6.16830190534959
0.515954 1.03678 1.36367 91.9219969785695
0.584176 0.412162 1.76117 118.74614828709
0.135758 0.366581 0.136541 18.5758677364443
0.329363 0.635738 2.46726 6.74414408647061
0.324918 0.465913 -2.27429 5.19553894583312
0.280304 0.00956805 2.61914 6.67805832576517
0.97538 -1.83837 0.246711 14.8394887597375
1.98492 -1.58549 0.101447 9.25631388128208
1.0826 -1.62534 1.70923 7.80398890693484
0.10313 -1.77416 0.89672 41.6191463771912
0.253507 -3.64567 -3.07404 4.34903686451836e-08
0.0653272 -4.36502 -1.64296 6.27096363640625e-08
