0.0546559 5.84621 0.814144 0
0.221189 4.5015 -3.0667 0
0.38867 3.95081 -1.14474 0
0.446692 5.17508 -2.83212 0
3.26659 5.6887 2.85584 0
1.60383 6.74046 1.3949 0
0.57722 1.84925 -1.13077 0
0.521416 0.347872 0.233672 0
1.45686 -0.527074 -1.11472 0
0.139242 -2.48784 -2.1825 0
0.43597 -0.0178185 -0.24938 0
0.421371 -0.381131 -1.96731 0
0.292678 -0.0635312 -0.00605208 0
1.06712 -1.40207 -0.215742 0
3.17527 -0.811307 0.00644102 0
0.292645 -1.79449 -0.518316 0
0.213852 1.46411 2.67519 0
0.777514 -0.0206835 1.54509 0
0.655597 1.39093 1.58734 0
0.24653 -6.85489 -1.01211 0
0.867372 -5.28486 1.03709 0
0.78872 -3.0648 1.51971 0
1.03616 -0.694994 -1.12063 0
0.802472 -0.509832 -0.308663 0
1.81106 -0.632486 -0.774363 0
0.145165 -1.85729 -0.501779 0
1.68701 -0.783633 -1.90127 0
0.304702 -1.59439 -2.32414 0
1.49807 -1.08699 -1.87863 0
0.871101 -2.41562 -2.6659 0
0.0717247 -7.41454 3.06207 0
0.517066 -7.79991 -1.48598 0
0.737616 5.35628 1.01167 0
0.705149 -0.34152 2.3541 0
0.161579 5.56373 -1.32326 0
0.136382 7.2963 2.66462 0
0.465534 6.06425 -2.59959 0
0.356298 7.46665 -2.11608 0
0.277435 5.67537 1.37068 0
0.304275 7.95626 -2.46771 0
0.384731 7.19 -3.0183 0
0.488438 1.5257 -2.2064 0
0.982655 -0.267627 1.00185 0
0.439853 -1.15267 -2.09267 0
1.51204 -2.09664 1.26288 0
0.203227 -2.72652 -0.826517 0
0.995316 -6.23757 0.574024 0
0.0726007 -6.73283 2.17758 0
0.638167 -5.27249 1.96236 0
0.603712 -3.56861 2.6262 0
0.485969 -6.24085 0.253557 0
0.801545 3.81745 3.03976 0
0.30097 2.44012 2.33288 0
0.132186 6.9838 -0.903059 0
0.793116 8.36126 -2.90398 0
0.319115 4.99052 1.96511 0
1.0674 5.81463 1.89363 0
0.145956 7.71247 0.315419 0
0.657605 0.253771 1.28124 0
0.180157 1.7372 -1.70175 0
0.330887 0.31662 1.78004 0
1.95147 -0.119393 -1.36134 0
0.275455 -0.947245 0.55178 0
0.838108 -1.66176 -0.879793 0
0.334039 -0.939091 2.32938 0
1.28926 0.638847 2.55771 0
0.284973 -5.32024 2.23184 0
0.227278 -7.25789 1.05203 0
1.01104 -4.02847 1.63345 0
0.461066 -2.24589 -1.93718 0
0.382432 -1.01501 0.996091 0
0.410125 -2.21798 1.69891 0
2.19527 -1.18634 -2.07358 0
0.46834 -0.836589 -2.09336 0
0.369692 -0.956123 -2.09982 0
0.380175 -0.302514 -2.09053 0
0.117587 -2.76484 -1.1704 0
0.293853 -3.94059 -0.870038 0
0.22051 7.24146 -0.174235 0
0.402232 0.242304 -0.630026 0
0.788783 0.363975 -0.633838 0
0.35998 -0.223727 0.589289 0
0.262278 -2.70244 -2.74241 0
0.109257 4.91818 1.64114 0
0.325406 3.63668 1.4804 0
0.492082 3.30021 -0.624339 0
0.112199 1.50342 -0.551445 0
0.278415 -2.77833 3.08263 0
0.326851 -3.1851 1.95284 0
0.221958 -2.75217 -1.74331 0
1.208 -3.47628 -2.5551 0
0.859854 -6.38033 -2.99743 0
0.366666 -5.9835 0.160052 0
0.272857 -7.27499 2.43688 0
1.10332 -5.2289 2.21429 0
0.292579 -5.15842 -2.36028 0
0.830976 -3.33278 0.966072 0
0.214697 -3.65756 2.84017 0
0.208244 -2.38119 0.543127 0
0.392907 4.3008 0.212734 0.0356842274726431
0.403215 5.45826 2.86598 0.0179916680470731
0.470671 1.05205 1.91179 0
0.277834 0.323157 0.740506 0
0.171782 -0.298773 -0.676101 3.00264040483721e-08
0.289656 -0.574194 -0.584737 5.2932346119718e-08
0.238982 -6.45564 2.15474 0
0.391627 -6.29624 -2.70654 0
0.126253 -0.274442 -1.71251 0
0.0902785 -2.073 -2.46257 0
0.212491 -5.07552 0.575127 8.92721845388363e-08
0.0653068 -7.0694 -1.81886 4.550216927687e-08
0.786679 5.48463 0.844639 0
0.110853 5.95168 0.52174 0
0.361279 1.48127 -0.83056 5.83053595866353
0.19558 0.901645 -0.995881 17.4897536289922
0.254175 -0.315474 -0.0380045 0
0.105981 -1.51497 -0.432657 0
0.161575 -3.88322 -0.336768 0
0.137065 -4.24787 2.05155 0
0.340775 1.383 -1.50927 42.9651782156241
0.14301 2.23499 0.424194 45.9637402406544
0.085914 2.90357 0.576124 34.4732092263584
0.429681 2.60691 2.97164 9.21591914106606
0.134873 5.48936 2.19086 9.84590475486798e-05
0.0970729 5.46304 1.97744 7.87792310817877e-05
0.816184 -3.1918 0.296011 4.2055237949542
0.348544 -2.5803 0.490442 18.0498087176244
0.354857 3.6199 1.34275 0.0875464853683434
0.0510414 -8.02906 -2.54695 3.69252477951037e-06
0.0444366 -8.06118 -2.55935 3.41523169368142e-06
0.284583 -1.67442 1.92243 0
0.483762 -1.53141 -1.25758 0
