0.761606 -4.59214 -0.773304 0
0.804965 -2.01614 3.07839 0
0.132925 1.35554 2.71761 0
0.226411 1.64023 -0.0342832 0
0.719385 5.41609 1.87685 0
1.00723 5.94017 1.56388 0
0.48619 7.532 -2.68314 0
0.671487 9.0632 0.375978 0
0.553119 5.04833 0.363917 0
0.0271761 4.08248 -0.576554 0
0.426162 3.23151 -3.09228 0
0.330568 1.28346 1.49451 0
0.596542 1.08336 1.14916 0
0.385436 -3.57367 -0.0826261 0
0.438077 -6.75046 1.37378 0
0.482373 -7.65313 2.11355 0
0.321729 -7.35877 -0.198877 0
0.67251 -9.61614 3.04731 0
0.99376 -5.81399 1.38784 0
0.432072 0.158865 -0.569471 0
0.52033 2.42956 -1.41869 0
0.222794 2.59836 -2.60616 0
0.533455 2.53339 -2.25219 0
0.339141 5.96313 -0.522596 0
0.572435 8.21796 -0.0410137 0
0.28253 7.72833 -0.0714257 0
0.160239 6.2653 2.063 0
0.148024 6.53881 -1.22308 0
0.346202 4.46517 2.95177 0
0.452083 4.23006 -1.17298 0
0.221997 2.25174 2.49229 0
0.522225 3.17271 -0.98043 0
0.315938 -0.788418 1.06487 0
0.380193 -2.62003 2.47943 0
0.627857 -1.21063 1.52983 0
0.371908 -1.52288 -0.985417 0
0.585799 -2.76281 0.74645 0
0.233195 -3.06062 -2.45946 0
0.0252385 4.11793 -0.0338978 6.51118019306776e-09
0.0700539 2.45945 2.12664 1.0505548525182e-08
0.0779421 2.16587 2.60007 0
0.24749 0.664148 -1.53893 0
0.591022 -1.93334 -0.969154 0
0.291716 -1.62117 -1.45226 0
0.219438 -7.10132 -0.710302 9.2118019392186e-08
0.140422 -6.57302 -1.73238 1.54740848620614e-07
0.084651 4.38322 -2.20599 11.796094896782
0.677955 2.92335 -2.74462 6.30698241295189
