0.343375 7.79951 -0.0931226 0
0.320725 6.48932 2.42324 0
1.11749 -5.92106 0.486021 0
0.114065 -9.05776 -2.52728 0
0.101076 6.11237 -1.66825 0
0.606654 4.2793 -1.2247 0
1.59588 -0.58214 0.806506 0
1.99576 -1.56037 1.13612 0
1.2686 -1.02167 1.06268 0
1.08346 -2.38712 1.93842 0
2.76102 1.33121 1.32187 0
2.57486 -0.699325 -1.22232 0
2.31262 -0.782629 -1.21547 0
0.662042 0.988818 -1.70945 0
5.54446 0.208051 -0.942847 0
0.925349 0.743464 -1.91182 0
2.18742 1.06658 -1.45244 0
0.687228 0.274771 2.2658 0
0.066852 -4.06801 -1.56872 0
1.95165 0.365064 2.11993 0
0.385976 0.0412525 2.19942 0
0.316293 0.441616 2.67931 0
1.11135 -0.114997 1.44791 0
0.0895655 1.92337 -2.52091 0
0.77675 1.53544 0.714301 0
0.351186 1.66263 -1.45508 0
0.174307 1.8874 0.750956 0
0.187163 -1.10106 -2.16689 0
0.644535 1.06566 2.34121 0
1.1732 2.13607 -1.46241 0
0.485842 -2.53929 -2.18346 0
1.60894 -2.46734 -1.38366 0
0.206933 -2.16488 -0.809499 0
0.250867 5.76301 -0.840361 0
0.329048 5.62176 1.69264 0
0.523125 4.04727 -0.0930344 0
0.951716 3.44827 -0.576685 0
0.275487 3.79638 0.723287 0
0.708816 3.97067 -1.08148 0
0.164526 5.25637 0.547812 0
2.04487 -1.33871 -1.7949 0
1.1053 -3.16094 -1.60721 0
0.202912 -3.0202 -0.648162 0
1.55826 -2.00449 -1.18838 0
0.357239 0.18751 -0.680566 0
1.50156 0.00684995 -1.73403 0
0.620423 -7.29912 0.254268 0
0.523593 -1.13749 -1.55331 0
0.0839585 -3.15806 -1.44385 0
0.262068 -1.59856 0.0450172 0
1.93059 -0.553703 -1.65371 0
0.065191 3.77943 2.13226 0
0.138016 -1.95264 -0.00751405 0
1.76936 -0.255735 0.592324 0
1.08372 0.444094 0.393796 0
0.168584 0.59683 -1.02646 0
0.538591 4.96219 -0.221256 0
0.405817 2.67445 -1.02383 0
1.20464 2.87444 2.38571 0
1.01897 2.9215 1.77234 0
0.9128 3.77465 -2.74869 0
2.23934 2.63081 2.90935 0
0.424527 2.61701 -0.909094 0
0.174529 2.87867 -2.36117 0
0.489251 2.7558 -2.14681 0
1.42048 1.10357 -2.75025 0
1.87664 -6.21994 -2.99846 0
1.95497 -6.17276 -2.58526 0
1.3382 -5.76316 -1.54738 0
0.528627 -3.65155 -1.09973 0
2.68241 -1.8835 0.192312 0
0.54468 -0.919216 0.472382 0
2.3427 4.46947 -0.294326 0
0.489558 3.60084 -1.15108 0
0.400655 4.58721 1.78014 0
0.814416 1.96254 -0.907696 0
1.48601 -1.05486 -2.26964 0
1.14706 -1.49439 -2.48807 0
0.350699 -1.49768 0.671124 0
0.842992 -2.98535 0.649144 0
0.461098 -1.71671 2.28408 0
0.295205 -3.11798 -2.98776 0
0.457257 -1.13079 -0.237502 0
0.141008 3.42637 -0.167315 0
0.433807 2.49893 -2.86246 0
0.593685 3.57348 -0.222788 0
0.817112 1.69857 -3.1137 0
0.554389 -1.24965 -2.65126 0
1.06279 -0.494578 2.30526 0
0.750971 1.69167 2.6249 0
0.57028 0.866328 1.08644 0
0.0548404 2.58089 1.0913 0
0.346294 -5.67137 0.981785 0
0.377865 -3.1552 1.72923 0
0.278212 -2.45148 2.48941 0
0.61846 -0.0796705 1.45678 0
0.238822 1.75063 -1.4532 0
0.517316 0.341566 1.1091 0
1.62579 -2.72766 -1.84135 0
1.16915 -2.03898 -1.71519 0
1.07075 -2.33065 -1.77769 0
0.844633 -1.63573 -1.87151 0
0.194029 -2.5924 0.177452 0
0.767605 1.7857 -0.95526 0
0.289881 3.52495 -1.53925 0
0.478399 3.81849 0.347019 0
0.557437 4.94267 -2.38518 0
0.214301 4.09657 2.40011 0
0.69158 2.87851 -2.25372 0
0.626181 4.73769 1.98033 0
0.251826 6.92133 -2.63139 0
0.243672 4.59571 0.0200575 0
0.0829757 4.27412 2.92513 0
2.10935 6.19823 1.23764 0
0.599061 5.04551 0.127883 0
0.417156 2.24546 -0.0885178 0
0.409395 2.22108 3.13008 0
0.185645 -2.65137 1.14215 0
0.650512 7.28911 -0.134155 0
0.479298 5.58218 -2.31545 0
0.516272 3.26661 1.29555 0
2.73058 1.81418 -2.51856 0
0.338752 1.40295 -2.59117 0
0.67649 0.968498 0.1306 0
2.8124 -0.783539 0.0711096 0
0.834532 -1.53611 0.0822814 0
0.0893354 -5.56227 2.00403 0
0.211532 -6.2352 -3.00663 0
1.48817 -5.37801 2.95373 0
2.12758 4.05022 0.108715 0
0.332231 3.92305 0.789758 0
0.659879 0.746078 0.49416 0
1.41183 -0.4158 0.35089 0
0.638565 -1.26391 0.397989 0
0.071592 -3.90948 1.14637 0
0.495221 -2.13702 1.23088 0
0.900918 -3.08722 3.01876 0
0.0900405 2.14937 0.288458 0
0.855963 1.33712 -2.48684 0
0.292375 0.193869 -2.77153 0
1.22838 1.48081 -1.40109 0
1.35571 5.36304 1.43792 0
0.0633744 5.05943 -1.46982 0
0.594956 -1.19782 -0.169565 0
0.488131 -2.00801 -1.21328 0
3.23151 0.529999 1.98787 0
0.398091 -0.544867 1.92795 0
0.912014 -1.26523 1.45544 0
0.164373 2.80476 -0.775091 0
0.227128 -4.66085 -1.90688 0
0.54795 -4.27327 -2.38466 0
1.14818 -1.80911 -2.30637 0
0.243292 -2.81823 -0.517107 0
0.269351 6.43414 2.90763 0
0.155961 5.33054 0.538719 0
0.470726 5.45408 -1.35096 0
3.25276 3.85469 -0.792041 0
0.309668 -2.25052 -0.466587 0
0.208639 -0.629139 2.7421 0
0.37255 -4.07654 -1.50968 0
0.265935 -3.22249 0.643414 0
0.292511 -0.97259 3.11025 0
0.651684 -1.53019 -1.48047 0
0.990981 -0.635593 0.470933 0
1.94098 -0.256803 0.106645 0
0.429389 0.407098 0.502992 0
1.16136 -0.196011 0.833525 0
0.340204 -1.01332 -1.13659 0
0.535924 -2.30095 0.216888 0
1.38996 -1.72145 0.144426 0
0.290134 3.26127 0.0352471 0
1.10196 3.13533 1.37539 0
0.942139 2.16562 1.60336 0
0.238891 1.51091 1.80963 0
1.03286 3.57206 2.95795 0
0.588235 2.67199 2.97638 0
0.60139 2.27716 3.12092 0
0.672438 1.39654 -2.02926 0
1.20161 1.567 -2.13168 0
0.235663 2.37985 0.287401 0
0.477654 1.21028 1.99179 0
2.42011 -5.52604 -1.85552 0
0.153879 -4.82817 1.82785 0
0.739332 -3.8806 -2.15301 0
0.309649 -4.91736 -2.4171 0
0.355591 -2.57591 -1.89787 0
0.694951 -2.27146 -1.14203 0
1.48127 -2.90691 -1.09074 0
0.620741 -0.962969 0.195861 0
1.216 -1.01178 0.660574 0
1.08472 -0.642362 0.474493 0
1.2391 -0.310731 -0.0258357 0
1.03969 -1.00677 0.607699 0
0.312772 0.949113 2.64494 0
0.316372 0.61372 0.823608 0
0.351435 -0.722341 -2.14866 0
0.30811 -0.0800633 2.17874 0
0.533798 0.434604 -1.7637 0
2.57421 -2.1957 -2.16888 0
0.145921 -3.15692 1.6383 0
0.506376 -0.790084 0.918565 0
0.261466 1.84694 -2.41149 0
0.272483 0.491219 0.976827 0
0.316749 3.54837 -0.173274 0
0.240501 0.478345 2.69548 0
0.488348 -0.512218 2.22804 0
0.116255 -2.03686 -2.49616 0
0.393187 -5.25604 0.228329 0
0.393846 -4.16449 0.484988 0
0.251736 -4.20929 -1.62279 0
0.485989 -3.87782 1.08952 0
0.176612 -4.72212 1.68248 0
0.485344 -3.26304 0.0422494 0
0.830282 -0.80299 -0.968009 0
0.733769 1.76154 2.27586 0
0.12479 2.90728 -2.59378 0
0.753221 -2.98682 -1.59117 0
0.180528 -2.42231 0.529454 0
0.985254 -2.21683 -2.10986 0
2.17603 -2.09945 -1.73695 0
0.125667 -1.05569 0.246608 0
0.0226203 -2.5826 1.27591 0
0.30647 4.66154 2.91474 0
0.300244 3.46348 -0.887103 0
0.822542 4.30811 -0.79244 0
0.405132 2.06583 -1.88969 0
0.624885 1.90969 2.02564 0
0.514445 1.12214 2.65425 0
0.199787 -0.297977 0.501843 0
0.230103 0.52227 -1.18394 0
3.06982 -2.69661 -2.96597 0
0.521348 5.79897 -1.50232 0
0.507926 3.30747 -1.31381 0
0.192087 4.90949 2.81696 0
1.04892 3.57982 -1.88194 0
0.3978 1.3009 1.34863 0
1.20506 -1.05236 -0.354887 0
1.17971 -1.92225 0.796446 0
0.627705 -3.08083 0.703825 0
1.32504 -5.42474 2.79994 0
0.383646 -6.16028 3.08649 0
0.228638 -5.13686 0.062367 0
0.317216 -6.30969 1.69805 0
2.12107 -4.96396 -2.93692 0
0.152146 -4.66696 -2.40561 0
0.106342 -8.62701 -0.154369 9.21646159760198e-09
0.259065 -7.91342 -0.614573 8.32299310770492e-08
0.388933 4.07057 1.37647 4.69043815327544
2.05219 3.43525 1.49716 1.18563904094372
1.17448 0.661433 0.416606 0
0.286051 0.69799 0.730548 0
0.480533 0.52963 2.0004 0
0.39094 0.546392 2.48794 0
0.427082 1.01554 -1.77512 0
0.0982657 1.18784 0.3573 0
0.100321 -3.04896 -1.34127 0
0.397614 -2.32969 -1.83971 0
0.447223 -2.6187 -1.47701 1.40698723448663e-08
0.303935 -2.08709 -1.5531 2.49992464750247e-08
0.505795 -1.19959 -2.09095 0
0.25903 -1.21665 -0.484251 0
0.0887413 -6.50547 -0.439996 0
0.361824 -5.47725 -2.52441 0
0.262259 -5.32082 2.11579 0
0.132167 -5.08253 -1.11937 0
0.129978 -3.16372 0.447693 0
0.0750655 -2.84794 -1.94201 0
0.247539 -2.14408 -1.15624 0
0.0854172 -2.43227 2.63651 0
7.71344 1.93768 2.24298 0.0747192374433455
0.160584 2.8452 0.979963 1.47168168083044
0.487656 -1.11073 0.206615 27.384359215612
0.161624 -1.00389 0.249541 0
0.203082 0.302819 2.16788 0
0.232941 -5.50497 0.489371 0
0.0973798 -5.68405 -1.0647 0
0.20548 -1.89618 -1.55044 7.88819985214444e-10
0.034277 -3.03343 0.150814 1.27560651849153e-09
0.760581 -1.11038 0.681236 0
0.179869 -0.999053 -1.76847 0
0.112292 -2.10747 2.55652 0
0.528724 -2.38146 -2.55124 0
0.346763 -1.28455 1.42878 0
0.318236 -0.285673 1.45726 0
0.236247 -0.748415 1.76661 0
0.318644 0.251482 2.5208 0
0.427935 1.57035 2.69486 0
0.578808 2.24247 2.10311 0
0.172989 1.71813 1.71692 0
0.396483 2.03163 2.85406 0
0.440907 -1.96925 -2.05938 0
0.204468 -1.76087 -2.58484 0
0.31438 5.26867 -3.05783 2.17096181276679e-08
0.603535 5.13803 -2.45578 1.40447993351232e-08
0.325321 6.67031 -1.28118 0
0.0933775 5.9293 -2.16322 0
0.0918413 6.0158 0.611074 0
0.211314 4.7961 -2.77475 0
0.159268 3.31349 -1.98251 0
1.35997 2.85383 -1.71887 0
0.223526 2.04487 -2.86664 0
0.215353 1.20987 -2.03373 0
0.251143 0.524766 0.717756 0
0.557426 -0.306385 1.23923 0
0.285017 -1.02936 -0.385996 4.11009845179656e-07
0.516328 -1.11067 0.145904 2.19713886960537e-07
0.801464 -0.06991 2.61378 16.9878886214519
1.08509 -0.45981 2.41965 11.3905763242365
1.76854 0.506264 2.07085 6.1169535813442
0.669868 0.239836 1.84296 17.7683797528594
0.690553 0.230163 0.60294 0.40514229950392
0.344642 -0.458596 1.04179 0.755349060855106
0.320372 -1.46877 -2.40874 13.356716995481
0.167526 -0.934778 -1.85226 39.6598986231216
0.219621 0.508158 -0.831964 2.10759899697879
0.175122 1.9819 0.424262 0.807061352409444
0.378343 1.78012 -0.293659 32.7320602469658
0.109713 2.05749 2.16618 86.7299446792823
0.637619 3.31531 -1.04537 0.823511828049223
0.0868194 3.01131 -1.45209 8.22900151901117
0.483527 2.28243 -1.50316 7.36624982029886
0.549496 2.74082 -2.14628 4.12608017013307
0.099671 -0.573517 -1.23612 32.2046695727491
0.916415 -0.0231696 -2.04622 4.07736313325317
0.0998611 -2.79142 1.75688 1.42430193089702
0.252348 -1.13783 -0.346462 2.6878657886444
0.14614 1.49485 -2.20482 34.3375607954954
0.167696 2.8468 2.01257 8.08901978803397
0.302222 2.671 -2.5517 1.01162299626651
0.326425 2.01886 2.56353 1.77191233266736
0.266828 -4.63997 -1.02849 1.1406396638105
0.161861 -4.81299 1.72404 1.57863145928915
0.261237 -3.32429 2.90098 0.02377222501914
0.340328 2.38072 2.0222 0.00762048363825872
0.505514 2.40945 -2.88964 0.00565293859006815
0.254 3.01266 1.77406 0.00505047010199577
0.64156 -3.17566 -2.95866 2.56142956278506
0.149306 -3.2991 2.68266 9.67286302724425
0.325781 0.745247 -0.427647 0
0.500703 1.56327 2.39088 0
0.29109 2.77519 -2.58697 0
0.404102 2.90516 2.74621 0
0.0783704 4.00156 1.39738 1.86898308431357e-07
0.0616636 4.41357 -3.08446 6.2400337166983e-08
0.124313 -1.13265 0.126822 0.000116964207821053
0.139141 -1.00623 0.161827 0.000182834055196196
0.0874127 3.42606 2.84407 4.04147679149557e-05
0.0315248 3.37223 2.95969 4.50596645494775e-05
0.612764 -4.00371 0.564033 0.0486564249288997
