0.294795 3.88544 2.70573 0
0.624008 -3.00675 -2.08473 0
0.62941 -4.11594 2.29544 0
0.15832 -4.14851 -2.05051 0
0.629929 -7.4095 -0.662668 0
0.530502 -7.84778 1.05087 0
0.0749139 -11.4337 2.70712 0
1.76563 -4.38316 -1.25119 0
0.425714 -2.52002 2.32541 0
0.548522 4.19914 1.44658 0
0.569394 7.74811 -1.22319 0
0.256106 4.86421 -2.92184 0
0.338914 3.25302 2.38981 0
1.65436 2.87667 2.4393 0
2.56219 3.18996 2.8049 0
0.499421 -7.05636 1.14256 0
0.150988 -8.01163 -2.0884 0
0.294082 -7.39037 -2.08894 0
0.36649 -1.26388 -0.0438809 0
0.317859 -1.66737 -2.60519 0
0.374023 -0.124015 1.40676 0
0.473793 0.760265 -0.434394 0
0.213136 4.41626 0.381267 0
0.685553 6.64138 2.48335 0
0.441745 5.82008 1.32878 0
0.612254 8.25171 3.11913 0
0.643786 8.53867 2.58472 0
1.00703 1.77399 -0.432896 0.265104429955443
0.283382 4.95288 -1.65341 4.20157822119739
2.8153 -0.485871 -2.84488 0
2.45443 -0.567364 -2.79692 0
0.360629 -7.20383 2.95835 0
0.134924 -7.71991 1.7834 0
0.268099 -2.79474 0.753173 1.12270427209008e-09
0.252526 -2.09289 0.978371 6.18110954820966e-09
0.18217 1.07555 -0.450399 0
0.306875 0.755881 2.18254 0
0.100446 7.26514 -1.59549 0
0.187454 5.49634 -2.37313 0
0.112396 -2.35256 1.85473 36.6762920718823
0.293115 2.37435 -1.93704 0
0.0340212 6.2322 -2.84048 0
0.0661006 -3.74977 2.97 11.9413173841525
0.0989591 -2.17372 -2.83051 49.9486447519867
