0.673241 3.56638 0.429156 0
0.37532 -7.26523 -2.66703 0
0.46767 -3.99026 -1.06957 0
1.44127 0.867239 1.92477 3.20670594479232e-14
0.30007 -6.57062 1.00406 0
0.583847 -6.93371 -2.48658 0
0.184337 -6.74538 0.666862 0
1.82983 0.127554 1.99204 4.26145677939978e-14
2.74875 -0.264379 2.34281 6.37003819241493e-14
1.64576 -0.00764411 1.62353 3.63965758783881e-14
0.880133 -5.90019 2.84986 0
1.61238 -4.14133 2.97118 0
0.537818 2.78421 2.72952 0
0.355238 1.68491 0.83451 0
0.301529 -3.78282 -1.16083 0
0.345159 6.01521 2.37745 0
0.723424 5.94976 2.40811 0
0.431937 5.92159 2.39223 0
1.08871 5.53573 2.43824 0
0.554388 3.25353 -2.65974 0
1.17602 3.80518 -2.9067 0
0.87495 -2.68832 -1.89513 0
0.766641 -2.47362 -1.37016 0
0.421453 2.2466 0.642544 0
0.935761 1.66205 1.98925 0
0.352868 1.35078 -0.132792 0
0.381222 1.78246 -2.82878 0
0.138952 -4.75845 -0.19908 0
0.14263 7.43414 -1.34063 0
0.3097 3.45947 0.895917 0
0.396063 0.0286306 -0.365552 0
0.399387 -5.37332 -1.38776 0
0.146233 -4.36293 -3.09757 0
0.223951 -5.08415 2.65555 0
1.10241 -3.85336 1.21615 0
1.97931 -2.7827 1.31544 0
0.786756 -1.65395 0.558188 0
1.69879 -1.25686 1.89655 0
3.14568 -1.20527 1.69367 0
0.422435 -0.266325 0.671186 0
1.26321 -1.24983 1.75311 0
0.608748 -1.50666 1.6701 0
1.24476 -2.21723 0.0167878 0
0.638984 3.7386 0.232436 0
1.09381 3.67985 -0.309033 0
0.430513 3.19776 1.06103 0
0.45276 3.06196 -1.73212 0
0.426483 1.74092 -1.51608 0
0.933989 2.01153 -1.07955 0
0.425962 1.20769 -2.40591 0
1.76379 0.746971 -1.29744 0
1.57465 0.231862 -1.62786 0
2.64207 0.0460289 -1.4374 0
6.9798 0.131749 -1.68105 0
1.44391 -0.0108525 -1.91793 0
1.41258 -5.51966 0.840764 0
0.561527 -4.00455 -0.359873 0
0.398361 -5.14253 -0.206034 0
0.596536 3.03824 -0.0782939 0
0.871209 3.68561 0.261275 0
0.125572 -6.29583 2.96628 0
0.901442 -2.69168 -1.31485 0
0.204279 4.08962 -1.93235 0
0.378347 5.88171 1.591 0
0.536846 5.88764 -1.72179 0
0.279117 6.95148 0.636254 0
0.453152 7.35059 2.79757 0
0.392336 7.11476 0.63549 0
0.523243 -3.6185 -2.57017 0
0.28277 4.3754 0.775744 0
0.522867 -6.90319 -2.73757 0
0.423525 -6.70134 1.76738 0
0.262646 -4.24094 0.445367 0
1.05463 -3.43253 3.1114 0
0.324574 -1.28324 -0.475586 0
0.299829 -0.508269 1.35523 0
1.03488 3.87086 1.75861 0
2.10905 0.907003 2.23788 4.45340396394849e-14
4.61801 0.790279 2.04767 3.62643327100994e-14
12.882 0.92886 1.98199 3.52686144936843e-14
0.965208 -6.03066 -0.810126 0
0.415293 -5.65412 2.24192 0
0.227274 -0.507354 2.77499 6.85383209625546e-14
0.960557 -0.999309 1.4794 6.74473530275456e-14
6.39691 0.0617223 1.98301 4.45577070774568e-14
1.96362 -0.149088 2.08396 5.49137925543937e-14
0.0699303 -5.21551 1.99967 0
0.496507 -2.62803 -0.361387 0
0.34658 1.73856 1.97124 0
0.596917 1.64735 -2.87523 0
0.949479 1.44071 -0.592404 0
0.201333 1.2126 0.13508 0
1.07817 -0.750208 1.65366 0
0.617907 -4.61433 1.99139 0
0.494881 -3.60478 2.63708 0
0.682953 -3.85438 1.25382 0
0.36813 -5.43378 1.95663 0
9.62464 -0.155761 -0.0730216 6.87206673031165e-14
2.11757 -0.280692 -0.151845 6.8173981431219e-14
2.01273 -0.0920139 -0.340408 6.73376409329754e-14
1.25998 -0.173025 0.342677 6.48525507570267e-14
0.555426 0.206747 0.224457 6.23046662813982e-14
1.06235 0.4918 1.64299 1.42846535013871e-14
0.716935 4.86413 1.67502 0
0.124276 5.3975 -1.39703 0
1.00989 4.7913 2.58074 0
2.82909 4.32374 2.85917 0
0.191735 4.06538 -2.97811 0
0.876662 -1.29296 -0.980164 0
1.57753 -1.49234 -1.89748 0
0.452438 -0.859475 -2.14143 0
0.927319 -1.68861 -1.52066 0
0.434147 -1.09979 -2.03476 0
1.01803 1.40148 2.61924 0
0.956846 2.0941 2.44051 0
0.363213 1.40182 2.75098 0
0.324068 2.21566 -0.010511 0
0.957984 1.7286 1.15696 0
1.15528 1.58014 -2.51367 0
0.701743 1.15639 3.09935 0
0.376595 -0.195043 1.70029 0
0.22747 -1.30038 2.95098 0
0.444913 -3.08815 -3.10686 0
0.468493 5.36364 -0.321716 0
0.32674 5.24293 -1.2192 0
0.136573 5.55822 1.9342 0
0.385414 3.74844 1.75296 0
0.401801 1.12103 1.73672 0
0.781439 -5.46504 -1.22624 0
0.885612 -5.14903 -1.53327 0
0.659608 -4.00193 -2.58704 0
1.18322 -4.13989 2.84035 0
0.409909 -4.25183 -2.79798 0
0.02131 -4.00687 2.51004 0
0.0121879 -6.38999 1.5717 0
0.305271 -3.34964 2.91449 0
0.132199 -4.99892 2.42169 0
0.384441 -3.82916 -2.18018 0
0.713185 -3.52869 0.593399 0
1.42772 -1.6934 1.38242 0
0.679429 -2.27708 0.973877 0
1.13061 -0.535154 1.45152 0
0.820288 -1.26106 0.483351 0
0.865248 -0.369026 0.6134 0
0.843866 -0.385715 1.86801 0
0.631991 -1.79063 0.377723 0
1.05703 -1.58322 0.600566 0
1.39155 -1.8651 -3.10909 0
1.18913 3.47803 -0.0983437 0
0.960415 3.60157 0.414163 0
1.01608 2.74812 -1.60815 0
0.0874264 2.50827 2.70592 0
0.642093 1.52281 -1.79171 0
1.01618 0.345223 -2.09593 0
0.947492 -0.146143 -1.37907 0
0.815775 0.245122 -1.70942 0
0.374529 -0.00986728 -0.463355 0
0.564948 -0.309852 -1.67682 0
1.10656 0.289309 -1.97828 0
14.1441 0.177021 -1.75125 0
0.588532 -5.63359 1.04894 0
0.407746 0.105034 -2.57523 0
0.910931 0.229934 0.34239 0
0.693507 -3.89858 -0.0472359 0
0.731987 2.26842 0.496001 0
0.478076 -5.37584 1.75021 0
0.445054 -5.96139 3.00293 0
0.308137 -6.29479 -1.00259 0
0.146848 -4.56771 -0.269427 0
0.145636 6.22287 0.387069 0
0.55879 -5.62871 2.95773 0
0.595053 -0.418828 -2.86843 0
0.303337 0.771375 2.78815 0
0.384095 5.49825 -0.960722 0
0.523465 6.20876 0.260614 0
0.439372 5.9154 -2.5632 0
0.137797 3.9924 -2.19762 0.0621993935817602
0.252529 4.13055 -0.00538097 0.0226710478846587
0.273013 8.66436 0.116462 0
0.139423 7.61417 3.12115 0
1.68078 0.945918 1.97608 1.47160584161041e-07
2.10852 0.947491 1.9205 3.11603139879e-08
0.6179 -6.04962 2.49344 0
0.236794 -6.60586 -2.85393 0
0.59009 -5.15155 2.71233 0
0.129655 -5.81964 -3.0168 0
0.683537 5.5929 1.2706 0
0.987345 5.51797 1.57696 0
0.646646 -1.0818 -2.06365 0
0.398268 -0.487085 -2.75412 0
0.686441 0.857276 0.621608 0
0.164842 0.770155 -0.208265 0
0.188769 -5.06404 -0.0529507 0
0.305299 -5.9251 0.393974 0
1.44771 -0.688472 0.559652 1.46111014606881e-08
0.548928 -0.730956 0.636187 1.1855519641084e-08
0.126653 0.0372983 0.844951 8.53424241611267e-09
0.526325 0.154967 0.981952 1.43808619083615e-08
0.0642812 -1.91525 1.50079 0
0.197321 0.42318 0.394635 0
0.382922 -2.23925 -0.24896 0
0.74791 -2.43683 -0.152764 0
1.04743 -1.57766 2.96275 0
0.976491 -1.97889 2.85005 0
0.54849 2.84167 0.180602 0
0.645497 3.65271 -0.232461 0
0.25766 0.21129 -1.82942 1.0148381406297e-05
0.875986 0.190704 -1.81135 1.06112038305851e-05
0.0910942 -4.89435 -1.69973 0
0.481745 -3.70895 2.08489 0
0.106317 -3.65848 0.371572 0
0.142675 -2.91191 -1.98446 0
0.15882 0.08069 -1.88298 0
0.209442 0.996527 -1.55871 0
0.0769374 1.61334 -2.46859 0
0.368186 2.27763 -0.88068 0
0.310467 1.11516 -2.04384 2.82733185598774
0.163382 0.333952 -0.327061 8.6146098650019
0.280811 -2.58184 -2.85899 11.630787809693
0.324398 -3.01916 2.05717 6.52389870746146
0.231297 -1.3016 2.29755 1.89476164084349
0.138133 -2.93391 -2.77435 0.665362628493775
0.770519 2.93232 -0.120381 0.0467223887197225
0.179737 2.09971 -1.23976 0.17925124161632
0.739669 1.49326 1.27645 0.0738663797896145
0.746914 0.68427 1.54351 0.302650378952064
0.270889 -5.75223 -0.102711 0.452313492085257
0.151598 -4.49009 0.339679 2.84883635827117
0.533933 -2.38741 -0.219775 1.91251481898856e-07
0.0991787 -3.32861 -0.230123 2.64213395934523e-07
0.438691 1.94015 -0.861753 14.2767563703772
0.207418 2.19629 0.581128 23.5745834297187
0.724795 0.118996 -2.34654 1.31972354255904e-07
0.748115 0.231168 -2.03538 1.21784227585784e-07
0.857994 -0.150212 -1.62713 0
0.114305 -1.3347 2.86905 0
0.204143 1.76776 1.894 30.905938274291
0.773085 1.40923 0.958143 11.3420986548379
