0.107132 -6.0039 -1.7464 0
0.907032 -6.11714 1.33766 0
2.57985 -2.77547 1.17013 0
0.0807537 -2.24953 -2.7398 0
1.37756 -2.48916 0.76787 0
0.617814 -3.13874 1.53665 0
0.827737 -1.48669 0.925225 0
0.268081 0.894388 2.81036 0
1.12094 -2.57576 2.72388 0
1.15856 -2.26234 -2.06241 0
0.67184 -4.72002 -2.7383 0
0.568447 -4.65648 -0.623678 0
1.28846 2.24981 -0.112216 0
0.838107 1.25427 -0.287697 0
1.21808 2.76464 1.34467 0
3.23587 2.59081 1.65854 0
2.16693 -4.27546 -0.207517 0
0.842074 -5.74266 0.338536 0
0.204596 -0.329087 0.426939 0
0.41582 -2.69975 1.46678 0
1.382 0.489939 0.512681 1.342463200405e-13
0.0752456 1.76875 2.50073 3.72317685065976e-13
9.60215 0.42855 0.989933 6.60521891217252e-14
10.9409 0.553481 0.939527 9.11652967305113e-14
5.6032 0.476415 0.983928 7.62972197979499e-14
0.966088 7.10738 -2.66989 0
1.15953 5.23201 -2.76983 0
0.179076 3.14585 -2.5614 0
0.385687 4.83668 2.11714 0
0.470061 3.50566 1.3058 0
0.706317 4.11845 0.173453 0
7.48446 0.0554955 0.729107 1.04406716537984e-13
5.13577 -0.340575 0.809923 2.29351289223184e-13
2.21071 -0.160512 0.470592 2.16261006581014e-13
1.81307 0.0102781 1.12521 1.4898839826723e-13
1.01277 0.470779 0.30731 1.9375599094048e-13
1.70595 -5.38185 -1.26621 0
0.64776 -3.60654 -0.484503 0
0.437267 -3.6999 -0.764968 0
0.606213 -1.47618 -3.00126 0
0.260553 -2.417 -1.27623 0
0.313858 -0.211971 -2.50342 0
0.537781 -0.850771 2.96493 0
0.35805 -6.48808 2.86229 0
0.581636 -1.92685 1.34685 0
0.221711 -2.09565 -0.155319 0
0.0549294 -0.803212 -1.42497 0
0.773204 0.106812 2.62485 0
2.08454 0.345583 1.7771 0
0.369854 -5.34256 -1.35733 0
0.567357 -1.37309 2.64966 0
0.786815 -2.80493 0.538917 0
0.723943 -1.724 -1.58246 0
0.201615 -0.80536 0.73286 0
0.60386 -0.575796 -2.06553 0
0.591336 -0.610598 -0.0773847 0
0.718451 0.750337 2.90241 0
0.173806 0.179298 1.68937 0
6.01847 2.11609 -1.64195 0
1.84898 2.08885 -2.17811 0
0.209724 3.26731 -1.51078 0
0.624003 2.29419 -1.55116 0
0.830894 2.08603 -2.22266 0
0.238913 2.14255 -0.788136 0
0.136746 2.28195 0.532641 0
0.924007 1.1882 0.0999044 0
0.24207 3.29617 -2.97831 0
0.46387 2.17947 -0.946237 0
0.58393 0.824918 0.157824 0
0.185947 1.97117 -2.55079 0
0.345079 -0.154345 1.94371 0
0.605071 -5.86251 -2.82675 0
1.55683 -4.79215 2.52254 0
0.596879 -4.98884 -3.1411 0
1.30381 -4.05863 1.97176 0
0.472538 -3.23142 -0.417573 0
0.217972 -2.21415 0.00835593 0
0.200251 -2.06092 2.31318 0
0.286134 -2.43379 2.50374 0
0.309372 -3.49673 -2.17318 0
1.07895 -2.94689 1.72537 0
0.129814 -4.60988 0.362858 0
1.22908 -2.97058 -2.04449 0
0.0992785 -2.96668 -2.4823 0
0.491751 -1.45555 2.44198 0
1.29396 -0.776519 -2.61385 0
0.368053 -2.34044 -2.04788 0
0.500427 -1.31117 2.22558 0
2.51294 -1.70323 -0.159074 0
0.325291 -0.699873 -0.0549274 0
0.787609 1.43061 -1.18495 0
0.5167 5.26493 -2.70274 0
1.73379 4.7613 -1.0821 0
0.511762 5.16487 -1.81436 0
0.679681 3.36228 -0.803821 0
0.606289 3.15184 0.707321 0
1.87239 3.30639 -0.61963 0
1.53874 2.60728 -0.535714 0
2.34219 3.18805 -2.15809 0
0.658571 2.74921 -1.6009 0
0.272305 -0.188618 2.12924 0
0.706134 0.543309 2.23712 0
0.287174 5.49663 -3.05076 0
0.192719 4.01175 1.20981 0
0.340239 2.84352 -2.03909 0
0.492566 -3.04491 2.17649 0
0.115472 -4.20607 -2.19205 0
0.529903 -1.6253 0.112701 0
0.287321 -2.14605 -1.76062 0
0.507987 1.49044 -0.98564 0
0.332284 1.06246 1.97797 0
0.512519 2.07326 0.981076 0
0.584007 0.490045 -2.95257 0
0.193245 -2.22046 -0.108326 0
0.804508 -1.73477 2.76266 0
1.31057 -1.29868 -2.88901 0
2.18996 -1.60975 3.12383 0
0.680293 -2.77952 -3.08904 0
1.21347 -3.3343 1.16065 0
0.321784 -3.00877 0.289613 0
0.901318 -2.8712 3.10791 0
0.330811 -2.60707 0.509235 0
0.684235 1.08985 -2.76761 0
0.293154 1.05885 2.20845 0
2.52904 1.52527 -3.07272 0
13.9975 1.54373 -3.07692 0
5.07517 1.51626 -3.06401 0
0.424724 -5.3734 -3.13645 0
0.573337 -5.39001 1.7764 0
0.246729 -3.12388 2.30708 0
0.251347 0.831735 0.943884 0
0.637646 0.506891 -2.21094 0
0.906338 6.00209 2.42041 0
0.490563 -6.6793 -1.26145 0
0.953688 -6.23937 -2.2099 0
0.172353 -6.83473 -2.75232 0
0.552722 -6.74028 -1.19653 0
0.43953 -5.50314 0.32765 0
0.487316 -5.72981 -1.64247 0
0.22582 -3.09039 0.936432 0
0.0595827 -4.76451 0.655993 0
0.212081 -4.39653 3.09741 0
0.725869 -2.73798 -0.126236 0
0.224982 -2.32449 -2.79951 0
0.786177 -2.2705 -1.62796 0
1.12125 -0.544603 0.885025 0
3.6724 -0.189367 0.104291 0
0.361356 0.703725 1.14674 0
0.263591 0.520881 -2.52057 0
0.291577 3.92024 1.37956 0
0.356789 4.17208 -1.2234 0
1.34323 4.22955 0.546059 0
0.91705 4.91683 1.16791 0
0.355322 6.20797 -1.29356 0
1.15942 -3.03533 1.17019 0
2.298 -2.29829 1.09119 0
2.45676 -1.82468 1.23419 0
0.385493 -2.79598 -3.08114 0
4.90973 -4.97738 -2.33744 0
0.949252 -5.30756 -1.63217 0
0.392276 -4.14076 -1.65776 0
0.502228 2.51021 2.08358 0
1.24975 -3.01598 1.7531 0
0.383549 0.403951 -2.18639 0
0.973564 0.239624 2.63583 0
0.229973 0.501814 1.41985 0
0.0543242 -2.80634 0.47239 0
2.48754 0.510971 0.76239 7.84368818506314e-14
1.97921 0.304149 0.979271 4.68177781015329e-14
0.46091 0.912958 0.659303 1.94971652467048e-13
0.386441 4.12343 1.05515 0
0.901944 3.37653 2.23739 0
0.811671 2.51861 -2.92908 0
0.264724 5.2485 -1.44902 0
1.06779 5.89486 -2.93537 0
0.716202 5.17387 -3.02268 0
0.300793 3.17076 -0.992253 0
0.350604 3.93059 2.09519 0
0.27347 5.75946 1.40388 0
0.321582 3.75481 -1.53841 0
0.19733 5.23463 0.921418 0
0.503599 3.48394 0.312452 0
3.27821 -0.26804 0.956329 2.09946001427629e-13
6.90866 -0.257499 0.759257 2.06059801107842e-13
7.13533 -0.19339 0.872735 1.82979533430721e-13
0.100799 -6.78516 2.63685 0
0.752647 -1.52766 -2.12159 0
0.385655 -1.53207 1.75757 0
0.334851 -1.57455 -2.02209 0
0.971674 -0.695736 1.17346 0
0.104503 -0.932397 2.17915 0
0.762605 -1.17062 -0.515417 0
0.457021 3.69824 -2.73878 0
6.71072 2.06238 -1.78865 0
7.76831 2.19547 -1.87109 0
0.777479 1.96719 -2.01271 0
3.31169 2.21433 -1.74179 0
0.38082 1.98976 1.25187 0
1.15484 1.95938 0.633053 0
0.594348 1.82559 1.07328 0
0.668398 3.02181 -0.890045 0
0.389295 -3.43894 0.0394109 0
0.295018 -3.33416 -2.19143 0
0.245716 -4.99873 -1.63256 0
0.147305 -6.7484 1.30206 0
0.619152 -4.78417 -2.47456 0
0.641499 -3.88889 0.866637 0
0.16085 -4.33932 1.17041 0
0.894551 -4.2975 -2.50152 0
0.924321 -4.62068 2.54184 0
0.404905 -4.13451 1.70736 0
0.295361 -4.10531 2.25007 0
0.591985 -4.06453 2.54583 0
1.77414 -2.96853 -0.176754 0
1.04349 -2.84941 0.25923 0
0.630849 -2.89821 1.88223 0
0.553085 -3.60114 0.655725 0
0.888681 -2.51004 0.291332 0
0.657281 -2.455 1.09565 0
0.520092 -2.61136 0.822351 0
0.714509 -3.29016 -2.69516 0
0.654374 -2.73857 -2.26302 0
2.22876 -3.27138 -2.13267 0
1.42862 -2.60961 -2.23417 0
0.512618 -3.35442 -2.49652 0
0.343295 -2.72829 -1.19616 0
0.645605 -2.04606 0.0467121 0
1.5196 -1.63657 0.170322 0
1.17654 0.569857 -0.4939 0
0.874287 0.467956 0.595662 0
0.136625 2.24337 2.45021 0
0.187658 2.18963 2.68996 0
0.631574 0.795875 -1.47569 0
0.0979779 1.37286 0.215404 0
0.253074 2.61462 0.114333 0
0.939244 3.39918 -0.630856 0
0.0704739 3.65421 -3.13039 0
1.91876 3.03258 -0.866386 0
0.967737 2.70164 -1.22028 0
0.112202 4.39047 1.33553 0
0.596573 3.0963 -3.08017 0
0.215189 2.48049 1.11229 0
1.41069 3.36177 2.66178 0
0.18612 3.00131 -2.57558 0
0.127567 2.42821 -2.47945 0
1.33769 2.79975 2.33187 0
0.317702 3.70142 -3.05449 0
0.937043 2.1342 2.04223 0
0.260088 1.68965 -3.009 0
0.70261 0.62083 2.2187 0
0.0636424 3.17409 -2.94379 0
1.0168 1.00626 2.55417 0
0.348265 0.92809 1.05712 0
0.166632 1.17488 2.63285 0
0.826607 -1.15593 1.40699 0
0.236149 -1.01118 -2.97263 0
1.34131 -2.20618 -1.62543 0
0.434435 2.62686 -2.63183 0
0.565539 3.20345 -3.13399 0
0.0730573 2.55386 1.19802 0
0.272635 1.32835 2.73341 0
0.348314 0.974766 -0.307863 0
0.575994 0.644325 2.39264 0
0.519662 1.67649 2.92214 0
0.369646 -0.217127 -2.10591 0
0.519045 -0.473649 1.88584 0
0.678758 -0.440623 2.18763 0
1.77801 -1.96983 2.86474 0
1.87616 -2.52607 2.85912 0
0.0607824 -3.34193 2.09427 0
0.407856 -1.84339 -3.13169 0
0.322205 -1.3074 2.76612 0
0.299808 -3.11763 -1.19147 0
0.549131 0.267416 -2.66647 0
0.209771 2.26232 -1.85373 0
1.2926 1.23214 3.09705 0
2.96998 1.58696 -3.09738 0
16.8974 1.47101 -3.08088 0
1.06721 1.48824 -2.93537 0
13.8097 1.47079 -3.10025 0
10.0663 1.50894 -3.03601 0
3.12759 1.4605 -3.00666 0
0.416526 1.92693 2.84691 0
0.297471 1.91463 -0.888441 0
0.694208 -5.84523 -0.511476 0
0.0798235 -2.47006 -0.537257 0
0.404433 3.16806 2.84202 0
0.340124 3.39299 -0.557321 0
1.57127 -6.7161 -1.73172 0
0.0800351 -6.64958 -0.0190283 0
0.143796 -0.736186 -0.0727262 0
2.89158 -0.0884698 0.0187766 0
0.204946 -0.581176 3.06405 0
0.36191 2.47547 -1.76536 0
0.417078 4.13226 1.29446 0
0.384551 4.41799 1.91713 0
1.1784 5.99229 0.452645 0
0.133826 5.58705 -2.13095 0
0.576518 5.82981 1.1364 0
0.0819964 4.68838 -0.599917 0
1.09081 5.98777 -1.10242 0
1.02503 5.48846 -0.697454 0
0.407408 5.58715 -1.58209 0
0.24829 7.34606 2.08019 0
0.679476 -2.07835 -2.21612 0
0.332427 -2.80796 3.10791 0
0.244237 -1.82032 -0.954368 0
0.237256 -1.80673 -1.75667 0
0.784076 0.20905 0.651294 8.26767525904653e-14
0.192895 -0.225735 0.616983 2.0925528383343e-13
0.430409 2.0828 -2.1249 4.80012610322567
0.746513 1.62702 -2.87046 12.8179507689359
0.156782 1.63782 -2.08449 60.7543108102206
5.52495 -0.0120309 0.790222 1.21156667336766e-13
1.72112 -0.129772 0.832464 1.61319018784306e-13
5.50351 -0.175212 0.826925 10.9689251163752
1.51552 -0.337858 0.709046 7.7802239630915
0.196302 -6.04282 -2.26 0
0.372826 -4.99009 -0.263666 0
0.136765 -4.4073 -0.306078 0
0.198551 -2.77156 2.06028 0
0.113157 -3.12765 0.188991 0
0.1598 -2.16076 0.814876 0
0.0450187 -3.43176 2.59915 9.94494445341659e-08
0.142469 -2.22783 1.40867 1.94003819993281e-07
1.53054 2.10425 -1.69653 0
0.872169 2.18148 -2.09044 0
0.161484 2.51997 -1.76055 2.32045372994756e-08
0.208148 1.37308 -1.34828 3.22336933809842e-08
0.873299 2.14325 1.98335 0.440212309313621
0.253217 3.37537 -2.09649 0
0.0301765 4.04244 0.0354846 0
0.127838 2.79854 -2.53839 0
0.15357 3.25777 -0.934072 0
0.354624 -4.22836 2.0702 8.58379274597541e-09
0.64473 -4.11208 2.09393 1.91512219462869e-08
0.203332 -4.55681 -0.342039 0
0.677067 -3.74977 -0.636867 0
0.353475 -2.49768 0.408713 0
0.646243 -3.33508 0.531181 0
0.184983 -3.23914 -1.91217 0
0.136301 -3.52257 1.99222 0
0.296874 -1.5792 -2.30495 0
0.309554 -2.44678 2.47383 0
1.19997 -1.36505 2.62604 0
0.312115 -1.65078 2.24727 0
1.99696 3.94849 -0.482817 0.185406488317285
0.117537 4.16185 -0.37551 2.56263519916817
0.734668 3.15032 -2.09584 0
0.160073 3.42329 -1.11047 0
0.0618561 4.28368 -2.81675 7.22457566190994e-08
0.0915654 3.45229 1.70679 1.23907653955353e-07
0.417202 2.96446 -2.63197 0
0.451134 2.90358 2.66931 0
0.249644 3.2529 -2.83289 0
0.279553 3.78987 2.15745 0
0.381263 -2.90166 -1.15711 6.61434088530337e-08
0.208072 -2.69851 -1.34354 1.37068945788175e-07
0.917835 3.31842 1.41776 5.20764755471054e-06
1.9064 3.31847 1.41862 5.14840702301892e-06
0.284932 -4.40118 -1.07836 0
0.0959903 -5.48792 -0.661931 0
0.301643 -4.75314 1.59047 0
0.432945 -3.94601 2.78307 0
1.09538 -3.62756 1.2123 0
0.29501 -4.36357 1.38333 0
0.106977 1.50542 -1.97769 0
0.44484 0.801054 -2.08156 0
0.163413 -4.57297 -0.943891 1.31140259378219e-08
0.211518 -4.38053 -2.07425 1.43564582056799e-08
0.392566 -2.66642 -0.695212 0
0.126212 -2.13952 -1.37858 0
0.101797 3.7367 -2.09284 7.77939932732497e-08
0.142182 3.5057 2.98173 1.96208535979541e-07
1.26958 -6.06633 -1.66281 0
0.635137 -6.3859 -1.77245 0
0.186142 -3.23297 -3.00979 0
0.0680905 -3.53358 1.46355 0
0.641087 0.662492 0.16036 0
0.155707 0.23181 1.24294 0
0.128519 -2.00873 2.73276 7.73865052075136e-08
1.68033 -2.0255 2.75105 1.28967663020743e-07
0.0236337 2.87041 3.11267 1.99299085025817e-05
0.0169749 2.77478 3.10437 2.08940569250786e-05
0.412822 -2.16743 3.02358 19.3707004647707
1.44943 -2.56697 2.91545 3.71594529910785
0.251888 -2.72129 -3.04265 16.1556164211357
0.263519 -1.62864 -2.04439 44.6665878238796
0.152311 -3.67575 2.68109 24.1961470206044
0.390592 -3.22812 0.822882 14.8053811528837
0.112038 -1.43812 0.60595 53.1434219118463
0.479931 -1.91314 -0.627912 7.98996668441983
0.159849 -0.834161 1.52524 14.1698135001583
0.273095 0.174106 -2.79594 11.2022776161627
0.140229 -3.32657 2.4281 0.0273157756439192
0.509762 -2.28664 -2.77403 0.0558139779862607
0.115953 -2.40066 -2.40983 4.20301475746421e-08
0.125587 -1.02136 -1.90773 2.77193963618921e-07
1.0696 0.649117 0.839018 3.06479021387792
16.4627 2.17355 -1.79815 0.210460967618958
0.360381 0.8979 -2.64268 7.55999747185476e-08
0.406783 1.17649 -2.58839 1.27674713699823e-07
0.183757 4.8936 1.04373 0
1.49341 5.55545 0.384324 0
1.28197 -2.96955 -0.136726 0.0575235354805203
63.1155 2.16611 -1.90257 0.0372503722765449
57.8207 2.1536 -1.89977 0.0262344628311858
0.287888 2.48954 1.27028 0.286875578269103
0.341998 1.55525 0.640539 0.385203793437214
1.766 2.05012 1.22936 0.11981710291282
9.42056 0.53205 0.94959 0.83903443718312
3.54442 0.504006 1.01022 0.843029785816047
