5.57958 0.515801 -2.77678 0
0.394553 1.42022 2.22214 0
0.55651 -1.33954 0.905339 0
0.877419 -1.37591 -1.95523 0
2.13984 -2.41001 -2.34821 0
0.25926 -1.86555 -2.57151 0
0.790054 -2.67537 -2.78351 0
0.453405 1.73188 0.698463 0
1.68858 1.50293 0.0746248 0
2.71182 0.834233 0.119418 0
0.477604 2.66296 -3.1179 0
0.30967 3.67716 -2.15575 0
0.527097 6.53864 -1.95126 0
0.433646 7.69408 1.82555 0
0.60125 2.47463 -1.51393 0
0.961874 -0.508981 -2.11128 0
0.27617 -0.0916874 0.448792 0
0.234194 0.922022 -1.83671 0
0.671499 -3.28227 -1.00113 0
0.51977 -4.51579 -1.59006 0
1.47128 -3.88884 1.27812 0
0.0690676 -8.56136 1.06771 0
0.332675 -5.77993 -1.00437 0
0.0713507 -6.30964 0.593037 0
0.536272 2.19527 -1.87434 0
0.628411 3.50737 -2.87376 0
0.222969 9.13297 -2.56818 0
1.01511 -8.93824 -0.627007 0
0.187233 0.633348 -1.82346 0
1.36675 0.389886 3.08274 0
0.317604 0.303542 2.45263 0
0.190881 2.19046 0.389316 0
0.802423 -1.94436 1.59084 0
0.321638 -3.21831 1.74285 0
4.02582 1.28979 0.240757 0
6.67771 1.31778 0.171177 0
2.17543 1.18781 0.156065 0
0.138641 -0.115946 -0.592782 0
1.39645 -0.388982 0.700513 0
0.381819 0.10748 -0.216053 0
0.463483 -0.214245 1.62057 0
0.276244 3.05942 -1.37773 0
1.04681 2.81325 1.07886 0
0.12643 3.69129 3.06476 0
0.544481 6.67362 1.08933 0
0.786531 8.19121 0.592613 0
0.311799 3.34722 -2.30195 0
0.649464 1.84779 -2.02745 0
0.229693 0.212576 -2.18939 0
0.729495 -2.08712 0.421906 0
0.125992 -2.94587 -2.03971 0
0.315413 -5.76235 -1.6567 0
0.283965 -8.36089 -1.61236 0
0.337383 -6.78421 -0.358896 0
0.432701 -4.19709 2.25645 0
0.467759 -2.23156 -0.640909 0
0.426395 -2.93644 -1.0252 0
0.699626 4.81479 1.78583 0
0.382978 5.53868 2.1126 0
0.411651 5.66882 -0.331041 0
0.300773 4.37559 0.269409 0
0.363282 6.79688 -1.98317 0
1.00376 -0.252027 -3.01188 0.0104037541567374
1.91103 0.231196 -2.98346 0.00470953468986021
1.10896 0.164477 3.14006 0
0.727632 0.22499 -3.1261 0
0.127024 2.19799 -3.13371 0
0.258151 3.35881 -2.05271 0
0.0197975 -4.55357 0.0630665 0
0.502048 -1.95125 3.09002 0
0.475352 -0.016081 2.21386 17.6156882914052
0.349473 2.03556 1.93364 38.3870277673454
0.255257 3.88769 -2.56945 0
0.253416 4.75017 -1.21232 0
0.173968 7.81427 0.360638 4.16644748945328e-08
0.0753977 8.81036 -2.78563 4.74170382644385e-08
0.0783129 4.06358 -1.98101 0
0.749473 3.70257 -2.09837 0
0.0858956 -2.55476 2.03202 3.04626469180434e-06
0.533646 -2.55616 2.03559 3.5864258826754e-06
0.167962 -2.24205 2.11112 2.81062808844764e-07
0.172323 -2.6693 -2.79729 9.51617021989822e-08
0.371034 1.23087 -0.755248 0
0.472652 1.48675 0.15292 0
0.0924272 8.91875 -2.39259 0
0.342926 8.24392 1.8315 0
0.336344 3.10107 -0.852808 6.93453362044393
0.03315 5.89225 -1.54627 4.33450938411156
0.909584 -2.64023 2.82479 0.27541172712238
0.318489 -2.62859 2.57983 0.415067555568485
0.31348 -2.59639 -0.279707 0
0.39977 -3.59691 -0.166548 0
