1.19037 1.38806 -1.80611 0
0.835164 4.58381 2.97249 0
0.728112 5.78511 -2.36251 0
0.553723 -7.32368 0.466735 0
0.799851 -7.0321 -1.68572 0
0.392059 -7.09519 2.04746 0
0.962021 -7.17278 2.02064 0
0.936233 -7.02574 1.49541 0
0.189892 -5.64327 -2.44449 0
0.323685 -5.19833 -0.630985 0
0.716948 -4.67857 -0.124008 0
1.28957 -3.77878 0.171452 0
0.439044 -1.33552 -2.08461 0
0.31849 -0.520517 -1.38221 0
1.26198 -0.725743 2.62238 0
0.278704 -0.572232 -2.70582 0
0.177521 -0.0765274 -2.79963 0
0.55257 -1.9207 2.88668 0
0.323189 -0.867768 2.92309 0
3.20133 -1.08097 2.35197 0
1.53089 -1.4069 1.92002 0
0.911286 -0.468687 2.34199 0
0.233306 -0.458912 -2.37121 0
0.823257 -0.831981 1.74381 0
0.610144 -0.679831 -3.07552 0
0.100613 0.809575 -2.90591 0
0.270414 9.30792 -1.83396 0
0.0345516 6.92538 1.5261 0
0.151744 7.2453 -0.148055 0
0.266875 3.42916 -3.13013 0
0.797047 1.36865 2.41684 0
0.975359 0.897979 -1.96948 0
1.3696 -0.0517158 -3.0307 0
0.0947597 -1.13445 3.11779 0
0.492058 -0.432169 -2.26845 0
0.564777 -2.24776 2.07106 0
0.0487593 -3.91464 0.529915 0
0.919556 -1.31868 -2.11553 0
0.18024 -5.8963 -2.18326 0
4.12649 0.743752 0.0792201 0
0.644278 0.884217 -0.382543 0
0.968587 1.04268 -1.54151 0
0.453495 1.77733 -1.20965 0
0.29246 5.33763 1.90567 0
0.603756 6.48561 0.268502 0
0.0199916 -6.45038 -1.70367 0
0.313547 -6.74112 2.89374 0
0.591322 -5.93391 -1.76386 0
0.745093 -6.33056 1.49892 0
0.228024 -6.38661 -1.22481 0
0.396255 -3.96966 -3.08688 0
0.180793 -6.0918 -1.43353 0
0.0963031 -4.10755 -1.34348 0
1.47758 -2.6218 -1.15796 0
0.272828 0.443554 1.89076 0
0.101723 -1.32572 0.632194 0
0.957746 -0.982616 2.70021 0
0.492265 -0.411063 2.85007 0
0.259767 0.162576 -1.07186 0
0.341217 -0.0236491 -2.86919 0
0.897922 7.68906 -1.22721 0
0.402747 7.06661 -0.845969 0
0.763786 6.61125 2.33958 0
0.27478 5.25554 -1.95626 0
0.347893 6.30503 1.12295 0
0.194133 7.29518 0.853851 0
0.095318 3.0073 2.8135 0
0.408997 2.83725 -1.06659 0
0.400024 -3.4351 2.81622 0
1.71507 0.869264 0.228623 0.826354877985821
0.329033 2.68758 -0.863338 0
0.194926 2.30528 -0.422971 0
0.388031 8.09077 -1.94921 0
0.104285 8.48423 0.392833 0
0.0796401 -8.87501 -0.892054 0
0.368376 -7.23278 -1.86966 0
0.0654234 -9.62474 -2.46421 0
0.377311 -7.50503 2.36113 0
0.409732 -6.30382 -2.86482 5.25800187653341e-09
0.127896 -7.41393 -2.99961 3.21402574193552e-09
0.130666 -1.1319 -2.78896 2.3601743580261
1.43978 0.173764 2.24267 2.18440559966244
0.138574 -2.00645 1.52304 0
0.399686 -1.87867 2.65341 0
0.124463 4.59869 1.48615 0
0.105764 4.83969 -1.39274 0
0.0561012 4.53372 -0.386536 7.4717433039098e-07
0.0913161 4.52382 0.921398 2.28072636094229e-07
0.139448 4.12221 -1.13817 7.04669903656755
0.366858 4.00088 0.963948 3.0098974352338
0.38571 -0.273465 1.51897 5.87445195755293
0.256959 0.646071 2.44307 7.52782590320849
2.68275 0.754653 -0.0359735 0.249770532638537
5.38956 0.782221 -0.0310963 0.152302661780451
