0.252912 -7.83788 0.803776 0
0.511679 3.37175 -0.502355 0
1.48436 -5.42337 -0.881045 0
0.354201 -9.18927 2.93206 0
0.30055 -7.83483 -1.39622 0
1.49138 2.07735 -1.08561 0
2.99307 2.16101 -1.1977 0
0.351765 2.37606 -0.895273 0
0.570166 1.80573 0.367313 0
0.25645 1.20365 -1.24913 0
9.19491 1.60544 2.20669 0
0.605712 -2.40498 0.162095 0
0.300886 0.0708649 1.62725 0
0.47006 -0.257221 -2.54316 0
0.343779 3.9349 -0.776864 0
0.192501 5.70931 1.26361 0
0.394042 4.52385 2.76102 0
0.846513 6.03964 2.1355 0
0.321153 3.44241 1.86157 0
0.527544 0.752346 0.0252965 0
0.698543 -4.85246 0.434822 0
0.852644 -4.73526 -0.803845 0
0.578963 -6.12322 0.372226 0
0.618638 -7.18203 2.81418 0
1.2043 -3.77468 2.00513 0
0.231367 -2.22927 2.07923 0
0.225126 -4.15697 1.00772 0
0.222173 -1.72073 1.23888 0
0.396054 -1.50928 1.92176 0
0.296494 3.72361 -1.57068 0
0.559513 3.58195 1.70754 0
0.166514 4.52417 -1.11121 0
0.576045 4.99323 1.10428 0
1.36402 -3.2972 -2.60852 0
1.70353 -3.33758 -2.13331 0
2.55441 4.24053 0.260088 0
1.38645 4.43178 0.589006 0
0.35249 -8.40509 2.74208 0
0.136907 3.51462 1.18193 0
0.841191 1.7407 2.31674 0
1.6721 3.42884 -1.36618 0
1.39634 1.81863 2.52102 0
0.399364 2.52337 2.90757 0
2.76294 1.57386 2.37189 0
2.26349 1.68598 2.10575 0
0.753264 -3.58136 -2.2524 0
0.49624 8.01085 -1.64451 0
0.296645 8.25704 0.246492 0
0.0699831 9.24621 -2.5875 0
0.366718 2.95853 -2.45612 0
0.212654 4.09328 0.0782639 0
0.322245 -1.12512 2.51357 0
1.09506 -0.366046 -2.59244 0
0.556172 -3.03792 -2.07792 0
0.0820456 -4.83839 -0.2577 0
0.424199 -2.54094 -0.525874 0
0.42882 -2.47576 1.36625 0
0.132692 -5.43459 1.25006 0
0.330501 -4.70969 1.76461 0
0.530397 -4.46651 -0.617343 0
0.371348 -6.11864 -2.35213 0
0.24988 -8.20376 1.25361 0
0.279031 -5.80047 1.67556 0
0.522295 -5.53629 2.25862 0
0.430478 -2.93221 -0.0106726 0
1.09932 -2.64889 1.34299 0
1.07256 -3.18267 1.78792 0
0.479609 -1.53848 0.409701 0
0.229548 -2.15576 1.90306 0
2.5901 -1.07317 1.5872 0
0.388742 1.1279 -2.98709 0
0.325035 0.725322 -1.97979 0
0.361673 3.39768 -0.868164 0
0.664635 2.9024 -1.76303 0
0.756363 4.03405 -2.57908 0
0.199936 6.49043 0.73794 0
0.240516 0.488188 -1.5474 0
0.515124 1.82915 -2.77401 0
0.0182492 -8.85008 -0.919267 1.64574311968164e-07
0.250044 -6.08413 3.00099 2.87211624318827e-07
0.0542186 -7.1306 -1.50704 9.09359812932918e-08
0.129238 -6.47319 -1.1787 1.49385329105369e-07
0.325877 2.0956 0.580308 0
0.150973 2.49955 0.631369 0
0.0381543 7.59749 -2.04615 0
0.370136 6.36027 -0.428602 0
0.183929 8.10436 1.12017 0
0.103731 8.89725 -2.74483 0
0.375128 -2.53592 -0.771175 0
0.0873183 -1.67925 -1.08446 0
0.639646 -1.70369 1.29354 0
0.228026 -2.29795 2.48179 0
0.474133 -2.00035 1.65506 8.39208147087398e-08
0.331266 -2.12661 1.02961 5.63920636165536e-08
0.100537 4.09757 -2.96415 0
0.330228 3.25418 -1.9153 0
0.0448595 6.47888 -1.58115 0
0.263297 3.94215 -2.05954 0
0.438507 4.72079 -1.39372 1.46899431709273e-07
0.216274 5.02235 -1.16953 2.23924321897889e-07
0.172012 1.71141 1.91864 0
0.38184 1.8809 -2.87984 0
0.0847449 2.0164 -2.88116 3.75781473253604e-05
0.177449 1.9427 -3.00585 4.80270312555165e-05
0.271584 -0.648912 0.0774926 37.117244489213
0.42417 -1.38545 0.963666 13.6237143750375
0.630029 -4.18553 -0.67977 0
0.238761 -5.63971 -1.73573 0
