0.483752 -1.04976 -1.23092 0
0.68352 -7.72582 0.954316 0
0.435364 -6.37984 -2.26845 0
0.192839 -7.42921 1.42471 0
0.826679 -3.71925 -1.99465 0
0.811374 -3.34496 -3.12835 0
0.258747 2.88838 -2.78003 0
0.433758 -3.75848 -2.75058 0
0.560474 -0.00616181 1.53398 0
0.383287 -2.38338 -2.47005 0
0.542411 -0.584843 -2.93577 0
0.162768 -0.643358 -1.80947 0
0.0389 1.42258 1.90813 0
0.334716 1.71089 -0.518612 0
0.24003 3.29723 -1.10553 0
0.185497 -5.16988 -0.94675 0
0.746109 -6.14351 3.02005 0
0.476831 -6.55193 -1.30492 0
0.239267 -6.3195 1.13985 0
1.01766 -3.22206 0.156427 0
1.91361 -2.4176 -0.300164 0
0.222542 -1.95574 -0.847303 0
1.01705 0.731593 1.94031 0
0.357855 4.39284 1.13974 0
0.498909 5.93802 1.22568 0
2.03271 -6.34953 -0.316887 0
0.937307 -5.99799 0.512513 0
0.176748 -3.63798 2.99651 0
1.57101 2.57541 -0.680969 0
0.255064 1.40173 2.67469 0
0.269808 0.645205 -2.70661 0
0.841627 0.210951 0.422057 0
0.181062 -3.374 1.12145 0
2.35967 -2.44449 1.87157 0
0.578706 -1.98937 2.66867 0
1.52744 -2.50024 1.82384 0
0.402535 -2.79385 1.91266 0
1.2532 -2.89224 2.24716 0
2.2001 -3.43066 -2.62583 0
0.867636 -3.37559 -2.82399 0
0.50913 -3.29711 1.08954 0
0.104548 -5.4876 2.59525 0
0.243082 -1.50405 1.18624 0
0.38099 -1.147 -2.58705 0
0.158492 0.61892 -0.178387 0
0.214952 -1.29876 -2.13519 0
0.190671 4.77469 -1.07682 0
0.437805 5.81435 -1.79597 0
0.433479 -2.95381 2.81216 0
2.18374 -2.86402 -0.795158 0
0.521728 -3.71306 -1.14926 0
0.775992 -3.36669 -2.65145 0
0.471076 -2.86275 -2.20382 0
0.301239 -4.74832 2.013 0
2.60327 -3.98444 2.48961 0
0.26205 -2.98772 3.11836 0
0.736704 1.60242 2.24952 0
0.283431 2.29636 -0.0335839 0
1.02234 3.31237 1.32221 0
0.955327 4.8142 -1.01806 0
0.971865 4.73926 1.11985 0
0.3206 4.57071 -0.00109024 0
0.776684 3.31516 1.49517 0
0.264466 3.89343 2.297 0
0.681738 -1.30977 2.4182 0
0.410732 -2.46089 -0.54066 0
0.254355 0.931029 -0.541122 0
0.474698 3.79784 -2.81596 0
1.61244 4.55684 1.75502 0
0.614962 4.83144 1.96943 0
1.55066 4.59829 1.43193 0
1.42535 6.54006 0.480067 0
0.425114 4.39231 2.3991 0
0.521564 3.6681 -1.47926 0
0.293682 1.06616 -1.65743 0
0.486191 -2.69623 1.50793 0
0.297935 -2.34933 -1.6748 0
0.21031 -4.70601 -2.23952 0
0.1114 -0.518372 -3.1128 0
0.705475 -1.66444 1.35114 0
0.254161 3.59791 0.227134 0
1.48384 3.70888 -3.05018 0
0.754242 -3.77136 0.617903 0
0.181817 -4.52837 2.02592 0
0.22419 -4.37587 0.188466 0
0.530183 -1.9383 2.74806 0
1.28466 1.82289 -1.1545 0
0.992954 -3.24809 0.539474 0
0.541512 -5.97062 1.45207 0
0.328385 -5.29547 2.30698 0
0.134022 -5.92647 0.228929 0
0.626663 -5.00662 2.33572 0
0.818431 -5.12192 -2.7553 0
0.220456 -5.44324 0.418649 0
0.752015 -5.32672 -2.35622 0
0.516278 -5.92785 -1.12194 0
0.284936 -4.69277 1.72378 0
0.0499733 -5.59208 3.07619 0
0.40286 -5.71343 -0.429037 0
0.467513 -3.81951 -1.25348 0
0.51552 -3.03287 0.252579 0
1.34039 -2.64262 -0.394137 0
0.671271 -1.95575 -0.91134 0
0.255572 -2.119 0.763202 0
0.189506 -0.591751 -2.60339 0
0.681326 -1.63858 2.72771 0
2.01777 -1.82347 2.78212 0
1.44891 -1.37694 -3.07482 0
0.71666 -1.65786 -2.46938 0
0.13666 -0.240719 -2.66962 0
0.770788 1.07315 0.815774 0
0.271995 3.07212 1.93992 0
0.255511 6.7911 1.23298 0
0.382044 -4.6675 -1.15172 0
0.461866 -3.62009 0.898689 0
0.337146 -2.42987 -0.0779222 0
0.340921 0.102445 1.91941 0
0.206577 0.591704 2.59815 0
0.39593 1.67643 -1.87985 0
0.305057 2.61073 -0.767639 0
0.468432 2.85852 -1.25856 0
0.0740974 3.86539 -1.29575 0
0.516068 1.99315 0.9605 0
0.326609 0.213328 2.22011 0
0.226145 -1.30114 1.0612 0
0.885533 -2.60606 0.938115 0
0.579752 -2.81654 1.61594 0
0.627777 -3.15745 2.54812 0
0.0922217 -1.91343 2.90471 0
0.121454 -4.26496 -0.7517 0
0.746549 -3.20785 -1.33003 0
0.159708 -3.15925 1.5157 0
0.275836 -1.52106 -1.45116 0
0.297273 2.40014 3.02881 0
0.177066 3.58202 1.36468 0
0.308858 3.29883 2.13876 0
0.294917 2.36546 -0.296452 0
1.08218 4.28247 -0.596209 0
2.54716 3.93284 -0.242348 0
1.16046 5.44314 -0.696292 0
0.374047 5.99886 -0.921428 0
1.0775 5.56466 0.683769 0
0.796531 6.21517 -0.280886 0
0.395986 6.79482 1.04364 0
0.331665 7.20142 -0.24391 0
0.709006 6.32715 2.28549 0
0.092995 4.73164 2.46322 0
0.860736 -0.286921 1.72133 0
0.244574 -2.28646 -1.8867 0
0.669827 -3.9994 -0.249557 0
1.67377 -4.29611 -0.695068 0
0.152433 -4.12265 2.98199 0
0.199592 -2.34977 -2.70033 0
1.26967 -2.92057 -2.10661 0
0.480217 -2.53128 -0.694852 0
1.0909 -3.58651 2.85117 0
0.135936 -3.76969 -1.55633 0
0.562313 -3.27044 2.86593 0
0.321399 -1.94175 -1.78615 0
0.62859 -2.04794 -0.714473 0
0.265466 -2.23868 -2.96342 0
0.31806 -1.0165 -2.17615 0
0.133534 0.67887 0.826436 0
0.251605 0.967868 -3.00995 0
0.0656073 4.4945 2.11956 0
1.77608 4.81085 0.922831 0
0.788862 4.76672 0.839086 0
0.855699 5.23425 1.19335 0
0.355839 4.70917 2.23181 0
0.386183 5.59182 0.811049 0
0.285083 5.3863 1.09293 0
0.609021 1.46886 -1.70368 0
0.362441 -2.80001 2.07263 0
0.190667 -0.306045 -1.91273 0
0.0857884 1.51168 -0.877895 0
0.4451 0.886822 0.476532 0
0.989432 3.88014 2.17284 0
0.224569 4.31033 0.479483 0
0.490003 3.23903 2.0383 0
0.848903 6.00259 0.191489 0
0.262407 5.11613 2.75768 0
0.329007 4.64224 -1.53245 0
0.783111 5.11267 2.41148 0
0.73648 5.64318 -3.06172 0
0.128643 5.09127 1.56341 0
0.185561 0.533107 -1.53 0
0.760445 0.416943 0.607593 0
0.222866 -3.79731 -2.35847 0
0.509884 -2.31058 -0.731945 0
0.445122 -2.94325 0.249969 0
0.149532 -8.18238 0.80317 0
0.161689 -4.48554 -1.83112 6.18476964157477e-09
0.0180408 -5.06971 -0.889769 4.40330906975405e-09
0.243949 4.70935 3.01034 0
0.509944 4.38034 -2.15582 0
0.547938 3.19017 2.84901 8.49173737322328e-09
0.066154 4.31388 -1.8003 2.69439426871318e-08
0.438712 0.642834 0.747066 0
0.345271 0.911736 1.22941 0
0.16051 -0.281682 2.58673 14.2083965820465
0.56536 1.72072 2.37503 12.4143079264792
0.39276 -3.863 -0.476027 0
0.613713 -3.43359 -0.767783 0
0.400508 -3.01849 -0.519971 5.52498616788426e-09
0.868925 -2.62534 -0.61836 3.71383539332096e-09
0.108954 7.72325 2.18733 0
0.410234 6.79061 -2.98024 0
0.226012 -2.40066 0.933188 0
0.116305 -3.41282 -1.78941 0
0.0967929 2.28451 2.91277 0
0.261314 0.342376 2.23703 0
0.0684178 -2.60186 1.89019 0
0.0378697 0.546468 1.20916 0
0.0489607 5.19979 -2.12336 0
0.195317 3.44116 -0.545894 0
0.225587 6.05881 0.284297 2.44258369233469e-08
0.269048 5.19567 -1.37771 4.40897240676042e-08
0.105447 7.84798 -1.63209 0
0.184292 5.90046 0.942874 0
0.336352 -2.64608 -0.500297 0
0.406801 -3.46075 -1.13284 0
0.0387456 -4.18609 -0.822752 6.88445265802439e-10
0.188882 -3.28064 -2.28932 7.59777714436117e-10
0.0798739 -6.4712 -2.80293 0
0.200116 -4.24147 -0.760962 0
0.0537199 4.94972 0.699975 0
0.359576 3.14655 -1.20402 0
0.243042 3.05417 1.75456 0
0.0171924 3.28969 2.78274 0
0.56122 0.0626253 -2.1557 0.0332210624325233
0.920169 0.3439 -0.36716 4.764045381308
1.58855 -0.0117139 0.332832 0
0.420392 0.805844 0.00700728 0
0.0810897 3.27732 -0.0671589 23.9871850741644
0.116837 5.81354 0.522722 0
0.405007 5.44459 2.2121 0
0.0395572 8.9841 -1.19528 0
0.224183 6.88487 -2.96696 0
0.149495 7.59772 2.91646 0
0.15026 6.82429 -0.862809 0
0.278322 -7.86633 -0.548794 0
0.065471 -9.9794 2.74584 0
0.362058 0.205251 -1.76203 8.84724505621021
0.167738 -0.0142787 0.108152 19.4672187204486
0.123811 2.40676 -0.239266 21.8975421231209
0.339419 3.08984 -1.76827 4.07863858051319
0.64839 3.6037 1.94215 2.13096787580957
0.0500222 4.25794 -2.71241 14.411166380596
0.310263 0.581762 -1.2392 64.5884936937936
0.530988 1.38361 -0.794323 20.9341714844484
0.412286 2.31919 -1.08705 6.58110552220023
0.0439676 2.30335 -2.65374 62.4651333177845
0.210697 -0.910357 0.240364 14.980314515899
0.247523 -1.80486 1.85216 5.89080262911511
0.0818497 2.80309 0.0247079 14.5719258423462
0.309403 1.29625 2.9614 16.212530618316
0.104113 0.686585 1.94347 1.70904263659035
1.2622 0.304028 1.49829 0.166429687163313
0.603408 1.23614 -0.957421 7.86157385285304
0.185674 2.08954 -0.0845425 11.6315595541232
0.308652 -2.93121 2.80033 2.12131922538747
0.242797 -1.96026 1.85267 6.97698734029997
0.120469 -4.15301 -0.768959 6.9846049363637e-08
0.522764 -3.55633 -0.536515 4.39797870049287e-08
0.0763391 -1.45861 -2.8696 0.270490251906202
0.345599 8.23225 2.5725 0.0197966039114536
0.0503661 7.54133 3.12819 0.266630789757645
0.394902 -3.11419 2.29956 0
0.25562 -4.58185 -2.76107 0
1.31633 -0.282973 -2.01518 0.0833727062627234
