0.210381 1.34454 2.59941 0
0.506345 -1.57923 -0.825244 0
0.544564 -1.22353 -1.91014 0
0.906878 -1.66815 -3.08428 0
0.390245 -1.10004 2.83985 0
1.25429 -1.08353 2.69184 0
0.52666 -2.04633 1.83296 0
0.229834 -1.78021 1.64655 0
2.16919 -1.85119 0.193065 0
0.368101 -1.43148 -0.840044 0
0.339391 -1.8263 -0.786209 0
19.8506 -1.94605 -0.714018 1.97997504873645e-15
2.53191 5.20867 1.18955 0
0.552086 4.42259 0.65654 0
0.712867 5.4461 1.07547 0
0.317851 4.93281 -0.730663 0
0.106093 2.82108 -2.71583 0
1.32673 -2.41144 0.895517 0
0.723296 -2.60882 0.419173 0
0.483644 -3.30765 0.920285 0
0.165256 -8.8554 1.15784 0
0.199202 -5.93706 2.65324 0
0.14945 -6.879 0.279889 0
1.26859 -5.86515 1.83584 0
0.604837 -6.64871 0.342304 0
1.52656 -1.64278 -1.33931 0
0.301146 -2.95625 -1.16546 0
1.08078 -2.51917 -0.610925 0
0.55859 -2.49487 0.0567655 0
0.669133 -4.33759 -1.28282 0
0.268918 -5.06863 -1.98094 0
0.497373 -3.99491 -2.20144 0
1.47785 -3.27918 -1.79106 0
0.166704 2.81645 0.321076 2.59424007560302e-14
0.262922 0.699473 0.804753 6.22147679061633e-14
0.354047 -0.778183 2.40732 6.98379016274495e-14
0.22479 -0.768563 1.2552 6.56016999088768e-14
0.202548 -1.66238 -3.04185 4.25546949793301e-14
0.32795 2.67439 0.495341 0
0.299283 6.24774 -1.33848 0
0.409452 6.6377 -3.05756 0
0.298906 4.01767 -2.24203 0
0.385064 3.67431 -2.02235 0
0.77414 2.53567 -2.3786 0
1.85337 2.89922 1.95271 0
1.03854 1.95959 1.27826 0
2.87615 1.23574 2.22787 0
0.208967 2.81913 -1.99336 0
0.160591 2.63849 -2.71484 0
1.87037 1.63334 2.10427 0
0.777729 1.23137 2.6896 0
8.78215 1.24316 2.4784 0
1.06966 -4.91892 1.53546 0
0.948295 -3.65499 1.75576 0
0.717191 -1.66355 -0.828186 0
0.201659 -3.51436 1.52603 0
0.0529851 -0.847489 -0.93276 0
0.497764 -5.39737 -0.872612 0
0.340939 -5.11368 -1.63835 0
0.635716 -3.47887 1.53127 0
0.390376 -0.803593 0.686462 0
1.02173 0.953119 -0.400192 0
0.865568 -0.0846226 -1.86391 0
1.06835 -1.12637 -2.74125 0
0.810061 -1.31841 2.82188 0
0.703636 -5.78613 -0.271667 0
0.17023 -1.53305 -2.84778 0
0.697972 -1.63691 0.716416 0
0.408647 -1.48958 -1.88572 0
0.225199 -1.56515 0.175056 0
0.486947 -0.465521 0.537363 0
0.225614 2.5644 -3.02444 0
0.0684031 7.84765 -0.0113433 0
0.420085 5.16539 0.149389 0
0.409223 5.0587 1.04377 0
0.38098 3.51239 0.584566 0
1.15501 1.77611 0.733273 0
0.475316 1.63554 0.344492 0
0.333173 1.50939 1.97344 0
0.427924 1.20621 -0.806809 0
1.80966 -0.183352 -0.920982 0
0.716143 0.200535 2.16652 0
0.398441 -0.201263 2.72632 0
1.1074 0.856024 -0.666603 0
0.726103 0.843229 -2.4318 0
0.116876 0.929985 2.59788 0
0.46109 0.607659 -2.72905 0
0.335863 -4.84272 -1.1515 0
1.10165 -3.37117 1.11058 0
0.84205 -3.25439 0.706345 0
0.582853 -0.610539 1.63246 0
0.163243 0.325562 1.71679 0
0.338802 0.295913 -1.52849 0
0.954171 2.02317 -0.323123 0
0.891323 1.84839 -0.0318142 0
2.045 1.72457 0.0558414 0
0.56475 2.49276 -1.18471 0
0.19438 2.68877 -0.786999 0
0.743875 0.842052 0.89 0
0.791604 1.59483 -2.22718 0
0.798067 -2.01322 -2.36387 0
0.458315 -2.19937 2.12997 0
1.90513 -3.49998 -3.07817 0
1.17146 -3.6447 -2.91693 0
0.144526 -2.14649 -3.00912 0
0.250417 2.67445 -2.83408 0
0.665217 4.3846 2.47822 0
1.52891 -6.84872 2.87972 0
0.741778 -6.52345 -3.02627 0
0.397194 -5.80787 2.36736 0
0.12449 -6.99325 0.701763 0
0.254112 -3.48563 1.87826 0
0.634733 4.61474 0.525959 0
0.854106 6.57206 -0.556592 0
0.255431 2.11001 1.63162 0
0.400894 1.47098 3.05792 0
0.213983 0.937105 1.46804 0
0.339131 -0.530533 -0.802089 0
1.52642 -1.45673 0.321121 0
0.438274 -0.931708 2.72988 0
0.805234 -1.95282 2.46918 0
0.169699 -3.46027 -0.686656 1.62730253598702e-14
0.211351 -2.10588 2.96533 3.63710997550808e-14
0.38333 3.61197 -0.651124 0
0.825782 -0.169345 0.334305 0
0.259 -0.879959 -1.85397 0
0.457851 -6.60545 0.841732 0
0.726589 -2.18381 -1.22133 0
0.334791 -1.79759 0.0491804 0
0.140998 -2.27248 2.59193 0
0.424527 -3.66626 -1.47876 0
0.357126 -2.46526 -2.21614 0
1.1728 -3.13875 -1.39696 0
0.213448 0.891927 -2.9943 4.64555119191406e-14
0.131675 -2.39251 0.0122686 1.52748016826373e-14
0.221197 -0.0874191 2.98236 7.63048375048751e-14
0.904442 -1.48851 -1.9302 3.03555052387679e-14
0.209097 -0.630958 -2.61388 6.74025118344449e-14
0.42448 1.72613 -3.03548 0
0.471394 3.74333 -1.33078 0
0.397988 4.74727 -2.75704 0
0.652328 4.29956 -1.97002 0
0.370254 3.81944 2.61986 0
0.402931 3.68024 -2.61327 0
1.87697 3.21339 -2.33251 0
0.103931 1.80787 -2.23373 0
1.30701 1.3052 2.51076 0
0.224902 2.01103 2.98962 0
1.76744 1.46164 2.47675 0
0.472708 1.15967 1.92365 0
0.304574 -3.82497 0.5346 0
0.18959 -3.44094 1.50488 0
0.355001 -1.8772 -1.28849 0
0.0969454 -0.483892 -0.507467 0
0.329252 0.20574 2.67154 0
0.322692 0.407862 -1.88802 0
0.357231 1.71607 1.22667 0
0.195549 0.307406 0.776331 0
0.517717 -4.82393 1.63874 0
0.262596 -6.18682 -0.952668 0
0.361683 -0.634342 1.59292 0
0.230499 -0.903215 2.52243 0
0.742125 -0.811107 -1.50489 0
0.473575 -0.992607 -2.18007 0
1.75344 0.0312979 -2.62125 0
2.33951 -0.647914 -2.20346 0
1.13926 -0.329211 -2.48573 0
0.280101 -1.44326 -1.4573 0
0.563992 -0.293771 -3.0733 0
0.593472 -1.11925 -2.25587 0
0.622061 0.146264 1.47925 0
0.280446 -6.12669 2.44472 0
0.576233 -4.06496 2.37995 0
0.884992 -1.16214 1.46752 0
0.367568 -0.64366 2.12392 0
0.367295 -3.0384 -0.164502 0
0.610486 4.95179 -2.24788 0
0.542392 5.35197 1.88635 0
0.255207 6.44312 -2.61827 0
0.426997 7.69542 3.02586 0
0.134119 2.74694 -2.3809 0
0.769451 0.0841276 -0.125618 0
0.272298 -0.164815 -2.093 0
0.207702 0.0681732 0.420452 0
0.786846 0.292677 2.25419 0
0.688793 0.706502 2.96526 0
0.629261 -4.73964 1.78732 0
0.351813 -4.05077 2.79731 0
0.319302 -4.21363 0.180145 0
0.303675 -4.00244 2.06323 0
0.285084 -2.89331 0.254552 0
0.47645 -1.46618 -1.18224 0
0.280751 -0.448789 0.80162 0
0.130869 2.23041 -0.716506 0
0.539757 2.89018 -2.9955 0
0.81102 2.35275 0.205334 0
0.222184 -0.08163 1.04268 0
0.436281 -1.5285 1.59087 0
0.29069 -3.46936 -1.39806 0
0.393069 -6.09846 2.9114 0
1.10485 -5.02352 -2.95311 0
0.248297 -1.77514 0.686532 0
0.341637 1.66515 0.382364 0
0.922781 0.416212 -2.86354 0
0.0666427 2.43851 -1.90556 0
0.103587 4.85111 -0.0494393 0
1.16942 -6.67472 2.71233 0
0.555786 -6.74049 1.74409 0
0.0192538 -6.22682 1.19012 0
0.32691 -5.28144 1.80134 0
0.0886578 -3.79123 -0.75958 0
0.41756 -4.6563 1.74563 0
0.362427 2.74702 -2.35992 0
0.245449 0.693643 0.960871 0
0.182295 4.90762 -2.47318 0
0.358165 3.59459 0.223531 0
0.291107 -2.33161 2.12122 0
0.267594 -1.72958 -1.89229 0
0.412741 -2.00245 1.00783 0
0.421933 -1.50492 2.15493 0
0.426578 -1.89665 -1.76894 11.3111137465708
0.720664 5.51799 1.19755 0
0.471311 5.75196 1.18301 0
0.134787 2.8936 -0.91144 0
0.201683 3.9343 -1.8632 0
0.240091 -1.42497 -0.40541 0
0.229133 -2.28672 1.86876 0
0.225885 -3.91608 1.91661 6.31505625186721e-09
0.131904 -3.59207 2.18338 1.4959964307358e-08
0.0930332 -6.52245 3.04734 0
0.255005 -7.53169 -1.7664 0
0.278357 -3.14091 -0.326695 0
0.921584 -3.35857 -1.12243 0
0.685242 -3.26306 -1.68998 0
1.33441 -3.38254 -1.1634 0
0.0968289 1.79903 2.56797 0
0.358747 2.25958 2.95775 0
0.65617 1.94068 1.4584 0
1.09383 1.62968 1.81875 0
0.303486 -3.24587 0.0938987 0
0.23974 -3.06083 2.23626 0
0.387926 0.969613 -2.55798 0
0.159176 -0.616041 2.21625 0
0.342651 4.32334 2.59317 0
0.0361627 5.56853 0.965709 0
0.126027 -0.682486 2.56699 0
0.161597 -2.76777 -1.19899 0
0.101054 -0.0425216 -0.680548 2.09679195850451e-07
0.475025 0.110489 -1.86311 2.34088205941264e-08
0.141344 -4.6694 -0.778 0
0.27223 -5.37726 -2.04405 0
0.0789361 6.10787 1.71061 0
0.143551 7.88607 1.69018 0
0.116845 5.43218 -1.53374 2.69999657318178e-07
0.178191 5.17991 -0.241503 1.7354512371996e-07
0.0853763 2.9734 -1.4962 0
0.132756 0.891019 -0.473132 0
0.162783 -0.826406 0.322956 0
0.22195 0.0829026 1.54857 0
0.430277 -3.87201 0.937326 0
0.408872 -3.01852 1.16717 0
0.194916 3.28171 2.63601 0
0.374254 3.58384 2.62051 0
0.456116 -3.78266 -2.38905 0
0.176449 -4.3461 2.94261 0
0.518723 -4.72459 3.11091 2.88790882055281
0.0797268 -6.0212 -2.97341 0
0.387083 -3.91771 -2.08364 0
0.392342 -4.05958 1.92236 0
0.335317 -3.94721 -2.83321 0
0.143012 -2.58232 0.467569 0
0.08717 -1.13536 1.06941 0
0.0337075 2.65715 2.26099 33.7929547636538
0.540908 4.04262 3.0359 2.02315036411728e-08
0.115464 4.85589 2.6736 6.21243681200955e-08
0.321778 -2.84278 -1.23483 3.83006081974591
0.0885478 -2.45142 0.608693 20.5510800393213
0.358446 4.85895 -2.56583 0
0.129258 5.55315 0.0651342 0
0.419198 2.2337 0.153271 21.5016189101737
0.387824 1.3915 -0.293201 51.3190896514614
0.638789 2.34956 -1.85894 28.3484015848287
0.169618 3.28044 -2.65836 42.4692825191873
0.0922786 1.59266 0.991445 6.3749746255744
0.211567 -0.325745 -2.6731 6.74616300241184
0.726779 0.218423 2.95677 127.646014681717
1.09624 -0.122434 -3.02207 86.0962277032661
0.165006 0.372665 1.57118 3.19531126077762
0.218493 -0.718298 -2.42396 2.03484094802779
0.165774 3.13043 -0.511229 0.120845724104348
0.529733 1.99965 1.16751 0.125298269290176
1.03239 1.61833 0.134425 0.136872519573701
0.0168657 -0.363332 -2.22084 318.90832859464
0.0577205 0.189537 -1.37817 276.782536865675
