0.455421 -6.5517 -2.1313 0
1.025 -4.22665 0.970606 0
0.439281 -3.22274 -0.390423 0
0.817316 -2.85385 0.0954653 0
0.56492 -5.9228 -1.97698 0
0.552221 -6.24994 1.7138 0
0.127916 -8.43445 -0.841366 0
0.431294 -9.41139 1.59057 0
0.438005 5.53302 2.64751 0
0.359497 2.02108 2.59796 0
0.23526 4.15412 -2.08278 0
0.0855688 2.90601 2.95898 0
0.787551 0.465161 -0.395271 0
0.369449 -3.63371 3.07075 0
0.795455 -4.9109 -1.37963 0
0.2792 -5.57935 -2.99329 0
0.0669146 -8.46416 3.08278 0
0.538365 -4.6542 2.94061 0
0.45633 -7.19675 0.300757 0
0.523586 -5.84018 -1.52698 0
0.426805 -2.92827 1.11844 0
0.359161 -4.1036 -0.280257 0
0.368626 -7.29719 -2.07205 0
0.652248 4.06261 -0.276812 0
0.232438 -0.596354 -2.3778 0
0.148269 -1.80921 1.06508 0
0.524271 -6.5893 -1.79302 0
0.262152 -5.25372 -1.28237 0
0.707625 -4.20818 2.81073 0
0.467349 -4.13466 -2.32649 0
0.350255 -4.28004 1.74872 0
0.33809 -3.31484 -0.618298 0
0.535534 -0.213673 -3.05453 0
0.275425 2.07768 2.10543 0
0.192995 6.79747 0.168297 0
0.527064 6.68695 -2.49895 0
0.173253 8.16037 2.73389 0
0.165375 1.8542 0.908942 0
0.348183 1.2117 2.93308 0
0.498114 -2.64066 -2.35538 0
0.39505 -3.08607 -0.526077 0
0.353893 -5.14853 -1.49834 0
0.678267 -6.19723 -2.78906 0
