0.339866 7.82269 3.02608 0
1.58334 -2.93088 2.10384 1.11245374594799e-13
0.932289 0.966301 -0.155934 3.27657843580397e-14
3.74424 -2.59248 0.0718281 1.21239688489519e-13
11.4084 -2.59017 0.293232 1.02124083346942e-13
0.3223 3.64849 -1.64582 1.98525653954063e-14
0.786547 3.31584 -1.97735 2.11679898324047e-14
0.681845 3.53888 -1.69086 2.01901673434459e-14
0.772589 5.09105 1.81983 1.70985730554744e-14
0.33004 4.17832 0.32668 1.62304457500326e-14
0.257724 5.01185 -1.08392 1.78269792676002e-14
0.587568 4.26526 -0.597795 1.753484342846e-14
0.169156 -0.283888 -1.51639 1.65453380474124e-13
2.0583 -1.91063 -1.93777 3.68352958486226e-14
0.0374036 -7.92963 2.96143 0
1.01083 -4.80644 -2.42405 0
0.367009 -4.8564 1.19403 0
0.174124 -2.12108 0.0657224 0
0.144326 -3.44994 -0.764457 0
3.3903 -3.80288 1.29429 0
6.11731 -3.59778 1.19716 0
0.156911 -3.82976 1.70562 0
0.170048 -3.06332 -2.01783 0
0.156548 -2.76212 -2.83166 0
0.284127 4.85116 2.83884 0
0.73603 0.862311 -0.192139 0
0.181328 -0.892592 2.24393 0
0.196345 -8.10153 -1.54778 0
0.249557 -6.56575 1.10917 0
4.13385 -2.67267 2.22671 1.45920927723663e-13
3.65578 -2.80591 2.12318 1.23277325314928e-13
2.49284 -2.59273 1.98921 1.34838221285998e-13
0.584983 1.27645 0.596136 1.42779378663464e-14
0.254846 1.08264 1.13618 1.82744036847701e-14
0.149659 -2.14183 2.48906 2.56215584267852e-13
1.27257 -2.5636 1.62956 1.06837986118852e-13
1.84014 -2.35775 0.183754 1.4697350338262e-13
0.594556 -2.8713 0.371351 6.59247806194285e-14
0.824962 -2.689 0.0893038 1.0827406101987e-13
5.99674 -2.57189 0.191448 1.13306164422005e-13
21.1381 -2.56773 0.257545 1.08149249968694e-13
0.150765 1.67545 2.14775 2.07394188929979e-14
0.276251 2.72099 1.85806 1.43166907283352e-14
0.18815 1.97625 -1.98657 3.08627311687839e-14
0.928402 3.74152 -1.90787 1.98717098372267e-14
0.336283 4.91194 -0.804394 1.76624837563389e-14
0.714467 3.74494 -1.97855 1.99007534779054e-14
0.665362 4.88171 0.189375 1.69422988128018e-14
0.117428 5.57706 0.569346 1.71410401057657e-14
0.631424 3.73241 1.1046 1.50276437637616e-14
1.39467 4.20556 -1.09514 1.82672090579661e-14
26.4954 -0.435492 -2.94359 1.37168175104883e-13
0.677343 -0.383841 -2.80776 1.39583404871658e-13
3.24567 -2.08681 -1.99829 3.80157766255095e-14
1.48567 -5.36371 2.75314 0
0.95384 -5.9202 2.97962 0
0.263429 -4.89062 3.02545 0
1.07198 -4.65498 2.58241 0
0.045013 -4.6919 0.947229 0
0.471112 -4.7708 1.91265 0
0.220212 -3.70021 0.961146 0
0.203704 -0.446758 -1.87932 0
0.195534 -2.78584 2.69216 0
0.97803 7.49181 -0.101384 0
0.122056 6.82401 2.6831 0
0.301779 6.29779 0.833672 0
0.363855 6.68003 -2.82021 0
0.388099 4.25612 -1.3049 0
0.428239 5.06849 0.38284 0
0.197444 2.01216 -0.969142 0
0.458057 3.22746 2.85484 0
0.238882 -1.52687 0.64937 0
0.461309 -2.1224 -1.76034 0
0.32294 -4.2681 -2.24961 0
0.277718 -4.50938 -1.07685 0
0.433089 -5.71856 2.22044 0
0.370925 -5.62729 -0.369402 0
0.288078 -2.61545 2.19852 1.50258341523507e-13
1.15616 -2.64201 2.1031 1.38878174094317e-13
1.10375 0.947322 0.614896 2.36539963187086e-14
1.0668 0.877378 0.217118 3.01539192827653e-14
0.98577 -0.290808 -2.87068 1.51267778512777e-13
2.78378 -0.468386 -2.99866 1.35197076277739e-13
0.573293 -4.4478 1.66803 0
0.061969 -4.31805 -0.640128 0
0.11099 -0.742425 -2.54003 0.158154554260733
2.41365 -0.673378 -2.14507 0.0812616320543851
0.65652 -0.398527 -2.17988 0.039318454922479
0.00974465 -3.81898 1.23819 3.74674144530386e-05
0.148976 -3.68178 -2.22517 1.05956284110014e-05
0.148785 -3.04411 0.304187 3.45448852509905e-05
0.177918 -3.04935 0.304373 3.38419094443366e-05
0.331801 -2.3498 2.18393 27.416779010508
0.423451 -2.30814 1.02446 22.3643601948187
0.183396 -3.38067 -0.0628767 7.26052918648883
0.168974 -1.83536 -0.87659 36.214849948645
0.817903 6.5329 1.65153 0.106925162233653
0.520737 5.825 2.50915 0.295344765049157
0.26109 -0.184579 -0.539574 1.02960292526108
10.9219 0.242698 0.13845 0.0769231945373442
4.85916 0.0712235 0.143379 0.261798631047281
0.927593 -3.52133 1.15588 5.75951934993534e-08
0.367556 -3.49649 1.37552 6.07419826178668e-08
2.33318 -0.344082 -1.90326 0.0655130828295057
0.615917 -0.0600658 -1.68891 0.149157205346835
1.73999 -0.689084 -2.1091 0.0824025832743175
0.0659779 6.0006 -0.355092 4.79014552692233e-06
0.0450106 5.46544 -0.162152 7.45482799534289e-06
1.29316 0.0740406 0.149464 0.421695613518565
0.634855 0.838711 -0.344729 1.07824958061056
