0.194345 -4.5315 2.00417 0
0.421624 -5.17451 -0.0331653 0
0.514326 -4.33191 -2.35802 0
0.489406 -1.59941 -0.585188 0
1.18344 -0.272436 -0.879559 0
0.529676 -0.998766 -1.28892 0
0.471878 -1.48054 0.178716 0
0.314029 0.534728 -1.87475 0
0.808238 -1.95541 2.36974 0
1.05724 2.88613 -2.58625 0
2.00331 2.48754 -2.66947 0
0.524178 3.03753 -2.77385 0
0.646137 2.27117 2.92801 0
2.48864 1.6185 -1.86543 0
0.144891 2.43109 -1.56453 0
0.700672 1.17735 -0.856828 0
0.694547 1.24618 -2.54839 0
1.90178 1.8557 -1.52957 0
1.15111 2.12463 -0.722015 0
0.286836 1.42595 -0.450534 0
0.646482 -0.765708 1.72659 0
2.71408 4.15833 -2.98334 0
2.29883 4.04222 -2.82753 0
2.53267 4.18269 3.08684 0
3.31812 4.07246 -2.68867 0
0.633086 3.36708 -0.132797 0
0.0441471 6.26267 2.60487 0
4.30694 4.3629 -2.13487 0
2.26154 4.62501 -2.11417 0
0.278459 2.68626 1.4276 0
0.129126 5.58826 -2.94792 0
0.908704 5.18323 2.31531 0
1.16103 4.49766 -0.532104 0
1.9425 3.40958 0.509808 0
1.95326 -2.33227 -0.0523672 0
1.08569 -2.32097 -0.333402 0
0.242706 -3.02772 -0.438777 0
1.38566 -2.10459 -1.81512 0
2.50864 -2.31773 -1.93065 0
1.06003 -2.51539 -2.70991 0
0.701621 -4.22743 2.44965 0
1.85474 -3.64289 2.20352 0
0.0326105 -5.52591 -0.0675322 0
0.357661 -2.18113 0.990084 0
0.249573 -1.84733 1.02597 0
2.54412 -1.41456 0.630788 0
0.297659 -2.13595 0.137422 0
1.41539 -1.10571 -0.181263 0
0.215301 0.23708 -3.01741 0
0.693686 -1.00729 0.616569 0
0.583307 -2.18626 0.947496 0
1.14577 -3.24048 1.04348 0
0.21447 -4.71148 -0.140915 0
1.55962 -3.98378 0.30135 0
0.537447 -4.20546 0.621319 0
2.80771 0.531603 2.38406 0
0.486442 1.27483 -2.53149 0
0.235024 -0.185461 2.82684 0
1.1608 1.20326 1.6238 0
1.67376 2.2551 2.90375 0
1.69061 2.49642 2.58481 0
1.11508 4.15474 1.33934 0
0.108134 6.66445 1.77265 0
1.27996 6.50528 1.95538 0
0.674116 -6.38816 2.67852 0
0.231561 -6.04063 -1.03378 0
0.758624 -4.97812 1.27539 0
1.3347 5.40018 -2.37689 0
0.21814 2.63618 1.38125 0
0.279348 -4.11683 2.68276 0
0.373669 -4.71995 0.66044 0
0.441821 -5.78298 -2.94248 0
0.28986 -6.50404 1.79571 0
0.482667 -8.38168 -2.97304 0
0.365631 -6.11484 -0.390169 0
0.14696 -7.54241 -1.11545 0
0.283564 -4.02512 0.382559 0
0.817491 -6.20557 -0.0542868 0
1.09194 -5.71449 2.16213 0
0.178111 -1.43771 -1.32138 0
0.39718 -3.99025 3.14025 0
0.693176 -3.41055 1.75746 0
0.361152 0.048136 -3.07298 0
0.610476 -0.914918 -1.33269 0
0.447718 -1.7663 2.62299 0
1.5762 -0.928154 -2.75124 0
0.82761 -1.3709 2.38104 0
0.722821 0.555561 -2.132 0
0.690587 1.52596 -1.43708 0
0.586429 0.823809 -1.56902 0
1.85111 1.38297 -1.0836 0
1.85071 2.24066 -0.602635 0
2.1934 1.83643 -0.373138 0
0.151455 1.48052 1.51257 0
1.69511 0.710478 0.548604 0
0.397333 -0.0797742 1.2301 0
0.583081 3.70923 -2.7847 0
1.55076 4.07142 -2.9561 0
0.270626 5.04583 2.3086 0
0.591354 5.14907 2.28313 0
0.603576 3.98108 -0.258832 0
1.26242 3.64056 -0.478285 0
0.0989733 3.06758 -1.92103 0
0.809229 -2.19617 -0.432562 0
1.12424 -1.95229 -0.73489 0
2.28024 -2.56325 -2.14836 0
0.0611552 -3.85096 -0.838602 0
1.77672 -2.71445 -1.89699 0
0.147284 -3.48781 0.788301 0
0.634257 -0.938079 1.03312 0
0.277044 -6.08388 -0.132699 0
0.164881 -5.27004 1.89252 0
0.693947 -5.76417 -1.40879 0
2.90546 0.215566 -3.13708 0
0.762163 0.760765 1.98122 0
0.29215 0.81678 2.01574 0
0.756459 2.91798 2.69775 0
1.59573 2.48745 2.9138 0
0.143559 2.04496 -2.44905 0
0.73639 2.56602 1.20164 0
1.85801 4.87424 0.707256 0
1.22589 6.14089 1.75593 0
0.174553 -5.95026 0.137938 0
0.518444 -5.37383 3.06741 0
0.640187 -1.65187 -1.35606 0
0.452368 -1.92692 -2.46408 0
0.297463 0.489725 0.809583 0
0.65522 1.7585 -1.84139 0
0.372275 4.34359 -1.15569 0
0.301076 3.07014 0.416426 0
0.340873 6.89999 0.164653 0
0.341898 5.88193 2.12776 0
1.12978 5.35949 0.126653 0
0.260648 6.58395 0.433852 0
0.352178 4.46397 -0.973534 0
0.48363 3.25745 0.142556 0
0.393753 2.38682 2.3665 0
0.0542271 1.39568 2.06987 0
0.597125 -2.93412 -0.987042 0
0.0980118 -2.52239 2.54123 0
0.140461 -5.05673 0.143174 0
0.425695 -5.97869 -0.234962 0
1.2163 -5.98188 0.344637 0
0.379511 0.119965 0.262137 0
0.377279 -0.771818 -0.768763 0
1.10073 2.07165 -1.22715 0
0.106845 2.2791 -0.00754559 0
0.438172 1.79531 0.0230339 1.71065862332958e-07
0.236632 1.92136 -0.120185 2.27251187743295e-08
0.34382 1.40118 0.99397 0
0.183193 0.858565 -0.61955 0
3.14083 0.692034 0.11225 0.317040784855859
0.995111 0.713531 0.141136 0.996034855254419
0.312986 4.46525 3.00564 0
0.38609 4.47205 -2.65141 0
0.39717 3.8644 -2.90299 0
0.67069 4.1162 -2.99464 0
0.255339 4.39767 0.295141 0
0.306425 3.75862 -1.03429 0
0.285619 6.66911 2.61508 0
0.607572 6.31089 1.50895 0
0.458939 -2.39269 -0.399145 7.94379232977657e-08
0.813263 -2.43219 -0.520982 1.72901520910903e-07
1.37126 -1.57677 0.764626 5.9443489763217
0.0556519 -6.91601 -0.672598 0
0.280297 -5.80428 -2.94953 0
0.744075 0.949919 2.56007 0
0.315814 0.933101 2.0174 0
1.93248 1.0591 -2.65516 0.353577915112996
0.366567 2.43128 2.25 0
0.0632397 2.41003 1.79714 0
0.679301 2.54233 1.82324 0
0.320956 2.8058 1.1639 0
0.124953 6.33895 2.04005 0
0.512372 7.07939 0.852145 0
0.0720658 1.57058 -0.513131 6.73065914736236e-08
0.135245 0.555993 0.157871 1.59901695651968e-07
0.183008 -1.37591 1.15827 74.7635014254098
0.133726 -2.75069 -1.67541 27.3902980940328
0.433339 -2.86695 2.11181 12.9723257823896
0.112685 -3.97321 -2.55174 16.6030829159675
0.568633 -1.51015 -2.11867 15.9054368113162
0.194467 -1.1698 3.08547 62.5696495779874
0.279307 4.20366 -3.05535 7.30177200348147
0.1436 3.97574 -0.40316 17.8453394889079
0.544853 0.473774 0.122815 46.5240451155311
