1.04532 -8.97898 -0.457515 0
9.97729 -0.987017 0.827706 1.03591487944067e-12
1.29458 -1.23368 1.32953 7.84290871545995e-13
0.413508 -1.95705 -2.97518 4.4545336340043e-13
0.779737 -0.421774 2.64337 6.79242299569725e-13
37.9349 -0.784727 2.48713 3.78789329502567e-13
1.44152 -2.70484 2.50285 0
1.41017 -3.37797 2.21916 0
2.46885 0.349218 -0.277687 0
8.09305 0.626123 -0.231885 0
13.4912 0.489578 -0.256401 0
0.768645 0.266469 0.852742 0
1.18026 -0.31159 -0.420142 0
2.48889 -1.28049 -2.78198 3.85819227035161e-13
0.152721 -1.67779 -0.929889 8.31374404582808e-13
1.76646 -2.96378 2.12924 4.95345853380743e-13
0.805456 2.87861 1.95152 0
0.43323 2.39833 0.552567 0
0.246035 1.7679 -0.00333995 0
2.02631 1.93849 1.72355 0
1.53667 1.93078 1.89077 0
0.690629 2.10329 1.52631 0
1.46905 0.904791 0.410361 0
0.302103 1.15444 0.798159 0
3.15064 1.77048 0.176321 0
4.60274 1.55692 0.130233 0
0.137699 -7.44865 3.06514 0
0.47596 6.45842 2.35921 0
0.48941 5.93736 -0.710682 0
0.316296 5.73128 -0.89824 0
0.658765 8.56054 -1.7672 0
8.11363 -0.842431 2.43722 3.52415552614006e-13
1.76007 -3.10427 2.30066 0
0.762526 -2.6054 2.61906 0
0.285099 -5.43345 2.62252 0
0.912872 -3.59029 1.53871 0
0.381264 -3.99307 2.55999 0
0.386679 -4.28245 1.1013 0
0.527958 -3.63788 2.56241 0
0.130965 -4.92306 0.973745 0
0.454091 -4.89724 1.41122 0
1.40152 -4.45491 1.91546 0
0.509391 0.355496 -0.671414 0
1.26448 0.0832151 0.555662 0
2.62039 -0.0464632 0.360912 0
5.05439 -1.26369 -2.89201 3.31985323992914e-13
4.67891 -1.31314 -2.80833 3.68821514227418e-13
2.76564 -1.13815 -3.02022 2.8584671561252e-13
0.199949 -0.498392 3.089 5.82265263756687e-13
0.45952 -1.87689 2.60046 2.80698376290409e-13
0.958877 -1.79931 3.0975 2.79425117247593e-13
0.907774 4.7439 -1.8237 0
0.289215 3.75594 -1.14389 0
0.840419 4.13323 -1.21122 0
0.0828978 3.79951 2.44069 0
0.907055 1.26005 1.02228 0
0.188311 1.66099 0.945158 0
0.337029 -5.8679 -0.654697 0
0.384316 -3.64324 3.05104 0
0.572422 -3.93277 -0.96203 0
0.398706 -3.36522 -2.3689 0
0.13166 1.68095 -0.661176 0
0.378019 -0.385025 1.18002 0
0.38533 2.34765 -0.962987 0
0.0676297 5.1126 0.488531 0
0.26533 6.545 2.5072 0
0.131571 7.84073 3.03832 0
0.117287 8.59743 2.71937 0
6.36263 0.438606 -2.82457 0.258938533212353
4.72407 -1.09831 0.888012 0.0121326146918594
0.954672 -0.976316 1.29409 0.286564797547185
8.70183 -1.08556 0.867525 0.0235814450949083
1.08101 -0.865813 2.34082 3.81168903956648e-13
1.01016 -0.6505 2.43392 5.08699872576439e-13
0.325091 -2.53608 1.44748 0.592487050750978
1.93873 -2.5535 2.63553 0.12798960147474
0.857837 1.03985 -0.0646762 0
1.74116 0.858704 -0.344188 0
4.29988 0.533006 -0.138957 0
0.638336 0.534895 -0.00974508 0
1.51679 0.61174 -0.122896 4.71622315648291e-08
2.50485 0.661322 -0.200643 8.157460818386e-09
0.139331 0.575965 -1.42989 0
0.248081 1.27136 1.54832 0
1.33413 -1.22791 -2.97365 2.93694943389763e-13
0.203623 -1.85074 2.68307 2.64632681465199e-13
0.041347 5.48148 -0.587546 0
0.343215 4.25017 2.1105 0
0.450114 2.1378 1.543 0
0.7456 1.75181 2.06321 0
0.259615 6.09642 -0.212722 0
0.291849 5.94596 1.15133 0
4.55944 -0.551509 2.45327 5.35063989584014
0.649747 -0.413709 2.40959 39.5384531331501
0.68787 -0.736852 2.40356 25.3662096409557
6.37654 -0.652977 2.37013 2.89435513389113
0.172382 -7.04302 -0.446828 0.0959105214483793
0.054373 -6.99624 0.933036 0.324588342605152
0.142802 -4.06946 0.900506 10.4937612765795
0.210581 -2.53402 -0.595139 32.804624991891
1.46241 1.72802 -0.16033 2.95380611555656
1.94919 1.59171 0.0418668 2.5242683764866
1.3632 0.339149 -0.318069 0
1.25083 0.823476 -0.556827 0
3.24784 -1.25347 -2.80308 0.402138664524774
2.65028 -1.26182 -2.9172 0.475638789235277
0.961662 -1.27922 -2.76077 0.613699898478785
6.42344 -1.37726 -2.79049 0.711266274010518
1.62782 -2.86776 2.72116 0.812144951545326
1.58052 -2.71685 2.08887 0.813377188033075
3.90104 -2.75046 2.37887 0.11659478740838
2.33257 -0.0635307 -0.649406 0.804839914178948
37.342 -0.0124664 -0.721823 1.54980356203051
