0.726764 4.0925 -1.02434 0
0.767848 -5.19936 2.58911 0
0.752445 -5.589 2.84217 0
0.440313 -6.99604 0.64147 0
3.03327 2.46868 -1.41111 0
0.43156 2.59741 -1.92751 0
0.186305 3.35559 -2.02382 0
2.52557 2.51839 -1.12956 0
0.810688 -2.64118 2.56175 0
1.34939 -3.19958 2.52067 0
1.63299 6.22592 1.32936 0
0.693576 7.57176 1.39187 0
0.333438 4.69184 2.86637 0
2.67034 4.73838 0.345701 0
1.1165 6.18283 0.656764 0
0.386583 5.45501 0.644177 0
0.541381 5.96076 0.757606 0
0.198765 6.94049 0.887636 0
0.302446 -2.29751 -1.94186 0
0.737988 0.892933 3.04943 0
1.12578 2.31731 0.943104 0
0.363238 0.925797 1.71099 0
0.661615 0.398737 -1.02573 0
0.652758 -0.349691 0.483911 0
1.27019 0.572757 1.71783 0
3.57606 0.311018 1.36533 0
0.496091 0.815965 0.721708 0
3.14196 0.114705 1.3441 0
1.58898 -0.92918 0.933789 0
0.643477 -2.15372 1.96713 0
0.37269 -2.76636 2.94764 0
2.43998 2.21059 -1.66719 0
0.478851 2.40395 -2.13341 0
0.587265 1.37585 2.91451 0
1.52862 2.33087 1.7118 0
0.153931 3.46618 0.234188 0
1.27803 2.68683 0.867781 0
0.306636 4.13761 -0.882346 0
0.372539 1.88931 -1.85783 0
0.864496 2.41658 -0.230932 0
0.273404 0.83772 -2.01243 0
0.919446 1.71098 -2.02609 0
0.536949 1.26669 -0.466555 0
0.468908 0.628563 -0.937381 0
0.336171 -0.668044 -0.422516 0
5.96351 3.37521 -1.00519 1.93708376725114e-13
0.607138 2.92024 0.410504 3.00462320162879e-13
1.94367 2.03531 2.8926 5.77461478649985e-13
1.69374 1.6164 2.55725 8.86794053847003e-13
3.66879 1.51942 2.14717 9.84853597247001e-13
0.527183 -1.48629 -0.441982 0
0.460503 -1.88093 0.672986 0
1.26844 -1.95948 -0.997582 0
0.506953 2.64604 2.22724 0
0.593232 3.38472 -2.8507 0
0.186124 5.1098 3.01363 0
0.384953 -4.06073 -2.49023 0
0.224586 -0.775934 1.51076 0
0.513611 1.33969 0.936723 0
0.437634 4.39113 -3.12606 0
0.272425 8.01443 -1.224 0
0.219567 6.12692 -0.461962 0
1.36974 6.76167 -2.73895 0
1.05267 2.71134 2.13338 0
0.255813 1.33198 -1.01867 0
0.335077 -3.55142 -1.55148 0
0.0536798 2.21853 2.77692 0
0.584717 2.38912 2.42287 0
0.275617 -3.09944 -0.332739 0
0.924288 -3.47915 -1.85369 0
0.222295 -3.83006 2.74698 0
0.700071 -3.69745 2.93189 0
0.259214 -2.20755 1.84649 0
1.23492 -1.37421 0.985985 0
2.79035 -0.441688 0.0102342 0
0.462327 0.579265 1.45293 0
0.64585 3.60324 2.32408 0
0.399405 -6.38191 0.390306 0
0.23088 -5.20643 -2.2841 0
0.647659 -1.36991 -0.587896 0
0.0933995 1.85033 -2.48636 0
0.475769 3.7989 1.44727 0
0.37073 4.89678 -0.150393 0
0.488317 1.93323 -0.143943 0
0.65611 1.79164 1.41874 0
0.162379 -3.4188 -2.0034 0
0.361896 -4.96168 0.112906 0
0.82721 -5.90718 -1.64977 0
0.287595 -5.56939 1.05465 0
0.988044 4.64073 -2.80054 0
1.45379 4.35397 -2.50964 0
0.287963 3.86994 -2.41971 0
0.389908 -6.63102 1.58007 0
0.10348 -5.17609 1.45488 0
0.132757 -5.42609 2.55428 0
0.495274 0.817454 -1.37055 0
0.187832 1.77696 0.660531 0
0.522472 2.45323 -1.77826 0
0.510886 3.23431 -1.38313 0
1.56346 -2.8769 1.48146 0
0.187296 -3.24274 0.0296862 0
0.778858 -4.01365 2.50298 0
0.0826981 -6.15534 -0.602891 0
0.203552 6.38881 2.62024 0
0.684942 6.2027 -0.493136 0
0.550418 6.35968 2.15074 0
2.34579 -4.78188 -1.32121 0
1.62078 -4.3524 -0.726099 0
0.786372 -3.48482 0.72105 0
0.369663 -3.4444 -0.574731 0
0.472482 -1.69423 1.1083 0
0.394953 -2.24299 0.15999 0
1.44159 -0.202337 -0.995763 0
0.104795 0.280022 -0.229711 0
0.358723 0.45637 0.281232 0
1.0719 0.263927 1.42989 0
1.18646 -0.0478391 0.890823 0
1.51619 -1.32771 1.33712 0
1.21699 -1.72585 2.06873 0
0.39289 -3.14054 1.0295 0
2.76624 2.14181 -1.69655 0
2.65286 2.23075 -1.96836 0
2.15705 2.09993 -2.13633 0
1.4046 2.05734 -2.56612 0
0.413547 1.80807 -2.02184 0
0.848207 2.68984 -2.85835 0
0.196189 2.71774 -1.80304 0
0.810695 3.25214 1.3447 0
4.12944 3.41553 -1.11703 1.8367684949652e-13
0.53101 3.23986 -1.12949 2.12920938350482e-13
0.389138 3.49275 0.053707 1.91520258348734e-13
0.489096 3.00102 0.73045 2.73257447821735e-13
0.0851095 2.18105 1.17584 5.58220858765187e-13
0.374138 3.9337 -0.0604117 1.39187400466877e-13
0.451552 2.45681 3.09055 3.66223868290802e-13
0.552825 2.16049 0.907566 5.75886464076624e-13
0.904709 2.09359 -3.00997 5.42782834392188e-13
0.72319 2.68444 -2.99112 2.84063426402825e-13
0.10728 1.98542 1.48184 6.55895094501784e-13
0.869048 1.32943 2.05907 1.17412192004858e-12
0.10556 -1.70383 0.949818 0
0.812925 -2.44632 2.58233 0
0.288953 -1.89598 0.507407 0
0.371264 5.74032 -0.820924 0
0.304638 7.63884 -1.62471 0
2.0375 -2.13509 -0.809186 0
0.192091 0.53919 -0.730813 0
0.146676 -0.687182 -0.801959 0
0.79035 -0.00297704 2.45231 0
0.24482 0.825091 -0.323407 0
0.147141 2.25669 -2.30945 0
0.0953823 2.77867 1.04074 0
0.193205 5.83893 -1.79512 0
0.16984 6.50364 1.89397 0
0.24781 -5.68248 0.0700015 0
0.248481 -1.56238 1.22813 0
0.346413 -0.888559 -2.92288 0
0.219001 -0.955255 -1.12469 0
0.326968 -0.0230138 2.44099 0
0.648718 3.86178 -0.95251 0
0.305955 1.7263 -1.09563 0
0.297833 5.46128 1.74823 0
0.383034 4.93866 -0.428266 0
0.155126 3.09581 0.807133 0
0.352429 -1.39233 1.76176 0
0.527627 -2.00674 1.56792 0
0.794876 -4.34732 -3.03221 0
0.550439 -2.31065 -1.97582 0
2.94577 -0.77298 0.499731 0
0.899949 -0.437067 0.0512527 0
0.824996 -0.0480214 -0.0378013 0
1.56646 -0.610725 0.964984 0
0.226444 1.7492 -3.04639 0
0.603371 3.70203 2.4752 0
0.796616 3.68151 1.44272 0
0.816154 -6.66071 0.160105 0
0.354802 -1.20767 -2.42609 0
0.0536934 4.58863 -0.196126 0
0.329493 3.33579 -1.0659 0
0.313638 -0.743501 -1.02173 0
0.433987 -2.81066 -1.89148 0
0.614109 -5.18087 -1.5675 0
1.00225 -5.95326 -1.12815 0
0.679277 -5.52285 -1.51575 0
0.906971 -5.64375 -0.38689 0
0.249402 -6.16803 3.05144 0
0.0860951 -5.55344 -1.04373 0
0.172729 -6.76096 -1.12871 0
0.295464 -6.85345 -2.04821 0
0.174995 -4.83357 -2.29753 0
0.709586 -4.26307 2.65811 0
0.230135 5.46625 -1.99125 0
0.0896734 5.8718 2.9233 0
3.34039 -4.85484 -1.33362 0.00339693002070915
0.171867 -5.03469 -0.495147 0.0856013960299426
0.577611 0.0990047 1.81117 0
0.908838 -0.20905 1.39357 0
0.167264 -1.23061 1.52105 0
0.375134 -0.874421 1.64853 0
0.571392 -1.02283 2.03453 0
0.641073 -1.61381 1.96876 0
0.493905 2.56429 -2.67605 6.31253881928551e-08
0.301339 2.82955 2.98485 1.43164806405484e-07
0.351292 2.49551 -1.20486 0
0.255023 1.2012 -1.53874 0
0.266037 4.09424 -0.536908 1.21788581663197e-13
1.20972 3.5415 -0.702076 1.77074216041979e-13
0.0333685 -1.70084 -2.81676 6.13869032210406e-09
0.111993 -0.23565 -2.26302 1.58174724926265e-08
0.237159 0.757503 1.98104 1.8048600650864e-09
0.0991006 0.510948 0.387536 5.51525983685945e-09
0.401462 0.4307 -3.10954 0
0.151418 -0.833861 1.67834 0
0.996511 2.87913 2.39744 1.44476451826285
0.143825 3.39794 2.10515 5.9833773097544
0.0228185 4.23553 -0.642126 0
0.422511 3.29649 3.10833 0
0.569977 6.32812 -2.83934 0
0.768363 5.92932 -2.23876 0
0.295526 -2.89878 -1.76825 0
0.386159 -3.20286 -0.382595 0
0.392844 -3.85791 1.44096 0
0.109285 -3.39483 -1.60267 0
0.401773 2.60708 0.0199263 0
0.16138 4.26102 0.0499746 0
0.243509 -4.91741 0.501146 0
0.236988 -4.55628 2.21797 0
0.113719 -3.40568 -2.33948 8.12176170266053e-08
0.0906552 -4.45118 1.1695 2.34691154995266e-08
0.0498364 -3.60449 -2.67344 0
0.0639636 -1.84752 0.592294 0
0.183881 -2.12507 0.307813 0
0.238169 -1.33156 2.9538 0
0.06517 3.93091 -1.31566 2.56815386495428e-07
0.230363 2.85138 -2.06505 1.99884754045863e-07
0.160951 -2.67783 1.62692 0
0.305175 -1.91577 -1.56307 0
0.198157 -4.10883 0.499879 0
0.0570132 -6.08656 -1.14643 0
0.722818 -5.94617 0.398019 0.226100671317305
0.606859 -5.97157 -3.02324 0.377303854885908
0.395814 -5.93679 -0.269068 0.240553618072525
0.0627361 3.46458 -2.49201 1.40696479108688e-05
0.0611339 3.59601 -2.45297 1.09902567992606e-05
0.374064 -2.93745 -0.609243 21.9394036367282
0.690864 -2.29388 -1.09133 22.4351668448594
0.420379 1.962 -2.16639 9.82301341921049
0.207 1.173 -2.28764 40.968196880964
1.44634 5.73285 1.43682 0.0998132247681235
0.602233 6.16504 1.41175 0.15563984148403
0.145265 3.91402 1.18002 25.9191257358706
0.348662 3.00433 2.98489 26.7746599661338
0.217947 -0.587361 -0.559826 23.1716709525728
0.981209 -1.01488 -0.0397895 3.89582988694265
1.03094 -2.15127 1.62658 1.04533656528718
0.17047 -2.89899 1.12834 3.03508691398481
0.396262 -7.23884 -2.96134 0.124651923322302
0.176279 -7.38806 -0.151065 0.120652716616598
0.307999 -4.41188 2.72061 0.03145042813707
0.562332 -4.56665 -3.07703 0.0209643510168623
0.891395 -4.92773 -1.43432 0.0162174373319666
0.550248 -4.5097 -1.07316 0.058787072616905
