0.694772 -7.90507 -0.401093 0
0.5069 -5.75723 -2.0148 0
0.293972 -5.91787 -2.7269 0
0.109896 -6.71934 2.68858 0
0.33134 3.50624 2.71143 0
0.305285 3.00069 1.09585 0
0.92023 2.60472 1.30024 0
2.1782 3.08988 -1.88599 0
0.379295 2.35812 -2.46927 0
0.800617 2.30291 -1.4253 0
0.61417 -2.39279 2.27767 0
0.17223 -6.11559 -0.8083 0
0.492296 -7.721 2.96425 0
1.38762 -7.14923 1.82229 0
0.437338 -5.14606 -1.42679 0
0.479802 -3.02129 2.17933 0
0.473615 2.72724 2.51095 0
0.200413 0.888146 1.03531 0
0.23185 1.25255 3.03278 0
0.599935 1.7532 -0.295009 0
0.282548 4.30422 -2.44784 0
0.0240654 6.00985 -1.03927 0
0.230567 5.08057 -2.91898 0
0.691817 5.24467 -1.16896 0
0.411505 3.80964 -2.51844 0
0.548216 0.13167 0.835618 0
0.65332 -0.427815 1.63052 0
0.586722 -1.33534 -1.53828 0
0.548796 -5.22585 -1.92166 0
0.0284501 -5.13871 1.70859 0
0.606964 -6.9965 -0.535591 0
0.344837 -1.64883 -1.7441 0
0.559962 -4.14497 0.861052 0
0.366076 -2.81108 -1.1524 0
0.456723 -3.41151 0.543561 0
0.305499 -1.20329 -0.171806 0
1.14291 -0.131218 1.52427 0
0.517185 0.983023 2.18588 0
0.580622 1.855 -1.99066 0
0.483832 2.38028 2.00767 0
0.101146 1.55409 1.32337 0
0.418966 5.00461 0.0899655 0
0.382072 5.26497 2.02831 0
0.370871 6.86288 -1.00048 0
0.677819 7.81259 -2.9555 0
0.312387 -7.02118 -0.326973 0
0.967645 3.28715 0.951841 0
0.194905 3.34426 -0.456834 0
1.04845 3.09748 -2.18195 0
0.916647 3.05743 -2.72513 0
2.16136 2.84961 -2.06941 0
1.21926 0.221325 -1.09677 0
0.629828 -1.78846 -2.61314 0
0.441805 -4.78091 1.95986 0
0.294133 -6.32201 0.695817 0
0.465073 -6.35157 2.68976 0
0.652207 -6.42074 2.56877 0
0.240108 -7.11807 -1.51662 0
0.656982 -1.12216 -1.48186 0
0.426551 -0.155351 -0.400425 0
0.486894 2.16685 -2.00373 0
0.499604 1.78473 2.35585 0
0.32918 5.55721 -2.98773 0
0.626263 7.79868 2.46624 0
0.534739 2.95301 -0.0970705 0
0.728394 2.48798 1.20676 0
0.801849 1.89934 -3.1322 0
0.180024 2.97916 0.771877 0
0.661329 0.947178 3.03799 0
0.503373 -0.689404 2.92355 0
0.318126 -1.37752 -0.328476 0
0.25703 -3.59271 2.73392 0
0.49428 -6.15038 2.75826 0
0.855404 -5.81151 0.309387 0
0.252601 -1.43909 1.31572 0
0.76023 4.99644 -1.97903 0
0.717301 6.00298 -0.916783 0
0.405853 6.29198 -1.32775 0
0.192543 8.80145 -0.220988 0
0.254222 -3.80409 1.80137 0
0.136626 -3.22503 -0.358224 0
0.306627 -3.28157 2.41592 0
0.167356 -4.46996 1.56519 0
0.0137882 -5.62791 -2.01592 9.93432694354808e-08
0.233468 -2.80465 2.03836 2.23608951951953e-07
0.13165 2.65952 0.293454 7.746704544592e-09
0.192458 2.36166 1.10588 6.16027302404076e-09
0.308705 -4.02213 -0.757529 1.405565271146e-08
0.0952516 -4.50447 -0.00451702 4.92462775304993e-08
0.125488 6.14139 2.60906 0
0.271018 5.33057 1.38922 0
0.11156 -5.82172 2.5852 0
0.340902 -4.38508 0.340835 0
0.0958657 1.79556 -2.42738 1.44528282163197e-08
0.156504 2.38706 -2.65305 3.47460495330919e-09
0.0237433 -2.02605 1.66857 0.000140422380373955
0.00731705 -1.66637 1.67215 0.000180750243575743
0.0976958 2.11596 0.22624 2.07082684140996
0.0229081 2.05388 0.0797599 1.96920101602586
