0.686404 -8.8005 -3.08045 0
1.4538 -4.12037 2.96817 0
0.141315 -4.03322 -2.08863 0
0.435246 1.31377 1.7164 0
0.570371 0.818575 3.11131 0
1.29833 0.521105 2.65243 0
0.687503 1.73989 0.351064 0
0.455921 0.100564 1.51172 0
1.03533 -1.36901 -1.60925 0
2.63395 -0.928603 -0.937062 0
0.0844844 -2.9012 -2.8233 0
0.851124 -1.4012 -0.397137 0
2.28054 -0.767256 -0.861378 0
3.85209 -0.799127 -0.423006 0
0.281295 -0.27038 0.208283 0
0.820541 0.633321 1.13246 0
1.82385 -4.0287 -2.48251 0
1.06724 -4.04648 -2.71487 0
1.21127 -3.67319 3.02831 0
1.46543 -3.60879 -2.15392 0
1.42179 -3.98521 -2.77601 0
1.51092 -3.73807 -2.57801 0
0.796921 -0.332968 1.19922 2.66695752820352e-15
0.349332 0.602261 0.648796 1.93661232167872e-15
1.37459 0.51525 -1.39261 2.39762154972374e-15
7.07174 0.892623 -2.35108 2.26798971164872e-15
0.454138 0.0878615 -2.73345 2.68962100103689e-15
5.50884 0.904725 -2.3288 2.25091768221695e-15
1.06597 1.23427 -2.65957 1.96701090591385e-15
0.355846 -1.14198 1.48751 0
0.986579 -0.775871 0.220864 0
0.729094 0.961252 -2.78324 0
1.47842 3.43297 2.15939 0
0.948279 3.44341 -2.52503 0
0.863832 -1.27863 1.02085 0
0.48216 -1.09317 2.57365 0
1.45475 -0.251532 1.62955 0
0.453373 -1.02115 2.05865 0
0.318189 -1.24752 1.34723 0
1.02554 0.68852 0.19553 0
0.642624 2.02528 2.51985 0
1.11203 2.17418 -3.0458 0
2.24423 2.40865 2.10847 0
0.65663 2.66864 -2.48662 0
0.396972 4.14589 -2.56426 0
0.232146 5.69653 -1.94055 0
0.333091 -1.26926 1.44744 0
0.574871 -0.330621 2.16046 0
0.44375 0.00570696 -0.468505 0
0.562284 -0.561947 -2.92033 0
0.696258 0.00958293 -0.360428 0
0.399332 1.37784 0.747674 0
0.205307 3.31886 2.06986 0
0.295843 4.03196 -0.0437328 0
0.310483 5.10163 -1.13797 0
0.3135 5.17445 2.80772 0
0.786876 5.7734 -2.98948 0
0.672236 5.88535 -1.95667 0
0.510097 7.40435 -3.07888 0
0.410185 7.12847 -2.05077 0
0.318957 5.22247 -2.19171 0
0.465764 4.90084 -0.238025 0
2.01952 4.22941 0.740695 0
0.712349 4.62166 2.86553 0
1.10245 2.98165 2.2298 0
0.853227 2.40617 0.605028 0
1.43028 3.00943 -0.830218 0
1.41015 1.9552 -1.38593 0
1.02429 2.55303 -0.716986 0
0.139247 3.05857 2.34342 0
0.18798 1.06885 -1.1544 0
0.676485 1.5517 -0.750362 0
1.47198 1.78491 -0.955654 0
0.603733 2.59191 1.65273 0
0.745101 0.499666 0.576637 0
0.182812 -3.421 1.9086 0
0.196397 -2.11385 0.925994 0
0.299667 -4.21947 1.75301 0
0.097776 -5.37337 -0.613634 0
0.511569 -3.52334 2.27764 0
0.750918 -5.57868 0.74327 0
0.991925 -5.06369 1.08238 0
0.274557 -4.20384 -0.0925452 0
1.9484 -5.17087 0.991551 0
0.278921 -5.04303 2.60342 0
0.0461103 -6.75282 0.940527 0
1.79952 1.01024 2.17676 0
0.52621 1.61661 2.27228 0
3.54136 1.01003 2.48651 0
1.64897 0.821955 2.51094 0
0.433895 -0.270618 2.17628 0
0.4304 0.364636 -0.38233 0
0.0223914 4.28376 2.0146 0
0.723599 -0.651128 1.32494 0
0.339246 -5.16006 -1.35731 0
0.76456 -4.78428 2.93647 0
0.377358 -5.561 -2.5571 0
0.354517 -1.33507 -2.57273 0
0.655823 -2.25265 -1.92421 0
0.758081 -2.44796 -0.809668 0
0.19997 -2.68295 -0.915389 0
1.67146 -0.991246 -0.654956 0
0.946439 -1.1043 3.00316 0
0.324101 -1.33743 -0.616744 0
0.0886539 -3.39717 -1.76262 0
0.447324 -0.526159 1.75122 0
0.473316 -1.33804 1.40667 0
0.180084 -4.07427 -2.06065 0
0.789534 -3.85224 -2.59915 0
0.312578 -4.07538 -1.91059 0
0.592829 -0.237411 -2.75315 2.4171759022523e-15
0.417184 0.776127 -1.69219 2.20733153140554e-15
0.321162 -1.38339 -2.00306 1.100826974325e-15
0.778584 0.501819 -1.5006 2.44558154099282e-15
0.606905 0.376628 -2.66747 2.6991876283654e-15
0.0376832 -3.57986 -3.09133 0
0.610946 -1.08056 0.150006 0
0.295605 0.269372 0.647315 0
0.415769 3.1062 2.57864 0
0.443765 1.95611 -0.715573 0
0.368196 3.42484 -1.71066 0
0.0591505 4.32074 -2.12482 0
0.117026 5.66324 -0.784236 0
0.519476 3.36327 -2.03807 0
0.545933 4.13663 -3.05821 0
0.498053 3.05399 2.55948 0
0.224681 -0.179149 -0.0175461 0
0.230755 -2.06148 -0.125502 0
0.0597751 3.90208 -1.2514 0
0.526714 6.18778 -0.737193 0
0.522601 4.58824 1.18529 0
0.841572 5.59289 -0.594866 0
0.179133 5.21256 2.89665 0
0.598276 -6.29701 0.540754 0
0.358335 -4.96285 -1.53494 0
0.266127 -4.80228 0.238613 0
0.857577 -2.86863 0.550158 0
0.53983 -3.4467 3.02186 0
0.0789173 6.07648 1.47665 0
0.299135 4.13621 -2.38873 0
0.232695 6.94164 3.10079 0
0.209915 7.34646 0.0510908 0
0.843142 5.00189 -1.49879 0
0.173705 5.90217 2.90593 0
1.42013 3.73122 1.10105 0
0.71656 3.85778 0.532268 0
0.782457 1.34791 -1.24748 0
1.03489 0.999191 -0.371938 0
0.663624 1.74835 0.525608 0
0.279512 7.83137 1.3365 0
0.112588 10.0179 2.75573 0
0.550754 6.43528 2.07929 0
0.656418 3.74309 -1.30848 0
0.545565 -2.71843 -1.20853 0
0.236026 -3.26499 2.26899 0
0.870361 -5.65682 0.962373 0
0.640195 -4.77976 0.220573 0
0.43741 -6.01485 1.16427 0
0.452223 -5.0515 2.59827 0
0.748091 -3.34556 0.76602 0
0.407882 -3.57448 -0.727246 0
0.256887 -3.0777 0.59275 0
0.614579 -4.12807 2.04689 0
0.416466 -4.42286 2.81886 0
0.125073 -6.34915 0.40514 0.0225636346771005
0.210092 -1.03555 -0.465335 0
0.214338 -2.30761 1.23105 0
0.552111 -1.4031 -1.19961 0
0.269638 -1.64745 -1.38712 0
1.06556 -0.674959 -1.12975 0
0.469093 -1.146 -1.20305 0
1.19207 -3.07718 2.58187 0.15021386875231
0.0397541 -5.24031 -1.86902 6.44830720331068
10.056 0.207382 0.729454 0.000901636566959962
18.9935 0.218078 0.747176 0.000635958233875476
0.109612 2.91284 -1.70957 0.384605041209123
0.148542 -2.43685 0.849543 0
0.484102 -1.35773 0.123601 0
0.890891 2.82317 2.67687 1.52063430481145e-08
0.784361 2.66433 2.78948 1.94412081303473e-08
0.233737 -2.38587 -2.7606 0
0.339805 -3.4508 -1.68083 0
0.403921 -2.77202 -0.737021 7.54141596131656e-08
0.402758 -3.18799 -0.368148 5.59581388636329e-08
0.151028 7.03824 0.248671 0
0.388435 7.4463 -1.92754 0
0.0770361 7.93447 -2.9826 1.74090925520352e-08
0.04342 6.94349 0.932116 5.83245795420039e-08
0.312184 2.72427 -2.56858 0
0.0991352 1.9436 0.686637 0
0.173311 1.10766 0.136964 0
0.314238 2.25559 -1.24425 0
0.520611 1.6969 -2.01665 0
0.209573 1.04042 0.966514 0
0.101681 -2.59696 0.988516 6.493534933294e-08
0.318168 -2.73734 1.74729 2.51147011517805e-08
0.298205 -2.3883 2.18408 0
0.294919 -2.83336 -2.3435 0
0.2126 1.19642 3.12564 1.4894152635652e-05
0.15939 1.19998 3.12456 1.44326536227918e-05
0.163494 -3.40791 -0.387748 20.4118438436054
0.200017 -4.39341 -2.60015 6.23033511048187
0.0425511 4.21479 0.468637 6.49498878110197
0.56282 2.12205 -0.358488 3.9211265876948
0.623 -4.90325 -0.661815 0.0964614696564354
5.4006 0.251462 0.715296 0.00218278363709651
4.1089 0.174877 0.709964 0.00314091345452175
5.56586 0.777472 -2.29874 0.00831109181154271
1.29055 0.937437 -2.86251 0.0348065551374842
0.1391 4.6019 -2.01796 0.124143945130827
0.0528417 5.91723 -2.43668 4.40998109166311e-05
0.00515774 5.22474 -2.28821 8.20710290534192e-05
0.321415 -5.28515 1.41059 0.0722336998327117
