1.66082 2.70846 0.144327 0
1.24824 4.81 -2.28577 0
1.69422 4.27803 -2.52187 0
0.490995 -1.48007 -1.86656 0
0.273379 -0.607521 -0.0712797 0
0.584627 -2.63907 -0.763971 0
0.650683 -3.11822 -1.70712 0
11.9018 0.102131 1.63169 1.60033426644482e-14
0.747317 -1.91708 2.4467 1.33832099002783e-13
0.540634 -5.50516 -1.08974 0
0.490389 -4.85323 -2.72915 0
0.657047 -2.4091 1.30616 0
0.836993 1.26067 -1.14281 0
0.667881 0.577921 0.818025 0
4.35267 1.19684 -0.491661 0
0.640905 4.62116 -0.000722252 0
0.186836 7.60868 -2.88861 0
0.0955156 9.28909 -1.83866 0
0.610156 1.68451 -0.261869 0
0.272348 1.84171 -1.37728 0
0.0889196 -2.25244 2.50982 0
1.61392 -0.0613045 2.17625 0
0.339726 -1.62054 -2.66725 0
1.21822 0.0522893 1.74929 0
0.350821 1.43297 0.859039 0
0.954412 -0.651106 1.37075 0
0.513724 1.25289 1.07694 0
1.30533 -4.68784 -0.603306 0
0.525212 -4.71013 -1.58951 0
0.736874 -3.83823 -0.83901 0
0.420091 -1.7603 0.0761974 0
0.578497 -2.60067 -2.66607 0
1.077 -2.63016 -1.53796 0
2.24184 -2.40804 -2.54278 0
0.308471 -1.7327 -2.70245 0
0.29296 3.89903 1.67795 0
0.0762159 4.15063 -2.0123 0
1.01908 -3.31986 -1.96785 0
0.123115 -4.88115 3.10435 0
0.882658 -3.59098 -2.35064 0
0.597756 -0.618616 -2.64719 0
0.321593 2.3797 1.55517 0
4.08908 3.21409 -2.65319 0
0.303497 4.21561 -0.540148 0
0.335639 3.47118 -1.78465 0
0.678419 3.8815 -0.102238 0
0.090694 4.05224 -2.03494 0
0.74226 1.22139 2.84246 0
0.606464 2.46221 2.55561 0
0.0303852 4.27192 -1.45798 0
1.91446 1.44551 1.5103 0
0.508724 2.2018 0.998303 0
1.47652 2.8001 0.430211 0
0.0659398 2.7549 1.29948 0
0.867786 -0.657278 2.26023 2.90378616683411e-14
1.20275 -0.718715 2.66389 3.93022018288694e-14
0.329344 0.811292 0.861642 4.75240720742447e-14
0.507913 0.108357 -0.859578 1.92390855058488e-14
0.146317 -2.34625 0.389826 4.97863350878745e-14
1.25455 -1.76236 -1.96639 4.94902995076506e-14
0.628325 -5.05981 0.137013 0
0.255433 -4.8967 -0.316596 0
3.05423 0.471357 2.44421 8.41088248738824e-15
0.230078 1.07529 -3.04221 1.79098225794702e-14
1.8193 0.183662 2.65881 1.01684236578599e-14
1.58088 0.0803106 -2.12072 1.70963147002708e-14
0.514691 -0.272871 -0.895071 3.66205715185959e-15
0.485059 -1.59052 -1.76518 1.73979603233783e-14
0.0813021 3.12726 -0.473304 0
0.380677 2.71882 -3.13988 0
0.320759 6.2874 0.502708 0
1.00218 6.90697 2.84155 0
1.43185 -0.135015 2.60758 0
0.287552 -0.118603 -2.80874 0
0.809374 -0.200543 2.18547 0
0.0872793 2.93425 0.0820035 0
0.152234 5.61788 2.13636 0
2.39635 -1.23855 -1.1276 6.04588984702156e-14
0.924292 -0.782523 -0.628772 1.13500457607482e-13
2.19693 -1.17625 -1.08289 4.40647645834987e-14
2.85163 -0.956941 -0.449235 1.30016083015004e-13
10.81 -0.875132 -0.501335 1.26550572556578e-13
5.60333 -0.740856 -0.401902 1.70014119446505e-13
2.289 -0.426179 -0.678191 1.99571846713005e-13
0.601569 -5.1981 -2.06206 0
0.336859 -4.6677 2.71227 0
0.623569 -3.90962 -1.81112 0
0.681197 -5.69136 1.53808 0
0.532987 -5.23544 1.5704 0
1.62264 -3.77876 -0.113956 0
0.846483 -1.50674 0.783189 0
0.130282 0.910269 -2.8007 0
0.730839 0.589949 -1.8028 0
0.962955 0.907837 -1.77343 0
1.65481 0.971095 -1.7449 0
1.26346 0.664162 2.72032 0
0.355435 -1.39541 1.33325 0
1.4339 -3.20592 2.06527 0
0.604009 -3.59225 1.81352 0
0.272466 -0.191253 0.964284 0
0.321129 0.432936 -1.94753 0
0.705299 3.13337 -1.59794 0
0.70774 3.5188 -1.92299 0
0.952002 4.20397 -0.616086 0
1.24051 4.27585 -0.229855 0
5.86999 2.86803 -2.96585 0
0.182496 -8.19025 1.50508 0
3.02683 -1.72728 1.04801 0
0.147581 -2.69482 -1.50095 0
0.44584 -4.55854 1.05925 0
0.424743 -5.42281 0.262217 0
0.110597 -6.87363 -0.824603 0
0.417649 5.22366 -2.67453 0
0.274664 6.67356 -1.16811 0
0.044517 8.06312 -0.325439 0
0.605491 1.77245 0.0255847 0
0.21683 2.05889 -2.24013 0
0.114122 2.59511 0.748948 0
0.0828739 4.89303 2.39905 0
0.602537 0.776917 1.42258 0
0.328102 -3.0649 1.68443 0
0.525487 -3.00809 1.00848 0
0.435736 -5.47087 -2.40004 0
0.191381 -4.93188 -0.0585764 0
0.201136 -5.05117 1.5291 0
0.138508 -4.47031 -0.767412 0
1.35624 -4.06775 -1.65597 0
0.482954 6.51131 1.75711 0
0.187502 7.17079 1.90263 0
0.439923 5.83776 -2.09218 0
1.04059 5.50676 3.04226 0
0.265499 4.35698 -0.0161955 0
0.507508 1.33386 -0.645283 0
0.732013 1.72996 -0.427928 0
1.73386 -1.72814 -2.16479 8.93671755599045e-14
3.08562 -1.77931 -2.16653 8.90504160258757e-14
1.08079 -1.57934 2.56219 1.44885428053072e-13
5.34405 1.17115 -0.671553 0
3.12833 1.26914 -0.519276 0
5.88241 1.23799 -0.704774 0
0.81327 3.50158 1.12032 0
1.24268 3.35843 1.40823 0
0.617763 5.19189 2.40682 0
0.14986 7.58709 0.059853 0
1.64192 2.56386 0.135775 0
1.79199 2.28621 1.07422 0
0.655632 1.1444 -0.492438 0
1.23692 1.33707 -0.0536213 0
0.531664 0.595626 0.276152 0
0.0762962 1.32501 -0.961538 0
0.554533 -1.07856 2.71753 0
0.553533 0.911316 1.69549 0
2.45028 0.400091 1.33861 0
3.43073 -5.39664 -1.85031 0
2.37195 -4.63306 -1.46653 0
0.708938 -4.33202 -1.86401 0
0.173873 -4.11069 -0.577837 0
0.567589 -3.94949 -2.0736 0
0.759495 -1.68559 -0.0864996 0
0.405942 -1.05592 -1.31818 0
1.37466 -2.0056 -1.15934 0
0.302691 -0.8773 -1.44895 0
0.258965 -1.47815 -2.31386 0
0.536383 -2.51457 0.997146 0
1.08357 -2.29377 -3.07902 0
0.553352 0.682262 -1.45508 0
0.37947 1.19863 -1.88036 0
0.847296 2.47311 0.776904 0
4.87609 -1.18637 -1.85442 0
0.984841 -1.41275 -2.03857 0
0.733635 1.94577 2.43742 0
0.100112 3.60373 -0.457872 0
0.34487 2.6841 -0.658289 0
0.583204 2.72924 1.16608 0
0.301191 2.98336 -2.76623 0
1.96486 3.08753 -2.394 0
0.408173 2.59396 -1.889 0
1.61424 2.88291 -2.81714 0
0.607587 2.88299 2.80968 0
0.942364 3.24291 -2.29112 0
0.710606 2.75109 -0.515703 0
0.248218 4.40226 0.241456 0
3.06867 1.64228 -2.392 0
0.141603 1.83541 -1.54753 0
2.12999 1.04692 -2.23261 0
0.624218 1.21634 -2.71156 0
0.782506 0.93321 -2.1663 0
0.480894 1.50387 1.72622 0
1.76184 1.4108 2.19429 0
1.03123 0.255278 1.54598 2.35259732039902e-14
0.192875 -1.69432 2.56181 4.65445352318689e-14
0.606758 -0.0212699 -3.03366 4.9017508828537e-14
0.273262 -2.13155 -3.11455 4.94287770178562e-14
2.48414 -1.58566 -2.68664 5.00732768973504e-14
0.835267 -1.85653 -2.99016 4.95774458423402e-14
0.100826 -5.01204 -2.01395 0
0.411043 -3.64811 2.26574 0
0.108495 -4.43616 2.53059 0
0.437727 -2.68564 -0.369332 0
0.630631 -1.54512 -1.81128 0
0.204659 -1.81794 2.58473 0
1.81908 0.529709 -2.58156 0
0.342092 -0.0503803 -2.65695 1.92259293602406e-14
0.397497 -0.558897 -1.5442 1.09001306478819e-14
1.90468 0.940051 -3.05926 0
0.251708 1.6678 -1.22461 0
0.621397 4.492 -2.0175 0
0.481133 6.57802 1.54129 0
0.275351 6.6 -1.8252 0
0.381071 5.6038 1.47865 0
0.53145 1.29505 2.01713 0
1.5822 4.40048 0.533336 0
1.12298 4.43368 1.14817 0
1.40478 4.47024 1.6691 0
11.8901 -0.872318 -1.36898 1.16757494652052e-13
0.63361 -0.992043 -1.48776 1.32469910575657e-13
2.43811 -1.0193 -0.428931 1.30236721068875e-13
1.48681 -0.700862 -0.566971 1.43208526200123e-13
6.57274 -0.841961 -0.50786 1.29688741767308e-13
0.949374 -0.746091 -0.784154 9.43366624785391e-14
4.17277 -0.771711 -0.453052 1.5343268286199e-13
0.163028 -0.91316 -0.998758 3.54017516211011e-14
0.853632 -0.583483 -0.362963 2.09100383342088e-13
0.865713 -0.135335 -0.805405 2.76729836806395e-13
2.26254 -0.952857 -1.03432 3.02101560365764e-14
0.809778 -5.56462 3.09966 0
0.371282 -5.29043 -1.0318 0
1.46687 -5.17773 1.70581 0
0.862558 -4.96996 1.18896 0
0.738556 -3.87995 0.425914 0
1.237 -3.63187 -0.737855 0
1.34389 -3.15243 0.214786 0
2.09626 -3.32391 1.09313 0
0.499069 -3.29667 1.6794 0
1.50883 -2.43501 0.748366 0
1.08607 -2.62032 1.23254 0
1.95006 -2.44465 1.14659 0
0.261613 -3.14393 1.57259 0
0.632939 -2.2374 1.38259 0
0.906695 -2.49649 2.37362 0
1.59615 -1.92728 1.74072 0
0.418279 -2.34785 2.08998 0
1.15968 -1.33462 -2.85688 0
0.778678 -1.41702 2.80218 0
1.35844 -0.964277 2.79381 0
1.13668 -0.478833 3.08916 0
1.39223 0.476475 -2.39707 0
0.650498 -0.172768 -2.90459 0
0.677397 -0.0956859 -2.07828 0
0.0513147 2.94355 -0.909755 0
0.229282 1.3844 -2.09096 0
0.324733 -5.73159 1.94727 0
0.24854 -5.2571 -2.58864 0
0.595291 -6.06072 2.46818 0
0.0777663 -6.92301 2.62761 0
0.166652 -4.78663 -1.77588 0
0.276476 -4.42971 -1.54063 0
0.237469 -2.05905 -2.19688 0
0.376055 -0.521631 -2.57779 0
0.421414 -0.844687 -0.156714 0
0.373898 0.743126 2.20254 0
0.520008 -0.0205574 0.3163 0
0.231565 4.76532 0.871339 0
0.583212 3.08893 -0.935826 0
0.47199 2.99412 -2.56194 0
0.202886 3.65853 -2.72192 0
0.5098 2.1902 -0.461644 0
2.49234 3.05081 -2.9021 0
0.764667 2.67932 -2.43913 0
0.852973 3.08674 -2.75174 0
1.35932 2.88565 2.87559 0
1.68529 2.65762 -2.87721 0
0.352856 1.31416 -1.08618 0
0.658525 -6.90082 -0.967105 0
0.48803 -5.76345 1.82619 0
0.442991 -6.50265 -2.0272 0
0.202908 -1.41896 -0.105732 0
0.385926 -1.39754 0.894062 0
1.00528 -2.03758 0.264263 0
1.271 -1.8006 1.05766 0
0.33888 -0.977542 0.66537 0
0.765675 -4.96082 0.703194 0
0.118211 -4.58937 -2.99786 0
0.237474 4.70462 1.86782 0
0.458411 0.731974 -3.00082 0
0.107859 -2.17388 -0.872233 0
0.180721 -5.16841 -2.01848 0
0.398389 6.6392 0.766626 0
0.346818 6.05768 1.79979 0
2.94152 4.00104 -2.64085 0.25507956248801
0.31525 1.63204 0.721612 0
0.568878 1.42437 -0.482753 0
0.265478 3.37969 1.42261 0
0.50529 3.1545 0.228991 0
0.163139 -3.07272 -1.78472 0.297215602313688
0.148429 -0.854125 -1.9966 0
0.359553 -1.17303 -0.751813 0
0.4685 -1.59972 1.50835 0
0.0681055 -0.882637 -0.149463 0
0.599032 -0.0664306 1.68761 0.831532718359794
0.275684 -5.65566 2.58569 0
0.102432 -6.71275 -1.21257 0
0.162943 -5.90832 2.03304 0
0.329395 -5.8187 -1.10615 0
0.989425 -4.78558 -1.21981 0
0.209875 -5.57637 -1.37709 0
0.980337 -0.521203 -0.204136 0
0.310716 -0.451985 -1.01549 0
0.742994 -2.25444 -2.49833 4.27491949670063
3.20898 -0.976962 -2.02131 0
2.0181 -1.02575 -2.06758 0
0.199174 3.46226 1.73295 0
0.0667632 5.72228 2.9351 0
1.24848 1.48136 1.86017 0
6.98083 1.41586 1.91856 0
0.69468 -0.243803 1.70004 5.16611677474985
0.681976 0.553221 2.97375 1.5103051743023e-14
0.858987 0.236629 2.53797 8.24464414168823e-15
0.376935 3.62391 0.975145 0
0.159158 3.80718 2.60365 0
6.93364 -0.826713 -1.33155 1.15168681563562e-13
6.98698 -0.847426 -1.368 1.20133516184182e-13
10.3376 -0.895791 -0.793264 0.0187923685085133
0.0740455 -5.53724 -1.03122 0
0.18309 -5.37325 2.16453 0
0.236225 -4.15831 -0.851698 0
0.850481 -3.8193 -0.10299 0
0.069414 -3.80697 -0.406294 0
0.38931 -4.17366 -0.635035 0
0.0264948 -4.93301 -0.541494 0
0.776081 -3.19787 -0.0135195 0
0.565613 -2.98809 -0.370993 0
0.334195 -3.27103 -0.623713 0
0.0352477 -4.73119 0.699698 0
0.715473 -3.21189 1.32905 0
0.903492 -0.392417 2.55988 0
0.288195 -0.981326 2.62824 0
0.124396 0.587193 -3.12829 0
0.42735 0.830806 2.57763 0
0.273542 -0.313022 1.7664 7.5829547004167e-08
0.136221 0.525527 1.75453 3.19745416846003e-08
0.329058 3.0241 3.11651 0
0.419013 3.83002 -3.00062 0
0.281053 1.75597 -1.77038 0
0.118171 3.91425 -1.24418 0
1.05263 1.83611 -1.38052 2.25589444978583e-10
0.127074 -5.39869 1.23822 0
0.207834 -4.52624 -2.94759 0
0.110529 3.20905 1.99974 1.05637441061097
0.361368 3.02163 -0.576271 0.388669247073357
2.0893 -0.0161854 1.6515 1.28205962723933
7.55743 -0.107303 1.66066 0.351545107239695
0.129541 1.42467 0.894126 34.1361023218067
1.00691 0.502113 0.608537 8.54341749851989
0.121705 0.0568636 -2.97174 58.9107975644734
0.68881 -0.265594 2.12756 10.0575415112947
0.220789 3.04194 1.1486 34.7288501227424
0.211525 3.55296 -1.11306 21.8576344526441
0.318787 -0.219425 2.41011 3.34872844065392e-06
0.0833601 -0.231197 2.54164 5.90669528950799e-06
0.264168 0.485716 2.81425 11.7135092527942
0.15973 -0.562372 -1.51685 18.6799141477643
0.0112435 2.42924 1.60005 2.34446967338255e-05
0.0184769 2.51112 2.56697 3.65335430872012e-05
1.00259 0.136351 1.26778 2.58528324491918
0.299594 0.746347 0.919257 6.76113731744323
1.62381 2.25199 0.407419 0.0412828383042762
1.828 2.3751 0.691453 0.993058203618983
1.7798 -0.310813 -2.72772 0.221969120598945
0.553847 -0.130904 -2.9117 0.0936890799058001
1.21122 0.00768969 3.05456 0.0751269843836066
3.68739 0.0225131 -3.0639 0.00495041958341609
0.605379 0.272826 -2.79728 0.148753278824435
2.09879 3.71575 -2.83929 0.635232161339426
1.22703 3.73866 -2.41702 0.769561992266699
1.44791 -1.87557 0.000887049 0.060631665220459
0.745736 -1.69941 0.0533922 0.124629056846927
8.68956 0.0670195 1.66795 0.30866120910536
1.30368 -1.78086 2.78555 0.19199691993271
0.0898205 0.403843 0.161776 2.52013627442273
1.16613 0.471148 0.561217 0.188201906580631
0.138827 -4.44682 -0.419521 3.25941853927517e-06
0.0770156 -4.34835 -0.369223 3.43704677575916e-06
0.865359 1.15668 -2.35811 0.00777081722290968
1.0955 1.4671 -1.98203 0.00755180047427665
34.7572 0.498086 2.40016 0.119133655762832
9.22204 0.505347 2.45888 0.633625103648352
7.82939 -0.831398 -1.35811 1.59543624242132e-08
2.64087 -0.831823 -1.32162 4.47875639186696e-08
8.30102 -0.901093 -1.313 9.97443278111528e-14
12.4077 -0.830453 -1.34511 1.17588417461089e-13
4.38498 1.84761 -1.36256 0.00141189370599033
0.356676 -1.54626 -1.56234 2.1383402669345
0.169741 -1.26258 -1.38878 5.84897086854272
0.79543 2.38866 0.7569 0.129960122699888
0.182188 2.82725 -0.240282 0.850813769864268
0.301658 -1.63532 -2.9914 0.128223400162942
0.0476884 -2.5114 0.125112 0.263114209441101
1.66258 -2.47494 -2.9727 0.221451116054683
3.0759 -1.89093 -3.14047 0.102982027111143
1.47941 -1.81366 -2.92247 0.216908132794447
4.9661 0.502553 2.40508 0.131653185430893
12.4263 0.448639 2.41849 0.542892409462312
1.37809 3.26323 0.771317 0.108143921285294
5.42301 0.126545 1.62289 1.6687099154876
1.59634 0.0087824 1.57966 5.34938041444035
1.83407 -2.21659 2.74494 0.155520216226799
0.137158 -3.4593 2.67864 0.438707283449671
3.40157 1.87252 -1.36382 0.00244519671931154
0.989189 3.51501 0.367666 0.25346356218841
25.3926 0.513745 2.39494 0.36821848961275
3.27485 0.469729 2.35739 0.923233820531014
3.14388 0.462116 2.47554 1.26373888880749
12.549 0.4897 2.40872 0.0894960134677499
