34.3026 2.65968 0.457525 5.18116154176942e-16
0.400266 -4.33897 -2.43892 0
2.92967 -1.9013 1.33981 0
0.85781 -0.393986 -1.85888 0
1.46208 0.524068 0.0496597 0
1.48731 -4.10612 0.589563 0
1.44948 -5.10549 -2.39101 0
1.81724 -5.14046 -2.60445 0
0.155914 -3.79532 -2.4109 0
1.2083 -4.71803 -0.480424 0
2.09906 2.14831 -3.08661 0
2.10158 2.38583 -3.02522 0
1.0187 4.03563 2.26178 0
1.0476 0.447357 -2.25695 0
1.07672 0.715879 2.45787 0
0.752852 0.36332 1.12626 0
0.439916 -2.11092 0.814692 0
0.693513 -1.84054 0.178957 0
0.0391045 2.90635 -1.62496 0
0.272589 3.29493 -1.11315 0
1.12685 0.950524 -1.47342 0
1.26379 0.286624 -2.83107 0
0.535241 0.188864 -1.65651 0
0.843234 -0.494782 0.966716 0
1.11563 1.16708 1.76349 0
0.621578 2.40598 2.37907 0
0.464147 0.536281 -1.32024 0
2.62998 1.22679 -3.07836 0
0.54574 0.0911253 1.84823 0
1.87419 -1.84926 0.262149 0
2.02318 -2.26034 0.0247445 0
0.217598 -0.343727 1.52106 0
2.86857 -2.28402 1.96974 0
0.786089 -2.73577 2.09305 0
1.60044 -0.704118 3.00813 0
0.203614 -1.05372 -0.370954 0
0.94871 0.681564 0.620513 0
1.10129 1.18873 0.673564 0
0.226871 1.91017 1.17971 0
1.30515 1.82642 1.02813 0
0.493398 2.68247 -0.560145 0
0.380169 -0.956906 0.450137 0
0.494182 -6.75394 0.716808 0
2.25716 -2.94158 -0.594942 0
1.25003 -2.33011 -1.15582 0
1.81255 -2.56631 -1.03254 0
1.8934 -2.50626 -1.71939 0
0.298187 -2.76693 1.81893 0
0.435332 -4.30336 2.43763 0
0.508474 -2.297 3.03464 0
0.300298 -3.89154 2.62693 0
0.715643 -4.40502 3.02644 0
0.637833 -4.82221 1.43817 0
0.993929 -5.5179 2.09703 0
0.661925 -5.85206 2.64028 0
0.400233 -3.15256 1.13197 0
0.103658 -2.78199 2.06815 0
1.15305 -3.24257 -2.58128 0
0.282189 -4.20714 1.34083 0
2.4955 -3.67466 -3.01303 0
0.0907501 -6.83771 1.12598 0
0.107378 -7.81343 2.68642 0
0.157303 -4.89975 -2.31346 0
0.381517 -4.11239 -0.997503 0
0.17258 -2.66512 -2.78662 0
0.381396 -2.32184 1.98887 0
0.177631 -2.54974 -2.57831 0
0.546735 5.15481 0.551531 0
0.19509 -4.70337 2.72818 0
0.270447 -3.81868 1.03171 0
0.194297 -1.18925 -0.286201 0
0.540522 -0.972703 -1.77619 0
0.993254 4.69828 1.32867 0
0.0459168 4.91399 -2.46841 0
0.673319 -3.05958 2.23158 0
2.84361 -5.15269 2.97849 0
0.715094 -5.86455 2.69459 0
0.313394 -4.48398 1.60169 0
0.117337 -4.80328 1.78297 0
0.319622 -4.49757 -2.39927 0
0.423598 -1.91295 3.06278 0
0.611123 3.22317 -0.420342 0
0.562344 1.09991 -2.00337 0
0.609597 2.04279 -1.89422 0
0.150455 4.51303 -0.91975 0
0.791332 3.91216 -1.85563 0
1.66082 4.21962 -0.998268 0
0.866581 5.5132 -2.5234 0
0.842805 5.8625 -0.0639193 0
0.284071 4.47576 -0.613169 0
0.708882 4.85269 0.197473 0
1.2404 5.33307 2.03158 0
0.374004 5.06516 0.835833 0
0.60809 5.53907 2.09191 0
0.645508 5.75917 1.04494 0
0.453562 4.79637 2.04554 0
0.372663 0.393566 1.9804 0
0.429813 -5.74703 -1.99292 0
0.208846 -7.06565 1.54937 0
1.12944 -1.54766 0.782366 0
0.419124 -2.3041 -0.783869 0
0.65355 -0.461587 -0.815162 0
0.765643 -0.135193 -0.647407 0
0.789246 -3.93581 0.502535 0
1.51072 -5.79945 -1.92642 0
0.34186 -5.67993 2.28376 0
0.386402 -5.21804 -2.73616 0
0.310517 -5.89472 1.93209 0
0.626672 -5.02276 -2.41562 0
0.883738 2.20257 2.664 0
0.4817 2.80013 -0.740849 0
0.903703 1.7241 -1.43129 0
0.271232 3.38965 2.83834 0
0.554289 -0.0735508 1.22439 0
1.76418 0.505101 1.72201 0
0.115325 3.45757 -0.426844 0
3.89038 1.38553 -1.56629 0
0.833632 1.90041 -2.59933 0
0.800434 1.62366 2.44165 0
0.351158 -0.101684 3.05142 0
0.58784 1.03898 2.52108 0
0.420775 -1.93426 0.839295 0
0.696522 -1.73203 2.71234 0
1.06993 -0.908782 2.47665 0
0.132115 -1.5685 -2.52962 0
0.10846 -0.334103 -1.90564 0
0.117388 -0.890208 -0.91829 0
0.120604 -0.250145 0.905662 0
1.42413 -0.0346884 0.433551 0
0.261725 -0.860918 1.21171 0
1.88179 0.245755 0.97407 0
1.34216 0.0255026 1.12712 0
1.63965 0.670413 1.17706 0
0.144757 0.663977 0.752662 0
0.280155 4.75773 0.57437 0
0.388252 6.32199 -3.0511 0
0.169188 5.67862 1.76958 0
0.304822 1.44599 -2.08236 0
0.07952 -1.50282 0.347572 0
1.46719 -3.14393 -0.0808002 0
1.60904 -2.69134 -1.5805 0
1.40578 -2.63691 -1.23754 0
0.297761 -2.50445 -1.92442 0
0.382098 -1.57227 -0.909725 0
0.0257451 -3.73968 -2.66444 0
0.162913 -2.74197 -1.16569 0
2.97867 -2.26625 -2.72947 0
1.47894 -2.20006 -2.57695 0
2.55941 -2.00177 -2.68221 0
0.162673 -3.67421 -0.957838 0
0.294426 -2.60039 -2.07262 0
0.426418 -2.33898 2.85101 0
0.52149 -5.72534 0.221583 0
0.368383 -6.43438 1.74853 0
0.610873 -5.92184 0.976882 0
0.158291 -0.0535284 -3.08983 0
0.601515 -5.5774 -1.59888 0
0.145608 -6.69679 1.08283 0
0.206104 -5.44645 -1.35059 0
0.590589 -6.7058 -2.05083 0
0.55421 -3.78987 -2.37766 0
0.438859 -4.14443 0.162286 0
0.380917 -4.22786 1.96632 0
0.173923 -2.64574 0.969312 0
0.306241 -2.59452 -2.99588 0
0.47549 -2.15983 -0.339671 0
0.127399 -2.23894 3.02385 0
0.797744 -2.17284 -0.0737847 0
0.290052 1.79112 3.03849 0
0.592279 1.04124 -1.13142 0
0.199772 0.382612 2.26849 0
0.309358 0.73148 -2.62377 0
0.425601 3.00757 2.83872 0
0.491098 2.75352 1.19416 0
0.0792679 6.19276 -1.88363 0
0.417194 3.47111 -0.934778 0
0.136383 3.27191 1.48669 0
0.420863 4.94504 1.81749 0
5.11482 -6.38319 -1.22336 0
0.252904 -6.49204 -0.439318 0
0.418169 -5.29569 -0.882685 0
0.195906 -4.2997 -0.600263 0
0.218778 -3.1101 1.55123 0
0.516751 -1.90946 -2.66175 0
0.548273 0.291435 0.970319 0
0.609853 1.20479 -1.70174 0
0.241456 3.46062 1.00969 0
0.769309 4.21235 2.63574 0
0.782238 4.375 -2.70004 0
0.836908 6.388 0.803304 0
0.155876 0.482559 0.951024 0
0.19619 0.736005 1.01689 0
0.127688 -5.35506 -0.857008 0
0.471834 -6.14383 1.07929 0
0.290126 -5.20858 -2.6815 0
0.50396 -3.23042 0.539036 0
0.351466 4.15868 2.93047 0
0.372891 2.74681 -3.00897 0
1.0804 1.44592 -1.02557 0
0.0394595 4.21831 -0.330474 0
0.11697 3.3449 -3.02914 0
0.185748 2.85206 -0.461377 0
0.750007 1.32343 -1.75391 0
0.517183 5.03869 2.97707 0
0.353306 6.6799 0.00303984 0
0.806637 5.51894 -0.304077 0
0.570685 6.57483 0.490922 0
2.23014 5.03317 1.28878 0
0.732836 5.37585 0.611668 0
0.409456 1.17919 2.8954 0
0.628182 -3.73479 0.858437 2.05994565355379
0.129333 -3.54761 -0.163071 12.1528297637886
0.421895 -2.56529 0.809716 0
1.03933 -2.96341 1.03866 0
0.48765 0.633823 -0.580375 0
0.843701 0.444936 -0.390797 0
0.491669 -0.294603 0.227673 0.120099504230712
0.0916327 -4.78552 -0.416095 0
0.31915 -3.86056 3.10309 0
0.0435159 -5.87546 -2.49392 0
0.291556 -3.60967 0.239475 0
0.499618 3.23321 2.74305 0
0.258033 3.08966 -2.27732 0
0.0633211 -1.20397 -1.91077 3.81714164221845e-08
0.18828 -0.736102 2.38522 3.4589279762377e-08
0.185338 1.33349 -1.90358 0
1.32646 1.4814 -1.95451 0
2.1827 -0.821505 0.86402 0.00234036145709061
1.34636 -1.12818 0.880093 0.00649660055826571
0.256275 -0.553595 0.987973 0
0.240081 -2.10854 1.22959 0
0.91386 -1.37109 0.901715 0
0.097138 -2.26964 1.81966 0
0.289933 -2.14505 -2.88014 0
0.31214 -1.94732 1.37529 0
0.109926 0.694351 2.72011 3.91224729845698e-07
0.30405 1.18929 1.6284 5.62359596505383e-08
0.0870001 5.18033 0.567349 0
0.204398 3.28701 -0.582058 0
0.178199 -2.70802 2.71808 0
0.1545 -4.07109 -2.14937 0
0.0560846 -4.57942 -0.226707 4.25698483324074e-09
0.0843807 -4.34918 1.54113 2.25386247101833e-08
0.836127 -2.33323 -1.81318 4.13961238215358
0.214401 -1.9575 -1.26071 23.1403572923886
0.205739 -4.35451 -2.08643 0
0.912447 -3.57985 3.13642 0
2.66347 -0.907045 1.0036 0.0730860545025191
0.8579 -0.660144 1.27314 0.255507560765392
3.07577 -1.24501 0.912506 0.0897900692512213
0.558401 -1.48609 2.1604 6.56949976909057e-09
0.35676 -1.66549 1.56772 9.02313179516624e-09
0.123744 5.54747 -2.75291 0
0.289321 6.3479 1.41494 0
0.261538 4.2115 -2.03771 0
0.289881 3.18053 -0.364478 0
0.122835 2.11505 -1.73047 0
0.719489 1.44752 -0.64004 0
0.589549 4.322 -0.699247 0
0.185704 4.56258 -0.328493 0
0.772628 6.14606 -2.71187 0
0.491779 6.2608 2.93437 0
0.272969 5.47662 0.526883 0
0.561632 6.29219 0.0219362 0
0.227415 5.65571 0.045451 1.54247903741671
0.570552 1.93602 1.9036 22.7001386620161
0.00710541 5.54732 -0.642771 50.3206313958319
1.37867 -0.921877 0.350319 8.50400719873587
0.288594 -0.67965 0.727392 47.4966915406952
1.86446 -0.424722 0.100259 15.3383855109189
0.314036 0.384714 0.683344 5.27747138603507e-06
0.0404523 0.792474 0.796465 1.65528568637172e-05
0.393416 4.08749 -1.40464 3.26960577634806
0.517614 3.44298 -2.03988 4.73626970170812
0.322197 0.0863397 -0.941909 41.4214618352268
0.956607 0.196989 -1.63352 13.7330090679454
0.213566 1.89815 -2.67585 56.7729613211209
0.635003 1.6689 2.51229 23.7354432495012
0.933927 -0.471078 -0.993844 0.401064365888427
0.235997 -0.0936707 -1.65422 1.77057788470654
0.115929 -0.772382 2.48828 2.67106622147847
0.0992181 -3.05115 2.34574 0.38922923761566
3.26315 -0.239204 0.245716 0.0605597855350782
2.14456 -0.2342 0.297814 0.0998630617154238
1.56773 1.85348 2.81981 0.00825691617489502
3.23689 0.393833 2.54534 9.29497934347709
0.392967 0.630323 2.63624 67.3059794644157
0.368214 0.218905 1.30425 23.6593293495026
0.296227 -0.455467 2.3973 27.2401263526891
0.299083 -0.72103 -0.335401 38.4894224749952
0.209124 -1.19713 -2.14969 38.6978447780248
0.0224057 0.0333624 0.478088 90.498777816853
0.0898589 -0.0197339 0.398162 76.7032574631085
0.627222 2.15211 2.73944 0.0221988163428747
1.42546 -0.897077 0.730366 9.66503033949068
0.694889 -0.563445 0.527144 24.4113422288657
1.19012 1.43466 2.77663 0.0303280756238662
0.278409 1.06042 1.7469 0.114073828937555
