0.189642 2.17819 -1.22329 0
0.12392 -1.60449 1.86276 0
1.6354 -0.255282 0.815544 0
1.96725 -0.676707 0.0305481 0
1.43028 -7.1973 -2.84001 0
0.818511 -4.88586 -1.39012 0
0.332124 1.50841 -0.915457 0
0.905908 -0.777582 1.72906 0
0.0492976 -2.1559 0.459014 0
0.480439 -0.635955 3.07382 0
0.296692 4.68004 -1.08548 0
0.677074 3.73017 0.761915 0
0.147276 -8.42754 2.72294 0
0.26923 -8.4537 -0.508845 0
0.050547 -8.40793 -1.82859 0
0.70008 -4.00231 0.462647 0
12.9623 -1.3117 -2.35871 7.70564983377911e-14
2.63476 -1.21748 -1.99841 8.23920589998575e-14
0.831185 -1.11935 0.207629 9.0113808324153e-14
0.652849 -1.96441 0.279331 4.15822272542439e-14
4.37186 -1.4142 0.241527 6.98975736437507e-14
0.57994 -1.11121 0.0906948 9.04620260381467e-14
0.770407 -0.853075 0.97428 1.12707744180903e-13
2.97062 -1.11683 0.99133 9.28820889811509e-14
1.84322 -0.885043 0.952827 1.10215435914913e-13
0.475037 -1.79459 -2.10754 0
0.222615 -0.937587 0.773059 0
0.459415 -5.64793 -1.21079 0
0.344846 -5.04834 2.50209 0
0.270502 -4.56529 1.95425 0
0.511395 -5.86705 -0.0392826 0
0.63787 -2.0468 -0.0996011 0
1.50064 -1.95386 0.94353 0
0.3266 -2.57348 2.70713 0
1.34617 -0.988389 1.78191 0
0.588521 -2.20292 0.612758 0
0.286535 -4.43062 -2.40767 0
0.431059 -4.86886 2.10431 0
0.855415 4.28513 2.07436 0
0.815267 0.520195 1.7166 0
0.504378 -2.19798 -2.24733 0
0.352393 -2.73654 -2.76632 0
0.617152 -1.74118 2.59252 0
0.646458 -2.02074 2.88846 0
0.132644 -2.20741 1.29486 0
1.07007 1.59418 -2.95669 0
0.362389 2.853 2.90002 0
1.19409 4.20397 -2.21139 0
0.641477 3.97165 -1.92179 0
0.19692 5.83973 -2.68927 0
1.27965 4.38102 -1.86634 0
1.30779 5.08612 -2.28272 0
0.14336 8.0423 1.75935 0
0.239326 7.76629 2.78394 0
0.0688941 6.84801 -2.67949 0
0.321943 5.17336 -0.308558 0
0.552905 2.62494 -2.66015 0
0.692154 2.44949 1.03386 0
0.849935 -1.2643 -1.74846 0
1.10461 0.452085 1.56359 0
0.461979 7.43243 2.64704 0
0.909046 -0.532252 -2.79772 0
0.895632 -0.513097 0.749327 0
0.121208 -8.69443 -1.12089 0
0.463411 -6.35041 -2.07495 0
0.622838 -4.76395 -1.00791 0
0.228654 -1.13778 1.27479 0
0.26117 5.9462 0.0416977 0
0.591582 3.34744 1.15323 0
0.489752 4.03263 1.24843 0
0.220148 2.92566 1.23243 0
1.93307 1.41639 -0.0416843 0
0.584789 -3.04214 -2.05563 0
0.831422 -2.3308 2.53807 0
14.498 -1.26345 -2.30318 8.0149775032733e-14
0.196038 -1.74344 3.06439 5.48904721209989e-14
0.387119 -1.23407 -1.83762 8.06269040307218e-14
0.14259 -0.185257 -2.67689 1.52086504244686e-13
0.644031 -1.97651 -0.256521 3.91737861912086e-14
1.80199 -1.01522 0.651152 9.93878688046836e-14
1.85644 -1.27975 0.725715 8.04972162210464e-14
3.33997 -0.900283 0.976137 1.09127527048453e-13
4.62357 -0.977148 1.00638 1.03341927076614e-13
0.313582 -0.863208 0.944771 1.11811675121907e-13
0.260382 -1.32469 -1.79544 0
0.851608 -1.28691 -1.56214 0
0.976135 -1.10169 -0.0879375 0
0.438532 -1.36117 -0.560459 0
0.513668 -1.22769 1.51453 0
0.419803 -3.38934 -2.11137 0
0.569183 -0.746006 2.21288 0
0.481575 -2.16676 2.07784 0
0.254772 1.44186 -1.66951 0
0.303917 0.859533 -2.52361 0
0.413309 -1.12065 2.44379 0
1.29035 -1.11158 2.23475 0
0.995269 -1.2385 2.70233 0
0.73285 -1.95133 1.59291 0
0.819016 -1.67287 2.41516 0
0.0897913 2.97802 -2.25487 0
0.522193 0.126948 -2.89088 0
0.123338 2.99317 -2.81091 0
2.13455 2.30932 2.73262 0
0.608629 1.79068 2.70025 0
0.896496 2.77292 -1.9965 0
1.33146 4.90681 -1.69952 0
0.721674 5.99497 -2.39818 0
0.499607 1.34973 1.99453 0
0.486763 1.02622 0.223943 0
0.67805 0.319891 -1.57018 0
0.471194 0.319211 -0.0453049 0
0.219704 0.274184 -2.69766 0
0.443721 6.07844 2.25101 0
0.177884 5.25914 -1.67742 0
0.665077 5.29486 -2.76721 0
0.666454 7.30637 0.386184 0
0.283864 5.93295 -1.25876 0
1.03801 0.27717 0.0481279 7.20920245317623e-08
1.66223 0.478731 0.0618323 6.0650273153343e-08
0.112502 2.13877 0.418497 15.1354540682058
0.149855 -6.5655 0.847452 0
0.375848 -8.37713 0.0082841 0
0.124547 -4.69055 -1.38705 9.86620577493062
0.149774 -3.17012 -2.94917 14.0358737679005
0.590767 -1.27008 -2.0228 0
0.251212 -1.77177 -0.807227 0
0.929415 -1.44296 0.0488785 1.5449450270478e-07
0.688856 -1.53273 0.282879 1.2179452107028e-07
0.834008 -0.990854 1.2219 6.10353638713873e-08
1.75452 -1.02626 1.13996 5.9893393685165e-08
0.485705 -5.68954 -2.4516 0
0.448001 -5.99285 -2.30433 0
0.187917 -2.20863 1.01176 0
0.18179 -2.23706 -1.81352 0
0.0580899 3.56099 1.58695 1.21578554722113e-07
0.155286 3.65253 0.33663 5.5040495643044e-09
0.165467 -2.5192 1.67559 0
0.14124 -1.58003 -2.34394 74.0719934266973
0.153287 1.41005 2.40126 0
0.984017 1.24525 2.80109 0
0.474471 -0.691852 -1.04688 0
0.375534 -0.235093 -0.634432 0
0.0633495 10.3856 -1.81031 0
0.686956 7.89411 2.89056 0
1.473 2.83646 0.368862 1.88928214456707e-06
0.195618 2.85459 0.373525 6.75118351326991e-07
0.575326 2.88967 0.203495 2.38390244761028
0.0519268 3.37722 1.89265 16.2188112440726
0.717357 -2.2608 -1.29287 1.41856676879168e-06
0.045744 -2.25648 -1.26321 2.97298274155709e-06
0.609083 -1.71067 2.8771 1.14720082094463
0.0578838 -2.1809 -1.7701 7.74023139258872
1.45506 -1.27081 1.61802 8.79366102571228
0.276643 -1.59215 2.08302 35.0047872016147
0.957244 1.14912 -2.39311 6.71288796186316
0.873504 1.55709 -2.21243 5.16169273715812
0.916442 -0.253202 0.479557 20.3150677402268
0.194 0.569169 0.398916 84.4469078771928
1.07632 -0.7963 -0.868148 2.40524924211763
0.352036 -1.12196 -0.313422 5.78308144154078
0.287623 -2.62588 0.388755 2.5496766558461e-07
0.0640286 -3.84223 -0.326013 3.63030782513744e-07
