34.7816 2.81011 -1.45332 1.85290688022895e-14
1.39608 8.2796 2.06081 0
0.376053 6.00004 0.372032 0
0.56384 -9.06387 0.208817 0
0.187545 -4.37486 -1.92203 0
0.339323 -5.91941 -0.336675 0
1.46653 -4.41496 -1.87257 0
0.065416 -6.3838 0.834349 0
0.0248178 -6.52301 2.44813 0
0.316062 -4.27999 -2.27027 0
0.170633 -0.712469 2.08496 0
0.275789 -2.43827 1.56655 0
0.364294 -0.21022 -1.63723 0
0.183971 3.58354 -1.51082 0
0.22861 -3.65044 -2.90325 0
0.68567 -4.13956 -0.681486 0
0.868593 -3.10118 -1.89942 0
0.443973 -1.54141 -1.18417 0
0.0733549 -3.31132 1.44013 0
0.485932 -2.24203 1.49336 0
1.69371 -1.21816 1.68559 0
0.49656 -0.943234 1.17452 0
1.4245 -1.57699 1.48301 0
0.631862 -1.38011 1.53156 0
0.59677 -0.00877492 2.14384 0
0.220696 -1.82532 -2.00625 0
1.22153 -0.165464 1.16724 0
1.24183 -0.159078 2.12899 0
0.178267 0.970907 -1.14831 0
0.391388 1.12864 1.74953 0
1.30316 1.03816 -0.252086 0
0.274253 2.25004 1.27627 0
0.857087 1.44176 -0.0480132 0
0.312132 2.34004 -0.591727 0
0.486102 1.98024 1.09562 0
0.252206 2.34672 -0.62058 0
0.947808 2.83199 0.467689 0
0.25616 1.21156 1.2506 0
0.183795 4.34341 2.31794 0
0.0360267 6.82212 0.515004 0
0.0270491 10.4563 -1.58586 0
0.263779 7.09017 2.61903 0
0.731647 5.84553 -0.732999 0
0.359178 3.61864 -0.499265 0
0.248548 -0.790263 0.776227 0
0.337488 -3.60027 -0.373356 0
0.365954 -7.86975 -1.38947 0
0.8482 -8.13853 0.76495 0
0.386385 6.46174 -2.10269 0
0.261059 7.40941 -1.39343 0
0.561334 -6.80994 2.23318 0
0.50674 -6.79651 1.77784 0
0.282389 -7.80089 2.12982 0
0.250716 2.09488 2.42452 0
0.396611 2.72944 -2.1364 0
1.06815 -2.30382 -0.806165 0
0.749763 -2.39428 -0.166652 0
0.114807 -2.26601 -2.93288 0
1.0189 -2.03597 2.25268 0
0.800867 -0.611584 1.4239 0
0.367758 -1.17863 1.76158 0
1.21912 0.285228 -0.0728976 0
0.477969 -0.881496 1.22696 0
0.230941 -0.78423 -1.21211 0
0.251154 0.943919 2.83762 0
0.0988317 -2.41206 -2.48826 0
0.503056 2.05608 -0.301752 0
0.0308055 3.64494 -2.96646 0
0.332638 1.6776 0.918394 0
0.336288 3.73515 2.91453 0
0.440253 4.20049 -2.2654 0
0.117473 6.8929 1.30803 0
0.481479 4.60835 1.95427 0
0.312724 7.33314 2.92894 0
0.257624 4.64389 1.52875 0
0.581895 5.61742 -3.11262 0
0.397686 4.05002 -3.00328 0
0.391984 4.97158 -0.309938 0
0.143157 -0.208534 2.80504 0
0.502635 1.62695 2.40685 0
0.449115 -2.3291 -1.95163 0
0.228871 -4.40563 -2.13839 0
0.278428 -3.84474 -1.61897 0
0.652982 -4.85786 0.948178 0
0.479418 -7.37111 -1.58287 0
0.250319 -7.60404 -1.1615 0
0.123322 -2.23412 -1.94959 0
0.161364 -2.04121 1.94481 0
0.123498 0.17876 1.58058 0
0.33076 1.4661 -0.72888 0
0.0676546 -2.63695 -2.73631 0
0.135578 -0.701034 -0.87689 0
0.181506 0.333254 -2.30241 4.5396177154707e-07
0.324018 0.219889 -2.98626 1.47066873880892e-07
0.309985 0.665678 2.78552 0
0.0448163 -0.430185 -0.512108 0
0.830253 0.0641785 2.88117 3.31279378980854
0.161071 -2.73931 -2.84073 6.10733659519524
0.179351 -3.25514 1.97892 12.7310640062801
0.381155 -2.68505 -2.66416 10.5438545852395
0.118463 -1.19321 0.105503 8.95771096633992e-10
0.15516 -1.93546 -1.18973 8.20494860524092e-11
0.660426 1.14114 2.80348 16.8326200258354
0.102942 1.40295 -2.39866 76.850253520195
0.322545 -1.93871 -0.714796 10.329840194424
0.0708661 -1.31194 -2.87665 83.1414353849123
