4.59387 3.35614 2.74223 4.2636586624003e-15
1.20898 -7.55661 -0.134898 0
5.71419 -1.18139 2.36013 0
2.17761 3.3789 -0.120053 0
0.210992 5.37684 1.42533 0
11.0069 0.34655 -0.687164 0
1.48143 0.402141 -0.926413 0
22.2485 0.47398 -0.56152 0
0.585618 -5.42686 -2.32709 0
0.255753 -4.30014 -1.51265 0
0.416634 -2.77808 2.98364 0
1.57854 -1.62891 -1.24797 0
0.303519 1.55349 3.07821 0
1.12513 2.09158 -2.7798 0
0.649239 1.80409 2.42177 0
0.682661 3.8033 2.13275 0
0.0459228 5.66044 -0.0858545 0
1.22137 3.60457 -2.99781 0
0.595034 3.23033 -2.15715 0
0.523051 3.21521 3.08308 0
0.446158 2.65633 2.23412 0
0.45335 1.88756 -0.502347 0
0.10776 3.5403 0.538586 0
1.44312 1.45509 -1.20603 0
0.110621 2.6857 -0.211298 0
0.509835 1.74979 -2.44509 0
0.202873 -0.301573 -1.65122 0
0.278256 1.80868 -0.852592 0
1.04196 1.5566 -2.19518 0
0.781034 1.6821 -1.10704 0
1.11666 1.12614 -1.88734 0
2.35357 0.377385 -2.76326 0
0.794292 0.302781 -1.73612 0
1.05073 0.0792502 -2.3463 0
0.182264 -0.396231 -3.08254 0
1.17729 -3.71319 -2.62903 0
0.112161 -3.99814 2.63221 0
0.24274 -4.68293 0.626465 0
2.22187 -4.37139 2.29211 0
1.22725 4.44112 1.70452 0
0.38571 5.0439 -0.877527 0
0.304008 5.77863 2.87264 0
0.630947 4.34561 -2.3535 0
1.08595 6.09794 -3.05354 0
1.39159 5.20671 0.0376306 0
0.139868 5.59876 -0.914429 0
2.80483 5.00589 0.352714 0
0.791967 4.29319 -0.169152 0
3.1078 4.04548 -0.546803 0
1.72676 3.97184 -1.20002 0
1.01963 4.80976 -0.649187 0
0.416952 3.38873 -1.95299 0
0.858673 3.66136 -2.82777 0
0.0648451 0.194901 0.305939 0
0.906693 0.816221 2.50313 0
0.450128 2.22239 0.203055 0
0.702991 3.32067 -0.233228 0
1.39348 -4.80895 0.606753 0
1.23914 -4.12152 0.866189 0
0.981711 -4.76665 0.111764 0
1.21504 -4.73823 -0.972449 0
1.75499 -3.40818 -1.26588 0
0.0725527 -5.48395 2.05794 0
0.290407 -2.2487 -1.68416 0
1.60779 -2.68254 -0.400698 0
4.49487 -2.37074 -0.809107 0
0.706291 -2.24541 -0.435873 0
0.793752 -3.66968 -0.950699 0
1.16737 -2.73941 1.5529 0
2.5953 -2.90356 2.38944 0
1.16179 -2.37328 -3.09732 0
0.32931 -2.88772 2.52089 0
0.727892 -2.01343 2.13984 0
3.72784 -2.25307 2.56194 0
2.90076 -2.05655 2.396 0
1.97004 -2.22338 2.50162 0
0.417325 4.77107 2.89947 0
0.297818 2.57386 -1.48179 0
1.01354 1.14822 2.31749 0
0.186814 -0.774913 -2.78691 0
1.31865 -0.964116 1.08053 0
0.807125 -0.39148 1.15258 0
0.656443 -0.399845 0.590495 0
6.87372 -0.280945 1.28277 0
8.99855 -0.0802586 1.50371 0
1.42292 -0.195502 1.99329 0
1.79551 0.0228199 1.20017 0
0.377271 -1.74385 0.0217391 0
2.49255 6.18027 2.64267 0
0.811001 4.77061 -1.91826 0
0.455404 4.64637 2.87798 0
0.264488 1.40846 -2.39041 0
0.532869 -1.34074 0.102611 0
0.407932 -2.78229 0.0797336 0
0.399459 -6.54559 -1.95065 0
0.534604 -5.49308 -3.13546 0
0.449479 -5.53235 -2.48877 0
1.03002 -4.42086 -2.50347 0
1.36588 -3.36067 -2.66828 0
0.542258 -3.14778 -2.57084 0
0.480224 -1.57929 -1.84493 0
0.413895 -1.57526 -1.86658 0
0.504657 -0.380245 1.2949 0
0.604526 1.54847 0.554526 0
0.883331 1.90062 1.42142 0
1.07009 2.10987 0.431592 0
1.51599 2.79872 0.0933397 0
1.13157 2.36103 0.205069 0
0.560584 2.06511 -0.337003 0
0.390554 -4.73242 -2.03464 0
0.0234445 -7.19271 2.08251 0
0.846731 -4.50268 -1.27272 0
0.651424 5.96466 2.23035 0
0.514046 5.16793 1.75435 0
0.883215 5.23788 -1.83763 0
0.380454 4.65057 2.73922 0
0.358746 2.29181 0.667964 0
0.257172 2.15643 1.89805 0
0.593716 -2.13049 -2.37635 0
0.682173 -3.935 1.55043 0
0.500323 -4.55039 -2.42193 0
1.14538 -6.08401 0.334477 0
0.227762 -5.38519 0.86604 0
0.501627 7.3224 -2.68881 0
0.380817 8.10302 2.00298 0
1.10803 0.205783 -0.565579 0
0.246207 -6.63811 -0.787418 0
0.614448 -5.55353 1.15774 0
0.746611 -3.91668 -2.1388 0
0.501148 -2.24568 2.14766 0
0.0604598 -4.97603 -0.251297 0
0.461235 -3.26453 -2.48794 0
0.64489 1.9351 2.61781 0
0.2286 2.63905 -1.8765 0
0.149358 3.20879 0.726065 0
1.11941 3.87197 2.56965 0
0.469251 2.66663 -2.9303 0
0.843449 3.53413 1.94427 0
0.536137 3.09426 0.0434054 0
1.33998 3.11145 0.0993263 0
0.355901 2.74164 -0.799316 0
0.642644 1.62868 1.45623 0
0.263835 1.87907 -0.672727 0
1.99522 1.5072 -1.87789 0
1.28419 2.01195 -1.90749 0
0.613002 2.00116 -1.90534 0
0.321581 -3.18659 1.80867 0
1.77694 -4.56438 1.97181 0
0.421467 -4.8758 2.62776 0
0.444196 6.05243 3.12327 0
0.567012 6.38845 1.95886 0
0.512456 5.21588 -2.54103 0
2.46971 5.0697 -0.108763 0
0.519025 4.29908 -0.1987 0
0.686466 4.02571 0.854313 0
0.35152 2.43788 2.48929 0
0.553152 3.04837 -2.07513 0
0.532538 2.84115 -1.98839 0
0.324087 1.88612 -2.34762 0
1.03777 2.90147 -2.75055 0
1.63588 -1.11074 0.943609 0
0.606048 -0.595439 1.89145 0
0.67975 0.126615 1.72706 0
1.47604 -0.184823 2.50978 0
0.824878 0.103857 1.93105 0
1.64734 0.745207 1.67907 0
1.13002 0.953645 1.57459 0
1.32883 0.948169 2.01595 0
5.68022 0.995992 1.72851 0
1.06809 1.06403 2.01593 0
0.239637 1.65889 0.00706253 0
1.11818 1.58076 1.745 0
0.546769 2.15647 2.19899 0
0.468707 -4.48614 0.23 0
0.368888 -3.17652 0.458727 0
0.952181 -4.33057 -1.07121 0
1.6208 -3.7939 -1.21135 0
0.33125 -3.50674 0.76388 0
0.674366 -2.18101 -0.149651 0
1.48567 -2.40123 -0.751198 0
0.574033 -2.5844 -1.80702 0
1.76655 -2.88402 -0.512121 0
0.619837 -2.49447 -0.922594 0
0.631407 -2.58425 0.883206 0
0.583544 -3.05206 2.32416 0
2.43822 -2.25463 2.40615 0
0.725619 -1.37292 2.3777 0
0.199393 -2.52733 2.72709 0
0.248261 1.67836 1.07922 0
0.355787 -3.51703 -0.82855 0
0.124135 -0.0694537 -0.134285 0
0.564228 -0.635225 2.0577 0
10.2723 -0.161971 1.4471 0
0.141155 -2.92958 0.197177 0
0.916637 -1.17372 0.0793708 0
0.865246 5.35587 2.83958 0
0.591376 1.04333 1.42064 0
0.211432 1.64529 -2.53375 0
0.933018 -2.56791 -0.865241 0
0.0974365 -3.62222 1.91824 0
0.741269 -2.61603 1.88808 0
0.249384 -6.50372 0.984124 0
0.520764 -5.74593 0.802077 0
0.117641 -7.2427 -0.503824 0
0.425178 -6.51786 -0.628665 0
0.300589 -6.08131 -2.56233 0
0.488657 -6.12666 -3.02059 0
0.294984 -5.02068 -1.75037 0
1.02669 -5.13968 -1.97661 0
0.464448 -4.9084 -2.78699 0
0.286108 -2.5311 -2.23506 0
0.349755 -1.72143 -1.99754 0
0.903639 -1.17039 -0.0247687 0
0.0137361 1.4834 -2.23342 0
0.353132 -0.87475 -0.109943 0
0.242535 1.15291 -0.174525 0
0.20793 1.74574 0.487987 0
0.985158 1.55835 -0.942452 0
1.19496 1.47926 -0.214626 0
1.37029 1.01237 -0.986171 0
0.40883 1.1203 -1.10251 0
1.97842 0.571645 -0.736231 0
1.68893 0.756897 -0.5963 0
0.482152 -4.8847 0.125635 0
0.785816 -4.96594 -1.49305 0
0.262419 -4.19511 3.10197 0
0.496626 6.09244 -2.2658 0
0.49417 0.712288 -0.755709 0
0.205638 -1.07864 -1.57581 0
0.32309 -1.46926 0.203665 0
0.134812 -1.08877 -0.763164 0
1.78512 0.39466 -0.72539 1.34326077954924e-10
2.29168 0.553422 -0.569337 2.71735081335792e-07
3.79856 0.466469 -0.587999 1.9615595669791e-07
0.208143 -2.37576 -3.04058 4.11666172208852e-08
0.148916 -3.64906 -2.76611 2.41668505312245e-08
0.769668 1.75613 2.37712 0
0.472171 1.59763 2.28488 0
0.38867 -0.417276 3.12936 9.89462087615686e-09
0.233859 -0.53915 -2.86529 2.16791153608025e-08
0.500462 -4.90294 2.60544 0
0.819768 -4.28909 2.32172 0
0.340599 3.1387 -2.00263 1.13391242744302e-07
0.664162 3.44575 -2.22355 7.75563221606404e-09
0.759333 1.42293 1.41986 3.74741620467704e-08
0.265762 1.8057 1.32282 3.3370571172221e-08
0.700525 -1.93232 -1.00564 0
0.0667684 -2.32492 -0.225939 0
0.522315 -2.76411 -0.980143 1.38494771515596
0.0237567 2.29156 2.46853 0
0.104007 -1.97535 -1.68121 0
0.365007 -2.24398 -2.58887 0
0.164453 -3.58746 -2.39099 0
0.643875 0.977384 1.74563 0.770040282708879
0.170867 0.249543 2.16793 4.27776472943395
0.152108 -2.13997 0.180041 2.35811830072433e-09
0.0971062 -2.96069 -0.506523 3.2213231467325e-10
0.128213 -6.323 -2.57843 0
0.0905824 -7.7418 1.04962 0
0.360074 -3.16836 1.93888 4.20470552119882e-05
0.00564347 -3.30337 1.88616 2.57875023077309e-06
0.215678 -0.13065 0.311029 0
0.501718 -0.304996 -0.238614 0
0.195575 1.11321 1.62038 0
0.299903 0.794873 -0.523615 0
0.331629 1.26852 0.208105 0
0.686006 1.49253 -0.476718 0
0.0267314 -2.91478 -0.634091 0
0.234548 -3.35222 2.93278 0
0.199563 -3.37456 2.41682 0
0.272667 -2.38286 3.13249 0
0.0418634 -4.31293 -2.32905 0
0.398763 -3.46942 -0.327609 0
1.01112 -0.758233 2.45987 12.6122016880335
0.274811 -0.305754 2.26408 57.7722306292073
1.01698 3.09423 0.661043 1.57528557785359
0.0657079 3.70455 0.149614 13.2597221064512
0.765066 -1.93864 2.37405 3.74090445817185
0.110111 -3.12859 1.83726 8.04647582876134
0.208641 -1.63867 2.23744 41.5661649752785
0.333149 -0.303209 1.66418 66.3693552618022
9.85621 0.412587 -0.675768 0.00879397962800854
11.6039 0.340784 -0.770396 0.00651957768833199
0.229537 1.07772 -0.819087 0.116688600062812
0.665065 1.12429 -0.655343 0.059261790754183
0.779763 0.369357 -0.434825 19.9422732607731
0.396114 0.996086 -0.0617416 26.9644020887875
