1.12792 -7.73937 2.27527 0
0.877433 -3.18488 1.80105 0
0.967137 -6.42414 -1.78184 0
0.274874 -5.6336 -1.43609 0
0.351195 -5.97925 0.556983 0
0.279985 5.71231 1.48561 0
0.1211 -7.70965 -2.46667 0
0.889054 -5.41141 1.27297 0
0.489205 -5.9818 1.48903 0
0.458021 -2.21013 -0.156505 0
0.198769 -2.27987 1.94919 0
1.19067 -2.15022 0.0708931 0
0.451924 -3.29974 0.262128 0
0.592303 -2.94674 -1.65973 0
0.676827 4.82999 -2.0989 0
0.800882 3.83031 -2.2452 0
0.615376 4.81835 -2.67668 0
0.324912 3.93532 0.391481 0
0.445985 -0.688464 -2.77429 0
0.836996 0.572727 -1.07587 0
0.746018 1.74833 -1.03043 0
0.167729 0.458625 2.78535 0
0.216382 2.33357 -2.7286 0
0.258291 1.78748 3.03229 0
0.532903 -0.545674 1.14025 0
0.888781 0.415389 2.0339 0
0.327934 -3.89302 0.542863 0
0.436259 -5.65325 -2.45581 0
0.325175 -4.31371 0.173658 0
1.31862 -0.668361 -2.44741 0
1.72965 -0.546978 -1.35337 0
0.425603 1.67446 1.78094 0
1.68647 2.53049 -3.03546 0
1.561 3.44723 2.0865 0
0.835603 4.08994 1.12034 0
0.483128 5.64285 -2.44317 0
0.557496 5.81558 1.71143 0
0.475362 7.14032 -1.47554 0
1.25581 5.91619 2.89959 0
1.36048 5.5818 1.15511 0
0.396288 4.95644 1.60213 0
0.838111 -0.503822 -0.579068 0
1.92366 -6.78228 0.33778 0
0.541413 -5.13813 -2.84205 0
0.833913 -4.09966 3.04432 0
0.313771 -2.12603 0.990779 0
0.186939 4.38763 -0.556905 0
0.281464 4.22871 1.09738 0
0.266139 4.51646 -0.184257 0
0.253699 2.24957 1.81096 0
0.266959 -3.06329 0.829118 0
0.565277 -7.71779 2.38298 0
0.292169 -8.88201 2.09198 0
0.138824 -6.99232 -2.64295 0
0.229245 -5.62059 -2.25063 0
0.295038 -2.41575 2.77972 0
0.394114 -2.1232 -0.570708 0
1.40197 -2.18036 -3.04357 0
0.171204 -4.33476 2.11378 0
0.782035 -4.36549 -2.12254 0
0.100701 -1.40087 0.683049 0
0.567927 -1.40578 -0.0775396 0
0.56623 -2.22427 2.42146 0
1.52567 -1.73302 0.522158 0
0.489117 -1.73133 1.23529 0
0.286026 -4.15629 2.92156 0
0.673924 -3.34838 1.7871 0
0.536347 -2.21848 2.86394 0
0.453198 -2.12929 2.86605 0
0.989626 -2.62276 -2.14077 0
1.67051 4.83669 -0.709853 0
0.310914 4.22852 -0.338974 0
0.619279 3.70695 -0.815844 0
0.120053 5.97254 -0.99361 0
0.604054 4.87231 -1.79773 0
0.683812 8.2642 -1.44073 0
0.613604 -3.0105 2.57235 0
0.335599 1.89659 -0.603238 0
0.0848762 -0.481008 0.401594 0
1.52673 1.46944 -1.50907 0
0.316777 0.867653 -1.56374 0
0.161121 2.40843 0.0883396 0
1.26215 1.37509 -1.38037 0
0.504919 1.47314 0.714355 0
0.6076 2.95965 0.647829 0
0.725825 1.99251 1.02844 0
1.86187 -0.122189 2.01802 0
0.358704 -4.82453 2.21818 0
0.363913 -5.63521 0.510124 0
0.279584 -3.24957 2.16752 0
0.144903 -3.36569 -1.12378 0
0.196907 -2.73457 -3.13011 0
0.349048 -1.89494 -0.185855 0
0.364632 -4.60605 3.0634 0
0.570377 -3.91832 -0.946773 0
0.183234 0.885899 -2.5902 0
0.385034 2.20184 2.05735 0
0.203769 2.59451 -1.4629 0
1.0485 1.86235 -2.78723 0
0.635201 2.78176 1.89751 0
0.118996 2.06446 -2.93088 0
0.327733 0.921843 1.44622 0
0.573365 4.3743 1.34864 0
1.50481 4.29288 1.53181 0
0.450463 4.09378 0.565355 0
0.462432 4.42524 -0.856034 0
0.470117 6.73194 2.08486 0
0.598175 5.51284 2.86018 0
0.654235 -0.649871 -0.880269 0
0.653083 -3.56471 0.372948 0
0.313972 -3.44203 -2.9393 0
0.0339286 -4.50286 1.68163 0
0.38835 7.6109 -1.19144 0
0.722077 1.21685 -1.8272 0
0.497375 1.37464 0.646009 0
0.350337 0.784312 1.60433 0
0.17184 -0.5238 -1.05728 0
0.0660916 -1.98149 -0.201861 0
0.266731 -1.36058 2.01243 0
0.177455 -0.453224 -0.867011 0
0.303739 4.35555 -0.381661 0
0.266875 4.83659 -1.68891 0
0.158724 2.7414 -1.08125 26.7255912012421
0.346754 -2.3627 1.79345 0
0.552174 -1.69893 1.46708 0
0.275146 -3.80663 2.15629 0
0.168419 -3.3517 2.97496 0
0.152087 -4.1906 -2.734 0
0.206054 -2.71333 2.48035 0
0.170588 -2.54297 -1.28212 0
0.23541 -2.96562 1.93097 0
0.438885 -2.46297 -1.08383 0.0293966152023333
0.0512841 -2.91951 -1.66943 13.4530123894742
0.12079 4.81666 -2.89857 0
0.343665 3.96167 -0.848523 0
0.238484 1.75011 -0.823959 0
0.129633 1.3689 -2.12447 0
0.970133 2.08708 -1.7936 0
0.692598 1.78874 -1.66837 0
0.172119 1.07245 -0.460894 11.7845744791502
0.501919 1.17847 1.74219 1.70686482852123
0.284327 1.50834 1.60426 0
0.0343151 4.06985 2.80001 0
0.296846 3.49691 1.38533 0
0.551351 2.6624 1.23287 0
0.125514 5.6178 1.73423 1.67973529005111e-06
0.286656 5.37366 1.70656 1.42991573949814e-06
0.44999 5.72388 1.85085 0
0.273936 4.91841 2.12917 0
0.115834 5.37933 -2.86208 0
0.0738114 4.60196 0.665194 0
0.0595316 0.948242 0.494704 0
0.148266 0.098633 -1.28296 0
0.0806309 1.3755 -0.0748251 0
0.184061 -0.932168 3.07073 0
1.38451 -3.16782 -0.654704 1.09526431562781
0.227874 -2.71202 -0.652995 10.4045198194756
1.22268 3.71459 1.49564 0.566746158869194
0.341856 3.83189 1.53036 1.78815772316689
0.205376 5.66277 1.88671 8.62364452374718e-06
0.0122263 5.61065 1.87587 1.61498658930029e-05
0.142432 0.662635 0.320787 6.60050712774814e-08
0.209077 0.342154 0.194111 6.69359976815205e-08
