0.430138 2.96792 -2.2096 0
1.81416 -7.17853 -2.75961 0
0.169699 -7.44293 2.44805 0
0.705818 1.56797 -0.816541 0
0.734553 2.61352 -1.92432 0
1.90436 2.88197 -2.04877 0
0.77448 1.51995 -1.23882 0
0.393148 2.34441 0.163519 0
0.49113 3.76205 -1.05679 0
1.0895 3.10417 0.573099 0
1.02235 3.35681 0.615142 0
0.102197 3.75365 2.6845 0
0.334558 3.19922 -1.61783 0
0.72378 3.05134 -0.862025 0
0.927191 3.69297 -1.01942 0
0.502827 -0.482262 2.73745 0
0.137239 1.6638 -0.946123 0
0.991881 1.97508 2.56055 0
0.772879 1.42719 2.59115 0
0.272114 2.02033 2.98633 0
0.130259 0.705206 2.97504 0
0.198314 2.66133 -1.98386 0
0.756461 0.260017 -3.02456 0
1.1129 -0.234646 -0.954936 0
1.36668 -0.628254 -1.85338 0
2.35519 1.88509 0.220414 0
1.46928 -0.68493 1.90052 0
0.10302 -4.34718 2.74479 0
0.152587 -2.27688 2.3276 0
0.582916 -1.6874 1.81176 0
0.228841 -2.71929 0.995081 0
1.11998 0.536027 1.22468 0
1.18067 1.69179 -2.80397 0
0.654347 1.78648 -2.93802 0
0.406402 -0.679022 1.82799 0
0.524934 -0.0677673 -2.84913 0
0.7774 -0.0421263 1.52369 0
0.473643 1.21638 -0.432942 0
1.68462 -0.367749 -0.847814 0
0.238363 0.674423 -1.70505 0
0.51399 0.255592 -0.713012 0
1.73898 -0.509564 -1.16547 0
2.42433 -0.701436 -0.160281 0
3.25271 -0.32175 -0.150912 0
1.27321 0.592188 0.457948 0
0.547781 -0.262851 0.609009 0
0.48643 2.16878 -2.25128 0
0.196165 5.65354 -0.809342 0
2.52394 2.23589 -2.9149 0
0.578778 1.44019 -2.91254 0
0.0991433 3.60966 0.323503 0
0.306513 0.928893 -0.561383 0
0.186946 -4.62336 -0.452451 0
0.174295 -5.40386 0.836724 0
0.664808 -4.00897 0.933968 0
0.210872 -3.32654 2.633 0
0.360418 -6.39491 1.33809 0
0.325914 -4.96535 1.63247 0
0.627544 -5.45486 -0.94716 0
0.234844 -4.09005 -0.85249 0
0.156604 -5.66084 2.83014 0
0.395269 -4.59038 3.04976 0
0.151085 -1.407 2.32804 0
0.339662 -2.93462 -2.29111 0
0.267772 -1.64985 2.98269 0
0.54756 -1.05219 0.649526 0
1.08789 -1.91271 0.583651 0
1.40512 -1.26321 -1.83975 0
0.456582 -1.72086 -3.07849 0
0.438844 -0.090294 -2.40646 0
0.289881 -0.653939 0.551967 0
0.226424 -0.712136 2.69077 0
0.66409 -1.21635 0.814441 0
0.956432 0.928615 1.43454 0
0.145275 1.25639 -1.41353 0
0.319427 2.06561 1.13704 0
0.413241 4.01806 1.39169 0
0.413067 4.36981 -1.00596 0
1.12154 5.421 3.07262 0
0.447294 6.59484 -0.237309 0
1.20643 6.47042 1.99044 0
1.03868 6.03068 -0.108534 0
0.297798 2.98869 2.35665 0
0.430344 3.93361 -0.372068 0
0.37852 2.80492 1.4421 0
2.03005 2.8751 1.68059 0
0.186901 2.53555 -0.497728 0
1.17511 3.15664 2.30051 0
0.710781 1.01173 -2.34552 0
1.26269 0.154486 2.85344 0
2.08476 -0.397047 2.97443 0
1.82912 -0.11794 2.92264 0
0.615645 -0.207313 -2.89356 0
1.49946 -0.171536 -3.11556 0
0.265143 3.47689 2.23046 0
0.684654 1.92559 2.01321 0
0.985823 0.778625 1.72381 0
0.782614 1.20224 1.27495 0
0.241907 1.29295 -0.668177 0
0.386909 -2.0572 3.04256 0
0.585469 -4.86226 -0.340225 0
0.213108 -4.85939 2.33919 0
0.245377 -5.73029 -0.505412 0
1.1217 -6.48078 1.72194 0
0.835284 -3.86185 -2.35746 0
0.317358 -1.85024 -0.215836 0
0.86215 -2.96737 0.48961 0
0.625467 -2.79162 -0.28261 0
0.328179 -3.3116 1.21576 0
0.360426 -3.52204 -1.21712 0
0.770803 -0.136174 -2.54775 0
1.44465 0.266953 -2.30598 0
0.0705604 2.89756 1.62781 0
0.663946 0.378145 -1.73903 0
0.726572 0.986369 -2.2747 0
0.394906 1.05834 -0.668895 0
0.157561 6.09988 2.61043 0
0.465084 6.49985 -0.423652 0
0.603536 -1.83623 0.181697 0
0.145559 -1.10943 -2.29527 0
0.450997 -1.54258 1.53857 0
0.146768 -1.52287 -2.40319 0
0.268669 -3.00346 0.432301 0
0.391916 -7.42433 -1.03675 0
0.564863 -3.49066 -0.636212 0
0.9236 -3.20238 3.1065 0
0.330665 -3.38616 -0.685293 0
0.726044 3.74234 -2.87445 0
0.654394 4.29884 -2.39623 0
0.157713 7.01344 -2.2996 0
1.14118 6.28646 1.78291 0
0.392962 5.70813 1.42596 0
1.15855 0.936584 -1.15382 0
0.498966 0.909587 -1.18723 0
1.17758 3.36206 0.953215 0
0.485917 3.6768 0.660571 0
1.10215 0.337621 2.63576 0
1.23067 -0.00575243 2.70998 0
0.33831 1.25683 2.78916 0
1.58926 2.33643 3.09246 0
1.26785 -1.21738 -1.13721 0
0.742374 -1.68499 -1.17759 0
0.932083 -1.23206 0.0964839 0
1.39322 -1.38287 -0.605569 0
0.28648 0.69704 1.92529 0
0.799307 1.15335 0.0975973 0
0.467065 1.76527 1.04065 0
0.697926 -0.325341 1.11102 0
0.480404 0.0249325 1.46495 0
1.12969 0.0392456 1.53615 0
0.21626 -1.23907 0.071494 0
0.519776 -1.43311 2.4158 0
0.366127 -0.0106645 0.655954 0
0.296411 -1.01615 1.77151 0
0.248945 -0.0582592 -0.0414864 0
0.130645 -1.66564 -0.498795 0
2.13593 0.254219 -1.3354 0
1.13036 0.67563 -1.02913 0
0.22361 -0.628358 -1.47333 0
1.40423 -0.642109 -0.338976 0
0.461522 1.36383 -2.57071 0
0.926658 -5.1955 1.05405 0
0.675745 -4.0957 1.40006 0
0.152646 -1.58289 -2.77277 0
0.654675 -0.5872 -0.346192 0
0.498764 1.22505 -2.11826 0
0.170036 0.517502 -1.81196 0
0.488928 0.442428 1.85206 0
0.600632 1.65916 -2.5336 0
0.314961 -2.79436 0.522322 0
1.10112 -2.86419 0.863441 0
0.181308 -5.23647 1.13563 0
0.317966 -3.72125 0.587117 0
1.0868 -5.31357 0.352489 0
0.155932 -4.91789 0.699251 0
0.324414 -4.01596 2.7988 0
0.176249 -4.42733 2.4801 0
0.520254 -3.82167 1.43738 0
0.584437 -1.39972 0.891295 0
0.725851 -1.17087 -0.114365 0
0.185304 0.175661 -1.5509 0
0.426107 -1.15233 2.13431 0
0.829889 -1.48438 -1.06838 0
1.08939 1.46932 -1.2196 0
0.14066 2.48439 0.341841 0
0.148922 4.17454 2.98506 0
0.548642 4.34805 1.21654 0
0.235658 4.16097 -1.45358 0
0.482568 6.70708 -0.64669 0
0.304543 5.02777 2.63677 0
0.782101 5.22548 2.58873 0
1.09323 3.5034 1.80821 0
0.313848 3.14983 0.894129 0
0.231175 3.86036 1.76823 0
0.0446971 0.999684 1.01796 0
0.590664 0.805925 2.7052 0
1.82694 -0.366512 2.74637 0
1.34339 -0.0400107 3.01427 0
6.7355 -0.081694 2.89587 0
2.07611 -0.319382 3.10416 0
0.888764 -0.429176 2.82376 0
0.622048 -0.714952 2.84967 0
0.179142 1.16503 -3.04477 0
1.14376 -0.440466 -2.83843 0
0.40671 -0.755523 2.22625 0
2.10553 1.12467 2.05743 0
0.360097 1.84105 0.794473 0
1.05022 1.48504 1.72387 0
1.93496 1.77695 1.70547 0
0.161181 1.37216 1.18146 0
1.0816 1.16076 1.39514 0
0.309867 -5.2713 2.9158 0
0.490832 -4.56681 1.45287 0
0.907909 -5.66918 -2.68418 0
0.099642 -7.43826 1.63032 0
0.60132 0.589684 -2.46699 0
0.175899 -0.0291347 1.3517 0
0.890222 0.0118379 -2.47241 0
0.421763 3.30081 0.592836 0
0.59137 6.89291 -0.226024 0
1.28912 -0.673561 0.696286 0
0.213943 -2.38586 -0.682345 0
0.276942 -1.50097 0.368054 0
0.134983 -8.37347 -1.61636 0
0.461256 -7.75971 -2.66441 0
0.543228 -6.08792 0.720189 0
0.464464 3.68319 -2.99218 0
3.63499 4.47767 -1.55708 0
0.346829 4.1914 -1.55663 0
0.425832 7.1301 1.60284 0
0.141463 7.80391 -1.69868 0
0.290596 4.74552 1.33136 0
1.85331 4.64518 1.82312 0
0.859042 4.6624 0.94539 0
0.865156 2.20727 2.14941 0
0.496167 2.39208 -0.446443 0
0.0574292 4.07014 -2.31608 0
0.505399 1.8601 0.240287 0
0.25936 2.19834 -2.77196 0
0.206631 -3.65954 -1.5665 0
0.446193 -1.74054 -0.549258 0
0.199502 -2.55767 -2.04211 0
0.751805 3.15924 0.886679 2.9424414116401e-08
0.201218 3.48866 0.880113 1.60964036527562e-08
0.436158 3.35269 -1.13089 0
0.41195 3.22717 -1.41507 0
0.255723 -0.250899 0.856542 1.95333556782443
0.48802 -3.62036 -2.74212 0
0.0594296 -5.30577 -1.43769 0
0.566764 -0.656822 1.59907 13.141360059803
0.0754878 -1.04354 0.148584 75.8338746914819
2.33844 2.66221 -2.69696 0.216856702123567
0.244191 0.188526 1.78738 0
0.125862 -1.28246 -0.119094 0
0.607485 -1.77236 2.15701 0
0.470476 -1.52382 2.6675 0
0.322944 -0.535618 -0.136736 0
0.544498 -0.558112 -0.436723 0
0.529992 -0.151156 0.163712 0
0.318602 -1.25895 -0.220231 0
0.219662 -2.26982 -1.32058 0
0.267819 -2.57491 -0.553803 0
0.772888 4.3686 3.02739 0
0.236662 3.60004 -2.76516 0
0.619344 -3.50012 2.13893 0
0.134658 -3.81873 -2.69935 0
0.724434 -0.879732 -2.24123 0
0.263634 -1.26516 -2.70171 0
0.0775275 -3.03918 2.95999 0
0.24064 -0.660355 1.46784 0
0.174756 3.48413 -2.04838 0
0.24121 4.89459 -2.7564 0
0.169035 3.71464 2.33965 0
0.128968 4.8817 1.40308 0
0.369745 2.57654 2.06154 6.56158030916115
0.225561 1.78841 2.74845 2.05531076668067
0.331936 1.94222 -1.72691 0
0.209266 1.92599 -1.09486 0
0.125229 -4.31288 -0.113266 0
0.0933549 -5.85932 -1.48606 0
0.124051 -2.62295 0.132859 0
0.450151 -1.04289 -0.04077 0
0.285838 2.55062 -2.37719 0
0.143558 3.5096 -1.64159 0
0.277875 4.05263 2.57116 0
0.203947 4.7108 0.460642 0
0.366083 5.66399 -1.0804 0
0.371588 5.42638 0.605798 0
0.482124 5.73667 2.88429 2.25355798276751e-08
0.163577 5.34519 2.4068 8.93676373937441e-08
0.0208398 1.66515 -3.00814 4.06915227584475e-06
0.416529 1.68843 -2.99856 5.53658157735613e-06
0.939905 1.00093 -0.31979 38.5114558430487
1.11779 1.07175 0.0771966 30.6959323616491
0.0756668 -2.37996 0.392689 1.18686242997499e-05
0.00109186 -1.59976 -0.48818 6.03443938639479e-05
0.705637 -3.81981 1.43598 0.0875200567318341
0.355527 -4.36087 0.813756 0.101440413967371
0.433172 1.12069 0.984192 89.4934673436053
0.16089 2.19722 -0.152977 89.9129140819911
0.483123 -1.44679 -1.16822 10.3666311799601
0.0789569 -3.27188 -0.878561 10.8058812295894
0.182086 -0.238228 2.99101 33.4413439229078
0.830361 0.253956 -2.5158 7.29479800180682
5.01088 1.53499 -0.670038 0.394609504899305
0.152929 1.21845 -3.07929 0
0.383669 -1.12311 -1.91552 0
1.51968 0.307647 0.890342 25.1838738926642
0.142018 0.911321 0.897094 197.700300543063
0.901818 0.031012 1.30473 0.501541053664222
0.305124 0.258671 1.22332 1.43874611168084
0.434146 2.3996 0.115917 0
0.167615 2.25231 1.33454 0
0.0895856 2.02662 -1.61884 69.5888135097547
0.512613 1.38492 2.74212 22.0548417463512
0.212787 1.70747 -1.8609 2.41258890913357
1.53271 2.09839 -0.321521 0.180398827673259
1.49209 1.81843 -0.123595 0.254113251151962
1.48332 1.9594 -0.371525 0.0576945007983465
0.239425 2.4403 -0.448712 0.418694297558744
