1.12809 6.48261 0.136307 0
0.714716 8.03087 -0.271823 0
1.30135 2.09142 -3.06251 0
0.274767 -0.217226 2.43584 0
0.905029 -3.47891 -2.50706 0
0.230071 -2.98798 2.06681 0
0.584027 -2.93589 -2.88533 0
0.658626 -2.63979 2.15603 0
0.624514 -6.7955 -0.697543 0
0.780489 -7.44551 1.66279 0
0.0866623 -7.65658 -0.142606 0
0.69827 -7.33238 -1.85211 0
0.460735 -2.28524 -1.04147 0
0.410529 0.163586 0.331362 0
0.37594 2.8994 1.54804 0
0.251092 1.94748 -1.69216 0
0.161619 3.14048 -2.42656 0
0.5175 7.93058 -0.206078 0
0.180389 1.62416 -0.84619 0
0.262943 -1.30181 0.101509 0
0.142451 1.42418 -2.01671 0
0.282302 -1.4899 1.55209 0
0.530983 -3.60372 0.604266 0
0.712186 -3.84212 1.19407 0
0.128168 -6.81602 0.524002 0
0.400645 -4.68361 1.61358 0
0.209637 -7.12553 -1.39904 0
0.14818 -6.35277 -1.04218 0
0.269737 -9.54451 2.7617 0
1.33453 -6.67581 -1.63362 0
1.22973 -5.56737 -1.45508 0
0.509159 -5.14544 0.889258 0
0.193506 -4.59134 1.29651 0
0.216237 -2.02746 -2.11026 0
0.336119 -2.97214 -1.50953 0
0.238347 -0.964003 3.03619 0
0.454958 0.544587 -1.59235 0
0.370793 1.17861 0.902146 0
0.325396 0.387708 -3.10826 0
0.652018 0.233314 0.698762 0
0.0134248 4.75571 -0.487195 0
0.284722 2.04972 -2.16681 0
0.337365 2.26133 0.396028 0
0.1368 2.50502 2.96316 0
0.412013 5.43979 -0.535678 0
0.940098 4.70279 2.49705 0
0.174617 7.71875 2.66125 0
0.34107 7.02372 0.563619 0
0.235274 -1.69748 2.79561 0
0.0553226 -4.27009 0.351007 0
0.188817 -7.75066 -1.80811 0
0.0684619 -8.16216 1.72046 0
0.151849 -4.00551 -2.06611 0
0.370616 -3.17795 1.71362 0
0.226817 -0.815498 -1.63153 0
0.0692056 -2.46676 0.69869 0
0.167468 7.23689 -0.140581 0
0.239194 7.61144 2.96693 0
0.020423 -8.12707 0.789215 3.82553034778043e-05
0.0136013 -8.1099 0.816946 3.7547575417147e-05
0.0886239 -6.03877 -2.26152 1.09445027734779e-05
0.00932611 -7.08556 2.38507 1.92967985089112e-05
0.693893 2.11809 -0.450125 1.49244307555063
0.0705602 1.66268 -0.468226 15.5118210026091
0.00814648 4.15422 -0.690247 2.65506515842844
0.104512 -0.0697962 1.78559 6.58570370033151
