0.409722 -2.66495 -1.05492 0
0.719097 -2.47768 1.55656 0
0.161743 -3.25636 2.79819 0
0.0822902 7.31324 1.42417 0
0.652894 8.39361 -1.71598 0
1.16937 -3.60034 2.08938 0
0.54211 -1.8844 0.697378 0
1.18822 -2.45446 1.9365 0
0.253375 1.11408 2.75313 0
0.354424 0.591719 -2.90139 0
1.96457 -0.0677126 -2.73543 0
0.544805 -5.18679 -1.6634 0
1.30057 -2.0819 -0.68735 0
1.27894 -3.15127 -0.173117 0
0.645758 -3.36207 -0.333691 0
0.180402 -4.96218 -1.38482 0
1.46525 2.19125 0.416967 0
0.410795 1.28014 1.06582 0
1.48448 2.09612 -0.675335 0
0.953518 2.46878 0.30238 0
1.42188 2.79472 0.936587 0
0.960768 2.51254 1.11679 0
0.743065 0.550501 -1.28737 0
0.872668 2.02309 -2.14614 0
1.20561 3.33523 -1.69618 0
1.63871 -1.32697 2.02705 0
0.323415 -1.56477 2.06656 0
0.462688 -1.53278 2.71096 0
1.85149 0.133055 0.437646 0
3.13844 1.34301 0.350057 0
0.697669 -6.25519 -0.67455 0
1.255 -6.08211 -1.00278 0
0.429531 -5.23405 1.53001 0
0.806771 -2.29901 0.365331 0
1.31757 4.30951 -0.873066 0
0.628432 5.86533 -0.0235261 0
1.57595 5.39952 1.08927 0
0.395848 5.79066 -2.92432 0
0.357713 4.93985 0.468033 0
0.334635 5.50712 0.785932 0
0.926798 5.79271 0.436644 0
0.879702 5.27427 0.722527 0
0.765656 6.34827 -2.89424 0
0.430991 2.04561 -2.51289 0
1.43314 2.10921 -1.96392 0
1.56589 0.883097 -2.43595 0
1.89761 0.639347 -2.57672 0
0.14096 4.71433 -2.53497 0
0.1807 6.75201 2.03826 0
0.86271 4.01011 0.62243 0
0.124326 4.47146 -2.95686 0
1.24433 1.71544 -0.232204 0
0.308271 -1.96329 -1.35812 0
0.299811 -2.22635 -1.55721 0
1.56594 -3.93667 -0.982763 0
0.495089 -2.1233 -1.34929 0
0.749606 -2.29927 2.54795 0
0.648187 -1.23641 -2.71815 0
0.942881 -1.32927 2.24247 0
0.137755 -0.0742942 -2.74304 0
0.484653 0.0580336 0.724945 0
0.642996 0.587298 0.569897 0
0.111239 -0.132449 0.960422 0
0.467699 -4.3411 -0.433528 0
0.444981 -0.184921 -2.66715 0
0.573566 3.24571 -1.31382 0
0.630553 -7.53685 -1.77963 0
0.839464 -1.5278 1.30595 0
0.912609 -1.39168 2.67106 0
0.208949 -3.11089 1.8611 0
0.631848 -3.24662 -2.0493 0
0.238695 -3.18721 -0.279285 0
0.499707 -3.80269 -1.87342 0
0.226969 -5.97115 -0.430171 0
0.320754 -6.61119 -2.80617 0
0.156271 -7.99943 2.39728 0
2.03925 0.923573 1.83506 0
0.701012 1.57422 2.49997 0
0.540351 1.31865 0.737139 0
0.245876 0.547948 -1.0701 0
1.48484 1.90534 -1.26551 0
0.426309 2.24653 -0.351453 0
2.54721 2.99036 -1.45974 0
0.628345 3.62106 -1.03127 0
0.287064 -5.6683 -1.87295 0
0.385255 -7.21966 -0.244045 0
0.397599 0.430647 2.75965 0
0.121777 1.07616 -2.64512 0
0.128922 -5.98468 1.68718 0
0.260631 -4.57476 2.33655 0
0.825144 -1.74132 -0.615004 0
0.692919 -3.19785 -0.955259 0
1.71724 1.84795 -0.584403 0
1.69307 2.16986 -0.449653 0
0.329925 2.70355 -0.263094 0
0.495221 2.14305 1.12283 0
1.53202 2.46917 -2.00678 0
0.456188 3.18151 -2.45522 0
0.0437947 -3.47045 1.846 0
1.62437 -0.588242 1.30104 0
0.388917 -0.720986 1.29619 0
1.28178 -0.509535 0.0257253 0
0.18771 -0.680178 -0.896744 0
0.382622 1.89525 -0.251254 0
0.818112 0.655564 0.579481 0
1.63562 -2.72435 2.60977 0
0.0421159 -4.44336 -1.14362 0
2.28137 4.15437 -1.29817 0
0.412004 4.33885 -0.80726 0
0.487868 5.01414 -1.82728 0
0.346773 7.66986 1.85682 0
0.199798 7.25255 -1.47988 0
1.14372 5.52025 -2.80283 0
0.663434 4.06599 2.33399 0
0.145017 4.48823 -1.68478 0
0.807349 3.98104 -2.76118 0
0.161246 4.39513 -1.92679 0
0.596092 2.93689 2.86246 0
0.550699 3.55057 2.1488 0
1.60766 1.65136 -1.92049 0
0.792405 0.576805 -2.65776 0
0.325917 6.48135 1.87754 0
0.148346 4.30383 -0.826899 0
0.482235 -2.25803 1.50314 0
0.341644 -4.40153 0.542863 0
0.250039 -1.9379 -2.29966 0
0.946008 -1.67759 2.89239 0
1.61064 -1.14851 2.79523 0
0.388302 -0.442525 -0.0383905 0
0.670907 -0.880396 1.60629 0
0.843004 -0.947261 0.825668 0
0.330655 -0.194909 2.60736 0
0.386286 -5.00626 -1.30502 0
0.35583 -4.14541 0.961651 0
0.418322 -0.833465 -1.5845 0
0.234973 -0.544403 1.30651 0
0.550005 2.87349 2.52949 0
0.152603 2.2565 -1.27106 0
0.467554 3.7789 -2.93077 0
0.281289 2.71754 0.394175 0
0.760438 4.7569 2.13443 0
0.91142 5.00377 1.53618 0
1.54447 5.24559 1.99338 0
0.203786 -0.881892 -0.438107 0
0.619698 -1.39731 3.04199 0
0.463824 -2.786 2.88547 0
0.302087 -3.71736 -0.832031 0
0.267546 -3.89989 -3.0138 0
1.34575 -4.03215 -1.0179 0
0.523845 -3.07775 -0.769246 0
0.590928 -4.79061 -0.311018 0
0.217085 -4.40596 -2.85457 0
0.0829251 -5.1909 -2.09348 0
1.65241 -6.35767 -2.19873 0
0.243351 -6.13302 2.33269 0
0.173821 0.416368 -1.54316 0
0.184985 1.74907 -1.10766 0
0.306201 2.22712 -1.52291 0
0.145722 -0.0992836 -2.73845 0
0.123067 -0.998003 2.96437 0
0.272405 -3.94079 -0.880097 0
0.0672424 -4.08396 0.191061 0
0.210128 -6.46501 -1.3533 0
0.295828 7.79567 0.985234 0
0.185557 8.20376 -2.03016 0
0.33577 1.31876 2.72663 0
0.454105 1.23461 1.67598 0
0.857354 -5.33219 2.60658 6.20413032219451e-07
1.11093 -5.60277 2.59805 2.17863113477731e-07
0.829848 2.84169 1.23633 0
0.347268 3.31007 0.962933 0
0.146231 2.41538 1.95789 0
0.293529 1.02234 -0.293965 0
0.121682 -5.13426 -2.84368 0
0.303835 -4.55358 0.96283 0
0.231294 4.32194 -1.28814 0
0.133681 5.69218 -1.1902 0
0.298569 0.149217 1.87215 8.44417764740547
0.182629 -0.0338195 1.82137 13.6535904580567
0.212882 -4.07969 0.667307 0
0.102277 -4.00859 -2.29906 0
0.214327 1.47106 2.59971 0
0.471273 0.248331 2.75823 0
0.112649 -0.600037 3.01138 5.97410128922978
0.21315 -3.55353 -1.60564 5.65381157328661e-08
0.163967 -3.61389 -2.88865 7.54332927499341e-08
0.327158 -4.99134 -1.20159 0
0.679236 -4.5929 -1.21004 0
0.503065 -5.9607 -2.97316 0
0.222398 -6.99623 -2.84114 0
0.125122 1.59235 -2.32409 0
0.111757 2.86269 -1.13428 0
0.781988 -1.75712 -2.51168 13.3034227038562
0.185414 -2.06405 -1.53412 41.8853793022483
0.0751419 -5.50772 -2.72178 1.58977398858049
0.572009 -5.15288 -1.03924 0.297382403859243
0.562875 2.03672 -0.913386 3.6948194275577
0.166923 1.18037 -1.22134 27.4142926212177
0.527036 2.74119 -0.902991 5.31790412644735
0.191054 1.87843 -1.07612 34.1549292861346
0.482537 -0.565243 1.15048 4.91794136006973
0.372947 -0.185461 0.234762 7.26647641188252
0.338577 -1.3554 2.33202 32.6299749877034
0.327193 -0.872504 -2.75701 49.8206424275378
0.610646 -0.0172266 0.536775 3.21308222096018
0.129569 0.149681 1.90644 14.9454520847122
1.15936 -3.55291 2.48811 0.147678403138255
0.203813 -4.43848 0.698877 0.0254330032419776
0.118472 5.65218 -1.76713 0
0.090474 7.41617 2.77284 0
1.17971 0.739021 2.75528 8.92241376912473
0.328718 0.429392 2.99618 37.6361166040561
