0.340891 7.45044 -2.52333 0
0.944354 5.07726 -0.668315 0
5.39653 -4.29737 0.536152 9.15858494375621e-15
1.2662 0.526693 1.66004 0
0.867996 -1.62233 1.84396 0
0.849558 -2.49957 -1.33439 0
0.838267 6.31126 0.211649 0
0.240041 3.30704 -0.368338 0
0.256343 3.36247 -1.14864 0
0.21176 3.61911 -0.339227 0
0.592232 2.40195 -0.0414674 0
1.04572 3.71809 0.903887 0
0.105685 3.86834 1.60443 0
0.521146 4.19638 0.669047 0
0.356529 1.9455 -2.00912 0
0.0688241 -5.42801 -2.20849 0
1.30522 -3.35786 -1.92044 0
0.586033 -3.94785 0.555408 0
0.469128 -4.35264 -0.010528 0
0.2517 -4.05069 -2.45897 0
0.536107 1.73747 -2.79013 0
0.337621 -0.757735 1.14971 0
1.28109 -0.398113 1.40772 0
24.8276 -3.69212 2.38051 0
3.05085 -3.58398 2.3495 0
3.08771 -3.60604 2.45035 0
0.258521 -2.23192 2.5644 0
0.242822 -2.81401 2.7465 0
3.09932 -4.15593 -0.129664 1.15531370480358e-14
0.911872 -4.03208 0.367207 4.13685357951968e-15
0.539655 -4.24579 -0.00300915 8.3786447208822e-15
0.284502 -4.03369 1.49759 3.65168208443816e-14
3.76143 -1.69717 1.00081 3.06582710033394e-13
0.829496 -1.39376 -1.9868 0
0.112482 -3.30273 0.771257 0
0.220648 -5.30202 -1.41281 0
0.179576 -2.04348 -1.88824 0
0.304687 -1.95357 1.54801 0
1.32653 -0.771341 2.51595 0
0.931311 -0.293052 -0.170509 0
1.27224 0.0214786 2.59251 0
0.562183 -3.22849 1.04651 0
0.335244 -2.26678 -0.386018 0
0.3691 -2.22088 2.22861 0
0.387459 -1.69052 2.89704 0
0.454081 0.257082 -2.41665 0
0.340357 -1.88833 1.46619 0
0.790377 1.3545 0.36534 0
2.00117 2.79752 -0.163562 0
3.17989 2.46412 -0.147703 0
2.9292 2.1074 -0.651158 0
0.7179 3.95416 -0.67863 0
0.385008 4.9268 -0.139737 0
0.187784 5.5269 -2.50809 0
0.0542019 4.89055 2.88348 0
0.764513 -4.44009 1.06842 0
0.146792 -4.15532 1.43386 0
0.329158 -2.32118 -0.182361 0
0.263032 2.08453 1.02346 0
0.145928 2.86735 1.31708 0
0.338156 2.91486 1.33278 0
0.0355977 4.74141 -2.93749 0
0.152213 2.59764 -0.0919565 0
0.24074 2.83061 -3.02506 0
0.632794 2.80694 0.211451 0
0.296168 -1.72738 2.25262 0
0.780313 -1.48692 0.972547 0
0.395548 2.4345 2.52522 0
0.200797 3.07245 -0.559715 0
0.479793 4.24284 2.50965 0
0.323156 6.11305 1.37436 0
0.514777 8.38452 0.883917 0
0.420205 3.09831 -1.51867 0
0.131272 1.68828 -1.35914 0
0.624785 4.05302 2.50709 0
0.743062 4.61451 -2.93462 0
0.478023 3.95571 -1.52087 0
1.18236 1.6571 1.6426 0
0.0966018 2.47827 -0.148686 0
0.218589 0.890077 2.05422 0
0.671426 -2.4041 -2.7476 0
0.787081 -2.39275 2.73193 0
0.0721565 -2.22206 -2.94728 0
0.706406 -1.80506 -1.90198 0
2.10007 -2.09799 -2.28886 0
1.39835 -2.01608 -2.08899 0
5.00199 -1.90328 -2.28365 0
9.94298 -1.81127 -2.27082 0
7.06031 -1.94651 -2.31538 0
4.59932 -1.81196 -2.34052 0
0.291584 -3.32095 -1.95334 0
0.0497772 -4.18946 -1.91223 0
0.295583 -2.92647 0.788942 0
0.540017 -3.56867 0.807836 0
0.415151 -5.53098 3.07392 0
0.262333 -2.47995 0.640508 0
0.096211 3.1678 2.97732 0
0.479187 5.15893 0.929405 0
0.350429 3.9211 -2.52473 0
0.66579 4.04932 2.60395 0
0.272026 1.90411 2.56006 0
0.432267 5.73094 -1.42772 0
1.50812 5.22529 -0.559671 0
2.02386 0.359891 1.72054 0
0.414242 -2.69228 2.98176 0
0.81746 -1.46662 -2.1632 0
0.371441 -3.60238 -0.820646 0
0.484841 -1.48929 -2.88166 0
0.388365 -2.36213 -2.00031 0
0.412898 5.89943 -2.39635 0
1.27659 4.65241 -2.69805 0
0.181946 5.64092 -1.10069 0
0.372133 2.93114 -2.35931 0
0.357592 3.35565 -0.233976 0
0.308015 3.76237 -2.0315 0
0.529323 3.32157 0.995304 0
0.403393 -5.86624 1.49739 0
0.533285 1.84174 2.23144 0
0.507205 1.76341 2.49445 0
0.645361 -1.806 0.471233 0
0.747976 -1.33217 1.77037 0
2.55735 -3.82887 2.48846 0
4.05364 -3.79538 2.2939 0
0.712516 -2.13379 1.88272 0
1.70707 -3.98162 -0.564803 2.62152519995751e-14
0.547679 -4.27327 0.155863 5.41305958751251e-15
2.90039 -4.00873 -0.510625 2.41540058602728e-14
0.0608631 -5.16553 -0.516171 2.38977113499966e-14
0.976131 -4.44254 -0.254008 1.5590918249914e-14
4.27495 -4.13524 -0.297268 1.64713273074483e-14
0.132311 -3.13303 -0.271849 5.62839724267327e-14
0.253714 -2.39217 2.77866 1.91971169845438e-13
0.365951 -4.04532 -1.21497 0
0.548587 -3.32524 3.04519 0
0.621144 -4.69347 -2.30918 0
0.146864 -4.6088 1.47044 0
0.403468 -5.11574 -1.41985 0
0.858732 -5.24961 -0.455205 0
0.238503 -5.46554 -2.54813 0
0.279797 -0.3745 -3.08682 0
0.466684 0.109714 2.6383 0
0.904601 -0.567154 2.90938 0
0.378464 -0.0241255 2.47997 0
0.317502 -0.464135 -0.0518554 0
0.28399 1.14809 2.56725 0
0.18491 2.93725 -1.25069 0
0.741561 1.60116 0.465645 0
1.92082 2.31298 -0.876541 0
2.05029 2.29249 -0.626135 0
0.534412 1.83752 -0.354756 0
0.272183 3.55914 -0.991453 0
0.0439917 5.32644 1.66716 0
0.447363 3.48787 -1.00302 0
0.963008 -3.84579 0.379496 0
0.523786 -4.41942 0.714379 0
0.118474 -5.47252 -2.379 0
0.417588 -3.72898 0.466927 0
0.351618 -0.408633 0.15264 0
0.468037 2.12069 1.53933 0
0.912325 2.33949 1.52202 0
0.0697248 2.09634 -2.92919 0
0.53705 1.59322 0.366236 0
0.289632 2.10273 0.590472 0
0.422136 3.21076 -1.03142 0
0.224009 1.67999 -0.115481 0
0.189923 1.33791 0.144229 0
0.208093 9.66139 -1.43726 0
0.243631 3.79295 -0.619795 0
0.360265 3.36401 2.91227 0
0.424153 4.92353 -3.04571 0
0.340896 3.14944 0.46035 0
0.123756 4.40018 -1.14922 0
0.269389 4.27612 0.0833071 0
0.511251 2.42536 -0.839973 0
0.349228 3.82555 -0.0842043 0
0.896333 3.19076 1.42123 0
0.380264 1.23147 2.25014 0
0.376665 0.11163 -0.169057 0
0.100794 -2.29139 -2.81737 0
0.913905 -2.843 -2.92143 0
1.53022 -2.46749 -2.68298 0
0.273103 -2.40495 -1.66396 0
2.74214 -1.82631 -2.2904 0
2.66141 -2.0512 -2.13656 0
2.13938 -2.11433 -2.22387 0
1.59905 -1.96239 -2.48721 0
0.161033 -2.61919 -2.4329 0
0.259986 -4.42004 1.5938 0
0.345239 -7.52519 -1.73771 0
0.610097 -2.29771 -1.47107 0
0.625861 -0.896795 1.20501 0
0.302105 1.94409 0.0625976 0
0.583402 0.522682 -1.87649 0
0.771699 3.24026 0.0924831 0
0.239633 2.52312 2.59172 0
0.564552 4.93336 3.00877 0
0.520663 4.58688 0.773295 0
0.449876 4.86517 -1.35738 0
0.500418 3.04402 1.20119 0
0.398131 0.998174 1.55812 0
0.276043 2.06832 1.81502 0
0.164005 2.75537 -1.88781 0
0.349791 0.417576 -0.944485 0
1.13079 0.625577 3.09099 0.222657587734754
0.363504 3.32139 -0.136438 0
0.590126 2.52921 -0.310673 0
0.0683819 3.2235 -0.389136 0
0.652493 2.41489 2.0808 0
0.348483 -4.43967 1.59446 0
0.147527 -3.34462 1.16159 0
0.152437 0.132592 0.417329 0
0.11561 0.424225 -2.89415 0
0.21545 -4.04726 1.94835 0
0.791975 -3.59116 2.38218 0
0.459818 -2.21333 1.69736 2.08847507966943
0.233266 -4.7604 0.00697227 0.0310116091267744
1.64102 -1.70852 1.21616 0.0296840770978523
1.25659 -2.22915 0.623954 0.0315337380028998
0.251649 -3.97266 2.24952 0
0.18382 -3.874 -2.07433 0
0.181001 -4.80718 0.198287 0
0.132317 -4.22341 -1.41367 0
0.323331 -3.67805 -2.93491 0
0.161163 -4.40138 1.91817 0
0.387601 -1.31192 -2.40709 0
0.0611741 -2.49439 0.92063 0
0.647895 4.44833 -2.23562 0
0.194375 4.69362 -1.48671 0
0.122007 -2.62434 -2.95484 18.433136758232
0.110901 3.99779 1.2579 0
0.202476 2.93205 -0.898586 0
0.144206 7.18257 3.10406 0
0.249741 6.47316 0.0711299 0
0.247442 7.00696 -1.05525 0
0.217866 7.42392 -0.62546 0
1.26373 2.13396 -0.628143 0.0809545744728637
0.477965 1.81161 -1.97338 0.168083439749714
0.216151 4.78886 -3.0628 0
1.07237 4.47276 2.66775 0
0.252508 -0.233808 -2.40351 0
0.0932256 1.81562 -1.82295 0
0.067628 -2.22984 1.91322 0
0.149888 -3.18502 -2.44782 0
2.35692 -1.98776 -2.04069 0
1.24022 -1.81055 -2.18877 0
0.202926 -2.48405 -2.01708 0
0.0906811 -2.13971 0.829857 0
1.59612 2.79608 1.17492 0.781141129627303
0.612807 0.951026 2.94224 1.24712593127119e-05
0.0639101 0.958739 2.93031 1.05902138756147e-05
0.295959 0.752821 -0.123484 12.5164445196703
0.0653029 2.69139 2.40739 9.89379968851307
0.311125 1.23252 -0.748048 27.0975673479363
0.298097 0.785606 -2.11649 39.8083021903147
0.617356 2.49337 -3.08577 5.56086412587805
0.385983 2.189 -2.31283 11.9946920056808
0.711252 0.134711 0.110806 0.712854819799179
0.0742004 0.382361 -1.17955 6.40401682986661
0.485535 1.87524 1.80081 34.565418773128
0.233799 3.02258 1.7783 23.2094925651933
1.30336 -3.9205 0.5344 0.137094429879011
1.35418 -3.96666 0.290032 0.201384655127986
0.615699 0.838311 -2.45015 0.260471902394773
0.30752 1.78359 3.13118 0.176958135302652
0.286278 -3.5684 2.21922 8.73319682984388e-08
0.814635 -3.56482 2.3349 5.132156887263e-08
