1.84563 -0.807255 -0.310877 0
0.419622 0.929546 -1.05376 0
0.324952 5.88915 0.82561 0
0.799234 2.12604 -0.0608369 0
1.81278 2.65288 0.586012 0
2.38083 -0.0408157 1.75013 1.4140859946876e-13
6.85307 -0.060131 1.9099 1.3350508457933e-13
5.66431 0.139403 1.81442 1.5772205392215e-13
1.59214 0.578706 -1.70126 1.06175102231619e-13
0.716565 0.278897 -1.85274 1.45160087289519e-13
0.395218 -1.04231 -0.597208 0
1.01529 -0.799924 2.34676 0
6.80029 -2.869 -0.816805 0
6.6146 -2.8327 -0.899355 0
2.51407 -2.63589 -0.92606 0
0.520391 -2.44227 0.644387 0
0.38171 -3.2281 0.455481 0
0.32739 2.06791 -0.433887 0
0.223894 -2.07694 -1.56416 0
1.04941 -2.90277 -1.45484 0
0.271108 -3.55095 -1.49535 0
0.462755 -2.47001 -1.92247 0
0.47497 -0.0467879 -1.0712 0
0.138739 4.97195 -3.01831 0
0.342867 3.89485 3.03417 0
0.225713 4.61742 -1.7888 0
0.279883 4.30158 2.47047 0
0.0861868 3.18432 1.65678 0
0.639508 -1.07942 -2.99311 0
0.139837 -2.59413 1.20974 0
0.747236 -2.81053 -1.62723 0
0.20379 4.21166 3.11052 0
0.343166 2.91491 -0.790882 0
0.761195 2.7091 -0.220489 0
0.711076 0.757863 -0.971784 0
0.676268 0.206316 1.63839 0
0.581148 -2.73955 -1.56968 0
0.600103 4.65576 0.754267 0
0.415616 3.40127 0.535256 0
0.680043 -2.06977 -1.68307 0
0.77688 -2.66111 -1.71616 0
0.587916 -4.24638 1.70464 0
0.301367 -5.22194 -1.93155 0
0.51353 -4.36479 0.573985 0
0.661804 -5.40044 -2.7381 0
0.645903 -1.63546 -2.58857 0
0.483333 -1.49392 1.4528 0
0.518833 -1.19165 3.00481 0
0.582181 -1.09208 2.77114 0
1.14488 -1.08648 2.45058 0
0.599926 6.64893 -1.83886 0
1.21235 6.50852 -1.77674 0
0.223848 5.42362 1.44367 0
0.858669 6.74045 1.32865 0
0.507016 6.99095 -0.541004 0
0.693631 5.976 2.19374 0
0.425034 5.60741 0.319681 0
0.662866 5.18266 2.28387 0
0.581605 3.92999 1.61257 0
0.747066 4.5399 2.33208 0
0.886221 3.31518 2.49244 0
1.27281 0.389745 -2.15165 0
1.42494 0.18938 -2.14241 0
0.146388 0.305476 2.89876 0
4.25057 0.291993 -2.10569 0
0.359662 0.798735 -1.04158 0
1.67717 2.43492 2.6051 0
0.738618 2.72578 -1.39611 0
0.809666 3.41523 -0.556698 0
0.462759 4.42972 -1.72636 0
1.47561 4.64727 -2.37742 0
0.609854 4.3869 2.71016 0
0.975231 3.95079 -1.97965 0
0.451694 2.41665 -1.71007 0
0.787876 1.67794 0.449808 0
0.532246 -0.475236 -1.44068 0
0.434591 -3.33208 0.798894 0
0.216312 -4.00287 1.8464 0
0.331366 -4.58141 1.26798 0
1.33361 -2.51473 0.707499 0
0.196616 -3.87083 -1.13004 0
0.328356 -4.08838 2.63065 0
0.452526 -5.29629 1.63479 0
0.546851 -2.96806 -2.89089 0
0.435137 -5.27942 2.36465 0
0.290718 -3.45883 -1.10151 0
0.495563 -5.2893 0.0322691 0
0.407674 -6.98684 1.63009 0
0.0879899 -7.90175 -3.02407 0
0.730164 -4.40462 0.0716726 0
0.841483 -3.69717 -0.995929 0
0.384695 -3.87874 -1.12116 0
0.223067 -3.66846 1.52671 0
0.384677 -2.52091 -2.20315 0
0.42302 0.081555 1.63815 0
1.1512 0.449352 3.03441 0
0.625933 3.41321 -2.09899 0
0.104459 5.25736 -0.425993 0
1.02676 1.71906 -0.278217 0
1.51994 -1.15134 2.46988 0
0.386933 -0.345987 2.28553 0
0.922595 -0.568769 2.04486 0
7.36184 0.494669 -1.58719 1.02997478771028e-13
1.75195 0.66454 -1.67779 9.69996411459819e-14
2.98518 0.41931 -1.63451 1.14792373616209e-13
8.50073 0.540519 -1.71448 1.10704798256112e-13
0.0529526 1.68806 -2.7487 1.40451710738178e-13
0.0895793 -4.0282 -2.02268 0
0.53426 -1.92883 1.50436 0
4.10504 -2.77745 -0.944508 0
7.67513 -2.89083 -0.953986 0
6.72144 -2.89019 -0.924058 0
1.80764 -2.83988 -1.06373 0
0.904524 2.77629 1.18135 0
0.302577 2.49179 0.835889 0
0.40382 1.57862 1.42193 0
1.46769 -4.18019 -2.59333 0
0.401996 -4.25529 2.41223 0
0.51445 -2.45566 -2.96501 0
0.279721 0.0531279 -2.67314 0
0.193797 3.61834 -2.48054 0
0.325444 5.23363 -1.44678 0
0.179893 4.22452 -3.11756 0
0.355023 2.81899 -0.847625 0
0.351584 1.09326 -0.658201 0
0.0958816 3.65444 2.47236 0
1.14425 0.43698 -0.757599 0
0.457338 0.240183 0.33301 0
0.21232 -1.10661 1.02101 0
0.570603 0.437988 -0.677606 0
0.955723 -0.635347 -0.917034 0
1.84061 -0.832927 -1.51488 0
2.23979 -0.746371 -1.96773 0
3.12101 -0.665802 -1.64822 0
1.19487 -0.964539 -1.95974 0
0.307532 1.73112 -1.47661 0
0.619082 1.41842 1.72002 0
0.175798 -1.26784 -2.14476 0
0.678298 -0.558541 0.937205 0
0.279708 0.49106 -1.87331 0
0.389471 -3.35296 2.04215 0
0.552102 -5.84462 -1.40255 0
0.176606 -4.14551 -2.34334 0
0.182269 8.34225 1.79521 0
0.401161 7.49396 -0.027384 0
0.384421 1.54641 2.97881 0
0.337721 0.394685 -1.74023 0
0.257662 -0.0096938 0.929494 0
1.42299 -0.75755 -3.00732 0
0.391853 1.88832 -1.73566 0
0.14337 3.96134 1.74528 0
0.260939 1.81809 1.24352 0
0.163273 5.43767 2.00978 0
0.231217 4.501 3.12351 0
0.350467 3.26177 2.07387 0
1.26501 4.16344 2.46304 0
0.409835 4.63393 1.62024 0
0.168841 3.32991 2.20974 0
0.677642 1.65775 -0.889929 0
1.16422 1.13468 -1.41844 0
1.67601 1.75512 -2.0809 0
0.125369 3.09864 -0.564528 0
0.680112 2.08715 -2.45979 0
0.60878 2.1177 2.84373 0
1.00272 3.37884 2.83754 0
0.736352 4.1237 -2.21347 0
0.428513 3.77228 -2.2327 0
0.662221 3.6511 -0.851384 0
0.169821 4.66343 -1.80895 0
0.253187 4.71951 -1.67105 0
0.857952 3.00655 1.63544 0
0.352619 0.602948 0.550095 0
0.262018 -3.40116 -1.5598 0
0.47336 -4.7771 2.99746 0
0.181996 -4.24255 -0.0530796 0
0.474751 -6.28023 1.26911 0
0.326493 -7.3575 -0.197041 0
0.542352 -6.88882 -1.2418 0
0.220852 -6.85042 1.45674 0
1.99719 -2.61074 2.01924 0
0.155393 -3.68403 2.50409 0
0.765215 -2.16015 1.25827 0
0.0985815 -1.91064 -1.51759 0
0.545553 -1.77925 2.3909 0
0.471569 -3.07245 -0.420058 0
0.628502 -4.64256 2.09264 0
0.349266 -5.24445 -1.20373 0
0.497255 -4.59735 1.18687 0
0.493261 -4.87398 -1.08127 0
0.884415 -5.92879 0.172002 0
0.185468 1.12475 2.41878 0
0.232261 1.67662 1.26213 0
0.523161 0.138557 2.85744 0
0.405232 1.75662 -0.478357 0
0.267469 2.95576 -2.77079 0
0.595892 2.94684 -2.8661 0
1.40936 3.00976 2.37634 0
1.0935 3.7566 3.11201 0
0.123081 4.63805 -0.467301 0
0.255634 -1.82576 0.113035 0.257146742261941
0.285581 -1.63675 1.98926 0.00652337956291706
0.748745 -2.17317 1.9188 0
1.60801 -2.28583 1.64165 0
0.32639 -2.76897 1.92449 0
0.379501 -2.92127 1.45059 0
0.209712 0.158713 1.94407 0
0.0863333 -1.51398 0.290493 0
0.17308 5.37309 0.146903 0
0.0884693 4.96507 -0.739067 0
0.178531 2.54298 -2.97898 0
0.11213 2.61161 -0.282484 0
0.0813001 -3.31006 -0.03713 0
0.271074 -1.02984 1.00902 0
0.228626 -3.86356 2.55819 0
0.32236 -3.72403 1.17283 0
3.77906 3.82733 -0.0777132 0.0287083854817478
1.06131 4.29357 -0.18387 0.0491874361028149
6.92851 3.98282 -0.151092 0.00422047101590091
0.272261 3.02328 1.34668 6.9577929338359e-08
0.230121 3.17083 0.149693 7.93805484199375e-08
0.118837 3.62085 -0.961809 0
0.376023 2.96346 -0.0246282 0
0.225116 2.75075 -2.16166 0
0.313809 3.20193 1.90548 0
0.645049 0.836653 0.350131 0
0.214497 -0.0986156 -0.495817 0
0.378265 -1.45351 -1.76 30.267205998411
0.216393 -1.78605 -2.24071 51.5548233785331
0.950667 -0.541527 -2.71511 0
0.930888 -0.750079 -2.91452 0
0.325849 4.78456 -2.68357 0.307198534196699
0.569666 5.05307 2.11383 0.297300459825352
0.580029 4.95867 -1.05656 0.330490183283523
0.366189 0.437069 -2.37062 0
0.0406969 3.23387 -0.459479 0
0.603576 3.33096 -1.75842 0
0.557454 3.89466 -2.94797 0
0.149022 -2.14431 3.08479 0
0.263404 -2.76414 -1.32896 0
1.26529 -4.27846 0.268666 0
0.489258 -3.85802 0.293164 0
0.65343 -5.30815 1.87071 0
0.484022 -4.92772 2.25664 0
0.774295 -6.47043 2.98252 0
0.800003 -7.01479 2.86979 0
0.643375 -3.0829 -0.298201 0.187323622788898
0.125679 -1.75431 -0.552142 0
0.357442 -2.09081 -0.611161 0
0.405203 1.81738 2.04008 0
0.108576 2.27763 -0.626287 0
0.0456419 4.94518 -2.47366 8.95233043405577e-09
0.0930557 5.71769 -1.90031 6.46247323684271e-10
0.143112 -2.65835 -1.35294 25.1418502303395
0.335458 -3.39864 -2.77909 5.13161805033403
0.30012 3.38213 -1.11707 10.002321479752
0.0920311 4.89173 2.87304 7.19407609616191
0.128575 2.38544 -0.0476717 58.0418036884984
0.541883 2.86535 -1.00095 8.59814017112085
2.79032 -2.35103 1.90052 0.414667812015014
0.519066 -2.5792 2.0766 1.77823513467099
0.0173881 -3.14435 1.57201 57.7069038285451
0.715853 -1.2294 -3.01318 8.80129090910772
0.326007 -1.97309 0.710293 2.32434122509093
0.716372 -1.69062 1.41373 0.00169429992054659
0.191286 -0.725969 0.107716 0.0208220304589906
0.331754 -3.14439 1.52208 0.10774118700023
0.806019 -2.52705 1.65157 3.07136588925195e-07
0.488512 -2.54116 1.43619 4.25941500115994e-07
0.424082 -0.393772 -1.30281 7.26603293016392e-08
0.382236 0.0906111 -1.17553 1.58039850301446e-07
0.977632 2.16797 -2.36864 0.247876865538694
0.0566136 2.92648 -2.16881 0.277554471976546
0.700408 0.980728 -2.49697 0.319995605236611
0.74613 1.88173 -2.88011 0.0823488158832507
0.399473 0.876657 -2.56583 0.362323183734576
1.52307 1.24215 -2.8769 0.146640377165046
0.417963 1.10761 3.09476 3.65510437662229e-08
0.24731 1.0432 2.90149 8.47161869311334e-08
0.0222449 -4.79979 -1.11413 1.637312014798e-05
0.0111063 -5.05207 -1.00574 1.5359240933472e-05
0.373694 -4.33411 1.91547 2.87286412900905e-06
0.0125882 -3.93628 1.92263 7.79671665548187e-06
0.425093 -1.35729 1.4173 0.145664935567313
0.212244 -0.822918 1.69731 0.205537187207244
2.18146 -2.3727 1.73014 0.0719612769295844
4.09753 -2.34399 1.63224 0.0168125206741563
2.65488 -2.41212 1.55389 0.0105796910895459
0.470682 4.01292 0.579419 0.121735794113336
1.21422 1.45129 2.88942 5.84677957933351
0.156428 2.05128 -2.88213 24.5300782716941
