0.649857 1.76605 -0.298608 0
0.141021 2.40839 -0.0785531 0
0.719383 1.99207 -0.343694 0
0.358016 2.66722 2.13834 0
0.174624 1.08657 -2.17612 0
0.653469 -0.0775155 2.05926 0
0.0813366 1.61441 -2.82868 1.68527917955143e-14
2.33073 4.15516 -1.26324 0
0.808737 4.95637 0.490422 0
2.15348 5.02394 -2.25966 0
0.625316 5.19937 3.09796 0
0.0460864 7.16224 -0.734443 0
0.448808 1.31455 -0.553963 0
1.72273 0.0694549 -0.166265 0
0.277721 -0.277021 0.640259 0
0.997855 -0.0643971 0.180691 0
9.00796 -0.821777 -0.500835 0
0.596496 -0.217431 0.215453 1.0144829858706e-14
1.10714 -0.0203249 -1.06431 1.66211763099079e-14
0.157063 -6.20761 -0.500288 0
0.265025 -7.3069 2.91282 0
0.471426 -2.07478 1.70076 0
1.12786 -0.26152 -0.374789 0
0.308127 -0.0660831 0.576192 0
1.61815 -0.349168 -0.321362 0
0.0877994 -0.541203 0.312952 0
0.731645 -3.67405 0.629951 0
0.197545 -4.16598 -2.22429 0
0.523126 -4.26834 -0.0462952 0
0.388571 -3.34617 -1.79147 0
0.341069 0.520942 -1.08815 0
0.435391 -1.2927 -2.57671 0
0.354775 0.578185 -0.191 0
1.05908 -0.480813 0.808482 0
0.27537 1.61413 0.0988562 0
0.372994 -0.857767 0.346899 0
2.45866 0.0207509 0.778287 0
0.164925 -0.519592 -1.80429 0
0.515107 0.45091 -2.13518 0
3.50334 2.87663 3.13324 0
1.51877 3.17489 2.63593 0
1.66788 3.06107 3.10705 0
0.815226 3.94734 -2.63399 0
0.836377 4.57259 -2.98434 0
0.133382 5.65149 -1.74896 0
0.506283 2.03388 -2.17824 0
0.37875 -0.541212 -0.501004 0
0.0482844 2.7281 -2.01565 0
0.65247 -1.41963 -0.676584 0
0.300878 -0.243212 0.634942 0
0.627672 -2.942 -2.19347 0
0.940729 -1.18377 0.559722 0
1.35842 -1.30731 2.04509 0
0.142588 -2.2676 -0.660423 0
0.204826 0.45637 -0.54187 0
0.555611 -0.28973 -1.85587 0
0.684572 1.15553 -0.344633 0
0.62462 2.63833 -3.04669 0
0.358458 4.01375 -0.731449 0
0.389588 4.10605 -2.30184 0
1.38092 5.52339 -1.27174 0
0.584364 4.63975 -0.840578 0
0.531203 6.35227 -2.41541 0
0.0724414 4.43883 -2.1803 0
1.52059 3.55925 1.36826 0
0.815271 2.05879 -2.98844 0
0.387762 3.53634 2.03125 0
0.780432 3.01297 3.03056 0
0.238866 2.59112 1.42746 0
2.16627 2.32613 2.69384 0
0.224149 3.47656 -2.43759 0
0.462446 1.49665 -1.96308 0
0.59119 0.23559 2.83012 0
0.268533 -0.66046 -2.13161 0
0.547958 -6.03542 -1.8058 0
0.234845 -6.86672 0.116646 0
0.350555 -4.72889 1.51887 0
0.0367773 -3.09618 -1.9946 0
0.364927 1.79841 0.802424 0
0.305521 3.72808 1.61437 0
0.320363 3.24943 2.57221 0
0.765514 2.03451 1.19903 0
4.69908 1.81572 1.47601 0
1.40347 1.79064 1.02393 0
1.19885 1.74527 0.920301 0
5.81556 1.72164 1.06999 0
1.00526 1.48743 0.965758 0
0.31239 0.350088 1.65379 0
0.51912 1.20804 0.762965 0
0.282139 0.284835 -1.00231 0
0.293439 1.94127 1.95287 0
0.141173 0.268087 2.03779 0
2.65625 -0.494066 2.05995 0
4.28993 -0.0290866 2.85851 1.08178446880087e-14
0.243306 0.689222 1.91213 1.64308984320348e-14
0.948598 -0.527062 2.62797 1.13433661782524e-14
0.92421 0.387477 -2.93783 1.21847850865514e-14
1.26473 0.52324 -3.02641 1.36435159964831e-14
0.344195 0.570725 -0.249611 0
0.346115 -0.963476 1.2599 0
0.844821 0.172427 -1.11156 0
0.301285 0.0605318 -1.0191 0
0.801451 0.284651 -3.0114 1.11845158541585e-14
5.18402 -0.318472 -0.465871 1.46799872356147e-14
0.989024 -2.48969 0.644346 0
3.10395 0.00772501 -2.26926 0
5.4449 -0.212529 -2.22404 0
1.07104 -0.287438 -2.37475 0
2.19456 -0.23622 -2.08474 0
0.59326 0.103495 -2.43438 0
0.442901 -0.304573 -1.86911 0
0.764161 -0.31787 -0.519833 0
2.15044 -0.509548 -0.520679 0
2.10777 -0.487323 -0.545312 0
0.230597 0.128988 0.539699 0
0.281966 -0.784742 -1.25848 0
0.371935 -2.32538 -1.48167 0
0.139094 -4.94606 0.119676 0
0.378052 -2.74886 2.86744 0
0.515744 -3.79044 3.08588 0
0.446919 -3.44769 -1.37252 0
0.691915 -1.59356 3.03266 0
0.0452448 -3.94705 -0.0701935 0
0.0567056 -2.65614 -2.31539 0
0.315592 -0.725514 1.65264 0
0.474072 0.888138 2.65271 0
0.839511 1.29326 3.01265 0
0.253474 3.30251 1.96938 0
0.287928 4.13217 -2.27647 0
0.176404 7.40886 2.01725 0
0.792396 7.27912 -0.640154 0
0.60175 8.06585 -2.53964 0
0.560644 7.29125 2.74531 0
1.42995 6.30909 0.348139 0
0.124611 6.76603 -1.43968 0
1.46583 6.38897 0.732647 0
0.594625 5.72524 0.561893 0
0.221962 6.7429 1.97256 0
0.576087 6.58965 -0.480669 0
0.391758 1.61207 2.39283 0
0.220999 -0.895029 1.93827 0
1.05994 -2.0716 0.980679 0
0.333523 -2.8353 2.05226 0
0.273249 -1.99503 -1.95899 0
0.377818 -2.82684 1.04319 0
0.0221196 1.51242 1.85069 0
0.314878 2.51335 1.37919 0
0.0666518 5.04243 -1.79556 0
0.773519 5.30122 -0.307491 0
0.506652 4.02685 1.52868 0
0.329937 0.209 0.885425 0
0.624478 1.36731 3.10917 0
0.501057 0.706804 -2.84667 0
0.368594 0.0518233 1.5952 0
0.82869 -7.33477 3.05357 0
0.689704 -5.31279 2.6851 0
0.139162 -4.06325 2.48064 0
0.414549 -3.79927 2.80027 0
0.281923 -5.61613 3.00694 0
0.19739 2.81011 -2.12234 0
0.225059 3.25497 2.98835 0
0.395233 3.50529 2.16328 0
1.00032 2.55412 -0.875574 0
0.50853 3.54831 2.53484 0
2.72514 1.73935 1.20447 0
5.06508 1.70646 1.08212 0
2.18251 1.76742 0.666619 0
3.05605 1.67546 1.02184 0
1.49073 -0.212706 3.06434 6.95140306286415e-15
0.399631 -0.331835 2.80657 9.62032601649392e-15
0.365579 3.87129 -0.895296 3.14186144543111e-08
0.235798 3.96479 -1.72016 2.291688810955e-08
0.199821 -0.20455 -0.832396 0
1.14363 -0.142806 -0.448454 0
3.63633 -1.0075 -0.471925 0.038301435267792
4.5409 -0.824228 -0.412634 0.0510901554514068
0.094693 -5.48834 0.123156 0
0.187186 -4.51364 2.6082 0
0.0586998 -2.56362 3.09998 6.97355777773869e-08
0.247994 -2.70895 2.32648 6.9020400745909e-08
0.388979 0.203426 -0.717376 0
0.162422 0.441328 -0.461663 0
0.393834 -0.0387718 -0.396039 0
0.0346785 -1.89161 -1.26769 0
0.038874 0.605037 -2.37019 0
0.458802 0.403258 -0.66825 0
0.760351 0.691044 0.207946 5.09608063413176e-08
0.746944 0.709225 0.102373 3.33886176795445e-08
0.429261 -0.234807 2.22081 0
0.164874 0.509331 3.05464 0
0.0676967 -0.748009 2.38803 1.14549438132662e-09
0.249475 -2.43912 1.12632 4.76883697153366e-07
0.298649 -2.17178 1.07641 2.58835859109242e-07
0.119514 1.51369 1.94154 0
0.459154 1.16289 -2.84164 0
0.586034 4.10659 1.44125 0
0.0834253 4.36682 1.53211 0
0.251586 2.55635 1.75844 3.22917269212152e-08
0.130816 1.95775 1.82735 1.09990979827906e-07
0.538573 0.620174 2.37341 4.80640811564888e-08
0.106375 0.695372 2.42763 7.0892315607451e-08
0.625597 -0.128132 2.74023 0
0.0958346 -0.294899 1.36191 0
0.21767 0.846057 -2.43583 8.41402031803747e-08
0.197438 0.193712 2.99753 8.10046691497935e-08
0.190532 -2.10705 -2.64646 0
0.151544 -4.07136 2.50208 0
0.158889 0.61639 0.129619 0
0.064714 -1.34539 -0.0361847 0
0.420698 1.69289 0.806226 1.0930274086205e-08
0.4749 1.54511 1.0079 6.59254681807695e-09
0.673842 1.54928 1.15908 5.2229789220519e-08
1.89549 1.64658 1.04785 1.05678370370438e-08
1.1035 -0.028447 2.70671 42.4414644320154
1.86349 -0.306155 2.66457 23.9243219251299
3.39007 -0.286517 -0.485053 3.57877757572695
14.9631 -0.274236 -0.438288 0.812720285909552
2.75303 -0.367725 -0.406061 18.1863304553754
1.28101 -0.52086 -0.258255 36.7196282004208
0.435963 0.0452662 -0.465443 9.27233187020695
1.04056 -0.485141 -0.257077 3.46765465405479
1.29538 3.01625 2.90651 2.99400528236113
0.298979 3.28492 -2.83699 9.93009854937293
0.143578 -4.72622 -2.99612 2.54227099075712e-08
0.210369 -5.01132 2.00076 9.4479997953353e-09
0.557951 -0.470241 2.68638 0.00908117351536611
0.79164 -0.459872 1.20365 0.00827170619920375
3.86928 -0.218158 2.91871 0.757807585199407
2.73931 -1.08598 -2.43582 0.0866700010886122
