0.426295 2.90639 2.89659 0
0.619145 -2.24584 -2.02824 0
0.534592 -4.62062 -1.97907 0
0.697494 -4.83741 0.858797 0
0.657073 -7.94235 0.0624724 0
0.907843 -9.24385 0.545821 0
0.436764 -4.04255 -1.522 0
0.130575 -0.774181 2.75107 0
0.447345 1.2286 -0.750403 0
0.250831 5.659 1.69876 0
0.478195 4.52242 -2.45385 0
0.17931 5.70679 2.50042 0
0.866776 5.29192 0.41222 0
0.323883 2.00547 2.13861 0
0.263534 -0.0563342 -0.00749931 0
0.474363 0.94489 1.18966 0
0.247298 -0.166472 -2.68307 0
0.194956 -1.05078 2.04504 0
0.119903 -4.87099 0.63915 0
0.360925 -3.73605 2.89726 0
0.321845 -6.31563 -1.2023 0
0.257554 -4.76134 -2.23454 0
0.485101 -6.22343 -2.30355 0
0.576918 -3.52062 -2.61776 0
0.10826 -4.06107 -1.93142 0
0.381561 -1.44087 -0.330551 0
0.190928 -0.462067 -2.69405 0
0.344739 1.59527 3.06023 0
0.340149 -0.659008 0.399234 0
0.269889 0.930208 0.834882 0
0.219715 4.93425 0.275902 0
0.181846 6.09856 2.80818 0
0.138898 -3.12856 -2.47676 0
0.300953 -2.45936 -0.290625 0
0.00679542 -8.6586 1.92811 0
0.239197 -4.65298 -0.668131 0
0.193759 3.65266 0.985851 0
0.260346 2.28815 2.8269 0
0.119999 4.00604 3.11231 3.21637440132991e-08
0.342814 3.21585 -2.49053 2.35618385916711e-08
0.016859 6.39664 -2.27242 1.28108392050002e-06
0.0190322 5.17273 -2.95666 2.53527065214528e-06
0.0606079 7.40324 1.32764 0
0.158616 5.0192 1.3122 0
0.276624 5.60126 -2.11764 2.24105153535848
0.224556 5.93359 2.28188 1.98132497818123
