0.268296 -10.8087 -0.0598508 0
0.0241924 1.96375 1.54848 0
1.28986 0.712023 0.759983 0
0.534052 0.562669 0.943727 0
0.0887073 0.00530759 -2.91354 0
0.297343 -0.182801 0.37024 0
0.186338 10.0443 0.877518 0
0.109423 1.28559 -0.626088 0
0.500503 2.14474 -2.30963 0
0.637896 0.754741 1.5322 0
0.208501 0.918326 -1.99923 0
0.545474 -1.1905 -3.10968 0
0.984153 -0.0626749 0.0313284 0
0.201857 7.00858 -0.0408749 0
0.645222 8.40795 -2.35899 0
0.256273 -2.58791 -1.21744 0
0.29673 -5.07624 2.22724 0
0.110079 -3.16782 -1.56516 0
0.26003 -7.25337 1.64484 0
0.114292 -4.94963 -0.0489261 0
0.421663 0.819036 2.5709 0
0.318242 1.24573 -0.390129 0
0.573671 -0.00128217 -2.21902 0
0.457726 -0.027797 2.30963 0
0.474299 1.78671 -2.25848 0
0.881371 0.337239 -2.86628 0
0.670435 -2.45315 2.10995 0
0.237366 -2.89165 2.60788 0
0.447136 -1.73331 -1.17143 0
0.249336 -4.05305 -2.27758 0
0.0970391 -3.75934 2.23793 0
0.762109 -3.47687 -0.973657 0
0.654431 -3.00012 -1.54554 0
0.299577 -3.72171 -0.825919 0
0.252346 5.29912 0.593788 0
0.113271 7.41719 1.58004 0
0.878445 6.49703 -2.21177 0
0.56551 8.09077 2.96752 0
0.131787 8.73019 1.50913 0
0.338695 0.750158 0.18412 0
0.0684096 1.54847 -0.829279 0
0.106009 -2.23876 -0.333195 0
0.605321 -1.05416 0.915631 0
0.201465 -3.61715 -0.661157 0
0.103858 -4.88817 2.82229 0
0.101415 6.49295 2.46073 0
0.064726 8.73109 -2.90405 0
0.169396 4.80345 0.400909 9.81674999532223e-09
0.264059 5.23663 -0.190297 7.97616869464142e-09
0.0951701 5.93291 -2.09133 0
0.448436 6.08244 0.805608 0
