1.35427 -8.40602 2.03478 0
0.177378 -1.65905 0.916112 0
0.49009 -0.00671 -3.11631 0
0.416053 -0.868308 1.64596 0
0.152945 3.55035 -2.13902 0
1.83695 2.17226 -1.84677 0
0.795895 2.13143 -2.01458 0
0.502602 7.30747 1.02708 0
1.42164 -0.972899 -2.42771 0
0.974803 -1.88221 2.75048 0
0.125065 -6.38465 2.29772 0
0.269197 6.16293 -3.05366 0
0.418254 2.60907 -0.319434 0
0.679966 -2.53317 -2.8621 0
0.638533 -4.42396 1.25659 0
0.58883 5.87883 2.07749 0
0.858318 6.17147 -0.72599 0
0.492034 3.6834 -1.44065 0
0.530366 4.78985 -0.341709 0
0.359929 2.91406 -0.639566 0
2.22042 3.93813 0.330577 0
0.135315 2.11542 -2.65569 0
0.886173 2.92238 2.37552 0
0.536038 3.23978 2.38152 0
0.862994 1.99223 0.90352 0
0.0907669 -1.10204 -1.65884 0
0.153785 0.376483 -1.23254 0
0.658647 0.68963 -2.04357 0
0.680411 0.0193389 0.237722 0
0.449097 -0.735964 -1.08517 0
0.643151 -6.63149 -2.93628 0
0.426592 -5.97008 1.44574 0
0.633888 -3.0145 1.43131 0
0.376301 0.0587307 2.28462 0
0.506329 -0.379813 -2.49668 0
0.568166 6.43485 2.41372 0
0.153883 7.0609 3.06964 0
0.771976 8.6463 3.05064 0
0.464013 -3.70152 -0.80541 0
0.184594 -6.9803 -1.39075 0
0.521035 -4.78604 -2.80926 0
0.012709 -9.81123 -0.584121 0
0.115389 -0.162114 1.15312 0
0.281129 -0.300476 1.82853 0
0.398319 0.295273 -1.64396 0
0.315163 -4.92966 0.0703178 0
0.701451 -4.30402 -1.56849 0
0.335262 -6.0953 2.82097 0
0.292428 -7.86866 -2.4494 0
0.291354 1.80971 1.67421 0
0.141158 6.17029 -1.52407 0
0.591532 5.36105 0.0690067 0
0.390002 5.11263 -2.1098 0
0.34665 4.30553 -0.338872 0
0.229004 4.34461 -1.13277 0
0.306268 4.55902 2.80179 0
0.802295 3.57376 2.2958 0
1.77285 2.79709 1.49073 0
0.611147 2.51044 2.24844 0
0.310309 2.46606 2.14684 0
1.21591 2.99326 1.16033 0
0.680103 0.121015 -2.01198 0
0.830512 -2.03901 -1.03486 0
0.350291 -1.7441 -2.39617 0
1.20576 1.06994 -2.6167 5.13081339504145
0.370811 0.960747 -2.89707 12.4038674527373
0.130505 6.88726 1.2991 0
0.12623 6.44219 -3.00532 0
0.41796 -1.1188 1.41344 0
0.113762 -2.26686 -0.0263985 0
0.183688 0.844668 -1.39715 0
0.216133 1.04314 0.685862 0
0.218409 3.02095 -2.44919 0
0.149797 1.69243 -2.66031 0
0.338525 4.1285 -0.535367 0
0.242356 4.33253 1.75451 0
0.163611 6.42596 -1.28796 7.62019072058891e-08
0.0860484 6.57797 0.494642 1.16204855605424e-07
