0.335882 -0.0751437 0.657584 0
2.10053 -3.9043 0.55865 0
0.299177 -2.21729 -2.26785 0
0.706349 -0.829182 2.83535 0
0.30243 -2.30027 1.08881 0
0.661526 -6.57085 -1.80995 0
0.17038 -5.9347 2.87506 0
0.543155 -4.09004 -2.30315 0
1.36146 -2.89872 -2.96803 0
0.167844 -2.34219 0.736757 0
0.902452 -3.1874 -1.37575 0
1.87993 -3.95384 -1.60435 0
1.65288 -3.6656 -0.987798 0
2.18561 -4.02513 -1.55196 0
0.738037 -2.98894 -1.11548 0
3.88101 -2.88841 -1.05255 0
7.72711 -2.81809 -1.0776 0
0.349865 4.24675 0.21732 0
0.711024 4.40837 3.00608 0
1.70892 5.04802 -2.93951 0
0.696689 1.80865 1.57412 0
2.81803 0.735364 1.14402 0
0.354853 0.570539 2.28948 0
0.126343 6.84436 1.4268 0
0.509497 -0.161516 1.53923 0
0.267769 -0.602464 1.11528 0
0.120335 -1.76821 -2.78848 0
0.391081 -3.96456 3.0311 0
0.967784 -4.81902 2.30554 0
1.31527 -3.34798 -0.386857 0
0.409424 -4.00901 1.54836 0
0.179423 1.40134 1.73673 0
0.565495 -2.35982 1.13789 0
0.244054 -2.71779 0.279007 0
0.437938 -5.0292 -1.74839 0
0.181417 -7.71032 0.128827 0
0.309714 -8.24359 -0.69632 0
0.361208 8.41877 2.86101 0
0.286594 6.20933 -1.13405 0
0.0538213 3.72102 -0.164728 0
0.658635 4.24816 1.77699 0
0.626741 -2.31182 2.75466 0
0.648771 -2.4445 -3.04722 0
3.76917 -3.33495 2.61647 0
3.31988 -2.93046 2.32682 0
1.80917 -3.37439 2.58562 0
0.170296 1.02368 -0.464864 0
0.654528 1.91282 -0.273427 0
2.08589 1.36927 -0.477542 0
0.593279 1.20394 0.626311 0
0.381076 0.699619 0.423415 0
0.964774 1.70174 -0.158365 0
0.183601 -0.96919 1.87197 0
0.379509 -2.10133 -1.84962 0
0.69274 -7.43076 0.954438 0
0.268863 -5.1141 2.77055 0
0.417541 -6.13398 -1.69083 0
0.856363 -3.24402 -2.54449 0
2.30939 -2.85118 -2.91905 0
0.0809595 -3.82501 -1.53285 0
0.762804 -2.92626 -1.70105 0
0.173375 -3.84125 2.26126 0
2.41513 -2.79008 -1.04165 0
0.0362963 5.09701 2.60275 0
1.22774 4.94259 2.33572 0
0.0432929 5.13166 -2.90723 0
0.586689 5.35112 -3.11721 0
1.22005 4.85719 3.057 0
0.19241 2.36142 2.54759 0
0.577527 1.44277 2.70575 0
0.509411 0.638769 0.632806 0
0.127004 2.38771 -2.37104 0
0.170436 -1.5291 0.868192 0
0.372994 1.29508 -2.95592 0
1.35711 1.21523 -2.40773 0
0.10892 0.972451 0.499076 0
0.121574 2.58095 0.353277 0
0.607981 2.31947 2.8016 0
0.34472 5.19922 -0.239259 0
0.228117 4.40136 0.95921 0
0.300458 6.34279 1.27818 0
0.793026 5.05083 -2.86467 0
0.914966 7.49552 2.46842 0
0.103242 7.33514 -1.73304 0
10.196 0.591857 1.55367 0
0.283895 -1.17712 0.539374 0
0.558901 -2.09943 2.32202 0
0.708153 -2.05777 2.3574 0
0.395149 -2.28204 1.12906 0
1.02293 -3.42641 3.02054 0
0.755207 -4.25399 -2.86189 0
0.716404 -4.48123 -0.170971 0
0.854671 -3.82692 -0.748766 0
0.630474 -4.00146 0.155369 0
0.436118 4.48665 1.62492 0
0.1351 4.85095 -0.190009 0
0.217709 2.21111 1.32039 0
0.326823 1.57657 0.396144 0
0.668395 -2.49349 -2.39547 0
0.290701 -2.91682 0.280143 0
0.40985 -3.49718 1.99588 0
0.163519 -8.88772 1.90493 0
0.37629 -6.84935 -0.880226 0
0.108332 -9.51503 -1.47923 0
0.566271 -8.39341 -2.88811 0
0.80261 8.70033 1.95043 0
0.254842 7.2206 -3.02891 0
0.250024 8.22641 1.23314 0
0.362443 6.54375 -0.204688 0
0.389605 5.03941 -2.22787 0
0.25944 3.94418 1.05196 0
0.780571 1.04175 0.26362 0
0.694488 1.69507 -0.346096 0
0.362168 -0.482388 2.69599 0
0.353403 -3.417 0.999133 0
0.407523 -2.80529 -3.01093 0
0.475712 -3.16482 -2.84912 0
0.187123 -2.1514 -3.10658 0
0.323059 1.46559 -0.787857 0
0.443979 1.04944 0.650417 0
3.36239 1.34568 -0.387289 0
0.0876667 -4.2619 -1.81051 0
0.845886 -2.88289 -2.77535 0
0.150629 4.68691 -1.90733 6.91668018478777
0.175368 4.31696 1.13439 0
0.145985 3.32751 -1.18325 0
0.267564 2.95797 2.86077 0
0.238079 -1.2843 -1.66223 0
0.152537 -0.548718 1.3308 0
0.195586 -4.87946 2.92223 4.28340166361322
0.148869 -3.86738 0.540618 15.5298677409318
0.0884511 -4.44625 2.8339 1.39329526287101
0.18817 -5.60937 0.802812 0.206020017375657
0.0256588 4.12874 -1.95421 8.83210845094732e-06
0.0274977 3.98109 -0.856117 2.62129555039214e-06
0.127672 2.00396 -2.08939 37.8668766668672
0.381177 1.61953 2.02602 18.203816344006
0.060413 2.29857 0.90403 84.3451996462678
0.00665107 2.35786 0.723564 88.3958900174251
