0.336648 8.50388 2.49395 0
0.331615 6.65595 -0.325483 0
3.76463 2.30935 1.45569 0
0.673103 2.37765 0.684584 0
0.782426 -0.0213723 2.87781 0
0.21677 1.37921 2.31987 0
0.522466 -0.468738 -0.489888 0
0.459898 -0.877217 -2.21316 0
0.829384 -3.9062 2.67129 0
0.309374 -5.72998 -2.92166 0
0.30312 -6.03251 -0.084939 0
0.171828 -5.06092 -0.367371 0
0.966832 -6.15427 2.7249 0
0.66723 -7.23747 -1.91892 0
0.245813 -8.5246 2.94954 0
0.117632 -3.97402 -0.191449 0
0.478575 1.81207 -0.138375 0
0.409191 3.21338 -1.44818 0
3.31871 2.36076 -1.62563 0
0.335843 2.16968 2.86303 0
0.414264 3.62103 1.86601 0
0.11475 7.7702 -2.90026 0
0.151712 5.01917 -2.57814 0
0.208332 6.53747 1.97198 0
1.30266 7.98664 0.909671 0
0.18988 6.20232 2.42276 0
0.190663 8.27741 -2.0714 0
0.143592 8.25132 1.3081 0
0.300708 2.53396 -0.125325 0
0.799001 -2.64651 0.56103 0
0.213114 -3.7076 2.39322 0
0.0970165 -5.017 1.67088 0
0.318668 -3.93119 -0.823552 0
0.375258 -7.64406 -0.296476 0
0.342554 -9.0952 0.382514 0
0.19238 -3.30912 -1.63288 0
0.0692541 -5.81077 0.18448 0
0.480737 -4.41204 -2.92321 0
0.346756 -3.62581 1.91171 0
0.267158 -0.620527 2.8446 0
0.578701 -0.326338 -0.680198 0
0.635449 0.431452 -2.20749 0
0.742162 1.53976 -1.35575 0
2.32483 2.47291 -2.03366 0
0.3594 2.1402 -1.48926 0
0.630022 3.02568 -1.33295 0
0.24948 6.33579 -1.00783 0
0.61182 6.21117 -2.26398 0
0.0480841 10.6854 1.67161 0
0.191558 -3.0511 2.41136 0
0.238626 -2.76551 -1.17086 0
0.373023 4.02393 2.2874 0
0.113352 5.68387 -2.46085 0
0.11783 5.48319 -2.16471 0
0.0759119 6.98838 -2.74613 0
0.58585 -1.63369 -2.57485 9.72856874008368
0.212064 -2.54816 3.01093 11.1164819128508
0.817136 5.81912 -2.82326 0.34636834968018
0.590302 5.0169 2.60421 1.01271623491644
3.42673 2.15656 0.834472 0.46738478498993
0.100677 0.0873338 0.0521798 62.2692991640928
0.377979 -1.15008 1.18622 9.55127258623391
0.491245 5.43531 -2.47768 0.489170574304284
0.638506 2.69203 1.45404 0.181488794374273
0.644447 2.72107 1.5986 0.288170196385011
0.478235 5.50914 -2.03322 0.611514848538159
0.394496 5.66685 -0.0797461 0.739196967134092
0.796045 5.79329 -1.2468 0.359437576715347
2.5917 2.42725 1.27824 0.993062303202137
1.06273 2.5027 1.50439 2.33242999966561
