2.93018 0.204825 -2.76781 0
2.22104 -0.193267 -2.75956 0
0.870999 -3.74046 1.7814 0
0.145821 -5.1566 -1.95974 0
0.559587 -2.37675 2.06135 0
4.21326 -5.6466 1.92595 0
0.8414 -5.4332 0.771299 0
1.31912 -4.79278 1.15922 0
0.698156 -4.69269 0.376028 0
0.338179 -3.85964 1.94027 0
0.196143 -3.41446 2.42594 0
0.372138 -2.13457 1.71769 0
0.228751 -0.813697 -3.05521 0
1.07922 -3.59335 2.51031 0
0.239796 -2.18578 -0.499365 0
0.0627403 -3.98584 -2.86298 0
0.129896 -3.70516 1.26805 0
0.994173 -3.89143 1.53407 0
0.312836 -6.59917 -1.85332 0
0.671508 -6.07318 -1.26558 0
0.219282 -8.08124 -2.86546 0
0.602413 -7.35301 1.03107 0
0.282677 -8.76502 -1.45543 0
0.272232 9.2186 1.34223 0
0.807672 7.20314 -2.43229 0
0.689436 0.817668 -1.79588 0
0.228476 1.84968 0.630355 0
1.42113 1.21961 -1.6648 0
5.92052 0.695531 -1.05434 0
0.489501 -1.37482 1.44058 0
0.0984126 -2.53186 -0.346386 0
0.873812 -0.37518 -1.5746 0
1.21004 0.35421 -0.939082 0
1.20423 1.23281 -0.641971 0
0.465971 2.20392 -1.15564 0
0.479547 7.88946 -0.30365 0
0.439235 6.59716 -2.02428 0
0.752236 8.19423 2.714 0
1.00113 7.12795 -0.891208 0
0.734452 0.0297673 3.05695 0
0.602385 0.428401 -2.55359 0
0.864907 -0.573585 -2.55632 0
2.46898 -0.381027 -3.06737 0
0.508632 -4.25535 2.08281 0
0.804372 -5.31009 2.01779 0
0.471421 -4.91391 0.39528 0
0.319207 -4.91701 0.845029 0
0.342411 -3.35518 0.156923 0
0.0648071 -7.3633 -0.588392 0
0.470927 -7.54509 -0.503807 0
0.320704 8.40632 -0.36112 0
0.414549 7.73897 -1.30087 0
1.33101 5.92741 1.68321 0
0.692425 6.48251 -0.611304 0
0.163668 4.50508 -1.40277 0
0.260925 5.48047 -1.56901 0
0.683494 2.79358 -1.69517 0
0.212692 1.96605 -0.276985 0
0.233624 0.649949 0.8075 0
0.207301 5.74412 2.55529 0
0.416645 6.33577 -2.89528 0
0.261457 -2.27044 2.62062 0
0.207656 -3.37595 0.880006 0
1.02731 -1.56128 1.47737 1.9735485187826
0.423577 -4.41867 0.853242 0
0.345799 -3.89644 1.24716 0
0.633783 4.95511 -2.26755 0
0.298413 5.02033 2.55613 0
0.204507 0.43165 0.244486 0
0.150659 0.316118 -2.12202 0
1.57774 -2.76767 0.463349 0.0988321136352865
0.0208183 5.02369 2.68163 7.44683071128268e-07
0.0360321 4.79615 -2.59649 2.38818105864715e-06
0.160404 -1.75574 -2.28002 2.15878372170128
1.02736 -2.34441 -0.106037 1.0567647165458
0.368306 -2.99695 -0.964568 1.28676409519964
2.62822 -1.80691 -1.71238 1.20497292863285
0.104911 -2.19891 -1.43461 0.287935718154031
0.526397 -2.22667 -2.0057 0.881810050345966
0.692192 -2.24366 -2.02502 0.908135587037417
0.860254 -2.37821 -1.44197 0.287202204824066
0.405482 -1.44671 -0.76324 3.2344833750554
0.485947 -2.28549 -1.68382 9.11622445221386
0.0412411 -4.61642 -1.43401 12.2659428204338
0.228919 -2.027 -2.37634e-05 8.96735274982307
0.18186 -3.61288 0.157923 2.44109952346137
