1.19695 -0.815856 2.9664 0
0.629918 0.0692799 1.98316 0
1.27568 -5.93969 1.86068 0
1.01131 -3.84004 -0.162101 0
0.227354 -2.14908 -0.655704 0
0.535477 -2.90779 -0.801941 0
1.01465 -5.49121 -0.064677 0
0.683987 3.66809 2.06144 0
0.820237 5.43619 2.88441 0
1.02038 4.807 0.0396812 0
1.091 4.27597 0.749787 0
0.803349 2.33434 -1.99456 0
0.349989 2.78847 1.34085 0
0.519266 2.05755 -2.69235 0
1.02433 0.0721238 -2.68722 0
3.50621 -2.28848 2.04215 3.5798036801535e-13
11.3938 -2.24746 1.95189 3.73801477175152e-13
6.46042 -2.21584 1.89904 3.85811306086421e-13
0.341878 -3.28703 2.61965 1.34324259087256e-13
0.377723 -4.20386 0.942746 8.89417803925287e-14
6.46096 -2.5495 -1.38255 2.23376101137794e-13
0.767836 -5.02596 1.95871 0
1.99246 -3.61998 2.34214 0
0.386702 -2.44421 1.37875 0
0.505927 -2.79957 2.36501 0
0.313087 -3.13731 -1.77141 0
0.412806 4.34647 2.00121 0
0.409446 4.74303 -2.36768 0
0.0226409 4.16714 -2.88515 0
0.262027 0.498134 2.03442 0
0.308898 -4.0836 -0.468991 0
0.143324 -5.0697 2.27911 0
0.293955 -6.08297 -2.77372 0
0.663907 -1.29086 1.16583 0
2.21136 0.46224 -1.92163 0
0.169493 -1.26779 1.20986 0
1.24933 1.22381 -2.48448 0
0.185567 0.327867 -3.03147 0
0.462264 1.41487 2.34921 0
1.42458 1.39553 0.134956 0
0.253347 1.56786 1.40677 0
0.483982 2.21619 0.229668 0
1.10263 3.11489 0.477759 0
0.103567 -3.35163 -1.8366 0
0.130977 -2.80965 2.61495 0
0.237256 -3.539 0.334771 0
0.486509 -2.1474 2.27687 0
0.307446 1.39053 2.78229 0
0.873655 0.8237 -0.214675 0
0.0899452 2.62072 2.13326 0
0.536294 6.79306 0.484416 0
0.281561 7.20176 -0.93057 0
0.396241 5.94423 0.968416 0
0.260447 5.25637 2.88825 0
0.0168185 8.17287 0.793198 0
0.347318 4.65026 2.9366 0
0.22243 3.02365 1.36137 0
0.43931 3.61871 2.4998 0
0.219847 1.05669 2.41767 0
3.86894 0.683518 -1.17452 0
1.29777 0.795051 -1.07534 0
1.7688 0.639592 -0.0661345 0
0.296672 0.405525 -0.624184 0
0.958411 -1.40994 0.232416 0
0.226088 0.0847074 1.26655 0
0.766534 -1.98051 0.602154 0
0.0526174 -2.23708 1.29813 0
1.58705 -2.3161 0.888174 0
0.322133 -1.79684 -1.5924 0
0.645079 -1.45447 -0.306037 0
1.33779 0.875037 -2.44652 0
0.33288 0.0563974 -1.14682 0
0.55286 5.29583 -3.04513 0
0.32433 2.95826 -1.07165 0
1.7641 -1.36643 2.5126 0
1.16311 -1.59842 -2.5862 0
0.344006 -1.63491 -1.24662 0
3.06468 -3.29833 -0.0127629 0
1.03592 -3.4241 -0.92252 0
0.336171 -5.75029 1.66384 0
0.728012 -5.11474 0.0584014 0
0.771675 -4.6961 0.243043 0
0.439155 -3.71289 -1.25901 0
0.310709 -0.070929 -2.25699 0
0.436631 1.92446 -0.391561 0
0.687751 2.86642 2.69317 0
0.513295 -0.211753 0.834532 0
0.158016 -6.54684 -1.63464 0
0.309392 -5.44248 2.68198 0
0.175504 -5.57781 0.232269 0
0.391821 -4.63925 -2.29151 0
0.717793 -6.88953 -2.86473 0
0.144758 -6.17989 -2.4608 0
0.2753 -7.69054 0.355548 0
0.574221 3.06754 1.7705 0
0.418549 1.19755 -2.55114 0
2.63383 -2.0069 1.98396 4.63065915942126e-13
0.522129 -3.01298 -0.724935 1.52930327337918e-13
0.279774 -1.58776 -0.799895 6.32835563041516e-13
0.675472 -2.77101 -1.64311 1.67864634288319e-13
3.35817 -2.52496 -1.33228 2.30906213602318e-13
1.34839 -2.31272 -1.4597 2.88744382316795e-13
5.44007 -2.57505 -1.44087 2.15606119927629e-13
7.36403 -2.46242 -1.39686 2.45953048136691e-13
7.49857 -2.46493 -1.44245 2.44215373039646e-13
0.427159 -4.3806 1.65216 0
0.702209 -3.44877 2.60448 0
0.511509 -2.35722 2.39444 0
0.338111 -1.19422 2.90421 0
3.18511 -0.719736 2.84427 0
0.135579 -1.18769 -3.11385 0
0.870473 -0.577071 -3.0245 0
0.281493 -1.21649 2.84987 0
0.176295 -3.0079 1.54033 0
1.27908 -2.46213 -2.28216 0
0.486735 -1.62124 -1.20071 0
0.801617 -1.98251 -1.32369 0
0.484644 -2.61676 0.207504 0
0.414247 -1.80864 2.4587 0
0.205594 3.55681 1.28963 0
0.27778 0.748213 0.257745 0
0.324062 0.610808 3.05165 0
0.242753 -2.43889 -2.87048 0
0.082549 -5.83666 -2.85973 0
0.189711 -4.35918 -1.71288 0
0.533892 -3.42033 0.736839 0
0.294064 -4.9568 2.95617 0
0.0902345 0.716577 -2.60815 0
0.37078 -0.563344 -2.13066 0
1.09073 -1.15938 -2.72549 0
1.37368 -0.568894 -2.74766 0
0.745684 -0.0231804 -2.609 0
0.138203 -1.31088 -0.641023 0
0.26052 -0.0379509 2.56108 0
0.8045 -0.503245 -2.05836 0
0.980891 1.64197 -0.883721 0
0.375778 1.57192 1.4016 0
0.262387 1.44842 -0.528411 0
0.496187 1.73425 -0.618088 0
0.121556 3.53904 2.13515 0
0.681964 3.379 1.59434 0
0.473846 4.21826 2.0973 0
0.39546 4.00039 1.45497 0
1.11765 5.21726 1.85625 0
1.08981 4.70573 -3.13326 0
0.487131 -4.80513 0.908659 0
0.273911 -5.6724 1.72733 0
0.228943 -4.8436 -1.60204 0
0.394457 -4.08437 0.963798 0
0.414575 -2.3399 -2.19491 0
0.154725 -4.01276 2.07261 0
0.206733 -2.68956 -0.285994 0
0.557277 -1.18709 0.405491 0
0.201511 0.954961 2.85984 0
0.647723 2.12235 -2.2055 0
0.410801 2.63501 0.0716566 0
0.446001 3.29723 1.86987 0
0.317204 3.91421 1.38842 0
0.275163 4.69398 2.79551 0
0.705568 7.11428 -0.0665485 0
0.336531 7.08702 -0.446199 0
0.493096 6.44435 1.42276 0
0.171212 7.75519 -0.553602 0
0.292974 5.28026 2.28839 0
0.121289 4.8421 1.85303 0
0.562538 2.31258 1.14316 0
0.652468 1.49945 0.943845 0
0.410402 0.209987 2.98003 0
0.403297 -0.164897 -1.2111 0
0.380535 1.34565 -1.95026 0
0.542803 0.696091 0.702755 0
0.370173 -0.483092 -2.19454 0
0.297642 -3.1887 0.0122035 0
0.429964 -2.12432 1.27054 0
0.286784 -2.65439 0.193706 0
0.152024 -5.05486 0.148102 0
0.400374 -0.865395 -2.12308 0
0.175537 9.55131 -1.09177 0
0.192438 7.13008 -1.89733 0
0.406693 4.87681 2.06232 0
3.03433 -1.38133 2.1945 0
4.58962 -1.57189 2.26613 0
0.296847 -1.07538 2.89727 0
0.282909 -0.0378224 -1.37335 0
0.216127 -2.65377 -1.63174 0
0.715469 -1.80076 1.30467 0
0.685793 -4.84766 0.438167 0
2.57053 -4.82378 -0.300508 0
0.410108 -5.66288 -0.257202 0
0.663782 -3.56865 -1.59456 0
0.465909 -2.15219 1.5121 0
0.52613 -1.79131 2.00136 0
0.546411 -2.0156 -0.270417 0
0.167427 2.21691 0.734709 0
0.1583 2.99546 -2.13877 0
0.44968 4.20949 0.870714 0
0.0390007 -3.66466 2.326 0
0.227159 -3.76823 -1.02397 0
0.260263 -3.96143 -0.988428 0.187576902842035
0.0428926 6.98322 1.42269 3.69458552904248e-08
0.184452 5.19217 0.061817 2.42186668942321e-08
1.17401 -2.83271 -1.33031 1.62416436543477e-13
0.231864 -2.46321 -1.0236 2.57211129691599e-13
0.0860429 -5.85025 -0.642641 0
0.437179 -5.71039 0.679643 0
0.931404 -2.83398 2.90025 0
0.687085 -2.31788 2.97381 0
0.184583 1.13668 0.516474 0
0.296289 2.06581 0.269621 0
0.0934547 8.46861 2.82927 1.6446605154145e-07
0.114756 7.08287 2.31846 4.08922513585905e-07
0.232648 4.67956 2.13274 0
0.276258 3.84536 0.554956 0
0.124055 0.326999 -2.24826 4.79188937202728
0.0582909 1.57004 -2.20681 0
0.48958 0.503633 -1.33618 0
0.944119 -1.80327 -0.241053 0
0.185613 -2.12374 0.916517 0
1.41691 -1.67167 0.735638 3.10682892437995e-08
0.454185 -1.64749 0.757348 1.14597871684984e-08
0.134631 -1.167 1.25199 7.99345898843588e-07
0.25138 -1.57092 0.537502 2.15135637547886e-07
0.66591 -2.82899 2.25012 5.70827993106743
0.135828 -3.09719 1.65096 21.5078176310768
0.226243 7.77282 -0.3655 0
0.174891 6.81495 -0.464677 0
0.0332602 7.7092 -3.07597 0
0.0913684 4.46564 -3.11277 0
0.0783209 4.78321 0.217601 0
0.515439 4.46298 -2.46298 0
0.106726 -2.78405 2.23494 0.31128784680047
0.0684931 -5.17176 -1.60839 0
0.38303 -3.83441 -0.455021 0
0.337092 -4.3273 -0.61944 0
0.312288 -3.61005 -0.603357 0
0.554109 -4.56551 0.0427135 1.02790605568178e-09
0.587977 -4.75427 -0.177188 8.40854368653778e-10
0.182867 -1.70218 -0.473308 2.49534010202789
0.0596288 0.692488 0.889554 17.4560344917388
0.542966 4.24237 -2.06888 1.96525549172977
0.106518 5.69738 -1.42039 2.34449637264167
0.0908576 -6.69435 1.11376 2.19772044496134
0.497986 -5.01135 1.5448 2.1646472362725
0.237436 -1.73917 -1.6046 2.1587959007936e-08
0.0299795 -2.84128 1.79694 3.70907941838167e-08
