0.554218 1.11193 -0.767971 0
0.0186622 4.61508 2.66879 0
0.662199 3.75428 0.861404 0
1.4492 2.83851 1.09219 0
1.82272 3.02375 1.0183 0
1.477 4.15098 -1.30136 0
0.954964 0.511593 -2.39487 0
0.270881 -3.70945 0.504812 0
0.120563 -8.2601 -1.18319 0
0.107374 -5.61674 -0.386416 0
0.110781 -8.0977 2.28786 0
0.750176 6.9435 0.506072 0
0.424516 6.23552 -2.4498 0
0.500053 6.37266 1.23594 0
0.28824 6.85921 -0.354865 0
1.38479 7.07773 0.275304 0
0.342716 7.02962 3.1206 0
0.188318 6.39748 2.68889 0
1.40546 4.13026 -0.971967 0
0.237585 4.28692 2.85012 0
0.448533 4.45108 -0.767931 0
1.52598 3.52531 -2.10801 0
0.313792 2.07137 2.361 0
1.27947 2.62851 -2.62825 0
0.501466 3.51018 2.8267 0
0.636069 3.58625 2.92272 0
0.102279 4.1534 -2.3411 0
0.332733 2.31225 -2.78532 0
0.376157 1.8773 0.167883 0
1.37755 1.27363 1.22955 0
0.685781 2.76553 -3.11355 0
0.554673 -4.26992 1.22994 0
0.433637 -3.41752 -1.44778 0
0.941517 1.44564 1.10279 0
0.200444 6.28337 -2.35067 0
0.152591 6.09405 1.07213 0
0.741039 -0.373398 -3.04144 0
0.588048 -0.994511 0.446315 0
1.87623 -0.845176 -0.157312 0
0.546664 -1.41708 -0.011872 0
0.483212 -2.22085 1.59319 0
0.427427 -4.01403 1.85325 0
0.71937 -4.79476 2.07834 0
0.816401 -6.37859 2.2197 0
0.858007 -4.90482 -2.5372 0
0.638638 -4.41656 -0.85082 0
0.473762 -3.69595 -0.162142 0
0.414613 -3.62421 -1.76674 0
0.876877 -3.00777 -1.38518 0
1.61227 -3.0435 -2.21542 0
0.612789 -2.14346 -1.95067 0
0.358842 0.314025 0.665246 0
1.93527 1.70916 -3.09255 0
0.616837 2.49882 1.19177 0
0.831126 3.50684 0.845924 0
1.24762 2.95094 1.09587 0
1.71925 1.70307 0.4559 0
0.406884 1.7854 0.619684 0
0.571035 1.49529 -0.550922 0
1.09543 3.80756 -1.97031 0
0.946142 4.21865 -1.32598 0
0.630759 -3.65459 1.92718 0
0.214658 8.29519 -2.16806 0
0.229577 7.0329 1.75442 0
0.505469 2.05089 -1.69144 0
1.22191 3.47271 -1.93062 0
0.755773 3.58368 -2.33018 0
0.305888 2.05024 -2.02898 0
0.202341 3.27664 2.08256 0
0.478769 2.452 2.57785 0
0.318394 -3.16065 -0.852745 0
0.233899 -1.56322 -0.300175 0
0.415004 5.05138 -0.710381 0
0.368366 7.07182 -2.78482 0
0.389034 0.0634002 2.879 0
0.502806 -0.575344 1.19311 0
0.528775 -0.666253 1.77057 0
1.29489 -0.87995 -1.02714 0
1.00737 -0.729605 -1.30977 0
0.965171 -0.555404 -1.58664 0
2.78951 -0.612316 -1.17746 0
0.901707 -0.615726 -1.414 0
1.31643 -0.479412 -1.52827 0
1.04913 -1.21248 1.25996 0
0.140702 -2.67483 1.40358 0
0.742675 -0.83874 1.61029 0
0.79989 -2.8375 2.68122 0
0.501484 -3.65929 2.7852 0
0.320024 -2.60017 1.37757 0
1.22833 -2.99396 2.53143 0
0.220085 -3.54807 -2.68431 0
0.207576 -7.0156 1.28634 0
0.576228 -5.17817 1.2254 0
1.40898 -6.70093 1.96502 0
0.873044 -6.19141 1.44261 0
0.644872 -4.01832 -1.85767 0
0.906882 -4.44924 -1.0935 0
1.51649 -3.96257 -1.3805 0
0.486419 -2.9473 -1.31041 0
0.0434781 -5.52869 -1.72768 0
1.59635 -3.44083 -0.12269 0
0.423988 -1.74973 -1.64532 0
1.58361 -2.2237 -2.51727 0
6.96092 -2.57819 -2.27298 0
0.916217 0.274868 -0.932875 0
0.931565 0.0474696 -0.87643 0
0.0556948 -0.334081 0.379491 1.7167921312726e-05
0.0195184 -0.348695 0.307973 1.78421286661899e-05
0.208704 1.15602 -0.243473 1.50985304356344e-07
0.405573 0.39689 -1.40506 1.18271736195924e-07
0.143143 2.74066 -2.69195 1.51480971574187e-07
0.529312 2.15489 -2.22012 8.27175949366235e-08
0.0529942 2.67774 -2.03057 0
0.849645 1.34462 -1.96488 0
0.13903 1.6811 2.47328 2.64541565349045e-12
0.0884468 1.50413 -0.161058 0
0.16089 0.569698 0.270009 0
1.46659 -0.139174 -0.183512 0.058423187065031
0.302138 0.550704 -0.571631 74.1112051451747
0.116929 7.7385 -2.3309 1.45209051204258e-07
0.371233 7.41979 2.95943 6.7148552329473e-08
0.204968 8.1455 2.32704 2.59089764427618e-07
0.220222 7.87418 0.981673 5.35151019255717e-07
0.058967 4.75708 -1.05453 0
1.15487 3.64029 -1.9889 0
0.580156 3.25592 2.92415 1.61117943141799e-08
0.537932 3.57105 3.03529 6.58526756913828e-09
0.24431 2.71731 2.8154 0
1.28522 2.97413 2.62313 0
0.265734 3.64989 1.96093 0
0.520507 2.96219 2.43587 0
0.311273 3.05146 1.94586 0
0.464665 2.27436 1.46876 0
0.456216 1.33276 0.853751 0
0.398286 1.44271 1.90338 0
0.602703 1.41633 1.66875 0
0.110366 2.74082 0.979361 0
2.27858 2.53943 2.60426 0.039084617172279
0.371995 2.65376 -0.243038 0.21406190502406
0.17356 3.37605 -0.144176 4.01658556601318e-07
0.0673696 3.71025 -0.215154 2.12002740994159e-07
0.1674 -0.321497 -2.80743 5.60408161846314e-11
0.237884 -0.138806 1.75162 76.9178991404797
0.818764 -0.158803 2.00773 2.01862143959096
0.727361 -0.256395 -1.53214 2.92661683326033
0.362787 -3.06767 2.25031 3.21363740791992e-07
0.359642 -3.47159 1.69169 3.22442669257592e-07
0.0641875 -5.61176 2.61077 2.66586911804437e-08
0.148896 -3.85044 2.80005 2.88675523765534e-08
0.169976 -6.01433 2.09875 0
0.482079 -4.56545 1.72918 0
0.299708 0.0996461 2.2439 0.0418468333477887
0.273882 3.0908 2.88603 0.0109554792415068
0.985338 0.516342 0.0377878 0.699189401373704
0.205948 -1.35746 2.13307 0
0.449241 -0.194636 -0.629554 0
0.485202 -0.215202 -2.42675 0.0180507254305903
0.149405 0.640142 2.3121 0.0720479474211437
1.12706 -1.2904 -0.758891 18.5684531871864
0.219842 -1.08045 -0.217062 113.419747065925
