0.850941 0.431631 1.6979 0
0.619544 -2.11676 0.888617 0
0.548458 -2.68341 -1.05619 0
0.151316 -6.143 -2.10568 0
0.118679 -3.39076 -1.03417 0
0.178698 -1.11242 -0.180678 0
0.272217 -2.00611 -1.69689 0
0.338863 3.55483 2.90375 0
0.557509 2.85183 0.145915 0
0.23797 -2.63994 -1.78384 0
0.445057 -3.11677 -1.38567 0
0.280246 -0.38096 1.44642 0
0.457219 -2.3777 -0.857531 0
0.240221 -0.0480533 -2.59628 0
0.250335 0.574611 0.580216 0
0.2483 1.57428 2.61071 0
0.102287 3.96541 -1.66576 0
0.31511 3.99218 -2.28191 0
0.631577 3.62798 -1.76155 0
0.229508 5.91298 0.22601 0
0.373939 6.04203 -0.755718 0
0.478526 4.71725 -0.570514 0
0.635936 4.30421 1.22352 0
0.873684 3.40418 0.500563 0
1.23412 2.6893 0.995197 0
0.215507 2.84296 2.44826 0
0.365965 -4.15545 -0.609205 0
0.337408 -3.66412 3.14116 0
0.57698 -0.0878661 2.59652 0
0.423089 5.50419 3.04992 0
0.796777 6.62483 -1.49574 0
0.676222 -1.35484 -0.495656 0
0.42408 -0.731766 3.08992 0
1.03849 -1.62165 1.52189 0
0.572412 1.40043 2.57674 0
0.508993 1.61616 -0.605414 0
0.532401 2.43839 0.548523 0
0.405069 3.30004 2.56137 0
0.491147 4.20123 -0.194483 0
0.791493 5.184 2.9988 0
0.782331 6.22144 3.09407 0
0.519744 2.42898 -1.23146 0
0.0826575 -0.726958 -2.1838 0
0.562267 0.05345 1.14399 0
0.734254 -2.3899 1.38977 0
0.253994 -2.74917 1.24982 0
0.447515 -2.61144 -1.20088 0
0.384229 -8.92844 2.4203 0
0.559837 1.16971 -1.85794 0
0.365497 1.92405 -0.925096 0
0.530286 -3.49501 2.53913 0
0.786072 -3.80033 2.40934 0
0.224688 -3.83661 -0.139661 0
0.443459 -1.28114 2.28398 0
0.22978 -2.51136 -0.513128 0
0.259488 -1.60279 3.08828 0
0.376467 0.830192 -2.8463 0
0.500371 -0.328032 0.355812 0
0.445047 2.28424 0.410469 0
0.373293 2.88353 -1.49641 0
0.508432 4.24337 1.35843 0
0.323256 3.46434 -2.01678 0
0.294884 6.6529 -2.26275 0
0.338282 6.00243 -0.837655 0
0.0604238 4.34802 0.860999 0
0.0837785 -5.44768 0.996796 0
0.301185 -7.15622 -1.70788 0
0.477336 -7.28237 1.28937 0
0.325688 -6.37181 2.98848 0
0.564129 -5.20802 2.75359 0
0.225238 -5.03047 -1.14263 0
0.0214254 -7.70607 -1.45741 0
0.301704 -4.40508 1.064 0
0.2542 -0.333209 -2.1835 0
0.185208 0.692465 -2.1388 0
0.339834 2.95678 1.75826 0
0.354337 2.87785 -0.75769 0
0.300669 4.56656 1.7441 0
0.296521 5.27592 -0.941244 0
0.314536 4.38021 2.65579 0
0.139104 5.77425 0.984787 0
0.27605 4.97664 -1.21165 0
0.40864 5.48965 1.36714 0
0.731565 4.58679 -0.68115 0
0.251593 4.36728 -2.70631 0
0.253755 -2.86261 0.63673 0
0.217739 -1.11891 3.01893 0
0.430939 2.22842 -0.00117077 0
0.103707 6.65399 0.136264 0
0.259053 4.21459 -2.68133 0
0.47539 3.20937 1.47267 0
0.189618 3.90933 -1.61192 0
0.413034 1.72641 2.35782 0
0.121363 2.75896 2.49757 0
0.298718 2.67649 1.56555 0
1.19261 0.321574 2.49509 0
0.268986 -0.394739 0.979161 0
0.703645 -2.36194 2.38738 0
0.187768 2.62079 -2.78475 0
0.0320563 8.66473 -2.98263 0
0.825779 1.56182 0.782751 0
0.337615 -0.859221 -0.771894 0
0.362575 0.833208 0.927223 0
0.152717 -2.04964 1.13435 0
0.513639 -3.72574 -1.7332 0
0.521279 -6.02042 3.0357 0
0.198237 -7.13941 0.391626 0
0.294421 2.83104 0.954037 0
0.581842 2.70616 0.118475 0
0.417025 -8.71876 2.9222 0
0.25736 -8.79216 -2.93759 0
0.306708 -4.47632 1.18315 0
0.173834 -3.836 -1.31128 0
0.61932 2.15772 -2.11328 0
0.363939 1.94098 -2.79487 0
0.430899 4.95316 2.12254 0
0.135012 3.62251 1.26806 0
0.241542 3.75758 3.06325 0
0.298058 3.8243 -1.3451 0
0.232335 0.998114 -1.45679 0
0.594561 1.41116 -0.181536 0
0.487993 0.634281 -1.49305 0
0.303751 1.00025 -0.444544 0
0.436369 -0.654368 2.858 10.8960061465956
0.262723 -5.97528 -1.5881 0
0.103568 -7.54633 2.69766 0
0.360261 2.61352 0.929352 8.81618701173634
0.358818 1.98479 1.88445 16.372428623138
0.223898 2.49868 -0.0255878 17.2247038388429
0.669724 3.228 0.0963787 2.77427568898144
0.361483 -1.96258 -2.3151 15.4807465229743
0.194667 -1.08793 -2.39416 64.0799722794363
