0.428449 -5.9184 0.170597 0
0.400128 -3.69986 -0.0931842 0
0.0769526 -6.84108 2.34899 0
0.745221 4.71562 0.320652 0
0.482557 8.10785 2.86648 0
2.84654 0.106159 2.73762 0
0.798373 -0.0631328 2.23937 0
1.66591 -1.16262 -2.36838 0
1.49546 -2.86357 1.96101 0
0.910708 -4.28174 1.8914 0
2.29865 -2.15283 1.02561 0
5.20431 -2.21845 -1.67136 6.78177711598788e-15
1.39145 -1.69796 -1.4865 3.29603956775707e-14
0.754539 -1.35201 -2.56401 6.53770767836873e-14
0.28534 0.558402 2.55644 1.43614237303714e-13
1.4942 1.26229 -2.92326 0
0.570348 -0.404317 2.25764 0
1.27801 -0.626299 2.74578 0
0.41241 -1.27831 -1.10133 0
0.834016 -3.73786 2.03654 0
1.48827 -3.48157 1.60918 0
3.2852 -3.55578 1.94525 0
0.865635 -3.10025 2.38148 0
1.22109 -5.04516 2.8783 0
0.175388 -5.09501 -0.0466627 0
1.22706 -4.84862 2.17423 0
2.26245 -5.00179 -2.9932 0
0.312409 -6.58577 0.309093 0
1.41282 -5.83275 -2.17002 0
0.149684 -5.25049 1.11496 0
0.306773 -6.67151 1.07581 0
1.0114 -5.51307 -1.97516 0
0.616262 -5.43221 0.614475 0
0.991276 -3.92118 -0.142653 0
1.48158 -3.82728 -0.593276 0
0.318135 -1.62466 1.15823 0
0.127094 0.541817 1.48115 0
0.185156 0.394056 0.0639192 0
0.28677 0.652062 1.22288 0
0.543855 1.14192 1.55287 0
0.846421 2.52152 -0.882 0
0.100673 2.14032 2.08513 0
0.606795 3.16362 -0.552569 0
0.379481 7.39437 -0.779303 0
0.609619 2.97797 0.348191 0
0.33232 0.481096 -0.801928 0
0.295473 2.06156 -2.6186 0
0.802059 0.956168 -0.851523 0
0.277628 -1.40553 -0.696931 0
0.170499 -3.89532 1.90651 0
0.726567 -2.40797 -0.686321 0
0.925173 -3.14267 2.69542 0
1.44837 -0.868262 -2.80689 0
2.7491 -1.13448 -2.93056 0
1.23979 -1.12797 2.94282 0
0.74371 -0.997937 3.10215 0
0.1441 -3.16797 -1.41164 0
0.101607 -4.6595 3.08859 0
0.613288 -5.87978 -1.46529 0
0.222856 -4.74534 -0.0407654 0
0.723213 -3.62894 -1.20805 0
0.768003 -2.60591 -1.94409 0
0.33593 -1.56095 -0.791354 0
0.555479 2.97252 -1.62054 0
0.669996 2.44216 -1.45312 0
0.155562 3.19018 -0.0306295 0
0.409606 4.96855 -2.05339 0
0.165938 5.87834 2.92898 0
1.44223 3.75783 -2.92469 0
0.16157 1.5384 -2.44025 0
0.213212 -0.287896 -0.746127 0
0.635563 -8.13785 1.7025 0
0.409089 6.32384 1.88456 0
1.27341 5.56442 1.04236 0
0.0854601 8.29159 2.36253 0
0.205373 9.33181 -1.24376 0
0.0713555 9.43898 2.59084 0
0.118423 0.684752 2.12013 0
0.37113 -0.570102 -2.13497 0
0.258054 0.554667 -1.07802 0
0.568941 -1.56583 -2.46916 0
1.76935 -4.09269 2.23353 0
0.397487 -4.5653 0.982861 0
5.1753 -2.30468 -1.76198 2.35897214390876e-15
2.83278 -2.04293 -1.96765 1.33476611971946e-14
0.605737 -2.53161 -1.95578 6.75653135746906e-15
0.220244 -1.54337 -0.253553 7.59001750874948e-14
1.02865 -2.11799 -1.53138 1.33340862741174e-14
1.65626 -0.809293 -1.7176 1.042846237011e-13
0.425127 -0.328411 -1.55946 1.50884368512962e-13
0.488209 0.129727 -2.90128 1.72226218915632e-13
1.48606 0.347155 -2.73365 1.68105174054818e-13
0.44298 1.38767 -2.1558 0
0.954014 0.478075 2.44209 0
0.412746 -0.23067 -1.88114 0
0.876858 -3.6976 1.79883 0
0.314869 -1.88311 -0.897005 0
0.979486 -5.43804 -2.41796 0
0.346926 -3.66558 -0.71355 0
0.293859 -4.82483 -2.4316 0
1.6594 -3.40163 0.305043 0
0.454205 -2.89425 -0.371468 0
1.70209 -1.42925 0.191808 0
0.318493 1.51998 0.290065 0
0.293709 3.37508 0.890159 0
0.293542 6.34447 -2.96869 0
0.0975918 3.48104 -2.60857 0
0.518583 3.37744 -0.832996 0
0.147434 2.74703 2.36362 0
0.624174 3.39464 -0.254689 0
0.191045 2.69989 -1.66178 0
0.42019 2.80112 -2.88365 0
0.265084 -1.29228 -0.24609 0
0.172222 -0.352217 1.4479 0
0.800926 -0.524714 -1.83666 0
0.274493 1.01589 -1.19906 0
0.464206 -0.824417 -2.46506 0
0.365071 -1.40803 -0.452164 0
0.335815 0.595388 0.461724 0
0.409249 1.96348 -2.79557 0
0.673064 2.25554 -2.87308 0
0.462868 3.65652 -2.20957 0
0.206754 7.42514 1.37824 0
0.254196 5.77322 -2.41674 0
0.346676 3.80222 -2.50165 0
0.499528 4.47496 -2.90869 0
0.612016 2.40717 -2.4811 0
0.213506 3.65601 -2.32311 0
0.206036 2.5091 -0.227672 0
0.299562 0.674559 1.0543 0
0.190364 -0.676228 -0.0646084 0
0.323943 -3.14784 0.325104 0
0.155234 -6.60421 -1.51365 0
0.211489 -6.83287 -0.304632 0
0.0803329 -6.55373 -2.39785 0
0.315582 -6.82755 -1.97589 0
0.143986 -8.18891 1.75701 3.53613430725096e-08
0.217258 -7.72063 0.720369 9.16411456505833e-08
0.78652 4.33906 0.202896 0
0.236996 3.92527 0.286318 0
0.465168 -0.202796 2.46284 0
0.400978 0.7219 3.03687 0
28.7124 -1.9432 0.845376 0.0680745154993345
1.24312 0.261796 -2.20739 0.878135807222928
0.330293 0.15728 -2.54673 3.38515380340345
4.34505 1.12451 2.93206 0.0472827173770684
0.0468823 2.39751 -1.2052 1.11280377427348
0.681819 0.792605 -2.42867 0.981552685680998
0.137351 2.05618 -2.57648 0.737616481367265
0.17802 -2.72836 3.05069 0
0.510242 -2.94302 1.18216 0
0.0822619 1.21154 1.4055 0
0.339553 1.60704 -3.02161 0
0.227571 2.79889 -1.45507 4.21137964536969e-08
0.137216 3.18395 -2.20503 2.31648651356682e-08
0.119974 5.92924 2.02572 0
0.232331 6.5957 0.790651 0
0.442187 5.10937 -0.62121 1.00791126925819e-07
0.158255 5.3277 0.0195811 7.6112613390617e-08
0.0578694 1.61054 -0.943672 1.50684714536029e-05
0.276781 1.58083 -0.971594 1.31485622818943e-05
0.106 0.650401 -3.06976 0
0.189059 0.622939 -1.13147 0
0.129985 -1.28883 2.48989 0
0.0967411 -3.23181 1.5942 0
0.0877645 -2.22649 -2.69232 0
0.319025 -2.74013 -3.03162 0
0.0954592 -3.21767 -1.77264 0
0.112854 -4.06541 1.58314 0
0.111536 2.30701 3.13117 0
0.212812 1.44051 1.94033 0
0.206789 1.15113 -0.209119 4.66687731571622e-09
0.198635 1.97306 -0.580839 1.70932918716982e-09
0.116203 2.09313 -1.03616 5.76041553852266e-08
0.0791268 2.07726 2.51745 3.36612331715821e-08
0.322332 4.64087 -1.94201 6.81291397961129e-10
0.0935359 5.08948 -1.59661 1.93384674977408e-09
0.142894 -1.93747 -1.38911 3.44027807701303e-07
0.269108 -1.3064 -2.86919 2.55753124291758e-07
0.10436 -6.1151 0.625565 0
0.136008 -5.47869 1.92934 0
0.714786 1.62484 -2.19913 6.02172264736183
0.111839 2.09091 -1.50279 24.8102623747071
0.279399 -0.733352 0.151034 4.37868002692387
0.0658161 1.43717 -1.27762 10.6928346818298
0.0835752 1.77584 -1.99853 17.2811219948102
0.445341 0.231666 2.96467 9.59704312845237
1.02292 -1.36034 -1.03945 2.42012154289511
0.29647 -1.3479 -0.721591 8.43113187142245
0.0576171 2.15338 -2.71223 1.92220822106963
0.315836 0.100423 1.25291 1.52255741306891
3.08808 -1.07975 -3.09618 18.0831790534663
2.72242 -0.939772 -3.07534 22.8016607235109
0.0521308 3.70434 2.88801 15.8786065312869
0.498169 3.20463 -1.10715 2.75663035804418
2.25532 -1.90294 0.780577 0.0625081534408034
0.0205395 -5.13027 -1.07681 2.5019559222928e-05
0.0186736 -4.73887 2.78233 4.52738773305054e-06
7.51485 -1.95859 0.728656 0.171652974542838
21.9127 -1.89551 0.796173 0.102630388065867
0.695129 1.32625 -3.03462 11.2575887840081
0.869921 1.25859 2.71779 9.54286983172302
