1.02233 3.44748 -1.93184 0
0.203442 6.65398 0.451838 0
26.5959 0.209308 -2.76454 1.03580774141916e-13
0.363162 -0.110142 -2.33061 1.68024335280302e-13
1.45812 1.19078 -0.103336 2.12006255999221e-13
2.06692 1.13089 0.367191 2.14508265735522e-13
4.59293 1.34333 0.339388 2.11029193714027e-13
59.5701 2.27514 0.0399566 0
31.3411 2.2796 0.0311075 0
2.13277 2.12777 0.287497 0
2.53492 2.21823 0.294052 0
1.72962 2.29179 0.344257 0
0.154931 3.39145 -1.89617 0
0.29983 -5.86885 0.954622 0
0.454987 -4.42351 0.75451 0
0.368239 -0.305085 1.70107 0
1.43181 -0.537595 0.371297 0
3.39982 -1.26475 0.366961 0
1.70134 -0.658314 0.661819 0
0.794892 -1.08182 0.896209 0
7.89325 -0.649513 1.02654 0
0.174708 -0.649079 0.811344 0
0.863959 0.612351 1.88515 0
0.126193 3.14529 -2.50494 0
0.585386 2.21723 -0.981852 0
2.75264 1.87315 -1.48152 0
4.20328 1.84674 -1.68324 0
6.98042 1.88168 -1.55688 0
8.0437 1.84328 -1.66284 0
0.343695 2.07024 -2.16627 0
3.0957 1.82636 -1.64577 0
2.27303 1.86333 -1.89833 0
2.37766 1.99545 -1.86195 0
1.16771 1.55539 -1.7723 0
3.37993 2.62699 -2.00746 0
0.781095 3.07824 -3.07518 0
0.429809 1.08967 -1.3547 4.5449087208313e-14
0.128219 -2.82883 -0.795643 3.18981125910108e-14
0.367916 -3.36019 -0.427594 3.10020734748988e-14
0.113937 -9.45105 -2.91192 3.3666703914369e-14
1.90978 3.27589 -2.69296 0
0.795095 3.73078 -2.80111 0
1.19096 3.52172 -2.78131 0
1.15394 3.79982 2.70797 0
0.181383 4.63767 -0.421932 0
0.505933 5.26682 -2.92556 0
6.4106 0.328073 -2.70557 8.1184204907863e-14
0.261693 -0.298892 -2.49365 1.83937791220143e-13
1.5402 2.74801 0.340715 0
0.720131 2.69035 0.0391445 0
0.268489 2.18489 -2.4729 0
0.508373 -3.50145 -1.07936 0
1.68848 -4.21894 -1.3881 0
1.13346 -3.38115 -0.779406 0
0.512198 -2.45543 1.15472 0
0.356184 -2.7524 -2.0016 0
2.51596 -1.04108 0.590084 0
1.31858 -1.36202 0.655684 0
2.02714 -1.02027 0.340058 0
1.90189 -0.90675 0.936953 0
1.30859 -1.09785 0.861142 0
0.126802 -1.23336 1.15914 0
3.32087 -0.946934 0.966069 0
2.35811 -0.70023 1.14263 0
0.407046 -0.878046 1.86458 0
1.25325 -0.982039 1.74374 0
0.403295 -0.888403 2.12744 0
0.365744 -0.386627 0.787828 0
0.188685 0.896166 -1.36869 0
0.416888 -0.582911 1.75328 0
0.461649 0.00113258 2.60655 0
0.285311 -1.11937 0.269604 0
0.423435 0.594358 -2.39891 0
0.203954 0.603756 2.59939 0
0.406876 2.23449 -0.194656 0
0.81574 1.42919 -0.482428 0
1.28133 2.0549 -0.864296 0
0.554852 1.35187 -0.597175 0
0.43907 1.44995 -1.49395 0
0.364251 1.73448 -1.47672 0
0.496981 1.77167 -1.28933 0
10.2302 1.90251 -1.6354 0
13.2211 1.83747 -1.60079 0
0.402297 2.90896 -1.64143 0
0.288444 1.41764 -2.97833 8.72294838829658e-15
0.112634 -1.24651 0.228196 8.05515612128855e-15
0.175165 -3.08228 -2.05931 3.81339313394179e-14
0.32568 -4.14424 2.78692 3.50498815864322e-14
0.169117 -4.76034 2.61725 3.42722368658359e-14
1.11501 -5.6417 0.881817 3.32686970282196e-14
0.0793374 -4.92663 -1.20538 3.37237671935788e-14
0.95085 -8.74982 0.314222 3.36380581650578e-14
34.919 3.89781 2.02237 0.00483280370262546
0.127282 1.74823 -2.98038 0.35635506607959
0.032357 0.337001 1.43511 13.2616091228839
1.26554 1.08596 0.387598 2.14925177951797e-13
0.199781 1.28171 -0.468984 2.0469420160636e-13
0.818828 1.26488 0.373004 2.12579790578903e-13
0.638051 1.53376 0.0835418 2.0557549148446e-13
0.359344 1.67522 -2.69697 0
0.380966 2.50714 -2.19065 0
0.0772572 -2.98638 0.147388 0
0.30528 -4.02637 -2.93045 0
0.494011 -3.71321 -0.306213 0
0.256489 -4.19879 -1.50725 0
0.1042 -2.05118 -0.25682 0
0.580963 -1.5801 0.395186 0
1.60912 -0.651362 1.01696 7.37893955925504e-08
1.1557 -0.721744 0.939359 6.08852745330484e-08
0.465782 -4.33833 0.236068 3.20815824265366e-14
0.276863 -4.02113 -0.660999 3.26858591815242e-14
0.282227 -8.08135 -2.34335 2.15932866945477e-09
0.0392699 -9.33203 3.04085 1.75485653426788e-08
0.043315 2.47727 -0.913941 37.6878182473003
0.279766 2.8639 -2.79639 3.98955276791037
0.173908 1.10937 -1.80602 5.59814889900643
0.242202 1.13801 1.48551 3.92575997254685
8.0907 2.33062 0.0504632 0
16.3161 2.25275 0.0642343 0
2.66946 1.7047 -1.80708 0.0564557347491913
1.1025 1.63609 -1.72924 0.00147751347021762
1.53637 2.10527 0.193251 0.366610676078808
0.477066 2.3351 0.382294 0.0417513845837332
0.086885 2.49503 -0.344622 3.87845320475095
0.885565 2.18765 0.522132 0.69759461415692
0.657073 2.61051 0.293843 0.263669339141927
0.361954 2.21723 -0.261545 0.777525184485112
3.79034 2.30089 0.457357 0.126843926071338
1.30526 2.47158 0.36045 0.106659962539037
0.632531 2.84507 -0.133332 0.668245215131902
0.619206 2.69806 0.44307 5.44596325353407
1.02967 2.20401 0.573771 5.31995545596274
