0.939979 0.0944547 0.410635 0
0.45448 -5.36007 -0.690059 0
0.156183 -5.16099 -3.00436 0
1.84807 -1.92694 -2.9881 2.76484676116519e-14
0.748551 -1.32898 3.00304 5.37689616080548e-14
0.866326 -2.79483 1.28657 0
3.56223 -3.17256 -2.44587 0
1.22465 -1.74364 -1.35693 0
1.11257 -1.81218 -0.352639 0
1.32448 0.36483 -0.0982233 1.18950443387145e-13
1.17575 -0.376915 -0.323322 1.27888815375331e-13
0.354947 -4.42705 -1.17279 0
0.156611 -5.4707 -1.85105 0
0.407382 -5.56966 -2.84281 0
0.294869 -6.02287 -1.18651 0
0.657496 2.36218 -2.11933 0
0.309487 7.42282 1.33866 0
0.124978 8.64809 -0.544533 0
0.485395 5.7358 -1.27162 0
0.752866 5.36321 1.16447 0
3.10923 3.67832 0.788073 0
0.654631 2.54529 0.612633 0
1.10612 3.39391 0.213737 0
0.399418 3.16533 -0.334624 0
1.10163 2.84953 -0.541266 0
1.38992 1.86749 -0.635259 0
1.07485 1.67699 -0.346481 0
1.31951 1.91976 -0.670363 0
0.236466 -1.03388 0.499755 0
0.292286 -0.301626 1.91477 0
0.82438 -0.347295 2.37181 0
0.521323 -0.16931 2.75186 0
1.09542 -0.876818 -2.70328 0
0.88405 0.0542084 2.5256 0
0.939599 3.50912 0.85413 0
0.0775659 4.68341 -1.20476 0
1.17737 4.22286 -1.49147 0
0.919997 -0.940836 0.035399 0
0.964641 -4.21867 1.93787 0
0.798231 -0.753652 3.04982 9.3334281023193e-14
0.703521 -1.96628 2.30509 2.43938341349742e-14
0.873075 -1.15985 2.42605 6.43629817211539e-14
0.151944 -1.0298 -2.219 8.2273932598199e-14
11.7742 -1.06213 2.57642 7.05297332484194e-14
0.943954 -3.3371 1.84001 0
0.682613 -3.31315 -2.91578 0
0.592577 -4.26964 2.76813 0
0.493259 -3.8452 3.13474 0
3.01551 -3.03136 -2.29754 0
0.396091 -3.58613 -2.19927 0
0.400434 -2.88347 -2.0045 0
1.53463 0.337692 -0.122728 1.20356640523548e-13
1.12865 0.0765143 -0.644431 1.30356504449841e-13
0.446557 -1.54162 -0.919182 6.55368371170613e-14
0.204985 -2.0428 3.14151 2.22592169307846e-14
0.391167 -6.46242 3.07932 0
0.0363869 -5.37624 -0.744405 0
0.5713 -2.89744 0.977738 0
0.739291 -3.75749 -0.013138 0
0.0283002 -7.24585 2.21431 0
0.162187 0.827731 -3.00833 0
0.203551 3.12498 1.69184 0
0.467896 8.88633 2.76862 0
0.570596 5.76446 1.82793 0
0.901289 4.03449 1.28302 0
0.574515 3.94803 0.335775 0
0.245426 -0.379572 -2.70018 0
0.356323 -2.19744 -2.42493 0
0.298096 -0.968304 -2.18568 0
0.498613 -1.48607 2.73765 0
0.175699 -0.922892 -0.592144 0
0.470304 1.67573 1.70362 0
0.0930818 0.889016 -2.72863 0
0.455776 2.57084 1.842 0
0.214037 2.07991 0.576392 0
0.367936 3.67506 2.83397 0
0.535323 3.68865 -0.550067 0
1.78383 4.1054 -1.14169 0
0.0859142 5.73656 0.064752 0
0.200198 4.20103 -2.46176 0
0.0865872 -5.79799 0.653155 0
0.338833 -5.82232 -1.76281 0
0.126011 -4.36405 -1.8908 0
0.348476 -2.91579 -0.569288 0
0.295384 -5.2957 0.562957 0
0.150304 -6.32539 2.52615 0
0.538977 -5.32989 0.536478 0
0.67815 -5.69777 1.10866 0
0.159585 7.62432 -0.286476 0
0.0822754 6.06463 -1.76199 0
0.203391 -1.13424 -1.7043 0
0.232977 1.16082 2.44303 0
0.130379 1.41107 0.336327 0
0.17131 2.75533 0.475139 0
5.34194 0.209618 -0.51283 0.154348271376295
6.14676 0.138163 -0.45771 0.0858515185119177
1.85376 0.0667334 -0.289568 0.564912772373913
4.14234 0.16907 -0.560689 0.211690526463852
