0.405851 -0.475513 -2.59027 0
1.10063 -1.01546 2.34692 0
0.801358 -2.83302 0.508195 0
0.218273 -2.10729 -2.94686 0
2.04473 -2.46848 2.05225 0
0.163276 -0.762867 2.43761 0
0.379018 -1.44272 0.238492 0
2.60598 -1.62567 -0.240674 0
1.28028 -2.24578 2.78399 0
1.94655 -1.54727 -2.59678 0
0.74625 -2.15846 -2.47947 0
0.483352 0.377523 2.48285 0
0.376706 1.49374 2.04999 0
0.359501 -3.53286 1.19743 0
0.94451 -1.84997 -1.28452 0
1.69462 -1.08338 0.0253018 0
2.2279 -1.61848 -0.362801 0
0.153668 -1.86615 1.27299 0
0.608855 -0.523932 -1.54535 0
0.385137 0.160817 -0.336709 0
1.60009 5.46183 2.64228 0
0.403453 5.46377 -2.90871 0
0.383566 3.85222 -1.56139 0
0.737692 2.96224 -1.87936 0
0.368641 3.6767 -1.91467 0
0.467515 4.13349 -1.36467 0
0.503301 1.86525 3.08815 0
0.469677 1.27496 -1.47909 0
0.300263 1.43471 0.537101 0
0.773189 0.518419 -0.284593 0
1.60541 0.36077 0.203471 0
0.22569 -0.922598 -1.90772 0
0.779871 0.165283 -0.750737 0
0.328113 -1.4657 0.0880241 0
0.419726 1.46669 3.13889 0
1.9018 -0.430211 3.07657 0
2.09225 -0.167697 -3.09326 0
2.73426 -0.600611 3.10846 0
0.648678 -4.6719 -1.58471 0
0.336985 5.12442 -2.76465 0
0.670304 2.48354 -1.44224 0
0.752838 2.67047 2.94842 0
0.0991899 -0.567434 -1.09853 0
0.0696163 2.35153 3.07303 0
0.635546 0.0528039 0.900334 0
0.54542 -0.407205 1.48343 0
0.32487 -0.888592 1.27241 0
0.207718 -0.766581 -2.20378 0
0.347284 2.42413 2.71616 0
0.304246 4.41798 -1.54458 0
1.16525 4.49335 1.81144 0
0.346662 4.82037 -1.88864 0
1.90841 6.32901 0.969505 0
0.292942 0.448416 -0.16532 0
0.206791 -4.20063 -0.763882 0
0.655856 -4.8113 2.87758 0
0.580204 -6.47558 -2.6687 0
0.967035 -2.31305 -0.386625 0
1.2693 -4.90014 2.11562 0
0.289736 3.11151 2.27674 0
0.366329 4.2249 -1.56197 0
0.137142 4.25968 -0.877247 0
0.297097 4.41876 -0.866184 0
0.157358 5.04645 -1.07767 0
0.437536 5.5013 -0.693835 0
0.276029 6.39045 2.70743 0
0.463042 6.24989 -1.13508 0
0.204361 6.09889 -0.148462 0
0.501901 6.96404 -1.4785 0
0.47857 6.22908 -1.77617 0
0.332132 -8.6487 -1.22384 0
0.418826 -0.424957 2.06023 0
0.168461 -2.00051 2.63049 0
0.811825 -0.859959 -1.10994 0
0.536617 -2.11812 1.87522 0
0.540202 -1.21921 1.29784 0
1.78368 -2.7592 1.47827 0
0.49585 -2.9969 2.57714 0
2.42854 -2.5377 1.94564 0
0.327972 -2.69301 1.31092 0
0.42081 -2.48731 1.30741 0
0.901666 -1.47827 0.0901557 0
0.719326 -1.97228 0.884263 0
0.970222 -1.21493 -0.0424977 0
1.94243 -1.67213 -0.458724 0
0.503086 -1.60856 0.822445 0
1.36172 -1.08095 -0.745623 0
0.255039 -0.350963 2.54516 0
0.285434 -2.12797 -1.11378 0
1.03152 -1.75262 2.24103 0
0.232285 -0.44643 2.65868 0
0.424219 -1.90535 -2.86134 0
0.542747 -0.411271 2.45358 0
0.766834 0.765701 -0.269548 0
0.559084 -1.25074 -1.20699 0
0.286139 -1.25517 0.763429 0
0.168485 -0.405754 2.6195 0
0.291961 -2.82803 -2.34643 0
0.994847 -3.79266 -2.23964 0
0.782591 -3.55551 -0.96926 0
1.23828 -3.39197 -1.83872 0
0.268849 1.04415 1.36114 0
0.189765 3.97641 -0.0705923 0
0.989821 5.29495 0.969541 0
0.442747 6.20334 -1.23421 0
0.110862 6.69865 -0.946915 0
0.181178 3.51546 -2.9284 0
0.643671 2.05745 -0.139241 0
1.23726 3.13401 -0.709173 0
0.289544 3.01259 1.61787 0
0.559044 2.36232 -2.88734 0
0.699199 0.293933 -1.11469 0
0.269928 -0.343393 -2.76968 0
1.90891 -0.16442 -0.10108 0
0.161995 1.01885 -2.74254 0
1.00596 0.188201 0.338786 0
0.447307 0.00889956 -1.97355 0
0.435589 1.40032 0.033395 0
0.245453 1.09302 0.166978 0
0.333957 2.43133 -0.0533882 0
0.494914 4.7228 -2.09164 0
0.109649 4.55697 -2.21332 0
0.196255 6.9092 -2.88509 0
0.235078 5.6404 0.503885 0
0.219009 4.20312 0.206578 0
0.578683 4.08825 -1.27175 0
0.162563 0.204395 -1.84106 0
0.961564 1.65744 2.00289 0
0.340811 1.55666 2.43382 0
0.128969 -0.206948 1.14806 0
0.092883 -2.1169 -0.844184 0
0.272141 1.75678 -2.78373 0
0.587967 5.07329 -1.8326 0
0.0778124 7.33297 2.86066 0
0.851878 4.94994 0.514243 0
0.221965 6.56612 1.60337 0
0.330239 2.61124 -2.38981 0
0.519018 -2.13784 -2.45432 0
0.225469 -1.34656 1.6136 0
0.260844 -3.74725 -0.785662 0
4.24276 -0.394392 -3.00585 0
0.445412 -4.68049 0.226477 0
0.119167 -6.6166 2.35716 0
0.309389 -4.61755 1.53798 0
0.309324 -5.20904 3.00188 0
0.977796 -4.751 2.94021 0
0.645237 -4.48292 2.19289 0
0.56752 -4.32409 2.62285 0
0.52733 0.569638 0.722517 0
0.252819 -1.14054 0.873662 0
0.444693 4.79804 3.00574 0
0.208005 2.56435 1.71019 0
0.364941 6.08882 -2.23096 0
0.950285 4.74235 -2.70403 0
1.28583 2.23405 -2.25312 0
0.697804 -0.309728 1.95213 0
0.141699 -1.30428 -0.0467387 0
0.185811 -1.7742 -2.77336 0
0.517729 -5.42407 -0.0383641 0
0.224433 -5.28035 2.23235 0
0.576049 -7.9328 2.77498 0
0.498826 -0.672651 -0.618701 0
0.0528779 1.5098 -0.582767 0
0.245977 -0.561647 0.281828 0
0.161052 -0.871228 -2.8486 0
0.903565 0.744132 0.483611 0
0.0366773 1.22021 -1.51546 0
0.191986 -0.243963 1.08865 1.49375595792479e-07
0.227903 -0.425715 0.431134 1.90457988759157e-07
0.167938 5.8686 2.45992 1.11742596069089e-10
0.412302 4.33998 0.146837 0.188165196813003
0.316148 6.04577 0.471801 0.128999195446512
1.00211 4.52863 0.181368 0.121733507083259
0.537693 5.63857 -1.62977 0
0.194883 5.70044 -2.43647 0
0.499928 2.20754 -2.1901 0
0.148743 2.7012 -1.17678 0
0.235448 3.10438 -0.975506 0
0.37791 3.94237 -0.934194 0
0.0784405 3.22151 -2.85666 2.20514937891914e-07
0.498389 2.2327 -3.12467 6.4672115715157e-08
0.730116 -0.0213537 2.84145 0
1.14725 -0.00345312 -3.06299 0
0.466648 -2.58571 -3.0224 0
0.24586 -3.70377 -2.88322 0
0.506324 4.75651 -1.41747 0
0.34368 4.10304 -2.00127 0
0.127535 1.27639 1.02889 0
0.0919177 1.98745 2.14079 0
0.182755 6.06497 1.63886 0
0.335113 6.23476 -1.74352 0
0.127805 5.43243 -0.805367 7.07181127968622e-08
0.0348482 5.8387 -0.359462 3.60830706972769e-08
0.0442287 -3.61105 0.225007 0
0.201514 -0.685163 3.11303 0
0.203399 -2.60356 -2.65916 8.02957598889708
0.155859 -1.50809 -2.27282 29.9124206228067
0.599265 -2.32321 2.93894 4.79933402285444
0.410641 -4.82007 2.28783 0
0.0885818 -5.54956 -1.91077 0
0.354141 2.4993 1.01856 3.14004486168492
0.145916 3.4255 -0.734521 3.04561740407148
0.177308 -2.59815 2.46299 61.2095655916252
0.306667 -2.96637 0.552838 24.5766653044702
0.626582 5.24891 2.61879 0.061847262595102
0.136268 6.81633 2.50788 0.0667306705814579
0.0147745 1.81966 -0.183086 0.00010492164690798
0.0173965 0.027369 -0.401366 0.000234233675907414
