110.681 -0.854415 -2.50613 1.76925051909121e-14
72.033 -0.0282729 1.32871 0
9.5012 -0.00332731 1.34223 0
1.50788 0.201132 1.49379 0
3.37464 -0.279895 1.25433 0
1.8099 -0.864569 -2.94168 0
2.22859 -1.11682 -3.00124 0
0.216572 -1.93607 1.99932 0
0.21338 -6.75683 1.57125 0
0.677603 2.37637 -1.20022 0
0.404806 2.54226 -1.9497 0
1.61578 0.95253 -1.48234 0
1.91185 0.887472 -1.46725 0
4.33356 1.22512 -1.4326 0
9.51078 1.15711 -1.48412 0
0.648479 1.58136 -1.34738 0
3.74027 -0.137177 -1.37388 0
0.316324 -0.140575 -0.467462 0
3.91694 -0.313931 -1.60196 0
5.08027 -0.981661 -1.41358 0
0.943108 -0.846469 -1.90543 0
5.24284 -0.963252 -1.50973 0
2.50531 -0.788906 -1.0184 0
0.246925 -1.86642 -0.933513 0
1.11559 -0.733285 -0.574165 0
0.978081 -0.209358 2.52862 0
0.560008 -0.897312 2.83822 0
7.24778 -1.66477 -1.63039 1.95879175037125e-14
0.593923 -1.47514 -0.904485 3.69025851951008e-14
0.333914 -4.98016 1.75613 3.28933139645033e-14
0.208303 -3.97739 -0.019009 3.37664820567095e-14
0.10176 -4.8352 -1.04246 3.20929834569457e-14
0.687527 -4.74991 0.248917 3.31956471753539e-14
0.569263 -6.41665 0.453328 3.25618991666149e-14
0.848676 -6.96863 0.985075 3.24981180272757e-14
0.392347 -8.98212 1.42704 0
0.148604 -6.77103 -2.5338 0
0.217066 -6.28485 -2.15657 0
0.826502 -4.39583 -1.73041 0
0.17824 -2.93994 0.858642 0
1.19819 -0.845549 -0.146209 0
0.692103 -0.946531 0.548277 0
0.246141 0.478353 -0.461521 0
1.02825 -1.45312 -0.997966 0
0.615528 -0.124595 -0.813395 0
0.401686 -5.4886 0.578132 0
0.163606 -8.18978 -0.651429 0
0.305765 -5.86256 2.60972 0
0.483516 -4.77792 0.922869 0
0.996037 -4.94997 3.05848 0
0.168366 -3.32337 0.554531 0
0.637366 -6.27857 -1.67705 0
0.523555 -5.06006 -1.03522 0
0.813857 -4.82166 -0.7393 0
0.344703 -5.59983 0.682963 0
1.2591 -4.20846 -0.0446865 0
0.286067 -0.914376 -1.74039 0
0.138787 -0.943888 1.51961 0
0.0835568 -1.41125 2.62045 0
0.0806359 2.82128 2.49447 0
1.59732 2.946 -0.126751 0
0.194218 3.19113 -3.06713 0
0.147722 3.12845 -2.31689 0
0.317135 4.20734 -0.889028 0
0.542213 3.03743 -0.0820868 0
0.259302 4.33391 -1.37538 0
0.26018 3.18735 -0.201131 0
0.371216 6.08123 2.93649 0
0.118357 6.56376 -1.97169 0
0.139381 7.30376 -0.445014 0
0.818136 6.6066 2.44373 0
0.493575 4.48141 -0.992822 0
0.35495 4.22057 0.874199 0
0.681919 4.02227 1.45806 0
0.79622 5.31606 -1.28678 0
0.588165 5.98098 0.560012 0
6.26381 -0.0697247 1.32038 0
0.0780726 1.13944 -1.14383 0
0.868857 0.322071 1.53674 0
0.616166 -1.65163 -2.63234 0
0.291603 -2.8407 1.97189 0
0.919167 -3.35776 -0.881871 0
0.442985 4.02408 0.110794 0
0.724411 4.1053 2.34189 0
0.102662 4.0549 -1.11314 0
0.346637 1.37607 -1.23211 0
0.944255 1.0292 -1.04218 0
2.17628 1.36092 -1.51742 0
6.61453 1.19106 -1.5415 0
4.48039 1.08595 -1.57942 0
0.550663 0.18717 -1.28006 0
1.0598 1.0498 -1.47797 0
1.06189 -0.160612 -0.870866 0
1.26738 -0.733868 -1.61601 0
1.6768 -1.06318 -1.21178 0
1.002 -1.0314 -1.71716 0
2.1598 -1.0132 -1.13198 0
0.664199 -0.815961 -2.96631 0
0.788703 -0.571195 2.65544 0
0.677438 -1.8351 -2.69284 1.68102355320945e-14
0.589974 -2.39591 -0.897219 3.20076201655719e-14
0.669898 -1.9978 -1.98391 1.73082641554802e-14
1.16866 -4.66261 -0.426464 3.2697464945905e-14
0.674666 -5.81835 -0.341567 3.25115365544869e-14
0.448179 -5.38452 -1.52934 3.2005017758389e-14
0.335655 -4.41622 2.81791 3.19120188176303e-14
0.441746 -6.67391 0.95227 3.25352102945456e-14
0.262293 -7.44101 -0.330759 3.24154419737145e-14
0.287478 -6.01422 0.397205 3.26395161566312e-14
0.786367 -7.44607 1.46605 3.24466008750374e-14
0.186394 -6.63902 2.89891 3.2325775469817e-14
0.515766 -3.82495 0.520086 0
0.292004 -3.22908 1.91002 0
0.339877 -1.91482 1.2987 0
0.122527 -2.40723 0.504739 0
0.911761 -0.641425 0.292099 0
0.446007 -0.693948 -0.972076 0
1.09875 -0.920148 0.0619093 0
1.076 -0.597912 -0.641867 0
0.80229 -1.34633 -0.929675 0
0.510166 -0.703099 0.198472 0
0.447798 -0.830481 0.552816 0
0.255672 -1.0681 2.6482 0
0.247016 -5.06312 2.45669 0
0.122505 -6.36819 1.33541 0
0.104753 -5.46819 -2.77545 0
0.274301 -4.23994 0.886267 0
0.296782 -3.19458 -1.92815 0
0.361721 -2.95888 2.36203 0
0.710804 -0.514818 -2.83863 0
0.114212 -1.63854 -2.6895 0
0.372354 -0.665437 2.43795 0
0.863062 0.371556 1.29949 0
1.14211 0.130301 2.4748 0
1.25938 1.58768 -1.07025 0
0.161656 2.93328 0.170384 0
0.627622 2.0538 0.721679 0
0.615357 3.89982 -1.8177 0
0.258559 5.17861 -1.40951 0
0.394914 4.68525 -3.13923 0
0.797196 5.64985 1.23546 0
0.140144 5.82485 3.09489 0
0.273631 4.1148 -2.93976 0
0.715148 5.52716 -2.40743 0
0.152107 -1.27597 -2.64586 0
0.243238 -0.220436 -0.752055 0
0.907359 0.0302155 1.58215 0
0.413666 -0.311915 1.81888 0
1.81266 1.1322 -1.3889 0
1.82146 1.37541 -1.36834 0
0.142839 1.63149 -1.41621 0
1.25131 1.07606 -1.57941 0
0.314961 -0.458186 2.79823 0
1.5654 -0.34175 2.73548 0
7.55315 -1.64582 -1.64153 0.00265270386897796
2.52011 -1.62495 -1.65845 0.00470883946450071
1.38307 -1.56063 -1.61352 1.88343367237485e-08
4.22235 -1.63759 -1.61027 9.24684766779902e-09
0.21856 -3.40665 0.482813 3.58607101432564e-14
0.235933 -4.65859 0.384766 3.33507766918446e-14
0.307689 -4.64885 -0.00627138 3.30985811141765e-14
0.807481 -4.42413 -0.47351 3.2724053750671e-14
0.191179 -6.45002 -2.1082 1.60864084123517e-08
0.16793 -6.32759 -1.34995 4.79436757915638e-09
0.596451 -0.64592 -0.241876 0
0.225063 0.358664 -0.579031 0
0.366681 -4.09557 2.32087 0
0.551145 -4.56583 2.95408 0
1.17723 -5.14901 -0.497978 0
0.413695 -5.06417 0.0326846 0
0.690446 -0.985733 2.46815 0
0.536957 -1.36013 2.36843 0
0.189646 5.74014 -1.4489 0
0.242863 6.6846 0.877387 0
0.0768806 7.24897 -0.761276 8.53545989441212e-06
0.182028 7.41804 -0.299197 1.48710180515737e-06
2.24438 -0.981342 -1.28704 24.8135929051346
3.02681 -0.863672 -1.18217 20.0243088626542
0.839234 1.01309 -0.592209 2.55801334884763
0.39343 0.700803 0.0148476 6.77455758225934
1.08568 2.18657 -0.113319 10.8478691077572
0.816723 2.38525 -0.505178 11.8480052982833
1.83507 -0.898266 0.0699125 11.7002740022402
1.21343 -0.833436 -0.195703 18.5325469913169
1.05359 -0.286104 -0.789759 7.51727748060921
0.426307 -0.874963 -0.861678 13.7162825408076
0.405378 -0.727913 -1.23932 13.6790491199024
0.200082 -0.725671 -2.80239 27.755452836009
1.26389 -2.00866 -1.72366 0.125881741128069
8.15491 -1.62859 -1.59002 0.0111284428151406
1.74429 0.308217 -0.185141 0.248596790663473
1.95143 -1.55891 -1.60775 5.26100247282533
3.27909 -1.65981 -1.73092 2.85568258992916
6.07617 1.08788 0.211846 0.0903811396091305
0.568599 0.901625 0.295236 0.0818838560888127
