0.636373 -1.19424 1.63842 0
2.82322 -1.75326 1.46419 0
1.34865 0.124627 2.54442 0
1.88912 0.323475 -2.65946 0
0.155596 -8.21819 -0.774572 0
0.124606 -5.33546 -0.608755 0
1.47497 -7.34961 -0.138757 0
0.182401 -6.27678 1.36742 0
0.334073 -3.9991 0.616471 0
0.469971 -3.20993 2.42923 0
0.121861 -4.45637 1.20002 0
2.55492 -3.32822 1.98087 0
0.9912 -1.2108 0.246338 0
0.0838521 -3.32287 -0.473706 0
1.39848 -1.91095 -2.37325 0
0.29599 -1.22229 -2.60682 0
1.75379 0.876232 -2.10852 0
1.22376 0.87655 -2.01518 0
1.57644 1.69959 -1.32655 0
0.100299 4.21736 -1.13011 0
0.289413 2.08328 -1.37308 0
2.57177 2.38535 -1.15862 0
1.27214 2.24799 -1.19984 0
1.2628 2.70976 -1.09801 0
1.44993 3.91524 0.515312 0
0.308119 2.4096 0.508257 0
1.06849 5.03478 2.7791 0
0.932939 5.86314 -2.68291 0
0.903224 5.02119 -1.53528 0
0.170006 6.33539 2.71972 0
0.294681 6.51914 1.1317 0
0.401527 7.95595 -1.75306 0
0.455895 8.64303 2.57876 0
0.132758 5.08836 1.16232 0
0.430596 3.43497 3.05287 0
0.519801 -2.4478 0.493595 0
0.246814 -0.275983 1.38076 0
0.343607 -5.71939 -0.435036 0
0.974723 -2.91873 1.83723 0
0.530663 0.354387 -1.04143 0
1.09899 5.11916 0.116847 0
0.656605 1.67874 1.06102 0
0.166543 0.845726 2.64248 0
1.92744 0.7796 0.0279317 0
0.826933 -0.340875 -1.44038 0
0.83248 -0.693165 0.759773 0
1.1071 -1.65013 1.29503 0
2.46981 -1.8454 0.880851 0
1.22941 -3.01878 0.528939 0
0.440073 2.80107 -2.43676 0
0.864013 5.84313 -1.69325 0
0.226367 5.68318 -0.888104 0
0.494739 5.42987 -2.48519 0
0.451308 4.63689 -0.622156 0
0.440713 1.88917 0.342733 0
0.168584 0.383812 0.589312 0
0.625125 -2.47722 -2.98852 0
0.191545 -2.04733 0.48939 0
0.796721 -1.18651 -1.07215 0
0.0134105 -4.16924 -0.427454 0
0.502582 -2.8185 0.190219 0
0.399653 -2.40083 -1.51093 0
0.72579 -2.56147 0.267742 0
0.154021 -2.072 -1.10698 0
0.201831 -3.35501 -3.05496 0
0.187929 1.65504 -0.490019 0
1.23848 0.314149 -0.881843 0
0.683398 2.38378 1.04989 0
0.559943 2.56265 -1.71645 0
0.487564 -5.49033 0.0783661 0
0.473311 -4.02354 -2.69854 0
0.189527 -2.20157 1.31702 0
0.34999 0.450996 -2.46416 0
0.307557 5.33211 2.97857 0
0.428541 6.24095 -0.187796 0
0.249132 1.98136 1.71701 0
0.668745 0.964713 3.01649 0
0.874702 0.170515 0.820993 0
0.161777 1.79865 0.397496 0
0.410158 -7.03326 -0.0607119 0
0.269797 -6.00326 -0.719245 0
0.771833 -3.59492 1.73505 0
0.233258 -2.35533 -1.77373 0
0.471863 -2.54086 -2.83218 0
0.766496 -3.19675 -3.12323 0
1.10054 -1.67635 -0.595005 0
0.732951 -1.24771 0.0986639 0
0.39836 0.313715 -2.09887 0
0.766048 0.264133 2.98404 0
0.658415 3.15081 -1.25386 0
1.01453 1.7066 -2.28242 0
0.281552 2.19263 -2.85869 0
0.842011 3.56352 0.90255 0
2.51641 3.79928 2.00188 0
0.132061 4.60256 0.66007 0
0.800701 5.64835 -2.93617 0
0.283107 5.11902 -2.94677 0
0.725853 0.321617 -1.66788 0
0.294754 -0.291331 2.35889 0
0.191529 -3.48425 1.62374 0
0.557399 -5.29613 -1.42794 0
0.414768 0.593154 -1.02601 0
0.778966 1.13006 1.73874 0
0.403348 3.95844 0.310555 0
0.574994 3.69238 2.14849 0
0.802158 0.945735 0.411571 0
0.817616 1.72898 0.776082 0
0.337516 1.75991 0.526564 0
0.737967 -3.2408 1.35685 0
1.05182 -2.84789 0.990849 0
0.185675 -3.2505 -2.11503 0
0.0976284 -6.02022 2.43446 0
0.354111 3.64905 -2.25815 0
0.144342 2.96318 -1.29855 0
0.381319 2.79961 -0.818283 0
0.424192 4.79675 -0.647391 0
0.305457 3.53095 3.03515 0
0.2218 2.08113 2.72145 0
0.290183 0.998902 -0.304944 0
0.141156 -3.30378 -1.49877 0
1.17294 -3.02282 -1.29752 0
0.594666 -2.24353 -1.35566 0
0.330907 -1.45028 0.162146 0
0.28309 -1.31873 2.66804 0
0.758335 0.799437 1.50855 0
0.748319 1.31025 -0.0860124 0
0.351476 -5.08082 -1.33161 0
0.338491 1.94892 0.537413 0
2.47194 6.56333 0.95381 0
0.648325 7.06243 1.59985 0
0.189437 3.82516 -1.73515 0
0.269166 -3.90654 1.418 0
0.248892 -4.38911 1.80882 0
0.341917 -7.65067 -0.566327 0
0.211749 -5.7024 -1.1873 0
0.0889807 -7.37758 -1.39021 0
0.474651 -8.25711 0.980497 0
0.492532 -1.82801 -2.6259 0
0.209906 -2.85418 -1.817 0
0.186722 -0.545771 2.72601 3.78828415612149e-08
0.392583 -0.065465 2.42367 2.53462081901932e-09
0.684333 -0.0533515 2.54827 0
0.0883152 0.310015 -2.1221 0
0.860963 1.15714 3.11006 0
0.151738 2.0963 -3.0924 0
0.147488 3.72944 0.167762 0.0165791088871746
0.480934 1.99837 -2.49784 0.280107965923724
0.295201 1.93221 2.87999 52.0816818960355
0.260785 5.3306 1.77761 0
1.02634 4.14028 2.41874 0
0.232349 -5.97094 -0.873296 2.3543708293083e-08
0.13395 -6.22879 -2.04702 3.94334285788183e-08
0.344731 -2.15919 2.67437 0
0.236675 -2.19936 -1.03958 0
0.1283 4.45013 -1.92848 1.67151793856067e-07
0.105677 5.02459 -2.21114 8.82305483794383e-08
0.226089 6.03419 -0.398474 0
0.44155 4.57054 0.0270041 0
0.324447 2.90103 -2.9363 0
0.1268 3.46297 -0.0708694 0
0.754727 0.405721 -0.269647 0
0.212713 -0.563562 0.266802 0
0.163628 -1.62005 -0.341132 2.00181664462793e-08
0.145035 -0.961808 1.6806 4.11901878809716e-08
0.465434 -0.777582 1.61816 0
0.0438124 -2.0213 1.19516 0
0.707526 -4.01748 0.0903692 0
0.309571 -4.19636 0.995201 0
0.382123 -2.18482 2.74153 0
0.128111 -2.85559 1.58297 0
0.203806 -2.47247 2.60041 0
0.597401 -2.40322 -2.32227 0
0.592512 -4.9537 -2.10065 0
0.584297 -5.31056 -2.73883 0
0.172766 -5.2033 -2.41897 2.11736742809156
0.152292 -3.91095 -2.60846 8.73593340625222
0.252171 1.70552 1.13701 0
0.256964 1.73434 2.28626 0
0.274505 0.758 -2.49526 3.73186232611506e-08
0.266944 0.603019 -0.853179 4.76373634359737e-08
0.507077 -3.35493 -1.5171 4.70729518152773e-08
0.0685511 -3.53441 -0.20534 1.83448972238953e-07
0.0270723 -8.34959 3.11215 0
0.218212 -5.76733 -1.30632 0
0.161856 2.18935 -1.8413 8.91883572393607
0.341791 2.95256 3.116 1.99272041753705
0.0118877 -5.40956 -2.70512 8.78973604791031
0.753685 -2.65422 -3.12643 2.17896767273671
0.0312314 1.83126 -2.18487 1.68910912036373e-05
0.236394 1.73327 -2.69732 3.27383192583723e-06
0.644631 3.59552 1.18263 2.27688266113062
0.0366192 4.18835 2.95073 22.1033638042503
2.17894 3.6535 0.897265 0.0125783274101681
0.438406 4.72931 -0.298435 0.0201797291203248
0.0402647 -1.53027 -2.5239 5.57396060863477e-05
0.00866563 -1.1788 -2.64269 8.14645718896627e-05
0.0101891 -2.27878 -2.44458 4.11257279386655e-05
0.000975528 -1.0356 0.849504 0.000191848160916158
0.280109 -2.05888 -2.98154 2.07646496222052e-05
0.0169784 -2.03133 -3.00097 2.36520329761387e-05
0.704064 1.89437 -1.05996 8.0495542060148
1.00344 1.73316 -1.52571 6.267347204071
