9.25402 -3.18216 1.77357 8.65196873185318e-15
0.286595 -1.7737 0.181831 0
1.51036 -2.63431 1.56858 0
1.14693 7.97889 -0.195833 0
0.284711 7.52512 -2.54134 0
1.13276 2.70677 0.317745 0
1.01873 2.84078 1.87506 0
0.990789 0.891393 0.332874 0
5.04484 0.370257 -0.0954783 0
4.94442 -2.83294 2.42466 0
0.702185 -0.566137 1.23817 0
0.112766 -4.5073 -0.978086 0
0.787447 -4.62172 0.447029 0
1.9566 -4.05889 0.412052 0
1.2729 -3.74138 2.2837 0
0.164974 -0.704601 1.31519 0
0.761801 -0.0163177 -0.542269 0
0.32969 0.094317 1.93396 0
0.412264 -3.69563 2.21855 0
0.45081 -3.77917 0.261379 0
1.63172 -1.2422 -0.474633 0
0.195783 -2.32912 0.815113 0
0.254389 0.645058 1.51857 0
0.43889 -0.321646 -0.837752 0
4.16376 -0.263108 -1.94015 0
8.74934 -0.0924429 -1.88954 0
0.592472 -0.232857 -2.24676 0
1.65277 0.338992 -1.75052 0
0.593778 -1.64545 -1.70049 0
1.59247 -1.56253 3.00591 0
0.926906 -3.47333 -2.81958 0
0.696488 -4.2077 3.11215 0
1.49519 -5.8274 -3.08119 0
2.03301 -5.75502 -0.108649 0
0.797179 -6.89526 -0.220207 0
0.360832 -4.43916 -0.267131 0
0.372051 -5.21034 -1.01808 0
0.165597 -5.2745 -0.281793 0
0.220819 -6.85123 -2.93662 0
0.43167 -6.50433 1.22863 0
0.260494 -3.44879 -1.71397 0
0.277675 3.55496 -0.987675 0
0.738203 5.6327 0.794977 0
1.16608 0.529224 0.939821 0
1.48958 3.03335 1.31973 0
1.07952 3.00918 1.78015 0
2.16434 3.33623 1.15477 0
0.458882 6.61 2.53369 0
1.18874 5.96748 -1.10725 0
1.11349 5.65211 -1.93601 0
0.339951 4.56462 -0.608121 0
0.299053 5.38158 0.388203 0
0.603365 5.62982 0.287288 0
1.07694 4.45309 0.324139 0
0.863174 -1.61322 -2.01843 0
1.68531 -0.462172 -2.96564 0
0.617084 -2.03546 -2.93998 0
1.43582 -0.98609 2.30085 0
1.33627 -0.469482 1.07582 0
0.645068 -0.125895 -0.580636 0
0.895324 0.49791 -0.339767 0
0.238039 1.01245 -1.62836 0
1.33754 1.49967 -1.48535 0
0.935461 0.810194 -2.82932 0
0.799755 1.55855 1.48861 0
0.260272 1.75744 0.985342 0
0.781246 1.13492 2.28621 0
0.145772 0.76489 -0.587313 0
0.17952 0.249207 -1.22659 0
0.225939 4.33562 -3.03913 0
0.160003 5.41585 -2.53565 0
0.75215 4.43624 0.535737 0
0.469328 4.4124 -2.25422 0
0.670707 1.1726 0.68981 0
0.322518 2.18587 0.158725 0
0.370224 0.13051 -2.99439 0
6.06561 0.194109 0.739455 0
4.52237 -0.112093 0.694454 0
3.98383 0.227798 0.448712 0
4.24739 0.0992003 0.505635 0
0.691556 -0.0590465 -0.0303574 0
0.838004 2.04409 2.02791 0
0.0909157 6.84997 0.959266 0
0.862813 2.63541 -0.195479 0
0.187911 3.74629 -0.260691 0
1.36733 3.25422 -0.848671 0
0.524742 4.33108 -2.64844 0
2.54091 4.18121 -1.86565 0
0.325381 2.87938 -1.49093 0
1.62943 3.63792 2.95658 0
2.66929 2.50704 2.49744 0
0.516396 2.84152 -2.23754 0
0.473929 3.22566 -3.09774 0
0.349182 2.08054 -1.92123 0
0.249076 2.17897 -1.66746 0
0.315928 -2.85557 1.39654 0
0.475934 -1.75438 0.889798 0
0.473011 -4.77322 0.64382 0
0.198415 -3.32087 2.30113 0
0.141449 -4.48912 0.682251 0
1.05769 -3.1601 -0.797613 0
0.546995 -3.46957 -2.92947 0
0.811801 -1.75059 0.412641 0
0.249015 -2.709 2.71627 0
0.364146 -0.859074 -1.47076 0
0.459944 2.65859 -0.567465 0
0.631236 4.27671 1.64046 0
0.21343 6.67055 -0.608253 0
0.453571 6.70169 -2.72908 0
0.53377 -7.65093 1.39739 0
0.802919 -7.22936 1.88549 0
0.567282 -7.0914 -2.87738 0
0.866575 -6.02252 0.896262 0
0.187015 -0.306784 0.198183 0
0.0126041 3.92595 -2.76221 0
0.574311 2.46023 0.855193 0
0.584182 2.0139 -2.21014 0
0.606386 1.14867 -2.57784 0
0.829014 0.175568 0.443304 0
0.665759 2.64992 2.24678 0
0.468779 2.15099 -2.93119 0
0.611651 -1.93709 2.34805 0
0.513985 -3.45998 -1.72887 0
0.511373 -2.76121 -1.63417 0
2.99928 -3.24375 -1.67954 0
0.310518 -0.98749 -0.443001 0
1.22792 -1.2641 -1.0659 0
1.14873 2.94995 0.638018 0
0.238194 3.73971 1.95148 0
0.268051 2.69245 -0.397455 0
0.310037 -1.12056 -0.349231 0
0.17333 0.384545 0.126392 0
0.393228 -0.757903 -2.64249 0
0.217179 -2.38139 1.25771 0
0.204887 -0.591652 3.09667 0
0.310965 -2.87353 -3.07357 0
1.09973 -3.30254 -2.76767 0
1.08538 -3.15708 -2.04438 0
0.543886 -4.36038 -1.36847 0
1.88224 -4.16652 -2.52606 0
0.815282 -5.3583 2.99281 0
0.434853 -4.37854 1.36592 0
0.908319 -5.61681 0.553767 0
0.579564 -6.6903 0.694381 0
0.520288 -6.84266 0.607054 0
0.164822 -6.0468 2.52685 0
0.583251 -5.60248 0.155426 0
0.141716 -7.33396 -1.53669 0
0.306084 -6.65137 -1.91311 0
0.307274 1.86034 1.69445 0
0.125279 4.88808 0.50988 0
0.541497 4.32394 1.81276 0
0.081177 6.82425 -0.60277 0
0.609875 5.45615 -2.74067 0
0.196543 6.03285 3.04234 0
0.943631 5.02688 0.0378453 0
0.399202 4.03642 0.108182 0
0.572158 5.33393 -1.71756 0
0.194626 5.54843 3.06098 0
0.288339 3.34556 0.0656568 0
0.302875 -2.47555 -2.092 0
0.834377 -2.06244 -1.45135 0
0.924008 -1.70753 -1.24267 0
0.963949 -1.49982 -2.08461 0
1.66336 -2.0129 -2.17555 0
1.37028 -1.1361 -2.8275 0
1.21665 -0.652211 -2.63917 0
0.640471 -0.998637 3.10181 0
0.710515 -0.237482 3.13974 0
0.488076 -1.42395 -2.64968 0
1.8544 -1.79422 1.74943 0
0.0347421 -3.08244 -2.71431 0
0.380723 -1.04731 1.76417 0
0.134883 1.28853 2.04732 0
1.24702 0.503439 -1.25344 0
0.566427 0.76402 -2.66578 0
0.77778 1.21632 -1.3674 0
0.359983 1.51646 2.5777 0
0.236977 2.08867 -1.58255 0
0.921442 2.20307 0.623122 0
2.93118 0.0294563 0.69981 0
6.11979 0.166012 0.613462 0
0.716355 0.0803016 0.950172 0
0.655967 3.79197 0.603297 0
0.489861 3.9918 -1.11666 0
0.181786 3.13343 -3.00028 0
0.958387 3.05599 -0.797565 0
0.572574 2.53414 -1.33995 0
1.32719 3.29429 -2.25789 0
0.530353 3.87833 -2.7667 0
0.429782 1.67614 2.48082 0
0.66265 2.84719 3.12562 0
0.48244 -1.24129 2.10763 0
0.337599 -2.90609 -0.474552 0
0.31619 -3.53254 -3.01209 0
0.200823 -5.07122 3.00647 0
0.430247 -2.30374 1.28769 0
0.369104 6.27423 -1.51129 0
0.45287 5.95476 -1.25896 0
0.238206 5.75333 -2.17698 0
0.136229 -8.71011 0.589121 0
0.44924 -0.252724 2.41327 0
0.245694 3.56801 2.29438 0
0.205786 5.68706 2.2078 0
0.140748 3.39048 2.0326 0
0.084181 2.17297 -2.09164 0
0.228725 2.73118 -1.10695 0
0.28014 3.17941 2.48048 0
0.398292 1.51339 -3.10497 0
0.414299 -1.38524 1.19875 0
0.16753 -0.838721 0.687647 0
0.481557 -1.4925 -2.46793 5.48465107806235e-08
0.545665 -1.15272 -2.83781 1.07789370006127e-07
0.390022 -5.71917 -2.20805 1.00069053742495e-07
0.145568 -6.74576 -1.51945 8.73159847172099e-08
0.0286807 -3.01185 2.25302 0
0.36083 -1.11828 -0.835396 0
0.183741 3.99142 2.60099 15.3590122154877
0.719745 -1.82111 -2.04556 0
0.370479 -1.30067 -2.59722 0
0.31394 -1.90229 1.95045 17.20868087751
0.180673 0.938732 -1.05125 0
0.381491 -0.224177 -0.613155 0
0.048203 2.20237 1.23306 1.20794673074509e-07
0.129416 1.84082 1.4545 8.52451359985509e-08
1.62032 0.561801 0.498775 0
1.59887 0.521825 0.557447 0
0.185146 2.55579 0.953726 3.18609666575065e-05
0.0283374 2.46475 1.00602 2.09143625366997e-05
0.17367 4.69398 -1.80283 0
0.177436 3.66338 -2.64057 0
0.771354 2.50523 2.21329 0
1.50054 2.55881 2.39927 0
0.105971 3.245 -1.45599 0
0.087 2.2919 -2.45382 0
0.278076 -6.65857 1.45845 0
0.157241 -6.13142 -2.89135 0
0.314161 -3.52906 2.05847 9.34371157803229e-10
0.168934 -3.17423 3.1077 2.08591391451194e-09
0.165231 1.0084 0.437148 2.7203145818414e-08
0.176881 1.83799 1.07069 2.09297860217576e-08
0.428576 3.09983 0.0331578 0
0.234348 3.39685 -0.937405 0
0.266463 -2.88946 -1.64831 1.33595942434059
0.217768 -2.84555 2.59604 1.70604108852734
0.305239 0.150311 -3.08951 72.2194292576962
0.280278 -0.496969 -1.74583 70.6155429483379
0.169385 -1.99945 -1.81788 0.523458096963813
0.819903 -1.90828 -0.861505 0.118440023298081
0.140346 -2.35525 -0.919763 1.81038329248502
0.986808 -1.40054 -1.19771 0.638561854706971
0.676711 -0.365503 0.791574 19.1267791303307
0.252186 -0.894451 1.62465 38.3753868267209
0.260598 0.212314 -0.94095 1.91341791390971
1.0508 -0.148675 -1.53599 0.480321143060393
0.077895 -1.29747 0.445424 62.3301103270263
0.219653 1.0692 -0.309795 26.7060112996519
0.544354 1.02586 -0.873915 12.1060209781407
1.11067 1.49513 -0.987578 3.99594074429911
1.25253 2.09906 -2.72453 11.2881821857742
0.152113 2.90243 -2.64584 42.1944198468433
0.455923 -3.28277 0.024945 7.28356716966603
0.0161221 -6.40444 1.70964 9.07093095302885
0.325134 0.298201 -1.80357 2.16379118315108
0.141636 0.799177 2.19045 3.87723232958833
1.99571 1.49173 -2.96405 11.5466624948847
2.11243 1.39635 -2.78734 11.859639142433
0.0795179 -2.54609 -2.19111 7.82142532631619
0.127006 0.161664 -3.06263 30.9912431434843
0.443633 -1.034 -1.54492 13.2091379133931
0.263006 -1.99814 -2.21428 9.44248724026401
2.44104 -1.23936 2.11849 1.2492685619955
0.220039 -1.17333 2.39955 14.5171025234594
