0.963334 -0.562275 -0.411902 0
0.339795 -0.204828 -0.0248538 0
0.219814 -2.45681 -0.527763 0
1.60654 -2.50546 -2.43795 0
1.18957 -5.86401 -2.91906 0
0.0423126 -5.91278 0.282131 0
0.372003 5.26725 0.951834 0
0.294145 1.73832 0.96683 0
0.609734 3.59341 2.63558 0
1.18043 2.55043 0.200596 0
0.393767 0.400904 2.29892 0
1.03446 0.48606 1.44605 0
0.594816 -0.796168 1.82515 0
0.923337 0.162044 1.75991 0
0.700845 3.19872 -1.0812 0
0.265848 -2.42145 -1.9972 0
0.674705 -3.20479 -1.81101 0
0.560472 -2.50369 -2.29614 0
1.04766 0.0714486 -1.60567 0
0.810972 -5.14423 0.780553 0
0.347398 -5.28423 2.51216 0
1.05179 -4.23978 -0.494312 0
0.293527 -5.02421 0.120723 0
0.683985 1.19847 -1.86314 0
2.43517 -0.632781 1.38355 0
1.17497 -1.1188 1.04931 0
0.648843 -0.964185 1.24448 0
1.30146 -0.666731 2.43924 0
0.147707 0.762026 -2.2889 0
2.44742 3.03392 0.426798 0
0.204996 4.00448 -1.06483 0
0.212288 0.293606 0.287663 0
0.719326 1.68052 1.66297 0
0.605321 1.27181 1.8514 0
2.45983 2.2919 -2.13256 0
0.325824 2.65069 2.15724 0
1.74147 2.32127 -2.03491 0
0.285209 2.38522 -2.44393 0
1.50462 1.85178 -2.37401 0
0.382459 4.58165 -0.712422 0
0.790022 2.64342 -0.433955 0
2.55771 3.29874 -0.715544 0
1.07092 2.14934 -0.00545588 0
3.83342 1.77389 0.620406 0
1.76227 1.92546 0.805484 0
0.430081 2.58575 0.926211 0
0.315322 1.59351 1.79241 0
0.279879 0.79579 -1.69609 0
0.326267 1.16454 0.896949 0
0.308155 2.7257 1.63555 0
0.616136 1.17015 1.31142 0
1.32791 0.524935 0.154523 0
0.158433 1.77159 0.596521 0
0.172959 -7.60166 0.776333 0
0.498994 -3.10792 2.28896 0
0.24752 -4.02737 2.42173 0
0.325731 -1.54259 2.96879 0
1.33381 -1.6443 -2.22154 0
0.312968 -2.1965 -2.55891 0
0.654959 -0.346007 -2.48031 0
0.468069 -1.10949 -2.73017 0
0.748441 -5.43412 2.62206 0
0.258502 -7.36799 -2.13689 0
0.243765 -2.82406 -2.07467 0
0.295768 -3.38679 1.74728 0
0.238791 -2.3051 2.75633 0
0.434112 -0.866124 -0.458559 0
1.18343 0.0727914 1.41847 0
0.355569 6.58604 2.58943 0
1.01148 5.53509 1.02933 0
0.390718 1.74161 -2.9159 0
0.209196 -1.94953 0.147336 0
0.622448 -6.52372 -0.350285 0
0.641066 -6.41253 -0.579524 0
0.437609 -4.97536 -3.09969 0
0.403113 -3.74309 2.05331 0
0.44934 -2.97879 0.746889 0
0.800125 -2.70714 1.38084 0
0.416227 -1.66208 -1.24163 0
2.80514 -2.24434 0.432431 0
7.88316 1.89768 0.756919 0
0.466733 1.88699 0.317536 0
0.543388 0.832059 0.816991 0
0.459857 0.761048 -1.7058 0
0.566054 0.681063 0.192127 0
0.0357115 7.36269 -1.69641 0
0.839575 6.06185 1.56261 0
0.785882 5.51698 0.895098 0
0.650288 2.88042 -2.69411 0
0.536787 0.517384 -1.61057 0
0.181495 1.32883 0.605473 0
0.438769 0.406549 -2.96315 0
0.404945 -3.79995 -2.07335 0
0.287982 -4.21372 1.68076 0
0.503539 -5.86931 -1.42706 0
1.27422 -2.98413 -1.45794 0
0.827526 -1.9063 -0.666259 0
0.886186 -2.05512 -1.08064 0
0.552667 -1.52875 -2.34687 0
0.153132 3.65379 -0.928886 0
1.66656 3.1518 3.06014 0
1.09008 6.65942 -2.11916 0
0.690508 6.01803 -0.457305 0
0.525288 7.09896 -1.14582 0
0.42331 5.24162 2.69234 0
0.403776 7.06109 -0.00238926 0
0.444962 5.41804 0.764537 0
0.161319 6.64316 -2.50717 0
0.201903 7.24956 0.963694 0
0.39184 5.65524 -2.21268 0
0.632242 5.68093 2.07393 0
0.375237 4.53097 -0.271402 0
0.257519 4.43471 -2.9392 0
0.351278 6.07108 -1.65283 0
0.597369 -2.95188 -1.68852 0
0.0942929 -1.62347 2.86486 0
0.632742 -1.8287 2.16754 0
0.769047 -2.45979 2.73393 0
1.52852 -6.35004 -2.57446 0
0.629939 -4.8108 1.62143 0
0.524102 -4.0896 -2.12546 0
0.25153 -4.77804 2.72477 0
0.237688 1.80372 0.567059 0
1.96979 3.89438 -1.6631 0
0.39476 3.70094 1.65345 0
0.475769 2.28834 1.77279 0
1.61519 2.09958 -0.175406 0
0.645288 0.656866 1.36603 0
0.24229 0.088489 1.28747 0
0.425613 -3.35845 1.94056 0
0.300655 -1.36001 -2.15834 0
0.548795 -1.98556 -2.59507 0
0.62719 -0.602745 -2.23562 0
0.84684 -1.43013 -2.1906 0
0.324718 -0.806564 2.95085 0
0.608446 1.15876 -1.88241 0
0.251813 1.19157 1.95133 0
0.0166479 4.23086 1.12978 0
1.47887 0.754103 -2.52358 0
0.716417 0.692004 3.08965 0
0.538927 1.09915 -1.90333 0
0.0806103 -2.71751 0.468545 0
1.17153 -3.92986 -3.04681 0
0.357476 -5.31477 -1.20778 0
0.685434 -6.13767 0.723214 0
0.686663 1.56658 -2.20112 0
2.48111 1.08961 -2.19344 0
2.10038 -0.993577 1.86961 0
0.271608 0.776844 2.99139 0
0.149566 -0.628038 1.13489 0
0.488787 0.844946 -2.41292 0
0.723862 1.99672 1.80389 0
0.197052 1.9426 -1.36182 0
0.641603 3.22245 0.397174 0
1.12867 2.42379 0.687886 0
0.896332 3.45265 1.04724 0
1.01231 2.51626 0.332811 0
0.20623 2.45971 -2.2392 0
1.03392 2.20255 1.0881 0
1.31659 1.00943 1.87884 0
0.330155 2.39852 0.786631 0
2.24874 2.90226 -1.93748 0
0.181192 2.41127 -1.97495 0
0.324521 2.91354 -0.111231 0
0.276173 3.3253 1.18497 0
0.334878 1.8674 1.15594 0
0.969286 0.374314 0.934208 0
0.983911 1.14245 -0.259088 0
0.113303 2.14804 3.03782 0
0.883192 0.710707 -1.56001 0
0.931538 -6.69828 2.71471 0
0.977753 -7.07623 2.39914 0
0.412893 -5.77855 -3.11749 0
0.208796 -2.61898 -2.02897 0
0.835902 -0.696102 -2.06735 0
0.355849 -0.951871 2.86872 0
2.06389 -0.456934 -2.64788 0
0.165495 -4.70457 1.54919 0
0.212956 -4.16153 1.84242 0
0.0505997 -5.90476 1.4283 0
0.270334 -4.34074 -0.869501 0
0.264187 -0.859234 2.58779 0
0.51128 0.707911 1.45754 0
0.477866 -1.70984 0.994974 0
0.266414 -0.81353 -0.26026 0
0.236872 1.4969 -0.884039 0
0.404049 0.757294 1.02319 0
0.30353 1.01032 2.62031 0
0.0943574 0.382099 0.727241 0
0.0397773 -2.50913 -1.32927 0
0.580876 -4.07616 1.03915 0
0.169398 -4.34983 1.75152 0
0.516066 -2.75558 1.2676 0
3.63268 -2.39499 0.50193 0
0.578588 -3.34589 -0.699435 0
0.458821 2.26447 0.961337 0
0.949718 0.926106 0.0381661 0
0.304354 1.55531 1.40428 0
0.142111 -3.18178 2.98137 0
0.689004 -2.30768 2.67479 0
0.859502 -2.92831 0.24449 0
0.125499 -3.58303 -1.35442 0
0.288744 -2.96741 2.05182 0
0.155458 -2.82677 -1.54057 0
0.66123 -3.89839 -0.413329 0
0.666106 -6.45424 -2.13664 0
0.236836 -7.08718 -0.829132 0
0.920702 -4.12089 0.483344 0
0.321386 -3.22415 -0.698418 0
0.571511 -3.01112 -0.265705 0
0.120158 -2.32762 0.775671 0
1.15695 -2.56105 -0.822707 0
0.303912 -1.42581 -2.55443 0
1.86668 -0.84632 -1.97213 0
0.717383 -0.336359 -3.03751 0
1.68869 0.285601 -2.52378 0
0.267638 0.301193 -0.905459 0
0.644978 0.504804 -2.66452 0
0.974548 1.91941 2.80282 0
0.0601141 2.87672 -1.67164 0
1.78276 3.55876 2.56854 0
0.290869 2.87581 1.80787 0
0.571329 4.16047 3.10415 0
0.449106 4.0725 -1.20126 0
1.35064 3.79416 -1.88103 0
0.449021 4.17544 2.94781 0
0.605083 3.48794 -1.68187 0
0.806985 4.38986 -1.47684 0
0.697104 4.48486 -1.62451 0
1.09068 4.10466 -2.64353 0
0.26188 6.71016 -1.90388 0
0.0245267 9.1284 2.62888 0
0.224412 5.31975 1.91478 0
0.344086 6.74328 0.159574 0
0.537529 5.58148 1.67698 0
0.0994863 -1.80322 1.87737 9.14281561480228e-08
0.515885 -1.58732 1.65458 2.76523405472527e-08
0.373277 -6.04606 -1.86301 0
0.353049 -6.75002 -2.087 0
0.0345554 4.39365 -1.98279 0
0.371483 1.86294 1.91223 0
0.0890568 -3.7374 2.341 0
0.302516 -5.69611 1.00816 0
0.160682 -5.03792 -2.38918 0
0.313401 0.408537 -1.58839 0
0.6408 1.33452 -1.37109 0
1.29477 0.827658 -2.32742 4.13991191965595
1.41046 -0.579625 2.40194 2.34143494953449
0.165575 -0.136799 -2.60294 4.09981386145206
0.51301 -0.846306 2.1242 0
1.69575 -0.717966 1.71906 0
0.677951 1.60287 1.42296 0
0.844135 1.26914 0.856566 0
0.63467 2.50782 -0.226836 12.3390824278928
0.0843871 4.08725 1.70245 0
0.231649 1.93325 0.183064 0
0.114122 1.88872 0.263732 0
0.234419 -0.242317 -0.330917 0
0.248346 0.771771 -1.00898 0
0.294975 0.0114399 0.216472 0
0.245802 -4.73421 -0.261428 0
0.345349 -5.70474 -1.02413 0
0.11775 -3.14493 -0.472403 0
0.241974 -2.59655 -1.81806 0
0.247055 1.53675 0.215787 0.188919043754544
0.321203 1.54748 0.314319 0
0.227229 1.70572 1.44448 0
0.127472 -1.44896 2.95302 0
0.211204 0.410282 1.81612 0
0.434197 -2.41533 -1.4793 0
0.163739 -2.42064 -2.60636 0
0.121672 -1.16162 2.17308 0
0.36046 0.103064 -2.42231 0
0.342619 3.18244 -2.89882 1.15506921527469e-07
0.157001 3.50453 -2.35964 1.42043016687142e-07
0.179025 5.48758 -2.36379 2.00487727022191e-08
0.341108 5.83205 -2.74365 1.27706522825067e-08
0.483613 3.70512 1.74525 1.2063651239105e-07
0.324556 4.46836 1.66045 1.33187835584741e-07
1.14246 -2.51795 -2.74588 8.48011832223003
0.436488 -2.05325 -2.57775 34.8314645482912
0.283689 2.81025 0.583835 4.64917537567219e-07
0.383594 2.84328 0.510637 2.22464162157294e-07
0.684939 -2.53066 2.94406 6.51307395170871
0.244081 -1.95387 -3.05359 32.1442769317587
0.623534 1.10704 -0.119255 3.36684016178565
0.631365 0.47306 -0.0309788 5.00601471282512
1.936 0.721886 -2.39898 0.461572879763132
0.173111 1.17756 -2.56115 3.68347748226821
0.155049 2.05045 -1.65515 0
0.50975 1.02297 1.07198 0
0.244384 -6.08514 -2.88538 0
0.490218 -7.05632 0.919623 0
0.192751 0.283694 1.7323 25.0244926577154
1.08086 -0.337443 1.41025 4.41330166515025
0.16366 4.8008 2.8194 2.82496095300161e-08
0.295387 5.20864 -3.09603 1.61033736381854e-08
