0.465011 -8.97641 1.91399 0
0.259728 -2.73806 -2.28928 1.03521455805692e-13
1.04071 1.82297 -0.116234 0
1.09025 -4.98239 -1.59489 2.64302924654423e-14
1.31117 -4.39047 0.601985 1.39948761730889e-14
0.327233 -2.45189 0.143281 0
0.0483226 -5.95049 -1.27597 0
0.132396 -4.25137 1.64213 0
1.21601 -3.11184 2.76991 0
0.533388 -4.67849 2.37855 0
0.772184 -4.39536 -2.60589 0
0.170189 -3.0207 1.00865 0
0.41999 -4.18381 -1.41355 0
1.9251 -4.79431 -0.933902 0
0.257881 10.2651 1.60406 0
1.68129 0.796501 0.29562 0
0.974073 1.32816 1.33116 0
0.418948 -0.156571 -0.137465 0
0.409865 1.20334 -0.585278 0
0.591263 -0.968118 0.388153 0
0.779823 -1.36354 -1.09177 0
1.02547 -2.4516 -0.522785 0
0.334907 -1.4111 0.495089 0
0.478941 -3.47622 0.549613 0
0.910315 -3.06918 1.68472 0
1.54748 -2.44748 1.3615 0
1.32992 -2.24806 1.12951 0
0.354473 -2.1484 -1.42852 0
0.835252 -3.07725 3.03902 0
0.59277 -3.31788 2.41872 0
1.3519 -2.55934 -0.974372 0
0.237932 -4.29949 -2.5925 0
0.406269 -3.64277 0.287377 0
0.157986 -4.6867 -0.474815 0
4.83161 -0.435481 -2.2159 0
0.768935 -0.503925 -2.0502 0
3.70423 -0.654105 -2.5587 0
1.41624 0.286761 -2.71248 0
2.3125 0.678923 -2.46401 0
0.437952 1.22927 -2.91243 0
0.290453 2.96112 0.101358 0
0.157417 3.99299 -1.9547 0
0.271964 1.90759 -0.580313 0
1.01997 3.37908 -0.358672 0
0.598628 4.56537 2.29161 0
0.576543 5.45726 -2.18122 0
0.944851 5.94888 -0.813612 0
0.471336 5.20432 -1.84847 0
0.741291 5.00698 -2.24396 0
0.892485 3.55876 -2.27311 0
0.331381 4.57456 2.55727 0
0.275712 2.23503 2.51388 0
0.701308 -0.350606 2.21688 0
0.263714 -4.19644 0.682922 0
0.824745 -1.92607 0.86093 1.83915848976701e-13
0.863614 -2.49992 0.81053 9.96648792331361e-14
0.175545 -5.68285 0.586263 0
0.263056 -3.52664 1.45944 0
0.862308 -5.23539 1.75756 0
4.90907 1.70297 0.879598 0
2.89401 1.59532 0.827556 0
0.202412 -4.50356 -0.95837 3.01404263030674e-14
0.365551 -3.55432 -2.56139 5.20800806168815e-14
0.375604 -3.91151 1.09288 1.31404489374594e-14
0.0965089 -4.66257 1.76749 0
0.195294 4.70895 -2.51603 0
0.415978 3.82869 0.153383 0
0.918438 3.51992 -1.25393 0
0.0941734 2.88659 -2.30366 0
0.273338 5.21868 0.889427 0
0.467406 4.85675 2.38314 0
0.467409 7.3209 -0.0934754 0
0.400857 0.160055 1.41723 0
0.986089 0.601049 1.26742 0
0.337925 -0.555512 0.663762 0
0.481619 -1.31228 0.200755 0
0.415576 -2.80415 0.494673 0
0.499368 -1.89317 -0.663647 0
0.766868 -3.1721 0.073451 0
0.706054 -2.26177 0.313111 0
0.779897 -3.1548 0.670281 0
0.208207 -3.14327 -1.27128 0
0.237213 -6.54824 0.590399 0
9.17194 -0.316151 -2.13675 0
2.84874 -0.405476 -2.25369 0
0.504807 -0.82158 -1.65273 0
2.26452 -0.449825 -2.19105 0
1.36337 -1.09648 -2.16458 0
0.732507 0.734942 2.27988 0
0.0523645 0.558386 -2.40441 0
0.187542 1.2794 -2.94237 0
0.850056 2.30265 -1.75865 0
0.524271 3.04775 -2.01042 0
0.685186 3.31248 -0.324772 0
0.674158 3.20387 -1.07706 0
0.697864 3.4957 1.7934 0
0.711286 4.01262 -1.14853 0
0.901685 4.70419 2.23656 0
0.116271 5.72645 0.262201 0
1.71503 4.43564 1.60046 0
0.385436 4.66084 2.18332 0
0.612243 4.76893 0.216291 0
0.370611 4.60153 1.13166 0
0.457518 4.79029 -0.325279 0
0.558488 5.05596 -2.93769 0
0.547831 4.09819 -1.22247 0
0.272048 4.17899 -0.940418 0
0.261553 4.90641 -0.576118 0
0.456946 4.03922 -1.62481 0
0.211091 2.8158 0.292913 0
0.42504 3.40018 -0.298306 0
0.297904 -3.48105 -2.49951 0
0.268879 -4.09361 2.94442 0
0.179411 -2.32852 0.74073 0
0.213454 -5.91192 -2.54261 0
0.23866 -4.57366 -0.315912 0
4.17135 -4.50702 -2.72342 0.00519870361079126
0.195383 -4.97578 -3.00533 2.1544323517367e-14
2.60402 -1.91755 1.09619 1.83516542890523e-13
3.09701 -1.99032 1.12231 1.69897037500243e-13
0.261238 1.63827 -0.0998537 0
1.04644 1.57925 0.765758 0
1.2515 1.2494 0.1632 0
0.160747 1.22339 -0.221151 0
0.290978 -6.03619 -2.91294 1.83915285916044e-14
0.326216 -5.57441 3.1165 1.82680221578491e-14
0.36152 -4.52316 2.67192 0
0.163298 -4.64758 -2.35547 0
0.171031 -5.71365 -2.03319 0
0.694776 -4.25887 -1.94126 0
0.111786 6.61712 -0.822319 0
0.223956 6.55501 2.37839 0
0.450531 -1.7978 2.95224 0
0.23338 -1.84327 2.72427 0
4.67575 -0.393851 -2.20257 1.20490981368326e-07
17.3017 -0.377221 -2.20948 3.33587119129922e-08
0.519044 3.9393 2.95461 0
0.238343 4.35817 2.57791 0
0.754751 0.878312 3.13077 9.50897490051443
0.676403 0.716209 0.655338 3.80889512322059
0.161956 0.364042 -0.369497 18.8676748873172
0.0564509 -2.71809 0.191883 49.2575270300895
0.640975 -1.10214 -0.855376 19.7289659302556
2.33147 -4.68345 -2.59575 0.00122688489170992
1.96843 -4.89627 -2.50256 0.00647773668423368
2.23402 -4.27541 -2.81578 3.06721746727097e-14
0.242439 -7.32767 -1.58234 0.037465027027622
3.76362 -2.0528 1.21594 0.00270984558402192
3.8102 -2.0042 1.26166 0.00299861100216505
10.1735 -2.03142 1.20629 0.00268466909523941
0.855712 -6.19688 2.08731 0.0441984839321562
0.359158 -6.25489 2.99458 0.0392743399710968
0.302245 -6.192 -1.43022 0.137028882949415
0.0919353 -5.73844 2.72609 0.0819865169678949
