2.81022 -2.77838 -0.530692 0
0.231728 -1.19041 2.92684 0
3.49048 -0.627337 -2.08652 0
1.17055 -1.06624 -2.82294 0
0.373871 -1.58081 2.7916 0
0.724634 4.07855 2.76825 0
0.220965 5.57527 -2.53356 0
1.12537 1.8457 0.327101 0
0.34825 0.242126 -0.668915 0
0.226973 -3.36339 -1.4554 0
1.79774 -2.35796 -1.61664 0
0.764683 -1.70026 -2.67798 0
0.946364 -2.46059 2.24112 0
0.504224 -2.79417 1.76351 0
0.0755455 -2.63989 0.607963 0
1.91483 3.26388 2.15384 0
1.9525 2.58112 2.7589 0
0.644857 2.91788 2.67401 0
0.677521 3.28621 2.65217 0
0.640124 3.53142 2.79624 0
1.50876 2.85472 3.02545 0
0.640664 3.0735 2.72679 0
1.29202 3.03518 -2.9774 0
0.514189 3.31821 -2.47196 0
0.717852 1.98753 -0.772731 0
0.518635 2.48916 -1.01124 0
0.997385 1.62449 -1.03623 0
0.0878692 -1.48167 -1.5979 0
0.473056 0.222227 -0.790846 0
0.304507 0.76332 -2.27028 0
3.6016 -0.0438049 -1.96271 0
0.455195 -2.44367 0.616429 0
0.549334 0.510045 -2.59587 0
2.15275 0.926704 2.80407 0
0.432089 1.56028 -0.606871 0
0.423927 -0.0744573 1.93011 0
0.99337 -3.5872 -2.67916 0
0.172745 -3.76296 0.612031 0
1.18445 -2.77304 2.06951 0
0.408022 -0.489403 -0.618953 0
0.926682 0.646962 -1.77228 0
0.496089 0.820221 -2.64674 0
1.20638 4.11932 1.43 0
0.487923 0.488197 -0.470809 0
1.04232 1.33614 -0.0254409 0
1.88307 0.556371 -1.50569 0
0.117435 2.85489 -2.10606 0
0.564909 1.3644 -1.29086 0
1.49298 1.73265 -2.53898 0
0.593342 2.84117 -2.78711 0
0.413582 1.12449 -0.562022 0
0.325683 3.83064 -2.61263 0
0.512005 4.79693 -1.24385 0
0.700256 4.40535 -1.41581 0
0.443902 4.87306 2.61572 0
0.596526 4.77844 -1.23775 0
0.498417 5.83529 -2.61538 0
1.0321 3.3489 -0.662696 0
0.478591 2.89472 -1.81722 0
0.769546 1.98126 -1.65069 0
0.284805 3.15629 -1.2817 0
0.622941 2.12879 -1.15956 0
0.408303 2.31924 -2.67887 0
0.528299 2.10346 -3.02236 0
1.00131 -0.635824 -0.298109 0
0.0910136 -1.61816 -2.216 0
0.385415 -1.51632 0.0940357 0
0.886645 -0.342042 0.0137524 0
0.182897 -2.87971 -1.48905 0
0.118231 -3.14674 -2.39055 0
0.569973 -2.92176 0.444609 0
0.786429 -3.44863 -0.10311 0
0.154702 -0.850622 1.28532 0
1.4104 -0.459536 2.03063 0
1.89598 0.348881 2.61207 0
0.312563 0.819563 2.86651 0
0.606636 1.54922 2.05286 0
2.23015 0.974068 2.14803 0
1.31762 -4.83156 -2.44948 0
0.327639 -6.04102 2.94903 0
1.42083 -5.32636 0.749641 0
0.523178 -5.79249 -0.507686 0
0.142829 -5.66094 -1.04822 0
0.348205 -5.5997 -1.06158 0
1.18607 -3.49531 -3.09363 0
1.96055 -1.75082 -0.181176 0
0.875777 -1.55693 0.458842 0
0.303707 -6.77473 0.804222 0
0.4717 -4.7587 1.23371 0
0.901523 -4.54152 1.81261 0
0.861569 3.49276 1.74655 0
0.400882 -0.816716 -1.79833 0
1.41042 -0.431566 1.02267 0
0.763078 0.194175 -0.00136041 0
0.216461 -0.121205 2.71202 0
2.54426 1.68876 1.57131 0
1.80036 1.95033 1.3382 0
0.112232 2.30585 -2.54686 0
0.722006 2.10072 1.67468 0
0.406365 3.19688 2.2435 0
0.0264067 5.1397 1.54456 0
0.327366 6.50952 -1.38697 0
0.529965 5.0038 -2.20776 0
0.801387 5.71326 -0.571102 0
0.605641 2.09604 -2.33452 0
0.0987161 -2.7815 -0.442291 0
0.303601 -4.1531 2.99179 0
0.49494 -1.09294 -2.7891 0
0.456253 -1.30459 -0.590284 0
0.461949 -2.51029 -1.88997 0
0.345925 -1.61111 2.65658 0
1.14277 -3.58099 0.78854 0
0.195806 -4.2708 0.370346 0
0.129977 -3.6827 1.92741 0
0.655296 -7.01 -2.13908 0
0.227512 -6.34189 -2.62517 0
0.0796857 -5.5477 -2.67859 0
0.308396 -1.64597 1.69174 0
0.657757 9.15027 0.176037 0
0.5889 -2.1967 0.310002 0
0.626758 -2.134 -2.62629 0
0.464969 6.72771 3.01359 0
0.400867 3.22631 -1.09367 0
0.396952 2.67517 -1.67991 0
2.97724 -0.375631 -0.071287 0
1.33275 -0.567802 -0.378411 0
0.39972 0.348778 -0.103876 0
0.663541 0.359118 -0.409763 0
0.982532 -1.96544 -2.42399 0
0.0668954 -1.21902 -3.1186 0
0.403638 -3.04292 2.3008 0
0.501786 -2.5962 1.04059 0
0.549829 -1.90012 1.99415 0
3.19343 2.39032 2.54201 0
0.040149 4.38395 -2.29135 0
0.509468 1.17323 -1.58416 0
0.443897 1.1345 -0.862415 0
0.560502 -0.183473 -1.19689 0
1.68543 0.424357 -1.46365 0
1.73707 0.357365 -1.75735 0
1.97476 0.114142 -1.3983 0
0.404802 -1.26305 -0.257843 0
1.16726 1.24696 -1.70491 0
0.239754 0.146867 0.940053 0
0.290626 -5.70767 -1.24345 0
0.267165 -0.0181326 2.27576 0
0.375947 2.19651 -2.65095 0
1.42691 0.538927 -0.18524 0
0.32028 0.184543 -0.972325 0
0.935015 0.564338 -0.654569 0
0.823604 2.94416 -1.01173 0
0.320903 4.39027 -0.929723 0
0.336354 5.17943 -2.24995 0
0.286672 3.57605 -0.207769 0
1.7817 2.23643 -0.937698 0
1.31755 2.13646 -1.55461 0
2.9895 2.23833 -1.97649 0
1.34752 1.93032 -2.55711 0
0.354379 1.39353 -1.67507 0
0.104176 2.84197 1.77668 0
1.91488 -0.494353 -0.528287 0
0.702123 -1.33869 0.101551 0
1.10075 -1.00437 -0.850013 0
0.350401 -0.661504 -1.81677 0
0.447713 -2.3875 0.892767 0
1.76356 -1.82616 0.182785 0
0.0807954 1.98957 -3.04028 0
0.942326 0.305501 2.51339 0
4.08978 0.637846 2.3953 0
1.37178 0.837941 2.571 0
0.814378 0.594029 1.98811 0
1.29735 1.24538 2.27097 0
2.28457 -5.34027 2.91923 0
2.96801 -5.29752 -3.09255 0
1.87817 -5.22651 2.72477 0
0.298987 -5.88797 2.56845 0
0.908111 -4.68653 -0.484851 0
0.269789 -4.8925 3.12817 0
0.594809 -5.00958 -1.40062 0
0.790153 -2.57499 2.93871 0
0.296207 -1.65471 2.15722 0
0.67951 -2.63301 2.01036 0
0.65067 -4.20146 0.387499 0
0.745466 -2.44297 -2.51716 0
0.483166 -2.76754 0.744288 0
0.956294 -0.643788 -0.25873 0
0.536821 -2.24058 0.00033319 0
0.733581 -3.44784 1.01671 0
0.604345 -4.15734 -1.75172 0
0.584497 -4.34293 2.7241 0
0.161968 -5.02205 -1.2667 0
0.60348 -6.68175 -2.28622 0
0.628109 -6.08074 -1.33781 0
0.53073 -4.92121 1.56258 0
1.21275 -5.12823 1.66985 0
0.216122 -4.45633 1.00768 0
0.710086 -4.73941 1.5439 0
1.17121 -4.00217 2.21626 0
0.284629 -4.18296 -2.95549 0
0.75081 -3.92048 2.72364 0
0.272082 -5.34814 2.26888 0
0.104515 2.12189 -2.59073 0
0.127995 -3.14387 -3.1022 0
0.11852 0.148918 -2.85349 0
0.248602 -0.910194 -0.197629 0
0.477141 -5.4624 2.55851 0
0.263979 -3.85375 1.92808 0
0.429965 -5.93536 -0.991181 0
0.424245 0.351912 -0.360112 0
1.23802 -0.354587 0.796675 0
0.422692 0.260918 0.171787 0
1.41015 1.54745 1.2194 0
4.07779 2.25813 1.47682 0
1.74859 2.2321 1.20085 0
3.98246 2.313 1.38364 0
0.514533 3.31283 -1.23223 0
1.42969 3.61178 0.438755 0
0.111805 3.46937 -0.46266 0
0.414072 7.42918 -1.17218 0
0.631744 6.49691 -0.783969 0
0.287772 6.62324 1.79178 0
0.376111 5.91296 -2.34168 0
0.675074 6.15161 -0.258525 0
0.625444 1.2713 1.02193 0
0.733491 -0.333263 -1.5608 0
0.160972 0.577833 2.04129 0
0.509184 -2.22601 -2.58335 0
0.515202 3.02549 -2.15998 0
0.235796 3.97931 2.70495 0
0.125611 -3.20012 1.72386 0
0.4692 -2.4353 0.978164 0
0.190722 -3.71852 -1.11566 0
0.138156 -1.20997 0.619261 0
1.37006 -0.655808 -2.03649 2.0196032367936e-07
1.62196 -0.785871 -2.09563 9.63294432050063e-08
0.237801 -1.56306 1.30179 0
0.585473 -1.43997 2.46591 0
0.362483 3.26774 2.87182 0
0.0664144 3.26613 2.44974 0
0.0505486 1.42944 -1.27648 1.219252181172e-07
0.247896 1.33553 -1.91804 4.84372318465776e-08
0.124586 -1.14642 -0.708597 0
0.193437 0.350826 1.14182 0
0.16994 3.72175 -2.9956 0
0.352617 3.05454 -0.82439 0
0.165188 2.41464 -1.22057 0
0.313872 2.26268 -2.58623 0
0.271215 2.14039 -2.84312 0
0.171203 -3.90213 -1.14205 0
0.190398 -2.23531 0.421214 0
2.63763 1.27187 2.42684 0.629224502801965
0.612574 -2.16549 0.646895 5.74797114346008e-09
0.305888 -2.22864 0.697172 3.06724345394266e-09
0.13781 -2.76437 -1.5553 63.0808626462721
0.606774 -3.53107 -1.68398 0.0577408718812509
0.142681 -6.14916 -0.439722 1.15400267429896e-08
0.142939 -6.91907 1.36448 3.55710079923383e-09
0.775313 -4.64689 1.73142 0
1.00314 -4.832 1.2063 0
0.1713 -5.84334 -1.70312 0
0.120325 -5.89931 -3.02184 0
0.0025107 -1.5178 2.14856 0.000197193468809833
0.0951659 -2.07573 -2.24649 5.48124245171668e-05
0.347817 -2.77349 -1.33519 0
0.197766 -2.20005 0.25935 0
0.107027 -6.44909 2.00701 0
0.219838 -5.84051 -2.53564 0
0.115745 3.41943 1.97282 0
0.192809 4.1405 0.440603 0
0.0550061 3.03967 -1.15005 0
0.382646 0.945932 -0.822502 0
0.242868 -2.00254 -0.163879 0
0.119555 -3.42841 -1.33649 0
0.0751939 -3.40385 1.60926 0
0.347468 -2.52633 -0.576773 0
0.748159 1.50976 -0.295228 32.2966280728593
0.569807 0.993803 0.0261266 65.7231083405665
0.441947 -2.38809 -1.97331 29.5020302678032
0.203722 -2.89313 -0.599838 38.7945425409249
0.350309 -1.65555 0.183017 31.5285270009384
0.414928 -2.37091 0.928095 13.394280624566
0.562905 -1.08234 2.69754 4.29096744716179
0.315974 -0.421921 2.05909 11.5696984116825
0.167727 4.39329 0.613633 4.60847460592169e-05
0.256126 4.3777 0.60548 4.17308869331765e-05
0.351984 -2.95843 -0.530647 22.2647437754596
0.20281 -3.07342 -2.25766 34.4647484796735
0.457719 -3.02523 1.08758 2.01902604987651
0.209672 -2.10511 0.715645 10.9327599956882
0.243258 1.12988 -0.168285 9.62918674650784
0.578808 1.1172 0.937416 4.0846282408462
0.177347 4.86221 0.694712 0
1.41413 2.12842 -1.31941 0
0.0845642 2.43681 -3.06261 0
0.379646 4.51333 0.312884 2.75163490519962e-08
0.135155 4.66131 0.000955841 5.11904545110974e-08
0.0455933 -0.0149791 -0.727763 14.7036787828654
0.189154 -0.0332507 -0.716929 14.8239839796766
