0.290406 6.56099 -1.12596 0
0.706445 6.81281 0.334275 0
0.106262 10.7686 -2.47215 0
0.121895 -7.34287 0.598682 0
0.834499 -5.95451 1.66201 0
0.110243 -3.23831 2.22722 0
0.494881 -4.76805 3.07852 0
0.278622 -3.71677 -2.54636 0
0.152861 -3.7759 -0.197148 0
0.143786 -4.87889 0.513398 0
0.326818 -3.03084 -2.06326 0
0.509314 -5.77095 2.02511 0
0.479056 -5.81071 -1.04697 0
0.661183 -4.23812 -2.40119 0
0.29509 -7.40225 -2.70632 0
0.360435 -8.24039 1.73088 0
0.0676285 -8.84759 -0.339629 0
0.272664 -7.25705 2.32332 0
0.539396 -9.09802 1.7078 0
0.640528 6.52053 -1.87811 0
0.353892 8.45496 1.23511 0
0.742314 -8.08683 1.29737 0
0.651291 -6.79809 -0.821692 0
0.165167 -7.09818 0.462826 0
0.462387 -3.66251 0.741995 0
0.410055 -4.66111 2.91706 0
0.205569 -3.27387 -1.56396 0
0.45315 -5.99031 -0.591199 0
0.043446 8.53271 -2.17483 0
0.253515 8.30867 2.18045 0
0.519577 -4.55951 2.24976 0
0.0802392 -5.32971 -0.282317 0
0.112579 -4.56895 -0.281956 4.70237624383788e-08
0.0551128 -5.62909 -0.519894 3.79292223261817e-08
