0.416633 -8.00911 -1.52284 0
0.494942 -6.38622 2.43793 0
0.316318 -6.07758 -1.28683 0
0.35263 -2.952 2.36885 0
0.688943 -0.00246923 -0.682682 0
0.366979 -0.895108 2.13577 0
0.0132961 5.8952 2.09433 0
0.57117 5.40771 -0.560566 0
0.298705 5.52541 -1.25804 0
0.412113 5.39934 -1.48596 0
0.180498 6.27458 -2.64463 0
0.355711 8.71611 -0.695499 0
0.176933 7.95292 0.0361253 0
0.465548 5.2018 -2.08991 0
0.625274 -7.5505 0.306739 0
0.264807 -7.40028 1.55971 0
0.267026 -6.97818 -2.60438 0
0.132327 -5.98543 -0.0205901 0
0.418571 -6.28179 -2.82804 0
0.24543 -3.64979 0.0243509 0
0.387739 -2.24163 -1.43317 0
0.133393 -2.91393 2.72122 0
0.340048 3.0344 -2.3795 0
0.330708 4.10981 0.905186 0
0.715849 7.01031 -1.00067 0
0.645708 6.67071 1.72973 0
0.45029 7.41429 2.28125 0
0.203392 7.77459 2.24088 0
0.408805 7.80379 2.4726 0
0.752291 6.5723 2.0538 0
0.501219 2.56968 1.74447 0
0.0802967 5.08855 0.0257612 0
0.648517 4.26329 1.7246 0
0.321991 2.52422 2.57436 0
0.537118 2.79284 -1.04716 0
0.375035 -1.21737 -0.165553 0
0.309018 -3.24603 1.95842 0
0.252446 -6.45241 -0.984487 0
0.428659 -4.9805 0.318079 0
0.281112 -7.6568 3.12574 0
0.238071 2.94149 2.47963 0
0.221819 2.53891 2.896 0
0.548117 4.19877 -1.22682 0
0.265962 3.55363 -0.847105 0
0.169277 7.08481 2.86992 0.41232766404805
0.20415 -3.72278 -1.62157 1.21319755860767e-08
0.0603847 -3.30469 -1.22326 7.98215545951648e-08
0.110085 -9.83372 0.275625 0
0.259935 -8.36451 -1.33582 0
0.380849 -0.509708 2.76684 7.79370455095054
0.125883 0.255867 0.959408 25.8017158764021
