3.62809 3.19829 0.578649 7.09032048149622e-14
0.59553 -7.64067 -1.38604 0
0.743194 -7.58083 -0.620315 0
0.782091 0.606928 -2.11805 0
1.7822 2.97164 0.681655 8.96528978211895e-14
0.073862 3.07684 2.09929 7.76846720651817e-14
0.17862 2.65431 2.41027 1.33631934189314e-13
1.39757 1.71057 -2.63472 3.80463089444241e-13
0.423834 -6.69567 -0.565003 0
0.490626 -5.19791 -2.61952 0
0.29844 -3.65995 0.780503 0
0.291251 -3.40626 2.32316 0
0.541189 -3.12082 -3.09116 0
1.29755 -3.78602 -2.17345 0
0.127927 -3.05227 -3.10221 0
0.658998 -1.5737 0.0950326 0
0.212378 -0.960448 -1.92627 0
0.707631 1.48369 -1.56 0
0.438763 1.44427 -1.58312 0
0.859345 2.06014 -1.18089 0
0.29968 3.42598 -0.82011 0
0.767441 3.80035 0.307507 0
0.294678 3.84419 -0.472459 0
0.565369 3.85517 2.54656 0
0.473847 5.55694 -0.835638 0
0.645058 7.03217 -0.917232 0
0.438605 5.33475 2.06342 0
0.322521 7.05476 -2.85526 0
0.242318 7.58935 -0.979329 0
6.04472 3.14204 0.45166 7.8661510286295e-14
0.124857 1.45952 2.78236 0
0.240735 0.32634 -0.0141722 0
0.288554 1.28371 -1.55913 0
2.06769 -0.0167144 1.09806 0
0.576387 -0.568896 1.27901 0
0.488206 3.55583 0.197923 5.6531519753647e-14
0.918917 2.65901 1.13308 1.21300436529847e-13
1.11681 3.26225 0.971909 5.80061949364893e-14
0.298114 3.40063 0.972914 4.78988990563642e-14
2.36129 2.29566 3.11926 2.12618560960506e-13
3.80276 2.40904 -2.94726 1.95955784494899e-13
12.0026 2.30983 -2.9414 2.14998758141793e-13
0.465022 -6.68583 3.01403 0
0.281924 -3.28126 -1.01874 0
2.11295 -2.93273 0.567987 0
0.191089 -3.43221 2.05553 0
0.317201 -4.66956 -0.0638808 0
0.278971 -3.61332 0.619528 0
0.577626 -3.29664 -2.81052 0
0.48016 -3.44966 -1.40345 0
0.256722 -1.19074 1.69284 0
0.258676 0.254697 -3.13292 0
0.588377 0.301293 -1.11171 0
1.84252 0.984214 -1.89973 0
1.07129 1.43798 -1.82131 0
0.873492 1.46506 -1.81665 0
0.656387 0.843716 -1.89717 0
2.702 1.34726 -1.88627 0
2.14161 1.3313 -1.59454 0
0.928242 2.70978 -2.43178 0
0.131641 3.8228 -1.78099 0
0.772145 2.86636 -2.23511 0
0.217583 3.80099 -0.997363 0
0.143334 5.1388 2.9203 0
0.528464 3.80631 -0.670371 0
1.00204 7.82681 -0.317623 0
0.788416 8.20376 2.29862 0
0.0484793 -5.38796 -0.0472178 0
0.477099 -3.40551 -2.50983 0
0.332833 3.60036 -3.05428 3.54050813499327
0.172909 2.98783 -2.72963 12.5228768439867
