0.871432 -2.69503 1.2661 0
3.51352 -1.23839 0.462196 1.65855757410639e-13
1.85931 3.84009 0.304561 0
1.71704 4.57553 -0.230866 0
0.686229 -1.88836 -1.41859 0
1.19001 -2.57706 -1.4846 0
0.558864 -3.19504 -1.42576 0
0.259923 -5.70028 -0.420769 0
0.67133 4.60014 -0.364593 0
0.684141 5.71575 -0.117881 0
1.46211 6.61909 -1.71301 0
0.296804 2.82041 -0.469192 0
0.495196 2.48341 1.94373 0
1.86754 0.809266 1.49629 0
1.67105 0.409868 0.950999 0
0.757797 -0.108165 -0.860625 0
1.10616 -0.62324 1.24485 0
0.737879 -0.779451 0.682779 0
2.52654 -1.83069 1.87952 0
0.119658 -1.58371 -2.29936 0
1.36067 -3.09436 2.19763 0
1.03283 -2.63766 1.13234 0
0.835369 -2.04355 0.498648 0
0.707288 -2.56814 0.990821 0
0.40686 3.9877 2.65982 0
0.438302 4.12872 -2.51398 0
0.448765 3.19667 -1.89319 0
0.794054 3.33688 2.41424 0
2.0754 3.72724 1.83168 0
1.04594 3.3063 0.576504 0
0.534155 3.87699 1.62763 0
0.952803 1.81767 1.20966 0
0.439804 4.42122 2.49588 0
1.52117 5.10387 -0.701025 0
0.596132 3.98076 -0.740067 0
1.26804 -0.839818 -0.0238243 0
1.46002 -0.557005 0.521413 2.45210160703013e-13
2.06841 -0.803678 0.320609 2.15550416187852e-13
0.0976247 -0.726906 1.22711 2.31520709806634e-13
0.594132 -1.49992 1.10197 1.44635895459947e-13
0.0882839 -2.92272 -1.25959 2.10679900630435e-14
0.286127 -0.964607 -1.40073 1.56815489224064e-13
4.52898 -1.62879 -2.4371 7.55170287942207e-14
0.852345 -0.782606 2.09716 0
3.47137 -1.27097 1.38502 0
0.2267 -1.18038 1.21107 0
0.541825 -0.797026 2.70822 0
0.50415 -2.22096 1.13939 0
0.622413 -0.871529 -3.06265 0
0.263188 -1.29752 -3.12224 0
0.709938 -0.267676 2.78517 0
1.23081 0.0752574 -3.13042 0
0.130884 0.626739 -2.80968 0
0.783816 0.731831 3.11854 0
0.0157495 0.7382 -1.40694 0
0.427353 1.97762 -1.34442 0
0.293309 0.453137 -2.70995 0
0.383846 2.39251 -0.618191 0
0.156558 -4.0026 -1.83584 0
0.274678 -3.3042 -1.17042 0
0.355486 -2.05874 -1.67307 0
0.2693 -2.931 0.53032 0
0.50174 -2.61126 -1.63041 0
0.201875 -1.81905 -0.36794 0
0.764475 -0.737325 2.27056 0
2.7025 -0.75761 3.08262 0
1.53088 -0.522659 2.09038 0
0.442249 1.67846 1.49853 0
0.228643 1.20967 0.424421 0
0.355942 -2.74121 -0.984476 0
0.112131 -2.12423 -0.856084 0
0.735998 -6.37175 -0.821098 0
1.65813 -6.11318 -0.747409 0
0.354959 2.57501 2.97558 0
0.675785 1.91189 0.901494 0
0.933684 7.00903 -1.34837 0
0.355459 6.09345 -2.46466 0
1.00849 6.662 -0.780693 0
0.181557 6.69642 -2.38047 0
0.269915 4.71071 1.66651 0
0.142621 4.93827 3.08797 0
0.270866 -0.74993 0.269239 0
0.220329 -8.071 1.96907 0
0.479452 -6.50669 -1.07675 0
0.281006 -4.7743 2.69057 0
0.104891 -3.56666 3.07132 0
0.154189 0.711597 -1.30053 0
0.740192 1.86221 -1.82895 0
0.751091 4.34845 1.83656 0
0.483376 5.44803 -0.76007 0
0.272949 -5.46225 -1.81804 0
0.36319 -6.6909 -2.61123 0
0.312033 -1.86066 1.7333 0
0.864537 -1.72003 -2.25823 0
0.516059 1.76014 -0.193677 0
0.733385 5.47184 -1.15592 0
0.686146 6.13791 0.772849 0
0.16589 7.021 0.637334 0
0.714085 -2.66073 -1.48152 0
1.09699 -3.77886 -2.42063 0
0.276469 -4.45725 2.41403 0
1.32214 -4.19239 -0.586795 0
1.07208 -4.48721 -2.6673 0
0.871122 -4.02188 2.61204 0
0.299391 -2.08098 0.797888 0
0.15777 -2.43299 0.073014 0
0.649228 -1.60571 3.12754 0
0.350142 4.36795 -2.92555 0
0.589388 3.89901 -0.354836 0
0.0801674 6.44737 -0.544467 0
0.296174 5.4235 0.483129 0
0.0656327 6.40438 0.889846 0
0.444078 -2.63646 0.25925 0
1.11442 -2.36042 0.0792048 0
0.188932 7.06453 -0.572995 0
0.177931 5.90579 1.20368 0
0.732628 2.80059 2.88208 0
0.160174 4.00927 2.15553 0
0.261962 1.78071 1.09807 0
0.52253 2.49708 2.22174 0
0.961147 0.108243 1.73941 0
0.29014 -0.124501 -0.0178208 0
0.348647 0.0392162 1.42354 0
0.302415 0.909728 1.24627 0
0.16267 -1.72847 0.727276 0
0.0440079 -3.08446 -1.11554 0
1.81583 -2.20348 2.07772 0
0.581895 -3.22299 1.79387 0
2.02305 -2.21695 0.772502 0
0.134986 -3.39447 -0.226696 0
0.314386 -1.95865 -0.533823 0
0.812657 -1.86354 1.20908 0
1.0357 5.83319 2.88871 0
0.157993 5.35867 2.54015 0
0.838361 4.00251 1.86604 0
0.252863 4.10487 1.84026 0
0.800956 -0.429789 1.78181 0
0.391961 3.02001 1.95027 0
0.105131 1.79913 -1.19578 0
0.481529 0.498511 -0.767469 0
0.382531 -0.159721 1.21091 0
0.215265 0.19858 0.653287 0
0.362642 -1.23983 -0.105559 1.53729318936277e-13
0.354726 -0.558355 1.83193 2.45773723224965e-13
2.95356 -1.61669 0.573577 1.29202617765707e-13
1.02407 -1.34926 0.0697488 1.45744279363828e-13
0.409359 -1.88151 1.48536 1.11708636689615e-13
0.227441 -1.72828 -1.56298 6.30659131264842e-14
0.264779 -0.983545 3.05425 1.72462008980503e-13
2.63796 -1.3611 -2.48761 1.05142848347667e-13
8.60532 -1.43396 -2.35342 9.41524561805763e-14
0.886568 -0.76444 1.42336 0
0.119385 -1.40954 0.130322 0
0.982202 -0.75951 2.53456 0
1.14462 0.250387 3.09953 0
1.41194 0.0292149 -2.63225 0
0.724368 0.740554 -2.90607 0
1.64028 0.245211 3.12685 0
2.41367 0.397444 -2.96957 0
1.9257 1.10548 2.5954 0
0.288078 0.376231 2.59681 0
0.689176 1.12882 -1.04649 0
0.722415 1.74563 -0.752491 0
1.23933 1.79639 -0.346369 0
0.467728 -1.63843 -0.561508 0
0.722941 -4.53643 -0.848526 0
0.376344 -5.10289 1.16626 0
0.458884 -3.33141 -0.231864 0
1.32822 -0.828569 2.57652 0
2.06867 -0.699726 2.62939 0
0.801697 -0.841121 2.74448 0
0.314769 1.46427 1.25448 0
0.0780597 2.75638 -3.09274 0
0.487211 -4.1276 -0.410144 0
0.30612 -2.38063 -0.148241 0
0.359847 -6.05523 2.49496 0
0.361445 -4.43214 -0.0156333 0
0.807838 -3.7988 -1.45561 0
0.438112 -2.15398 1.15094 0
0.158437 0.110187 -1.83054 0
0.131374 -1.46507 0.559182 0
0.322739 -0.00724759 2.93765 0
0.334863 2.4049 1.48074 0
0.378689 0.979834 0.0988093 0
0.759278 2.26084 0.398433 0
0.389063 7.34683 1.06772 0
0.339784 -0.0386379 -2.26586 0
0.469994 -3.19797 -0.0103213 0
1.08424 -6.92388 -1.69826 0
2.70902 -6.96438 -1.84972 0
0.179081 -3.80116 -2.31503 0
0.206094 -2.29932 -2.54965 0
0.401573 0.321195 0.671165 0
0.320908 4.61293 3.06961 0
0.349904 4.92715 0.342773 0
0.41507 -0.473589 2.20001 0
0.337245 0.643914 0.233056 0
0.0855386 6.46063 2.47979 0
0.32409 -1.79494 -1.03323 0
0.966739 -3.0405 -2.32484 0
0.0306867 -3.33771 0.200607 0
0.58212 -4.52971 -0.882218 0
0.431978 -3.44338 -0.854355 0
0.358483 -6.61625 2.90386 0
0.695253 -5.52517 2.91773 0
0.41919 -6.81534 2.2749 0
0.366098 -4.50522 -1.75171 0
0.558067 -1.1221 -1.36598 0
0.209956 -2.24172 1.81164 0
0.419445 -2.16401 2.08457 0
0.909391 0.896491 -0.148884 0
0.150258 2.46587 1.36081 0
0.0881662 6.44136 -0.339735 0
0.391857 7.58282 3.06226 0
0.474605 6.49623 0.972777 0
0.758531 4.83697 -0.598982 0
1.1399 4.97258 -1.06999 0
0.65521 0.7154 1.28815 0
0.376795 -0.298818 1.41251 0
0.137974 5.07144 1.71315 0
0.324719 4.20623 2.7143 0
0.521942 -0.647685 0.173643 2.31638611012692e-13
0.864243 -0.43623 0.772271 2.57244681770036e-13
0.514449 -1.16031 0.92826 1.80025168317778e-13
0.452557 -2.12104 0.793828 9.46645087545635e-14
0.548912 -1.75639 1.28675 0
0.245182 -1.62001 2.28582 0
0.243546 -1.54125 -2.53108 0
0.118842 -0.554647 1.53154 0
0.909643 0.629176 2.7077 0
1.60427 0.794251 2.73124 0
0.937811 2.7975 -0.272615 0
0.671979 2.96762 0.0792273 0
0.160792 -3.67788 0.596022 0
0.165586 -2.41926 -1.71161 0
0.255781 0.238767 -1.45814 0
0.0996292 -1.19834 -1.03881 0
0.294813 4.29287 2.72578 0
0.379148 4.43287 -2.20637 0
0.138733 2.79008 0.797349 0
0.0867856 2.55037 -2.23396 0
0.149184 -5.77853 -2.44497 8.29483342073265e-09
0.110683 -5.89926 -1.061 3.7945865723793e-08
0.474179 2.35851 -0.626458 0
0.268786 2.72222 0.372273 0
0.519083 2.93607 -2.46963 0
0.0506487 3.56536 2.42134 0
0.117316 5.25199 -1.06602 0
0.171218 6.4009 -1.39874 0
0.0874616 -3.0479 -1.96933 9.55726606833966e-08
0.506048 -2.53666 -1.17374 9.08705052181176e-09
0.297366 -5.37308 3.04198 5.59147459804255e-08
0.114325 -6.32941 2.64955 2.30443590499341e-08
0.226167 -2.0697 1.37606 0
0.151053 -2.21789 2.48687 0
0.747375 3.28905 0.766925 0.445810316071422
0.0627775 4.91054 0.579894 1.04875902125649
0.0371935 -4.79015 0.392724 4.43139891026627
0.701562 -2.78716 -0.115028 1.73356342256854
0.132905 3.68785 2.1062 3.74456724404499e-06
0.323567 3.6892 2.10555 3.80550784116465e-06
0.0764315 1.63972 1.22117 12.9502279021628
0.274023 2.27548 -1.50096 1.95976473391441
0.668315 -0.71073 1.02718 7.78342082200295
0.106791 -1.84811 0.147306 18.8853018139183
0.689253 -1.53119 0.658711 25.1897458505178
0.405587 -1.74198 1.42182 35.2610779736451
0.214221 2.21428 -0.237532 7.91932426799823
0.692875 1.79734 0.759253 3.48674397296445
0.253856 -2.97158 -0.436749 9.69132680543443
0.559251 -2.09632 -1.06196 10.3825836853491
0.102602 2.43559 1.24555 3.31722527517907e-09
0.0217995 4.36162 -0.354791 5.63205273308946e-09
