2.1266 -3.37434 1.28596 0
6.45479 -3.30278 1.46213 0
1.65695 -3.43958 0.967515 0
1.47075 -2.91491 2.42187 0
0.274527 0.547473 0.454531 0
0.550277 -0.216258 1.03486 0
3.10697 0.0158069 -0.377439 8.61053536129307e-14
5.89288 0.253386 0.0437299 1.32636943768489e-13
23.8463 0.257432 0.0392861 1.31380730446797e-13
12.7664 0.24354 0.0941878 1.44870787827592e-13
7.17496 0.287136 -0.644817 4.98092144421909e-14
2.33136 0.23865 -0.511915 2.58104396424395e-14
3.3943 0.105855 -0.525857 6.10215769855722e-14
1.13089 -0.0149279 -0.21653 1.12093512176605e-13
1.43691 -3.87108 1.11823 0
0.213315 -5.39733 -1.058 0
0.640227 -4.29417 1.56787 0
0.370671 -5.01074 -0.168976 0
0.964723 -4.51481 0.820105 0
0.830712 -5.76993 0.0153254 0
0.173256 -7.61535 1.7324 0
0.417697 -5.30478 1.23105 0
0.877289 -6.15966 0.729602 0
0.644961 -5.19274 1.06687 0
0.489724 -4.28381 -1.22572 0
0.354435 -4.03342 -0.314469 0
0.420423 -2.12979 -1.71514 0
0.358141 -1.46079 -2.16378 0
0.664179 -0.957902 -2.09194 0
1.30962 -2.84725e-05 2.69621 0
0.651602 -0.161422 2.64591 0
0.149496 -2.12496 -0.594715 0
1.84468 -0.393942 2.70872 0
0.439815 -0.163585 1.25501 0
0.35138 -0.453958 1.48204 0
1.00164 0.340705 2.41152 0
1.5525 1.50316 2.7152 0
0.865678 1.00485 2.44948 0
1.6508 0.160329 2.07454 0
1.80692 1.05659 2.36631 0
2.18864 1.69913 2.69846 0
0.949268 1.46626 0.134571 0
0.336744 1.11356 -2.85536 0
0.776175 2.57072 -0.723022 0
0.180041 4.99034 -1.0515 0
0.445954 6.33368 0.0277812 0
0.902587 3.52069 -0.354266 0
0.203031 4.98978 -0.160519 0
0.15386 5.34179 1.89544 0
0.982327 5.54242 -2.97526 0
1.75904 4.00384 -0.0120767 0
1.32701 4.16347 -0.0909567 0
2.37042 4.89444 -0.440285 0
0.327799 4.53227 -0.862352 0
0.0430184 6.22562 0.749912 0
0.604788 5.08858 2.01246 0
0.740323 4.39524 -2.80982 0
3.02766 4.42371 -3.12638 0
0.16623 3.62285 -0.711833 0
0.0486906 5.96524 2.84391 0
0.884254 1.90611 -1.21234 0
0.270586 0.628703 -2.13649 0
1.82945 -1.0865 -1.75269 0
1.12512 -0.523249 -1.64713 0
0.847164 0.516829 -1.46304 0
1.40806 -0.111768 -2.43426 0
6.63061 0.315043 -2.70797 0
1.85937 0.887529 -2.5961 0
0.417276 0.474687 -2.6723 0
3.37324 0.526318 -1.58485 0
0.428842 0.732866 -1.27464 6.82557263971581e-13
3.42948 0.683933 -1.40239 6.8345544199864e-13
1.23523 1.24693 -2.24429 5.08930166298348e-13
0.998859 0.563933 -1.62197 6.85938103905796e-13
2.79694 0.873365 2.42153 1.54389934034586e-13
8.32604 0.87907 2.58127 1.79307972172924e-13
14.478 0.813744 2.524 1.96055718216469e-13
29.9135 0.874524 2.56148 1.76668907063721e-13
17.0741 0.888962 2.64934 1.92912896960454e-13
1.10347 1.51391 1.44738 2.56138456501595e-13
4.48898 1.55474 1.6683 2.0266166120992e-13
2.79518 1.18149 1.7306 1.95064040737734e-13
0.339244 1.0706 -2.38779 4.74502200880343e-13
0.68628 2.14922 3.05083 2.5689261111959e-13
0.163351 2.59257 -2.24184 3.58430008621629e-13
0.19392 3.56254 -0.947267 3.66484923642199e-13
2.54642 4.13152 2.5342 3.1988154456867e-13
1.638 4.47663 2.28695 3.24517074719826e-13
0.259601 -5.31054 -2.19136 0
0.709213 -6.58229 -2.57656 0
0.220289 -6.66448 0.375547 0
0.249467 -5.82891 -3.09942 0
0.403908 -7.17973 2.10562 0
0.822035 -5.57885 -2.49793 0
0.184865 -6.06926 2.69705 0
1.50294 -4.96286 2.68154 0
1.93652 -3.88009 2.59898 0
0.565414 -2.09539 2.52355 0
0.510671 -3.2875 2.80892 0
0.98717 -3.27514 1.49425 0
1.59557 -2.84312 -2.66153 0
1.0583 -3.13794 -0.942188 0
1.06923 -2.71273 -0.897432 0
0.396296 -2.45837 -0.932222 0
1.46761 -2.49656 -1.79571 0
0.443243 6.80756 0.230805 0
0.104912 3.02699 -0.756748 0
0.545836 2.16085 2.28619 0
0.911724 1.78369 2.77735 0
1.1795 -2.06883 1.64231 0
0.993766 3.85225 -1.65906 0
0.51716 4.0098 -1.04652 0
0.134639 1.38489 2.86306 0
0.610961 0.157719 -0.0109989 0
0.701546 0.00751537 -1.29619 0
1.16781 -0.812895 -0.0113251 0
1.14036 -2.11839 0.467523 0
0.65 -2.14849 -1.00831 0
0.094407 -4.02793 -0.196836 0
0.700665 6.07444 1.60543 0
0.462997 -7.38004 -2.03259 0
0.202542 -6.72366 2.03965 0
1.03415 1.95097 2.64027 0
0.122154 3.1385 -2.07047 0
0.939564 2.04469 2.82713 0
0.217903 1.84163 2.32833 0
0.200131 -0.905577 1.94933 0
1.3761 0.074906 -0.654424 8.47185313736265e-14
4.96595 0.212839 0.076465 1.4247730490823e-13
22.4229 0.278306 0.0409234 1.30889914266042e-13
40.4361 0.33692 -0.656184 5.18362187250975e-14
8.63169 0.33526 -0.65094 5.04268265728133e-14
6.52763 0.342648 -0.643714 4.87066684488412e-14
3.36321 0.0852288 -0.623981 7.76408917536469e-14
0.336068 0.674091 -0.724798 1.07107603078873e-13
2.99506 0.168906 -0.14536 9.41420008924501e-14
0.290309 -5.79014 2.44732 0
0.275897 -4.22341 -2.57583 0
0.459209 -0.604903 -2.97323 0
0.764634 -0.795748 -2.63057 0
0.492898 -0.855043 -2.64005 0
1.82565 -0.282898 -3.08707 0
0.410319 -1.05227 -3.03656 0
1.85809 0.95337 3.09931 0
0.787971 0.316007 0.483845 0
1.8097 0.893983 1.56798 0
1.07657 0.391101 1.55463 0
0.405442 1.66736 2.11224 0
1.0476 1.95329 -2.79603 0
1.03779 2.21284 3.0847 0
1.67655 1.76533 1.20085 0
0.488189 1.49537 0.274786 0
0.331643 1.36898 -2.40933 0
0.576487 3.48256 -1.88336 0
0.18707 4.8542 -1.95509 0
0.246488 7.35519 -1.80457 0
0.283073 3.4427 -1.46978 0
0.239384 6.10103 -3.09618 0
0.106985 7.17653 -1.00831 0
0.249336 5.85065 -0.161596 0
0.408276 4.45815 -1.02706 0
0.539673 4.57354 -0.243797 0
0.373632 5.07985 -1.82618 0
1.68464 5.16025 2.75943 0
0.816259 4.75647 2.86915 0
0.721433 5.00547 2.0043 0
1.05177 4.4036 2.78653 0
0.670854 4.96166 -2.67756 0
2.46064 4.36557 3.00055 0
0.820375 4.60494 2.6364 0
1.13792 4.33057 -3.03783 0
0.224974 3.20066 -2.75367 0
0.234981 1.47121 -0.458437 0
0.460562 2.29606 2.37089 0
0.408587 0.540363 -1.67326 0
1.41389 0.990477 -0.828654 0
3.31626 0.177455 -2.71507 0
2.05848 0.327298 -2.50241 0
4.54447 0.30092 -2.68714 0
0.208969 0.918957 3.01565 0
0.322577 1.34705 -2.25757 0
0.174611 2.03925 -2.40384 0
2.37557 0.740286 -1.44115 6.77491626213312e-13
1.70681 1.01975 -1.69406 6.23094972822479e-13
1.03472 1.45653 -1.51363 5.65655853485217e-13
1.82992 1.14768 2.79049 1.73765677251737e-13
0.33756 0.518614 3.13638 4.69595866061024e-13
1.61858 0.897823 2.46905 1.49088645244454e-13
6.25422 0.854214 2.67446 2.13063019648357e-13
4.30177 0.84366 2.53205 1.84002441588205e-13
0.546344 1.99905 -2.88954 2.98392033635941e-13
0.816163 1.97847 2.5892 1.90489485984055e-13
1.10218 2.63615 -2.4035 3.45695485904332e-13
0.428566 3.74565 1.90024 3.13322574684526e-13
0.569028 2.88477 2.71163 2.81187365188752e-13
0.476891 3.80432 1.51344 3.20306800371622e-13
0.232868 -7.15153 2.69184 0
1.04614 -6.6602 -1.96367 0
0.660481 -6.09464 -2.37252 0
0.447598 -5.70933 -0.48788 0
0.437865 -6.36308 -2.68646 0
0.43005 -6.4109 3.13492 0
0.190766 -5.84675 2.15697 0
1.38991 -2.91725 1.42659 0
0.932392 -2.8333 0.822198 0
0.6025 -1.95907 0.914042 0
0.44374 -2.82525 -2.68451 0
0.493437 -3.57022 -1.14854 0
0.662265 -3.27168 -1.72803 0
0.195444 -4.111 -0.12295 0
0.158332 -4.34332 -0.596178 0
1.47511 -3.07723 -0.9748 0
1.22566 -2.73898 -0.842572 0
0.259959 6.25262 2.76621 0
0.654742 -2.24817 2.27724 0
1.40546 4.52248 -1.74429 0
0.465787 4.67964 -2.04857 0
1.63532 4.32296 -2.12992 0
0.857243 2.57282 -2.63235 0
0.486041 -0.546374 -1.79819 0
0.442298 0.123898 -0.198063 0
1.184 -3.1926 0.168248 0
2.88518 -3.09514 -0.215923 0
7.4449 0.327019 -0.663276 5.03366922050378e-08
10.2758 0.330466 -0.667833 8.80873071345666e-08
0.373271 -5.2258 1.13708 0
0.248183 -5.46656 2.3804 0
0.14222 -5.04082 -0.174875 0
0.168457 -5.61789 -2.72951 0
0.30265 -4.71936 0.922095 2.6699521244504e-08
0.0729132 -6.03484 2.17328 2.29208635254685e-08
0.486847 -1.40697 -2.20558 0
0.363701 -0.762742 -1.83817 0
1.6257 -0.399579 1.61479 2.73563921068591
0.170457 -0.660875 1.14858 22.9826650914387
0.363869 2.26185 2.20063 0
1.35383 1.40106 2.74938 0
0.041131 2.72242 -2.61511 0
0.204118 2.51098 0.538135 0
0.416299 2.18384 -1.79379 0
0.208537 3.1043 -0.454445 0
0.143662 3.6481 -1.97835 0
0.373153 3.74635 0.475862 0
0.236895 4.31034 2.05346 4.91105594123796e-07
0.360597 4.07482 1.53938 5.27662165481025e-07
0.118755 3.71433 1.53094 2.96783114421835e-09
0.209036 3.55375 -0.559726 1.52570501852932e-09
0.0451049 -2.68565 1.4891 0
0.209788 -3.64009 -2.88307 0
0.555671 -0.6499 -2.18509 0
0.19789 -0.623316 -1.05334 0
0.46435 -0.449837 -2.26703 0
0.212112 -0.575586 -0.388635 0
1.1819 0.0314393 -2.67448 1.68834589249511e-07
0.443463 -0.112569 -2.74052 6.67765571552043e-07
10.1444 0.441361 -1.6202 0.257581344323198
0.129764 2.02084 2.48048 1.12394396835672e-07
0.279079 1.68588 -2.55576 1.43614552302703e-07
19.8941 1.4472 1.62258 1.02732878532311
0.435814 -4.12618 -2.54528 0
0.227312 -4.59269 -1.15055 0
0.251503 -1.64279 1.974 0
0.422759 -2.59981 2.22415 0
0.924583 -3.67949 -0.866044 0
1.31459 -3.72242 -1.0308 0
0.393329 -3.52937 -0.487385 0
0.652035 -2.98416 -0.488852 0
0.180238 0.867012 2.23495 15.3216036973737
0.437668 -2.41817 0.880287 0
0.351605 -3.2046 1.65643 0
0.321848 2.99915 -1.99318 0
0.541618 3.92646 -2.27558 0
0.186105 -1.18197 -0.256641 0
1.15911 -0.927016 -0.777624 0
0.219599 -2.71717 -0.598764 2.15682460438135e-08
0.194824 -2.99774 -1.30731 2.67806504872611e-08
0.0583039 5.15622 -2.88203 3.53747923067244
0.370424 3.28006 -0.683145 3.63336613454441
1.14669 -0.815988 1.23869 5.49158359175784
0.322749 -0.955802 0.628197 17.6467796522764
0.281684 0.362351 -0.343764 2.67370881069401e-06
0.501933 0.362717 -0.341819 2.63193122692248e-06
0.606514 -5.19928 0.280454 0.42918115225015
0.329726 -5.1911 1.21407 0.79630453386462
0.123055 0.514732 -2.81666 95.8810204548009
0.713122 0.430413 -1.61001 17.1112325258831
0.244661 2.12582 2.93672 70.3571583451995
1.13993 1.79997 2.30714 20.7135331441545
1.48014 -0.0719331 -2.36229 43.2338033080334
1.87852 -0.280673 -2.49189 32.9433825670978
0.0649675 -5.39531 -0.735682 9.45123636125749e-07
0.0139688 -5.4355 -0.757567 1.01427247846397e-06
0.156994 2.01632 2.64421 20.2283265341209
0.589342 1.07529 -2.6902 12.5762789575287
7.1082 0.797868 2.55634 8.31917954014332
3.16446 0.815125 2.63801 18.4599916910309
0.356245 3.52037 -2.61479 10.8595400064858
0.616927 2.97232 -1.91956 10.8298386362319
0.0806096 2.22011 1.99067 2.56391055203902e-08
0.167712 2.85186 1.10585 8.55185325042531e-09
0.431104 2.90287 1.06021 15.0289516403303
0.234658 4.0563 1.42953 8.74441967703839
2.43495 0.398512 -1.82507 0.0648778155113076
1.78629 1.45414 1.68318 1.03590688317483
4.93079 1.36828 1.61152 2.01364988401483
5.50155 1.41849 1.64012 0.465502930294568
1.73339 -2.21298 2.10026 2.8612551912072
0.126771 -2.81136 2.08001 21.6352079032905
5.44083 0.398066 -1.81796 0.0553546349570602
2.90014 0.415561 -1.73367 0.0939292833167915
4.12574 1.41438 1.62966 0.774431399721101
6.75349 1.49049 1.63419 1.76090932113866
1.83918 0.377826 -1.8415 15.1936260080969
6.7198 0.412359 -1.74431 4.15398243529292
