0.621332 5.3937 2.72836 0
0.366577 4.88483 -2.86603 0
0.526726 3.85545 1.74051 0
0.562403 4.06015 0.429545 0
0.3688 5.53011 -1.01732 0
0.506704 6.42201 -2.6061 0
0.966408 6.31005 0.10227 0
0.0679029 8.78907 -0.252002 0
0.649644 0.603073 2.69698 0
0.429642 1.7766 2.2791 0
0.354228 1.93058 -0.169824 0
0.283497 -2.63231 -1.47617 0
0.485336 -3.511 0.534222 0
0.340228 -2.05624 0.339871 0
0.550101 -2.09054 -1.31593 0
0.0961398 -2.05938 -0.87291 0
0.104759 -7.56452 0.242108 0
1.10419 -6.79646 2.28977 0
0.966776 -4.92531 -1.0275 0
0.469025 -3.81861 2.9261 0
0.454179 -6.35427 -2.0205 0
0.348518 -6.90771 0.384507 0
0.0479288 -9.22706 0.12315 0
0.290864 -6.66196 -1.91514 0
0.6531 -8.89118 2.69468 0
0.20262 0.329064 -0.337755 0
0.0848994 4.31087 3.07496 0
0.277828 2.57476 -1.40326 0
0.222159 1.9731 2.34031 0
0.755057 0.753176 -2.25329 0
0.345531 -6.03815 1.04368 0
0.546417 -4.87651 -0.515257 0
0.580175 -5.37492 -2.70797 0
1.91613 5.68554 -3.12242 0
0.264898 5.95591 2.44909 0
0.430661 8.93625 1.23896 0
0.0759407 9.11258 -0.298558 0
0.523547 0.490842 2.8662 0
0.0768626 1.99493 2.00932 0
0.153305 -4.21328 -0.920257 0
0.413413 -1.59488 0.977027 0
0.541238 -2.48493 0.104834 0
0.358899 -2.82356 2.64685 0
0.301434 -2.68917 0.795662 0
0.62053 -5.85563 0.91646 0
0.168214 -4.47912 -2.58887 0
0.485509 -0.892625 -1.73396 0
0.139779 0.658246 -2.82928 0
0.222013 1.68925 0.403513 0
0.45798 -2.03115 0.584657 0
0.114837 -5.15412 -1.37319 0
0.37447 -5.63943 2.49027 0
0.185902 -5.15134 1.11762 0
0.70751 -6.12169 0.336073 0
0.261507 3.88706 0.695808 4.01587135367024
0.104047 -3.41004 -1.32611 0
0.493163 -3.18471 -0.909638 0
0.176099 -7.01529 -0.734182 0
0.223309 -7.01975 2.19301 0
0.368727 -1.39885 -1.50291 1.34744998923652e-07
0.847809 -1.55326 -1.56633 7.29225306941142e-08
0.0821753 -8.8117 1.31717 1.53290425935234e-07
0.194199 -7.52557 -0.0905508 1.10847542551507e-07
0.376277 -7.22743 1.06917 0
0.087641 -7.78433 -1.86455 0
0.28836 -4.14425 1.0994 3.55025743815501
0.219245 -5.45599 1.69086 1.25407086822054
0.1112 -2.54256 -1.74045 11.4086853387504
0.416261 -3.38702 -2.04019 1.31175154713829
