0.390946 6.85126 -0.142988 0
2.77221 -4.66433 -2.37013 4.16753593736679e-14
9.99208 -4.62105 -2.34628 4.42091232284668e-14
6.92248 -4.43941 -2.38629 5.42923366660547e-14
1.97905 -4.77215 -2.62636 3.36328458759295e-14
0.191587 -5.11692 2.35252 2.55702609073574e-14
1.40954 -3.89607 1.25669 1.18470956549744e-13
1.40918 -3.58413 1.4821 1.56003793218719e-13
1.68329 -3.42403 0.921168 1.89790634727551e-13
16.3663 -3.61169 1.09894 1.57145935993464e-13
1.13297 -1.03833 -2.50535 0
0.677477 -1.48783 1.53732 0
0.258983 -3.37881 -1.95761 0
0.151231 -2.95605 -2.78602 0
0.693039 -2.48611 0.344054 0
1.78704 -4.23441 0.946879 0
0.344662 -4.55322 -0.967359 0
2.60374 -4.40616 0.50142 0
0.918127 -4.52417 -0.0876147 0
0.394452 -5.25432 -0.059259 0
0.654902 -5.1196 0.85421 0
0.563492 -5.4514 -0.340587 0
0.55336 -6.62942 -0.704532 0
0.343283 7.28078 3.00496 0
0.145365 4.67347 2.55437 0
7.31834 -4.65422 -2.44862 4.12321583899607e-14
4.71847 -4.55536 -2.45569 4.64922765775801e-14
0.210682 -4.19293 2.29677 7.48830672884835e-14
0.365654 -4.63796 2.24594 4.61334470921361e-14
0.515569 -2.91749 -0.483529 3.104862837832e-13
0.343322 -2.45012 1.53997 4.7379938654459e-13
1.95007 -3.61241 1.02716 1.57937023854966e-13
4.62117 -3.64764 1.00739 1.53028174022626e-13
0.606993 -3.47012 1.34449 1.7646058034245e-13
0.19734 -0.844879 3.10421 0
0.347865 -1.49163 0.962513 0
0.125957 -2.12264 3.06859 0
0.773059 -4.49948 0.599306 0
1.48756 -5.13573 -0.0130336 0
1.35303 -4.91596 -0.0505868 0
0.0926289 -6.12482 -2.53783 0
0.423237 -7.63328 -2.61188 0
0.433979 -8.10481 1.39091 0
0.160687 6.53093 -1.86116 0
0.555352 4.69939 -1.9151 0
0.397743 1.41332 -0.826599 0
0.257481 3.74349 -2.44253 0
0.211634 2.52682 -1.01919 0
1.64097 -0.302705 -2.45307 0
0.172202 -0.61984 2.62026 0
0.978748 -3.97953 -1.98982 5.70303820694935e-08
1.11033 -4.1645 -1.88863 3.19995778408147e-08
0.493386 -3.81704 -2.25837 1.11416636451048e-13
1.25342 -3.92717 -1.90992 1.0374443913009e-13
2.22468 -3.798 1.22221 1.30391044442711e-13
0.985783 -3.77193 1.02115 1.36207135984817e-13
0.108926 8.29293 -0.483557 0
0.521637 8.8381 0.201829 0
0.101691 7.68306 -0.305292 1.05548999547148e-09
0.0723042 8.36446 1.67088 2.18513807591662e-09
