0.237687 1.6889 1.95802 0
1.1154 -1.92812 1.02875 0
0.632935 -2.85768 -1.68157 0
0.349303 -7.57473 -1.41669 0
0.331956 -7.53868 -2.96731 0
0.509395 -8.24386 2.39974 0
0.432249 -7.42234 -0.956289 0
1.29199 -4.45393 1.15494 0
0.727522 -2.84528 -1.16349 0
0.199628 -3.47235 2.88883 0
0.254341 -2.23769 -0.0244486 0
0.0798072 -3.12626 0.459527 0
0.424708 0.515934 0.952514 0
0.875283 4.93037 -1.46116 0
0.514794 9.04672 -2.36031 0
0.216732 7.82081 1.84326 0
0.198606 2.93346 -2.84492 0
0.549099 3.7428 -0.328947 0
0.462706 3.17778 1.73181 0
0.242323 2.66189 -1.45616 0
0.395759 -1.11996 2.47099 0
0.170016 -8.18218 1.89818 0
0.566394 -6.21869 -2.65207 0
0.705892 -7.32417 1.27957 0
0.697441 -2.02332 0.0341389 0
0.29724 -0.584318 2.79557 0
0.397674 0.861222 0.66096 0
0.330941 3.35562 0.132354 0
0.175749 3.06798 2.95206 0
0.18657 1.87159 -0.369568 0
0.168079 -7.17057 0.937274 0
0.270742 -6.64682 -2.8024 0
0.143797 -3.58621 -0.802742 0
0.383152 -2.68068 2.42161 0
0.174675 0.191357 2.36687 5.60146847735417e-09
0.221602 -0.442973 -2.74414 3.51577320673458e-09
0.122252 3.77945 1.28003 0
0.222328 2.89825 0.919656 0
0.235842 8.82144 0.537696 0
0.1428 9.76045 -3.1217 0
0.038656 -8.58311 -2.71441 1.42754020749594e-06
0.0149173 -7.89191 -3.05507 1.51058836294649e-06
