0.310916 10.7145 -1.69795 0
0.709159 -1.66276 -0.0810241 0
0.600779 0.815872 0.786649 0
0.407488 0.871483 -1.91078 0
0.67155 -1.60169 1.59076 0
0.698051 -1.18403 -1.69922 0
0.500196 -1.56453 -1.41093 0
1.11948 -0.957605 -2.84072 0
0.413704 -1.6483 -2.74161 0
0.698002 -3.5903 2.31035 0
0.510918 -5.72804 -1.89852 0
0.686851 -5.92498 1.51527 0
0.365483 -5.4087 -1.05833 0
0.774437 -8.52284 1.55212 0
0.485017 -6.20061 -2.73575 0
0.201673 -8.00044 0.465731 0
1.41254 -5.24564 0.812944 0
0.216009 -3.55267 2.40368 0
0.172647 -3.00399 -0.797048 0
0.406083 -0.923026 -0.398195 0
1.26004 -1.05061 -2.34961 0
0.241961 -3.49316 -0.227958 0
0.154749 -2.44823 -3.10576 0
0.370037 -2.14739 -2.97992 0
0.219579 -2.97294 0.215564 0
0.105986 -6.96073 0.982469 0
0.487359 -6.50833 -1.00849 0
0.18177 -9.03148 -1.23368 0
0.249794 -8.08559 2.10179 0
0.350878 -8.26011 -0.103456 0
0.164052 -8.05067 0.507664 0
0.117686 -7.57183 0.445987 0
0.0027904 -7.72904 2.0882 2.71220586015244e-08
0.0297197 -5.97579 0.508057 3.80211715007402e-08
0.199214 -3.43923 0.0291434 1.34118082187314
0.159864 -2.16537 -1.4864 5.88426676491336
0.352314 -0.21952 -1.73761 12.1978656142087
0.168049 0.75253 -0.278678 20.2345807887309
0.174759 -3.28189 -1.47615 5.36241337248051
0.1596 -4.93236 -2.28345 1.12430088942152
