0.559028 -0.59127 -2.685 0
1.08831 7.08257 1.14321 0
0.187207 5.82359 -1.59109 0
0.0698175 -4.71508 -0.805908 0
0.827564 -3.7112 -1.34267 0
0.214038 -4.51959 2.13483 0
0.0396122 -7.06093 -2.48076 0
0.613256 8.01913 -0.0442097 0
0.734674 7.41848 0.469753 0
0.237238 -2.46018 2.66852 0
0.797238 -0.356098 -2.04404 0
0.386431 6.83736 -0.385381 0
0.377748 4.8063 2.73667 0
0.349358 3.85036 2.24856 0
0.465564 2.47551 1.30578 0
0.200001 2.66663 -2.07413 0
0.0381349 1.36407 2.46685 0
0.474169 2.53602 -1.43552 0
0.636071 -6.65198 2.98922 0
0.424166 -5.88392 -2.15 0
0.353573 -8.36136 2.28721 0
0.281465 -9.65688 2.17378 0
0.0504529 -5.16048 2.36525 0.000133310822890916
0.0028046 -5.08351 2.46085 0.000139847195578794
0.309336 -2.9428 2.60697 8.58715757710917
0.280015 -1.84739 -1.12382 19.6630724068064
0.241769 0.880764 -1.77285 1.31637814860987e-07
0.0781318 1.97155 2.41658 1.77957501304038e-07
0.123291 1.73996 1.46521 0
0.144104 -0.547413 -2.36464 0
0.316705 -5.48821 -2.24003 1.67699024738452e-07
0.452933 -4.84847 -2.36515 1.44044777454633e-07
0.289215 -4.71313 -1.24099 0
0.130687 -3.85954 2.13261 0
