1.37235 0.562121 -1.9731 0
0.51985 0.489506 2.76439 0
2.56065 -1.60786 -0.476835 6.63569778176162e-14
16.6022 -1.58435 -0.65941 1.14558322938039e-13
0.537947 -0.650441 2.03737 0
0.401147 0.775837 2.93478 0
0.611433 -1.52392 -0.218362 0
0.315647 -1.13392 1.76851 2.30890022538961e-15
0.549867 -0.396267 -1.92508 2.67190999909622e-15
0.674345 -1.54699 -1.857 2.51159332683018e-15
3.61526 -0.410711 -2.48263 1.96118632254276e-15
0.661813 -0.683037 -2.23089 2.26636134563395e-15
6.89612 -0.369012 -2.33441 2.22540795104688e-15
0.248815 1.85141 0.741255 0
0.914909 1.84124 1.34987 0
0.30636 2.66217 -3.09919 0
0.0403826 3.75781 0.378667 0
1.63433 1.63168 -3.02123 0
0.825605 1.4589 1.80477 0
0.161942 1.1614 1.30507 0
0.148673 -3.05687 -3.01221 0
2.97365 -1.99301 -1.28702 0
2.3518 -1.9807 -2.5577 0
0.487379 -0.803659 -0.918766 0
1.14599 3.36357 -0.665702 0
0.859485 4.68477 -0.0298855 0
3.56848 -1.51111 -0.484693 7.43330633893877e-14
0.962956 -1.45759 -0.199814 3.74605028502733e-14
4.28527 0.457994 -1.88994 0
1.43878 0.821696 -1.77195 0
0.543842 1.26825 -2.24185 0
0.367807 -0.0838176 2.46055 0
0.971143 -0.256916 -2.36848 0
0.81347 -0.0711724 -2.25001 0
0.397373 0.124996 0.528126 0
0.548808 2.61711 1.01974 0
0.401566 2.12529 -0.536483 0
0.443063 1.18472 0.854982 0
0.634114 1.53323 0.876916 0
4.81049 1.59766 0.527308 0
17.7067 -0.480223 -3.02854 1.15460340364125e-13
2.79176 -0.47037 -2.96208 1.29408815409559e-13
0.362922 0.150397 -3.06954 1.68728058078398e-13
7.25356 -0.283932 2.45886 8.17491233740616e-14
2.53596 -0.0318999 2.62787 9.76636894171425e-14
6.03234 -0.354477 2.45156 7.89062669036965e-14
7.50871 -0.272212 2.4733 7.9629634379473e-14
14.3486 -0.211266 2.52953 7.54564019557369e-14
0.285089 0.0140788 1.84878 0
0.444826 0.13048 -0.824097 0
0.586785 1.10277 2.23132 0
0.47497 1.80712 0.40377 0
0.610163 0.839458 -1.28061 0
0.392539 5.21271 2.7889 0
1.07856 4.40508 -1.65382 0
0.150714 5.41956 -3.05 0
0.245255 6.66223 -1.21795 0
0.219001 7.15322 -1.85282 0
1.28257 4.97968 2.35936 0
2.32776 -2.28167 2.26489 2.39248127774156e-13
4.27723 -2.16638 2.33537 2.49186740682478e-13
1.387 -3.16837 2.85416 2.07023122429368e-13
1.19148 -3.78463 2.10488 1.87674052580323e-13
1.05828 -4.43683 -2.45965 1.81087174610452e-13
0.263301 -5.72945 2.52641 1.77628821357815e-13
0.375239 -7.43615 -0.671756 1.74905999428226e-13
0.102035 -8.44188 0.0476242 0
0.582242 -4.68677 0.691973 0
0.822918 2.52315 -2.17285 0
1.01928 3.24744 0.114213 0
0.756884 5.05655 1.73966 0
0.13215 4.52315 -0.780849 0
0.717527 5.1721 2.68217 0
0.22867 5.60719 1.71767 0
1.05218 7.47381 -3.05196 0
0.212379 6.76737 -1.23264 0
0.1959 5.47589 -1.43911 0
0.277293 3.71014 2.26622 0
0.532689 0.242297 -2.58045 0
0.384142 -2.02824 1.48297 0
0.371989 -4.07988 1.58803 0
0.220829 -4.87917 -1.34521 0
1.18462 -6.13701 -0.352123 0
0.488672 -7.15443 -0.408566 0
0.702014 -6.25174 0.778822 0
0.136482 -4.389 0.609475 0
0.123255 -5.00489 1.58635 0
0.522599 -3.9882 0.644554 0
1.04081 -3.97417 0.556692 0
0.4417 -2.70753 0.757707 0
0.941967 8.63099 -0.519196 0
0.679059 7.85113 0.598662 0
1.60667 -0.257199 2.45235 0
2.51809 -0.360549 -2.91286 0
0.806239 -0.0582112 3.0748 0
2.49131 -0.284936 2.98546 0
0.24047 -1.18494 -1.27238 2.77451873274182e-15
0.150448 -1.94631 0.372652 2.73047184479844e-15
0.629678 -1.83715 3.03113 1.99094031501944e-15
1.53058 -1.15663 -2.40833 2.06990316747377e-15
2.26635 -1.01366 -2.26292 2.2051636751765e-15
1.42486 -0.990301 -2.30025 2.16085283584877e-15
2.65086 -0.984135 -2.32914 2.12667216667148e-15
1.06301 -0.517018 -2.60365 1.69461230288109e-15
1.38956 0.12858 -2.49693 2.36899440786075e-15
1.10948 3.05091 2.26075 0
0.460898 3.08533 1.00326 0
0.211909 2.07269 -2.93766 0
0.385766 2.1961 1.10309 0
0.172345 0.410167 -2.3676 0
1.45367 2.10425 2.60743 0
0.296129 1.01637 2.20155 0
0.382928 1.28162 2.08955 0
0.388399 0.980215 1.63774 0
0.479014 0.781402 0.536864 0
0.895937 -2.12269 -2.59341 0
0.306535 -1.55463 -2.5652 0
0.0632209 0.954193 1.63742 0
0.533285 2.75735 -0.0679947 0
0.592017 3.30732 0.00363785 0
48.7722 -1.6127 0.193866 1.09537488297418e-13
2.79023 -1.59789 0.191488 1.09503358966542e-13
4.67331 -1.5892 0.180989 1.07183619165316e-13
0.455801 -1.81559 0.421977 1.60963407432496e-13
5.47389 -1.48366 -0.657656 1.22831619128934e-13
0.475426 0.709426 -1.54297 0
0.523412 0.781515 2.841 0
0.489162 1.2094 2.84547 0
0.396884 0.640901 1.84974 0
0.819384 0.508186 2.6383 0
0.911571 0.354521 -2.80883 0
0.434607 0.0116283 -1.68165 0
1.0954 0.08395 -0.859713 0
1.40664 0.910131 -0.49749 0
0.156531 1.87759 -1.68249 0
0.382156 1.52026 0.38592 0
0.518002 1.68533 -1.48925 0
1.19005 2.38493 -0.842811 0
0.0471612 2.13643 -1.6909 0
0.0867219 3.82298 -1.67359 0
19.1107 -0.491161 -2.97068 1.27852311193479e-13
3.22166 -0.228611 2.89858 5.18331429050813e-14
1.47536 -0.568554 2.58995 6.01835947047881e-14
0.399046 -0.99362 -2.63995 1.97803329284928e-13
22.6235 -0.358128 2.51515 6.36057141795398e-14
0.442007 -0.33867 -0.575604 0
0.329096 0.317606 2.12487 0
0.261319 2.64613 -1.34509 0
0.615815 1.88067 -0.349834 0
1.10778 1.56431 -1.266 0
0.821972 2.88404 -0.722285 0
4.96548 2.07318 -0.69707 0
0.132695 2.41529 -0.103171 0
0.204732 4.3625 -0.158188 0
0.145192 5.33646 -1.77605 0
0.222936 3.40305 -2.82362 0
0.247758 4.91594 3.13207 0
0.71048 -0.231962 -0.337494 3.36408497437065e-13
0.369013 -0.104834 -0.0263184 3.66931155324741e-13
0.930253 -0.592282 0.400395 2.70898894227466e-13
0.123606 -0.903695 1.64435 3.4738486096768e-13
1.19456 -1.81914 2.33753 2.78030601852695e-13
0.746923 -4.03793 -3.00804 1.88020752474962e-13
0.103614 -5.31435 -1.50662 1.74273619405538e-13
0.220804 -5.93758 1.49276 1.75620095914823e-13
0.280572 -6.32646 -1.38903 1.74777456197919e-13
0.262507 -7.37419 0.279718 1.74892040533558e-13
0.395958 -5.77512 -1.70286 1.75116433571764e-13
0.308124 -7.42551 -1.27882 1.75090038068678e-13
0.151334 -0.34141 -1.63792 0
0.252114 0.961083 1.26408 0
0.28128 1.54768 -0.618342 0
0.267288 1.14068 -1.02757 0
0.0951551 -0.120032 1.99749 0
0.576559 5.46801 1.83555 0
0.557449 3.1979 3.12208 0
0.634003 3.15379 -3.01675 0
0.172272 4.06509 2.13521 0
0.0874878 1.63015 0.248357 0
0.159658 2.32845 -1.16148 0
0.0597163 -2.28882 -3.13687 0
0.568806 -3.04663 -0.123039 0
0.388013 -3.46416 0.664648 0
0.938232 -3.84006 0.65115 0
0.479956 -2.97269 0.94913 0
0.381408 -2.67701 -0.431435 0
0.855532 -3.08042 -0.0100071 0
0.280322 -0.195671 -1.88372 0
0.0518801 -2.25243 0.207758 0
6.66161 -1.60638 -0.596052 5.08523654670008e-09
14.1036 -1.63098 -0.608907 3.23581061202137e-09
2.89918 -0.349337 -2.49489 1.97220052297669e-15
0.999313 -0.221245 -2.62199 1.83584521231932e-15
0.49379 -0.175979 -2.37529 2.27976745840543e-15
0.65696 -0.752251 -1.94748 2.55532080924386e-15
0.610297 1.20652 0.405039 0
0.906676 0.721739 0.384915 0
0.339492 0.289095 0.554477 0
0.0747701 1.75061 0.143846 0
0.969471 -0.211845 2.70847 2.25169684488632e-07
0.477995 -0.590303 3.10388 3.99853786189703e-07
0.291861 2.62599 0.13921 0
0.598854 2.58082 0.435268 0
0.551938 4.32775 0.575023 0
0.163301 4.61565 0.497712 0
0.240323 -0.10596 -2.58346 0
0.388328 0.680336 3.12886 0
0.246901 1.29446 -1.71576 0
0.493046 0.216609 -1.90297 0
0.653147 1.37417 1.50566 0
0.314437 2.01716 0.733386 0
3.95676 -0.168404 2.64765 6.42816625420881e-14
1.33618 -0.204965 2.43796 9.48735774698762e-14
8.45985 -0.257192 2.50043 0.0616646896736375
11.3729 -0.33229 2.50421 0.0290676833562425
0.155126 2.3144 -2.61841 0
0.437694 2.3111 -0.196335 0
0.397265 3.60536 -1.03974 6.13943781840474e-08
0.5651 3.54799 -1.2163 1.86050881245835e-08
0.463673 -0.77945 0.784615 2.50393499816285
0.820204 -1.56278 0.451341 0.0848494094298201
0.359507 3.43035 -2.56637 0
0.395808 3.08693 2.58089 0
0.0519836 4.62303 2.27919 0
0.433748 4.68515 -0.500098 0
0.540049 -4.84611 1.34151 0
0.299604 -5.61786 1.26121 0
0.672646 -5.3663 -1.43523 0
0.138481 -5.43226 -2.14506 0
1.0817 3.6981 0.854096 0.745656971746977
0.249911 4.12359 0.245813 2.10211021751676
0.183227 -1.78651 1.03453 36.4708633854341
0.478774 -2.69233 0.74642 5.75086976241508
1.28315 -0.489532 2.23125 2.85002932265839
0.115695 -0.420177 1.80303 32.3536100421602
0.304773 0.266982 2.41118 5.97304085298033
0.0814699 -1.87316 2.86386 6.96681762674764
1.12708 -0.402603 2.64135 5.17318591083424
0.510111 -0.733116 3.05867 9.64403567340451
0.161848 -0.687182 -2.73576 7.80524426939461e-06
0.0842715 -0.685505 -2.74238 7.88172192756794e-06
0.532524 1.68203 -2.71184 0.406262027319679
12.5798 -1.57856 0.166646 1.04017744089819e-13
10.3969 -1.63304 0.203554 1.11409389846862e-13
0.411603 -0.134356 -0.181855 0.147667294311742
0.536454 -0.046339 -0.116631 0.138630501598893
2.21804 -0.15402 -0.233928 0.163991808126848
0.131626 0.780822 -1.30627 0.0438604756738416
0.95823 0.23583 -1.90739 1.06458329408971
2.03882 -0.0421417 -0.434014 0.310078782230416
2.51098 0.132375 -0.099254 0.249446977943113
1.59488 0.00489042 -0.0908936 0.170557357675885
2.14037 -0.0395452 -0.243605 0.0324801347605297
1.15768 0.0778345 -0.127559 0.175698238844806
0.718562 0.709291 -2.06561 0.568564612282673
0.163019 0.705571 -0.217496 0.810195021498661
