0.133395 4.23985 -0.226896 0
0.770254 -7.69568 -0.435396 0
0.225991 -6.41724 -2.06534 0
0.324741 -4.08066 -0.420594 0
0.256807 7.35008 -0.552036 0
0.276382 5.01377 0.777328 0
0.459892 4.43826 -2.14591 0
0.343407 5.76264 1.3109 0
0.740809 2.48972 -1.97926 0
0.303655 2.29802 2.0022 0
0.64814 2.64227 -2.20478 0
3.16372 2.06572 2.56117 0
0.775264 2.46891 -2.9125 0
0.186397 1.70019 2.18993 0
0.150237 1.53487 1.49373 0
0.286367 -2.12463 1.21324 0
0.790603 2.78128 -0.626481 0
0.573905 -1.21633 2.74837 0
0.711389 -0.678649 -0.399737 0
0.684568 -2.85835 -1.48218 0
0.8023 -2.01122 -0.255111 0
0.469398 -3.84442 -0.585999 0
0.397398 -3.12166 -1.70207 0
1.18484 -4.13705 -0.54058 0
1.45275 -3.55228 -0.748642 0
0.484338 2.15624 2.21893 0
0.411866 0.370209 1.80951 0
0.547698 0.964237 1.22797 0
0.556741 0.00202577 -2.87853 0
0.456691 -1.63945 2.20483 0
0.251803 -1.81587 -1.9279 0
0.569156 -5.17806 -0.891626 0
0.426497 -6.94862 -2.25281 0
0.193273 -3.36255 -0.89345 0
0.0518203 -3.53338 1.89788 0
0.245064 -2.62986 1.91848 0
1.09291 0.863415 -2.55922 0
0.199126 2.69098 -2.96213 0
0.0361401 5.40589 0.400379 0
0.802157 2.9795 1.20573 0
0.396949 2.86208 -0.146366 0
0.468434 2.57375 1.50771 0
0.475003 2.5577 -0.333827 0
0.241795 -0.0117786 0.376398 0
0.148118 -1.15718 0.132045 0
1.8341 -1.44547 -0.629123 0
2.89821 -1.5728 -0.572794 0
0.57606 -1.36274 -1.70317 0
0.421508 1.40632 0.286612 0
0.231285 6.25415 0.414589 0
0.81813 6.26265 2.17468 0
0.458927 5.27109 -0.550158 0
0.043681 2.76494 2.59531 0
0.353445 2.89967 3.0387 0
1.21474 1.06616 -0.151174 0
1.5146 1.92907 0.312681 0
0.98145 1.75686 0.524533 0
3.627 -1.729 0.905406 0
0.350294 -3.16719 1.72669 0
0.665368 -3.38357 2.33815 0
0.488969 5.73855 1.66085 0
0.743305 6.31291 1.18602 0
0.500108 8.21558 1.81445 0
2.71714 1.99571 -2.16118 0
0.54893 -0.126052 1.64831 0
0.686375 -1.48456 0.327198 0
0.167541 -2.75665 -0.412871 0
2.38461 -1.70713 0.567233 0
0.312604 1.96545 2.264 0
0.514545 0.167 -2.58269 0
0.156295 -1.2886 -2.85 0
0.258421 -0.26844 -2.79672 0
0.796989 -4.92543 -0.88835 0
0.914091 2.58467 -2.57269 0
0.711752 2.53753 2.5686 0
0.46815 -2.89925 -2.34822 0
0.14537 -4.66745 -0.233692 0
0.193684 -0.3958 -0.331222 0
0.336958 -6.02155 0.211112 0
0.502937 -4.24592 1.75487 0
0.408074 -4.25978 -0.361952 0
0.495937 -2.63448 -2.21074 0
0.32694 -2.02896 1.05498 0
0.541845 -0.560313 1.87493 0
0.108939 -0.384348 2.01042 0
0.549791 2.07558 1.25224 0
0.341461 3.14232 0.0552718 0
0.462496 4.2148 1.77549 0
0.219075 1.55326 -1.43064 0
9.8906 -1.48426 -0.630868 0
3.09845 -1.44864 -0.449934 0
0.376909 1.26245 0.718545 0
0.122016 2.19963 -2.20113 0
0.336552 2.22859 -0.168616 0
0.455812 3.57281 2.96872 0
0.481515 3.84629 -3.11508 0
0.505806 3.78118 -1.37163 0
0.576799 5.85903 -0.788265 0
0.348708 6.58663 1.18072 0
0.518306 3.7431 2.80365 0
0.536264 3.96054 2.49808 0
0.374446 3.85026 2.64158 0
0.335956 2.33145 -0.221284 0
0.485785 1.56524 -1.34897 0
0.340475 2.74215 -3.11015 0
1.0811 1.11641 -1.89801 0
0.234397 -3.74582 -0.263321 0
0.54515 -2.71344 -0.743628 0
0.632725 -2.72127 2.80692 0
0.47447 -3.82596 3.08276 0
0.760584 -3.82855 1.78072 0
0.352783 -4.41127 1.98923 0
0.406506 -3.31472 -0.55422 0
0.471008 3.4162 2.24375 0
0.125129 1.41211 0.640116 0
0.155458 4.28643 -3.01176 0
0.285815 5.1528 -2.67693 0
0.305537 8.18446 -0.448464 0
0.378321 3.58237 -0.245738 0
0.414258 3.36367 -0.835131 0
0.0972672 5.34436 2.58396 0
0.0216295 6.38822 -1.32823 0
0.173074 -2.71916 0.445097 5.79652727496616e-09
0.0569612 -3.23845 1.18691 1.81745876966182e-08
0.0653991 2.58455 -2.98707 0
0.347239 1.09465 -0.756641 0
0.222901 1.76888 3.01917 9.52430394977605e-08
0.20885 1.60178 -2.7565 3.11122155445284e-08
0.118438 -0.340627 -0.354956 0
0.358811 -1.78098 -0.0681836 0
0.45478 -2.32786 0.18679 0
0.198906 -3.33519 -0.212012 0
0.10261 -5.66037 -2.21036 9.63076736756312e-08
0.0909228 -6.91351 -2.81586 8.15233417825342e-08
0.3919 -4.88155 2.90671 0
0.121836 -6.23902 -1.19924 0
0.101318 -5.84864 -0.198104 3.46238027317503e-07
0.0804335 -6.14425 -2.22525 6.77704815389741e-08
0.184199 -3.36339 2.78474 0
0.0742656 -2.68976 -2.68917 0
0.240371 3.5879 1.40942 0
0.303687 4.26324 0.851123 0
0.17903 3.07244 1.78224 0
0.223414 1.75763 -1.78283 0
0.176832 0.869166 2.5663 0
0.0432952 3.45085 -0.931817 0
0.126164 1.36818 0.19302 0
0.240518 1.18028 1.69659 0
0.0807861 -2.59579 -1.1577 2.85993331314933e-08
0.158335 -3.53003 -1.24378 4.73243084893447e-09
0.0915938 -2.40687 2.31816 7.17984483608151e-08
0.12714 -2.95371 1.31714 3.32121798859063e-08
0.0901489 -1.91192 -2.35377 3.64040495243016e-07
0.192469 -1.08883 0.457156 3.46485802305117e-07
0.267575 0.165339 1.1683 0
0.0569354 -2.3288 -2.50952 0
0.17458 8.59415 1.84227 0
0.0889223 9.4598 -0.112113 0
0.128247 -0.600397 -2.11094 17.4126173457711
0.169838 1.33702 2.47302 7.66209239793965
0.044985 6.17013 0.805375 8.00405468989475e-08
0.174142 5.36631 -0.531577 2.33180773855149e-07
0.445521 -6.64052 2.69112 0
0.236625 -7.72286 -0.3428 0
