0.370435 1.72193 2.75597 0
0.497105 2.26326 2.41996 0
0.99018 2.0089 2.42451 0
0.46764 3.77803 2.72452 0
0.7307 4.63693 -0.75228 0
0.453767 2.67517 -0.600174 0
6.78683 5.16503 -2.71329 0
4.12805 5.089 -2.95402 0
0.304994 4.19147 -1.36542 0
2.47752 2.14681 1.72665 0
0.200003 2.91836 -2.93044 0
0.323079 3.08775 -0.357708 0
0.561083 3.22586 0.2957 0
1.83365 2.61453 1.10632 0
0.0895748 1.17526 -1.70322 0
1.7221 2.50428 -0.0654969 0
2.20923 2.05041 -0.836752 0
0.5564 1.56392 -0.865376 0
0.682122 -1.37398 2.56203 0
0.536197 -6.58181 1.02155 0
0.748926 -6.44263 -1.64598 0
0.397873 -6.26485 -1.79478 0
0.618442 -2.15847 0.48742 0
0.648331 -0.722455 0.268461 0
0.398887 1.29795 2.68818 0
0.271927 -0.745678 -0.238094 0
0.457903 0.886858 2.14634 0
0.200172 6.28854 -2.92422 0
0.280488 7.70082 0.51837 0
0.57461 3.29783 -1.62737 0
0.676103 2.84689 -1.20493 0
0.571358 -0.104577 1.78231 0
0.230069 -2.3492 -1.92057 0
0.23705 -8.35396 -2.06845 0
0.363881 -5.55776 -2.73303 0
0.179863 -4.84772 -1.04499 0
0.279196 -4.89698 0.495326 0
1.13021 -2.94581 -1.31058 0
0.486842 -2.27226 -1.41191 0
0.579774 -1.54454 -1.72704 0
1.07717 -0.945178 3.13829 0
0.747225 0.534967 -0.675364 0
0.958482 0.82135 1.18892 0
0.869367 1.8808 0.188135 0
0.594443 3.0044 -2.04842 0
0.572089 4.04242 -1.77971 0
0.733483 5.8571 0.300812 0
0.605638 5.05064 2.47305 0
0.106407 4.43456 1.81568 0
0.141742 2.48995 2.15201 0
0.0701113 1.19193 -2.59838 0
0.39139 -3.17727 1.96146 0
0.114318 -5.76908 -1.82094 0
0.164152 -4.14288 -2.4043 0
0.429458 -0.902853 0.94985 0
0.352638 -0.990982 -1.97433 0
0.191275 4.00757 -2.75085 0
3.33686 1.35859 -2.10094 0
2.27653 1.41677 -2.45759 0
0.317778 -0.381307 2.15798 0
0.0607312 2.47409 1.5256 0
0.375403 0.472764 2.51704 0
0.272402 -1.30014 2.1144 0
0.364596 0.945329 0.959953 0
0.426863 2.29071 2.45515 0
0.347374 4.40204 -2.89771 0
0.382197 5.65314 -0.54246 0
0.284171 5.77027 0.276596 0
5.36599 5.23177 -2.67448 0
2.56684 4.85508 -2.53186 0
0.196061 3.38236 -0.457342 0
0.6027 4.12014 2.52595 0
1.16192 2.99386 2.17378 0
1.39343 3.11676 0.420671 0
1.69485 3.56161 0.378904 0
0.533481 2.6024 1.04911 0
0.260992 3.86257 -0.727559 0
2.53185 2.37034 0.360768 0
1.24183 2.40761 0.396178 0
0.0698311 3.59956 2.57781 0
0.276457 -2.03471 1.6056 0
0.172636 -0.783547 -1.06088 0
0.442487 -8.63888 -3.07929 0
0.72355 -3.38902 -2.0701 0
0.278807 -4.05985 1.81876 0
0.41465 -0.584736 2.13482 0
0.285487 3.89947 -0.305136 0
0.422984 6.06433 -2.75702 0
0.576846 8.51599 -0.178667 0
0.442025 7.95942 -1.84008 0
0.800816 -1.50998 0.014755 0
0.364217 -3.75171 -1.13162 0
0.15759 -2.6516 2.77386 0
0.775851 -2.90264 2.28968 0
0.341869 -6.5842 1.63013 0
0.103682 -6.72492 -2.66778 0
0.286117 -7.02566 0.576196 0
0.361301 -7.2154 -2.39805 0
1.30037 -6.10644 -2.69448 0
1.34956 -4.933 -1.83079 0
0.21879 -4.3322 2.51309 0
0.274236 -2.43353 -1.8608 0
0.450527 0.774516 -2.6718 0
0.639192 1.13651 -0.41016 0
0.272705 1.46643 1.10828 0
0.478386 1.21294 0.769651 0
0.472269 0.547454 1.55274 0
0.916001 0.839666 1.89082 0
1.40054 0.856776 0.563938 0
0.446484 3.38764 1.40991 0
0.314824 5.15921 1.76452 0
0.205362 1.49304 -1.16054 0
0.527293 -0.165419 2.58601 0
1.37134 -0.111044 -2.93071 0
0.618865 -0.809466 -2.62138 0
0.156973 -1.98623 1.15351 9.25787102446264e-09
0.037494 -2.71102 -0.28533 1.81377604110439e-08
0.420214 2.44444 2.17211 0
0.24784 2.54605 2.58994 0
0.0815429 7.08004 -0.498211 0
0.831627 6.3556 -1.48012 0
0.0807846 -0.0378264 3.13596 0
0.725784 -0.787737 1.81316 0
0.232751 -0.594587 -0.134241 9.47893724260903
0.109749 -0.99099 -1.8179 4.60115752836615
0.129076 2.13655 -1.58038 0
0.32986 2.2139 2.28292 0
0.195261 3.76741 2.01048 4.39536185628041e-08
0.191976 3.48444 1.14995 3.23578292249069e-08
0.203095 2.64987 0.733631 3.62336780139696
0.329593 -6.17848 0.280204 0
0.309342 -6.53012 1.88667 0
0.194522 3.39563 0.637012 0
0.163621 5.00361 -1.40494 0
0.691325 -3.75324 0.415725 0
0.173933 -4.40496 -2.92575 0
0.357531 -3.2013 -0.391843 0
0.13748 -4.83028 0.159669 0
0.363017 -7.21755 -2.90259 0
0.293103 -6.93364 -1.34376 0
0.135557 -5.12419 -3.03204 0
0.323002 -5.75872 1.98826 0
0.612429 -1.62049 -2.39165 0
0.141317 -3.13078 -1.8521 0
0.933908 1.69886 -0.905625 0
2.41877 1.42401 -0.908269 0
0.607917 1.6011 -1.1431 0
0.562857 2.12809 -1.31973 0
0.067159 1.51623 -2.26394 8.69511916930519e-08
0.100918 1.7929 -1.82797 5.42390716329183e-08
0.122084 3.11256 -1.26441 0
0.377231 2.94088 -2.6441 0
0.385953 -2.15681 -0.648069 10.936152031927
0.463375 -1.5921 0.152704 15.5906695232673
0.681498 1.62855 -2.6301 3.65082258673956
0.230098 0.958237 -3.09507 19.044519690745
0.955288 2.39979 1.63649 3.17202447946354
0.712699 2.10786 2.03094 5.65046459816395
1.54745 2.43877 0.532114 4.85100971336427
0.420133 2.24942 0.915863 21.4776268359568
0.28893 0.726466 -0.538765 20.5403108235613
0.215667 1.46421 -2.17486 15.3783519262058
1.55826 2.13515 2.9554 0
0.288234 2.63624 2.04774 0
0.0197491 -6.39647 0.35575 8.10420217850806e-06
0.0487415 -5.26104 -0.842333 8.14704222394777e-05
