20.6954 -2.41582 -2.2502 3.13529098464047e-13
1.46602 -0.208831 -0.341136 8.48868000096307e-14
0.678988 -0.0164978 -1.24361 8.55762445055207e-14
0.42589 -0.792625 -2.86696 5.84406646519052e-14
2.82789 -2.04632 0.0568167 2.96166314963056e-14
2.10934 -2.01138 0.22331 3.04937195943277e-14
1.08081 -4.50373 -1.44257 6.92961813318731e-14
0.512426 -4.75652 -1.22215 6.44422921619025e-14
0.348843 -2.22571 0.426328 1.94447002100413e-13
0.0317213 -4.86247 -1.12213 6.3002617531263e-14
1.79038 -2.34384 3.01217 2.9228044456182e-13
0.411851 -1.90286 2.75469 4.07180861924818e-13
0.120208 -5.16048 -3.03019 8.41304826506869e-14
0.681939 -2.97144 2.62411 1.86929753579692e-13
0.720673 -5.57348 1.48467 7.19527280893642e-14
0.311257 -9.25574 -1.65612 7.10554041098897e-14
1.42104 6.24199 -2.28113 0
0.552379 5.15919 -1.96678 0
0.508583 1.03491 -1.61986 0
0.244873 4.09127 1.82767 0
0.336979 0.391307 1.3089 0
0.962249 -1.52367 -2.83345 0
4.22036 -2.89714 -1.66607 0
0.0594878 -2.22231 -1.20009 0
0.74419 -0.160608 2.15672 0
0.848183 -0.338514 2.55282 0
0.497943 -1.11354 -1.93204 0
0.585271 -1.26894 1.9263 0
0.269849 -1.22874 -2.15857 0
1.20717 -1.07019 2.959 0
0.46751 0.32148 0.195607 0
0.151975 1.47557 -1.51432 0
0.335756 2.39946 1.71614 0
0.257926 3.54177 -2.47477 0
0.960302 3.6668 -1.22237 0
0.384485 3.12668 2.12881 0
0.565461 3.59127 1.27404 0
3.38253 2.60826 0.53044 0
2.0928 2.57739 0.721858 0
0.668587 1.87988 0.954771 0
1.25974 3.72035 0.01201 0
0.710529 3.26515 2.43954 0
0.222627 3.84467 -0.0087185 0
0.992166 5.19359 1.65328 0
0.26617 7.12526 -2.5819 0
0.944779 -1.09386 -0.670228 5.55290518721675e-14
0.611145 -0.426999 -0.614483 8.02918493028577e-14
1.67583 -0.942802 -1.16411 5.88677207859512e-14
0.494906 -0.740071 -0.071111 7.11938244500737e-14
1.01823 -0.447571 -0.93231 7.88808747798647e-14
0.47369 -2.62535 -0.290002 1.97557537704366e-14
0.419779 -1.23884 -0.565174 5.05760029754661e-14
1.21324 -2.19039 -0.478217 2.53626370966958e-14
0.0815422 -3.42932 1.30633 1.22674346672184e-14
2.54107 -2.01517 -0.0647324 3.00512336111776e-14
0.485844 -3.95479 -2.75159 1.12214980420558e-13
0.243036 -3.43943 -0.430773 2.25274808813811e-14
0.343155 -2.92538 2.0943 1.77233087125932e-13
0.228435 -3.19551 2.1136 1.50354329200264e-13
0.640377 -2.11654 2.66305 3.43363073236237e-13
0.550706 -3.36271 2.57116 1.48198958309835e-13
0.618924 -3.67828 2.79803 1.29317824148142e-13
0.479686 -4.77019 1.19809 6.89145680779622e-14
0.159981 7.78239 1.32837 0
0.0456124 6.69217 2.56067 0
0.401357 3.17927 2.02983 0
0.152191 0.790177 -2.32741 0
0.814139 -0.756793 -2.95038 0
2.75338 -3.1413 -1.5286 0
3.05323 -3.28274 -1.46407 0
1.73882 -3.12856 -1.71551 0
0.165609 -2.17708 -0.410854 0
0.935573 -1.35979 0.263125 0
0.38476 -0.598129 0.322759 0
1.44243 -0.708601 1.74861 0
0.0340159 -1.98705 -1.60534 0
0.237198 -1.42593 -0.524161 0
0.193123 0.871748 0.53321 0
0.456492 0.483707 2.32046 0
0.0779414 1.24853 -0.79114 0
0.301421 1.19034 -0.736457 0
0.405222 3.21051 3.0511 0
0.475948 4.00947 -1.2381 0
0.682154 3.36025 -1.93647 0
0.285998 5.4174 1.44784 0
0.151559 4.05143 -0.854337 0
0.314289 3.57532 -0.0506048 0
0.213209 3.30724 0.928176 0
0.859963 8.5283 2.15758 0
0.459228 7.669 -0.0511157 0
1.33217 -3.82535 -0.673756 3.83104210401848e-14
0.470918 -3.68076 -0.65596 3.6089460527403e-14
1.40719 -2.13412 2.0801 3.19321012118043e-13
0.515953 -1.95035 2.04279 3.69728454471045e-13
1.36878 -2.22972 1.96063 1.32178960111292e-09
0.3179 -2.25987 1.79494 3.83434940940253e-09
1.41483 -2.16138 2.99835 8.90909605298247e-08
2.17367 -2.26454 3.0264 6.06825346658557e-08
0.289721 -8.24607 1.27326 7.09600338265969e-14
0.0902828 -7.28376 -0.854153 6.98793507800234e-14
0.715194 -7.77463 2.48385 7.19121529577872e-14
0.222604 -8.31843 1.78761 7.12566514685809e-14
3.44541 -1.19932 2.90971 0
0.556687 -1.29694 2.89857 0
0.268098 -3.57198 0.313777 0
0.0720873 -5.74765 0.975586 0
0.14585 -1.19076 -1.73338 1.59261758602559e-07
0.207994 -1.54375 -1.71688 7.75248360770279e-08
0.117802 0.685648 2.78975 1.22275100647024e-07
0.17114 -1.5307 -2.71991 3.31921299537634e-08
0.0108417 9.07528 -0.740419 1.08298636754194e-07
0.38921 6.80747 -1.1446 1.39224415816617e-08
2.85172 -3.78729 -1.10175 0.0238781294420517
18.5362 -1.1527 3.05275 0.0079197993902189
0.241546 -3.87969 -0.933371 0.0229738355480244
15.4886 -1.08064 3.05038 0.0738676381917479
27.0259 -1.01015 3.06443 0.0497243400734974
1.66784 -2.19987 0.108027 0.0386003647284471
4.87638 -2.11717 0.108915 0.0164813119528295
5.41347 -4.07603 -0.986412 0.0745047941859649
1.80816 -3.89815 -0.780673 0.0159023403735446
2.90166 -3.7876 -0.987778 0.0426049969932399
