0.580596 2.019 2.29001 0
0.774765 1.95089 -0.444864 0
0.425781 -1.12926 1.64004 0
0.280599 -1.36458 1.61035 0
0.280882 -0.499135 -0.850479 0
0.242434 -2.1935 2.09873 0
0.358554 -6.47089 -2.14068 0
0.322114 -6.01407 1.84999 0
0.199208 -5.42179 -0.944706 0
0.415726 -6.46709 -2.51242 0
0.593031 -3.92305 0.185399 0
0.188199 -3.73393 -2.36195 0
0.23505 -1.90351 -0.624301 0
0.441852 -2.69623 2.06062 0
0.094898 0.632368 -0.992703 0
0.329337 2.29419 2.34701 0
0.704366 2.9732 -1.04434 0
0.125797 4.13034 -1.74247 0
0.392867 0.636835 -0.826759 0
1.26665 0.597337 -0.334457 0
0.30006 -0.352174 1.35439 0
0.297942 -0.580477 2.32771 0
1.88755 -1.63732 -1.5941 0
0.259909 -1.52669 -2.59457 0
0.459489 -3.19449 -1.95062 0
0.830349 -4.54347 2.15288 0
0.451415 -0.700856 -1.62207 0
0.630985 1.50408 -3.02007 0
0.236569 4.84983 -2.81967 0
0.181863 3.46928 1.06706 0
0.605195 1.0476 0.685024 0
0.450527 0.0527741 -0.498389 0
0.771349 0.860304 0.137003 0
0.973743 0.406817 -1.80119 0
0.792178 -1.77265 2.10994 0
0.342326 -2.71031 -2.425 0
0.707902 -3.83052 -1.58949 0
0.131341 -7.31237 1.24313 0
0.0996262 -6.80519 3.05067 0
0.595631 -8.90856 1.72557 0
0.55009 -2.89099 -0.787634 0
0.559187 -2.78012 -2.58589 0
0.21055 -4.37544 0.998544 0
0.728664 -2.63698 3.01222 0
0.0105829 -3.55045 -0.169156 0
0.991011 0.0769526 2.34979 0
1.16002 1.92905 -3.01762 0
0.337989 1.57834 -1.11236 0
0.802832 3.42926 -2.90571 0
0.853856 3.16311 2.01765 0
0.23677 5.22807 -2.67475 0
0.440836 7.6286 2.11982 0
0.259869 7.14013 0.0128461 0
0.257496 5.73569 -0.101553 0
0.661977 6.40663 2.1669 0
0.406435 -6.78472 1.94269 0
0.164967 -7.73478 0.129816 0
0.405537 -3.42319 0.661286 0
0.452915 -2.87789 -3.08445 0
0.154263 0.317718 0.528554 0
0.250981 1.29733 -1.73661 0
0.570443 0.18544 2.71235 0
0.2937 4.17909 -1.7302 0
0.322908 6.98347 0.36272 0
0.279242 1.9281 -0.417203 0
0.253515 2.04841 0.36565 0
0.693082 1.38856 -0.478599 0
0.275106 2.06968 -0.33688 0
0.362953 1.61305 1.50548 0
0.655747 -2.96677 0.64148 0
0.549231 -4.11018 -1.8612 0
0.311398 -3.6358 0.815349 0
0.606349 -4.91638 -2.54341 0
0.783114 -4.12277 1.7293 0
0.110187 -0.612484 -2.28016 0
0.309311 3.05686 -0.278357 0
0.635766 3.91945 -0.000925725 0
0.555479 3.48667 -2.431 0
0.874857 1.07739 -2.52178 0
0.402476 0.865314 -1.18379 0
0.323129 1.04613 1.66577 0
0.335859 -1.42764 0.789559 0
0.515292 -2.27415 1.78493 0
0.353125 2.2064 -2.74907 0
0.486714 3.31233 -1.85095 0
0.425743 2.82785 2.14704 0
0.108145 3.3642 2.62548 0
0.219439 4.94323 -2.74437 0
0.429175 4.45732 1.67258 0
0.437367 4.52688 1.25822 0
0.710618 6.67866 1.6442 0
0.206146 -4.28875 -2.90729 0
0.377391 -4.10683 1.29341 0
0.220947 -0.718122 -3.01724 0
0.346561 -0.916941 1.09358 0
0.106639 3.82476 -2.09971 14.2389174938204
0.492222 2.88707 -0.448176 0
0.797307 2.97955 0.139876 0
0.0884814 2.74354 0.0333477 0
0.227609 3.22138 1.10141 0
0.114605 1.12787 -0.976869 0
0.293317 -0.934353 -0.338098 0
0.109974 -3.21459 0.617866 0
1.10977 -2.02607 0.550764 0
0.257834 -4.57193 1.02622 0
0.163636 -4.32637 0.654432 0
0.505636 -4.75765 -0.882287 0.704315402734943
0.0571202 -4.48106 0.375432 8.26302735407598
0.0219753 -2.4658 1.08704 0
0.126762 -3.02416 -1.4491 0
0.0808994 8.36205 0.954472 0
0.320746 6.49613 1.21708 0
0.0934303 1.38152 -2.27592 2.44322247757157e-08
0.281391 0.680826 -2.96832 7.1012086082219e-08
0.17033 1.25937 -2.87113 1.25336118032119e-09
0.409257 0.0657272 -2.56012 1.1338220199498e-09
0.371335 -0.737392 1.34734 0
0.128176 -1.47227 -0.531943 0
0.368861 -2.62071 0.571797 11.3699563316853
0.177789 1.49324 -2.59161 0
0.602589 1.22314 -2.95735 0
0.358308 4.30021 1.46638 0
0.291414 4.90902 0.577602 0
0.235909 -0.113564 2.87585 0.875766801944609
0.459428 0.804615 2.14567 0.337040895917439
0.0269921 4.50139 -0.990558 4.57273559763162e-07
0.14621 4.44266 -1.03536 5.1395746611296e-07
0.12351 2.02299 0.332859 13.4406529979303
0.280678 0.138357 0.495192 22.527040103857
0.270959 3.1821 1.00017 1.08465571149584e-07
0.211747 2.49361 -0.430844 1.86853684548416e-07
0.318083 1.52633 2.66287 1.55040963113681e-07
0.29577 1.01472 -2.63013 2.81250556525962e-07
