1.32595 7.58003 -1.53002 0
0.786765 1.01984 2.84556 0
1.0342 0.933676 -0.111709 0
1.33939 5.78457 1.81066 0
0.420579 4.9343 2.95401 0
1.16612 4.82991 0.632926 0
0.852258 4.9143 -0.417061 0
0.274629 3.68304 1.90687 0
0.492231 -1.436 1.53535 0
0.958715 -0.048078 2.85793 0
4.436 -0.354975 2.49778 0
1.4239 -0.133706 2.55715 0
1.57641 1.37875 1.52426 0
1.3304 1.95853 1.41748 0
0.420891 0.922212 -3.06317 0
0.597686 1.196 -3.04255 0
1.64809 0.280051 -2.27832 0
1.85834 0.413036 -2.18596 0
1.13222 -0.15295 -2.09552 0
0.239793 -1.23145 -0.295006 0
0.46465 0.899692 -2.64822 0
0.368843 -0.332549 1.80634 0
1.23541 0.0993053 -0.371951 0
1.33491 -0.620627 -0.535075 0
1.46806 -0.671562 -1.5238 0
1.38548 -2.50046 -0.553826 0
0.215535 -6.60532 2.75111 0
0.218673 -6.55572 -2.7144 0
0.080662 -7.80285 -1.90166 0
1.30217 -4.29575 -1.44472 0
0.657979 -5.01479 -0.137734 0
0.55977 -6.07653 1.11422 0
0.197187 -3.29308 1.97892 0
0.589881 -4.92479 0.905045 0
1.36089 -4.09053 0.527125 0
0.389444 -2.40641 1.25532 0
0.0450402 -0.855563 1.73974 0
1.65429 -1.81082 0.81376 0
0.326764 -1.56836 0.489044 0
0.945247 0.202073 2.40363 0
0.985519 -0.184668 2.80968 0
0.278263 0.478586 0.813283 0
0.637054 0.591492 -1.08564 0
0.792362 1.96219 -0.929841 0
1.49242 1.29257 -0.956847 0
0.458187 0.922425 1.13604 0
0.814585 0.219365 -2.78676 0
0.526167 2.1838 2.36868 0
1.03592 -3.23039 -1.12702 0
0.281994 -1.24091 2.38297 0
0.110639 -3.48751 0.0343002 0
0.186899 0.0418892 2.89946 0
1.21208 3.61973 2.60376 0
0.243098 3.65457 2.00616 0
0.517141 2.25888 2.68181 0
0.885538 3.6073 1.3253 0
0.301235 4.17303 1.00313 0
0.712956 3.08485 2.45011 0
0.972568 3.79137 0.0281508 0
0.335034 3.92691 -0.272136 0
0.850804 1.93108 -0.824684 0
1.06716 1.87257 -0.827706 0
0.290032 2.69049 -0.373085 0
0.631789 -2.22217 -1.94623 0
0.581275 -2.09163 2.84376 0
0.0908396 3.41438 -0.597853 0
0.772841 3.48995 -3.08556 0
0.820042 3.36198 -0.400126 0
0.339545 4.75737 1.85066 0
0.530297 -2.77461 -0.963773 0
0.244858 1.70996 -1.81147 0
0.574753 2.09233 2.75991 0
0.395279 3.4195 -0.431574 0
0.147873 5.7328 2.52758 0
0.508297 3.93856 -1.91022 0
0.286924 4.84013 0.422805 0
1.46718 5.35682 -2.53162 0
0.596387 4.875 2.93494 0
1.0282 5.42922 -3.0014 0
0.136354 5.94983 -2.19851 0
2.6001 4.61578 2.2461 0
0.412781 4.88525 -0.166725 0
0.352133 4.88388 -1.69171 0
0.181497 5.70786 0.30133 0
0.287777 3.04905 -0.937486 0
1.08829 4.08503 -0.886858 0
0.21782 3.338 0.336347 0
0.206177 4.51498 0.610365 0
0.217688 2.74154 -3.00523 0
0.245779 3.50633 -0.430374 0
0.854758 0.159473 -0.664276 0
0.456506 1.29566 -1.24238 0
1.06473 -0.970448 -1.11893 0
0.162225 -2.22068 -0.399488 0
0.804446 -2.1261 -1.40282 0
2.12056 -2.35698 -1.27 0
0.42138 -5.49409 -0.218919 0
0.647459 -6.16055 -2.70649 0
0.329575 -5.89467 -1.3284 0
0.234379 -5.9235 1.33874 0
1.82896 -4.25908 -0.960125 0
4.11387 -4.538 -1.26075 0
0.474677 -4.08702 -1.45788 0
1.23898 -4.94498 -1.31899 0
0.448269 -4.64861 0.816399 0
0.861341 -4.58415 -1.6802 0
0.290649 -3.6998 1.12805 0
0.478872 -3.6021 -2.93874 0
1.21473 -3.38561 2.54 0
2.4294 -3.48268 2.45168 0
0.0636169 -3.55342 -2.13949 0
0.375489 -2.33417 1.97381 0
1.38696 -2.76192 1.56947 0
3.24152 -2.20828 1.04867 0
0.352379 -2.1465 -0.187854 0
1.21178 -2.28059 1.23039 0
0.821667 -1.78478 0.200098 0
0.245858 -1.13938 0.645683 0
1.32049 -1.50164 0.479203 0
3.63408 -0.658489 -3.06305 0
2.2738 -0.378722 -2.89277 0
0.396527 0.547794 2.07859 0
0.277564 4.20673 -1.40642 0
0.510814 6.94398 -2.54126 0
0.325559 8.59721 2.75541 0
0.48569 1.02468 -2.8935 0
0.14029 6.37326 1.45513 0
0.768462 7.18081 2.05271 0
0.197284 4.86017 0.301781 0
0.285554 6.63976 2.58092 0
1.05001 -0.176233 2.54987 0
0.388932 2.05036 0.771976 0
0.59717 1.85314 0.963624 0
0.894815 1.67434 -2.92388 0
0.0979945 2.83635 0.325961 0
0.656251 0.291174 -1.75219 0
1.59392 0.686066 -2.08595 0
1.26676 0.314713 -2.60911 0
0.115864 1.88176 2.2258 0
0.67216 0.821674 3.0805 0
0.788982 0.20767 -0.478477 0
2.28628 0.846502 -0.474123 0
0.619737 0.50774 0.253694 0
0.602253 -0.91565 -0.914926 0
0.91166 -1.78952 -0.509731 0
1.00732 -1.31395 -1.35461 0
0.671338 -7.27285 -1.2275 0
0.118687 -6.12057 -0.922453 0
0.799827 -4.39411 2.98311 0
1.01894 -4.05523 -2.25685 0
0.527095 -3.982 -1.51372 0
0.223207 -4.9003 -0.989412 0
1.15939 -4.68769 0.317115 0
0.903405 -3.41408 1.03252 0
0.293128 -3.32833 -0.400668 0
0.594148 -3.91523 -3.12198 0
0.125379 -4.83186 -0.0840103 0
0.369488 -2.91101 0.766733 0
1.01131 -2.9487 2.59542 0
1.45605 -2.78573 1.39792 0
1.16603 -1.87932 1.4905 0
0.35591 -2.08379 0.438667 0
0.318413 -2.40358 0.240897 0
0.97806 -1.9032 1.11721 0
0.195455 -2.94438 -0.144875 0
1.70922 -0.900573 0.737236 0
1.38906 -1.62665 1.51828 0
0.508227 0.321838 2.79541 0
0.821526 -0.123615 2.58074 0
0.591869 -0.485711 2.31542 0
0.392276 0.0501187 -0.103273 0
1.2508 0.615511 0.551126 0
1.06776 1.3071 0.753791 0
0.56831 0.856333 -0.299973 0
0.851551 2.09526 0.0774047 0
0.207762 0.660834 -0.386561 0
0.326899 2.25356 1.21174 0
0.282145 4.04521 1.81007 0
0.769659 3.28369 1.04432 0
1.0808 2.66579 0.66623 0
0.692311 3.53045 -1.74921 0
0.673802 2.53647 -0.771541 0
0.872974 1.72846 -0.936771 0
0.704156 1.39319 0.00117377 0
0.489431 0.7879 -0.784152 0
0.166987 -1.39504 -2.2516 0
0.850761 -3.29167 -1.60157 0
0.530118 0.460982 -0.0901752 0
0.202441 0.828015 -2.75499 0
0.652401 6.15748 -0.319898 0
0.184354 5.32568 -1.40312 0
0.45603 4.34751 -2.98209 0
1.62026 4.10117 1.30039 0
0.984805 4.5732 1.49259 0
2.21724 4.36045 1.54651 0
0.474665 5.83541 -0.520184 0
0.267693 3.39152 0.233982 0
1.07293 4.4966 -0.072809 0
0.278524 1.30743 -0.928366 0
0.355147 0.776466 1.49594 0
0.947398 0.189328 -1.10757 0
0.889139 0.71818 -0.863588 0
0.233155 -0.635584 -0.828159 0
0.767822 -1.21106 -1.47818 0
0.39874 -0.147292 -1.69446 0
0.442374 -1.77219 3.11781 0
0.881249 -5.40753 2.19213 0
0.192913 -4.17788 2.1235 0
0.3793 -4.93285 0.144368 0
0.123187 -3.6495 2.74396 0
0.200639 -5.72016 2.48189 0
0.472072 -4.985 -0.792872 0
0.590463 -3.93249 1.90274 0
0.545681 -3.25583 2.77616 0
1.08509 -3.14509 2.03752 0
0.513331 -3.5149 0.171394 0
0.564826 -3.30558 1.58979 0
2.05172 -2.5887 1.17907 0
0.993987 -2.64997 1.56076 0
1.23453 -1.29392 0.632194 0
0.33375 -0.811735 1.51561 0
0.615621 -1.00604 1.19779 0
1.28368 -1.74961 -2.74517 0
0.571518 -2.32962 -2.58665 0
1.37648 -0.788099 -2.56358 0
2.42492 -0.644994 -2.93686 0
0.435467 1.07773 -3.10013 0
1.15947 0.953654 2.6965 0
1.15146 1.90887 1.75876 0
0.603969 1.79523 2.44715 0
0.374197 0.885063 1.70995 0
0.747161 2.4404 -2.62485 0
0.74151 1.94653 0.713601 0
0.141009 3.84184 0.932081 0
0.10613 3.21636 -0.285886 0
0.198207 1.73126 -0.112164 0
0.785968 2.44352 -0.302943 0
0.205331 -1.40893 1.80633 2.02199983955748e-10
0.167297 2.07139 2.80656 1.25338215972492e-08
0.106863 1.8381 -0.684725 3.73292518062903e-08
0.119501 2.73569 3.12296 0.0438405300842009
0.479137 2.06853 -3.12491 3.6146419708549
0.183573 -2.34743 -2.08433 0
1.32166 -1.93122 -1.66767 0
0.181977 -6.91254 -0.8601 0.236042627210802
0.220242 -2.74059 -2.93797 0
0.356668 -2.17647 1.26213 1.85513629642999e-09
0.183417 -2.0423 1.01534 2.82825653650799e-09
0.193432 0.740284 1.25226 0
0.129378 1.49056 0.553059 0
0.128732 0.728985 1.69335 0
0.144164 2.21099 -0.478742 0
0.155568 2.00903 -1.22878 1.23977606786807e-08
0.405082 1.81129 -0.549252 2.0410032204154e-08
0.300426 2.31276 -0.626936 0
0.478571 2.2664 -1.35889 0
0.694602 2.26741 -0.402433 0
0.335584 1.61919 -0.601286 0
0.1693 0.839787 -3.07017 0
0.059587 2.09464 2.26789 0
0.39033 -4.07599 -2.5833 5.0190523348404
0.081439 7.39183 0.05186 0
0.368243 5.24485 -0.0167725 0
0.66017 -2.39945 -0.927281 0.010687347132727
1.34735 -2.30486 -1.3543 0.0225044333637625
0.865875 -3.32528 1.77642 0
0.679837 -2.90943 2.13589 0
0.724242 -2.76658 1.77927 1.48553471476175e-07
0.857344 -2.67256 1.77146 5.2125725696133e-08
0.153572 -1.79131 -1.86046 1.44574284032539e-07
0.210226 -1.85912 -1.04242 2.97731576043611e-08
0.0983297 -0.167889 2.24074 0
0.182104 -2.06464 -2.25657 0
0.256841 0.164322 -2.974 23.8407815075055
0.975589 2.89755 2.75457 1.99308986658227
0.0248406 4.16796 2.25646 22.1377485481821
0.218786 5.60639 2.07804 0.771619446061859
0.10809 5.12668 2.60807 2.50517543639381
0.591564 -2.73787 1.90943 18.408976402187
0.402513 -3.41581 1.42698 13.7870732620941
0.253958 1.40067 -0.469141 22.056822172425
0.187774 1.59679 -2.8987 24.8923264796838
0.507219 -2.93784 -0.492748 0.0123911027959333
1.4861 -1.03557 1.9014 0.0417384926257112
0.844056 -1.95694 2.05876 0.0718289403701264
0.194657 1.7391 -1.6932 0.2606875902102
0.162192 1.89259 3.00716 0.145474821933736
2.21836 -2.87832 -0.90932 0.177581021324873
1.3664 -2.3909 -0.551052 0.353279457838109
0.299172 3.41141 2.28264 0.146045011562312
0.963034 2.89603 -0.0250072 0.0866479351723502
0.832451 2.9619 0.825656 0.0529401904835784
0.780747 -0.570168 -2.88103 8.19351018527698
0.194979 -0.370481 2.7501 21.9885107612462
0.584471 -1.66475 1.58382 0.0535512463862352
0.229258 -2.23432 -1.55439 0.0388570069932953
