0.304863 -0.560332 -2.10568 0
4.68805 1.65874 -1.10259 0
1.36282 2.17954 -0.616459 0
1.49378 2.13831 -0.505335 0
2.6231 2.31161 0.668381 0
1.7962 3.37699 -1.85772 0
0.233353 -1.51318 -2.55059 0
0.828535 -2.87591 -2.7968 0
0.263353 -3.01974 -0.446635 0
0.458851 1.82637 -2.61056 0
0.267259 2.8155 2.98427 0
0.770408 2.34943 -2.48948 0
1.30601 6.56174 -1.07568 0
0.479815 7.14967 -2.75863 0
0.324708 7.08558 0.591899 0
0.306334 5.42936 -1.37958 0
1.70464 5.35946 0.546252 0
0.410649 5.33669 -0.534751 0
2.64361 2.84374 2.17793 0
0.723326 3.49149 1.11824 0
1.28132 5.23808 2.59018 0
0.285454 5.62436 2.28626 0
0.519532 -1.62019 -1.40882 0
0.201588 -4.71391 2.98566 0
0.734316 -2.70859 2.28036 0
1.65382 3.45808 -1.25813 0
0.376604 3.49103 -0.490714 0
4.76522 4.09907 0.372606 0
1.11331 4.97315 -0.793744 0
0.335946 4.6652 1.52387 0
0.581622 3.72092 -0.447169 0
0.872616 5.44308 -0.531227 0
1.94004 4.11672 -1.45685 0
0.774479 -0.807755 -1.54354 0
1.24818 -1.5767 -1.58484 0
1.39003 -2.45037 -1.02159 0
0.0471494 -5.12957 1.06509 0
0.291246 -4.00791 1.78334 0
0.321182 -3.78259 -2.23287 0
3.54068 -2.05509 0.016337 0
0.44683 -2.63812 -0.911858 0
0.759777 -2.03529 -0.210104 0
0.815631 -2.1837 -0.0733391 0
0.730442 -1.21609 0.108403 0
1.05596 -1.16246 -0.688333 0
0.317303 -1.69771 1.57272 0
0.196866 -0.971055 -2.53952 0
1.33008 0.00662387 -0.912839 0
0.0629245 3.27941 2.51319 0
0.282886 2.17907 -1.63478 0
0.368858 0.168234 -2.71345 0
0.218637 0.294133 0.230603 0
0.382669 -1.42452 -0.446421 0
9.20828 -1.17721 1.53435 0
4.14106 -1.30779 1.59393 0
8.94614 -1.24469 1.60429 0
0.428094 -0.272254 1.22444 0
1.04185 -0.0844465 0.459997 0
0.416796 0.953144 -0.537167 0
0.430091 2.05101 -2.70886 0
0.763113 5.40764 2.85319 0
0.207764 5.93482 0.44135 0
0.878909 2.71611 0.591156 0
0.298207 3.50117 1.83723 0
0.329436 1.94043 -0.911772 0
0.598227 1.33142 -0.38337 0
0.103564 0.490494 3.02043 0
2.45252 3.09245 2.65929 0
1.11457 3.02967 1.5713 0
4.4363 -1.49634 -1.61528 9.14786739102872e-14
0.562316 -2.45003 1.38336 1.16348701960344e-13
1.58053 -2.13588 2.53575 1.06851227287413e-13
2.04023 -2.02621 1.8389 1.37135836761324e-13
1.17453 -4.09696 2.51873 0
0.816178 -4.34774 2.0379 0
0.99297 -6.02285 -3.05153 0
1.36365 -5.46825 -2.54253 0
0.852432 -5.65274 -0.788442 0
1.31478 -5.74426 1.87416 0
0.656893 -6.13806 0.780166 0
1.31499 -4.53617 -0.312393 0
5.72014 -2.30548 1.04354 0
2.21365 -2.67434 1.0712 0
0.158419 -1.64344 -0.196634 0
1.38662 -2.08816 2.62706 0
1.02963 0.485655 2.24729 0
0.276846 1.15083 -1.90937 0
1.16275 0.969331 1.23714 0
1.0755 1.30746 -0.0827385 0
0.146964 0.847065 -1.5804 0
2.91735 1.48971 0.137762 0
2.17062 1.49767 -0.25763 0
1.97839 1.49913 -1.06042 0
1.35498 2.77484 -0.879229 0
1.93097 1.87219 -0.550712 0
1.19451 2.8264 -3.10631 0
0.313989 1.53252 1.7339 0
0.908071 2.67348 2.8947 0
1.91452 1.65071 2.78712 0
1.48823 4.33072 2.30555 0
0.0714198 4.59269 -2.24999 0
0.710144 2.86351 2.08284 0
1.71837 3.28982 2.99325 0
0.258132 3.13629 -2.75263 0
1.61811 2.43422 2.30314 0
0.168799 1.85486 1.744 0
3.04324 2.06248 2.12444 0
0.725195 2.19437 1.31276 0
0.882792 0.436872 0.997513 0
2.64517 0.0407098 0.704004 0
0.768121 0.563063 1.31367 0
2.03838 0.881515 0.94932 0
0.566493 0.498311 2.65386 0
0.609135 -6.35347 1.39287 0
1.12131 -5.84794 0.290837 0
0.872931 -6.13586 0.886657 0
0.938299 -3.37698 1.3778 0
0.271072 -1.70544 -0.255168 0
0.655978 0.00314733 -2.08513 0
0.940666 -0.638549 -2.33032 0
0.858602 -1.61221 2.74337 0
0.817747 -0.942457 -2.09482 0
1.87717 -1.95809 -2.77127 0
1.19838 -0.0901278 2.44908 0
0.591313 -0.594662 -1.05091 0
0.173397 -0.507389 -1.0044 0
0.824054 -1.13146 2.07862 0
0.356865 -0.958011 -2.10922 0
0.643865 -6.95153 0.923303 0
0.594706 -1.38593 2.29575 0
0.260755 2.29182 -0.633894 0
0.119172 2.3205 -3.01139 0
0.318753 1.08742 -2.80025 0
1.50106 1.34059 1.61935 0
0.615921 0.845961 0.730301 0
0.207615 -0.0712666 1.6932 0
0.870239 0.810028 1.19118 0
0.567252 -0.883403 -1.32638 0
0.954933 -1.96916 -1.74385 0
0.576204 4.90667 -1.50831 0
0.311 2.01884 -1.97881 0
0.555162 -2.94025 3.04199 0
0.462821 -4.16097 -0.625566 0
0.422479 -2.40486 -3.07954 0
0.285302 -1.65833 -1.33143 0
0.33674 -1.24403 2.59001 0
0.289449 3.09952 0.570357 0
0.355799 4.16405 -0.580426 0
0.053275 2.61461 2.24976 0
1.18474 1.33041 2.52763 0
1.55705 1.55176 2.4638 0
1.20674 3.43098 -2.31256 0
0.335187 -1.69852 1.59629 0
0.0961648 -1.16975 2.5057 0
0.458341 -0.85194 2.02024 0
0.403919 6.73722 -1.03586 0
0.25984 7.91744 -0.453652 0
0.369333 6.1133 -1.35864 0
0.430482 5.72384 1.58505 0
0.511455 5.66898 -0.121508 0
0.283952 5.66551 -2.30435 0
0.403385 4.99442 2.2086 0
0.814567 -0.937306 -0.736 0
0.537606 1.11062 0.0121587 0
1.01876 0.641603 -0.386307 0
0.58239 -4.40515 1.27801 0
1.15557 -5.18617 2.89254 0
0.371925 -2.18697 2.36732 0
0.323471 -3.40433 0.746828 0
1.04176 3.24153 -1.39742 0
1.14034 3.50471 -1.47022 0
1.14593 3.24107 0.186058 0
0.108119 3.96603 2.63102 0
1.17502 3.9773 0.285508 0
0.81952 4.82823 0.141908 0
0.184669 5.53022 -1.18258 0
0.211263 -2.77828 -2.02414 0
0.447299 -4.12872 -1.86103 0
0.991517 -3.62149 -0.942123 0
1.91067 -3.02254 -2.24924 0
1.20335 -2.90958 -2.6089 0
0.394606 1.0248 -0.51849 0
0.37589 0.17161 -0.0913431 0
0.125998 -3.64505 -0.435708 0
0.505024 -1.57573 -0.528942 0
0.452486 -1.95203 0.00845093 0
0.262804 1.55611 1.15337 0
0.17032 4.00578 -1.9323 0
0.445673 2.88828 -1.4426 0
0.588172 4.04454 -0.176 0
0.352604 1.32746 -0.455981 0
0.29115 1.64698 0.982673 0
1.58282 -1.37247 -0.463212 0
0.10281 -1.74028 -1.56286 0
0.498748 0.82078 -0.491258 0
0.796307 0.501303 2.22129 0
9.98705 -1.34416 -1.73664 1.09967793799078e-13
3.24528 -1.62324 -1.55648 7.77687473704206e-14
13.0652 -1.60427 -1.6629 7.61232879996932e-14
1.79251 -1.4084 -1.48217 1.08445915226955e-13
3.75187 -1.63757 -1.89061 6.69887880721746e-14
0.0933411 -2.5444 -1.65809 2.08743174947378e-14
0.169727 -5.15344 1.93002 0
0.146066 -6.70389 -0.371307 0
0.446053 -5.92441 1.4313 0
0.682485 -6.44169 2.31331 0
0.201223 -4.85409 1.61662 0
0.873085 -5.4246 1.85973 0
0.557104 -5.31116 0.582718 0
1.41334 -4.46257 0.969652 0
0.0521303 -6.89256 1.09998 0
0.712558 -4.17807 -0.283512 0
0.781612 -3.25418 0.919926 0
1.66009 -3.50837 0.634415 0
0.306003 -2.64889 0.872499 0
0.410709 -2.01112 2.3107 0
1.24774 -3.31645 1.05635 0
0.252372 -2.93914 2.21003 0
0.503 -0.146169 -2.9882 0
0.820228 3.05249 0.274058 0
0.655439 2.65973 1.27362 0
1.00693 1.19844 -2.96985 0
0.732652 1.77812 2.67588 0
0.744426 1.86693 1.32632 0
2.78551 1.51211 1.36744 0
1.36049 1.33261 1.56039 0
1.19664 1.16358 1.25574 0
1.22578 1.00701 0.293996 0
1.33114 1.17044 0.765965 0
1.95343 0.498803 1.35784 0
1.41116 -0.115941 1.35837 0
0.571896 -5.20193 0.217131 0
0.358318 -1.74664 -0.857527 0
0.363539 0.777143 -1.8697 0
0.48953 1.18224 -1.40609 0
0.428481 0.432711 -0.680347 0
1.33849 0.0249551 -2.58843 0
0.848634 -0.802934 3.10394 0
0.323952 -7.10149 -0.00604103 0
0.514988 2.65839 2.84789 0
2.45112 1.69608 1.04134 0
0.484339 1.44849 1.52589 0
0.796349 -0.996303 -2.24285 0
0.857414 -1.3697 -2.92061 0
2.44106 -1.96954 -2.33324 0
0.640801 -1.87174 -2.00975 0
0.962905 5.32769 -2.49445 0
0.672031 5.60581 -1.94265 0
0.285235 2.78314 -2.69478 0
0.155751 -1.34974 0.378379 0
0.69951 -3.48175 0.0621067 0
0.167169 -3.96198 2.55039 0
0.281318 -4.93127 -0.95774 0
1.14349 -5.17059 -0.045926 0
0.203825 -6.21586 0.678027 0
0.989387 -5.28294 -0.495276 0
0.341461 6.69377 -2.2534 0
0.481239 6.24349 2.57809 0
0.160903 0.824095 2.48045 0
0.157828 1.71844 2.79312 0
1.49607 1.56978 -1.21632 4.05761863157975e-07
2.47359 1.55463 -1.12858 1.52404614423823e-07
0.244649 3.08434 1.91384 1.85899127277879
0.0742373 2.22632 -0.646177 14.3982402135406
0.0595704 7.13112 -0.161572 0
0.112456 8.25107 -1.36962 0
0.310677 6.64194 2.92312 0
0.478139 6.88308 1.86948 0
0.534515 3.55485 1.96176 0
0.507127 3.2853 2.54885 0
0.0467752 2.21224 -0.0321748 4.82885694747599e-11
0.0468204 6.81135 -2.62001 1.90436278555843e-06
0.0225505 6.86889 -2.6268 1.8045236126874e-06
0.325548 -2.70577 -2.59748 0.0042986996664468
1.22702 -1.58355 -1.8855 0.00516587417204604
0.440982 -1.83185 -1.67476 5.7129301747418
0.289246 -3.55403 -2.54596 0
0.114713 -4.21713 -0.606117 0
0.244056 -2.16678 -0.312915 0
0.782806 -1.89424 -0.64105 0
0.210452 -0.567768 -2.05705 0
0.0591405 -0.494636 1.33095 0
0.130123 1.52165 1.34909 0
0.394327 0.304443 -0.00884244 0
1.7464 -1.40905 -0.710843 0.0650673580828099
0.270411 -1.82212 -1.36784 0.12336470202617
0.617445 -1.29473 -1.63443 4.1319037186311e-10
0.701115 -1.97732 -1.61456 4.09327907047724e-14
1.36042 -1.64578 -1.58836 7.38527627874678e-14
0.296215 -2.56454 -1.17833 4.5256982548193e-14
0.171843 -1.55101 -2.10685 7.85017163613529e-14
0.128689 -5.53089 -1.65351 0
0.607877 -5.45992 -2.37592 0
0.280805 -5.74845 -2.04267 0
0.387176 -5.56291 -1.77132 0
0.20872 -5.04302 -0.16245 0
0.909187 -4.81359 0.671548 0
0.388859 -1.95793 2.81907 0
0.67386 -1.62088 -3.10504 0
1.05159 -0.41673 2.22247 0
0.380027 -0.122047 2.02202 0
0.416365 0.993592 0.228331 0
0.336064 1.63711 -0.115623 0
0.411559 2.16905 -0.577128 0
1.05836 1.80753 -0.603609 0
0.187765 3.0866 -0.933088 0
0.572376 3.47373 0.102314 0
0.877099 1.97024 -3.10805 0
0.442799 2.80289 2.79091 0
0.322798 5.74891 3.02814 0
0.716736 5.32693 2.45661 0
0.246112 3.08337 2.71378 0
0.127546 2.49708 -2.63289 0
0.638235 2.09881 1.97369 3.22469675223438e-08
2.19747 1.97404 2.03254 2.27777468898278e-08
0.150794 0.415827 2.08531 0.104207868236405
0.194654 -1.41689 -2.99841 0
0.292033 -0.103395 -1.70689 0
0.0147547 -2.87106 -0.436077 0
0.425286 -0.262381 -0.815858 0
0.312265 -0.671025 -1.8445 3.20229737890906e-08
0.128915 0.183105 -1.3583 5.11132702515423e-08
0.345095 -1.87218 2.80362 0
0.095972 -2.95648 -2.74578 0
0.0692673 4.43882 1.48728 0
0.0550357 4.63516 1.70002 0
0.120396 1.78104 2.23258 46.8153357587733
0.847355 1.86696 -0.163361 1.75846462894283
0.13618 -0.588307 -1.04615 13.3900903910419
0.503061 -3.68996 -0.823569 6.23538260351889
0.450066 -3.28249 -0.000294999 0
0.422163 -3.30456 -0.960255 0
0.312993 -1.80634 -0.235776 0
0.180692 -0.491471 -0.64467 0
0.350718 0.730711 3.07499 0
0.0451354 -0.966511 -0.36097 0
0.484808 -2.05884 2.6694 18.4396482847363
0.60282 -2.5921 -3.10704 8.79036612961734
2.27739 2.17907 0.523672 5.63395550758139
1.97317 2.01864 0.631331 7.61762197112988
0.10234 3.91126 0.508545 7.04222129739304e-06
0.57023 3.90229 0.591993 5.0737384939195e-06
0.731965 -1.53333 -1.12468 3.08325142871314
0.0570315 -3.05971 -0.278935 8.9815194945929
0.55293 -0.705139 -0.77501 2.87838313439877
0.0669699 -0.959154 1.17954 19.9468029240884
2.00409 1.53606 -1.59622 0.844404563968605
0.505536 1.31797 -1.34648 4.04209633822963
0.190725 -5.93836 -0.15897 0.837549457081634
0.545656 -6.28435 0.934329 0.208140139398583
0.372649 -0.379819 0.171678 26.4869351123125
0.311697 -1.04 -0.876647 21.3905300431273
0.00839799 -2.1877 -2.08338 0.000277916700744242
0.0442765 -2.12468 -2.2194 0.000272481047746763
0.20883 2.55707 -1.39527 3.24861274360935
0.105047 1.36907 2.93475 20.1426829570912
2.14374 0.568195 2.36489 3.02394805639968
0.468186 0.267895 2.24189 15.5885762436334
0.34837 -1.88823 1.68002 3.86899996754724
0.718553 -1.94326 2.4934 1.78199685110025
0.337172 -0.861232 -0.0397475 0.211472203134066
0.984753 -0.766493 -0.166093 0.289798687098137
2.12829 3.53051 -2.05696 0
0.418555 4.15185 -2.37383 0
0.43746 0.860838 0.794361 0.436236534387175
0.271156 1.36531 -0.712014 0.0979957181088938
0.325304 0.690021 1.95157 0.140490966703316
0.512425 0.527906 2.07011 0.0826805638850459
1.11611 0.143333 2.44982 0.106276188054036
1.93396 -1.42388 -1.64997 0.0871201883872639
2.47744 -1.32822 -1.67106 0.0650960731479955
0.680894 0.712612 1.28076 0.0360526930959586
0.768517 0.382329 1.21247 0.0311112205640307
0.120319 4.67168 -1.99578 3.16464526585494e-08
0.274957 4.03093 -2.74968 8.85924045369294e-08
0.130586 -2.17634 1.05139 8.03900313042422
0.103485 -1.18311 2.89459 25.2623808817881
0.432479 -1.63445 3.04461 0.140076588790871
0.552319 -1.71261 -1.68206 0.062594331349845
0.34068 -1.4664 -1.67716 5.65728642178214
0.334855 -0.348439 -1.68893 12.8055266165974
