1.0137 -0.711354 1.52086 0
1.04761 -2.47338 2.97685 0
0.245577 4.4605 2.01748 0
0.831403 3.50997 2.91757 0
0.408499 0.728729 0.519146 0
0.176049 3.68762 2.77853 0
0.310096 4.09718 0.528257 0
1.09897 4.5084 0.404681 0
0.144621 7.00371 2.375 0
1.62827 -4.30985 1.43957 0
2.95348 -4.97659 1.40145 0
0.547033 -4.49408 -1.84099 0
0.414598 1.67803 2.56421 0
1.53931 1.90458 0.949159 0
0.461851 1.48118 1.27634 0
0.345024 -3.62428 1.82899 0
1.6155 -3.59373 -2.47043 0
0.963712 -1.90409 1.04107 0
0.636838 -2.04852 -0.677495 0
0.126275 -2.15468 -1.98692 0
0.515453 -1.93464 0.636644 0
1.50226 -1.65586 -1.46732 0
1.36755 -1.2821 -1.01533 0
0.716982 -0.504844 -1.28434 0
2.73845 0.26632 -2.02541 0
0.236078 -0.887715 2.06875 0
1.14457 -0.458602 -0.643118 0
0.254201 1.53785 -2.27757 0
0.64536 1.76872 0.663388 0
0.162001 2.68151 2.66195 0
0.833196 -1.38082 -2.35862 0
0.0629716 -6.04671 -0.280703 0
0.120139 -2.49312 -2.05383 0
0.819604 -5.69073 -0.223061 0
0.125294 -6.25033 2.9729 0
0.756854 -4.94678 1.34701 0
0.291434 -6.63437 -2.87573 0
0.330975 -5.51918 2.23683 0
0.254218 -6.51144 2.31628 0
0.244889 -3.09528 2.803 0
2.28629 -1.02652 2.26251 0
1.96477 -1.63228 2.39014 0
0.371476 -2.47501 -2.409 0
0.892337 -3.82177 3.13615 0
1.06893 -3.62826 1.45293 0
1.09408 -2.93613 1.09383 0
0.489551 6.84329 2.97945 0
0.125781 7.48328 1.71966 0
0.691152 6.20384 1.28907 0
0.837455 5.34153 2.14145 0
0.87937 -0.220376 1.43018 0
0.0770104 4.3641 -2.70219 0
0.560998 2.77822 0.472347 0
0.449248 5.16097 0.804605 0
0.462977 5.07693 -2.97823 0
1.50405 5.00293 -0.138233 0
0.0882865 4.77639 1.28448 0
0.797286 4.16601 0.0933968 0
0.374649 5.78334 1.40281 0
0.387841 4.75855 -1.47084 0
0.19858 3.97299 -2.35689 0
1.18343 3.70145 -0.804755 0
0.62429 5.09311 1.14431 0
0.502565 5.06486 0.983009 0
0.178571 4.0277 -0.408832 0
0.508 1.63279 0.463991 0
0.561871 1.317 2.8302 0
0.046572 0.155361 0.809418 0
0.0564834 -1.24044 -1.61103 0
0.724418 -0.208129 1.25212 0
0.457608 -0.373588 1.10588 0
0.573501 -0.784024 -2.1036 0
0.475489 -1.7685 -1.98826 0
2.80906 -0.85967 -1.61339 0
2.0312 -0.960158 -1.12905 0
1.37996 -1.44814 -1.32684 0
3.30829 -0.950737 -0.924867 0
1.25446 -2.39463 1.00509 0
1.30518 -2.87177 -1.99438 0
0.907334 6.78729 -1.13155 0
2.79884 6.22453 -0.904487 0
0.359908 6.98288 -1.83205 0
0.884232 4.13593 -0.0270337 0
0.230329 2.58119 1.44231 0
0.39862 -1.48862 -0.102715 0
0.10846 -0.483261 1.47891 0
1.14767 -1.93013 0.829586 0
0.409605 -5.30769 2.84535 0
0.341334 -5.62343 -1.34498 0
0.542916 -6.93123 0.771948 0
0.703441 -6.58048 -0.880948 0
0.21947 -1.32983 1.29371 0
0.324969 -3.53749 -0.704778 0
0.322607 4.69645 1.50726 0
0.303926 4.5454 3.03935 0
0.360078 4.06251 1.20338 0
0.303455 5.04095 -2.40647 0
6.17674 -5.90963 -0.295328 0
0.570596 -5.10831 -0.908632 0
0.341378 -5.35172 0.0899011 0
0.0242231 -3.32737 0.549843 0
0.42406 -5.53094 -3.10948 0
0.326335 -6.59871 1.77943 0
0.329583 2.03936 2.22485 0
2.21345 3.10364 2.138 0
1.36708 3.04049 2.65268 0
0.569522 3.21762 -2.96401 0
0.158361 1.01627 -1.60234 0
1.96244 -3.72941 -2.72365 0
0.635917 -2.95284 1.83742 0
0.209227 -2.75375 0.755591 0
0.940143 -0.852081 -1.70944 0
0.393633 0.0610723 -1.42848 0
0.333398 0.0931608 1.20238 0
0.521693 2.19268 0.00634007 0
0.722158 -0.46018 2.62336 0
0.279944 -3.17415 3.05217 0
0.404602 -4.8637 1.66707 0
0.350294 -7.11058 -2.1465 0
0.339408 -6.13363 0.0898155 0
0.282194 -5.47848 -2.52803 0
0.227583 -5.68551 0.920834 0
0.267681 -5.39602 2.37695 0
0.397983 -2.942 1.31917 0
0.078466 -1.12323 0.0843552 0
0.358744 -3.34554 0.877947 0
0.524109 -3.87886 2.40311 0
0.136704 -2.92095 -2.65581 0
0.836893 -2.93428 0.0593309 0
0.723339 -1.51533 2.41296 0
0.193818 -2.89836 0.89205 0
1.78899 0.441621 0.135824 0
0.398221 6.49689 -3.08131 0
1.10072 -0.952543 1.64893 0
0.219403 -0.683874 0.25332 0
0.528511 0.17728 2.45088 0
0.63312 3.22537 2.44775 0
0.25426 3.22021 0.502709 0
0.454851 5.52301 -0.506171 0
0.361405 4.7756 -1.6288 0
0.224517 3.22576 -1.60663 0
0.254559 5.72517 -1.11226 0
0.237435 5.8787 1.99762 0
0.165355 4.82121 -2.20157 0
0.256679 3.20677 0.947899 0
0.50468 0.655397 1.79403 0
0.892565 1.58205 2.51302 0
1.29295 -1.56424 0.440712 0
0.595981 -0.379264 -1.98329 0
1.83757 -1.03194 -1.60063 0
0.643856 -0.788721 -0.793035 0
0.451637 -0.186955 -1.23702 0
1.28132 -1.37306 -1.55881 0
0.65875 -2.14167 -0.710445 0
0.499809 -3.66631 0.22859 0
0.480649 -4.84928 -0.471447 0
0.44424 -3.47535 -0.591016 0
0.598751 -4.3085 -1.62236 0
0.106514 5.2438 -1.07122 0
0.850924 3.23204 0.0334633 0
0.248698 2.29249 -1.71618 0
0.316922 2.30794 -0.414151 0
0.32842 0.38329 1.80615 0
0.377662 -0.628761 -2.05112 0
0.18322 -4.54953 3.00249 0
0.471424 -4.81831 -2.18671 0
0.234804 -7.7421 -1.46077 0
0.219519 -2.65008 -2.91649 5.92569446705211e-08
0.157156 -3.38878 2.9537 1.44476147484297e-07
0.86535 2.55901 2.9058 3.70110277350602e-08
0.528653 2.33245 2.73804 2.71404400668977e-08
0.610794 2.70205 1.95896 3.21716422273445e-08
0.161747 3.51706 1.64355 4.67072587899131e-08
0.354753 -2.37643 -3.09366 6.54591500634524e-08
0.331513 -3.10273 -2.19429 3.12964279982851e-08
0.418663 -0.291316 -1.24655 0
0.478871 -0.630513 -2.22125 0
0.51667 1.12592 -0.629144 0
0.0531098 2.26248 1.1176 0
0.757416 -2.34308 -2.33294 0
0.281076 -2.47229 -1.85029 0
0.0538271 -5.87476 -2.33476 0
0.610166 -4.64233 1.12289 0
0.499321 -1.89946 1.32721 0
0.230857 -2.35589 2.16104 0
0.618361 -1.11462 2.81902 0
0.170201 -0.341119 2.14632 0
0.0151586 5.78377 2.26121 4.47603518388575e-06
0.0833344 5.97397 2.19944 3.3196832167986e-06
0.0969468 6.86189 -2.64141 0
0.135708 5.64765 -3.05865 0
0.944199 5.71442 2.33352 0
0.555484 5.91202 2.38101 0
0.431965 4.04897 -2.04794 0
0.297313 4.82812 -1.83667 0
0.31042 4.8734 2.34797 0.980411036469785
0.448593 2.87105 3.00499 0
0.206995 2.76494 1.08448 0
0.0675316 1.53274 0.398979 0
0.268379 1.88343 2.32262 0
0.179807 -1.74885 -1.27042 0
0.499085 -0.939867 -0.273728 0
1.45025 6.24675 -1.06901 0
0.169984 6.18618 -0.692491 0
0.176097 6.00359 -1.10079 4.86048552229813e-07
0.192945 6.01886 -1.09401 5.20873712139874e-07
0.174142 -2.15699 -0.787264 1.10326265874254e-08
0.17474 -1.55448 -1.43429 1.26368001601956e-08
0.139084 -1.95863 2.24196 1.35938299508174
0.0266674 1.499 1.57801 10.9337642000058
0.551624 2.75571 0.318635 2.43538741757965
0.531864 2.0793 0.582469 4.92115773918552
0.147233 4.73977 -2.23416 9.00507687764488
0.329886 4.45196 0.0442095 5.36663192827427
0.81521 5.7259 2.21958 9.32721379765051e-09
1.005 5.65991 2.14362 5.28174326822629e-09
