0.600215 5.64675 -2.40854 0
0.632216 3.17951 -0.812244 0
1.94391 3.11386 -0.955763 0
0.800398 1.45225 2.31867 0
0.231908 5.08556 0.823966 0
0.528172 3.51547 3.01961 0
0.853458 -1.73507 -0.163258 0
0.123385 -0.570272 3.03662 0
0.25466 -2.49336 2.48799 0
0.0609614 4.83213 1.21709 0
1.85161 4.64095 -2.38396 0
1.22633 5.31637 -1.63174 0
0.359292 5.36745 -1.3125 0
0.592043 6.2384 -0.486653 0
1.30376 4.18699 1.83289 0
1.64527 3.25997 -0.570812 0
0.875645 3.10257 -0.860817 0
1.45876 3.12123 -0.939944 0
0.693852 2.63375 2.95149 0
0.547817 0.977874 1.27146 0
0.435731 -0.200227 -1.77571 0
0.400152 -0.777544 0.661369 0
0.37352 -1.07411 -0.127105 0
0.387678 -2.86506 1.19157 0
0.533459 -3.99577 1.07683 0
0.508918 -6.6177 -0.0858027 0
0.489398 -5.73813 -1.76389 0
0.246846 -6.13744 -1.71749 0
0.620487 -5.55585 -0.534163 0
0.484256 -5.42073 2.37795 0
0.261941 -4.81135 -1.98552 0
0.523176 -4.1724 -2.63669 0
0.137685 -4.89475 0.474958 0
0.879268 2.01914 -1.17425 0
0.337709 5.14022 3.10366 0
0.191977 2.15515 -3.03887 0
1.85487 1.15072 -2.7415 0
0.818065 0.511825 -2.31893 0
0.200768 -2.03919 1.85161 0
0.335442 -1.74748 -2.01395 0
0.59389 -1.30755 1.47137 0
2.72848 -1.07609 1.98868 0
1.23425 -1.11858 1.48746 0
0.297104 -2.45068 1.8221 0
0.234355 -2.3249 1.6315 0
2.315 -4.07165 -0.52144 0
4.0837 -3.054 1.65346 0
0.522699 -3.07423 1.11122 0
1.02933 -3.06961 1.59629 0
7.06822 -2.955 1.50798 0
0.284613 -4.40884 1.31573 0
0.263794 -1.47473 1.79063 0
3.64994 -1.7037 -2.60079 0
0.174436 -2.37043 -1.72198 0
2.62297 -1.61173 -2.61822 0
1.61921 -1.17732 -2.78717 0
0.524876 0.29765 -2.90571 0
0.386596 3.32278 -0.923492 0
2.79616 3.94807 1.0523 0
1.55207 3.05433 0.938955 0
0.157105 3.73085 -1.03818 0
0.444905 3.81891 0.061556 0
0.792666 3.55201 0.82521 0
0.617292 3.6176 -0.912999 0
0.934228 4.53789 -0.821679 0
0.376727 3.4794 1.48532 0
0.133474 3.36534 0.970573 0
0.186167 3.81516 1.36652 0
0.527816 4.21991 1.77086 0
0.795827 4.2071 1.92229 0
0.529042 3.57564 -0.235349 0
2.84786 -1.92575 -0.534125 0
0.317057 -6.13728 -2.41745 0
0.57493 -6.67364 -2.8326 0
0.88552 -3.55823 2.02362 0
0.27197 -1.03883 3.11894 0
0.480437 -0.0650053 -2.08656 0
0.285897 0.941359 -2.39709 0
0.843802 0.772377 -1.29059 0
0.940115 1.20007 -0.956551 0
0.470123 3.5259 -2.34391 0
0.220112 2.71002 -2.5928 0
2.36155 3.36106 -2.09252 0
0.372374 6.43251 -3.11778 0
0.619058 7.16541 -1.50258 0
0.133968 2.33159 -2.06215 0
0.308265 2.79479 -1.31355 0
0.569731 5.27655 -0.126125 0
0.422655 4.41527 2.70446 0
0.573905 0.983709 2.79712 0
0.913131 -0.482545 -0.196994 0
0.517069 5.65892 -2.96172 0
0.346646 7.65585 -2.40377 0
0.722149 3.90785 2.05563 0
0.319648 4.57578 0.90209 0
0.0996411 2.95401 1.91446 0
0.0585434 3.8144 0.94666 0
1.55686 3.40643 -0.756797 0
0.169367 4.11518 -0.716074 0
1.0765 3.97444 -0.439266 0
0.281172 4.10509 1.54708 0
0.480818 3.61466 -1.10909 0
1.44916 2.11141 1.88221 0
0.816149 2.16459 1.30657 0
1.16532 2.72824 1.95439 0
0.882277 -5.74552 -1.3603 0
0.0883555 -7.67365 -0.826125 0
0.281851 -4.42618 -2.3815 0
0.653502 -3.0782 -2.21985 0
0.952011 -3.93877 3.10942 0
4.5247 -3.5791 -1.14232 0
0.204199 -4.63284 -0.319782 0
0.739853 -2.85629 -0.914782 0
2.89618 -3.67806 -1.16207 0
0.640296 -3.09428 -1.31277 0
0.214504 -2.01452 -1.59377 0
0.227286 1.8513 -2.38383 0
0.0382913 -2.13173 -0.29784 0
0.665294 1.53977 2.00176 0
1.18475 3.37435 -2.52297 0
0.282612 3.61527 -1.30257 0
0.424977 0.649502 -3.08154 0
0.802763 -1.25338 2.17221 0
0.906297 -1.11795 2.26416 0
2.77512 -1.08407 2.16732 0
0.773163 -1.34986 2.32534 0
0.216473 -3.69503 -0.533737 0
0.429569 -3.40209 2.61856 0
0.654914 -5.00823 1.92591 0
0.694025 -4.01346 1.88976 0
0.200713 -2.68569 0.879775 0
0.5592 -4.13364 0.786642 0
0.35536 -5.37364 1.73609 0
0.494573 -3.88242 0.968951 0
0.509706 -4.5185 0.552781 0
3.25779 -3.15168 1.57598 0
0.0808194 -3.58964 -2.0993 0
0.588342 -2.23817 2.33598 0
0.694059 -1.22598 3.07639 0
0.0502247 0.221453 -1.17679 0
0.309754 -1.11503 -2.72796 0
0.897839 -1.67357 -2.87864 0
0.184519 -1.7424 -1.29124 0
1.81536 -1.85414 -2.49462 0
0.213328 -1.80258 2.9066 0
0.748186 0.276457 0.851143 0
1.09571 1.08684 0.946815 0
0.101151 2.95704 1.15724 0
0.379637 4.02376 0.676537 0
0.493661 2.01876 -0.992914 0
0.375918 4.61546 2.82555 0
0.283864 2.83849 2.62023 0
0.566406 3.92288 1.49024 0
1.05874 3.10857 0.597221 0
0.859745 3.9043 -0.0740241 0
0.217697 3.03689 -1.858 0
0.139361 3.93425 0.341644 0
0.403786 -2.1149 -1.42649 0
0.224304 -3.08297 2.78935 0
0.128592 -4.00694 -0.993786 0
0.228068 -3.58337 -1.03252 0
0.473923 -4.25506 1.63965 0
0.129694 -6.87315 -0.675784 0
0.503659 -5.83906 -2.93239 0
0.70119 -6.24032 -3.08336 0
2.25845 -6.75713 -1.58004 0
1.35596 -6.70451 -1.28154 0
1.19043 -4.33241 -0.610945 0
0.603298 -5.38799 0.752971 0
1.11176 -5.0428 -0.177904 0
0.323629 -5.29066 0.638864 0
0.414956 -4.82157 2.35892 0
0.496555 -2.65284 0.866326 0
0.214325 -1.87766 -0.0291024 0
0.374898 0.0653283 -1.59705 0
0.246575 -0.532121 -2.06351 0
0.538446 0.172748 -1.94945 0
0.505219 1.52552 -1.27313 0
0.665259 2.51602 -2.67308 0
0.0901424 5.99603 2.3341 0
0.129681 6.19517 0.762691 0
4.03892 1.63748 2.11968 0.211173208065006
0.662105 -1.21666 -1.5757 0.00177560494094388
0.467896 0.281304 1.25275 0.00338519855551251
0.410391 -3.17708 -1.25333 0
0.138895 -5.38135 -0.864874 0
0.13929 -6.96218 2.30828 0
0.284476 -6.65945 -1.6932 0
0.124826 7.73086 2.88062 0.661600438626695
0.651753 4.10956 -0.196155 0
0.209981 3.83334 -1.09011 0
0.127943 -4.63573 -0.224605 3.35711499817528e-08
0.116877 -4.56392 -1.93956 5.23225024667308e-08
0.420212 -5.90332 -1.12565 0
0.251062 -5.89353 -3.00753 0
0.364418 -5.95826 -0.80021 0
0.586068 -4.99088 -1.2205 0
0.695783 -3.44578 -1.89593 3.57798823393097e-08
0.975981 -3.7357 -1.90398 1.56206271270573e-08
0.674249 -3.57472 -1.22025 0
0.184169 -3.99081 -1.8166 0
0.0661245 -2.95091 -0.824541 1.27534661534439e-07
0.340915 -2.95968 -0.0340414 3.89000369908422e-08
0.119344 -3.17471 0.183888 0
0.491422 -2.60996 -1.47552 0
0.142342 -1.60977 -1.65252 0
0.208689 -1.70806 0.327654 0
0.435076 1.72718 -3.11616 0
0.105273 2.77267 -0.131392 0
0.25083 -2.70411 2.13193 0
0.0216822 -4.85483 -2.66258 0
0.0174644 -0.796581 -2.84236 5.25385239455865e-06
0.150025 -0.916882 3.0573 4.0985768647924e-06
1.13101 -1.64565 -2.45215 0
1.04791 -1.79477 -2.66935 0
0.616596 4.3634 2.96649 0
0.14175 5.10967 -2.36179 0
0.216914 -5.04099 -1.8548 5.54492417794421e-07
0.0893253 -5.08732 0.509235 5.03129332225613e-07
0.353491 -5.00964 2.8511 0
0.122224 -5.88968 -0.163924 0
0.0881082 -6.19311 -2.50353 3.88566129644515e-08
0.410035 -5.52903 -2.54199 5.9141521888937e-08
0.142829 -2.35867 0.231722 0
0.203218 -2.90282 -2.21018 0
0.0304087 -0.0225871 -2.61046 1.61282651412453e-05
0.660698 -0.0221802 -2.59728 1.57001424645787e-05
0.145478 1.69784 -1.66203 0
0.0299668 2.67913 2.02124 0
0.311346 3.6646 -2.95668 0
0.847928 3.45708 -2.32439 0
0.311066 2.37837 -0.611345 3.57130289871159
0.116166 1.48187 0.772293 22.4211211253653
0.308442 -1.6472 -2.96118 29.5685357509044
0.344346 -1.99702 2.03584 19.0982008221932
1.52792 -1.75555 -0.337898 10.204257579649
0.500978 -2.2029 -0.414214 20.1588234664413
0.67176 3.64822 1.34891 0
0.401349 3.25934 -0.0276927 0
