0.410277 3.54529 0.433733 0
0.383519 -6.18417 -0.378706 0
0.884073 -5.02199 2.50738 0
1.81943 -0.79881 2.14124 0
0.114158 -6.29027 1.86557 0
0.524093 6.21387 -1.12074 0
0.185645 7.82084 2.63746 0
0.585125 1.35334 -1.56642 0
0.850437 5.66229 2.04122 0
0.773071 4.72582 0.0394887 0
0.562016 5.45396 2.68517 0
0.348798 0.79414 2.67809 0
1.03531 -2.11132 1.86218 0
1.01828 -2.45564 -1.39503 0
0.537711 5.84633 2.53707 0
0.943785 1.45969 -2.88356 0
0.507294 1.51867 2.71882 0
1.04647 0.700892 0.822605 0
0.440988 -0.483108 -0.260691 0
0.58492 -0.784423 0.191226 0
0.0619965 -6.52597 -0.00744713 0
0.38992 -5.73193 -0.271248 0
1.0767 -4.03681 2.28719 0
0.298621 -2.08498 -0.384603 0
0.431957 -3.26815 -1.97645 0
0.690548 -4.72024 -2.7607 0
0.710949 -4.8333 -1.98116 0
0.244369 -5.16688 0.284245 0
0.626193 -4.72761 -0.732498 0
0.29412 -4.3626 -1.94062 0
0.269506 -1.35884 -2.89265 0
0.231007 -1.56968 -0.370984 0
0.380645 -1.48538 -0.490821 0
0.451032 -0.235345 -1.20521 0
0.375229 0.486764 -1.76999 0
0.105483 1.91863 -0.69608 0
1.51749 1.39837 -0.941642 0
0.401252 -8.5938 -1.0387 0
0.496658 -3.62045 -0.358004 0
0.596101 -4.87083 -1.42989 0
0.222615 -2.94758 2.20569 0
0.0109785 1.94022 -0.0314631 0
0.281473 0.828614 -0.353498 0
0.874495 2.20382 -1.0099 0
0.534376 -3.8798 0.499052 0
0.169967 -3.44745 0.58335 0
0.887894 1.04088 0.191638 0
0.0900866 4.22039 1.18956 0
0.31459 6.24495 2.19094 0
0.377413 4.65087 -1.48485 0
0.488759 6.96776 -2.57884 0
0.341531 7.20847 -0.14083 0
1.7486 2.93381 -0.0721345 0
0.881768 3.13274 -0.857293 0
1.19367 3.03548 -0.492058 0
0.328278 5.22001 -0.598959 0
1.06429 -7.62901 -0.625614 0
0.092683 -7.40475 -2.4513 0
0.0684974 -3.14754 -2.60871 0
0.198717 0.97412 2.5404 0
0.63438 -2.59497 2.46911 0
0.20785 -3.60558 2.08534 0
0.27044 -1.90742 -1.271 0
0.453934 -5.14508 -2.63802 0
0.33325 -5.09254 -1.74252 0
0.193742 -3.77219 2.61483 0
0.383154 5.67145 1.35424 0
0.169711 5.18259 -2.33683 0
0.23584 5.32745 1.5229 0
0.329908 3.94856 -2.31644 0
0.420214 2.88057 -0.959204 0
0.689866 4.1782 2.73551 0
0.196259 5.98591 -2.84431 0
0.35266 5.16201 1.17952 0
0.367415 3.79682 2.74045 0
0.127993 5.16573 1.0829 0
0.344631 2.79349 2.91679 0
0.296236 4.05482 0.865538 0
0.424493 1.84333 0.0551588 0
0.425038 0.963124 -2.39466 0
0.199698 5.64365 0.325823 0
0.635152 3.69517 1.04699 0
0.668897 3.46152 2.4201 0
0.18745 2.51183 -0.796955 0
0.880787 1.21446 -2.83039 0
0.425027 1.80525 -1.72682 0
0.0397105 0.976489 1.75849 0
0.732162 1.21622 1.72157 0
2.72973 -1.20636 1.03907 0
0.604673 -2.66158 1.79553 0
0.890986 -3.82397 -1.6834 0
0.351703 -4.26982 -2.88361 0
0.333765 -6.55798 0.0340859 0
0.432305 -7.06789 3.08595 0
0.287512 -3.07616 3.016 0
0.0876248 -1.47564 0.632218 0
0.390693 -5.64241 -2.36762 0
0.488538 -5.4738 2.13583 0
0.2868 -4.44096 2.87369 0
0.424385 -4.27523 0.251272 0
0.0956125 2.76167 0.551766 0
1.56153 2.05539 -1.05746 0
0.189755 -2.89148 -2.73283 0
0.327 -2.49605 0.662851 0
0.368715 2.77878 -1.98599 0
0.236426 3.13547 -2.97985 0
0.515442 1.92549 1.21013 0
0.436125 3.4249 -0.304258 0
0.448238 7.85854 -1.0226 0
0.324945 6.39631 -0.868992 0
0.176629 6.5139 0.742293 0
0.871015 3.36806 -0.560916 0
0.269166 3.27863 -0.0681205 0
0.358255 -6.433 0.554728 0
0.132409 -7.45763 -0.188915 0
0.180166 4.76658 2.85335 7.36899594807474e-08
0.0841177 4.76594 -2.81899 4.98081288595446e-08
0.100369 2.14825 -0.521637 0
0.469312 2.02515 -2.36619 0
1.91162 1.6232 -2.86038 0
1.40994 1.37775 -2.9168 0
0.249413 0.75955 2.42705 0
0.324361 1.52028 -3.07642 0
0.411951 0.575459 1.65842 0
0.136262 1.5292 0.840373 0
0.124579 -4.54118 -1.21812 0
0.041439 -4.38937 -2.73858 0
0.322225 -2.2282 -1.01014 0
0.427321 -2.92025 -1.52269 0
0.18983 -0.213339 -1.68999 0
0.551692 0.878333 -1.12019 0
0.74509 1.42925 0.0153623 5.62947891036419
0.0766214 1.41033 -1.15559 55.748260045624
0.10754 -2.21896 0.119688 0
0.294266 -2.89162 -0.887528 0
0.0783443 1.40638 -2.32321 14.4555870783733
0.383559 -0.184011 -0.662158 6.27667913535824
0.367888 2.18068 3.10767 4.38925972336182e-07
0.0439581 2.1921 3.09128 4.44949827978317e-07
