0.82712 -8.71993 1.31231 0
0.492676 -7.14933 -0.116687 0
1.52444 0.929467 2.56702 0
1.39301 0.126564 -2.54156 0
1.37787 3.61352 1.69702 0
0.499156 5.84 2.56163 0
0.512617 7.16063 -2.86567 0
0.856206 6.29836 -0.211081 0
0.211231 8.28849 -0.392132 0
1.12193 0.397282 0.602058 0
2.19686 0.395626 0.98419 0
1.03645 0.49931 0.527707 0
1.81789 0.249991 0.237566 0
0.0736633 3.24626 -0.0702804 0
0.13709 -1.04366 -2.92008 0
1.09455 0.417684 -0.928159 0
0.351269 0.560711 -0.968309 0
1.22045 1.03469 -1.37775 0
0.0840019 -2.40887 -2.11298 0
1.24938 0.222553 -0.617034 0
0.335815 -0.639518 1.80433 0
0.922591 5.8484 -1.79521 0
0.436968 4.98997 -1.49407 0
1.36416 5.74779 -1.90353 0
0.169995 3.70466 0.65285 0
0.306333 4.72491 1.77403 0
1.35212 3.92535 -2.63847 0
0.0536467 6.32126 2.85829 0
0.264202 5.21338 1.84845 0
0.152463 2.69862 0.101502 0
1.06511 3.02708 2.89249 0
0.623133 2.0468 -1.60756 0
0.421654 2.22127 -0.629469 0
1.19409 -0.176571 -2.66179 0
0.582444 -1.28938 -2.26824 0
0.507218 -3.18438 -1.0091 0
0.11053 -4.27635 1.57542 0
0.204987 -2.8905 2.77709 0
0.632003 -7.4692 1.53397 0
1.45017 -1.4871 -1.27179 0
1.69127 -0.85778 -2.46705 0
1.24033 -0.962071 -1.98108 0
0.17408 -2.373 -1.39288 0
0.44246 -2.49873 3.13112 0
1.63316 -2.8947 -3.04153 0
0.641249 -3.40687 -2.54726 0
0.00664294 -6.89261 -1.59627 0
0.240911 -5.76773 1.40346 0
0.244193 -5.74849 -2.64648 0
0.927564 -5.32246 2.93058 0
0.121262 -4.70185 -1.13312 0
0.343032 -1.26231 1.5646 0
0.426966 0.774437 -2.73045 0
1.7279 2.06136 -0.58412 0
1.15393 2.28466 1.295 0
0.298069 3.06558 -0.488283 0
1.26325 3.23244 0.30923 0
0.525194 -5.54115 0.90961 0
0.2256 -5.79123 1.17636 0
0.316147 -3.33168 1.92116 0
0.449362 -3.82707 -1.16775 0
0.808266 1.64841 -0.322846 0
0.536152 2.53582 2.01112 0
0.494304 1.06068 0.367015 0
0.545839 2.62323 -2.25673 0
0.388108 4.73292 -0.344118 0
0.496849 5.84438 -0.0342381 0
0.253781 2.24229 -0.596617 0
0.250183 -0.0297325 -3.04038 0
0.338535 -0.28847 1.85286 0
0.505564 -2.63458 1.57126 0
0.381778 -3.37906 2.87761 0
0.675358 -4.98497 1.34483 0
0.160511 -2.83175 -0.0114862 0
0.803091 -4.77316 0.486816 0
0.173592 -5.04332 -2.78238 0
0.228228 -2.60195 0.347512 0
0.891378 -1.31479 -1.62837 0
0.771912 2.858 1.9518 0
0.612632 3.70675 -0.90445 0
0.697757 6.37206 -1.8712 0
0.114748 2.46898 -1.62712 0
0.621324 3.84983 2.32021 0
0.0913818 6.17208 -2.44446 0
0.212448 4.00688 0.924157 0
1.36049 -0.340602 1.18178 0
0.230731 1.18925 1.94245 0
1.22929 0.134943 0.0525861 0
0.333418 0.520895 1.22396 0
0.218701 0.995283 0.591903 0
0.759163 -1.55345 0.713379 0
2.00833 5.31609 -2.37936 0
0.44432 5.86003 -1.22019 0
1.2425 5.4769 -1.90304 0
0.540559 4.72264 -1.26048 0
0.933661 4.11229 2.28447 0
0.612321 3.54595 -1.81783 0
0.279923 2.36473 -1.91704 0
0.183559 -2.31472 -2.27798 0
0.597088 -3.16669 2.64377 0
0.0299873 -7.73613 -2.88947 0
0.570776 -7.49 1.5956 0
0.0806108 -7.32908 -0.568708 0
0.131693 -3.38719 -0.100142 0
0.119072 -2.77423 1.69289 0
0.282182 -2.4997 -0.213938 0
0.756599 -1.42069 -2.2344 0
0.893015 -1.77658 -0.860646 0
0.62753 -0.952326 -1.45393 0
1.79797 -1.02997 -1.86453 0
2.00452 -1.14026 -1.88123 0
2.59945 -1.27979 -1.89016 0
0.805887 -3.13807 2.7967 0
0.414121 -4.31793 -2.20105 0
0.125289 -6.88502 1.87307 0
0.77926 -5.88481 -1.18647 0
1.62879 -2.75684 1.12139 0
0.922559 -3.21312 1.17566 0
0.583874 -2.38497 1.73626 0
1.12754 3.33577 0.674278 0
0.0916687 3.1553 2.02298 0
2.15769 3.04836 0.699317 0
0.0563907 4.17522 1.70939 0
0.521274 -3.66083 2.71229 0
0.511652 -4.2475 -0.575691 0
0.407654 -2.08648 1.9292 0
0.29466 3.21126 -1.2679 0
0.536093 1.9218 2.2843 0
0.123629 5.42116 -2.43181 0
0.373697 4.45241 0.695241 0
0.183992 4.91173 -1.36502 0
0.674848 2.66212 -1.37889 0
0.215301 -3.2717 -2.34738 0
1.08816 -5.56014 -0.71656 0
0.0940314 -5.3591 0.710394 0
0.200725 -2.62634 0.736063 0
0.471989 3.17125 -1.39115 0
0.249869 5.45413 -1.73592 0
0.420586 7.48721 -2.92137 0
0.910365 1.41858 2.08413 0.0771803009171884
0.155229 2.67009 0.818326 0.0942225585687249
0.723381 0.884444 2.76741 0
0.724228 0.590374 -3.09218 0
0.49721 -0.0747524 2.4288 0
0.0254761 2.02191 -0.312331 0
0.974708 0.437749 -0.99862 0
0.753002 0.26456 -0.574927 0
1.0097 2.95239 2.36279 2.21505333706802
1.00584 2.57721 2.31183 8.53545555405532
0.576772 2.79637 2.40336 0
0.393473 3.27728 1.75202 0
0.011271 6.15559 2.66656 0
0.242506 3.848 -3.05444 0
0.203658 2.80576 2.73839 0.159331770955953
0.542547 0.831572 0.00492683 0.459700010627392
0.302289 2.07926 -1.26631 0.128551362727046
0.319376 -7.52063 0.237968 0
0.312556 -7.65782 -1.62272 0
0.217824 -1.46252 -1.62519 0
0.343233 -0.850205 -2.56966 0
0.588076 -1.74593 -2.34352 0
0.354163 -1.28325 -2.40313 0
0.268939 -6.20072 1.43721 0
0.643228 -5.62095 1.82342 0
0.456923 -4.32005 1.70349 0
0.260147 -4.43449 1.35276 0
0.38726 -0.678893 -1.72226 71.9162574632832
0.30791 -1.34202 -0.700816 54.8253777657511
0.273988 -1.65815 1.59266 10.8589271986195
0.238205 -1.98741 -0.221579 9.11354633291878
0.464601 -3.47879 0.116571 0.159035467142377
0.28859 -4.19487 0.994326 0.125629589726941
0.0937236 1.85578 -2.08211 0.199907052971196
0.201234 1.50697 -0.0715559 0.215677502802849
0.103444 0.791941 -0.361791 0.467864501623208
0.108942 0.753486 -0.446124 0.481657415154316
