0.532065 -8.48284 2.08818 0
0.287593 -4.54565 -0.641544 0
0.470854 -2.39597 -2.23405 0
0.760854 -4.89971 2.32054 0
0.389469 -3.1105 1.0178 0
0.455116 2.08137 3.07422 0
1.85708 1.47781 -2.82966 0
0.752999 1.48151 2.65966 0
0.886253 0.75353 -2.11493 0
0.715729 0.351639 -2.32897 0
1.11454 -1.82893 -1.66834 0
0.706386 -0.487317 1.16182 0
0.800209 -2.62057 1.22951 0
1.05642 -2.46548 0.205938 0
0.72867 -3.11585 -0.262653 0
0.167941 4.75491 2.6462 0
0.623878 5.95388 -1.05668 0
0.651064 3.82992 -2.40188 0
0.330319 -0.0416819 -1.65453 0
0.296782 3.06682 -1.33829 0
0.385131 1.30689 2.99062 0
0.41069 -2.77936 3.10608 0
0.307661 1.57249 0.194221 0
0.539002 0.105207 1.4306 0
0.443198 1.12556 -0.720568 0
0.418813 0.896254 0.305653 0
0.535832 0.4894 0.38446 0
0.412235 2.14782 0.659696 0
1.01756 1.94908 -0.434616 0
0.545141 1.22952 -1.48117 0
0.700807 2.25268 -1.93393 0
0.86355 3.18468 0.438784 0
0.899166 2.75453 0.100512 0
3.44445 3.79737 0.624835 0
2.57786 4.06858 0.648792 0
0.728885 3.33091 0.892704 0
0.471117 5.80816 1.34677 0
0.272816 4.06647 1.34997 0
0.286357 5.88685 1.91266 0
0.772709 4.34877 2.52749 0
0.979493 5.53399 2.67857 0
0.611021 7.86203 -2.05083 0
0.490217 -4.40762 -0.800144 0
0.450854 7.59755 1.36923 0
0.401403 6.51453 -1.93948 0
0.358582 7.59725 -1.48272 0
0.240947 6.47365 3.11141 0
0.483157 5.72299 2.55235 0
0.664043 2.00062 -0.700789 0
0.14487 3.17235 -0.601585 0
0.485217 4.31296 2.66983 0
0.66526 2.91826 0.00970731 0
0.691205 3.8229 -2.85673 0
0.557977 1.28919 1.9782 0
0.229617 -3.44732 0.775143 0
0.715395 -5.38125 -1.25295 0
0.25684 -6.85552 -1.07701 0
2.18357 -5.29473 -1.07851 0
0.361931 -5.17506 -0.528423 0
1.36502 -7.23191 1.39747 0
0.27761 -6.38197 -0.0391533 0
0.321472 -4.68234 1.01239 0
0.147452 2.87482 0.425246 0
2.11711 2.47598 1.18323 0
0.739253 2.89926 2.03613 0
1.75477 2.54694 2.35603 0
0.11977 -2.82928 -2.86463 0
1.38302 -3.41197 0.709701 0
3.04281 -3.10138 -2.43106 0
1.8982 -3.29833 -2.09212 0
2.07242 -3.05458 -2.42925 0
6.91753 -3.01203 -2.39675 0
2.03954 -3.13255 -2.28185 0
0.621129 -6.95276 -0.691712 0
1.23846 -5.99796 -1.19829 0
0.702585 -6.27259 -1.48521 0
0.374043 -5.2866 -1.10233 0
0.0793648 -6.57058 -1.76513 0
0.535807 -4.33112 2.34995 0
0.291323 -5.79871 1.81826 0
0.382077 -3.52804 1.6719 0
0.242811 -3.43105 -1.56522 0
0.0602765 -6.74713 0.7277 0
0.1989 0.229862 -2.23027 0
1.05002 -1.93791 0.0442643 0
0.121037 -1.52558 1.71761 0
0.380472 2.92373 1.38923 0
0.198494 3.51519 -2.3065 0
1.39734 -1.20094 -2.37221 0
0.273448 2.13294 0.893349 0
0.173453 -1.51136 2.8085 0
0.26481 1.05048 -2.16433 0
0.847525 1.25313 -0.249001 0
1.24879 1.83145 -1.03068 0
1.00682 2.16655 -0.377706 0
1.12751 2.46233 -0.633183 0
0.85375 3.66834 -0.580806 0
0.103967 3.16711 0.892727 0
2.99561 3.27839 0.290195 0
0.989524 3.93693 1.1135 0
0.952811 4.26 0.725615 0
0.531962 4.0462 0.244589 0
0.403089 4.97154 -1.10279 0
0.397077 5.30837 2.07227 0
0.384782 4.7818 1.70518 0
0.519699 4.43559 -2.23078 0
0.382367 4.96588 2.25581 0
0.207495 7.17585 1.44376 0
0.253084 8.86311 0.336762 0
0.538347 3.71464 2.89129 0
0.483227 3.15129 2.83664 0
0.0757384 -1.36534 2.81498 0
0.340461 -6.0439 0.228063 0
0.948126 -5.72243 -0.695456 0
0.774713 -5.78536 -0.56278 0
0.542845 3.21724 1.74349 0
0.814556 2.83502 1.21228 0
0.250033 -7.3645 0.553523 0
0.305682 -6.87171 0.320468 0
0.351055 -1.05651 2.95776 2.47503382549534e-10
0.240421 -4.28252 0.167259 1.23367353325006e-07
0.180496 -3.38545 0.253268 2.01698221446784e-07
0.20145 -2.41701 -2.058 0.864076085130603
0.957579 1.92497 -2.81587 12.4540667182875
0.170529 2.00762 2.78297 64.9292375456798
0.0766082 -1.87472 -0.793341 0
0.196464 -0.800534 2.4958 0
0.19098 -0.972338 2.29467 0
0.235263 -0.147084 -0.616414 0
0.716815 4.75986 1.17323 2.82853451389729e-08
0.396263 4.23181 1.37482 1.66714342062074e-07
0.566375 4.18637 0.728123 0
0.745213 3.83014 0.160441 0
0.227598 -1.81227 3.10314 0.900798089129268
0.302975 -0.802912 1.08735 0
0.138351 -2.4949 1.92325 0
0.0219127 -4.89614 0.227215 6.35250530578475
0.773546 -2.68552 -2.50684 1.79777324043159e-05
0.30379 -2.68614 -2.50689 1.7749253256187e-05
0.087286 -1.22795 0.833121 3.432167649701
0.292628 0.475936 -1.08858 1.70217199974594
0.0959775 4.69044 2.90952 4.20320588441542
0.37283 3.7438 0.337638 2.79695459245429
0.0739023 -1.55391 -2.56403 13.4845958370864
0.464955 -0.678449 -0.182989 4.2713745286822
0.69791 -3.39924 2.03211 0.17912153411348
0.275719 -3.57418 2.90346 0.0836005616896048
0.156734 -2.12867 -2.29123 0.609536430780832
1.31216 -1.07651 3.06547 0.0317325920708816
0.408706 2.42275 2.49486 1.64185156822837
0.0326698 3.54304 0.603127 6.75589462749357
0.645163 0.644346 -0.769961 0.0368706344324364
