0.482253 3.29791 -2.02383 0
0.431617 -2.94658 0.8732 0
0.494976 -3.63403 0.357494 0
0.568363 -0.334801 1.74982 0
0.117492 -1.35603 1.86086 0
1.15852 -0.509816 2.70313 0
0.576269 -0.376794 2.83429 0
1.39723 0.50011 1.6742 0
1.53097 0.198775 1.50507 0
0.528051 -0.549678 -0.241661 0
1.56193 -0.470786 -0.890325 0
0.287791 -0.488021 -0.039413 0
0.243816 -2.19731 1.35235 0
1.3265 -1.38155 0.0890106 0
1.01139 -0.943474 0.47016 0
1.43318 -4.13494 -1.08197 9.72214057127431e-14
0.545316 -2.26875 1.35747 3.91637234092096e-13
0.612567 -2.50498 2.98962 2.49846877208262e-13
1.62155 -1.83756 2.04883 5.53055022508206e-13
0.928281 -1.64131 1.94737 6.74317865531534e-13
0.608256 -1.8652 2.22672 5.30292664005029e-13
10.01 -2.39195 2.75326 2.88425630172636e-13
0.348914 -4.464 -2.32809 0
0.208897 -5.07972 2.13172 0
0.434485 -2.82768 1.81966 0
0.475104 1.3372 0.824474 0
0.386909 0.371134 3.07109 0
0.88232 2.31119 1.62355 0
0.484035 2.88124 -1.91291 0
0.543215 7.18982 -0.579062 0
0.697288 2.24659 -2.13606 0
0.12313 -1.87198 -0.0555719 0
1.36443 -1.04624 -1.94425 0
1.90512 -4.72106 -0.758614 0
0.213872 -1.50351 1.48073 0
0.473048 -2.14406 -1.98331 0
0.410952 -2.59288 2.98204 0
0.262461 1.72287 -1.41381 0
3.52972 2.0716 1.17202 0
1.57348 -1.70652 0.941971 0
0.280037 -3.18348 2.24518 0
0.978673 -0.495476 -2.089 0
0.649168 -1.645 -1.28667 0
0.250993 -1.12723 1.90115 0
1.31065 -2.91649 -1.93471 0
1.53168 -2.81091 -1.23334 0
0.371182 -3.45302 -0.194479 0
0.585452 -2.31888 0.465572 0
0.34169 -2.91617 -0.533753 0
0.380727 -2.6007 0.0407952 0
1.3295 -2.13962 1.02362 0
0.0741307 -3.37648 -2.63486 0
0.00633823 -7.31051 -1.54036 0
1.39104 -4.50286 -3.06805 0
0.0668368 -6.3638 0.961337 0
0.255274 -6.66033 2.59046 0
0.357334 -5.64938 1.0389 0
1.22426 -5.26041 0.804145 0
0.586764 -1.74372 -2.06419 0
2.17726 0.28901 0.394675 0
0.365134 0.741757 1.12839 0
0.385316 -3.31458 -0.590386 0
0.498191 -4.6294 3.01635 0
0.232587 4.71343 3.11983 0
1.32442 4.83834 -2.94673 0
0.258887 2.60578 0.138895 0
0.0526216 4.70481 2.88061 0
0.534847 -1.06787 -2.13026 0
0.570234 -5.13705 -1.41191 0
0.194845 -3.90471 2.50936 0
0.435798 -3.49356 -0.0654122 0
0.600244 -0.727409 -0.926862 0
0.385275 0.597719 -1.43112 0
0.626021 5.91673 2.42731 0
0.540144 -2.53427 0.324416 0
0.460886 -2.90851 -2.5927 0
3.11363 1.26684 -0.993078 0
0.250326 1.20172 -1.75386 0
1.84903 1.95608 -1.53859 0
0.51122 1.80421 -0.856938 0
0.518679 2.6148 -2.44644 0
1.9865 3.45626 2.44129 0
1.21886 4.3192 2.54063 0
0.930724 4.09049 1.92156 0
0.406393 5.56541 1.84052 0
1.7623 4.55357 2.27647 0
0.546838 6.38523 -3.11919 0
1.51564 5.65604 -2.26209 0
2.11422 5.70104 -1.41929 0
1.11838 5.7692 -1.67273 0
1.10275 4.90418 -0.785758 0
0.839822 4.75793 -0.0983514 0
0.299181 4.67652 -0.222752 0
0.690066 4.24018 2.64228 0
0.445243 4.9022 -1.74495 0
1.58528 4.63771 2.55571 0
0.54739 3.82691 2.08538 0
0.375248 3.54078 0.168219 0
0.272049 -1.00867 2.17501 0
0.348999 0.470127 -2.73507 0
0.571658 -1.49326 0.341271 0
0.16204 0.157069 -2.05905 0
0.088816 -0.595259 0.554399 0
1.34006 -1.78789 -1.64827 0
0.332049 -2.97055 0.271027 0
0.837573 -3.42647 -0.569892 0
1.71987 -3.93408 -0.481891 0
0.888532 -5.07686 -2.98389 0
0.482448 -6.74384 1.51102 0
0.0585518 -4.33562 0.259625 0
0.229981 -2.80947 0.534947 0
0.114176 -9.56025 -0.815445 0
0.189531 -7.71416 -1.89355 0
0.145487 5.89801 -1.60144 0
0.0814255 3.51244 2.5659 0
0.392835 6.66216 2.65712 0
0.445977 4.73721 -1.8999 0
0.684888 2.96351 -1.56256 0
0.203663 2.83838 1.57093 0
0.665381 -2.87049 0.763752 0
0.458652 -4.71 -0.547876 0
0.560116 -5.74404 2.04217 0
0.216303 -3.3221 2.46626 0
0.834207 -3.94885 0.527449 0
1.14983 -3.82269 1.38005 0
1.04443 0.657883 2.54997 0
3.38979 -0.031594 2.28031 0
1.25893 -0.233722 -2.52326 0
1.39643 -0.535216 2.76187 0
0.187885 -0.343192 2.35879 0
0.308969 -2.32304 0.524145 0
0.184139 -0.505736 -1.38444 0
0.123768 -0.632395 2.7534 0
1.47809 -1.03188 -0.135533 0
5.65711 -3.87628 -1.10591 1.12277669555333e-13
0.84256 -1.51264 2.14864 7.53210243175934e-13
1.60936 -1.63134 1.92614 6.82049808028933e-13
6.81641 -2.51701 2.80318 2.48347552722049e-13
0.208283 -0.567457 -1.65419 0
0.394706 -1.51072 -1.41087 0
0.154105 5.43384 2.45892 0
0.405336 0.397387 -2.58221 0
0.336095 -1.06363 -0.433167 0
0.65374 -1.60073 1.07871 0
0.215172 1.91499 0.0637326 0
0.191932 -0.700901 1.08862 0
1.51499 2.01422 1.00772 0
0.679017 1.40256 0.878766 0
1.049 -1.24207 1.9187 0
0.596959 -1.23124 -2.31133 0
0.500858 -1.2293 -2.5742 0
0.781924 -2.37667 -1.33701 0
2.53874 -3.06896 -1.56436 0
0.499156 -2.94797 -1.00298 0
0.931895 -2.85682 -1.22463 0
0.320788 -2.28912 -0.68641 0
0.979732 -2.76114 0.649415 0
0.300273 -2.71239 0.257815 0
0.172504 -3.87417 -0.294946 0
0.362152 -4.56065 -1.03954 0
0.364126 -2.69549 -2.51583 0
0.507043 -4.0886 2.74448 0
0.0599861 -4.39182 2.01787 0
0.846861 -3.64356 2.09775 0
0.943104 -5.79102 2.31533 0
0.765358 -5.43217 1.39299 0
1.66814 -5.03888 1.12652 0
0.301872 -4.30802 0.621124 0
0.640246 -4.85377 0.765877 0
0.148816 -5.965 3.0293 0
0.497454 4.76049 1.22449 0
0.383731 1.99144 2.84329 0
0.187007 4.42931 0.283132 0
0.410046 1.99707 -1.41006 0
0.268087 1.6647 0.995653 0
0.366575 0.197599 -0.676204 0
0.381407 -1.54944 -3.11622 0
0.104961 -3.62028 -2.16533 0
0.65318 -4.38929 1.04985 0
0.324968 0.686 -2.62237 0
0.602016 -4.87626 0.395235 0
0.451509 -1.82226 -2.56944 0
0.363472 0.622066 1.7809 0
0.139291 1.22755 0.579544 0
0.418204 2.75891 -2.39131 0
0.44556 3.16534 0.247467 0
0.479439 4.31114 -1.59673 0
0.137836 4.98498 -1.48375 0
0.505734 5.80711 -0.31624 0
0.277739 7.02255 -1.99936 0
0.255117 5.1888 -0.244108 0
1.10267 -3.49076 1.66491 0
0.62221 -3.95597 2.1902 0
0.37989 -1.11089 -1.4988 0
0.608346 -1.23969 2.83252 0
0.4004 -0.831617 -2.88981 0
0.485478 -1.05753 -0.83273 0
0.333294 2.15279 1.04052 0
0.498013 0.219292 -2.23055 0
0.80639 2.66788 0.462104 0
0.438383 1.23587 1.95582 0
0.312594 2.54442 0.720427 0
0.257601 2.37744 -2.80231 0
0.558936 6.58076 -2.28261 0
0.748616 6.44627 -1.00949 0
0.894189 5.2304 -1.15816 0
0.237811 7.19544 2.83509 0
0.386564 5.37488 -0.841808 0
1.20098 5.38347 -1.05806 0
0.457782 4.42123 -0.92599 0
0.934629 5.20524 -0.884941 0
0.425934 4.99686 0.064621 0
0.286409 4.81265 2.91411 0
0.566178 3.98249 -2.23594 0
0.208945 5.44418 -3.12075 0
0.322977 5.80384 2.63452 0
0.882912 5.54836 2.91446 0
0.117262 6.55778 1.04465 0
0.399696 4.43495 0.457054 0
0.510849 4.8172 -3.02442 0
0.268275 2.86753 1.50478 0
1.67978 1.17809 0.810268 0
0.313322 -1.20299 1.26572 0
0.832645 -2.09345 -1.2955 0
0.670792 -1.54986 -1.75686 0
0.948021 -2.07972 -0.496072 0
1.41578 -2.44203 -0.794879 0
0.426992 -3.46259 -0.207413 0
0.946398 -3.64581 0.458908 0
1.17449 -3.69199 -0.406276 0
0.227025 -3.94013 1.27415 0
0.239086 -3.7559 3.00043 0
0.772584 -3.26852 0.116767 0
0.249046 -4.59368 -3.00179 0
0.111236 -8.32128 -2.75306 2.01505556408125e-05
0.0744291 -8.32414 -2.76779 1.96849194968852e-05
0.340636 3.50636 -2.14819 2.6981158583042e-07
0.302509 3.54741 -2.8683 2.89713616104562e-07
0.254416 5.25727 1.51615 0
0.235454 4.55753 2.3197 0
0.309871 4.76401 -1.06064 4.08019737090434e-08
0.321512 5.0637 -1.85269 3.16877796118351e-08
0.268337 5.56373 1.22617 0
0.182253 6.02954 0.361111 0
0.0278534 8.2419 1.44357 0
0.542218 5.64076 -0.973638 0
0.113636 5.85102 1.1118 0
0.66612 5.89541 0.764892 0
0.422379 -2.66276 1.33145 0
0.661211 -2.98907 1.60609 0
0.559402 -0.773952 -0.116792 0
0.129329 -1.31541 -0.163814 0
0.235756 -4.02838 -1.03493 1.04471360326168e-13
2.43415 -4.10442 -1.1442 9.70705216833206e-14
0.298191 -3.34085 -2.13029 1.15046094953715e-13
0.420984 -2.8613 -1.90469 2.03182665780021e-13
3.71299 -2.27153 2.57323 0.137458955418821
0.050612 -2.41598 -0.309967 0
0.173218 0.0445376 0.023427 0
0.201955 -5.46817 0.430719 0
0.507902 -5.44429 0.0905751 0
0.421421 -5.70956 -0.242689 0
0.283765 -6.04639 -0.346328 0
0.253403 -1.09448 0.283982 0
0.245605 -0.736675 1.92379 0
0.311284 -3.65331 1.48259 0
0.170948 -3.20334 2.30469 0
0.412228 0.397458 1.38374 0
0.59768 0.566699 1.64377 0
0.0769109 2.04233 1.31433 0
0.506244 1.64922 -1.41998 0
2.63627 1.22298 -1.24174 2.89641592828789
0.794578 1.16657 -1.14755 10.030883609386
1.14436 1.95556 2.35318 0
0.826129 1.71051 2.32302 0
0.0858675 6.03666 2.01555 0
0.254422 4.33787 -1.9996 0
0.385426 -2.1288 -0.0156942 0
0.992267 -2.1109 -0.766519 0
0.584272 -5.00825 -2.84241 0
0.180167 -5.86097 2.95494 0
0.284573 -5.86427 -0.89798 0
0.154 -5.09423 2.07419 0
0.312581 0.744753 0.600496 7.67777171018707
0.775092 0.976435 -0.159716 2.62819068811638
0.21432 -1.79333 1.1047 31.0222887553783
1.10261 -1.05641 0.849818 11.5170890500929
0.142007 5.17665 2.8489 2.67693666482943e-05
0.0230682 5.53031 2.76591 9.83452942730089e-06
0.0370805 -4.40311 2.00443 3.48732629576839
0.116685 -1.74627 -2.47547 15.3748227000575
0.995648 1.29999 1.28663 8.51568314094246
0.303699 0.711966 1.3289 43.617600146907
0.121659 -1.57201 -0.677269 2.78396596872654e-05
0.140152 -1.63157 -1.37668 3.37510390956355e-05
0.144479 -2.97786 -3.12096 14.5743953296543
0.52439 -2.93962 -1.65915 4.17834294485766
0.2064 1.75269 -1.30446 41.7987109594321
0.18507 2.63017 0.996757 19.8530865515891
0.114682 0.0375525 2.9486 7.94023259245573e-06
0.0280914 -0.0542426 2.90425 7.60161900368512e-06
0.0073024 -1.87231 1.22776 3.01400292789115e-06
0.00275321 -1.18743 1.99263 3.01908533600569e-06
0.465556 -0.1436 -2.09794 1.15117625705273e-07
0.466285 -0.714442 -2.03717 5.61648462336736e-08
0.0137761 -2.76308 1.27771 8.0242929276221e-05
0.0363587 -2.95774 0.835004 6.73590554695743e-05
0.0897601 5.79523 -0.694322 0.0249067260424026
1.80992 6.03586 -1.69643 0.034770674627209
0.209947 5.78091 -1.25872 0.0758677772070157
0.34836 6.04645 -2.78713 0.0151285213055629
