0.445462 5.79168 2.29609 0
0.168624 4.86867 0.49587 0
0.736855 4.10043 -0.0599438 0
1.26247 2.16442 1.80838 0
0.665664 0.0300915 2.00829 0
0.762639 1.04818 -1.70403 0
1.07264 -1.31124 0.435063 0
0.163059 0.139453 -2.08842 0
0.601907 -3.728 -2.48401 0
1.18221 -4.62117 -0.654154 0
0.207973 0.347665 0.0818122 0
0.357904 -0.522166 -1.27785 0
0.256562 -3.17128 2.86808 0
0.187749 -5.41547 -0.55112 0
0.395869 -3.40608 -1.41186 0
0.375646 0.061685 0.292692 0
0.171579 4.21107 -0.952819 0
0.306612 5.58037 0.344476 0
0.402633 6.83846 0.731622 0
0.551395 5.98527 -0.270181 0
0.64544 6.175 -0.684985 0
0.331661 6.32713 -2.08674 0
0.670028 -0.712529 -2.5507 0
0.721281 -2.19001 -0.99815 0
0.742811 -2.26138 1.10207 0
0.564146 -1.17819 2.47426 0
0.487174 -2.41332 2.07486 0
0.529102 -2.5003 2.75964 0
0.50353 -2.61058 -2.52303 0
0.699598 -2.73446 2.05174 0
0.329353 -4.21255 -2.81325 0
0.288424 -7.01675 2.25665 0
0.472126 -6.36982 -1.27948 0
0.506035 -5.34926 -2.21905 0
0.0767752 -7.2711 1.63134 0
0.24106 -9.53589 -0.103414 0
0.0272917 -7.46441 1.47192 0
0.215265 -4.414 -1.8519 0
0.685612 -3.5865 -0.377557 0
0.626441 -3.96864 -1.00184 0
0.15675 5.42476 2.80197 0
0.34198 5.35556 2.06272 0
0.218296 7.81349 2.47113 0
0.20094 -7.7097 -2.25009 0
0.349133 -6.73069 -1.69828 0
0.305696 -6.38012 1.66007 0
0.179262 -0.239202 -0.346053 0
0.523989 0.197906 0.632292 0
1.12357 0.0779318 -2.50043 0
1.11873 0.392688 2.8915 0
0.206069 2.9093 0.323333 0
0.360002 2.8284 -1.26962 0
0.666725 3.34346 1.67295 0
1.6376 3.51807 3.13835 0
0.260238 3.61395 1.37561 0
0.739443 3.94071 2.01742 0
0.616482 4.90093 0.879616 0
0.478663 7.55734 -2.25252 0
0.193814 5.67238 1.56912 0
0.233562 8.38896 -1.84724 0
0.139688 5.53532 -0.296898 0
0.379711 3.94624 2.98869 0
1.18089 2.84517 2.10433 0
0.92632 2.95795 1.59522 0
0.211231 2.36102 0.488137 0
0.548284 -2.81307 0.681611 0
0.63799 -3.91828 -0.800576 0
0.605731 5.97312 0.68602 0
0.173809 7.10669 3.05947 0
0.347814 3.59775 -2.99496 0
0.371203 1.80888 0.13712 0
0.322464 0.681154 1.87578 0
0.1388 0.285618 2.16486 0
0.298978 -5.11475 2.50099 0
0.316547 -6.85685 -2.74738 0
0.59645 -0.0192253 -0.994057 0
0.174779 -2.61217 -1.15543 0
0.197945 3.61658 0.303166 0
0.0985994 3.95066 1.94865 0
0.23584 0.321112 -1.19206 0
0.579395 -1.6516 -2.65236 0
1.38614 -1.40875 2.37916 0
0.422617 -1.90048 0.694517 0
0.289169 -1.91147 3.13791 0
0.790916 -3.76255 -0.356145 0
0.314814 -5.68655 -0.405208 0
1.30335 -4.36148 -0.988967 0
0.273909 -5.87603 -2.5381 0
0.599655 -2.62481 1.89111 0
0.245877 -1.50544 0.742941 0
0.517158 -1.15601 0.13485 0
0.224403 6.65389 -2.66325 0
0.412946 5.88011 -0.623175 0
0.178559 -3.99209 2.01447 0
0.199456 -1.23008 2.98245 0
0.221135 -3.46583 2.90066 0
0.13621 -2.28585 -0.18987 0
0.658469 7.41323 1.82721 0
0.114677 1.19621 1.44764 0
0.199462 2.57303 -1.528 0
0.103633 -1.40675 -1.78436 0
0.203521 -2.43879 2.68473 0
0.262001 -0.0388057 -2.63652 64.0855402794483
0.0835018 -5.40459 -2.43109 0
0.221835 -3.52776 1.15774 0
1.72192 3.19999 -1.38024 0
0.364339 3.6192 -1.10813 0
0.180126 3.47206 1.59325 12.8166925522187
0.0424138 2.66695 -1.0879 0.252887070000861
0.0348076 -4.23248 2.30872 0
0.150007 -2.39728 -2.00342 0
0.256483 1.64033 2.29596 0
0.226076 1.07243 0.571846 0
0.465868 2.80052 0.702737 0
0.0733027 2.89103 -0.285149 0
0.807051 0.664277 -2.74697 2.80438194466682
0.530807 2.79479 1.26062 10.147605188622
0.488279 2.99159 2.06643 9.06475372389768
0.441746 -1.67863 3.04653 17.5463747261878
0.134614 -0.742451 -2.55241 124.569614254135
0.261906 -2.53719 0.840788 4.61100359493272
0.180367 -2.76641 -2.99996 5.3338187185496
0.0437571 -6.5906 -0.00188545 2.44475115886619
0.489228 -5.89729 -3.09746 0.437448043562073
0.221488 3.18619 0.551752 31.2176183794051
0.191522 3.67213 -3.1387 22.2633529982731
0.212464 4.15259 -1.21742 1.32117324014603
0.480632 3.75921 -2.5202 0.864266681218246
0.0604573 2.12358 -0.758131 42.708233461689
0.557661 1.88724 -2.36632 5.79614033047622
0.38627 -4.3565 -2.10087 3.24109662966714
0.108702 -5.41847 -0.127331 3.99048986914289
