1.21749 1.06004 -0.533655 0
2.35833 -0.479415 -1.3598 0
1.30827 3.30504 0.982679 0
0.333886 0.123748 3.09334 0
0.190282 1.27113 2.5804 0
0.549979 2.06577 -0.825515 0
1.09418 2.45078 -1.89709 0
3.06009 3.08493 -3.00874 0
0.374385 3.23403 2.79194 0
1.59457 0.396109 -1.11621 0
1.14266 1.01775 -1.54804 0
1.42296 0.266116 -1.01108 0
1.43917 0.48672 -1.67354 0
0.314564 0.628205 0.345718 0
0.543708 0.90854 -2.23507 0
0.335361 5.45653 1.9137 0
0.92492 4.30833 1.47279 0
0.288174 2.67958 -2.28632 0
0.359712 0.0799463 2.0256 0
0.47065 1.1637 3.00302 0
1.02481 0.639215 -1.92711 0
0.971538 2.20671 -1.31411 0
2.54323 1.74868 -2.36498 0
0.0536955 3.64128 1.95279 0
1.14091 2.74678 -2.75224 0
1.1358 3.28765 3.05522 0
0.153529 2.65934 2.41717 0
0.621003 -1.92573 1.96597 0
1.03629 -0.419252 1.07273 0
1.55267 -4.88007 -2.80991 0
2.06008 -5.64005 -1.53026 0
0.565453 -5.16995 0.111556 0
1.23958 -6.20027 -0.964076 0
0.102629 -4.20848 2.99232 0
0.33344 -5.82679 2.44591 0
1.04216 -4.27406 2.19689 0
0.490733 -3.43168 -0.111727 0
0.903699 -2.42075 0.442677 0
0.291583 4.48489 0.777238 0
0.581617 5.57605 1.30316 0
0.141687 5.16557 -0.75453 0
0.411666 5.96868 -1.70607 0
0.622767 3.23843 0.896543 0
0.355445 3.62969 0.705333 0
0.232363 2.42153 -0.660984 0
0.130744 3.81857 -2.74197 0
2.24708 1.44416 1.3532 0
0.815283 6.25717 -2.46068 0
0.537947 5.84245 1.53049 0
0.390038 2.46997 1.69595 0
0.231659 -4.22184 2.49308 0
0.402242 -3.96064 0.0619456 0
0.297187 -4.53698 -0.28171 0
0.766694 -3.78111 -3.12599 0
0.320916 0.943541 1.97467 0
0.689604 -1.0732 -1.36262 0
0.150958 0.718203 -1.4875 0
0.361913 -2.00988 -0.00845493 0
0.265104 -2.05088 -0.99169 0
0.492137 -3.07228 2.81178 0
0.320221 -5.45797 -0.63142 0
14.7805 4.1033 2.79016 0
6.63361 4.19931 2.75797 0
2.81234 3.85834 2.87981 0
0.890555 3.36002 -1.42995 0
0.333491 3.51887 2.73065 0
0.246762 -3.98729 0.776266 0
0.102851 -3.4961 -3.10313 0
0.882852 -2.82078 -0.320038 0
0.527568 -2.90694 -2.55293 0
0.229858 0.150215 1.93822 0
0.648832 1.66697 1.61389 0
0.622315 6.81582 1.05914 0
0.501601 2.92456 -1.56147 0
0.101671 4.32 -0.893689 0
0.454276 3.67828 -2.63572 0
0.068563 -4.67032 -0.582701 0
1.24807 -5.05001 -1.16128 0
0.37949 2.64437 1.23454 0
0.24968 1.45039 2.71631 0
0.332848 2.08691 -2.29323 0
0.113443 -0.631676 1.20621 0
0.408886 1.85276 -3.04291 0
0.199618 -0.198575 -2.21683 0
0.183411 1.61609 2.96577 0
1.11619 0.242375 0.509105 0
0.697616 0.310483 1.26916 0
0.33587 -0.0541758 1.78763 0
0.523441 -0.41784 1.67845 0
0.417453 -1.6686 2.2859 0
0.784762 -1.33027 2.09758 0
1.47058 -0.968923 0.144305 0
0.461903 -2.64627 -0.370351 0
0.425027 -1.24976 -0.644235 0
0.31441 -3.48239 -1.16729 0
1.08818 -2.17864 -2.64702 0
0.243659 -4.13645 -2.93489 0
0.363662 -3.64173 -0.9332 0
0.931312 -3.62003 -2.81475 0
0.382727 -3.51739 2.36417 0
1.12388 -2.8439 2.79013 0
0.824316 -2.97959 1.51768 0
0.690802 -3.29838 1.49361 0
0.84276 -4.7128 1.87119 0
0.232771 -3.79408 -0.849223 0
1.19689 -4.92969 -0.160308 0
1.93735 0.181363 -1.52005 0
0.768126 0.78636 1.71996 0
1.59793 -0.883589 0.893122 0
0.544525 -0.621742 -2.2662 0
0.90233 -2.18015 0.481242 0
0.682361 -2.46184 2.5769 0
0.30365 -3.9169 2.83493 0
0.445886 -3.11744 2.97571 0
0.391909 -6.64029 2.74076 0
1.83032 -6.25266 2.14538 0
0.516275 -5.51163 -2.22438 0
0.677474 -5.98371 -1.53722 0
0.365062 -3.93602 1.60543 0
0.230641 1.40437 -2.50901 0
0.149533 5.48156 -0.864914 0
0.330435 5.35062 1.31099 0
1.7233 -1.06051 -1.77554 0
2.18607 -1.17388 -1.40388 0
0.273277 3.15413 2.03261 0
0.975258 1.15826 2.92696 0
0.168495 0.824868 1.13024 0
0.286133 -0.19567 3.11999 0
0.2913 1.49612 -0.723456 0
0.822138 0.0248921 3.05682 0
0.42146 2.86419 -1.97356 0
1.47718 -0.00785486 -0.824091 0
1.42889 0.259649 -1.50504 0
0.135041 0.382284 -2.40933 0
1.58014 1.84642 -0.559771 0
0.430921 1.48104 -0.592883 0
0.958782 1.78871 -2.53704 0
0.438777 2.33261 -2.42954 0
1.26086 2.0834 -2.8333 0
1.25587 2.48587 2.8724 0
0.694462 3.15584 3.081 0
0.628652 2.88802 3.08887 0
0.783883 1.36601 -0.304913 0
0.241849 2.17523 -3.02358 0
0.531187 0.828899 2.19554 0
0.684045 -1.64036 1.81522 0
0.349131 -4.09453 -2.24984 0
2.44058 -4.61666 -2.6241 0
1.05143 -5.35289 -2.33151 0
0.90738 -5.28549 -2.08328 0
0.211273 -4.90518 -1.64601 0
0.669918 -6.07959 2.84559 0
1.20891 -5.58782 2.73787 0
0.216402 -5.79472 1.54424 0
0.474404 -4.38274 2.38092 0
2.3841 -3.09954 -0.505331 0
0.414773 -3.48048 -1.23895 0
2.08554 -2.94805 0.256355 0
0.181585 5.09834 2.79635 0
0.312533 2.21912 -0.406307 0
0.349764 2.64373 -0.920463 0
1.2673 3.44012 -0.317921 0
1.18238 3.26817 1.43325 0
1.014 2.96821 0.920413 0
0.33275 3.03235 -0.1863 0
1.44556 2.55849 1.10848 0
0.969905 1.61352 2.12395 0
1.29885 2.11732 2.00909 0
0.587577 2.02961 0.900674 0
1.6565 1.54625 2.04117 0
0.432859 5.52027 2.94351 0
0.142283 7.38282 0.368947 0
0.246504 5.73206 1.59988 0
0.0953231 4.6777 0.29238 0
0.249448 2.36812 -1.59132 0
0.183423 -0.148832 -1.77038 0
0.700264 -1.4692 -0.453919 0
0.676959 -2.90688 0.870843 0
0.201224 1.2737 -2.43349 0
0.338734 2.16551 2.64458 0
0.32494 5.04259 2.82814 0
0.238321 5.08261 -2.17016 0
0.629313 3.05425 -0.148016 0
0.317489 -0.185863 -0.279334 0
0.410599 -3.08578 2.73903 0
0.450628 -4.12752 1.32666 0
6.29265 4.10501 2.78794 0
0.196789 -0.421241 1.21101 0
0.276059 5.28542 -3.1362 0
0.498626 6.11218 1.002 0
0.344793 -0.330446 0.96019 0
0.125805 -2.74385 -1.8604 0
0.28683 -4.34007 -2.30871 0
0.251668 -5.72625 2.72132 0
0.842587 0.76762 -2.49789 0
0.339244 1.05121 0.429245 0
0.786351 0.184126 0.648272 0
0.95159 -1.18521 0.23505 0
0.555487 -1.96075 0.713089 0
1.24251 -0.979956 1.11055 0
0.194687 -2.29851 0.819055 0
0.650051 -1.70342 -0.319948 0
0.825833 -1.58169 0.303215 0
0.664648 -1.90324 -1.31425 0
0.5793 -0.848237 -1.34799 0
0.687777 -3.08108 -1.38899 0
0.53606 -3.89407 -2.17201 0
0.440988 -2.02132 2.75376 0
1.18631 -2.6781 2.72669 0
0.848204 -4.15137 0.0178737 0
0.497535 -5.88128 -0.737571 0
0.956389 0.256387 -1.68025 0
0.701119 0.618452 -1.78983 0
2.04818 0.791605 0.8874 0
0.905877 -0.0699108 0.497696 0
0.242456 -1.67976 0.595475 0
0.762346 -2.40163 -0.665523 0
0.603392 -5.61691 1.81006 0
0.0882162 -6.22539 0.568035 0
0.690549 -1.16292 -1.09517 0
0.174318 -1.02269 1.71463 0
0.120288 -2.02621 -0.335655 0
0.254553 1.20564 -0.375794 0
1.14481 2.91239 0.265313 0.197741443802619
0.42336 2.7501 -3.12115 0
0.0806682 3.92142 -2.15689 0
0.849173 1.73659 -2.32002 1.37652827454839e-08
0.291959 1.68402 -2.11395 5.55335350740467e-08
0.435855 -1.68788 0.30786 0
0.114142 -1.30642 -0.947508 0
0.334335 -2.1259 -1.29933 8.89640997355963
0.0683536 -2.43488 -2.72855 32.286828463793
2.29768 0.0425024 0.45746 0.0410707623455874
0.176966 -5.27692 2.43578 1.44442677287841
0.0604241 -5.052 0.292842 5.287895627362
0.0776699 3.62689 -1.23161 2.35058333275796e-08
0.129094 2.98455 -2.01824 1.50682699835258e-08
0.240971 2.20181 1.86171 0
0.102393 2.95455 -3.1069 0
0.293559 0.891362 1.35682 0
0.535127 1.75419 1.95354 0
0.130643 5.99969 0.691583 0
0.192894 4.85878 -1.80773 0
0.0529645 6.93572 -0.976987 0
2.0158 3.99805 -1.12691 0
0.373623 4.79991 -1.10157 0
0.273022 2.24911 1.50833 0
1.19261 2.17455 1.60392 0
0.348656 6.94579 2.50152 0
0.452893 7.64587 -2.69177 0
0.184553 4.50699 -1.94183 0
0.150479 4.18485 3.01497 0
0.292533 3.20223 -0.417123 7.76291430673169e-08
0.619983 3.11831 -0.107521 4.03442611783228e-08
0.0563872 3.45536 2.96821 4.12052873565045e-08
0.185426 1.70777 2.90545 1.06650751481872e-07
0.138691 -1.02901 -1.93292 0
0.205028 0.0187275 -2.75259 0
0.224067 -3.81557 -1.79018 0
0.196415 -4.6975 -3.04703 0
0.483712 3.17815 -1.16469 0
0.161771 2.19819 -1.1385 0
0.102699 1.40759 0.155316 0
0.203314 2.4921 -0.841657 0
0.27031 5.20803 1.06076 0
0.156354 5.29662 -0.354574 0
0.261085 -0.813668 -0.376782 0
0.134841 -1.39365 -3.01089 0
0.452041 -7.92852 0.96764 0
0.0839952 -7.47347 -2.79802 0
0.0832514 -8.75701 2.5369 0
0.0115871 -8.70826 -0.812118 0
0.0444612 1.9246 0.542822 0
0.291693 0.666693 1.82029 0
0.300439 1.75667 3.0281 0
0.0768259 0.958001 2.53323 0
0.217577 -0.385298 0.392233 2.08378759454823e-07
0.143049 -1.14577 0.949437 6.72794117966984e-08
0.2418 -1.78233 -1.2807 0
0.118191 -1.67179 2.00538 0
0.352819 -2.90066 -1.01599 1.06293374603786e-07
0.416393 -2.8505 -0.611549 1.01769952964742e-07
0.236116 -3.032 2.49629 0
0.103401 -4.2068 -2.65764 0
0.339559 -3.2965 -2.20968 0
0.330968 -2.58351 3.06959 0
0.14251 -4.26958 -1.41329 0
0.0864193 -6.17009 1.10976 0
0.0935489 -3.62884 2.0756 0
0.4784 1.4812 -2.04402 8.6161503216798
0.105097 0.854827 -0.879763 65.5004011372416
0.197795 -1.50917 -2.33775 35.9766146946386
0.255583 -1.38365 1.64473 31.1824692444996
2.16315 -2.14285 -1.13186 4.29738000227035
0.528685 -2.45058 -0.95889 12.9891329032712
0.259342 -5.87251 -1.81094 0.446395104365614
0.0632635 -5.09048 0.827698 4.00957336563295
0.178558 -2.06281 -0.235197 17.4046126019807
0.879599 -1.12028 0.000490735 8.34891702302634
0.720647 -0.369001 0.310387 0.0904313691239336
0.301753 0.167246 -0.042483 0.106337133625233
0.903897 -0.433112 0.619119 0.128421088553535
0.32383 0.191071 -0.297876 0.16245274017203
1.03033 5.06434 -1.51056 0
0.00836197 -3.44897 0.209806 5.03578544826049e-05
0.140117 -1.90415 -1.20141 4.41254855057389e-05
0.287833 -2.18012 -3.10827 8.058499516745e-08
0.305329 -2.59843 3.04035 3.60067138688341e-08
0.935718 0.420121 1.09495 14.5141868780098
0.0775298 -4.12666 2.75729 1.79890346430973e-05
0.00989205 -4.03387 2.73812 2.03738109344157e-05
0.200494 -0.198263 -0.51886 103.402021014713
0.851544 -0.253067 0.372603 24.067907442961
2.75296 0.438012 0.969932 5.61521066898921
0.548254 0.610563 0.853177 40.4770627418391
0.34815 -0.241482 1.00778 0.333891103692301
5.71345 0.0531978 -1.59074 0.597446335293916
15.4839 0.042375 -1.58764 0.537573063470882
7.48234 -0.0208238 -1.48619 0.336167690998481
2.64819 0.13885 -1.4067 27.1547362090887
1.50452 -0.0626325 -1.39195 47.4329532975305
