0.564611 -6.17908 -1.31805 0
0.314633 -8.39311 1.01262 0
0.444534 2.99846 0.322076 2.58185644580103e-13
5.2068 1.58137 1.74662 0
0.162999 3.80187 2.00816 0
0.597807 -0.778442 0.44533 0
0.446533 -2.45827 0.881933 0
0.564519 -3.02362 -1.858 0
0.222184 -6.98442 0.0848411 0
0.41535 -6.19642 -2.38712 0
0.496629 -8.28793 1.15525 0
0.228554 -5.51822 1.74172 0
0.848177 -3.43277 0.4655 0
0.117048 -2.0437 2.02281 0
0.315139 -1.99016 -2.31315 0
0.612369 -2.14942 0.660436 0
0.795356 -1.06755 -2.58823 0
0.537388 0.865105 3.05616 0
0.234238 6.81068 -0.0683731 0
0.12147 7.87873 0.867925 0
0.425421 6.30881 2.89911 0
0.380919 4.95571 -0.113785 0
0.151037 8.21076 2.57267 0
0.256813 7.66735 1.11094 0
0.532969 6.16486 0.244753 0
0.568133 3.68897 -0.135524 1.31101345165127e-13
0.621235 2.82238 0.409019 3.03451669735797e-13
0.743632 1.9996 1.47218 6.72879197421456e-13
2.8848 1.56034 1.68242 0
0.828259 0.0330165 -2.56092 0
0.171437 0.414955 1.38803 0
0.194295 -3.05057 2.70562 0
0.0329997 -4.96147 -1.8134 0
0.611876 -5.41324 2.8281 0
0.492675 -8.48486 -0.52769 0
0.164074 -7.78073 2.63322 0
0.346459 -1.06653 0.895228 0
0.448213 -0.359155 -2.91555 0
0.370091 1.46787 0.690507 0
0.75974 2.08675 1.71175 0
0.215076 1.3716 0.166741 0
0.0657334 6.3314 1.6966 0
0.625938 4.57003 2.2534 0
0.247473 5.11275 1.89984 0
0.267855 5.47485 -0.163804 0
0.132672 4.92609 -2.59306 0
0.183829 -6.75147 -2.30718 0
0.170506 -5.7774 0.453188 0
0.150899 8.36455 -0.247354 0
0.34023 8.70822 0.71051 0
0.497008 2.52702 -0.732487 2.80002355769627
0.0704677 2.09907 -0.498605 30.8168356509238
