46.8292 0.0827256 2.94248 2.13767182255926e-13
0.117913 7.33734 1.24621 0
0.543243 -3.72032 1.45327 0
0.432238 -3.80552 2.70874 0
0.651394 -1.77475 -2.69691 0
0.445719 0.45094 -2.91398 0
0.895855 0.68432 -0.950641 0
13.508 0.735086 -0.427374 1.15925951992087e-13
0.162332 0.378327 0.671645 1.69498115748869e-13
2.51681 2.96268 -1.69352 0
12.1888 2.97403 -1.75531 0
2.87159 2.91373 -2.19594 0
1.09819 2.48539 -1.39992 0
2.59616 2.50737 0.00839988 0
0.22881 2.38698 -2.69707 0
0.542255 -0.280861 -2.47257 1.26683091778658e-14
2.05411 0.168769 -1.51582 1.33894838738036e-14
1.03188 0.287449 -1.50358 1.33201004530423e-14
11.6721 0.0150886 -1.43719 1.32879799436234e-14
0.749494 -0.0349779 -1.72902 1.33832721879373e-14
0.422705 -1.37668 -2.15789 1.20265156431131e-14
1.46253 -2.3045 0.700704 8.30643093717711e-15
0.724339 -2.16209 1.24061 9.28524250503081e-15
0.561368 -2.25839 1.10588 9.02578185508796e-15
1.54585 -2.22395 0.656021 8.12189483335973e-15
0.765797 -3.10437 0.609379 8.9653908633582e-15
0.982304 -3.55796 2.13493 0
6.50005 -4.2863 1.76073 0
1.77262 -4.30937 1.50075 0
5.01926 -4.42319 1.59016 0
0.343867 -6.01721 1.58704 0
0.730981 -5.05684 -1.5531 0
0.345966 -2.75764 1.25339 0
0.0819368 -2.59817 -1.53243 0
0.646231 -0.517818 2.99765 0
0.806846 0.0436757 0.880456 0
0.416097 -2.55931 -0.958657 0
0.100556 -1.80646 0.0419255 0
1.17359 0.425417 -0.318038 0
0.350754 1.97017 -0.648122 0
0.358945 1.94406 -1.0063 0
0.660018 2.71052 1.81131 0
1.51548 4.3491 -2.08567 0
0.313305 5.43447 1.44653 0
0.553232 4.69124 2.12238 0
5.25634 4.66852 2.45297 0
2.40259 4.8674 1.77569 0
0.822784 4.61398 1.53144 0
1.58679 6.1059 -2.92759 0
0.200685 6.79607 1.31334 0
0.56894 3.56909 0.0779896 0
0.463919 -5.86638 -2.78053 0
0.0357507 -7.11457 0.830376 0
1.1792 0.649963 -0.225582 8.26669441571806e-14
1.64206 0.417091 -0.569256 1.7833006130236e-13
0.31344 -0.247336 1.2638 2.95449659039905e-13
0.104573 2.54031 0.522233 1.89853649025365e-13
3.51059 -1.01584 1.07552 2.87937439195708e-13
17.0002 2.94236 -1.83895 0
0.891493 3.02664 -1.78633 0
0.554061 2.73873 -1.73639 0
0.801255 2.6013 -2.28636 0
1.31439 2.48358 0.108291 0
0.206212 1.77356 -0.483373 0
0.105331 2.15604 0.0679365 0
3.4232 2.1535 -0.0435919 0
1.95233 0.282566 -2.35601 1.01857543450923e-14
0.401003 0.94167 2.90955 1.78028213691715e-15
2.33988 0.32094 -1.67494 1.29858528237181e-14
3.10179 0.0541199 -1.73859 1.33089362603435e-14
0.207651 -1.28424 -1.75718 1.11840204867725e-14
1.36339 -2.46707 0.893995 8.7769284421267e-15
0.151789 -1.8929 0.784564 7.95079702250127e-15
0.188481 -1.21423 1.38745 1.03990418577548e-14
1.2139 -2.03428 -0.0396583 6.90851318832679e-15
0.51892 -3.14563 0.194486 8.82189653434094e-15
2.05764 -3.0608 0.36978 8.8085589686313e-15
0.818435 -3.16515 -0.0395998 8.80800053779698e-15
1.05973 -3.23688 2.15442 0
0.57824 -4.10514 0.912432 0
1.89768 -4.42092 1.8949 0
1.15085 -4.52255 1.51115 0
1.1237 -4.7015 2.05218 0
1.59341 -4.82831 1.74444 0
0.0706953 -4.90072 0.257376 0
0.754142 -0.0505556 -2.35212 0
0.0725217 -1.19775 0.421244 0
0.547336 2.7142 -1.02271 0
0.192256 1.30377 0.694327 0
0.142186 -0.989861 -3.14116 0
0.690127 -2.9424 -0.801546 0
1.11178 -3.6234 -0.97631 0
0.691308 -1.53478 -0.677042 0
0.80053 -1.60356 -1.99012 0
0.715494 -0.038798 1.38107 0
1.23598 4.88279 -2.06049 0
2.36565 4.55492 2.1014 0
0.197234 5.28178 2.40799 0
2.04447 4.99133 2.00257 0
0.30887 5.14957 -1.55736 0
0.604449 6.89923 -0.863211 0
0.33457 3.32793 1.50114 0
0.215601 1.92618 -1.42079 0
0.592096 0.768107 -2.68184 0
0.140186 0.360891 0.815976 0
0.381883 -2.01897 -0.21521 0
0.288466 -3.47887 1.45484 0
0.511068 -1.84924 1.78681 0
0.622352 -3.99586 2.34004 0
0.241587 -3.22476 -1.45344 0
0.169752 -5.85154 1.21739 0
0.344549 -5.83316 1.5831 0
1.10792 -1.28435 2.37058 2.36483686841392
0.250515 -1.99837 -1.99689 12.1990143774131
0.741339 -0.819063 1.09291 2.93901529378058e-13
0.128719 -1.2064 0.395889 2.93103904511107e-13
3.99148 -0.936306 1.39628 0.266024451624155
6.1986 -0.742588 1.15513 0.218274634026942
0.992947 3.01426 -1.47877 0
0.785912 2.78269 -1.86608 0
0.788329 2.54053 -0.318352 2.50634741842252e-08
0.441506 2.79416 -0.141 2.15860658415708e-08
16.2295 0.342829 -3.07121 0.499516949494011
9.60864 0.44869 -2.9335 0.777741204509976
0.264301 -0.0573429 -1.78013 1.33671693566505e-14
1.20618 -0.218145 -1.51945 1.30474742011297e-14
0.295334 -3.31153 1.19981 0
0.369297 -4.51703 1.4436 0
0.13463 -4.58812 1.58755 0
0.496053 -4.32105 1.98716 0
0.0975385 3.85531 1.25962 0
0.368206 2.56419 2.57616 0
0.0520642 5.52956 0.534714 0
0.378709 4.93749 -0.581309 0
0.228136 1.79976 -2.13809 0
0.184733 1.74197 0.548238 0
0.173355 -2.98202 2.78116 0
0.126739 -3.41803 0.984076 0
1.67396 0.383299 -0.177928 19.804166627132
0.968169 0.541099 -0.456254 31.9646539111814
3.46218 0.154069 -1.57234 17.2609918113869
0.809577 0.304871 -1.42586 71.8190327941745
0.473685 -1.35328 2.73516 8.17787423058511
0.313454 -2.24399 2.20749 5.35524088144248
9.0626 2.10313 -0.0752885 0.0166143635180504
0.910776 -0.196166 -1.6582 1.51778198308067e-07
0.813204 -0.11119 -1.40911 1.6438918891866e-07
0.768712 -3.47008 -0.810357 1.35721539155778
0.247393 -3.41463 -1.06751 4.48820457247904
0.386003 0.000967624 -3.00456 3.54900682834907
7.28352 2.10318 -0.273614 0.124739354316375
1.56092 2.16194 -0.14854 0.122872029610334
2.84612 0.302116 -3.11438 1.21532257713364
6.79239 0.363865 -2.92793 0.727020298246944
