0.384542 0.564939 1.77418 0
1.15058 0.370783 -0.537305 0
0.178099 0.627591 2.85294 0
2.05887 -1.59587 -1.02225 0
1.13541 -2.6991 1.97823 0
0.395694 -5.70253 1.53582 0
0.296512 -9.74775 2.43918 0
0.571583 -5.25818 -0.260092 0
0.660874 -1.71798 -0.583417 0
0.386912 -2.23908 1.79355 0
0.223808 -0.971403 0.947439 0
0.257097 -1.29313 2.1592 0
0.281596 0.45627 -3.06797 0
0.315076 2.06057 0.93063 0
0.826292 1.11221 0.981294 0
1.02633 2.14334 -1.25357 0
0.38045 4.6205 -2.63179 0
0.321352 8.41334 2.15718 0
0.265031 7.99061 -0.867263 0
0.117124 7.36432 -2.69527 0
0.847889 6.55164 1.78196 0
0.693013 5.01796 -1.48472 0
0.420377 4.63525 0.446267 0
0.39668 2.89471 2.30459 0
0.165168 4.42209 -1.71544 0
0.187486 -6.05349 2.03694 0
0.237425 -7.68654 -2.09364 0
0.893543 -2.81881 -2.54421 0
0.295241 -3.27785 -1.52753 0
0.562446 -0.229719 0.339886 0
0.126074 -1.96024 -0.932497 0
0.53435 -0.234439 -3.10881 0
0.82134 -0.0421861 2.10236 0
0.213554 -0.889363 1.10113 0
0.431749 1.80816 1.77866 0
0.611333 3.48228 0.179869 0
0.191556 2.98092 2.02504 0
0.141627 1.64911 0.813909 0
0.100139 0.827246 0.827525 0
0.101903 -2.73546 -2.40328 0
0.610751 -2.19282 -0.709426 0
0.775988 1.55699 2.54908 0
0.841083 1.36353 -3.10577 0
0.514179 2.46482 -2.67669 10.4818637529391
