57.4301 0.291196 -2.97204 3.49085599542467e-14
0.284248 -8.69641 -2.38803 0
0.196457 7.93779 -0.243167 0
0.3224 0.970368 -1.63208 0
1.91048 0.351388 1.34979 4.45558515691422e-14
0.757873 0.600215 3.10112 3.60395712346633e-14
0.567209 -0.670668 0.586636 4.19297946475671e-14
0.176883 -4.29554 0.778103 4.33851303982743e-14
2.47484 0.235006 0.0195157 2.7043420497207e-14
2.93518 6.20562 1.65935 0
0.713816 6.77205 0.676356 0
0.313832 7.66357 2.61622 0
0.483555 6.64153 -1.22273 0
2.57833 1.11393 1.70913 5.0209122221637e-13
1.9684 0.878188 1.79832 4.87277692517436e-13
1.06633 1.12217 1.94859 4.92366255672982e-13
0.800185 1.01974 1.41064 5.07104836441804e-13
0.731578 0.452608 -0.397205 1.07214645666999e-13
0.335373 8.31763 0.468568 0
0.306745 2.7151 -1.5123 0
1.53127 0.305166 0.473614 0
0.462662 0.574067 -0.170524 0
1.12062 0.873444 0.791778 0
3.42823 0.307291 0.426758 0
4.89028 0.324502 0.360927 0
0.883821 -0.644333 0.905183 4.44856876562573e-14
0.257577 -0.924639 1.76731 4.13590884152856e-14
1.4865 0.707058 2.44633 4.16137037192453e-14
0.343165 -3.17218 2.48443 4.19457176215949e-14
0.435258 -1.95782 -0.92361 4.52517654966293e-14
0.0716286 -4.58385 0.213357 4.34120525324991e-14
0.518104 -6.17904 -2.11869 4.30964866794382e-14
0.544794 -5.77085 1.25554 4.31450172321092e-14
0.141258 -5.05295 -1.05843 4.32336750733588e-14
0.153915 -7.54084 0.261405 4.31392999040999e-14
0.424781 -8.62377 -1.5309 4.31248889042421e-14
1.1024 0.0997158 -0.410094 7.52311470717433e-14
0.110628 0.907104 -1.34745 4.05006277108916e-13
0.15424 5.09714 -1.72681 0
0.199638 5.98666 0.968979 0
0.0296192 2.67384 -1.54537 13.4176319974411
0.489486 -0.857787 -1.35618 2.0645009486868e-08
0.157562 -0.709226 -1.48982 8.75010990077069e-08
2.49098 0.105679 0.203967 3.17466511920357
8.98125 0.129829 0.27717 0.883866153200433
0.564568 -1.71133 0.0619563 0.44351387162231
0.0404476 -1.7706 -0.239728 6.1257214488528
0.460339 -1.03439 -2.62242 62.6137215099222
0.2428 -2.18947 -2.61103 41.6998977106863
2.68795 0.175162 0.478035 0.257640719816106
0.942841 0.301652 0.271905 0.712798557500796
1.02119 -0.408963 -0.340603 2.15246093565165
0.367458 -0.237249 1.07907 0.0205399821924057
5.40267 -0.120914 1.13438 0.00503309982384229
3.14144 0.0617255 1.12517 0.0359427279485582
1.93602 -0.0348789 1.17197 0.0213187713575801
2.30709 0.381406 -0.0356639 0.385708858262519
45.1545 0.0668669 -0.724927 0.0192861885143861
14.1206 0.0851738 -0.724657 0.0449798382267878
1.83717 -0.36376 1.00119 0.112368840068163
1.40596 -0.476281 1.05108 0.18388301341633
1.14119 0.456347 -0.0956144 0.24056362854933
1.3076 -0.111821 1.20266 0.24615947831943
0.793136 -0.393868 1.13321 0.107641009655652
0.0220814 1.13207 -0.374916 1.73692990369761
0.0409441 1.05029 -0.40224 1.62859040688199
