0.0741107 -6.57516 3.02453 0
0.397003 -7.32933 -1.7766 0
0.133596 -3.76093 -2.75372 0
0.572446 -4.02864 2.22165 0
0.296004 -3.75393 0.051498 0
0.2075 -5.6661 2.78215 0
1.74217 0.0464001 1.21404 0
0.556619 2.02422 -1.16913 0
0.116645 4.18677 0.186349 0
0.201636 2.97438 2.46216 0
0.504055 5.42133 -1.89341 0
0.550823 8.95371 0.760094 0
0.328059 6.84617 0.850826 0
0.214913 6.86162 -2.331 0
0.586074 6.66528 -1.45645 0
0.10939 -2.40724 0.701213 0
0.203637 -4.97092 1.78866 0
0.395475 -7.07933 -2.56083 0
0.27619 -3.92123 0.516073 0
0.607867 -5.56496 -1.10798 0
0.285881 -6.23337 1.04793 0
0.322129 -6.71806 -2.16642 0
0.502787 -6.96515 -1.12249 0
0.161199 -3.84482 2.6267 0
0.988827 -3.09981 -2.98046 0
0.304333 3.12925 -2.10366 0
0.469733 3.81094 1.93926 0
0.53919 5.91148 0.432496 0
0.374728 8.79641 -2.92497 0
0.168078 8.44775 0.768478 0
0.361684 6.95741 2.3265 0
0.399328 7.30335 -0.674497 0
0.518651 3.86188 2.96004 0
0.518423 2.54125 0.060159 0
0.312987 1.77948 -2.76398 0
0.204421 -1.22545 1.06726 0
0.257696 1.39801 -1.67156 0
0.244817 -2.02919 2.60367 0
0.162635 -2.50583 0.466777 0
0.404865 -3.76124 2.95794 0
0.544429 -3.1573 -2.55293 0
0.386485 -9.81011 -1.23496 0
0.218129 -8.74721 1.5303 0
0.302738 -8.12309 0.203973 0
0.21193 -2.545 -0.975487 0
0.397722 -2.42325 0.786668 0
0.166448 -1.97929 1.6562 0
0.583414 -2.6434 1.59533 0
0.0944904 -2.99961 2.81098 1.25008575543643e-08
0.16044 -2.69187 1.95905 2.01433159469041e-08
0.127631 2.29401 0.449808 4.60770876348827
0.347748 1.67757 2.76753 3.06035762918
0.55435 -1.5723 -2.03868 0.71305487554699
0.0576233 -1.18121 -1.65332 9.56773571815327
0.275996 -0.197844 1.88478 1.65178732571852
0.0442645 -1.61861 -2.78363 4.01012883955292
