1.39578 -2.78629 2.48697 1.23496203094045e-12
2.60653 -6.09494 0.863146 2.42668831226995e-14
0.508724 7.95931 1.99328 0
0.548362 -5.92484 2.65707 0
1.59474 5.28198 -2.80115 0
0.338785 -4.05522 0.435244 0
0.311586 -4.04864 -0.728623 0
1.08672 6.40657 -0.517376 0
0.955115 6.5995 1.74627 0
1.32425 5.85159 1.2574 0
1.54449 5.5887 -1.86249 0
0.874406 -1.89111 0.243678 0
1.93034 -1.51857 1.02969 0
1.46632 -2.22872 1.25753 0
1.29447 -2.71527 0.285185 0
0.619354 5.1827 2.6752 0
0.321934 5.17144 -2.1062 0
2.54972 4.4307 -1.03361 0
2.1288 4.5221 -1.22483 0
0.971015 4.04837 0.458707 0
0.446121 4.43026 -2.58413 0
0.775512 4.77 1.61185 0
0.459937 4.58752 2.71722 0
0.283411 7.06154 -0.652043 0
0.679675 3.72152 -2.09979 0
0.481315 -2.61639 2.22506 0
0.460637 -1.33331 -2.48905 0
0.207272 -1.41763 -1.36204 0
0.21176 2.30605 -1.79909 0
0.321032 1.63201 1.01875 0
0.470522 2.54234 -2.03124 0
0.860818 2.18175 2.19737 0
0.167002 0.55206 2.14115 0
0.609969 -1.73153 2.30623 0
0.516199 -0.996553 -1.045 0
0.329961 -1.74459 1.0456 0
0.184162 2.82666 2.28882 0
1.23771 1.67806 1.10296 0
0.624861 3.39491 1.34834 0
2.87123 3.08303 1.56931 0
1.26357 4.14271 1.80668 0
1.38811 4.0352 1.67463 0
1.0685 3.37791 2.68258 0
1.32805 3.2255 2.26463 0
0.357692 5.39136 -2.49137 0
0.642543 2.67386 -1.32813 0
0.240044 -0.166779 1.7421 0
1.96403 0.99079 -1.60005 0
0.451675 1.10657 -2.97438 0
1.53155 0.951063 -2.35789 0
1.09155 -0.0139753 -2.13382 0
2.02399 0.383468 -2.92842 0
0.309534 0.112285 3.01742 0
0.270021 -2.57255 -1.18128 0
0.523782 -1.8307 0.934631 0
0.555306 -2.15815 -0.117624 0
1.7906 -1.37142 0.785737 0
0.912237 -4.69967 -0.996773 0
1.5895 -4.10664 -0.670932 0
1.17525 -4.742 -1.34121 0
0.293232 -5.51389 -3.03793 0
0.641777 -5.38571 1.76979 0
0.292384 -3.53306 0.117424 0
0.325138 -5.42202 1.33939 0
0.299265 -3.88116 2.00774 0
0.769971 -4.82935 2.19722 0
2.75144 -2.69308 -2.36543 0
0.862994 -4.76292 -1.55044 0
0.272767 -5.30785 -1.50365 0
0.202408 -5.0703 0.989859 0
0.328224 -4.95243 -1.00343 0
0.262307 -5.4907 -0.344194 0
0.300081 -4.13018 -0.35397 0
0.205082 -4.33345 0.814996 0
0.175831 -3.63297 -0.108639 0
0.758175 -0.496323 0.103232 0
0.944926 -0.629233 0.109601 0
0.175368 0.94059 -1.68942 0
0.210201 -1.53696 2.46481 0
0.138367 -6.60146 -0.0775365 0
0.157601 -7.10059 -3.08152 0
0.785045 5.64861 3.08542 0
0.442205 -6.45553 -2.54492 0
1.60029 -5.11306 2.81515 0
0.699896 -5.52658 0.0435438 0
0.246303 -0.617377 0.547237 0
0.270331 -2.09311 -2.14246 0
0.280073 -4.5932 2.85399 0
0.299642 -6.33723 2.18951 0
0.377928 -3.83293 -1.51737 0
0.499542 -2.13029 -0.0146847 0
0.407771 -3.78666 0.485765 0
0.493944 -3.34779 0.211877 0
0.230558 -3.41022 2.17565 0
0.143925 5.39675 1.10193 0
0.591102 6.35246 -1.31293 0
0.19963 5.184 -2.67986 0
1.2063 -2.75403 0.802783 0
0.372482 3.14496 1.03817 0
1.52616 4.49639 -0.406925 0
0.435286 4.79944 2.73736 0
0.495309 3.55343 -3.13159 0
0.182628 3.68313 -2.25009 0
0.525744 8.19861 2.17616 0
0.301465 3.31409 1.93821 0
0.342122 0.88928 2.84026 0
0.190831 -0.236357 -0.760922 0
0.32601 -0.353684 2.95753 0
0.397651 1.01127 1.946 0
0.40653 1.19704 2.8711 0
0.0725258 -1.08531 -0.802635 0
0.171682 1.14919 1.07765 0
0.867831 0.120027 2.98861 0
0.108426 -1.59232 1.04933 0
1.51241 2.35817 2.3783 0
0.894874 2.20675 2.15873 0
0.126719 2.73999 -2.47675 0
1.39868 1.98972 1.34831 0
0.76716 1.66253 1.41966 0
0.138087 2.23518 -0.367898 0
0.873319 4.76151 -2.16517 0
0.552199 5.39346 -2.87081 0
0.351412 4.939 -0.676828 0
0.78945 1.57274 -1.98254 0
0.384541 0.401376 -0.641359 0
1.06861 0.597505 -2.56901 0
0.383186 1.45058 -2.62095 0
0.460867 -0.0528961 2.72273 0
0.536404 -0.960728 2.28733 0
0.328087 -1.35109 -2.27038 0
0.332868 -6.20606 -2.7128 0
0.228091 -6.46829 -0.379069 0
0.581029 -6.3855 -1.76629 0
0.185673 -5.12399 -1.94824 0
0.713882 -5.52164 3.09569 0
1.56206 -3.30879 -2.92347 0
0.391519 -2.19438 -0.652674 0
0.244785 -2.88833 -1.18179 0
0.688734 -0.96163 0.257766 0
0.564596 -0.428361 2.19371 0
0.18687 -4.79184 0.0837888 0
0.630505 -5.36394 -1.72833 0
0.404907 -2.64025 -1.92363 0
0.566828 -0.327721 -0.462447 0
0.215078 0.835255 -0.410371 0
0.15024 -5.66977 2.9953 0
0.0874368 -7.20937 -1.50712 0
0.631139 0.614517 -0.409975 3.08903197465752e-08
1.45393 0.434157 -0.550129 3.25804245790151e-08
0.205485 -6.99778 -2.60806 0
0.194882 -8.34048 -2.61236 0
0.130953 -6.57441 -1.84473 0
0.333328 -6.06 1.70694 0
0.87619 -2.46297 -0.635467 0
0.758907 -2.46968 -0.0318286 0
0.981588 -2.47225 1.22797 0
0.101419 -3.19786 2.10027 0
0.257806 1.40002 2.36607 0
0.754823 2.16588 1.71267 0
0.454522 4.11008 2.16271 0
0.137545 4.48772 -2.56183 0
0.197751 5.39893 -0.768178 1.49350476605471e-06
0.0481475 5.33062 -0.495937 2.41503705580135e-06
0.128285 2.36723 1.99966 30.5369100739575
0.139169 2.3172 -2.33413 8.92678978590932
0.35392 1.70845 2.04544 0
0.320905 1.64152 2.08057 0
2.35107 2.20108 1.46978 6.02499800263545
0.219851 3.50188 2.10295 0
0.158765 3.02712 0.00141514 0
0.0357753 3.1544 2.55627 0
0.354293 2.48984 -1.95842 0
1.15523 1.60667 -0.817886 0
0.24842 1.82913 -0.334774 0
0.513549 -3.62941 2.9997 0
0.5418 -3.7851 -2.77544 0
0.538123 -2.89114 -1.76543 3.15994676445044
0.08634 -1.67893 -2.28097 0
0.361654 0.292146 -1.03825 0
0.0468522 -0.907637 -0.0647852 4.69518906345547
0.210153 -2.26747 0.666211 0.312208584700775
0.0118934 -2.61659 -3.13263 4.05708994731083e-05
0.00665679 -3.04183 -3.11464 3.4382338581583e-05
0.296155 1.51784 2.15591 7.65196486033149e-06
0.000334525 -1.43259 -1.42645 3.84606377951536e-05
0.20276 -1.69573 1.3398 13.5500917260513
0.496946 -1.94679 0.523377 1.24566256677847
0.30551 -2.27237 1.57466 1.47851105203725
0.0854749 -3.63337 -0.449912 16.6984449057366
0.618217 -2.53804 0.907791 6.87065306516215
0.367603 3.5164 2.7708 3.67089470054787
0.102434 3.51591 -1.06092 13.1435659052402
0.329745 0.225981 2.62399 48.6090792321546
0.347187 -0.888025 2.91762 33.2824683932501
0.94992 -3.67549 0.594747 0.135787295897197
0.150588 2.46782 2.7221 5.88210702678203e-09
0.181341 1.42665 2.00416 3.25414826462752e-08
0.986139 3.50145 -1.98608 0
0.435195 3.75827 -0.930468 0
0.652409 -5.56923 -0.570563 0.00157217155971606
0.26903 -3.69537 -0.264445 8.94925315251039
0.233565 -4.98905 0.310493 2.8095019732981
