0.131201 -4.14363 -1.56149 0
0.403875 -8.09052 -1.93858 0
0.613876 -2.78283 0.909332 0
0.868834 -3.03863 0.275308 0
1.70303 -3.66292 -1.53902 0
0.918153 -3.62531 -0.883821 0
1.89763 -2.83897 -1.58506 0
0.396079 -1.95046 4.85168e-05 0
0.754765 -7.66636 -1.92287 0
0.554664 -5.6591 1.01893 0
0.68136 -1.35074 -2.96414 0
2.50211 -1.25097 1.55302 0
1.31199 -0.693602 0.917731 0
0.931891 0.436526 1.5413 0
0.566979 0.948289 0.991952 0
0.450841 0.963819 -3.10367 0
0.550875 1.83427 -2.12613 0
0.517223 0.173931 -0.359195 0
0.839203 2.14114 1.79618 0
0.392842 2.56842 0.89652 0
1.69865 2.76284 1.54357 0
0.730628 2.02272 2.30393 0
0.215445 -0.169727 1.07474 0
3.08954 1.27994 -2.72907 0
4.56472 0.997142 3.12741 0
0.618495 0.993367 2.827 0
0.428459 4.34597 -0.458316 0
1.69681 -4.07284 -2.43073 0
0.27055 -3.23615 -0.601394 0
0.98268 4.48354 2.03423 0
0.59199 4.98468 1.45532 0
0.547907 5.08976 1.68892 0
1.32611 4.27025 1.41376 0
1.84393 4.52116 1.84371 0
0.236763 4.8099 0.0994572 0
0.411652 6.03178 0.204916 0
0.812991 5.25885 1.82277 0
0.857685 6.02998 1.33902 0
1.11962 5.51164 -1.89521 0
0.0866665 7.14448 1.50469 0
0.459411 5.59482 -1.53412 0
1.25823 4.26902 -1.58202 0
0.763505 4.28899 -2.10004 0
0.0824058 6.54969 -0.154631 0
0.191312 4.02389 -3.04845 0
0.329536 3.61657 -0.559844 0
1.47212 3.99477 -1.23377 0
0.446663 2.74914 -1.33357 0
0.682249 2.07307 -1.66366 0
1.43628 0.735808 -0.224839 0
6.69857 1.03144 -0.325735 0
1.64186 1.42081 0.255638 0
1.06267 1.57096 0.516067 0
0.678689 1.17595 0.746179 0
0.51231 1.08774 2.68499 0
0.154613 0.926966 2.94568 0
1.09819 -0.737842 -1.43873 0
0.758611 -0.63232 -1.03669 0
1.01262 -0.295764 -1.27658 0
0.324293 -2.04773 0.656533 0
0.407687 -3.37769 0.786589 0
0.152558 -4.71151 1.48406 0
0.664672 -5.33474 1.91537 0
1.34835 -5.24041 1.55265 0
0.113625 -6.80404 1.27761 0
0.213474 -4.8183 2.08748 0
0.177663 -4.95894 -1.53092 0
0.610791 -3.13857 -1.15291 0
0.607264 -3.16943 -1.2123 0
0.630103 -0.753573 -1.71593 0
0.201099 4.31499 1.06801 0
0.359205 3.96404 2.39745 0
0.651643 6.11667 0.52842 0
0.770977 5.7163 -2.30778 0
0.908148 6.27791 1.26184 0
0.64914 7.21097 -0.802327 0
0.705293 -6.57011 1.46568 0
0.228269 -5.56087 2.70034 0
0.532152 -3.66633 -2.83893 0
0.125736 -5.86518 -1.00022 0
0.487844 -3.50689 -0.867974 0
0.310693 -2.41825 -0.487581 0
0.206529 -2.23647 -0.604015 0
0.90079 -2.6308 -2.12769 0
1.17409 -2.39178 -1.68321 0
0.226163 -0.557465 -2.64233 0
0.71639 -5.51316 -2.8606 0
0.393941 -4.93701 1.72273 0
0.258283 -7.43088 1.70888 0
0.493825 -6.29849 -2.07037 0
0.984525 -6.13929 -1.85922 0
0.0402946 -6.42819 -0.441413 0
1.53006 -3.78776 3.08927 0
0.148836 -1.06951 -1.62791 0
1.5575 -2.11742 2.98492 0
1.21187 -0.775479 1.25768 0
0.174953 -0.14946 0.137666 0
0.73489 0.752769 1.78913 0
0.791409 -0.0819907 -2.0686 0
0.463155 1.80226 -1.37783 0
0.039637 5.44608 0.249717 0
1.43987 2.58023 1.58017 0
0.292631 1.96611 0.797112 0
0.0509245 2.67187 2.26007 0
0.343023 1.38695 2.2639 0
2.13479 1.93704 1.56278 0
0.260331 3.368 -0.862136 0
0.235441 1.1612 -0.157521 0
1.03511 2.24737 0.30609 0
0.485485 3.23416 -0.319547 0
0.35285 3.91186 1.37631 0
0.689887 4.416 1.44563 0
2.08985 5.04663 1.24264 0
0.80779 5.40107 -0.187708 0
0.0874573 5.30436 -2.06315 0
0.842553 7.54486 0.773246 0
0.317131 6.13358 -1.52625 0
0.317199 4.99164 2.64862 0
0.238298 5.60749 -2.80114 0
0.49497 5.56752 2.87502 0
0.638643 3.52948 -1.44421 0
0.926164 2.68179 -2.3291 0
1.29528 0.904248 -0.453974 0
2.49898 1.07357 -0.173324 0
0.383806 -0.63434 -1.76645 0
0.0311944 -3.73374 -2.84025 0
0.215622 -0.533739 -0.490065 0
0.626071 -1.83912 0.217557 0
0.157152 -3.5311 -1.28174 0
0.0297721 -3.26954 -3.11023 0
2.03941 -1.99393 -0.199953 0
1.50689 -2.40526 1.14429 0
0.406135 -1.89196 0.158345 0
0.625079 -4.50368 1.69148 0
0.262052 -5.24577 2.40945 0
1.19924 -4.42622 1.40599 0
1.14087 -5.71663 2.51071 0
0.31144 -5.5052 -2.89004 0
0.594011 -5.98315 -2.98842 0
0.184748 -2.57766 0.435583 0
0.673614 -1.20453 1.50941 0
0.327464 2.55571 -0.381552 0
0.211448 -5.74915 0.725189 0
0.28699 -7.09427 1.00769 0
1.06334 -3.34994 -2.31883 0
0.425297 -3.78285 -1.74466 0
0.19202 -5.12443 -0.119162 2.16735287705488e-08
0.0703994 -5.03229 -0.208303 1.07032097656578e-08
0.587871 -3.99426 -0.607831 0
0.149785 -4.40622 -1.04262 0
0.391748 -6.72577 -2.74184 0
0.756301 -6.7375 -2.39603 0
0.56325 -2.11172 2.53701 7.73670995504699e-08
0.530322 -1.85802 2.13284 6.3285471313737e-08
0.374702 -1.29966 2.00238 0
0.206365 -1.0796 0.740901 0
0.191415 3.13534 -0.647326 0
0.275789 2.57771 0.249297 0
0.298459 2.73034 2.76878 1.26471552777052
1.02914 7.08115 -1.2572 0
0.166457 6.48297 -2.89288 0
0.353196 4.35988 -2.29602 0
0.493968 4.13591 -1.34744 0
1.37646 1.20042 -0.425537 0
0.230451 1.33107 0.0303518 0
0.240633 -6.55181 1.05961 0
0.166944 -5.75924 2.69292 0
0.0899963 -1.05453 -1.63917 1.43165169367344e-05
0.0484964 -0.74277 -1.00238 8.08982812495912e-06
0.253781 1.13508 1.98816 13.8995430650981
0.27669 -0.0373981 2.93256 21.8740004476494
0.109201 0.0666939 -2.11181 2.95508793928441e-05
0.065254 -0.109744 -2.15143 2.44764605475917e-05
0.217898 5.62502 -1.42671 3.56820622996112e-05
0.271701 5.63383 -1.47434 3.17752577027065e-05
0.283595 2.3309 -2.5015 5.49848205048352
0.159182 3.07204 1.58374 4.71408962609963
0.522444 3.37807 0.110265 0.0304293706486195
1.24721 3.09721 0.525935 0.0168138020201543
0.232401 3.47031 2.97572 9.55406147775853
0.52569 3.17709 -2.11692 5.66475421183881
0.578948 2.33096 -1.02686 3.94495998874439e-07
1.12724 2.28167 -0.77724 7.80097191124531e-08
