0.565692 6.32022 -0.477885 0
1.57673 4.26673 3.14141 0
1.31813 3.64575 2.71467 0
0.0770604 -1.28004 1.58752 0
2.07495 0.778138 -3.08084 0
0.274297 0.674219 1.60568 0
0.982241 0.0825459 -2.06902 0
1.74741 -1.62343 2.84254 0
1.25361 1.15688 0.684336 0
0.716588 1.86884 -0.00553822 0
0.782453 -0.525255 -0.72275 0
1.12897 -0.194229 0.294795 0
0.807715 -0.108561 0.680756 0
0.573014 -0.344516 -1.03314 0
2.36581 -0.25698 -1.00668 0
1.43095 1.2418 -0.530549 1.17899213347218e-15
2.83784 0.788448 -0.315981 2.3377821430537e-15
0.808507 1.21439 0.185555 0
0.815796 1.16245 1.73152 0
3.12594 1.76704 3.06599 0
0.556365 2.27528 2.91008 0
6.94777 1.69767 3.04091 0
1.98209 1.11063 -2.62406 0
1.65684 1.56051 -2.54868 0
0.395061 1.12222 1.41137 0
1.3802 1.4416 -2.11181 0
0.740444 1.64438 -2.23341 0
0.77031 0.540071 2.30295 5.30884641814162e-15
0.3279 1.40066 -0.518438 8.61952939122071e-16
0.242667 1.74301 -0.99987 1.59819181962321e-15
0.795769 2.16497 0.123669 1.0948515953191e-15
0.24258 1.62943 -0.115732 1.90685459227383e-16
0.844661 2.05283 0.427593 0
0.397842 3.73764 2.0081 0
0.558693 5.64168 -1.80121 0
0.594284 5.55776 -1.72728 0
0.603645 7.00205 0.475742 0
0.51775 6.57109 0.660685 0
0.231901 7.1065 -0.0425991 0
0.407871 4.37071 -0.369469 0
0.123335 4.02296 -0.0115902 0
0.237985 -2.02534 0.431759 0
0.660721 -3.19094 1.48627 0
0.615579 -3.30742 -2.41718 0
0.700768 -2.76446 1.40811 0
0.883488 -3.87379 1.41835 0
0.65594 -5.05211 -0.750673 0
0.507653 -8.78851 -2.7793 0
0.463625 -8.22908 -2.98656 0
0.184533 6.51888 -2.85098 0
2.32881 3.71628 -1.43516 0
0.0274738 5.42904 -0.478643 0
0.5467 2.96949 2.69547 0
1.11723 2.30648 -1.1257 0
0.484881 1.95906 1.88543 0
1.06144 -1.11878 -3.05335 0
1.60714 -1.10176 2.8384 0
0.938581 5.28713 -1.18065 0
0.523596 1.74165 3.10655 0
0.368231 2.47906 -1.15503 0
0.809775 -1.30921 -2.93563 0
0.203466 -1.6484 -2.74036 0
2.97046 -1.73692 -2.91867 0
0.620099 -2.70062 1.75483 0
0.287453 -3.45076 2.2617 0
0.263711 -3.52667 -2.61163 0
0.687633 -2.71155 2.32378 0
0.458418 -6.20412 -1.17008 0
0.659408 -4.20332 -1.48737 0
0.463897 -6.07416 -2.33348 0
1.05367 -5.94146 -2.14736 0
0.583418 -4.5586 -2.35952 0
0.660147 -3.86023 -0.798831 0
0.282182 -3.45361 -3.08121 0
1.2108 -4.11414 -2.24247 0
0.390105 -2.57907 -2.6639 0
0.570987 -1.38568 2.44355 0
0.547676 1.25348 1.85542 0
0.143297 0.0184169 0.0474493 0
0.876393 2.16882 1.33206 0
0.444389 -7.33083 0.494791 0
1.16801 -3.76102 0.973158 0
0.795029 -3.2128 1.21288 0
0.0772575 -1.47671 -0.569431 0
0.255754 0.325147 -1.99384 0
0.442917 0.30636 0.965797 0
0.712804 1.00624 1.38544 0
0.338877 4.80786 1.39553 0
0.422643 3.73206 2.9862 0
0.195716 5.79336 -1.1189 0
0.191173 5.25296 1.96246 0
0.0307904 8.76489 -2.13554 0
0.386822 4.10811 -2.59164 0
2.49956 4.07237 3.03624 0
0.818193 4.74669 -2.58759 0
0.878195 3.35548 3.05345 0
0.382793 3.37827 -1.90228 0
0.310189 -5.05095 2.64854 0
0.18929 -4.95434 0.673114 0
1.52729 -1.75259 1.14091 0
0.525654 -0.0527639 -2.43942 0
1.31682 -1.00371 -2.06184 0
0.528532 0.304907 -1.87479 0
3.20799 -1.28971 2.08122 0
1.38585 0.245612 0.827028 0
0.305502 2.36458 -0.335854 1.21800827857557e-15
0.475116 0.990414 1.43031 3.93612272966746e-15
0.212636 2.12834 0.0414205 1.0070934336522e-15
3.47167 1.40281 -0.272938 4.36854350072233e-16
1.35936 1.0129 -0.546375 1.79795924868398e-15
0.230626 0.942639 0.256865 0
3.77464 1.90624 -3.01357 0
0.389638 1.33439 3.10984 0
0.411739 0.633555 -2.09062 0
0.497724 1.09661 -2.46977 4.41416183781617e-15
0.545371 0.668439 1.54241 4.71713415702202e-15
0.354633 0.856836 -0.619541 2.38590040721004e-15
1.17109 2.06739 0.178503 1.04951786021961e-15
0.194819 2.46091 -1.19395 1.84777097068361e-15
1.40648 2.69954 1.16132 0
1.49959 2.65514 0.6815 0
1.05757 2.36337 0.73358 0
0.372465 3.28125 -0.0231984 0
0.742342 4.60893 -0.100493 0
0.433613 3.81451 -1.61568 0
0.169223 8.15114 1.66321 0
0.0694949 -0.714184 1.56523 0
0.517672 4.96511 -1.17268 0
0.265079 3.989 1.05971 0
0.542117 2.61184 0.902076 0
0.724252 2.33313 -1.09404 0
0.548208 2.32636 0.783308 0
0.364864 2.03628 -0.699905 0
0.176908 0.275869 -1.96228 0
0.822464 4.73502 -1.1924 0
0.138798 4.20251 0.82537 0
0.175705 4.57173 -2.64845 0
0.812374 2.37727 1.26598 0
1.72594 -3.09951 1.71305 0
0.261594 -2.213 1.63574 0
0.180823 -2.7502 2.73743 0
0.938359 -1.25306 3.09558 0
0.135937 -2.27468 1.02528 0
0.360663 -3.2869 2.18972 0
1.43022 -3.93013 1.64764 0
0.154225 -3.45274 2.18016 0
0.262274 -5.53713 3.13079 0
0.501213 -3.9045 -0.158109 0
0.76731 -4.5325 -1.52866 0
0.322332 -6.27098 -1.14248 0
0.271178 -5.84884 -1.32964 0
0.315813 2.18182 -0.294691 0
0.521266 0.940558 1.25469 0
0.607645 -4.83518 -1.64068 0
0.27333 -0.542863 0.0345311 0
0.351023 -2.08652 1.55208 0
0.263783 0.335518 0.643964 0
0.553161 1.18755 1.86197 0
0.36856 0.350261 2.88427 0
0.429646 4.88216 2.6106 0
0.343015 8.85657 1.84697 0
0.316746 7.65515 -1.89156 0
0.522882 3.48001 2.08749 0.242422327094046
0.321322 3.17133 -2.85319 0.211172293263483
0.187403 1.87269 0.785855 2.16869811029343e-10
0.484829 -0.0337705 -1.26762 1.90782906188083e-08
0.219721 0.0150977 -2.14373 3.95400940450177e-08
0.249099 1.5277 -2.70715 2.66380092148803e-06
0.0840857 1.20827 -2.7013 8.54581696214351e-06
0.245829 1.03329 1.25061 0
0.251535 1.33271 1.39767 0
0.192532 1.92722 0.507844 0
0.238299 0.812338 1.55761 0
5.99039 0.38953 2.91769 0.0177907381245422
4.11867 0.153121 2.65901 0.0275340134579462
0.178745 1.6453 -0.290095 2.76303441587941e-16
0.287525 2.09783 1.34729 2.4210795781353e-15
0.392563 2.88415 -0.286081 0
0.235706 4.11376 -1.04112 0
0.124459 7.4952 1.55463 0
0.455527 6.34265 0.976646 0
0.0995923 -2.01229 0.934503 0
0.493805 -2.06106 0.791285 0
0.206814 -5.45006 2.93716 3.2979406519394
3.7472 -1.02873 2.88456 0.734884084427063
0.162279 1.13596 -1.09421 0
0.49405 0.713797 2.87005 0
0.202267 -4.04557 3.04191 0
0.2147 -3.21486 0.320685 0
0.103312 0.184278 0.0943238 0
0.273728 -0.709714 -0.980098 0
0.263224 -7.54756 -2.2331 5.17375998199894e-08
0.146394 -8.59995 -2.46079 2.73877679478323e-08
0.455108 -5.24298 0.373321 0
0.268218 -6.04709 0.345006 0
0.0450599 -5.62904 -3.03896 2.25574064790031e-07
0.353115 -4.21847 2.68025 7.48251283446385e-08
0.339318 1.2356 1.3507 0
0.0889724 2.24937 1.99024 0
0.0795779 7.24519 -1.87032 0
0.187554 8.33943 -1.32107 0
0.881748 1.20575 -0.458323 28.927518060685
1.84671 0.978731 -0.237318 16.5915414550723
1.43109 0.766984 -0.496327 5.55799623336114
0.616332 0.81084 -0.074578 12.5524049097295
3.80849 0.828501 -0.676479 9.44678917067348
11.4533 0.885447 -0.676242 3.01606991941905
1.8406 2.65397 2.8028 0.120016724757864
0.679545 2.60583 3.01473 0.169950213486307
1.09192 1.83388 0.351924 0.0182716596601523
0.543087 1.31472 1.10659 0.0481984595909678
1.4865 2.05803 0.731894 0.00568557780614208
0.104835 1.89953 2.01728 0.0595489121463303
0.214457 -0.974731 0.0532151 0.266486795722463
0.0515676 -3.90713 2.85757 0.218881115961957
1.53971 -1.4573 3.0452 1.67585810952598
0.137682 -0.661918 2.67139 3.64756213783813
