0.27582 10.8348 -1.67472 0
1.33666 -6.53871 2.12927 0
0.490002 -4.79194 -1.0169 0
0.77492 -7.27995 -1.79308 0
0.0913428 -5.00622 -1.40232 0
0.508715 -6.64799 3.08484 0
1.49239 -6.65335 0.121283 0
0.706982 -7.78401 2.15107 0
0.682218 -8.96151 1.34859 0
0.308009 -6.45025 2.80024 0
0.327739 -7.11469 0.0586549 0
0.172501 -3.98728 -0.0151135 0
0.45987 -4.69284 -2.4773 0
0.629199 -5.58122 -2.6609 0
0.870808 -5.31652 0.430971 0
0.47138 -7.39614 1.39008 0
0.272874 -4.87356 -2.66004 0
0.131687 -5.50896 0.170393 0
