2.02285 -6.46475 -1.17082 0
0.828362 -1.72784 -0.486068 0
2.61788 -5.81158 3.00971 0
3.25112 -5.25053 1.75309 0
4.79426 -4.9123 1.61452 0
7.58874 -4.91898 1.8129 0
0.713924 -2.40994 -1.74491 0
0.947417 -2.59099 -1.00005 0
0.225741 -3.02465 0.298922 0
0.658967 -2.48998 -1.48996 0
0.724529 -3.40724 -1.53869 0
0.564157 -3.42297 2.55536 0
0.940321 -6.01639 -2.73646 0
0.839105 -1.99279 1.24787 0
0.382654 -2.05105 1.60693 0
0.0760913 -3.37853 -0.627441 0
1.27259 -0.890389 0.20803 0
1.67797 2.51495 -0.660259 0
1.3544 0.117322 -0.0522922 0
0.196392 -1.04872 -0.199856 0
0.262218 -1.45801 1.3943 0
0.44318 -2.16726 -0.333817 0
1.3074 -2.63417 -1.1506 0
2.42315 -2.41472 -1.12261 0
0.466052 6.01231 -2.43494 0
0.7482 5.60104 -1.56774 0
0.725874 4.68481 -2.113 0
2.61072 4.44639 -2.48779 0
0.26273 1.45488 0.488837 0
0.348369 0.0554023 0.129182 0
0.312503 -0.215447 1.22803 0
0.346701 -4.48782 -2.58407 0
0.547657 -2.88744 2.56892 0
0.497661 -2.65016 1.41212 0
0.356076 -1.29429 -2.59202 0
0.0986099 4.22539 -2.77197 0
0.740794 5.00735 -2.51892 0
1.29385 6.57518 0.40683 0
0.193778 5.78106 2.82926 0
0.528649 -1.59079 1.26855 0
0.843327 2.95105 -1.53137 0
2.04766 3.18649 -2.4619 0
0.141512 4.22437 1.36039 0
0.208275 3.81662 -0.98544 0
1.71447 3.35479 -2.34237 0
0.376684 3.14666 2.96236 0
0.229742 5.36231 -0.937638 0
0.730939 5.71964 -0.0214967 0
0.121844 7.22544 0.723047 0
1.02559 -6.53502 -0.416487 0
0.197989 -1.07179 -1.37541 0
0.224268 -2.98762 -2.56876 0
0.34885 1.10622 -0.271972 0
0.272729 1.24126 -1.92092 0
0.284158 2.0549 1.30352 0
0.544283 3.41594 2.4673 0
1.46341 -6.84354 2.11985 0
1.0906 -6.36958 2.0832 0
0.0912267 2.31053 0.379189 0
0.435192 2.98239 1.42413 0
0.698566 3.66602 2.92135 0
2.40363 5.84378 1.83188 0
0.544377 6.19184 0.687748 0
0.28477 6.16793 -2.74039 0
0.343037 5.73125 2.62177 0
2.10335 4.69824 1.30795 0
2.29729 4.43704 1.48958 0
0.470245 -1.77155 2.9148 0
0.182074 -3.99026 -2.3329 0
1.79407 -2.21908 -0.959364 0
1.16045 -2.22554 -0.35741 0
0.881127 -2.06609 -1.32615 0
0.246432 -3.82296 -1.41172 0
0.686081 -3.81249 -2.19998 0
0.744292 -4.59975 -2.80863 0
1.01085 -4.93401 -2.24334 0
0.395028 -0.993134 -1.84021 0
0.366129 1.36453 1.65316 0
0.310712 -1.26116 0.222216 0
0.942636 -2.35933 -0.428091 0
1.08147 -1.77417 -0.741999 0
0.493566 -2.61515 -0.614284 0
0.794106 4.78156 -0.414957 0
0.961855 4.99105 -2.07781 0
0.289689 4.83283 -0.707124 0
0.721329 4.06309 -2.6137 0
0.832751 3.16718 -1.95516 0
0.307201 1.96385 -0.597853 0
0.940923 0.872398 0.456158 0
0.241267 0.548929 1.6151 0
0.419132 -3.75656 -2.47314 0
0.439834 -4.67594 0.857966 0
0.122557 -3.29341 0.810789 0
0.276836 -3.0416 -3.03191 0
0.893563 2.62256 1.83466 0
0.582238 2.62098 -0.900712 0
0.537244 5.41307 2.18397 0
0.386264 4.64671 -0.630718 0
0.616101 8.01537 1.03068 0
0.362242 6.57449 -0.316226 0
0.0979014 4.57946 2.29608 0
0.858471 3.73175 -1.25658 0
1.3165 3.30259 1.62069 0
0.0882728 6.65805 -0.650654 0
0.939398 -5.18287 2.7833 0
0.12674 -4.90618 -1.19839 0
1.01344 -2.89837 0.00944798 0
0.400006 -3.4305 2.80792 0
0.553148 -1.89514 1.19742 0
0.353971 0.926267 1.90298 0
0.305056 4.41064 -1.96855 0
0.407644 4.4219 1.14326 0
0.12986 4.23338 -3.00509 0
0.267239 -5.07492 -2.30041 0
0.473632 -3.64747 1.76534 0
0.566009 0.0850757 -2.40478 0
0.46219 3.05362 -1.65966 0
0.473761 5.96261 1.20578 0
0.768189 5.34839 1.76853 0
0.461011 4.94205 2.43098 0
0.101353 7.32664 0.972255 0
0.499435 5.89985 2.42312 0
0.270829 4.91091 0.0733674 0
0.121287 7.06953 -1.04551 0
0.717179 -5.012 1.85817 0
1.31195 -4.89315 1.60543 0
0.591261 -5.56811 2.52545 0
0.579116 -5.43697 2.0052 0
0.0860899 3.23419 0.0846228 0
0.201553 1.28728 2.19011 0
1.19314 1.94874 2.95819 0
0.353638 1.14066 -2.67642 0
0.134572 -0.957222 0.906173 0
0.63577 -1.10553 0.259819 0
0.167439 -2.17212 -1.27524 0
0.332158 -2.36471 -1.17926 0
0.18944 -2.28989 -0.0688167 0
0.0718144 -4.97253 0.875472 0
0.11506 -1.47621 0.0666719 0
0.0299796 0.214518 2.03264 0
0.366953 2.10838 -1.67771 0
0.253767 2.27074 -2.53287 0
0.0352768 5.92662 0.0328027 0
0.382809 5.53559 -1.03161 0
0.0343217 -4.16381 0.371195 0
0.216916 -1.55146 2.36402 0
0.0419856 5.25051 -2.00683 0
0.479153 4.88467 0.127382 0
0.0163164 -5.51909 2.10704 0
0.418714 -2.07175 -2.72589 0
0.667567 4.76474 1.03357 0
0.201614 4.6921 2.18475 0
0.558925 -2.31507 -1.39125 10.2632063814458
1.65608 -2.36581 -1.00073 3.30409010554445
0.191641 0.839166 2.4782 43.3795589804685
0.205156 0.163736 -0.238369 54.8326264400936
0.941145 -2.09561 -0.901136 0
0.49245 -1.72651 -0.296157 0
0.0371144 3.02418 -0.0306617 2.497353182197e-05
0.0806756 2.97395 -0.0336538 2.33732569403652e-05
0.386722 1.8952 0.756638 10.2582970050296
0.0735306 1.62438 2.76356 98.1559347769922
