38.0593 1.03218 -1.24793 1.44081938030603e-14
0.40692 -6.9188 -0.554754 0
0.536406 -0.120502 -1.66811 0
0.799598 -1.92593 0.357776 0
0.149153 -0.491521 -3.12818 0
0.445436 1.04337 -1.6168 0
0.33428 -1.77637 1.0199 0
0.160573 -1.44875 1.22204 0
0.277758 -1.70561 0.388003 0
0.392591 -4.86863 1.82317 0
0.135903 -6.41352 -0.415571 0
0.567507 -6.36552 -0.214641 0
0.657347 -6.36309 -2.6364 0
1.10527 -7.27414 -1.90965 0
0.392469 0.243131 -2.81029 0
0.45986 5.94471 2.89107 0
0.351286 6.71511 2.80736 0
1.19502 7.82938 0.937079 0
0.268736 7.73895 1.89193 0
0.501617 -3.67565 -2.384 0
0.592845 0.282669 1.49159 0
1.71227 0.927997 0.740768 0
0.2993 1.22252 -1.74005 0
0.450195 3.59958 -2.74158 0
1.85975 2.74612 2.40774 0
1.01768 4.96249 -1.70026 0
0.6542 6.31762 1.442 0
0.31074 6.37415 -1.97354 0
0.585286 6.87251 -3.0329 0
0.444324 4.02586 0.66954 0
0.915877 -0.719398 -2.05822 0
1.0765 -0.415702 -1.30544 0
0.289777 -1.66445 -1.9184 0
0.176378 -3.87671 0.31793 0
0.466797 -1.67261 -0.0640359 0
0.314123 -9.00367 -2.08435 0
0.254642 -4.71915 0.542397 0
0.687029 -5.51072 -3.07234 0
0.177677 -2.6773 -0.813787 0
0.79113 -1.95951 1.99396 0
0.44569 0.949656 -2.49988 0
0.833352 0.962794 -1.51539 0
1.03398 1.86525 -1.4262 0
0.375384 -2.78487 0.567171 0
0.372941 -3.09697 -2.79727 0
0.188145 -8.09834 -1.49045 0
0.420218 -6.27768 0.828125 0
0.344907 -1.00874 -0.547039 0
0.431556 -0.0806216 1.31572 0
0.516596 2.53946 2.97802 0
0.175141 3.53231 -1.48125 0
0.322947 2.80236 1.54802 0
0.0925261 -4.03635 -1.7187 0
0.36603 0.19219 -0.456268 0
0.326294 2.804 -0.527472 0
2.06924 3.84364 2.98917 0
2.93995 4.02482 -2.86159 0
0.320017 4.42885 -1.44979 0
0.49882 5.10735 -2.11094 0
0.124485 6.89006 1.31471 0
0.0989627 -2.54777 1.48472 0
0.401885 -1.2215 -2.0115 0
0.138002 -0.476492 1.6308 0
0.718378 0.218675 1.5906 0
0.167486 5.79857 1.13639 0
0.204497 6.19319 -0.958818 0
0.0354744 3.61853 1.60252 0
0.236826 4.11214 -2.85732 0
0.126248 6.35969 -0.508002 1.85322164346706e-07
0.340811 5.3192 -1.5245 1.94514119001948e-07
0.296491 6.93745 2.58792 1.86037029882193e-08
1.14191 6.56109 2.49716 5.27506141842357e-09
0.423363 1.44949 0.411907 10.7560205788751
0.250107 1.59759 -0.933477 15.9300165528034
