1.39839 -0.949304 0.735984 0
3.12592 -1.18157 0.99004 0
1.92497 -0.524397 -1.30262 0
0.532847 1.95806 0.988133 0
0.476538 1.94224 0.962798 0
0.298124 -3.07249 -0.328382 3.48382305550161e-13
1.17902 -1.61514 -1.47469 8.43431704208366e-13
0.651733 -1.20092 1.7487 6.07022008112869e-13
11.9695 -0.790607 -0.219209 0
1.20454 -1.17366 0.0968463 0
0.369471 -0.467804 0.884583 0
0.79149 -0.54832 -0.44161 0
0.434129 -0.468183 -2.57857 0
0.113786 4.60609 -1.00142 0
1.31526 4.78478 -1.11199 0
1.03522 5.14177 -1.46883 0
0.257482 4.97645 -0.574798 0
0.714461 -2.12558 1.41572 0
0.349047 -1.16507 -0.300264 0
0.231147 -2.52922 0.157194 0
0.552253 -2.1697 -2.18085 0
0.659861 -1.13415 -0.400844 0
1.28738 -2.77445 1.82058 0
0.434831 -2.14225 -1.58213 0
0.40368 0.868048 0.33301 0
0.459079 2.11796 -0.513293 0
0.213967 2.36874 0.706441 0
0.172077 0.4552 -0.063516 0
0.535043 3.27431 -2.26735 0
1.46527 2.92247 1.59875 0
0.548926 2.67506 -0.0178413 0
3.55787 4.17867 2.08946 0
0.188824 -6.25443 -1.47237 0
1.90407 -5.65142 -2.72817 0
1.23605 -5.20367 -2.34655 0
1.0947 -3.96779 -1.34065 0
1.2838 -4.3831 -0.438499 0
0.376412 -3.18664 -0.0768505 0
0.820451 -3.63771 -0.787414 0
0.350878 -2.49497 -1.70374 0
0.187888 0.580279 -2.40321 0
0.364092 -0.690763 -2.89153 0
0.833214 -0.568418 1.84757 0
8.24231 -1.91063 -1.8224 1.59964295071707e-12
0.641071 -3.03984 -2.36891 4.80013481141758e-13
2.6911 -2.44838 -2.56405 3.06097906827808e-13
2.98564 -2.49306 -2.41766 1.28027470173774e-13
1.37538 -2.61197 -2.50925 1.56437966214598e-13
6.63568 -2.60329 -2.61924 2.95663248088479e-13
0.345756 -0.78563 -0.505035 0
0.624299 -1.04471 -0.910313 0
0.03742 3.84998 3.02798 0
0.699347 2.81668 2.43446 0
0.387513 5.01279 1.31508 0
0.315754 4.59862 0.788557 0
0.507721 -0.951882 1.50142 0
0.503302 -3.42528 -1.7711 0
0.708696 -3.62442 -2.80484 0
0.127157 5.14282 2.98888 0
0.213736 4.27345 1.8498 0
0.506202 3.51801 -2.0227 0
0.417962 -3.20999 2.06937 0
0.129533 -4.28118 2.87234 0
0.112648 2.79202 0.955854 0
0.58897 2.3953 -0.164487 0
0.369374 0.984477 -0.342635 0
0.915114 1.489 -0.360506 0
1.24012 -1.91144 -1.42215 7.14829387471615e-13
0.64333 -1.12942 -0.222597 8.61551342201065e-13
0.310274 0.40362 0.483331 0
0.345763 -0.475429 -1.02192 0
0.426961 5.26089 3.07434 0
0.877632 5.59897 -2.3579 0
0.160338 4.07852 -0.790065 0
0.325287 8.15438 2.12414 0
0.376368 -2.92885 -1.59721 0
0.472659 -1.99661 -2.73514 0
0.367679 -2.56097 0.751539 0
0.253471 -2.3798 1.5744 0
0.486074 -1.61385 -2.71657 0
0.199186 -4.06312 -1.6732 0
3.01735 -2.37309 -1.19037 0
0.487406 1.29189 -1.32923 0
0.337801 1.79131 2.64899 0
2.11891 3.95507 2.09908 0
1.48216 4.09527 1.70042 0
0.257045 -3.21967 0.715746 0
0.235809 -4.96058 -0.671744 0
0.149419 -3.30564 -1.08593 0
0.176435 -3.29033 0.803472 0
0.708873 -1.18857 -2.31358 0
0.089013 -3.45373 2.67307 0
0.352048 -0.280069 1.83012 0
0.332034 -1.85909 1.09911 0
10.4906 -2.00897 -1.78236 1.44059755353639e-12
0.767188 -2.13336 -2.44499 7.42109792244078e-13
2.13092 -2.08059 -1.62148 1.5090686913204e-12
4.90206 -2.54195 -2.57289 2.48101511228225e-13
7.55585 -2.63598 -2.63212 3.13431747420596e-13
12.4243 -2.5765 -2.53097 1.83436727185414e-13
9.82289 -2.52731 -2.62024 3.16109457209346e-13
18.5234 -2.50694 -2.56422 2.56282791995944e-13
0.705176 -0.0441928 1.92658 0
0.488649 1.43158 -2.92235 0
0.588305 3.30828 -1.58855 0
0.513508 3.83825 0.0253601 0
0.181347 6.2421 0.331499 0
0.198625 3.65374 -0.773078 0
1.62967 -1.44648 0.527391 0
0.500419 -3.54542 1.14285 0
0.298528 -4.27655 -3.12706 0
0.316679 -4.88951 2.6353 0
0.530731 -7.46299 -1.05778 0
0.13708 6.19846 1.88396 0
0.092872 1.80142 -0.720291 0
0.349751 1.36081 -2.09752 0
0.287418 -1.81603 2.60934 0
0.280895 -0.541777 0.521353 0
0.298547 -1.14197 -1.42432 0
8.59302 -2.71588 0.692094 0.21264909112511
1.70732 -0.817098 -0.227618 3.90019257476246e-08
5.60922 -0.775417 -0.223564 3.66339321403384e-08
0.394731 8.18175 -1.64448 0
0.0994932 7.82129 -1.93982 0
1.06056 -2.69977 -2.75381 0
0.158124 -3.31072 -1.8502 0
0.354921 -2.68686 -1.3719 0
0.618901 -2.73705 -0.552047 0
3.82685 -2.54783 -0.928286 0.0195272846218859
14.6475 -2.47693 -0.914872 0.0278974956808779
0.192399 2.01891 -2.19766 0
0.199961 0.337788 -1.04565 0
0.284537 1.87167 -1.30827 8.87426746146734e-08
0.133853 1.45799 -0.997018 1.06622088418958e-07
0.366084 4.40488 2.13061 0
2.87494 4.24032 2.06647 0
0.186904 -0.424721 -0.896047 0
0.267351 -0.873512 0.951981 0
0.125688 -2.28916 -1.50564 0
0.153922 0.221844 -2.81618 0
0.660844 -1.96345 -1.74246 1.5768479821279e-12
1.07115 -1.96394 -2.36794 1.10963994256545e-12
0.119239 -2.65937 2.77329 1.33513868795286e-12
1.28205 -2.37124 -2.4793 3.32956020063125e-13
1.03344 -2.80639 -2.59966 1.32911611517437e-07
0.891286 -2.54411 -2.60974 1.06415149313346e-07
3.25346 -2.61351 -2.66053 3.48088892562872e-13
12.7106 -2.60101 -2.62557 3.03897008989042e-13
3.1425 -2.498 -2.60029 1.02744932186349e-09
0.897658 -1.43414 0.617619 0
1.40399 -1.02086 0.387738 0
0.499474 5.57079 0.598675 0
0.437602 5.56926 1.41258 0
0.100768 5.66923 1.63675 5.14199298745861e-10
0.0267272 6.34358 -2.20299 2.79037850580595e-10
0.200672 0.553785 -0.256358 39.4644340219973
0.221726 -3.0598 0.318133 5.92097326760166
0.189092 -4.51108 -2.68879 4.57701188553856
0.0709335 -6.95337 -0.341333 0
0.464494 -5.19045 1.9455 0
0.0115393 6.17196 -0.898642 6.98822329911031e-06
0.301811 6.20655 -0.954999 4.54023614736791e-06
2.6722 -1.82413 -0.917183 0.77273340858864
7.43662 -2.64361 -0.925202 0.118793095599601
2.95803 -2.32347 -0.976313 0.122797217871486
0.169491 -3.39926 -2.76386 0
0.725895 -4.7055 -1.99465 0
1.51011 -1.93164 -1.01935 0.0636755148043713
5.24053 -2.5262 -2.66334 0.308439378979634
14.6658 -2.53795 -2.61058 0.163221725617752
3.37145 -1.98673 -0.968026 0.340867830482076
1.08279 -1.81747 -0.918982 0.916614198081288
1.04563 -2.29097 -1.1172 1.53419484537179
0.324671 -1.64133 -0.802353 2.1941523989139
2.91342 -2.07108 -1.17405 0.946778391920938
