0.243285 3.05814 -0.489758 0
10.7921 -3.7026 -0.572032 0
2.17369 -3.54373 -1.07211 0
0.892731 5.26555 -0.355933 0
2.65901 0.911589 -2.51824 1.69124774558215e-14
3.7308 0.544627 -2.4263 1.81207552276628e-14
0.167113 0.648476 0.8918 2.1902778792785e-14
3.41173 -0.238016 -2.07942 2.19106009245262e-14
0.339435 0.232765 -1.51454 2.10053194929374e-14
0.428715 0.848117 -0.63735 2.05537177992745e-14
0.2635 2.8089 -1.82528 2.00547594845913e-14
0.498833 1.64768 -0.548088 2.18741166638612e-14
3.05645 -0.211171 0.701223 4.05025897379642e-14
19.2995 -0.18372 0.65601 3.89920660388247e-14
19.8145 -0.201395 0.675162 3.98828003426248e-14
0.87571 -0.18221 0.735229 3.96442259607227e-14
0.269119 -2.66176 0.977916 5.40837759959691e-14
0.792079 0.339518 2.52475 5.79798154314168e-14
5.3347 0.720087 -2.76671 5.49433865965916e-14
0.839586 1.76943 1.14028 0
0.0683935 2.06053 -1.74814 0
0.235818 -1.597 2.11999 0
3.94014 -5.80107 -2.06104 0
0.375871 -4.95032 -0.299599 0
0.129044 -3.00722 2.52956 0
1.17502 -2.12806 0.167148 0
1.06565 1.27359 -0.0555746 0
2.17272 1.0624 -0.326321 0
2.26723 1.58404 -0.280917 0
0.398337 -8.95905 -0.188265 0
0.316289 3.12107 -3.09469 0
0.46281 0.570731 -0.329519 0
0.450282 -2.30571 -1.66428 0
0.354326 -1.03891 0.210701 0
0.677783 -2.7142 0.0650124 0
0.400159 -4.06068 -1.776 0
0.728875 -4.14654 2.6007 0
0.567047 -5.16696 2.05864 0
0.390691 -5.36118 -2.95095 0
1.93309 -6.13824 2.19129 0
0.590611 -5.66354 -1.55097 0
2.37339 -4.39967 -0.826542 0
1.05473 -3.87529 -0.165602 0
0.241876 -5.37703 1.0866 0
0.28333 -4.79311 1.68519 0
0.388234 -2.79561 0.252235 0
1.0537 -2.96587 1.05386 0
1.61023 -3.18627 1.31013 0
1.12689 -1.68955 1.5755 0
1.07565 -2.20245 -3.02387 0
0.599523 -1.61891 1.27672 0
0.697708 1.62296 0.433551 0
0.208697 5.36882 -1.79588 0
0.497616 5.47566 -0.60225 0
0.440177 0.507464 2.97865 0
0.333038 0.342799 -0.864461 0
0.698559 -1.09358 2.30949 0
0.521067 -2.11436 -0.615657 0
0.424188 -3.22936 -2.51915 0
0.398211 8.50525 -2.70783 0
0.302499 1.77539 -0.106389 0
2.47234 1.70391 -0.304746 0
13.7898 1.87429 -0.415717 0
7.57101 -3.46635 -0.639329 0
4.38792 -3.79047 -0.783342 0
1.68927 -3.66735 -0.939643 0
1.01016 4.8028 -0.229995 0
2.99113 4.67912 -0.226371 0
0.52165 5.77065 2.7053 0
1.58217 0.970933 -2.62543 1.59484096402536e-14
1.0423 0.0459993 -2.29919 2.07584355392382e-14
3.63787 0.251472 -2.39709 1.92817754902106e-14
0.502385 0.512588 -2.8073 1.32203207912802e-14
0.473941 -0.663639 -1.68308 1.95995461714287e-14
0.16959 1.56124 -0.900028 2.18611567338823e-14
0.27018 0.165428 0.287045 1.70320265629332e-14
0.605694 0.120207 -2.33294 2.02886012296379e-14
0.775855 0.973774 -2.9455 5.8099908119266e-14
1.23125 0.82464 2.94171 5.83413675205561e-14
0.510752 3.62584 -1.44581 0
0.342881 1.77534 -2.27164 0
1.27373 -3.12467 -0.462975 0
0.132457 -4.00519 0.921871 0
1.20251 -5.37631 -1.47793 0
1.13837 -5.2191 -1.9098 0
0.42595 -3.03587 -0.70203 0
0.899211 -2.64389 0.467501 0
0.0820935 -1.66496 2.19072 0
0.679046 0.832978 -1.0913 0
1.38156 4.48047 -1.93309 0
0.612908 2.72737 2.81783 0
0.188645 1.91793 -0.558509 0
0.543477 1.56665 2.91425 0
1.10667 -0.0403605 -1.49623 0
0.212646 -0.0755361 -1.73288 0
0.368655 -3.14462 2.84741 0
0.2401 -3.08699 -1.34771 0
0.332744 -5.28833 2.93983 0
0.755139 -6.5534 -2.51194 0
0.323299 -4.60444 -1.62847 0
0.364074 -5.20141 -2.18301 0
0.474789 -5.69229 -0.153881 0
1.45669 -4.62832 0.68845 0
0.252751 -5.13297 2.18286 0
1.487 -5.45039 0.515235 0
0.0908655 -4.26528 3.09047 0
0.775665 -4.40402 0.518241 0
1.11921 -5.15232 1.36763 0
0.566524 -4.89643 0.502026 0
0.476564 -2.62518 0.415476 0
0.520452 -2.56065 2.49422 0
0.47132 -1.53869 -3.04561 0
0.883323 0.314155 0.294911 0
0.115579 -0.725588 -2.94212 0
0.344911 2.68818 2.24063 0
0.303268 4.63685 1.40403 0
0.215749 3.54777 3.07072 0
0.410463 5.75215 -2.94512 0
0.195515 0.890199 -1.32416 0
0.51106 1.50853 2.34495 0
0.338258 -4.50029 1.85117 0
21.7239 0.697297 2.93889 0.0137901861886499
0.00183779 6.6165 -1.25597 6.13816597682009e-06
0.0807833 6.78951 -0.431676 3.3062905437356e-06
0.310648 5.06637 -0.752494 3.12545533647501e-06
0.509851 5.09127 -0.803968 6.31224565916291e-06
0.232803 0.495103 0.185859 1.91754026467213e-14
0.69592 0.609496 -2.24153 1.96753569186209e-14
0.798637 2.13795 -0.844222 4.18562146699227
0.395449 -0.665389 0.153864 42.3584636666408
0.36296 -0.728056 1.23748 7.37485780605205
1.04739 0.351112 -2.86595 4.6392918520841e-14
0.414321 0.0373302 -3.13627 4.03572257923612e-14
0.394719 -5.2763 1.15768 6.35538012792511e-08
0.203624 -5.06909 1.31545 1.54527324490039e-07
0.570343 -3.84695 1.25631 0
0.187508 -3.68208 0.368466 0
0.202547 -2.62688 2.05279 0
0.262919 -3.85879 1.21727 0
0.34849 -3.37267 -3.09575 1.752626002652e-09
0.134318 -3.29019 -2.22698 4.6075557089208e-09
0.457657 -2.70298 2.58303 0
0.24093 -2.20671 -2.28458 0
0.131241 4.24756 1.97953 0
0.0966891 6.37472 1.86154 0
0.284419 3.98355 -1.07456 3.13891673102231e-08
0.319296 4.15677 -0.512297 1.30054942529531e-08
0.171483 3.04809 -1.64914 2.82511537370278e-08
0.0829974 4.50241 -0.400954 1.16912091850151e-08
0.0452804 2.56868 -1.56423 1.8163499960506e-05
0.227439 2.58231 -1.6212 1.66738374782675e-05
0.146471 -3.02978 0.615471 0
0.220703 -1.21777 2.24399 0
2.89848 0.568738 3.0463 13.0842302095341
0.643301 0.330736 3.0833 64.7889701723468
0.0468667 6.09226 -2.28771 3.91690788107664e-05
0.0608611 6.10969 -2.27889 3.86878572936033e-05
17.4014 1.05179 -2.66083 0.155598523486387
0.834493 -2.10526 -0.247876 3.24152206576906
0.118762 -2.39821 -1.09616 17.187298405708
2.65608 1.54909 -0.707876 0.30025240995846
5.92812 1.4667 -0.489893 0.124481711749686
25.4114 1.41152 -0.525638 0.0446268369755655
5.80274 0.892844 -2.55322 0.630916879786986
0.943024 1.6119 -0.608748 0.453203896969643
12.0944 0.96467 -2.55742 0.0734165025424321
5.51143 1.40301 -0.691073 0.272189813934317
3.34243 1.33068 -0.518818 0.221839566559911
4.79156 1.02173 -2.5393 0.552740632509982
2.5563 0.843418 -2.59519 1.11222184175519
