1.3615 -2.58575 1.33578 0
1.24918 -3.29227 2.18831 0
1.76376 1.25356 -0.440732 3.92485763008087e-14
0.374041 0.62623 -0.409161 6.83718969901695e-14
0.231165 2.22851 -1.73498 0
0.600465 -0.0710986 -2.54622 0
0.0966511 3.78421 0.631162 0
0.202227 4.1392 0.690655 0
0.551215 3.43995 2.76037 0
0.274483 6.72436 -2.56514 0
0.224672 9.16893 1.9869 0
0.839269 -0.416462 -2.75572 0
0.896255 -0.631325 -0.4434 0
0.115337 -0.897646 -1.12643 0
0.478841 -2.12121 2.36212 0
0.151829 -1.88492 -3.13856 0
0.876 -1.65561 2.89732 0
0.285587 2.36674 -1.06921 8.36506609039388e-15
0.191171 3.97355 1.78608 1.1801177021828e-14
0.0746859 2.9253 2.72896 1.7933163021479e-14
2.24563 2.05071 2.16685 3.06998677524995e-14
0.293668 -1.8124 0.476123 0
0.856142 -0.478804 1.10523 0
1.46987 -0.849749 1.03429 0
0.516948 -1.8368 2.00995 0
1.24398 -0.00935572 -0.6546 0
0.183673 -0.0608977 3.13346 0
0.334167 -3.87447 -0.0764222 0
1.19383 -3.60793 -0.967366 0
0.903157 -1.7198 1.90278 0
1.36508 -3.20178 1.98506 0
0.224212 -3.68556 -2.85874 0
0.803618 -3.08076 -3.11813 0
0.799151 -3.2775 1.56313 0
0.0480966 -4.55888 1.28438 0
3.67464 -3.10383 2.49992 0
3.5808 -3.14404 1.36258 0
1.76677 -3.48659 1.45755 0
1.65094 -3.22933 0.601507 0
1.89817 -2.73442 0.984219 0
0.77633 -2.91047 0.963223 0
0.312683 -7.56146 3.03053 0
0.752634 -6.58325 -2.1885 0
1.07953 -6.34679 -2.97059 0
0.872652 -6.28124 1.73815 0
0.418783 -5.39798 -2.35849 0
2.23185 -4.92297 2.45645 0
1.73868 -4.65158 2.23719 0
0.304427 -4.26984 1.63577 0
0.236685 -3.1062 2.35742 0
0.897497 5.49695 1.86082 0
0.233879 1.67607 2.28148 0
0.2889 1.75731 -1.6417 0
0.637915 -1.52076 -2.58876 0
0.648619 -1.18838 -2.64929 0
0.581154 4.01753 -1.00061 0
1.98744 4.07552 0.0719526 0
1.31902 3.32781 0.818987 0
2.04619 3.44211 0.570462 0
1.3559 2.70693 -0.495139 0
1.64279 2.19564 2.99573 0
0.541038 3.59403 1.74716 0
1.18977 4.38395 2.34823 0
1.04931 5.1888 -3.13759 0
0.206821 6.04035 2.12319 0
0.326867 3.64869 -1.2221 0
0.234432 0.959945 2.69738 0
0.505946 -0.586757 1.32581 0
0.114652 -2.23531 -1.57352 0
1.61876 -2.30459 -2.01027 0
1.74217 -2.60744 -1.87267 0
1.3885 -2.9262 -2.61342 0
0.910239 -2.14065 -2.79005 0
0.338368 -1.81048 -2.70154 0
1.67455 -2.74361 -2.73714 0
0.177239 -4.16184 1.93579 0
0.921336 -3.38162 2.38521 0
1.62765 -3.98937 -0.651436 0
0.809266 -4.19079 0.267015 0
2.3711 -5.24534 -0.0248018 0
0.490196 -6.95907 0.318041 0
0.400386 -6.70427 2.45421 0
0.955337 3.49229 1.14935 0
3.28274 3.07014 1.4829 0
0.489374 1.91534 1.73247 0
0.736966 1.6263 2.32988 0
0.399771 1.53809 -0.865354 0
0.334672 1.08967 0.738823 0
1.86668 1.29535 -1.79237 0
0.653936 2.08764 -1.14173 0
1.31968 1.51019 -1.88723 0
0.726328 2.26276 -1.0303 0
0.666767 1.1787 -2.97665 0
0.583097 1.41647 -2.69772 0
3.26587 0.499077 -2.63938 0
0.628347 -0.618839 -2.14616 0
1.72349 -0.668844 -1.95756 0
1.97552 -0.681028 -2.18977 0
0.882163 -0.764908 -1.42756 0
0.528679 0.339626 0.254198 0
0.367779 0.886733 2.25391 0
0.306386 4.17024 -2.19291 0
0.682721 4.35458 1.52298 0
0.132379 6.7946 1.98835 0
0.53265 7.94503 1.53217 0
0.487289 2.53726 2.72932 0
0.366833 7.95398 -1.71087 0
0.200475 4.04547 2.22219 0
1.25189 -4.34083 -2.05204 0
0.654553 -3.81857 -1.98887 0
0.132206 -5.60418 2.68217 0
0.349208 -4.30903 2.14526 0
0.615429 0.399476 2.75301 0
0.312278 -3.29736 -0.660075 0
0.300778 -3.30618 1.66327 0
2.04407 1.10499 -0.692744 4.52483250601785e-14
1.2932 1.08157 -0.813831 4.62925724640427e-14
10.4842 1.67953 -0.913437 2.34322537397976e-14
0.917117 0.778607 -2.31522 0
0.365747 7.75345 -0.211941 0
0.214578 6.75252 -0.972614 0
0.641958 -0.856201 -0.987596 0
0.205693 2.36557 -0.938464 7.86983092764311e-15
1.33283 2.26135 2.77684 2.63510076640381e-14
0.246245 -2.32253 -2.28977 0
0.0525019 -3.78602 2.35009 0
3.51844 -1.39941 1.76371 0
4.26725 -1.58874 1.6616 0
0.890864 -0.502754 -0.901324 0
0.741041 -2.53555 -0.352979 0
1.62369 -2.82391 2.33376 0
0.281486 -2.1819 3.00673 0
1.73084 -2.85729 2.24523 0
1.729 -2.96092 1.55299 0
1.87543 -2.60797 1.53561 0
0.667515 -3.7548 1.15207 0
0.332979 -3.0945 0.909885 0
2.27322 -2.46648 0.320511 0
0.585972 -6.76398 -2.18442 0
0.165581 -5.02967 2.88658 0
0.961142 -6.31341 2.37439 0
1.35805 -4.85355 2.93082 0
0.513579 -4.54349 2.93722 0
1.02171 -4.40391 1.95635 0
0.837096 -4.12293 2.78636 0
0.449819 2.49904 -2.08218 0
1.23606 4.3529 -1.10952 0
1.12372 4.75595 -0.973612 0
0.338566 4.23824 -0.603218 0
0.771852 4.25599 -0.554259 0
1.48434 3.37727 0.22998 0
1.94709 3.50481 0.201346 0
1.24938 3.1179 0.103808 0
1.37929 2.46261 0.0159328 0
0.875367 2.64553 2.55206 0
0.110194 4.11984 -0.852063 0
0.558518 2.6071 2.3308 0
0.342262 5.02469 2.3712 0
0.867815 4.50561 -1.61742 0
0.076677 3.95838 2.30027 0
0.150623 6.46791 1.42893 0
0.894504 5.1228 2.21329 0
0.543339 1.26537 -0.130667 0
1.75042 -2.36624 -1.35169 0
0.311032 -2.95903 -2.00255 0
1.06633 -1.88651 -2.20563 0
1.00856 -2.34287 -2.55727 0
3.14696 -2.79429 2.93732 0
1.70951 -3.45487 -2.54351 0
1.06896 -4.04664 -1.58274 0
0.68531 -4.22033 -0.620999 0
0.211999 -3.97399 -1.95869 0
0.219306 -3.5348 -0.859111 0
1.37529 -3.7522 0.319797 0
0.817078 -5.38155 -0.123007 0
0.423897 -4.49534 0.485599 0
1.31392 -5.32065 -0.448776 0
0.645632 -5.65076 -0.244383 0
1.0571 3.81714 1.83738 0
1.29804 2.70186 0.954138 0
1.22349 0.823896 1.88966 0
0.0959383 0.000416499 0.828059 0
1.49089 0.317107 0.121558 0
0.43022 1.06623 -0.378003 0
0.727979 0.813356 -0.552171 0
0.975787 0.284174 -1.3633 0
0.480522 0.856308 -0.769304 0
2.01377 0.327857 -1.10123 0
1.09632 1.43065 -1.10198 0
0.724303 1.77673 -2.1418 0
0.474272 1.44539 3.04622 0
0.785506 0.531958 -2.43802 0
1.98298 1.37169 -2.69594 0
0.269306 0.794404 -1.10094 0
1.04758 0.792379 -2.86222 0
0.822851 -0.371063 -0.762297 0
0.178248 -1.57781 -2.71429 0
0.456493 4.71592 -2.38527 0
0.132211 5.71094 1.16858 0
1.59185 1.90211 -2.77336 0
0.683506 2.3002 2.97807 0
0.524769 5.55609 -0.417169 0
0.507154 4.62779 0.754235 0
0.19978 5.73949 -2.8189 0
0.647918 -4.77515 -1.93543 0
0.1878 -4.57584 -0.645123 0
0.64721 -0.221663 -0.0231301 0
0.397893 0.599377 2.34681 0
2.50823 1.88747 -0.92128 1.76183491702807e-14
2.36579 1.80385 -0.8685 1.9753135402591e-14
0.0255454 -3.37708 -2.97485 149.893088132812
0.534417 -2.04448 0.495256 0.509554722852559
0.409303 0.227998 -3.05312 0
0.710037 0.140695 2.82382 0
0.393293 -1.68155 2.30473 3.77970963986975
0.0465736 -2.66391 1.46474 12.3952142583116
0.256844 -2.49947 2.27281 0
0.11055 -2.99821 -2.93952 0
0.442928 1.49739 0.933007 1.17164605763902e-07
0.279516 1.42103 0.848682 1.89545638781089e-07
0.945914 1.93731 2.36388 3.33311694549731e-14
1.24811 1.98955 2.22604 3.20879353429392e-14
0.257224 -1.47742 0.901338 6.31930672653771e-08
0.420328 -1.65561 0.490421 7.72706826608212e-08
0.131347 -0.418681 -2.31102 0
0.172483 -0.605987 -0.0887354 0
0.325174 -2.7767 1.27285 0
0.352815 -3.16496 0.747208 0
0.341252 -6.11091 -1.34241 0
0.0108203 -7.22624 1.88659 0
0.137842 -5.28347 2.59381 0
0.24365 -5.32546 2.54872 0
0.324398 4.27335 -2.66815 0
0.227259 3.40716 -2.43596 0
0.395549 -0.588108 2.6951 0
0.281872 0.103699 2.18593 0
0.239589 2.77899 -0.428247 0
0.236783 2.2137 0.553966 0
0.302604 2.50789 -1.43974 29.8153072609703
0.319622 3.74927 0.0700483 0.274770713028087
0.119949 1.18031 1.13173 0
0.254491 1.81797 -1.78404 0
0.166639 1.45619 -0.205474 0
0.159597 0.550387 1.55428 0
0.340988 -0.0664926 2.47763 0
0.109678 -0.244416 -1.4198 0
1.04693 -1.67965 2.78415 9.22470754753503e-09
0.446392 -1.32737 -3.06615 3.44360412211182e-08
0.392317 -1.5509 -1.22683 0
0.0912851 -1.6998 0.832849 0
0.0705781 -3.56349 2.33754 0
0.905957 -2.48399 -2.51291 0
1.95028 1.20981 0.179864 7.70108262609709
1.36476 -0.442521 -2.3167 0
0.63796 -0.500447 -2.01441 0
0.257126 -2.86442 -0.00486238 17.0419389329525
0.0394524 -3.55504 -1.66093 18.5770511418736
0.248878 2.28786 -0.0291215 0
0.352911 1.84011 2.03992 0
0.225238 5.35546 -0.744871 0
0.562837 5.82208 -1.4356 0
0.189255 3.91071 -0.589999 0
0.0426446 6.31029 1.07949 0
0.174241 -2.41047 -2.05697 0
0.176182 -2.99533 -1.61136 0
0.511988 -3.74083 2.2256 1.60570636128862e-08
0.72392 -3.89976 2.19093 1.85667161989879e-08
0.284823 1.04517 -2.21128 0.505792897929434
0.453178 1.98927 -2.47179 0.137030429618693
0.187386 4.75187 -2.51289 3.90317736952841
0.199398 4.11177 0.380896 6.93985794408241
1.15196 0.147151 0.738763 6.50501973921303
0.308146 0.377951 0.485465 22.8261935605274
0.166824 -2.61151 -2.37222 1.24286092864582e-08
0.0299355 -2.92402 0.43168 2.0560500876794e-07
