36.2196 2.92934 -2.73262 4.64555073228594e-14
0.211295 0.48619 -0.0105286 0
2.05698 0.768318 0.195449 0
2.19519 -0.110802 0.0355476 0
0.672301 0.244965 0.729416 0
2.6862 0.219245 2.84373 0
1.44225 -0.907512 2.7343 0
0.718661 -0.502827 2.36858 0
0.384543 -5.25255 -0.284708 0
0.430052 -5.43504 3.00752 0
0.303643 -7.3575 2.70687 0
0.422353 -1.91613 2.97643 0
0.178935 -3.25075 -2.96762 0
1.50821 -2.72267 1.8596 0
0.631332 -3.23857 2.95311 0
0.700763 -3.41817 2.33585 0
0.616058 -3.12915 2.84538 0
1.20641 -1.83431 -2.09388 0
0.351095 4.96353 -2.18916 0
0.230761 1.56485 -0.764892 0
0.644789 5.44183 0.681328 0
0.668941 0.100711 -2.24408 0
1.81176 -0.777917 -1.68191 0
0.302184 -0.0795358 -1.13366 0
0.192759 0.534427 2.89452 0
0.132157 1.36673 0.55413 0
1.50518 0.631445 -2.58918 0
1.80788 0.228767 2.71033 0
1.01954 0.130004 -3.0913 0
0.480814 0.985046 -1.9796 0
0.656762 -0.29578 2.07455 0
2.85098 0.613925 1.9321 0
1.49288 0.52283 1.29963 0
1.74204 0.426215 1.6787 0
0.370224 1.40471 0.418135 0
0.469971 1.55939 0.380448 0
0.815055 1.76814 -1.46311 0
1.67272 2.61592 -0.376833 0
1.38962 4.46177 -0.700414 0
1.36069 4.08501 0.84771 0
1.49317 3.9142 0.320933 0
0.32573 4.65112 1.69946 0
0.52501 2.99212 1.57559 0
0.925503 1.98922 2.77726 0
0.889839 2.58383 2.48677 0
0.481494 2.04575 2.95116 0
1.89309 2.35441 1.4236 0
0.292602 3.0189 1.64508 0
0.366185 -3.70402 1.43385 0
0.674958 -4.32976 -1.97886 0
0.847255 -2.37011 1.1003 0
0.471154 -1.99726 0.28758 0
0.550659 -0.992861 -2.40479 0
0.527745 0.939537 2.39741 0
0.599326 2.89608 -1.76163 0
0.40345 2.76783 1.39221 0
0.321832 -8.19944 -0.737308 0
0.823635 -4.33327 2.36696 0
0.760721 -1.12726 -1.21843 0
0.179721 1.25189 1.12153 0
0.250926 -2.23633 -0.659591 0
0.347744 0.636057 1.43391 0
0.645767 3.19588 -0.132298 0
0.311341 -1.24932 0.57866 0
1.29582 -2.25469 0.70261 0
2.89177 -2.8949 0.520645 0
0.640376 -2.94937 0.086491 0
0.176249 -3.00123 -0.861721 0
0.569436 -2.39711 -1.08799 0
0.591433 -3.94463 -1.57875 0
0.796362 -4.24037 -1.24057 0
0.205583 -7.60518 -1.3863 0
1.35393 -6.08824 0.618208 0
0.190438 -7.11506 -3.12204 0
0.667661 -6.18159 -2.31017 0
0.492635 -5.891 -1.18391 0
1.43367 -6.03143 3.03532 0
0.215813 -6.12408 -2.85091 0
0.533697 -3.47883 2.38223 0
0.522287 -1.89551 3.00206 0
0.763453 -3.18893 2.08705 0
0.532063 -6.71354 0.830472 0
0.52362 -4.94987 -0.80917 0
0.928078 -4.09069 0.696205 0
0.113335 -4.59919 -0.67212 0
0.260508 -5.78312 0.404317 0
0.563049 -3.07403 -0.713418 0
0.209678 -2.7523 -2.94318 0
0.596647 -3.17363 -0.750853 0
0.226258 -0.614029 -2.42045 0
1.42399 1.80858 -3.04573 0
0.792898 4.27536 -2.30271 0
0.108426 1.80979 2.15775 0
0.258895 -4.5921 1.06495 0
0.422046 -1.4056 -1.31881 0
0.199842 -2.42624 -0.781012 0
0.656983 -2.29514 0.199242 0
1.06948 -3.75213 1.28595 0
0.90732 1.69274 -2.20807 0
1.50419 1.53815 -2.88735 0
1.9979 3.80333 -2.00088 0
1.05398 4.7017 2.74731 0
1.22943 5.94588 1.77292 0
0.548647 5.90144 -0.38969 0
0.229243 3.6149 -1.80741 0
0.468474 -1.88777 1.04173 0
0.537089 -1.3727 0.699104 0
0.935879 1.08868 0.945133 0
0.815532 1.26459 -2.74621 0
0.0954144 2.18185 0.405869 0
1.75394 -3.26621 0.527626 0
0.0990267 -4.2363 1.69269 0
0.386091 -7.58636 -0.758513 0
0.380109 -1.87712 -1.31435 0
0.501248 -3.15378 2.59301 0
0.479221 6.62506 2.1039 0
0.885648 6.03648 -1.92843 0
0.58187 0.241678 0.45783 0
0.53909 0.335683 -1.10915 0
0.795378 1.91601 -2.86562 0
0.792721 3.98489 -1.4428 0
0.815851 -0.672366 -2.7284 0
1.15831 -0.375258 -2.19115 0
2.14252 0.0258546 -1.61634 0
1.16969 0.141444 -1.32324 0
0.169841 -1.13507 -2.08587 0
1.79394 1.00188 -2.12211 0
0.95244 0.921298 -2.22127 0
0.0258627 2.74145 -0.473316 0
1.91063 1.22312 -0.561369 0
0.187655 1.36881 0.481027 0
0.331911 1.25341 0.506063 0
0.981538 1.52299 -0.73303 0
0.558454 2.34737 -0.00457968 0
1.23257 2.35411 -0.222384 0
1.86892 2.21891 -0.348547 0
0.857741 2.71637 -0.685771 0
0.754798 2.88334 -1.04641 0
0.132083 4.0591 -2.94686 0
0.670294 4.98309 -0.0717599 0
0.248571 4.87921 2.24413 0
0.263812 4.22893 1.81171 0
0.190288 2.34784 1.78001 0
0.663881 2.03137 3.03912 0
0.113729 1.37558 -0.188682 0
0.898105 -5.99391 -0.894911 0
0.138803 -5.22592 -1.79548 0
0.385927 -3.43872 2.80569 0
0.296895 -1.71793 0.326328 0
0.632872 -1.47835 2.82641 0
0.417696 -0.153391 1.77858 0
0.523393 -0.0373193 -2.68014 0
0.181811 1.30156 -1.14754 0
0.304174 1.0228 2.17577 0
0.427854 6.05517 -1.7192 0
0.234281 5.6403 2.44916 0
1.18953 -0.748167 1.92504 0
0.0647276 -2.7043 1.8356 0
0.574545 -0.346993 0.253956 0
1.43433 -0.972086 1.12354 0
0.195097 -0.762399 -0.912617 0
0.453741 -1.73798 0.14842 0
0.998336 -2.54542 0.0267389 0
1.09264 -3.829 0.887953 0
0.311854 -3.14344 0.311553 0
2.17321 -3.60192 -1.37807 0
0.330965 -3.79422 0.139216 0
1.03648 -3.49987 -1.85404 0
0.0481733 -7.85607 2.35184 0
0.606352 -4.31771 2.90828 0
0.233121 -5.00852 -3.06329 0
0.701205 -4.0496 -3.02198 0
0.514354 -6.01778 0.518309 0
0.352536 -4.87167 1.44045 0
0.432303 -4.78861 -1.26085 0
0.163579 -3.5197 1.38262 0
1.14578 -3.58957 -0.0454609 0
0.424077 -3.89608 0.802781 0
0.764202 -2.09548 -1.58063 0
0.595126 -1.20604 0.644633 0
0.321216 -0.869721 3.1105 0
0.537343 -1.02806 1.01274 0
0.0778511 2.78106 2.10126 0
0.106162 4.05041 -0.416405 0
0.348252 2.89149 -0.889965 0
1.23131 2.45489 0.0235298 0
0.547672 -3.84275 2.13372 0
0.413694 -3.6186 -1.43653 0
1.08247 2.0059 -2.16306 0
0.078473 3.12931 2.40953 0
2.02766 3.09476 -2.09165 0
0.537062 2.59113 -2.25007 0
0.932766 3.75807 -3.04686 0
0.212903 4.33076 1.78178 0
0.679665 4.66258 -2.94772 0
0.56433 4.39111 2.0095 0
0.678208 4.72213 3.03561 0
0.31778 3.45031 -1.92484 0
0.524548 3.73196 0.406212 0
0.284589 1.39343 -1.713 0
0.282187 3.06161 -2.98414 0
0.395262 -0.00268369 -1.33059 0
0.480602 -1.0283 -1.44203 0
0.234243 -2.19344 -1.60531 0
0.513828 -2.97833 -1.82368 0
0.633522 -3.98679 -2.14471 0
0.220438 -5.83753 -1.34312 0
0.0571195 -2.10241 1.02861 0
0.322479 -0.0507965 0.545741 0
0.499404 -0.129048 2.36059 0
0.275948 -3.80308 1.47609 0
0.274305 -2.91797 0.253156 0
0.115599 -2.20171 1.82833 0
0.207695 -3.12258 0.571005 0
0.234419 -2.06045 -0.833721 0
0.175257 -2.75334 0.578699 0
0.296257 -2.4012 2.80679 0
0.152865 -2.70363 -0.904304 0
0.383232 6.43068 -2.02905 0
0.0253973 7.90979 0.45923 0
0.119143 5.28624 -1.53712 0
0.105716 6.71321 2.38839 0
1.4101 -0.563401 -1.75398 1.30418440126487
0.0635061 -1.1078 -1.54926 20.0505293423236
1.32309 0.656871 -2.45928 0
0.561152 0.810808 -2.70349 0
0.224378 1.29799 2.62124 0
0.15045 -0.112545 2.40656 0
0.786125 0.750351 1.79487 0
0.77619 0.0741848 1.93192 0
0.67202 3.74378 0.00509464 0
0.592418 3.45334 -0.0654949 0
0.00733226 3.80542 1.5806 0.000352526548656898
0.0026846 3.9344 1.65749 0.000355080700718469
0.25831 -3.45284 -0.554556 0
0.399548 -2.47115 -0.107107 0
0.330366 0.069774 -1.56401 1.75515426273552e-07
0.250675 0.227501 -2.50002 3.31515723887209e-07
0.518102 7.53975 -0.204269 0
0.0913188 8.09159 2.65824 0
0.229027 7.83967 2.76153 0
0.0610748 7.48162 -0.0250761 0
0.110835 -4.3279 2.62206 0
0.421174 -3.35446 -1.31941 0
0.290393 -4.00828 -1.00612 0
0.0441039 -6.51135 -1.69709 0
0.375303 -6.28046 -0.462574 0
0.0541586 -6.58569 -1.77248 0
0.394571 -4.93567 -2.5007 1.274482351966e-05
0.0566313 -4.90382 -2.54013 1.80965032533408e-05
0.578853 -3.50503 -3.13168 0
0.222908 -3.11854 2.63065 0
0.109876 -6.49209 0.381089 1.69278746273017e-09
0.125002 -6.00801 1.36752 4.96946795971434e-09
0.0569015 -1.85731 -0.393857 0
0.699924 -1.99344 -0.967594 0
0.295291 -1.16203 0.929878 0
0.274473 -2.06278 1.0454 0
0.0262812 -2.42042 -0.951413 0
0.452938 -1.04594 -1.41096 0
0.261704 2.89756 -1.568 0
0.133113 3.47417 -1.10804 0
0.30426 3.30756 -1.83527 0
0.205361 -0.805235 0.593017 3.25521939300862e-08
0.333481 -0.398874 -0.0424659 3.40895434212258e-08
0.653593 2.40028 -2.09324 1.60959589113573
0.0630038 3.39088 -2.02161 6.27730439994054
0.83789 5.54982 1.83401 0
0.405762 5.47062 1.11127 0
0.1966 -0.300782 1.15543 0
0.446921 -1.08015 1.51588 0
0.0673534 3.82412 0.698855 22.2279893840283
0.532593 2.30215 -0.751731 12.8056123389252
0.402774 1.80484 2.58874 23.5003848901003
0.812255 2.2487 2.09966 7.5740063411508
0.122751 2.44322 3.11535 12.6534587682131
0.494259 2.67722 1.69211 2.48876516801089
0.935736 -2.10866 0.798809 2.90353563077787
0.870299 -1.69886 0.617312 4.62709259949462
0.463243 -3.88907 -1.4143 1.59627691966952
0.169541 -3.83246 0.0818262 4.60637666061895
0.0228215 -2.71313 -2.56621 32.6782908722978
0.644545 -0.762172 -0.460391 6.70350528351273
0.363099 -0.923074 1.54615 21.1076262584622
0.369633 -1.03548 0.359592 19.0647042328358
0.16141 2.74299 1.22388 14.2722080411917
0.238346 1.76877 -2.8292 24.9730039163199
0.627466 -0.549137 2.81556 0
0.305934 3.92932 -2.10141 0
