0.24045 -3.30821 0.806545 0
0.505201 -2.64006 -2.03966 0
0.521054 -5.45988 -2.49241 0
0.519882 -5.55572 0.761544 0
0.428085 -5.45047 -0.276491 0
0.377956 -6.53549 0.681444 0
0.762229 -6.40792 2.41726 0
0.135146 -6.32565 2.96386 0
0.65257 -6.70855 0.573473 0
0.207485 -7.38339 -0.0310031 0
0.143512 -8.23062 -1.57259 0
0.553875 -5.49423 0.67507 0
1.15392 -4.0062 1.29197 0
0.406344 -1.98453 -1.39872 0
0.314973 0.765977 -2.68154 0
0.320869 -1.79343 -0.892643 0
1.83846 0.338623 -1.11511 0
0.364016 0.367245 -1.3023 0
0.951689 -0.992386 -0.990104 0
0.883948 1.41909 -1.98067 0
0.141513 2.49556 -0.928271 0
0.913457 5.10946 -0.542223 0
0.270029 4.58541 -0.584858 0
0.757712 5.91039 0.429091 0
0.335268 5.81512 -2.65419 0
0.627081 -4.98558 0.621369 0
0.149104 -2.9345 -0.488366 0
0.660728 4.35696 -2.48753 0
0.344306 3.84755 0.256669 0
0.29631 8.07831 2.44067 0
0.0997579 6.3144 1.00761 0
0.142113 7.66407 -0.736373 0
1.7832 3.54569 2.20806 0
1.30005 3.41672 2.12385 0
0.277519 0.89041 0.457602 0
0.154648 0.822219 1.47518 0
2.07927 -1.25 2.81271 0
1.23382 5.24826 -0.721657 0
0.345627 -1.67448 -2.34335 0
0.393783 -3.66494 -1.63209 0
0.389304 -4.63321 -0.644932 0
0.389556 -4.65408 2.81329 0
0.450249 -2.37343 0.285748 0
0.789506 -0.74956 2.6393 0
0.155531 -2.43792 -1.63704 0
0.431138 0.434677 -0.817093 0
1.17079 0.794605 -1.71511 0
0.343025 -0.0604464 -1.51672 0
0.204434 -1.20799 1.72391 0
0.508031 0.169813 -2.12875 0
0.419587 -1.42439 -1.78759 0
1.05983 1.72519 -1.16963 0
0.188184 1.49068 3.00823 0
0.498851 2.56327 -2.93357 0
0.0528194 4.7611 3.03932 0
0.498662 3.20203 1.10089 0
0.44911 5.03348 -0.632577 0
0.236432 6.35133 -3.07852 0
0.308402 7.68113 -1.4168 0
0.251616 5.33118 1.1788 0
0.175877 7.86918 -1.712 0
0.494922 -8.67339 2.20104 0
0.522903 -6.73566 1.67609 0
0.423009 2.49494 -0.244046 0
0.688515 4.62558 -2.96029 0
0.314887 3.86565 2.12876 0
0.113409 3.55878 -1.92784 0
0.442073 3.63775 1.73856 0
0.767307 1.37947 1.4154 0
0.0913724 0.206973 -2.67591 0
0.805518 -0.320538 1.09459 0
1.0441 0.145768 1.45049 0
0.176644 0.137319 -0.887362 0
0.237664 -0.875131 -0.649691 0
0.637918 -2.08923 -2.01857 0
0.230978 -2.30527 -2.04063 0
0.834567 -1.46896 2.77731 0
0.75332 -3.21452 -2.54098 0
0.292927 -1.41474 -2.5595 0
0.18522 -2.33498 -1.07765 0
0.35885 -3.77729 2.00273 0
0.26732 -5.67282 3.04536 0
0.530992 -5.19308 0.869435 0
0.235081 -6.83848 -2.2946 0
0.433262 -5.89226 0.0676182 0
0.214375 -8.23133 -0.838703 0
0.395096 -8.46062 -2.61215 0
0.0229137 -10.7587 -2.42223 0
0.0790188 -4.60159 -3.12194 0
0.687157 -2.88817 2.01861 0
0.13418 -3.88871 1.31009 0
0.225685 -4.62234 2.27678 0
0.325481 -1.50847 2.03412 0
0.238396 -2.84597 1.34732 0
0.378519 -0.353427 2.2093 2.80028390092961e-08
0.190192 0.263583 0.911445 5.80262436840012e-08
0.508968 0.464476 -2.03913 0
0.143979 0.487416 3.12453 0
0.228633 3.36545 -1.92356 0
0.490766 2.14863 -1.39107 0
0.0356326 8.33675 -0.838739 0
0.0958021 7.64023 2.20546 0
0.254551 2.99942 1.66734 0
0.106117 4.51499 1.30605 0
0.220355 5.29142 -0.130549 0
0.252395 5.86606 -2.96037 0
0.293581 7.18046 -1.62508 0
0.123938 6.35482 1.62061 0
0.172992 8.10897 -2.39556 0
0.220171 6.67893 2.78364 0
1.40403 4.02198 2.29262 0
0.411629 3.6092 2.52475 0
0.281806 1.42158 1.67364 0
0.0960504 0.124503 -0.0392376 0
0.202959 -3.34582 -2.9266 6.40581613536502
0.151708 -2.48333 -0.235736 20.2845222296425
0.498343 -1.5488 -0.612439 1.17971413580366e-06
0.0322484 -1.96089 -0.254507 1.25966227940825e-05
0.0787384 -0.261328 3.1242 8.57810373451467e-06
0.0525406 -0.313039 3.06291 7.25594760069269e-06
0.0528188 -0.0807534 -1.60629 21.1645534205189
0.224336 -0.268068 -1.49145 16.2520534061306
