2.50965 2.5451 -0.406636 5.07345708165014e-14
0.811757 -4.30443 2.89982 0
13.1418 0.771132 1.21488 7.37741903094858e-14
1.6685 1.61482 1.95497 1.60695492460718e-13
0.726999 1.12338 1.5394 7.21110225243679e-14
0.171306 2.01873 -0.344554 2.41954819658324e-13
0.504431 1.09398 2.21303 2.06725382851861e-13
0.976305 1.66739 0.310203 1.833138217398e-13
1.25574 4.53939 1.37369 0
0.324529 2.70824 -3.00461 0
0.40265 3.93604 1.03323 0
0.589839 1.22092 0.565268 0
1.03182 -0.105256 1.49337 0
1.70172 -0.921482 0.943853 0
1.48329 1.2743 -0.60192 6.82035512605815e-13
7.34936 1.44169 -0.640569 4.93602905068331e-13
18.788 1.34508 -0.671569 6.04192885690045e-13
0.693787 1.91742 -0.623058 8.1859975971904e-14
1.59172 2.17017 -0.54961 8.6446676887151e-14
0.201812 2.33112 0.0819647 3.84504322723066e-13
1.17962 1.65107 -0.40768 3.0723226583555e-13
14.0532 2.31635 -0.250644 2.34604991446832e-13
0.262689 2.58909 1.11784 0
1.35013 0.987319 1.44821 0
1.01068 2.41129 2.28012 0
1.97952 3.52632 1.97618 0
0.930704 3.45234 2.35087 0
0.883122 3.90408 1.72028 0
0.711008 4.29268 2.83662 0
1.019 4.60035 0.230553 0
0.308428 4.43419 2.88952 0
0.515205 5.00131 2.7577 0
0.0498268 7.28702 0.783347 0
0.424154 7.75756 -2.72592 0
0.39792 7.86795 1.6069 0
0.474876 7.15797 -1.65119 0
0.0300567 9.89073 -2.35275 0
0.656822 -2.2125 -1.76087 0
4.58663 -1.13301 -1.26973 0
0.759599 -1.99821 -0.797257 0
1.23611 -1.15685 3.01425 0
3.12991 0.508623 -3.04174 0
0.749337 0.286791 -2.16186 0
0.0823292 1.61371 2.92878 0
0.3039 2.29832 2.88078 0
2.05843 -0.975585 -1.95734 0
0.117013 1.30572 -0.552364 0
0.197888 -0.494958 2.1692 0
0.628728 -2.42078 2.02054 0
0.520332 -2.71394 1.77743 0
6.75606 -3.22195 2.6106 0
2.85725 -3.22341 2.71766 0
4.30876 -3.08217 2.78651 0
1.76231 -3.89433 2.03014 0
0.897531 -4.98593 1.09695 0
0.238284 -4.57406 0.282816 0
0.25019 -3.09926 -0.320882 0
0.729584 -1.55216 -1.52391 0
0.792158 2.3791 0.563307 0
0.08117 1.38773 -1.08026 0
0.290912 1.16688 2.9825 0
0.28888 -2.5276 -0.0844384 0
0.263226 -3.19192 2.33625 0
0.191731 -1.96582 0.0462282 0
0.419403 -9.31716 2.54896 0
0.0941632 -6.2944 0.596466 0
0.238745 -6.73114 0.883196 0
0.530773 -4.93309 -0.371897 0
0.209653 4.88186 1.56045 0
1.42714 5.67833 2.2776 0
0.730755 2.88071 -0.86963 0
0.289727 4.11343 -1.52003 0
0.290907 4.27521 -0.258926 0
2.16776 3.82342 -1.37898 0
0.302656 4.72248 -2.67351 0
0.340169 3.52374 -1.32476 0
0.922071 4.27202 -1.20103 0
0.187603 2.15911 2.53788 0
0.214686 1.50821 2.94765 0
0.93755 -0.873804 2.57686 0
0.424016 -2.8599 0.961954 0
1.38364 -2.99188 -2.71696 0
0.353409 -3.63987 2.61169 0
1.06013 -4.15825 -1.9497 0
2.32322 -3.67111 -1.72914 0
1.04193 -3.81817 -2.00797 0
0.647625 -3.44285 -2.96531 0
0.79237 -2.73726 2.66932 0
0.447011 -3.69344 3.03953 0
0.1202 -1.17266 -2.74765 0
1.09732 0.0964251 2.02539 0
0.511673 1.12852 -2.57845 0
0.742537 0.58657 2.69989 0
1.41966 1.69921 3.0614 0
1.84089 1.88883 -2.922 0
1.86678 1.56425 3.07601 0
3.0268 1.66981 3.08524 0
0.841589 1.48301 2.44025 0
0.851205 -4.961 0.977878 0
0.918486 -4.55085 0.439883 0
1.46838 3.54218 0.333548 1.25731152120111e-13
0.539759 3.22094 -0.521312 8.28281071190145e-14
1.45615 3.49614 0.288261 1.23401581630568e-13
1.53242 2.53159 -1.72817 1.20494165795608e-13
0.45381 2.50928 -2.742 2.15757965775441e-13
0.196639 -5.84147 -1.39888 0
0.0659182 -3.9802 1.59051 0
0.587441 1.91596 0.319109 1.87851192429486e-13
0.22108 0.778179 1.51564 1.03168325813874e-13
1.76329 1.4927 1.18204 8.30678413767249e-14
0.671715 1.84172 -0.189329 2.33585403345621e-13
0.929474 1.41416 0.829672 1.03273863338046e-13
8.12902 0.744978 1.39696 9.25559175882424e-14
3.42797 1.48835 1.07347 8.66862357788103e-14
0.518011 1.66311 0.791511 1.29630077598769e-13
2.59318 1.77173 1.04172 1.23905061841751e-13
0.538663 2.24538 0.637554 1.7891731954016e-13
0.897215 4.84698 1.21968 0
4.66738 5.04105 1.48272 0
0.774547 -0.296855 -2.68906 0
0.582386 1.01107 -2.69905 0
0.700488 0.571617 -0.914218 0
0.450004 0.723423 0.857006 0
3.95562 -0.59816 1.08762 0
5.4157 -0.61401 1.1218 0
1.36531 -0.679345 1.3855 0
0.0983422 -0.933316 -1.07456 0
0.920134 -0.0722741 -2.11098 0
6.40794 -0.585418 -2.08967 0
27.6935 1.35285 -0.708339 6.00951021937109e-13
5.27697 2.36164 -0.274431 2.38562215034262e-13
8.21036 2.41367 -0.226205 2.69718062247979e-13
1.12733 2.58342 1.51672 0
0.213959 2.0626 2.68833 0
0.294059 2.73419 2.60244 0
0.458747 1.45546 -2.20921 0
0.175323 3.86629 -0.235174 0
0.71786 3.22253 2.44342 0
0.190112 2.89148 2.18296 0
0.286268 5.54654 -0.0815785 0
0.260932 7.66535 -0.614438 0
0.673938 -2.7932 1.00053 0
0.595292 -2.11134 0.33306 0
0.908231 -2.36821 -0.252699 0
1.27654 -2.73313 -1.84709 0
0.156574 -1.65426 -1.51509 0
0.464378 -1.69574 -1.09232 0
0.325942 -1.50632 -0.504125 0
2.97605 -1.44712 -1.36887 0
1.03393 -1.30409 -0.997063 0
0.459048 -1.9977 0.355613 0
0.405064 -1.46664 -3.02711 0
0.484875 -2.15017 -0.48014 0
0.117867 -1.11526 3.05169 0
0.386641 -0.717809 2.70796 0
0.547635 1.81869 -1.84789 0
0.449251 1.95756 0.489969 0
0.293145 1.55337 2.51113 0
0.683123 2.29477 0.531482 0
0.819505 1.38326 0.776723 0
0.198 -0.903193 -2.63897 0
2.47101 -0.606817 -1.92708 0
3.20605 -0.492293 -2.06271 0
5.13262 -0.562627 -2.16021 0
0.693064 -0.55573 -2.53903 0
3.51398 0.695493 -0.80616 0
0.548846 0.273627 -1.5206 0
2.01418 0.631826 -0.588796 0
0.289049 -2.41797 -2.05345 0
1.65622 -3.03821 2.67091 0
2.86282 -3.12776 3.02246 0
0.634081 -4.89778 0.964008 0
0.269297 -4.32221 0.801816 0
1.57996 -4.88781 1.53995 0
1.09334 -4.65842 1.19033 0
2.39839 -4.54183 1.61411 0
0.611025 -3.70792 1.3502 0
0.397776 -3.77722 1.25002 0
0.507186 -4.44961 3.00385 0
0.309108 2.23915 2.44467 0
0.473755 1.29226 -0.99931 0
0.776265 0.650597 1.90592 0
0.344113 0.550847 -1.0747 0
0.201217 -2.96434 -1.75319 0
0.585873 -2.84059 0.233794 0
0.525557 -1.99949 1.15486 0
0.151727 -7.02401 1.50086 0
0.0750812 -4.69892 -0.675232 0
0.498968 -4.35146 -3.07926 0
0.147835 5.1121 2.48387 0
0.52954 5.12604 1.75582 0
0.120303 6.67819 1.0754 0
0.954841 4.76864 1.46347 0
0.149931 3.57631 -2.28825 0
0.17381 4.10284 1.20058 0
0.999585 1.24452 -1.03429 0
0.183109 0.989129 0.574924 0
0.104799 -1.17208 1.69921 0
0.103134 2.13612 -1.01772 0
0.217064 -0.0281423 -0.0792645 0
0.595624 0.361017 1.25026 0
0.578801 -1.71473 2.59385 0
0.185174 -1.03153 0.439315 0
0.320063 -2.50163 -2.22865 0
0.866995 -2.40323 2.48463 0
0.228603 -3.75277 -1.83548 0
0.336704 -2.31095 1.57791 0
0.151563 -4.1792 2.67161 0
0.523783 -3.73379 -0.618677 0
2.9764 -3.45478 -1.57347 0
0.27119 -3.2122 -2.19472 0
4.66641 -3.65218 -1.60883 0
2.24478 -3.70671 -1.53637 0
1.92193 -3.76624 -1.85079 0
0.701746 -3.14507 -2.94362 0
0.15973 -0.777926 2.18477 0
0.774083 -2.19842 3.01375 0
0.444563 -1.62617 2.69305 0
0.734975 -2.34953 -2.74634 0
9.99451 -1.73646 -2.71579 0
0.862663 -1.66289 -2.88565 0
0.606443 -1.44668 -2.80714 0
2.93393 -0.518179 2.74586 0
1.58178 -0.796678 2.65832 0
0.36192 1.97528 2.97763 0
0.207777 -0.159703 -3.12779 0
4.34176 1.67545 -3.06255 0
0.960258 0.436043 2.73364 0
0.301608 -3.41728 -1.44762 0
0.0630655 -4.71407 1.25088 0
1.84251 0.720919 1.01935 1.01746690505478e-13
1.78549 0.539216 1.03092 1.49644714411677e-13
0.533942 1.60146 2.10914 1.92333388012956e-07
0.180273 1.38858 1.51204 6.73396148257467e-07
0.135375 1.72893 -0.563633 2.67991392264927e-13
0.361376 1.32885 1.19338 5.55806782975311e-14
1.55404 -0.520359 1.25843 0.926312844333211
0.69213 -0.546613 1.14972 10.5580153377031
10.1688 -0.535963 -2.14384 0
1.52138 -0.636867 -2.12356 0
12.0302 1.34945 -0.690921 6.0191173653607e-13
1.74892 1.28158 -0.700914 6.83103674269493e-13
1.89615 2.37387 -0.158357 2.84755397103031e-13
3.38877 2.42825 -0.293328 2.53139607249081e-13
0.493169 1.61907 1.86839 0
0.360518 2.17469 1.71512 0
0.988914 3.88005 2.60847 0
0.856724 3.93531 2.16679 0
0.24349 3.70027 1.19668 0
0.288091 4.20608 2.04576 0
0.966884 -3.13489 -0.203533 0
0.132447 -3.02807 -0.605658 0
0.426809 -0.552293 -1.153 0
0.240631 -1.48219 -0.265877 0
0.596017 0.366489 -2.33194 1.94648948237025e-08
0.247169 0.349674 -2.18779 2.92133460020633e-08
0.130582 0.749205 -1.62286 0
0.327315 0.12264 -0.502081 0
0.0634152 -3.55408 0.284845 0
0.0320565 -2.46387 2.25737 0
1.22488 -3.2255 2.85991 1.25982045866266
0.316586 -2.31426 -1.69474 0
0.102213 -3.50565 -0.253852 0
0.115273 -4.19674 -2.91347 0
0.254937 -5.04523 1.06951 0
0.225705 -3.49558 -0.892777 0
0.301485 -3.31091 -1.85242 0
0.120658 0.569462 2.50655 18.5370889327981
0.0973954 2.06772 1.10882 0
0.103562 5.27695 -0.647222 0
0.186608 4.94499 -2.95566 0
0.119502 3.87036 -2.1489 0
0.140483 3.32292 0.466568 0
0.483086 3.58283 -1.29838 0
0.584522 4.10378 -1.51016 0
0.151902 2.26564 -0.827708 1.48469639980954e-07
0.407492 2.55115 -1.68085 3.47234991599833e-08
0.436677 2.15497 -1.71681 0
0.635439 1.46331 -1.07416 0
0.289371 -0.0140977 0.701963 0
0.125596 0.703069 -1.33773 0
0.0541901 -3.26276 -1.8473 0
0.319705 -2.72337 0.618702 0
1.31602 -0.780497 2.97566 0
0.442973 -0.870511 -3.00553 0
0.844117 -0.435107 3.0584 13.2600035057155
0.39441 0.836049 -2.96997 0
0.596244 0.371949 -2.78889 0
0.373131 0.946953 -2.93641 0
0.144923 0.552707 -1.84992 0
0.338974 0.402906 1.46336 26.8010996760294
0.352397 0.783459 0.268564 21.0182785746976
0.660533 -1.17293 -1.57789 11.6841153370595
0.0780037 -0.886741 -0.380953 122.04287458115
0.263056 -2.40989 1.02257 6.93451217394775
0.202576 -2.37493 -3.07632 9.3022019835578
0.66724 -1.60126 2.60592 27.4286743255039
0.561183 -1.75254 1.93765 28.3651575867758
0.935919 3.25401 0.505262 1.81725926342215
0.244164 3.95027 0.0533238 3.47369446997525
0.321939 0.288193 -2.41366 10.6036126831813
0.243795 1.22284 2.70807 7.89600878769378
9.09131 2.63831 -1.69905 0.860671423140458
4.01322 1.54926 0.560808 0.0178266428803507
8.29347 0.698017 1.41081 0.529405578721967
5.04498 0.8675 1.40551 0.555457122809528
0.72308 0.871755 1.38244 1.82335054793432e-05
0.0708739 0.906695 1.45641 3.53804551162955e-05
1.04663 -0.279335 -1.97304 0
0.0188259 -3.49147 -2.01477 0
0.11839 3.76417 -0.0332589 0
0.0514395 3.40173 2.53801 0
0.196893 1.96344 2.89971 9.50726986550934
0.108436 1.27586 -1.8716 42.2354789798468
0.152066 1.39621 -0.77217 10.2511277578977
0.138596 2.96387 -0.902946 6.75053744590386
1.03901 0.562928 1.21523 0.186365812592363
1.60784 0.5878 0.999837 0.1863938071851
0.224848 2.06066 0.395667 4.52844341178786
0.034895 0.77959 -2.60758 43.7532077090487
1.19331 0.249013 -2.7407 0.0891472095999789
2.26273 0.649553 1.10816 16.1915501784254
0.760558 0.893455 0.939664 41.307012869343
1.0829 0.343366 -2.90199 0.24591598134435
1.7518 0.448741 -2.82286 0.306461913625681
