24.218 2.37591 2.52191 2.64877808293521e-13
0.729271 -7.16998 -2.05717 0
1.12029 9.10657 2.13998 0
0.349403 1.33559 -1.25578 0
0.147821 -0.81324 -0.345283 0
0.628229 2.38588 1.44407 0
0.255347 4.0474 -1.20913 0
0.107166 3.47067 -2.26697 0
4.61253 3.8625 0.980392 0
2.4337 3.74095 1.01155 0
0.660078 0.395221 1.93657 0
1.36304 3.83283 2.27584 0
0.725141 3.96225 -1.67347 0
1.56469 4.5405 2.61221 0
0.242463 1.85611 1.30023 0
0.710282 1.53792 1.13894 0
0.451302 0.778591 -1.77404 0
0.278074 0.999232 1.30749 0
0.632131 -0.635236 1.25498 0
0.814695 -0.800218 -0.439662 0
2.59882 -4.53871 0.82249 0
1.00717 -4.20902 0.889534 0
0.848263 -4.43699 1.04832 0
3.98395 -4.67321 0.844962 0
1.84492 -4.17579 0.652402 0
0.920415 -4.59695 0.231293 0
0.701676 -1.60522 -1.68501 0
0.0847291 -2.85006 2.17038 0
3.0065 -1.81359 -0.816253 0
3.08434 -1.69872 2.68014 0
0.0862308 -1.6725 -2.25737 0
0.96738 -1.57296 2.88981 0
4.78257 -1.53067 2.44068 0
1.20803 -1.33647 -3.08658 0
0.834487 -0.85441 -1.67359 0
0.374854 0.252421 2.88825 0
0.672089 -0.352413 2.93333 0
0.874167 0.883198 0.656344 0
0.79277 -0.0678249 0.763672 0
0.345404 -4.50427 -1.98221 0
1.39626 -2.56882 -2.89694 0
0.791325 3.63434 0.589516 0
0.894972 3.75263 -1.41634 0
1.99197 2.33665 -0.533518 0
1.74822 2.96174 0.0347967 0
0.131251 1.79564 -2.35771 0
1.97097 2.88258 -0.00622067 0
0.462068 -0.3237 0.413487 0
0.0914185 -0.995203 -1.89517 0
0.297972 -2.13335 0.758329 0
0.566584 -4.20194 2.61506 0
0.536717 -7.68313 0.225362 0
0.301065 -8.0618 2.25963 0
0.507973 -9.3873 -2.03392 0
0.405222 0.419535 1.45326 0
0.464876 2.2537 1.90676 0
0.128539 4.07834 2.96988 0
0.383267 3.01889 -1.13692 0
0.0993282 -0.567789 2.60224 0
0.455611 -0.886105 -0.454576 0
0.383525 -0.596204 1.31169 0
0.589607 -2.6813 -1.0789 0
0.343595 -1.6839 0.363497 0
0.422867 -1.94091 0.849175 0
0.0548555 -4.79409 0.593452 0
0.583852 -3.98976 0.222069 0
0.181877 -3.24038 -0.154334 0
1.60691 -2.25381 -0.724276 0
0.177194 -2.28759 2.83111 0
2.91493 -1.41895 2.60962 0
1.65426 -1.30921 -2.85558 0
0.864202 -0.880951 -3.04957 0
0.285546 -0.496156 2.33585 0
0.0513402 -1.36336 2.05197 0
0.541509 -1.26858 -1.50058 0
0.291606 -0.326875 1.25453 0
0.513635 2.91844 3.04354 0
1.43938 4.27435 -0.139633 0
0.457825 3.5986 0.0221776 0
0.58738 3.83648 -0.115841 0
0.326594 4.104 -1.91465 0
1.36185 3.54374 -0.661794 0
1.09178 3.29124 -0.105359 0
0.272133 -0.15112 -1.97489 0
0.69616 -0.52767 2.78348 0
0.600505 -1.08126 -1.31496 0
0.382391 -0.725783 1.66451 0
0.107104 -5.58913 0.846829 0
0.418264 -6.02307 0.265318 0
0.073562 3.41951 1.03427 0
0.347795 2.42721 -0.783049 0
0.261434 3.47186 -2.49222 0
0.362261 2.64089 2.80292 0
0.156775 1.13277 2.4209 0
0.141013 0.338423 0.995984 0
0.412057 -0.360003 0.444467 0
0.16514 -1.09955 0.112279 0
0.175945 -3.78734 1.14547 7.18653586383324e-09
0.0652787 -4.42838 -2.9553 1.00941714089589e-08
0.104831 -3.62232 0.551177 0
0.271649 -2.11117 -1.00483 0
1.17446 -1.86658 -0.708481 0
1.18249 -1.22076 -3.0482 1.41745345435381e-09
1.33932 -1.17871 -2.95586 1.12913091290927e-08
0.226573 0.507417 2.43791 0
0.152597 -0.887388 0.917713 0
0.219849 -2.12885 0.695373 0
0.270709 -1.89823 -2.56485 0
0.349193 -0.34876 -1.39142 0
0.230788 -1.47323 -0.621772 0
0.814066 2.32559 -0.180716 3.09902520812398
0.0491437 1.61154 0.761514 36.9407341970084
0.309559 -2.34428 -2.55359 0
0.0873888 -1.25349 0.0391133 0
1.18973 -1.17654 -2.95053 2.72868442586078
0.336096 -1.28835 2.74217 8.79912051179273
0.822886 -1.04348 2.8189 21.8332757235354
0.6021 -1.09162 -2.87506 28.7632191276009
0.472798 2.93775 1.02381 2.00085368498733
0.338861 2.58634 0.0499056 3.9476383832395
0.30971 -7.3775 -2.18448 1.62189135962061e-06
0.105041 -7.38777 -2.19253 1.44815632087993e-06
0.732666 -0.604146 0.107368 1.67211331826394e-08
0.623741 -0.489816 0.341518 6.55316173659006e-09
