0.123709 4.05686 2.82326 0
0.237611 1.70397 -1.93343 0
1.20843 1.72379 -0.236753 0
0.168887 3.67213 -1.07549 0
0.941346 1.48006 0.699202 0
1.21771 1.17207 0.346775 0
3.23182 -4.60837 -2.39298 0
3.00779 -3.67085 -2.78639 0
1.40734 -3.23517 -2.16463 0
0.463433 -3.89667 0.520083 0
1.80044 -5.93197 1.89943 0
0.891115 -6.4467 2.27471 0
0.947423 -6.68138 0.0683299 0
0.596335 3.70733 -2.74398 0
0.53899 4.08454 1.43155 0
1.0558 -0.712075 1.69556 0
0.50862 -1.0594 0.364924 0
0.440702 -4.2534 -1.70756 0
0.530449 -4.39822 2.74507 0
0.155031 -3.13684 1.11462 0
1.26431 -2.98952 1.93336 0
0.703012 1.36798 -2.09472 0
1.48131 0.626031 -1.47188 0
0.360463 -4.07831 2.82148 0
1.39707 -4.48844 0.386962 0
0.20658 -4.53772 -2.92262 0
0.249262 -3.49262 -0.943947 0
1.70471 -2.2315 -1.73399 0
2.95666 -0.350002 0.416721 0
0.358579 0.416098 0.195765 0
0.454045 0.709136 -0.48287 0
0.188974 0.343686 -1.39897 0
0.26298 0.602941 -0.592281 0
1.22117 0.415401 -1.04136 0
0.359026 1.01479 -1.00986 0
0.356906 0.347371 -0.908032 0
0.103704 -0.733033 -0.733338 0
0.870123 -2.14026 0.280342 0
0.188001 -2.33226 -0.364159 0
0.451735 4.46809 0.728835 0
1.64395 4.25669 0.972865 0
1.92648 4.48647 0.148473 0
0.761693 4.66767 0.62736 0
0.889736 3.28636 0.925007 0
0.96458 2.23561 0.660127 0
1.45191 2.13469 2.2118 0
0.684844 2.41471 2.69464 0
1.80686 1.71854 2.41128 0
1.35008 1.87588 2.37999 0
0.182402 1.80547 -2.29841 0
0.54104 2.3804 2.53231 0
0.691411 1.0728 -2.1203 0
1.12399 1.37404 -2.53804 0
1.23502 1.38833 -2.26097 0
0.657053 0.126371 -2.06414 0
0.723682 -0.279522 1.68955 0
0.0831173 -1.29779 -1.32653 0
1.3101 -2.28497 0.67067 0
1.1748 -2.05582 -0.104391 0
0.834641 -1.64247 -1.32147 0
0.8033 -2.32641 2.73182 0
1.65764 -1.3553 2.24404 0
2.12468 -2.12631 2.70008 0
0.353377 -1.55149 1.92669 0
0.849662 -1.23887 1.8757 0
1.65034 -2.26308 2.35723 0
0.383138 -2.6306 1.26415 0
0.656652 -3.26646 2.70878 0
0.184183 -2.77183 1.23912 0
0.252211 3.54298 2.18015 0
0.58694 4.30363 -1.39405 0
0.713849 3.26821 2.30606 0
0.48626 4.25433 -0.624718 0
0.715247 0.261281 -0.688663 0
0.244617 1.76348 -0.204971 0
0.21197 -3.68551 1.99388 0
0.142676 -4.58746 2.84043 0
0.604368 -5.75046 0.491761 0
2.57863 -6.09769 -1.02983 0
0.334254 -6.0636 -2.74802 0
0.381836 5.47374 2.96474 0
2.49561 5.32852 0.665026 0
0.46106 6.28612 -2.84796 0
0.247145 7.95399 2.74503 0
0.503753 6.51639 0.954452 0
0.726954 7.28028 -2.27144 0
0.385593 4.76851 -1.33858 0
0.399886 3.16498 2.3756 0
1.09239 0.0837625 -2.28864 0
0.870349 -4.56362 -0.653072 0
0.410882 5.74769 1.60185 0
0.385603 4.62493 3.07672 0
0.370903 2.72541 0.798193 0
1.54489 -5.39439 -2.48757 0
0.707371 -5.15009 -2.22453 0
0.176293 -4.12717 2.88807 0
1.85874 -3.76903 -2.00522 0
0.22281 -4.5679 -2.47184 0
0.643115 -6.32258 2.03058 0
1.20447 -7.17726 0.212521 0
0.032393 -9.67942 1.21186 0
0.789473 -6.40372 -0.418582 0
1.07219 3.43183 -0.914018 0
2.76815 3.23245 -1.36247 0
0.850476 4.03142 2.01024 0
0.218977 4.76403 2.11891 0
0.460116 3.5712 2.91672 0
0.237777 2.67242 0.665072 0
1.41787 -1.70219 1.88005 0
0.451061 -2.99053 0.511157 0
0.499896 -3.37227 2.11989 0
0.234288 -1.31516 -1.26095 0
0.463257 -0.35137 1.63953 0
0.683746 -3.79198 0.0690389 0
0.59908 -2.95507 -0.286811 0
0.799501 -3.68846 0.2487 0
0.533642 -2.927 -0.447404 0
0.711529 -2.04615 -1.32221 0
0.525808 -1.0227 -1.61642 0
2.17675 -1.14682 -2.26294 0
2.03006 -0.615416 -2.08107 0
0.353638 -0.2515 -1.37652 0
0.8223 -0.661573 -2.41808 0
0.148405 -0.515594 0.0711317 0
1.88683 0.0213744 0.744315 0
0.425597 0.456673 0.0605425 0
0.291177 0.969327 -1.87267 0
0.0753479 -1.83923 -1.21427 0
2.21783 0.963202 -2.07833 0
0.784246 6.16465 1.1397 0
0.274547 7.09386 2.92107 0
0.421757 5.55303 2.52192 0
0.135465 1.50682 -0.571079 0
0.501078 -1.72585 0.706067 0
1.26793 4.86369 0.744365 0
4.88163 4.20537 0.337952 0
0.136343 4.65677 1.24849 0
0.199898 3.4462 -2.35239 0
1.16881 3.28788 0.511251 0
0.410446 1.61849 3.08238 0
0.174816 0.625572 1.87796 0
1.04374 2.21606 2.25861 0
0.507174 1.41081 1.91652 0
0.409375 3.45267 -2.92045 0
0.218718 1.38669 -1.6376 0
0.514933 2.39721 2.80804 0
0.807089 1.68724 2.90005 0
0.628755 0.734308 -2.75388 0
0.251531 0.484401 1.80215 0
0.774808 0.418172 2.03094 0
1.19213 -0.232028 2.12757 0
0.699461 -2.18832 -1.85556 0
0.328074 6.20185 -1.15575 0
0.781622 5.52783 -2.35614 0
0.24364 5.11547 3.12678 0
0.435727 0.180828 2.33118 0
0.316198 -4.32362 -1.23747 0
0.367544 -5.72681 -1.25495 0
0.466525 -5.37863 2.98247 0
0.222917 -8.20038 0.420298 0
0.135325 -6.32453 0.853493 0
0.949921 -5.38067 -1.14678 0
0.681535 4.68996 -1.72252 0
0.703979 4.90323 -0.399922 0
0.486854 5.48865 -0.682259 0
0.340214 -2.94445 -2.85575 0
0.136666 3.41193 -1.41087 0
0.216314 2.29425 2.49539 0
0.0929327 -6.32888 -0.667899 0
0.220736 -5.82973 2.27201 0
0.346184 5.14063 2.41672 0
0.645923 4.80951 2.10809 0
0.687656 4.56082 2.44232 0
1.11236 4.51228 2.29831 0
0.162039 4.01905 2.94549 2.33828646107929e-10
1.51671 1.94052 -1.14213 0
1.02843 1.8981 -0.718435 0
0.195773 1.192 -0.650987 0
0.476827 1.33068 -1.49594 0
0.134413 1.48454 -1.52582 0
0.529223 1.12686 2.30364 0
0.485527 -3.30151 0.794711 0
0.144502 -4.09647 1.52023 0
0.0837545 -2.73013 -2.43451 0
0.110413 -1.58408 -0.398872 0
0.426651 -2.5278 -0.180599 0
0.224286 -2.67399 -0.913115 0
0.202084 -1.47841 -2.40219 0
0.467079 -0.988216 -2.38566 0
0.452179 -0.0041922 -0.364413 4.07773579908741e-05
0.207865 -0.0058373 -0.385435 3.26623314190877e-05
0.395156 -0.547772 1.2394 0
0.644796 0.0395573 1.05589 0
0.390106 0.120002 1.82948 0
0.318753 -0.639726 2.56259 0
0.449835 3.77843 -0.0602659 0
0.683704 4.01333 -0.593804 0
0.215994 4.11501 1.49334 0
0.651554 2.81973 1.58856 0
0.437936 3.53234 2.43156 0
0.118464 2.58592 1.48881 0
0.599368 1.92088 -2.6691 0
0.816924 1.65099 -2.61447 0
1.11306 1.629 -2.61249 0
0.292591 2.0997 -2.36335 0
0.315011 -1.14611 0.89843 0
0.258344 -0.728599 -1.46853 0
0.267899 -1.18686 3.07788 0
0.322546 -1.67451 -1.99085 0
1.41229 -2.23901 2.10886 1.89370075483983e-09
0.305082 -2.33896 2.20055 3.31948795464574e-09
0.390097 1.2588 -0.743568 0
0.148992 1.69757 2.63314 0
0.163949 -1.09267 2.38273 0
0.132507 -0.84491 1.26289 0
0.0455475 -6.00441 1.52424 0
0.252054 -5.41138 -1.99669 0
0.341429 -6.38603 -1.12149 0
0.0738236 -7.66027 -1.93082 0
0.758244 4.8813 -1.20308 0.367556129745853
0.211512 5.88479 0.141132 0
0.472796 5.06455 -0.195412 0
0.316308 5.71638 0.438958 0
1.73633 5.3337 0.625846 0
0.120238 6.03289 1.34365 2.90149960417431e-08
0.251738 5.05592 1.03828 2.64881344307639e-08
0.649655 -4.10668 2.38677 3.47347294055025
0.344372 1.05178 -2.80435 20.0014235956265
0.543984 1.2882 -1.87359 10.4339930852968
0.326753 -3.88306 1.13537 5.2350391690993
0.256318 -2.72622 1.17046 21.1183849335257
0.0199487 6.81822 1.69093 1.77018928336842e-05
0.121951 6.86109 1.05769 1.08527222996014e-05
0.162131 1.5622 -0.870104 46.4377222162483
0.354179 1.79711 -2.71964 17.0364718179361
0.041905 3.4714 1.09978 0.000141188302133044
0.0458577 3.49697 1.02743 0.000143405565769365
2.1471 3.01247 -0.619917 1.53070606428952
0.401572 3.25557 -0.670613 6.37043445993391
0.519133 3.28494 2.84952 0.0626053149201579
0.69963 3.88855 2.5174 0.0245123574537051
0.237767 1.35413 -1.45166 9.84998561552764e-08
0.0263259 3.21543 -1.34706 2.7581035471536e-07
