0.665148 -2.02367 -1.4054 0
2.09604 6.11084 2.04616 0
0.121738 3.45666 0.379893 0
1.85619 -1.55975 2.90091 0
1.02644 3.80214 2.48292 0
2.15735 -1.8967 1.24265 0
3.30538 -1.54964 1.7515 0
0.922937 -4.4103 1.3036 0
0.650841 -4.9578 -0.908721 0
0.99101 -3.11757 -2.81897 0
3.41264 -2.96467 0.795261 0
2.48074 -1.88758 0.347974 0
2.1607 -2.95821 2.93968 0
0.442867 5.23264 -1.2578 0
0.400882 3.46965 -2.8787 0
0.503918 2.91747 2.94525 0
1.53093 3.77033 2.35174 0
1.19191 4.41368 1.79529 0
2.15184 4.89427 2.40428 0
0.324168 5.34411 2.19318 0
0.228043 6.45838 2.05889 0
0.499759 5.92665 -2.99944 0
0.940172 1.65966 2.04427 0
0.134898 2.14867 -1.34034 0
0.474136 0.685509 -0.0480756 0
1.29906 -0.53004 0.405451 0
0.623542 4.75324 0.966211 0
1.35069 4.16941 0.140618 0
4.11614 4.91245 -0.61396 0
0.78666 3.75036 -2.15366 0
2.59867 3.42025 -0.745715 0
28.0103 -1.74448 0.83763 1.7697903903103e-13
0.649118 -2.04092 0.82878 1.33157439448727e-13
0.12534 -0.228894 -0.15491 5.14085403610192e-13
1.43668 -1.72976 1.51359 1.73530231422309e-13
0.934339 -1.64364 -2.63787 1.94530773181004e-13
3.48729 -1.88016 -2.49341 1.5689910660837e-13
1.23542 -2.38785 -2.64438 9.45421284428925e-14
4.44718 -2.26786 -2.30682 1.09888971730253e-13
5.0919 -2.33377 -2.38082 1.0244308327769e-13
1.20148 2.63441 3.0377 0
0.447007 0.0430291 -1.49387 0
0.343753 1.01046 1.94769 0
0.555154 4.15096 1.59491 0
0.501339 4.61489 -2.47911 0
0.412565 3.28745 0.153767 0
0.262964 3.453 -2.702 0
1.99772 -4.13536 -1.0922 0
0.433017 -3.84549 0.301315 0
0.277873 -3.03974 2.26084 0
1.31621 -2.7285 -2.50317 0
1.09751 -2.24027 -2.52576 0
0.575593 -1.86531 2.97548 0
0.299424 -1.41993 2.12743 0
0.857656 -0.451259 3.10228 0
0.747906 -1.378 -2.72546 0
0.372225 -1.77263 2.76595 0
0.562444 -0.447646 -3.03725 0
0.562006 -2.49276 -0.96697 0
0.463943 -1.50139 0.911606 0
2.11923 -1.18301 0.135384 0
1.10675 -0.404841 1.13781 0
0.517239 1.24626 -0.332309 0
0.507731 1.88177 -2.45242 0
0.116796 3.33423 2.07633 0
1.12204 1.4067 -0.636579 0
0.492616 2.62221 -2.41927 0
0.64889 2.96864 -2.36364 0
3.28339 3.17779 -2.74028 0
0.945796 3.24897 -2.14612 0
1.42829 5.67561 2.08402 0
0.698896 3.22044 -0.329657 0
0.231441 2.44907 -0.556801 0
0.467095 1.38352 0.167186 0
1.36667 -2.37319 -1.85314 0
0.158205 -3.9945 -2.09031 0
0.734097 -2.8427 -3.10275 0
0.576783 -3.32479 2.70115 0
1.36045 -4.06543 -2.15985 0
0.489869 -4.31481 -1.05435 0
1.48044 -3.95047 -0.598156 0
0.556137 -4.53104 0.865153 0
1.85484 -5.07329 2.27291 0
0.677559 -5.88675 -1.38477 0
0.453397 -6.25817 -0.962656 0
0.68044 -5.60027 2.94708 0
1.9571 -5.94832 -0.395449 0
1.36568 -5.4952 0.240146 0
0.97385 -5.92156 0.31303 0
0.809873 -5.92381 0.010826 0
0.803659 -6.18169 0.999903 0
0.650474 2.39333 2.36474 0
0.477558 1.09631 -1.92838 0
0.117163 -2.1646 -0.182227 0
0.843099 -3.22791 0.97666 0
1.77685 -2.86267 0.220846 0
0.803234 -2.82713 0.359986 0
0.133117 -3.8258 -1.80708 0
0.600301 -4.55198 -2.06336 0
0.172205 -5.69136 3.11615 0
0.17643 -3.97784 -0.243994 0
0.233034 0.740891 0.48224 0
0.704352 -0.577849 -1.8899 0
0.430562 -0.657612 1.90961 0
0.375977 0.774818 2.37034 0
0.587126 2.70125 0.77836 0
0.409259 2.42323 -1.95737 0
0.494223 4.44015 -0.0494949 0
0.390201 4.72952 -1.66516 0
0.0401117 6.17045 -2.05258 0
0.76048 4.74031 0.0897213 0
0.738641 5.9258 -1.30976 0
0.390751 3.68406 1.49271 0
0.319013 3.94526 -3.02473 0
0.80162 -1.70229 2.31512 0
0.911389 -2.89171 -0.944535 0
0.479648 -1.81306 -0.552105 0
1.05703 -5.43741 -0.367364 0
0.0419335 -3.80337 -2.94833 0
1.18205 -2.36913 0.211647 0
2.15764 -2.5339 0.804483 0
0.24294 -2.67527 1.35923 0
1.87576 -2.23102 0.719749 0
0.156516 -3.52226 0.2569 0
0.261003 -5.59598 -1.32754 0
0.29393 -3.4959 2.37748 0
0.270459 -2.7879 1.06719 0
0.544101 5.06788 -2.81352 0
0.630452 6.03485 -3.13497 0
0.662417 4.53699 1.37628 0
0.736685 1.82859 2.52219 0
0.156938 3.94763 2.80603 0
0.729456 2.48845 2.83876 0
0.180012 2.09971 -2.79692 0
2.72096 1.35386 1.61503 0
0.55486 0.555817 0.28545 0
0.397558 -0.624621 0.159341 0
0.560609 0.453856 0.18317 0
1.21727 5.41547 0.620711 0
0.135419 5.7006 1.01391 0
1.25558 4.46931 0.234846 0
0.548611 5.19897 -0.480013 0
0.947134 4.27298 -0.660925 0
0.421838 4.94512 -0.0745764 0
0.566068 4.50207 -0.670307 0
0.66519 4.1682 -1.19722 0
1.25381 4.6133 -1.09603 0
1.30143 4.33647 -0.530037 0
0.406876 3.41792 -0.381484 0
0.43827 2.52423 -1.53538 0
0.904792 -1.6421 0.666767 1.96546254493387e-13
0.282272 -2.44634 0.848231 8.93329569425558e-14
0.927162 -2.04313 -2.11512 1.3792470882216e-13
4.97022 -1.9 -2.47442 1.54151979622307e-13
1.19083 -2.19035 -2.77811 1.13532226705111e-13
9.62793 -2.31711 -2.36478 1.04252568733166e-13
0.742738 -2.99375 -0.68661 0
0.484531 -5.04026 -2.89192 0
0.585703 4.26083 -2.3503 0
0.141566 2.68965 3.02539 0
0.0592169 5.1953 2.12736 0
0.198352 0.468137 -2.17406 0
0.183978 0.111208 -2.75089 0
0.330582 2.45928 0.987264 0
0.316769 1.16277 -2.08916 0
0.39894 -1.52576 -1.46958 0
0.751574 -2.1811 2.11581 0
0.6934 -4.44139 -1.02103 0
0.162229 -3.94824 -0.183273 0
0.823199 -2.668 -2.6314 0
0.516135 -0.702043 -2.8771 0
0.819824 -1.71949 -2.959 0
0.581914 -0.00540447 -2.63275 0
1.69428 -1.20394 -0.682591 0
1.49351 -1.20788 -0.539397 0
0.743812 -1.38849 0.168449 0
2.18852 -0.561862 0.255113 0
0.148713 0.0205251 0.173558 0
1.65916 0.633045 -0.78217 0
1.52718 1.65106 -0.412624 0
0.984893 2.21965 -0.415928 0
0.276956 3.01414 -0.649655 0
0.6435 2.10658 -1.13785 0
0.447398 5.22345 2.76464 0
0.203688 3.34625 2.53841 0
0.939938 3.69704 -1.5134 0
0.436749 4.02066 -1.26652 0
0.457549 2.97874 0.7415 0
0.982138 3.09651 -1.96879 0
1.41458 2.64229 -1.33074 0
0.444474 1.3658 0.555838 0
0.343507 1.13069 -1.74323 0
0.343935 1.03983 1.91453 0
0.209236 -2.82291 0.185509 0
0.659077 -3.73255 -1.54416 0
0.680517 -3.26703 -0.859755 0
0.654731 -1.37495 -1.87235 0
0.579452 -3.11848 3.00881 0
1.14566 -3.87929 -2.76783 0
0.501073 -3.47501 -2.45556 0
0.909955 -4.08926 -2.8205 0
1.48693 -4.18589 -1.1845 0
0.499295 -4.60524 0.643657 0
0.662142 -4.73182 -0.491461 0
0.189925 -5.43868 -1.32307 0
0.118677 -6.22101 -1.46515 0
0.0752823 -6.59315 1.19095 0
1.16151 -4.75593 2.46814 0
1.11508 -5.88471 2.299 0
1.56885 -5.79315 3.09045 0
0.0339807 -6.28188 2.01565 0
0.497901 -6.47846 -1.28298 0
0.790415 -5.50313 0.332155 0
0.321536 -6.79428 0.399794 0
0.347066 -4.94765 2.20493 0
2.30346 1.5251 2.21909 0
1.68345 1.20584 2.73548 0
0.288333 1.60883 1.26108 0
0.577609 -1.04649 -0.111795 0
0.11087 -2.90561 3.00802 0
0.52144 -4.67558 -2.97454 0
0.511187 -3.82634 -2.95559 0
0.432786 -2.75352 -2.18886 0
0.171513 -1.33209 -1.49692 0
0.689077 1.77378 -2.2943 0
0.405858 1.50715 1.42869 0
0.451921 1.69532 2.53086 0
0.224636 2.29996 -2.95409 0
1.42637 4.66216 -0.68441 0
0.0948799 4.22403 -2.56415 0
0.212651 -2.54484 1.39638 0
1.20144 -2.88958 1.7121 0
0.616492 -3.25716 1.20461 0
0.36532 -3.20081 0.713227 0
0.17381 5.41783 2.70018 0
1.96581 5.08966 -0.6102 0
0.772461 5.24036 -1.01464 0
0.236072 3.26203 -1.0779 0
0.487552 3.87991 -1.49291 0
0.23109 -2.04356 -3.08425 0
0.181341 -2.765 -0.993161 0
0.119842 -5.6948 -2.40681 0
0.304624 -3.99043 2.77396 0
0.504567 -0.510624 2.81009 0
0.383667 -0.17414 -3.02283 0
0.816165 -1.1494 0.109903 0
0.0900059 0.759142 2.06371 0
0.347898 0.0974489 0.573938 0
1.84308 0.248955 -0.0410822 4.10307477092319
0.246697 1.31772 -0.374329 0
1.17562 0.329659 -1.24049 0
0.614245 1.2674 0.980231 1.36007617244688e-09
0.402677 1.08328 1.10794 4.75633493410002e-09
0.621234 2.48721 -2.21643 0
0.171024 3.19862 2.25702 0
0.0724522 1.64134 -2.18431 0
0.378976 0.0334118 2.43333 0
0.763774 -3.08974 1.71976 0.112536826451682
0.320567 -3.56432 3.08099 0
0.490087 -3.93404 -2.43749 0
0.649977 -4.85916 2.32678 0
0.577086 -5.49907 2.57849 0
0.590964 -5.79644 0.857056 0
0.209568 -5.09288 0.322894 0
0.265527 0.152013 2.57984 0
0.0512014 0.0873063 -2.01274 0
0.122318 -3.96009 0.0848523 16.839967236921
0.739091 -3.27137 0.411783 0
0.11336 -3.29293 1.25971 0
0.283888 1.97302 2.11983 23.5863279502956
0.932123 1.90709 2.86806 7.63143473868473
0.89434 -1.77212 -2.45071 3.99321701907412
2.25547 -1.99372 -2.30581 1.27989723789276
0.0437853 2.13572 -1.82813 28.7089636279695
0.256375 2.81918 -2.24918 2.50011601667415
1.65032 0.445104 -0.984444 38.5814598164297
0.7947 0.193374 -0.74809 86.4268589518904
0.529803 0.972833 -0.715077 21.255183536042
0.341743 1.82073 -1.12356 15.7399041153742
0.0154768 -3.81926 3.0126 7.13650661094944e-06
0.108758 -3.98492 2.59203 5.74084590731526e-06
0.248905 -2.11812 0.655544 3.07335242827951
0.13916 -1.45383 -3.13994 10.2688481186068
0.199659 3.49849 -0.730948 3.7850173597114
0.0679154 2.3432 -1.72297 34.6566489175439
0.396341 5.38576 -1.22135 0.840587691947537
0.0768942 4.98566 -2.6348 6.42679568497355
0.205599 1.73684 1.58037 11.9411613214645
0.200605 1.45345 -1.51141 15.8349517438343
0.914174 0.37676 -1.19299 61.5026027645233
0.74372 0.802237 -1.45023 60.7795953381715
0.242555 -3.98964 0.580429 0.434072024321874
0.473317 -4.01013 -0.682493 0.218504366474293
0.336365 -1.4366 0.601065 0.0278523602469939
0.3408 -3.05304 1.51419 0.000503935265787417
0.21279 -2.66765 -1.18888 0.0151936922393755
0.203465 -2.81078 1.61232 0.00197345072269738
0.508632 6.23445 2.23112 0.170152738802341
0.0894332 5.53359 2.93382 1.96865219946099
0.661735 -0.865113 -0.78772 0
0.893874 0.310498 -0.00597766 0.32107759629548
0.103318 0.155012 0.936343 2.89279269006925
0.0362471 4.63251 1.09791 1.16895515562318
0.0802824 4.71963 1.54136 3.22585322965531
