0.647641 7.81622 1.19904 0
0.4584 8.42322 -1.53812 0
5.11363 -0.708989 -2.68281 4.28915142109046e-14
0.224468 4.59842 0.414238 0
1.47831 5.19078 -2.38697 0
0.194213 2.86127 1.75559 0
0.344227 3.15261 -2.2225 0
1.11083 2.67633 -0.813844 0
1.11924 -0.190816 0.319093 0
1.73846 -0.0738859 0.236715 0
2.14697 -0.0509025 0.344511 0
0.800631 -0.00594597 0.725416 0
1.08268 -2.3522 1.53806 0
1.01666 -2.11854 2.65223 0
0.508539 -0.907076 -1.88704 0
0.686086 -3.0558 2.24739 0
0.317442 2.23136 -1.01463 0
0.576399 1.83395 -1.91326 0
0.913306 4.29014 -0.422337 0
0.852215 4.28276 -2.40779 0
2.70372 -3.40813 -2.72985 0
1.42613 -4.06067 -3.08048 0
1.74139 -3.39268 -2.8682 0
0.709653 -3.70921 3.04358 0
0.592091 -4.31695 -2.36137 0
0.478591 -3.46722 2.36536 0
0.622631 -4.84267 2.65075 0
0.877613 -7.06505 -1.70041 0
0.449312 -7.75979 -1.96909 0
0.618219 -7.73065 -1.17778 0
4.4035 -0.416682 -2.87573 5.47874510619128e-14
1.30896 -0.0215659 -3.06214 6.38548002547371e-14
1.46916 -0.976285 1.19411 5.45457302307211e-14
0.341667 -1.41847 -0.227391 3.52107174261056e-14
0.56635 -1.36802 0.930881 4.52547027305594e-14
0.26172 -2.19279 0.241016 2.79912160089762e-14
0.124546 -3.21098 -0.316098 1.91002344390564e-14
1.18963 -1.88385 -0.490382 2.40155543372025e-14
3.8467 -1.24891 -2.08481 5.47781402932109e-14
4.8345 -1.2871 -2.21941 5.53191332076575e-14
0.852744 -2.04576 -0.67967 3.35839958976071e-14
2.23026 -2.45383 -1.28098 1.37258735714248e-14
1.04357 -1.94728 -0.135956 5.22993515127476e-14
1.42003 -2.28025 -1.1353 1.64012565128717e-14
0.899477 -2.5285 -0.874294 2.39233854072692e-14
3.69885 -2.19449 -0.570614 3.43346686946183e-14
2.75666 -2.3325 -0.255255 4.0652272879822e-14
10.7299 0.701025 2.26277 1.88952372691013e-13
13.025 0.746132 2.28799 1.78486807312313e-13
3.77876 0.811011 2.31545 1.64348673262388e-13
2.59874 0.242516 -1.78617 3.07918360018176e-13
0.26927 -1.83646 -0.410468 0
0.403078 -4.22569 -2.23895 0
0.250512 -2.68816 -1.94067 0
0.71023 -3.01143 -1.87774 0
0.790053 -1.53772 -2.17128 0
2.29879 -1.01056 -2.05896 0
0.173563 0.292244 -0.194765 0
0.452979 -1.02533 -2.12231 0
1.1934 -0.643536 -2.89713 0
0.0462816 -2.05207 -1.35325 0
1.74553 -0.218216 2.81514 0
0.310652 0.416609 2.69291 0
1.6798 0.929698 2.69062 0
0.132071 1.20925 1.15233 0
0.79575 0.683214 1.33113 0
0.388784 1.27852 1.4257 0
0.268314 3.87532 -0.0265662 0
0.354647 2.75625 0.511653 0
0.781263 -1.83933 2.3894 0
1.12736 -2.81323 0.29596 0
3.24851 -3.02318 0.675833 0
0.263411 -1.37585 -1.58061 0
0.115207 -2.39561 3.05079 0
0.0417119 1.12451 2.16405 0
0.246656 8.06218 -0.707882 0
0.650834 6.57071 3.04686 0
0.256215 4.90651 2.8023 0
0.113505 2.51835 -1.70229 0
0.163427 -1.51293 2.66408 0
0.41137 -4.89612 -0.834938 0
0.520299 -4.59499 0.417763 0
0.323146 -4.91603 2.48687 0
0.736932 -3.05835 -3.02794 0
0.336638 -5.92957 1.50863 0
0.377489 -2.92035 -0.977372 0
0.194704 -2.87799 -2.4999 0
0.0391766 -3.10316 -1.52574 0
0.302272 1.08062 -1.15694 0
0.365311 -0.727646 1.88561 0
0.0533958 -1.12616 -2.00155 0
1.18914 1.79192 -0.844157 0
0.229123 -0.680954 -0.8647 0
0.146558 2.23059 -1.3639 0
0.658803 1.43436 -0.224077 0
0.230601 -0.329097 -0.485236 0
0.413055 1.88443 0.0236354 0
0.748848 3.43777 1.78233 0
1.57686 4.24024 0.788734 0
1.24753 5.38952 -2.3561 0
0.961463 5.9843 2.49901 0
0.647732 5.25124 -0.479488 0
0.518283 -1.24838 2.62584 0
0.973002 -4.25684 -1.3663 0
0.97315 -4.35683 -2.41039 0
0.428837 -4.47963 1.61919 0
0.250752 -4.22371 -1.07298 0
0.323238 -1.32151 2.91695 0
0.811457 -0.1815 -1.00716 0
2.1517 -0.504205 -2.46917 4.84378041862796e-14
0.220178 -0.284623 -3.11739 6.00147580845231e-14
0.373294 -0.0955028 -2.63454 6.13991571815346e-14
0.137649 2.10957 -2.46902 0
0.309875 3.36126 -1.83572 0
3.53759 0.149109 0.368431 0
1.30364 -0.164303 -0.221073 0
1.1327 -0.0737729 0.151078 0
0.446447 -1.987 1.40902 0
0.607941 -2.17325 -2.49162 0
0.101872 -3.71722 2.03104 0
0.589911 -1.50429 0.653773 0
1.09311 -2.9526 1.57009 0
0.0949171 3.33197 -0.0351418 0
0.476799 1.47712 2.75118 0
0.72063 2.55256 -3.05368 0
1.2478 2.27242 -2.17958 0
0.163675 2.16696 2.60148 0
0.201123 5.05678 0.207972 0
0.204334 2.93723 -1.98383 0
0.411163 6.20724 0.396953 0
2.40033 -3.72028 -2.93335 0
3.52031 -0.122917 -2.80579 6.16082968265373e-14
0.408091 -1.41713 0.985704 4.43267163499493e-14
1.52718 -1.55025 1.81091 4.03751124137166e-14
0.614174 -1.75857 0.66993 3.66281402049228e-14
0.668852 -1.4308 1.29336 4.42755884226622e-14
0.475211 -2.76101 0.611438 2.4981654700184e-14
5.9408 -1.0707 -2.18967 7.07615529508912e-14
0.465741 -2.20904 -1.56517 2.69758497010545e-15
1.30149 -1.99474 -0.627882 3.63640997952716e-14
4.41448 -2.27617 -0.453101 3.64421367803426e-14
3.43599 -2.20611 -0.617524 3.27826164996568e-14
11.6091 -2.19267 -0.337262 4.09098332989896e-14
3.26298 -2.18401 -0.435057 3.83841211707456e-14
6.86196 0.599364 2.23676 2.0968789450853e-13
5.87417 0.694982 2.32126 1.84849668016664e-13
0.286587 0.0380931 1.93272 3.06775967828211e-13
0.489818 0.330035 0.824707 3.15532464434737e-13
1.93489 0.0833353 -1.52809 3.16508981306339e-13
0.582776 -3.7439 0.586163 0
0.210793 -4.02957 -1.02107 0
0.883548 -3.72108 -0.425148 0
2.05455 -3.16925 -0.579193 0
1.47184 -3.36258 -0.69408 0
3.49575 -2.91772 -0.98008 0
1.20535 -3.02365 -0.870857 0
0.300242 -4.0706 -2.58796 0
0.810736 -2.85059 -0.610052 0
1.05364 -1.44075 -1.4299 0
0.861 -0.222549 2.49224 0
0.139258 0.869346 1.74577 0
0.296466 1.98187 -2.9238 0
0.17091 -0.0809244 1.78177 0
0.451985 3.86153 -2.47265 0
0.215911 -1.08442 -0.585674 0
0.377217 0.616755 2.06676 0
0.33922 -1.12334 -2.54048 0
1.52473 -2.82534 1.09323 0
0.455906 -4.0213 1.05174 0
0.0938861 -2.52944 0.538362 0
0.598687 -3.63798 -0.951514 0
0.513622 -3.6742 1.12964 0
0.155448 -2.65458 -1.55621 0
0.542651 0.203544 -1.28857 0
0.507122 1.32153 -0.402388 0
0.162291 1.68399 1.18499 0
0.348865 0.178318 2.78882 0
0.356021 2.28923 -1.78777 0
0.244038 5.16112 -2.69808 0
0.31306 5.32077 0.322973 0
0.1807 5.012 0.30166 0
0.739483 3.90024 -0.147104 0
0.302669 2.28403 0.678865 0
0.715267 2.17206 -2.66258 0
0.341743 1.21133 0.480179 0
0.569467 1.37332 -0.590344 0
0.221885 1.89456 2.27488 0
0.881786 -5.51698 0.309445 0
0.53831 -4.82294 -0.885524 0
0.441398 -4.52333 -0.156827 0
0.549093 -4.55959 -0.0692068 0
0.388705 -4.2134 -1.17598 0
0.388048 -5.57614 -0.201601 0
0.226437 -4.96109 -2.25805 0
0.676181 -4.30982 -1.60126 0
0.754946 -5.95807 -2.54979 0
0.261746 -3.46877 -1.79911 0
0.616271 -4.12967 -0.0212421 0
0.102168 -5.06408 1.99421 0
0.280445 2.85871 2.24057 0
0.581967 2.00975 -1.65177 0
0.9037 3.47817 -2.72411 0
0.786965 5.08276 -0.444171 0
0.335686 4.07918 0.806857 0
0.131151 4.73918 0.952443 0
0.622584 3.42735 -2.02241 0
0.119693 1.84669 -3.01087 0
0.312296 1.9847 -2.21861 0
0.28342 0.595151 -1.57728 0
0.198896 0.844519 2.29013 0
0.346393 -0.365516 -1.26891 0
0.518358 2.89914 1.78024 0
0.0420963 6.15302 -0.87495 0
0.287637 3.77715 -1.44734 0
0.924606 5.02758 -2.75488 0
0.870704 4.90537 -2.93974 0
0.142628 6.10298 2.25768 0
3.80619 4.96832 -2.47873 0
0.11559 5.67002 2.61678 0
0.861921 6.58215 2.97872 0
0.388108 6.6098 -3.05739 0
0.35306 6.62329 -2.6377 0
0.281977 7.91379 -1.94192 0
0.169871 7.78023 0.833115 0
0.424583 6.37559 2.72868 0
0.0828957 0.944632 2.81264 0
0.57687 -3.20657 0.941005 0
0.595195 -2.18641 -2.35249 0
0.499546 0.366668 2.15261 0
0.323926 0.780328 3.09961 0
3.19502 -0.118441 -2.51835 0.167040283486645
3.16863 0.0447145 -2.65488 0.14779748693167
1.11062 0.365973 0.353009 0
0.379444 -0.261628 0.611782 0
0.100966 -0.665251 -0.820663 0
0.680705 -0.117679 0.231736 0
0.376717 -2.13913 0.336768 0
1.10467 -1.78123 1.03591 0
0.144152 -2.47435 -3.02903 0
1.01979 -2.13947 2.87609 0
0.497519 -2.2266 2.17654 0
0.0585849 -3.68416 -2.92615 0
0.205782 -0.978284 1.93577 40.9836691156893
0.886816 -2.46785 2.06887 0
0.09538 -3.22076 1.59928 0
0.248751 -3.47243 2.43634 0
0.646363 -2.9532 2.70261 0
0.181071 5.13314 2.77901 0
0.142065 3.80606 0.704006 0
0.438744 5.88672 -0.23297 0
0.656547 5.99178 -0.289695 0
2.45707 -1.45856 1.47879 4.34537216169806e-14
2.1743 -1.53648 1.63272 4.14179133070521e-14
6.89931 -1.48654 1.47238 1.04755648916331
0.635555 -1.54332 1.57337 10.7774642326378
0.222305 -2.76596 -0.574564 1.81896066174074e-14
0.864843 -1.9326 -0.869941 1.80460240178209e-14
1.98512 -1.18486 -2.17858 5.79335699394632e-10
0.412848 -2.4048 -0.333817 3.78015519341431e-14
0.421597 -2.54746 -1.49331 1.20722012855043e-14
1.07319 0.602393 2.26233 4.56370845255205e-06
0.617783 0.599999 2.26291 4.56226818903627e-06
1.19381 0.141423 -1.96714 1.7461351827509
0.968052 -1.06868 -2.78252 0
0.439237 -0.901117 -2.10519 0
0.704456 -4.22401 -2.67818 0.599127563235531
0.214352 0.0247642 1.75182 0
0.179007 -0.794012 -1.44425 0
0.716083 2.17632 1.12397 2.24586010652765
0.0755596 3.03829 0.924758 0
0.47978 2.7283 0.690222 0
0.361018 4.90434 1.66545 0
0.629005 5.06972 0.82769 0
0.268954 -1.82747 -3.09176 0
0.0925913 -1.16705 -1.08183 0
0.324373 -2.54342 0.0719284 0
0.142622 -3.38862 -2.63958 0
0.754471 1.41416 -2.24498 0
1.08929 1.34901 -2.46042 0
0.331845 -1.29926 0.969467 1.01310772339516
0.856921 -1.7375 1.4853 0.263428098959879
1.81311 1.32103 0.573901 18.5893247920234
1.82931 1.15937 0.416007 21.1544395543178
0.355588 -2.86568 0.419781 14.4630385414572
0.239902 -2.67283 1.92649 25.9849770279666
0.654359 -3.05938 -0.871926 1.4311773089053
0.490008 -3.18999 -1.60265 1.6813082488366
0.280645 0.742755 2.51455 38.809353720442
0.643232 1.44619 2.06795 9.72964048984107
0.145273 -3.16148 -1.158 0.0645546501538238
0.138022 -1.49224 -2.60735 0.345345315023411
3.64904 0.144341 0.438688 0.0649588673534614
3.36863 0.104289 0.474243 0.0397012755637815
0.530039 -1.33744 2.46889 0
1.42398 -2.10703 1.87119 0
2.88021 -1.54717 1.54787 2.08358485764609e-06
1.21408 -1.5613 1.53438 1.69365503715821e-06
5.37367 -1.6039 1.52093 4.04327268303127e-14
5.32514 -1.54553 1.41196 4.18009797923859e-14
1.29637 -1.14539 -2.1757 0.000414686656580028
1.51166 -1.02383 -2.18243 0.00177318411915807
13.6251 -1.17731 -2.13687 0.000282534318586925
0.557862 -1.27237 -2.20782 0.000996187104546232
0.73677 -0.501419 -2.02813 2.4847537110576
0.0621533 0.648495 -2.36549 27.1849765280161
1.24589 0.125662 -1.65968 0.687127707466742
0.692369 3.67283 2.0999 0.059349752697574
0.0592115 4.36109 -2.87834 0.346403893500523
0.0160119 5.00584 -0.0188421 1.13382058148203e-05
0.0701189 5.15549 -0.396642 1.42514700419677e-05
2.44128 0.0366155 -2.70663 0.211277814093451
0.923224 0.0729171 -2.51024 0.0977363788506904
7.77508 0.000415449 0.375952 0.0664073797824793
2.92451 0.00990999 0.417425 0.040069703817187
12.1917 0.12267 0.438623 0.0495208734267306
4.16456 0.185375 -1.80176 0.372385396696621
6.2933 0.308957 -1.7551 0.529026879311103
1.0125 -0.0613966 -2.86037 2.37426179056797
0.703121 -0.422813 -2.53613 3.24403579079465
13.4355 0.0313431 0.499002 0.0444261595713853
8.4711 0.00895644 0.439417 0.0574033647889829
