0.864201 9.21085 0.775006 0
0.835604 -8.88027 0.229409 0
0.951633 1.34266 -2.46143 0
1.59023 -1.84272 2.18767 0
0.731115 -4.98287 -1.32986 0
0.0821288 -7.98178 1.83515 0
0.154908 -4.93706 0.0260691 0
0.215311 -4.00234 2.37291 0
0.589687 -2.03164 -0.956789 0
0.27504 -1.39291 1.379 0
1.30219 -2.34548 -1.80887 0
0.838642 -0.878137 -1.46017 0
0.625362 2.68472 -1.32758 0
0.560533 3.03743 -0.567829 0
0.528062 2.96697 2.44163 0
0.269929 1.25331 -0.618307 0
2.06923 -0.246952 0.043034 0
1.7208 -0.0828139 0.622915 0
1.32778 -1.54474 1.76912 0
0.187479 -0.581991 -1.77166 0
0.671445 -1.27063 2.27716 0
0.653553 -2.59724 1.96005 0
0.087043 -3.83698 2.68742 0
0.814421 -1.9916 1.69129 0
0.553638 -5.67825 1.00562 0
1.70116 -4.93273 0.896884 0
0.221211 -5.80414 1.06795 0
0.415332 -4.06054 0.067785 0
1.34997 -2.32579 -1.91885 0
4.24458 -2.36194 -1.99279 0
0.837806 5.14969 -3.02169 0
0.11984 1.18363 0.347681 0
0.659465 -0.218473 -1.1658 0
1.06856 -0.72325 1.66949 0
1.21503 -1.86552 2.23182 0
0.569957 -6.45415 -0.716331 0
0.347666 -7.6123 1.43821 0
0.0955735 9.92984 -1.75831 0
0.478006 8.00404 1.48827 0
0.732709 1.16778 3.05472 0
0.949288 0.887081 -2.02532 0
0.514126 -0.825702 1.75352 0
1.01469 -1.71339 1.73362 0
0.48169 -2.49079 -2.71691 0
0.189914 -3.90706 -2.20937 0
0.655463 -1.89561 1.29293 0
0.383918 -6.65265 0.994896 0
0.318029 -6.34639 1.65598 0
0.843126 -4.53438 -0.767527 0
0.0805168 -5.87856 1.34433 0
0.341111 -3.73243 -0.905558 0
0.411069 -1.51477 -2.59209 0
1.59031 -0.0636677 -1.54496 0
0.164042 0.433145 -2.6197 0
0.584652 1.7768 1.54162 0
1.15374 1.23606 2.33041 0
0.271231 2.72537 -2.46223 0
0.411118 4.03455 -0.606109 0
0.162944 2.8584 2.13647 0
0.88879 -0.460823 0.665908 0
0.174319 -0.615259 2.57967 0
0.357821 -4.18095 1.53181 0
0.205711 -2.55036 -0.569842 0
5.24865 -4.99317 1.00658 0
3.24026 -4.97011 0.996772 0
0.61873 -4.34047 1.18475 0
0.0713564 -6.93229 2.48373 0
0.230562 2.81451 -2.33789 0
0.949018 1.89498 2.76168 0
0.768448 -1.33243 1.72842 0
0.236193 -2.43084 0.830443 0
0.377798 -1.28939 -3.11276 0
0.379676 -1.33103 1.80031 0
1.08492 -1.18786 1.18176 0
0.493276 -3.21354 -1.51697 0
0.211377 -2.87755 1.39252 0
0.475477 -4.22168 0.440592 0
0.535527 -6.3858 -2.79475 0
0.220849 -6.02516 1.57296 0
0.267981 -5.15776 -1.1366 0
0.409703 -4.54229 0.868691 0
0.307501 -6.23848 0.959938 1.18013955365677e-08
0.205437 -6.19167 0.910464 9.84834147053353e-09
0.0855124 1.9696 -1.77722 15.0928774970574
0.555269 -2.1043 -1.81596 7.29084846658105e-09
1.49839 -2.1242 -1.75271 8.54093638881393e-09
3.1564 -2.21214 -2.03823 0
2.49431 -2.21926 -1.87053 0
0.195103 3.34407 -2.16103 6.17485196717561
0.183335 2.6218 1.36664 13.5003497998451
0.182905 3.13641 0.141188 12.0113908945869
0.0883685 5.03549 -2.58141 3.73216070258829
0.73955 0.0713605 0.598243 43.30704889345
1.05111 0.421698 0.297798 28.0833060296847
0.405837 2.9018 -2.71188 2.75305294835798
0.234885 3.05721 -1.27941 4.06436090271386
0.326184 1.85512 -0.87352 8.97916402391235
0.0823237 1.0323 0.83547 73.4307889053414
