0.507352 0.136444 -0.504183 0
0.342256 1.44164 0.218472 0
2.36767 -4.79305 2.67615 0
0.246079 1.37654 -0.0181445 1.52497186463999e-13
0.773905 4.96155 -2.59942 0
3.19407 0.446817 2.78477 1.85451622096373e-13
31.6851 0.635452 2.81643 1.61494721251175e-13
0.09223 -6.3739 -0.476312 0
2.92315 -3.42997 -0.131355 0
0.19959 4.69574 2.38014 0
1.81298 -1.89343 2.30428 0
0.67593 -1.95417 1.63196 0
0.147174 -2.15858 2.60861 0
1.09515 -1.62216 -2.93025 0
2.77605 -0.0565878 0.982849 2.3475594391505e-13
0.185816 1.25083 -2.29606 1.52414967432058e-13
0.400663 1.4047 1.83004 4.77970866859637e-14
0.0767927 -0.862869 1.14 0
0.2582 0.555679 0.289364 0
0.307752 -2.48901 -2.65311 0
0.564014 -3.13035 -1.71881 0
0.784359 -2.97516 2.72133 0
0.283489 -3.13269 2.13739 0
0.270569 -2.04844 -2.49239 0
0.235481 -2.35786 -1.97484 0
0.729921 -2.3667 -0.66986 0
0.98489 0.384195 2.54862 0
0.386539 -0.399136 2.9868 0
2.19795 -2.24808 2.92633 0
0.989173 -1.39278 2.35715 0
0.516609 -0.724945 0.676647 0
1.42817 -0.115576 -0.465123 0
0.249448 2.92726 2.68372 0
2.27483 4.20249 0.772569 0
0.652052 5.08117 1.61467 0
0.070413 8.03091 0.720486 0
0.30832 7.46734 1.02239 0
1.27242 -3.30452 -1.11402 0
1.30291 -3.83935 -1.67494 0
0.347359 -5.79344 -0.157915 0
0.266598 -6.8909 2.68474 0
0.0879239 -9.37073 -1.22115 0
0.920786 -5.6857 -1.1417 0
0.0998267 -5.99738 -0.0682794 0
0.613724 2.57311 -0.748886 0
2.36504 2.39133 -1.38713 0
0.33874 2.29479 -1.52176 0
0.944201 1.47417 -2.41692 0
0.137976 1.06314 1.40226 0
1.63809 1.64641 2.54013 0
1.59447 2.2031 -3.13849 0
1.54931 1.78901 2.12443 0
3.33015 2.34601 2.02692 0
0.639812 2.2486 1.62715 0
0.182084 2.97887 2.65408 0
0.587578 4.44134 2.8024 0
0.120902 1.87714 0.857639 0
1.12721 1.6115 0.433109 0
2.51619 1.66147 -0.101943 0
0.431355 2.27924 0.10878 0
0.146589 1.05648 2.09251 0
0.581328 1.9976 -1.00024 0
1.21524 1.38721 -0.783063 0
0.701439 2.1696 -1.49969 0
2.46544 3.00432 -1.12125 0
0.851462 3.39842 -1.83871 0
2.70608 3.24047 -1.28652 0
14.9954 -0.145786 -0.642804 5.4762993126774e-15
16.0667 -0.148812 -0.680653 3.55772185079632e-15
0.656949 -0.26092 -1.01299 2.30980081817551e-14
2.12859 0.365411 -0.816256 3.25907734015651e-14
0.593205 0.619723 -0.340797 4.97409595814605e-14
0.181028 1.139 -3.09619 6.11324525361195e-14
2.86111 -0.509344 1.80152 5.3387290699785e-14
0.620202 4.74787 -2.69377 0
1.40513 2.3306 1.36687 0
0.143088 1.96995 3.07611 0
1.33142 2.34088 0.901897 0
1.04342 2.15191 -0.0363376 0
0.930149 2.5205 2.10995 0
0.745743 2.13003 0.978444 0
0.342894 2.72377 -1.75075 0
0.297377 -1.09053 -2.57253 0
0.152065 -0.0550074 -1.07061 0
0.33308 -1.84196 -0.442539 0
0.185871 -2.55184 1.20155 0
0.297137 1.93717 -1.114 0
0.444177 -2.41181 -0.68654 2.21272941968781e-14
0.0757552 -3.98513 1.49342 2.14163178979502e-14
0.85804 -4.22342 -0.559718 2.17111832037778e-14
0.0231052 -8.87654 -1.75152 2.15948809716685e-14
0.652758 -2.29708 0.192394 0
0.286564 -1.41176 2.09571 0
0.530525 -2.4215 -1.20918 0
0.79728 -0.915438 1.53791 0
0.448743 0.577295 0.722392 0
0.358087 3.00303 2.48056 0
0.385135 6.10021 -0.684239 0
0.103867 5.83611 -1.95507 0
0.31112 7.74862 -1.66016 0
0.301927 5.21051 -0.834882 0
0.235033 0.195486 0.240989 0
0.227172 0.261357 -1.20118 0
0.239875 -5.51871 0.701153 0
0.790883 -5.01832 -1.57517 0
0.715491 -5.90229 1.61489 0
0.30657 -8.35601 0.249661 0
0.488126 -4.51423 -1.66102 0
0.713305 -0.535657 2.22712 0
0.231619 -0.095546 2.06089 0
0.117063 -5.04887 2.9084 0
1.62624 3.96038 3.01246 0
0.732174 2.68751 2.71339 0
0.607707 1.22901 -0.450164 0
0.0648002 -2.84369 2.98783 0
0.171276 -0.367563 1.21484 0
0.45185 -2.66994 -1.82369 0
0.464952 -3.70199 -1.44188 0
0.667643 -2.4969 0.928019 0
0.046554 0.37286 1.25035 0
1.42454 0.0540135 -1.5894 0
0.159223 -5.26886 2.65832 0
0.646596 3.30579 -2.6966 0
0.29886 3.4621 0.93394 0
0.1732 0.520933 2.56406 1.69267654861251e-13
0.326555 -4.63218 -1.22986 0
0.204985 -5.29679 -2.33387 0
0.717855 -3.51813 1.01581 0
0.382118 6.18102 -2.53705 0
0.10931 2.98324 -3.05398 0
0.108313 -3.52735 3.10253 0
0.832999 -2.46511 -2.76925 0
1.27933 -2.46708 -1.80893 0
0.338071 -3.22949 -2.56971 0
0.885443 -2.03805 -2.26408 0
3.3719 -3.14417 -2.81715 0
1.08284 -2.23244 1.89202 0
0.123777 -3.79101 1.24939 0
1.30998 -2.36041 2.19221 0
0.460451 -3.03814 2.39482 0
0.868209 -0.21523 0.867714 2.33985067298321e-13
1.3934 -0.293252 0.800782 2.30641473140557e-13
0.766196 0.186672 1.40171 2.15720312576511e-13
0.784422 0.185574 -1.10246 0
0.341834 -0.212978 2.61266 0
0.513958 -2.47038 1.31421 0
0.553334 -4.80319 0.959762 0
0.266885 -3.64837 2.56265 0
1.23086 -3.85882 -3.05687 0
0.0435639 -0.0188471 2.61733 0
2.70737 -2.24967 2.55734 0
1.02289 -1.5036 1.48833 0
0.281248 -1.09964 1.46459 0
0.585656 -0.800382 -0.517983 0
0.195372 3.59748 -1.06633 0
1.06053 3.89198 0.229378 0
0.94161 4.09573 0.878578 0
0.410127 3.48753 1.98775 0
0.42019 5.00668 1.28935 0
0.252899 -5.64497 -1.985 0
0.74455 -5.2547 -0.819314 0
0.330417 -4.28787 -1.01806 0
1.47159 -4.07144 -1.75002 0
0.234438 -4.1159 -0.695783 0
0.856146 -3.45611 -0.870712 0
0.698587 -4.39842 -1.15601 0
1.07731 -4.07272 -1.63246 0
0.247503 -5.45006 0.297982 0
0.466903 -6.70636 3.0193 0
0.318998 2.39598 -2.67176 0
0.229195 0.639639 -1.54801 0
1.08419 1.13684 3.0878 0
0.296404 2.26413 -3.03242 0
0.228034 0.213532 -2.86719 0
0.210821 3.07058 1.65327 0
0.0136463 6.35717 1.89839 0
0.471162 -0.387337 2.04338 0
0.704939 0.115935 1.41933 0
0.477348 0.902649 0.808015 0
0.441687 0.178911 0.273194 0
0.451335 1.29015 0.890463 0
0.756928 1.84412 0.443611 0
1.95506 1.77776 -0.0575194 0
0.35111 2.80809 0.0285912 0
0.390368 1.51197 -1.36194 0
0.866502 2.62935 -1.65521 0
7.43898 -0.230368 -0.629367 1.0230265539935e-14
0.759363 0.575414 -1.60554 6.24187273766446e-14
0.705378 -0.215313 0.653551 6.92205338620962e-14
0.4147 0.507111 0.99238 7.00008771764296e-14
0.444127 0.0292259 2.03638 2.77620160729254e-14
1.10731 2.45055 -2.98002 0
1.01075 2.33403 1.04877 0
2.29552 2.21217 1.20159 0
0.340446 2.26224 -1.22873 0
1.37617 1.16417 0.316066 0
0.362642 3.95468 -0.149142 0
0.483747 4.61846 -1.40087 0
0.48106 0.835669 -0.423685 0
0.156778 -0.898214 -0.157311 0
0.283898 -1.11278 -3.09934 0
0.390799 -1.42987 1.55383 0
0.292774 -3.18265 2.73813 0
0.0280708 -3.48913 1.46305 0
0.84238 -1.16892 -2.20527 0
0.19277 1.92521 0.309932 0
1.23313 0.274922 -2.74236 2.21658486122527e-14
0.552655 0.25862 2.85855 1.84650832306012e-14
0.470556 1.01321 -2.3929 2.05773787813475e-14
1.59406 -2.06722 -2.78012 2.15501562035943e-14
0.891263 -3.42621 2.9721 2.13971388956447e-14
0.869002 -2.723 2.58078 2.0916865433941e-14
0.0861407 -1.97277 -0.928308 0
0.566723 -2.34536 1.24564 0
0.146619 -3.99861 -0.944215 0
0.660994 0.823609 -2.7536 0
0.379742 3.41467 -0.081762 0
0.282057 3.88873 -0.676578 0
0.574552 7.99851 2.40457 0
0.243499 7.26592 -1.50487 0
0.430746 4.23574 0.996701 0
0.382051 2.88783 2.77579 0
0.278687 0.913935 0.0507819 0
0.408477 -1.27668 1.59418 0
0.221218 -1.41633 -2.22612 0
0.379392 -2.72114 0.414916 0
1.23849 -6.2199 0.783696 0
0.289135 -7.24397 0.0586308 0
0.1962 -5.72473 -2.60191 0
0.405127 -7.09603 -1.31176 0
0.360372 -7.53103 0.353094 0
1.8952 -6.49663 0.655381 0
0.0366832 -4.48093 2.13531 0
0.311311 -6.76931 -2.93493 0
0.132074 4.35321 -0.513936 0
0.240464 2.08276 2.62411 0
0.282139 2.18806 2.40266 0
0.550369 -3.72569 -1.46574 0
0.241892 -2.68711 -3.05369 0
0.253561 3.12782 2.12104 0
1.35292 3.81721 2.80678 0
0.20651 3.671 1.44755 0
0.904777 1.83677 -0.0407059 0
0.0999015 1.72982 -2.73704 0
1.02654 1.04443 0.379635 0
0.128691 1.47707 0.799532 0
0.357252 0.614427 2.97776 0
0.483412 -0.811088 1.99687 0
0.484035 -1.15001 -2.09388 0
0.14905 -0.0105731 1.7593 0
0.0176099 -1.80431 -2.30888 4.21108665361783e-07
0.234456 -2.78877 -1.43356 1.62353655795384e-07
2.46675 -3.45991 -0.399563 1.69231148583786e-07
0.886766 -3.21728 -0.505679 6.54194526118265e-07
0.726053 6.20809 -2.91302 0
0.357267 6.47386 -2.64471 0
0.048435 6.55936 2.74877 0
0.243684 6.26132 -2.84202 0
0.112012 -2.75694 -0.440479 0
0.358537 -3.45644 0.480379 0
0.60431 -1.97382 -2.27745 0
0.0846482 -3.28253 -1.26607 0
0.188767 -1.34922 -2.67431 0.544202856895606
0.566128 -2.06686 1.58474 0
0.697924 -2.09794 1.22744 0
1.03013 -1.12243 -2.35542 0.0871210650083315
0.475125 -2.27884 2.29078 0.0658179753956802
0.257882 -2.0786 1.95154 0
0.534124 -1.17512 1.23257 0
0.72477 -2.26722 2.98367 3.46731629359156
0.137168 -1.70755 2.33473 31.3839274886054
0.485063 4.29769 0.96586 1.9604645850095
0.372894 4.66859 0.977694 0
0.108966 6.86804 -1.79762 0
0.189459 6.24 -0.645361 0
1.16192 1.37469 3.07581 11.784492434057
0.123974 1.69103 -2.50472 83.2548308697343
0.587688 2.61634 1.85851 1.4365145539222e-08
0.539406 2.50984 1.83582 8.41373229561154e-08
0.0233138 2.51811 2.7202 1.69525924423848e-05
0.00987119 2.55273 2.29495 1.33675031264911e-05
0.142484 3.67872 0.982556 1.22516732191446e-07
0.231972 3.27127 1.49788 5.90909224967468e-08
0.323308 0.400627 1.57981 1.2848620933304e-08
0.150199 1.29907 0.797944 1.62787600250177e-08
0.465607 0.354403 0.844437 0
1.09424 0.85942 1.01452 0
0.296349 0.814629 1.37568 0
0.400755 1.2899 0.303302 0
2.26249 2.55104 -1.11308 0
0.516033 2.49532 -1.04705 0
0.0809097 3.35887 -2.84205 0
0.351019 3.05829 -0.892099 0
0.85058 -0.0904578 -0.667121 3.3624624536592e-15
2.95099 -0.285797 -0.640697 1.31940809336179e-14
1.7043 0.229206 -1.11211 3.53080188330771e-14
1.01988 0.277931 -1.29973 4.55817139031679e-14
0.339175 -0.82315 1.44887 6.69048213020374e-14
0.749886 -0.126462 1.7136 4.8500698036944e-14
1.56747 0.974678 0.0069589 0
1.08304 1.1164 -0.257424 0
0.268741 -1.99344 -0.711781 0
0.736375 -1.50781 0.346832 0
1.70838 -1.79948 -2.56758 4.32753298171433
0.572618 -1.6698 -2.61994 14.5217328192056
0.0705415 -4.12692 -1.259 2.17451109461115e-14
0.264794 -2.20622 1.62521 2.01287399835282e-14
0.462211 -1.69045 -0.79523 16.230133409518
0.173907 -0.823546 -0.361274 89.6226529293795
0.597549 5.84036 1.77946 0.655642536296298
0.167248 -2.63284 0.898028 0
0.391491 -2.72874 -1.15569 0
0.493339 -4.34151 -1.26878 0
0.266619 -5.27695 -1.43707 0
0.555783 -3.98271 -0.921645 0
0.0884403 -4.04322 0.109512 0
0.191454 -3.22601 2.32998 0
0.316321 -2.60061 2.84344 0
0.442431 1.33045 0.992911 6.71253642993743
0.075928 0.00648688 0.843168 80.2232973869371
0.393122 2.18718 -2.56896 0
0.701669 1.72415 -2.5643 0
0.229812 1.02427 -2.33736 15.443083315235
0.357952 1.64408 0.455001 0
0.739483 1.45692 1.02592 0
0.676287 -2.52679 0.174415 1.77828575659934e-08
0.479949 -2.30619 -0.220729 1.92445177388411e-08
0.126132 -2.99833 -0.63136 0.896036885306762
0.256513 -1.94243 2.30534 1.24426323801871
0.229764 -4.67161 -2.47365 5.72575209868104
0.156215 -5.90982 -0.613908 2.45186568162083
0.535524 0.219067 1.74801 7.7730187942064
0.190307 0.866735 0.621607 16.0104692416615
0.374441 3.44671 -1.78773 0.0220000206850124
0.0789643 2.7582 3.01187 0.206499091883674
0.592406 -0.0240795 0.78386 4.10473559725841
0.397108 -0.722857 1.24722 4.806918803281
0.669365 -2.32775 0.269943 23.1201736318395
0.505586 -2.96463 -0.00447272 16.2421390049931
0.174322 3.54779 -1.47 12.9188246298975
0.513336 3.99396 -2.56363 2.81639264130803
0.644208 -1.65589 -2.65005 0.0836636992463144
0.413251 -1.8137 -2.29582 0.120264745257438
0.515088 1.61231 2.68832 3.14073209286063e-09
0.200618 1.63864 2.53808 1.24628610104518e-09
1.00072 -2.40615 1.76259 0.0140715381699491
0.676726 4.54215 0.927344 0.362146364049419
0.133892 4.1264 0.0535569 2.79094750192541
1.2395 2.50217 2.47913 6.33336084540381
0.31327 2.09484 2.27927 37.2455091912194
0.347567 1.71883 -1.292 0
0.649618 2.81403 -0.954773 0
7.485 -0.150405 -0.70801 1.59953859579314
4.97208 1.2611 0.00624849 0.190665500823971
3.44731 0.705492 3.04623 0.0277209877799428
0.534719 -1.70791 -1.42065 0.0656745611807195
0.0300787 -1.60173 1.58155 4.71302418003891e-06
0.0256008 -0.773542 0.645367 8.77835602034971e-06
0.674895 -1.85652 -1.10229 0.93311043604469
0.156283 -1.74723 -0.274098 4.47553815161027
8.09989 0.613237 2.80459 0.122764288766735
0.948318 1.19485 -0.00923885 0.216077455720626
1.02567 0.66958 -2.99892 0.0642742736948784
1.59141 1.11528 2.92988 0.131570953871525
0.771667 -1.7428 -0.807049 0.0336750822936161
3.63581 -0.0947221 -0.632054 11.1527286833023
3.90602 -0.203544 -0.641255 9.45814350039316
13.9657 1.09117 -0.0423775 0.088941637899525
5.30442 1.04456 -0.10023 0.212525311183075
0.726835 1.00695 0.193222 2.15928747147268
0.296296 1.22157 -0.470483 3.25153537518419
4.06415 0.499295 3.05698 0.0389409781647948
3.06644 0.389913 2.9902 0.125911776837
1.06998 0.632786 2.93345 0.0970303246339452
0.451997 0.946523 -3.04622 0.255335021725764
