0.483052 -4.46792 -2.58147 0
1.04407 -4.9772 1.03735 0
0.489419 5.67002 -1.56013 0
0.488459 3.52839 1.4689 0
0.211235 -3.69527 -0.0209899 0
0.330803 -0.805988 0.0882993 0
0.336801 -0.688079 2.02255 0
0.56944 1.40709 -1.77374 0
0.59384 3.30127 -1.6768 0
0.378573 3.60006 2.89699 0
0.384749 4.36612 -1.89702 0
0.67898 5.93893 1.88561 0
0.213044 4.24706 0.896021 0
0.206866 -1.31404 1.24573 0
0.0686219 -4.33671 1.78164 0
0.135073 -2.2187 -1.15846 0
0.340318 0.73222 0.347868 0
0.345567 -1.43771 2.62698 0
0.578562 0.0895971 0.0813762 0
0.557578 2.72329 1.43268 0
0.646785 5.46777 -1.95902 0
0.549777 6.33743 2.24337 0
0.744154 7.98648 0.60648 0
0.192184 4.47845 2.65536 0
0.833779 3.45739 2.43513 0
0.485088 2.31132 -2.40305 0
0.568343 2.67343 1.88105 0
0.294774 1.63943 0.821636 0
0.835108 0.819194 1.00583 0
1.08662 2.32902 1.28599 0
0.570742 -2.57746 -2.95061 0
0.37327 -4.50814 2.3741 0
0.209291 -2.95464 -1.97469 0
0.370127 -2.65442 0.414425 0
0.424607 -6.03615 -1.36972 0
0.550851 -4.89055 0.142837 0
0.648721 -6.03682 -1.95601 0
0.34255 -6.1692 -1.24091 0
0.517392 -5.99756 -0.5558 0
0.363634 -6.87865 0.22484 0
1.37548 -6.41096 -0.320964 0
0.835965 -6.14081 1.83128 0
0.169429 -7.35012 -2.13246 0
0.517801 -6.46457 -1.3406 0
0.343113 -3.11114 -2.48823 0
2.55392 -2.00025 0.199461 0
0.340462 6.46391 -2.198 0
0.379143 0.0158232 0.846983 0
0.0568433 -1.96786 -1.93837 0
0.677825 0.651734 -2.26372 0
1.84609 -4.25203 2.07256 0
0.572043 -3.94424 -2.05024 0
1.26103 -4.13186 -1.94123 0
3.29116 -3.87282 -2.34608 0
10.8333 -3.78958 -2.30617 0
1.1149 -0.424025 0.183167 0
0.259646 1.0823 2.95468 0
0.0940276 4.9908 -2.5661 0
1.72943 5.21348 -1.11846 0
1.44075 4.2736 -1.69206 0
0.198556 5.35927 -0.661694 0
0.172915 4.11956 -2.19947 0
0.198591 1.29044 0.79407 0
0.755199 0.182745 -1.0156 0
0.169199 -2.24618 -0.389441 0
0.10443 -7.05989 0.686661 0
0.453362 -8.7882 -2.54118 0
0.601571 -4.43501 -1.57138 0
0.511747 6.60684 2.7923 0
0.131781 6.0727 0.99457 0
0.53669 3.85495 2.97266 0
0.661503 2.92051 -3.03432 0
0.0881594 -0.982995 -1.36691 0
0.572768 1.2465 -0.525632 0
0.249173 7.41001 -0.853023 0
0.337944 3.0924 2.60575 0
0.223161 3.79563 1.24557 0
0.227132 1.13333 -1.42733 0
0.51125 0.48931 3.02851 0
0.663415 1.04783 1.82256 0
0.161122 6.34069 -3.02731 0
0.240598 2.3361 -1.82329 0
0.228754 1.28447 0.168483 0
0.169186 2.71248 1.80269 0
0.991751 2.02578 2.61513 0
0.859869 -0.0797612 1.64941 0
0.359148 0.0598219 -2.2287 0
0.22982 -0.673549 0.496381 0
1.33235 -1.13143 2.23283 0
0.183174 -2.4172 0.187746 0
0.345382 -1.09765 0.535957 0
0.672592 -1.34973 2.13472 0
0.17115 -5.63141 2.2884 0
0.437242 -6.44346 -1.21652 0
0.671144 -5.25182 1.05123 0
0.192841 -4.27428 -1.3822 0
0.747011 -2.17446 0.168127 0
0.356615 3.23516 0.76968 0
0.276514 1.33032 -1.85915 0
0.397764 -1.02306 1.60189 0
1.8183 -3.84013 1.87479 0
0.99284 -3.77377 -1.94501 0
0.49066 -3.99981 0.06072 0
1.66403 -3.46139 0.831204 0
0.743427 -3.74972 0.156278 0
0.486578 1.21402 -2.00479 0
0.461648 1.16526 -2.23025 0
0.745055 4.93596 -1.52229 0
0.191371 3.53165 -1.03295 0
0.677824 4.79168 -1.6449 0
0.313075 4.48751 -0.917563 0
0.650272 1.944 -2.29146 0
0.0564458 3.35616 0.865823 0
0.0434318 4.3553 -2.72824 0
0.172388 -2.2784 1.76906 0
0.373514 -3.6729 -0.9293 0
0.416949 -4.42487 -3.12146 0
0.123389 -8.19032 -1.47194 0
0.297461 -5.4855 -2.84553 0
0.0356528 -4.5187 1.18249 0
0.890992 -2.76114 -2.04919 0
0.103194 7.21587 1.30895 0
0.200696 7.17234 -2.4408 0
0.230071 -1.18125 2.56805 0
0.0901934 0.214149 1.0763 0
0.146723 5.62853 -1.01708 0
0.335594 5.58464 -2.77502 0
0.0863736 4.9092 -0.344282 0
0.224237 3.78263 2.10096 0
0.135089 -0.304386 -1.28273 0
0.606186 0.452308 -1.77336 0
0.766651 2.41698 0.451397 1.22078138487589e-07
0.354806 2.38293 0.671673 1.6051916118793e-07
0.850622 -1.24243 1.62737 7.00591871561496e-09
0.797987 -1.41199 1.74877 5.54970544812108e-09
0.100022 -2.15311 -0.601255 0
0.335316 -1.3555 0.634527 0
0.248936 -3.51236 2.93519 5.22677033043915
0.541723 -4.37921 2.24291 0
0.345638 -3.51695 2.22103 0
0.106814 0.611811 0.979818 6.73772029257078e-08
0.107534 1.47449 -1.32168 3.09635649713533e-08
0.0166279 -5.06645 -0.807096 0
0.375958 -2.48602 -2.564 0
0.27224 -1.2196 -1.19576 0.238571531580685
0.401966 -1.41717 -3.03517 1.31118246307193
0.116037 -0.315133 2.57911 9.47514065635949
0.0110811 4.22701 0.956 6.08832526165729e-05
0.0460729 4.24036 0.242532 2.02772968138443e-05
0.232439 3.20024 -1.33233 2.17918010837797
0.12203 1.91866 -2.30078 14.6053952436813
0.345826 -4.07949 -1.53453 0.558261420787265
0.476604 -1.32306 0.957486 0.191879216960801
0.791734 3.17018 0.535859 3.26493702638032
0.00170506 7.05985 -1.51467 31.1374774102205
1.31362 -3.26302 0.506155 0.570446847822039
