0.0850208 -7.50138 2.75935 0
0.496539 -4.70289 2.09065 0
1.1742 -5.31931 1.56231 0
0.299263 -3.18814 -2.83357 0
0.39207 -0.945102 -0.927989 0
0.865516 2.16615 1.2193 0
1.22324 1.09717 1.42679 0
0.624006 1.63388 2.27865 0
0.280067 -4.94888 2.1279 0
0.598733 -3.85193 -0.486218 0
0.585728 -4.95362 -2.57588 0
0.0607088 -2.79841 0.0154096 0
2.15302 -0.601788 1.72219 0
2.23276 -2.25099 2.55156 0
7.11282 -2.02635 2.63756 0
0.449741 5.75109 -2.3657 0
0.164096 -1.399 -1.68759 0
1.59276 -2.90585 -0.333946 0
0.789764 -2.50615 0.465579 0
0.926963 -1.6766 -0.52068 0
1.23355 -1.67934 -0.375479 0
0.891346 -2.04063 -0.977535 0
0.73351 -2.45652 -1.80721 0
0.807974 -3.34759 -2.25204 0
0.54615 -5.03289 0.912191 0
1.18727 -4.59385 0.98111 0
0.235715 -1.66299 1.75515 0
0.248743 -2.99268 0.750541 0
0.824549 0.180392 2.81316 0
0.529305 0.965828 1.77853 0
0.527396 -1.22004 -2.81501 0
0.439847 0.294111 1.65447 0
0.301388 -1.50335 -1.06411 0
0.299336 -5.34012 1.14757 0
0.498511 -3.12849 -1.41823 0
0.158658 -2.0127 -2.97821 0
0.220998 -1.49919 1.21734 0
0.471045 -2.13202 -2.42006 0
0.1695 -2.34542 0.588919 0
0.0673263 -4.28639 -0.424736 0
0.682866 -5.11604 -1.13036 0
0.303941 -3.4085 -1.36866 0
0.296465 -3.85522 -1.59685 0
1.92262 -3.7573 -1.02605 0
0.19695 -2.38857 -1.86858 0
1.55267 -3.25981 -0.696957 0
0.312896 -3.57218 1.34658 0
1.33531 -1.74976 -1.89085 0
0.3928 -1.81568 -2.46678 0
1.78206 -0.0922728 -2.48235 0
0.748098 0.227947 3.09615 0
0.333603 1.03592 3.04979 0
0.439853 0.98815 1.0471 0
0.696417 -0.0147885 1.58129 0
2.40756 0.32511 0.31579 0
0.490815 0.353092 0.440837 0
0.193982 1.0994 -2.1084 0
1.07685 0.475983 0.267737 0
2.59196 1.64257 -0.635522 0
0.0341651 2.90677 3.04318 0
0.265423 3.29576 -2.62721 0
0.130711 4.85656 -1.05606 0
0.459683 1.26818 -2.9288 0
0.0688719 1.95845 -1.38432 0
0.73916 0.33571 1.02445 0
0.481475 -4.94355 -0.11044 0
0.440722 -0.0852183 -2.10537 0
0.162601 2.8092 2.82597 0
0.397209 2.77134 1.19359 0
0.432334 5.91132 0.487852 0
0.366543 8.51479 2.0534 0
2.51356 -3.84005 1.71672 0
0.167991 -0.523955 -2.51152 0
0.235507 4.40738 1.1427 0
0.823894 5.52851 -1.21836 0
1.11966 4.83727 -1.85606 0
1.58249 6.35926 -1.67173 0
0.741776 4.97229 -1.36168 0
0.646975 5.08745 -0.731375 0
0.894919 5.73126 -1.57048 0
1.23057 5.11225 -0.777729 0
0.0889092 5.1181 1.17824 0
0.166952 3.88646 -2.28554 0
0.843089 3.8846 0.327057 0
1.25172 4.86388 -1.38487 0
0.509596 2.45979 -0.883113 0
0.142974 -5.95109 -0.72884 0
1.71757 -5.47974 1.01516 0
0.293372 -6.35934 -0.127388 0
0.882339 -5.07667 0.90439 0
1.09918 -6.0814 0.485189 0
0.625582 -4.20186 2.43697 0
0.319549 -3.8645 1.88852 0
0.707256 -2.94275 -0.100659 0
0.386001 0.294445 -1.99046 0
0.499334 1.13112 2.84707 0
0.569486 2.98021 -0.948801 0
0.399394 5.13444 -2.91742 0
1.64854 3.19514 0.533713 0
0.995488 1.4683 0.305816 0
0.814403 -0.0127924 2.80936 0
0.287902 -2.12527 2.84658 0
1.29075 -0.191845 -0.640232 0
0.60841 1.00577 -1.0328 0
0.071261 3.24318 -3.01622 0
0.312589 1.42382 -2.45151 0
0.630944 3.78916 2.78725 0
0.179938 6.00305 -1.74792 0
1.62284 4.43074 -2.57195 0
0.427132 -1.36176 -2.36095 0
0.376666 -6.65638 -1.2906 0
2.31809 -3.44596 3.10189 0
0.921714 -3.57651 -2.64028 0
0.843964 -1.70478 0.0476525 0
0.0382653 -4.0869 -1.76394 0
0.57548 1.75709 1.88825 0
0.293877 0.279986 2.44577 0
1.48393 1.07607 1.90813 0
0.255176 -0.0529761 0.813747 0
0.751132 -0.125444 2.28959 0
0.0830548 -6.38647 -0.357799 0
0.235769 -5.05866 1.37193 0
0.429001 -3.55658 -2.35522 0
1.09387 -1.26256 2.17062 0
0.280559 1.29871 -2.93667 0
0.329672 0.458522 1.08763 0
0.121299 -1.59579 0.89382 0
0.232111 -3.83721 0.00725321 0
0.945366 -1.68868 0.421175 0
0.411718 -3.30058 2.57613 0
0.964435 -2.84962 -2.41947 0
0.364322 -3.10009 -2.88821 0
0.183442 -5.5174 1.94387 0
0.45152 -3.29706 0.116963 0
0.694847 -2.24902 0.0456475 0
0.211664 -2.09135 2.0759 0
0.787188 0.00734954 2.49558 0
0.127553 1.72951 -2.68028 0
0.832212 0.396631 3.04036 0
0.791235 -6.50254 2.02202 0
0.295277 -6.83041 -0.999738 0
0.315678 -4.37856 -1.87388 0
0.184791 -3.52503 -2.68835 0
0.828605 -5.46954 -1.93985 0
1.12932 -5.3919 -2.73632 0
0.28029 -6.3362 -2.21116 0
0.60661 -5.89104 1.95814 0
0.282132 -3.86634 3.06097 0
0.36633 -3.74543 -1.04634 0
2.17129 -3.83049 -0.206068 0
0.919667 -4.09684 -0.431405 0
0.820052 -1.22961 -2.37731 0
1.63107 -1.7221 3.07183 0
0.352238 0.769794 -1.26189 0
0.187911 1.37804 2.05822 0
0.938252 0.292067 0.36826 0
1.84751 2.04847 -1.2187 0
0.262062 2.08097 -2.10813 0
0.462365 2.327 -1.84917 0
1.07426 2.14364 -2.9138 0
0.161607 4.59694 -0.965764 0
0.361777 3.61527 -0.623002 0
0.311112 1.86548 0.307448 0
0.55367 0.385086 -1.11501 0
0.275917 -4.12877 2.85765 0
0.375519 -3.8395 2.64451 0
0.491686 -3.91635 -1.14953 0
0.29218 -5.62331 -1.99566 0
0.26402 -4.00847 -0.250906 0
0.463261 -4.73846 -0.840449 0
0.371306 -4.46876 -2.7255 0
0.253354 -2.16706 -1.57184 0
0.159213 -2.27939 3.12462 0
0.815844 -3.63809 -1.1723 0
0.842623 -3.79149 -0.641755 0
0.400056 -2.90289 -0.787631 0
0.418745 -3.57516 -2.80984 0
0.304255 -1.58709 0.195108 0
0.384816 7.39352 -1.83341 0
0.176724 5.59544 0.183093 0
0.330057 -2.055 0.504575 0
0.400724 1.89225 -2.90023 0
0.505241 2.69673 1.50229 0
0.592496 4.26108 -2.2143 0
0.482536 7.08137 -3.02916 0
0.190928 6.88246 0.782828 0
0.403802 4.13357 0.3258 0
0.440004 3.98035 0.725342 0
0.103961 2.39412 1.42884 0
0.174591 4.3973 2.14015 0
0.562935 -3.53413 3.0198 0
0.422904 -3.43541 1.33844 0
0.104404 -2.50257 -2.90174 0
0.153215 -2.17276 2.88093 0
1.18516 0.601125 0.313536 0
0.396263 0.23119 0.829916 0
0.303953 1.99022 0.96496 0
0.39886 1.50337 -2.12824 0
0.435214 1.86109 1.03858 0
1.48663 3.20586 1.26132 0
0.480047 2.62874 1.49456 0
0.695052 4.24416 2.98151 0
0.629977 4.97419 2.19185 0
0.665367 5.41132 -2.92978 0
1.71205 4.90504 -2.34364 0
0.171697 4.42233 -3.06514 0
1.22951 4.98639 -2.56711 0
0.766939 5.34523 -3.04552 0
0.430581 5.42147 -1.80769 0
0.274046 4.45783 2.43994 0
0.424366 4.8685 2.67012 0
0.0856169 3.03242 0.0233087 0
0.35032 4.26415 2.1258 0
0.293007 4.91248 -0.160692 0
0.417921 1.84839 1.21296 0
0.300182 0.384855 -1.08118 0
0.283102 -3.54057 0.915586 0
0.51427 -1.91927 -0.635271 0
1.5637 -3.93886 -0.432711 0
0.470541 -6.62788 -1.28889 0
0.180252 -5.83594 -1.29234 0
0.393759 -2.36383 1.57394 0
0.832098 -1.66446 2.70659 0
0.324069 -2.41634 2.69349 0
1.20786 -2.04078 2.52275 0
0.604222 -3.04307 -1.48053 0
0.91199 -3.21017 -1.00253 0
0.776071 -2.03956 0.512014 0
0.177499 -2.61535 -0.576155 0
0.431259 -2.12689 -1.01523 0
0.302017 -2.03909 -0.506384 0
0.765013 -3.74785 -2.85576 0
0.304201 -4.29514 -2.7033 0
1.26151 -4.52389 0.889368 0
0.771003 -4.48501 0.893436 0
0.561712 -0.557636 -2.05816 1.45937193758282e-07
0.232113 -0.83628 -2.08806 3.07471679898269e-07
0.128966 1.18731 -2.53434 7.20838746088221e-09
0.180718 1.18475 -2.02037 3.84349813472167e-09
0.119286 2.92331 -2.82692 0
0.268286 1.71162 2.1784 0
0.0524375 2.38873 2.74056 0
0.118824 1.78043 -0.930978 0
0.97437 -5.18268 -0.983301 0.335725767161036
0.127518 -5.66521 -0.431483 1.58879799539147
0.299381 -0.299062 1.02099 0
0.295721 -1.25935 0.868366 0
0.272603 2.19556 -0.727095 0
0.264377 1.02874 -0.274336 0
0.278848 5.13165 -1.32071 0
0.0784017 5.06919 2.88801 0
2.66181 1.75834 0.0308069 0.0842884117519909
0.441915 0.87056 -0.0256865 0
0.167983 1.48954 1.25338 0
0.0738861 5.54122 0.800094 4.11647901397862e-08
0.0491293 5.30074 -1.26305 2.27979207637583e-08
0.592202 -0.477083 0.0914916 0
0.333891 0.359686 -0.693027 0
0.336644 5.59105 2.62981 0
0.0327835 7.81449 1.70994 0
0.25169 -2.76843 -0.672803 0
0.283434 -2.83041 -2.61861 0
0.170171 5.54117 1.58741 3.98077499360635e-05
0.00468634 5.4219 1.79826 7.24261763210429e-05
0.234194 -1.18571 0.744054 53.1856130161343
0.452575 -1.25435 2.06401 25.9602234428666
0.227063 -1.84505 -1.08944 38.3275484601946
0.266872 -1.52645 0.834869 43.9921153563224
1.29596 1.8974 0.926083 9.7958043156148
0.424249 1.64279 0.513219 38.1649965631181
2.18328 1.80922 1.17107 0.0115019116124761
0.0258744 4.58432 1.06812 9.93806484900861e-08
0.0654817 2.71175 -2.80203 2.74025900822079e-08
2.19275 -0.140631 -2.2611 0.28205266524624
2.40027 -0.4147 -2.45086 0.0273993348022482
1.61605 -3.27642 -0.189854 0.141313425427821
0.284536 -2.67153 -2.30642 1.51115792967004
1.11105 1.96628 0.949401 0.00974045860512679
0.468872 1.75212 1.54015 0.0359618338048013
0.329328 -0.669058 -2.49024 0.214986386409312
1.54004 -0.208308 -3.04295 0.55213080599561
0.199064 -0.212937 -1.21805 0.863334905364195
0.480852 -0.547558 -2.64521 0.220150100509805
