0.359532 -7.52375 -1.37469 0
2.11584 2.97004 0.643918 0
7.23033 4.92606 0.925593 0
0.239549 5.49422 0.835056 0
0.379925 3.7271 2.80136 0
3.42905 1.72977 0.229941 0
5.79081 1.64424 0.0458496 0
1.21646 1.74067 0.0290978 0
0.649918 -1.47873 2.21774 0
0.111538 -2.34275 0.157862 0
0.560979 -1.403 2.12869 0
0.124124 0.248285 -1.21804 0
0.334155 0.101139 2.1697 0
0.87634 0.839811 1.99122 0
0.560918 -3.92109 1.77678 0
0.434381 -3.45823 -2.78276 0
1.64239 -3.3396 -1.32279 0
0.65323 -3.24698 -1.10018 0
0.514698 -2.82455 -1.58819 0
0.363614 -2.70263 -1.09882 0
0.684332 -3.16597 -1.36453 0
0.280432 -3.78236 1.71023 0
1.24354 -3.38252 2.70194 0
0.378987 3.78442 -0.185325 0
0.840528 3.6865 -0.680727 0
0.222802 3.19862 -2.05177 0
0.38433 2.26079 -3.13713 0
0.830037 2.24034 -0.621577 0
0.780554 2.1186 0.528507 0
0.490173 2.87958 -0.636126 0
0.0958268 2.96162 -1.77617 0
0.129454 3.65195 -1.33282 0
1.63668 1.67756 1.75718 0
0.309909 1.84414 -2.88932 0
0.11407 2.40116 1.34346 0
0.403336 2.70316 1.98286 0
0.385196 6.61245 1.55961 0
0.444008 3.72776 0.761153 0
0.392712 3.34994 -1.14388 0
0.337947 0.906193 2.74249 7.86458607707147e-14
1.28053 1.17163 2.85086 6.48087185208259e-14
0.580956 1.80549 -0.447136 8.32623695071516e-14
0.184351 1.75992 -0.985938 7.00631654978113e-14
0.573361 2.42742 -0.43236 7.54566150082357e-14
0.58722 1.8985 2.86977 5.8135509245298e-14
0.244552 -0.502493 -1.19774 1.16905898579212e-13
0.534431 -0.802596 -2.52438 1.18142011590511e-13
1.32555 -0.756711 -1.85636 1.17790403024613e-13
0.540792 -1.07537 -1.10811 9.94594061650704e-14
0.859302 -0.317315 -2.1189 1.14750501109106e-13
0.266124 -3.49329 1.22926 0
0.40439 -2.84253 1.58448 0
0.611807 -2.07713 1.54584 0
0.639997 -1.36152 0.840703 0
0.800098 -0.11481 -0.930357 0
1.05437 -0.355343 0.0366766 0
0.173198 -3.53715 -1.38955 0
0.599511 -2.24532 -1.52822 0
0.305204 -2.89037 1.17784 0
0.581799 -2.47749 2.5861 0
0.404694 -4.11014 -1.35537 0
0.51841 -4.88614 2.13846 0
0.239281 -5.75079 -0.299796 0
0.341749 -7.33091 0.740853 0
0.518325 -7.35766 -1.32454 0
0.801634 -7.40785 1.65996 0
1.52342 6.8714 -2.13559 0
0.191938 6.87996 -1.85796 0
0.453699 -0.0614017 2.77626 0
0.482722 -0.126615 0.480591 0
0.419644 -1.9937 -0.373853 0
1.85556 -1.30032 -0.773609 0
0.273121 -0.430801 -0.714899 0
0.53751 1.17268 1.41895 0
0.412155 -2.18028 1.42561 0
0.272625 -4.61007 0.722297 0
0.426785 -2.45983 1.17209 0
0.279502 -0.623083 2.81704 0
0.414142 2.75104 -1.93882 0
0.0976725 7.26361 -2.7853 0
0.366879 4.01047 -0.22963 0
0.807254 7.3055 1.38864 0
1.19173 -5.67822 2.02023 0
1.43465 -5.61019 1.94395 0
0.66175 -4.2691 0.711988 0
0.17941 -4.41198 0.127126 0
0.564787 1.47618 -0.345257 0
0.389452 1.83197 -1.78863 0
1.36581 2.99556 2.6791 0
0.0116855 3.70405 -0.666956 0
0.421185 0.688422 -2.78392 0
0.593947 2.82697 2.02501 0
0.45088 1.15597 1.9719 0
0.645648 1.18002 -2.00274 0
0.522759 2.76386 2.51082 0
2.39659 3.35039 2.88724 0
0.696713 3.0891 -3.12395 0
0.161054 2.9499 -2.96308 0
0.296846 1.12931 3.02088 0
0.557256 -0.418788 -2.04908 0
1.02289 -7.70426 -1.90847 0
1.14889 2.92161 0.584162 0
0.24901 3.99657 1.33283 0
0.927445 2.36353 -0.378192 0
2.91274 1.57095 0.176449 0
0.825148 1.94522 0.195396 0
1.42912 -0.386006 2.19455 0
0.834745 -0.408533 1.63021 0
0.174223 -0.178415 1.97678 0
1.18494 1.0078 -3.00936 0
0.443014 0.468873 -2.96654 0
0.30585 1.47194 2.89352 0
0.510084 0.111224 2.58182 0
0.23627 -4.44175 -2.17431 0
0.08163 -7.2199 1.69698 0
0.369905 -5.38797 2.27453 0
0.487085 -6.2398 1.80846 0
0.276794 -5.95071 1.74153 0
0.450441 -5.88012 -0.868068 0
1.16106 -5.65906 1.47855 0
0.531774 -3.28058 -1.55245 0
0.138409 -3.94924 -2.6423 0
0.906739 0.379141 -2.04114 0
0.131885 2.18824 -1.68031 0
0.464986 0.321465 -2.21377 0
0.540095 1.26257 -2.61595 0
0.365423 1.48873 -0.0671815 0
1.04424 1.5624 -1.17333 0
1.01718 1.69688 -1.3185 0
1.04431 1.64769 -0.428258 0
1.49232 1.65356 1.76799 0
0.0636061 2.46138 2.70056 0
0.425412 4.34736 -0.156161 0
4.38352 1.28284 2.69601 6.97440697021652e-14
0.755846 2.00968 -2.159 4.06239588952052e-14
0.751647 1.37094 3.10416 4.85618618468037e-14
0.353965 0.0837101 0.683004 1.03569886059652e-13
1.66591 1.8721 -1.04683 6.73091782666766e-14
1.00844 1.89353 -0.869453 7.2038194634672e-14
0.413332 0.100282 -2.18322 9.18757860245039e-14
0.318986 -0.530915 -0.500961 9.93440796958762e-14
5.61328 -0.587719 -2.07508 1.19092719747563e-13
0.326041 -0.951616 -1.99992 1.15156067169973e-13
0.842989 -1.40359 -1.0944 8.98438529245834e-14
0.700892 -3.20897 -1.07146 0
0.502093 -3.4912 2.18749 0
0.928798 -1.05105 -1.62833 0
0.410453 2.29263 0.587919 0
0.551709 -4.18086 2.14709 0
0.413542 -4.99348 -0.228226 0
0.836101 -4.41945 1.99128 0
0.13642 -4.20009 -1.77259 0
1.50352 4.84576 2.40508 0
0.337367 -5.07261 -0.841281 0
0.103539 -3.97606 -0.645424 0
0.230283 3.16922 -0.122257 0
0.319244 7.86989 1.34794 0
1.60702 -5.23204 1.99508 0
0.629249 1.44129 2.41269 0
0.307707 2.48668 2.52498 0
0.446977 4.09152 -2.53312 0
0.575792 4.10943 0.500122 0
0.611903 5.49477 1.41143 0
0.352149 3.30957 -1.22688 0
0.986781 3.91149 -2.33752 0
0.565778 4.40308 -1.64942 0
0.754201 4.11584 -2.2529 0
1.22797 4.58672 -2.97296 0
0.463936 2.59336 1.23039 0
0.474004 4.00878 3.03408 0
0.15383 5.63654 -0.44974 0
0.526216 0.855043 -3.08706 0
0.195201 0.88063 -1.7871 0
1.22449 2.21135 -2.89621 0
0.728639 3.75402 -3.01658 0
0.663325 3.20035 3.05834 0
1.99611 3.67618 3.04139 0
1.91414 3.37658 3.02783 0
1.3497 3.54391 2.63124 0
0.194882 3.36855 -2.61887 0
0.528051 1.0352 -2.59187 0
0.384404 0.1484 -0.23719 0
0.472441 2.60324 -0.20596 0
0.553573 2.09461 -0.716345 0
13.8968 1.60236 0.219674 0.408876651527696
0.252137 -1.50192 1.68324 0
0.993304 -1.58291 1.13893 0
0.325968 -0.853895 -0.305686 0
0.34951 -1.36033 0.986626 0
0.145697 -2.40781 -2.34566 31.5577758206243
0.144496 -4.45979 -2.49155 0
0.215026 -5.3445 -0.196498 0
0.241375 -3.30048 -1.91077 3.18196515371451e-08
0.32182 -4.04466 -1.60534 7.73911713021992e-09
0.250665 -2.75612 0.233355 0
0.112075 -3.75751 -1.35771 0
1.14449 1.62533 -2.03369 0
0.510619 1.28752 -1.54283 0
0.120466 2.11108 -1.00153 0
0.145904 3.52919 -2.1472 0
0.227768 3.63356 -0.645178 0
0.144895 3.69374 -0.94321 0
0.0763945 9.16992 -0.912464 0
0.400077 7.00373 -0.104444 0
0.209716 5.78269 2.65416 0
0.21343 5.69335 -0.0692173 0
0.342463 -0.658606 -1.8135 14.3712105836082
0.102734 -2.02195 -2.31752 0
0.814411 -0.832834 -1.75229 0
0.201746 -3.37342 0.0829591 7.18039829556596e-09
0.34309 -2.87903 -0.179347 7.67564308179311e-09
0.138572 -0.189619 -2.54231 2.83783731912157
0.100558 -0.875292 -2.77589 2.8132388275379
0.163523 -3.74596 0.732574 0
0.256506 -3.82959 -2.41894 0
0.151266 -4.84684 -1.34319 0
0.141892 -3.16929 -2.03034 0
0.00967769 3.54085 1.92263 7.7059275796616e-08
1.88668 3.53483 1.94122 9.10839505484641e-08
0.610269 3.24234 2.14435 0
0.442542 3.55407 1.93201 0
1.00061 3.04071 -2.96395 0
0.460803 3.02775 -3.13208 0
0.721983 3.75477 -2.39302 0
0.23119 4.02444 2.75168 0
0.347633 1.26844 2.48126 13.9515744406395
0.19073 0.651064 2.75982 29.2680519278193
0.130433 0.998784 1.75452 0
0.232437 1.99837 3.04985 0
0.189046 1.87566 -0.567727 9.6916109652135
0.838151 2.43432 -0.798493 1.2721120161174
0.635252 1.97372 0.545439 7.25974554365546
0.124497 3.02063 1.50684 13.2230180119091
0.247259 0.704096 -2.21188 8.0274040352065e-05
0.0344159 0.687029 -2.38289 5.70166269653382e-05
0.339825 -3.48408 0.38141 0.741024313399687
0.132615 -4.24366 2.56232 0.891045322342894
0.720585 1.29888 2.79418 23.2315611444005
2.06428 1.57215 2.91164 6.33946680014734
0.0564023 1.40045 -1.98337 4.22151910344475e-05
0.00937941 2.14933 -1.89352 3.6276712126591e-05
0.460351 -0.420414 -1.62775 34.1434627810463
0.715673 -0.298417 -2.34374 22.9202988311696
0.00950144 6.11689 -1.9063 3.93642124740447e-06
0.30582 6.40858 -1.89336 5.67678677270768e-06
1.88595 1.12861 2.80859 2.36361747599352
1.85575 1.34727 2.79048 1.99621090517893
6.33913 1.64755 0.279211 0.543101593250075
2.05369 1.52694 0.39808 2.23931643674413
0.228276 1.60845 0.836604 0
0.768055 1.63675 -0.161982 0
0.308629 -4.83539 -0.289038 0
0.312784 -3.58578 2.51859 0
0.713114 -1.28939 0.426763 1.02434978956671
0.259109 -1.03751 0.756713 3.46258787865971
