0.187943 -7.72986 -2.12594 0
0.459855 6.76481 2.2467 0
2.04364 0.342182 -0.604116 0
0.446654 -1.45983 -1.96017 0
0.488518 -0.858582 0.45161 0
0.508588 1.33869 2.15167 0
0.622362 3.0579 -2.48564 0
0.0486463 4.73891 -1.11109 0
0.359922 6.73366 0.927788 0
0.723074 -4.45159 -0.452464 0
0.680899 -4.78544 -0.261799 0
0.679386 -9.0299 -0.0819915 0
1.15918 0.707787 1.51212 0
0.172548 -0.410549 -2.92693 0
0.251877 -1.74056 0.350764 0
1.1191 -1.13776 -0.398633 0
0.16283 -2.57335 -2.35272 0
0.965528 -1.90516 -0.356881 0
0.607951 -1.65658 0.00146911 0
0.342818 -2.43711 2.60965 0
0.445017 -2.71103 0.381861 0
0.233418 -1.71877 -1.82775 0
0.667194 -3.86834 1.49726 0
0.209038 -5.41944 -2.54062 0
0.232947 -5.52214 -0.701284 0
4.19892 0.550956 -0.3434 3.69754854895911e-13
2.44191 0.751773 -0.543961 3.53974678798917e-13
3.21742 1.10471 -0.42882 2.88182014415519e-13
0.667471 0.691731 0.165882 2.9576700025864e-13
2.14656 1.35772 -0.726841 2.80333018683186e-13
0.865084 1.14514 -0.0970337 2.44590717427925e-13
1.74957 2.04005 2.19553 1.34561859177215e-13
1.05919 1.64612 2.06566 1.29718989672508e-13
1.04493 1.06192 2.20963 2.17589072809645e-13
1.46756 1.67489 1.30422 1.76869778017849e-14
1.17085 2.17275 1.24644 6.97853340779826e-14
0.48216 4.45444 2.72164 1.57118862192938e-13
0.685017 4.04373 -2.54538 1.39143853151783e-13
0.472542 3.95281 -0.744504 1.47775248418962e-13
0.0112956 6.94982 -1.24169 1.54428219059402e-13
4.09352 0.732072 -2.14016 3.70571460975838e-13
1.02128 0.537886 -2.06551 4.41818896140171e-13
7.71921 0.817965 -2.20088 3.40843602685615e-13
4.50432 0.967043 -1.87285 2.77917785879657e-13
6.06393 0.896017 1.64461 1.0579972821573e-13
0.24625 -0.478988 2.16078 3.2863902355969e-13
0.412089 0.390247 1.31238 2.18592002532949e-13
2.81692 0.916462 1.88768 1.23839401306723e-13
27.9242 0.700802 1.95658 1.72475295281081e-13
0.687433 1.09664 1.63111 6.59636417803159e-14
1.64818 0.938202 2.18441 1.56581208014293e-13
0.174108 0.995373 -0.552361 2.74034175216844e-13
0.526416 0.800668 1.30263 1.22993177105003e-13
0.472515 1.65796 0.281314 1.46605611091752e-13
2.00582 0.98191 -1.32367 3.031956370733e-13
0.680852 0.567197 -0.99093 3.25689107066927e-13
0.531745 1.36163 -2.50157 2.56732220243511e-13
0.695051 -0.881221 -0.566928 2.12581940581688e-13
0.524813 -0.772927 -1.46237 1.346894376791e-13
0.802439 -2.79827 -1.83614 1.13328159688642e-13
0.272292 -3.71491 -2.50063 1.3996275420568e-13
0.383444 -1.94899 1.65806 0
0.409366 -1.87277 -3.03441 0
0.335339 0.317442 2.0114 0
2.2377 0.193005 1.66776 0
0.253522 1.86293 2.68051 0
2.59292 0.313988 1.85185 0
0.335566 0.286146 2.73678 0
0.301807 1.07297 3.11351 0
0.720604 1.03523 2.55241 0
1.06059 1.47766 -2.8172 0
2.04993 1.77845 2.79687 0
0.571537 2.9179 2.05817 0
2.73613 2.47474 -2.68855 0
1.59167 1.98639 -1.89694 0
2.63703 2.25551 -1.87869 0
0.18038 3.16947 -2.8297 0
0.634425 3.22298 -1.70043 0
0.438919 6.44218 2.39364 0
1.43302 5.6397 -1.26771 0
0.195682 4.37883 1.66943 0
1.41003 4.42387 1.37994 0
1.06692 2.29174 -0.100828 0
1.61538 2.89544 0.729304 0
0.285927 2.61357 0.821644 0
0.492013 3.18553 0.394103 0
0.42753 1.09329 0.711118 0
1.63204 2.51217 0.74831 0
0.585941 6.57328 0.504713 0
0.309734 5.0639 1.81803 0
0.523387 4.61862 -0.519923 0
0.500711 4.58086 1.59631 0
0.430332 0.648509 -0.547423 0
0.479306 -0.64159 -0.917754 0
0.178471 -3.30198 -1.51585 0
0.447795 -1.26899 -2.58971 0
0.34749 -3.8571 2.35241 0
0.83705 -4.29275 -1.18459 0
0.437603 -5.50901 -3.01292 0
0.800827 -5.25567 -1.61972 0
0.668793 -4.66944 2.91071 0
1.8422 -5.1642 2.32747 0
1.45391 -4.30811 2.69856 0
1.23667 -5.20528 2.63173 0
0.451641 -3.69322 0.143648 0
0.477797 -3.03365 -0.80736 0
1.32561 -2.88887 2.05025 0
0.888879 -6.06463 -0.0848774 0
0.143233 8.54925 2.27063 0
0.622018 2.44952 -1.09955 0
0.167198 -0.139674 -1.55911 0
0.424992 -5.94633 0.124266 0
0.102628 -8.78549 0.501519 0
0.431256 -7.39164 -1.29552 0
0.0537287 -3.47069 1.43235 0
7.58259 0.52404 -0.138078 3.57926885185223e-13
1.10081 1.45046 -0.562706 2.54982455330425e-13
0.283247 1.66408 -2.65357 2.74903102234613e-13
4.00308 2.23372 1.68163 9.32378763618342e-14
0.0685175 2.12939 -2.59223 9.99272850511804e-14
0.471689 2.16903 -1.978 2.05324300878727e-14
0.200301 0.886304 -2.73905 3.6165027445285e-13
2.78887 0.900227 -2.13636 3.07397507684231e-13
6.30519 0.887704 -2.098 3.10467363817267e-13
2.34483 0.815131 -2.22403 3.43099488679757e-13
25.8186 0.738081 -2.07603 3.66222543565151e-13
4.06956 0.816373 2.04128 1.59224273420091e-13
1.38265 0.915183 1.86843 1.21833865466988e-13
0.408089 0.640423 0.71514 2.04510459669297e-13
1.13909 0.3272 -0.526455 3.27826989410077e-13
0.764157 1.16799 -1.90092 2.89241435746133e-13
0.357465 0.69337 -1.06637 3.20186951278465e-13
0.418123 -2.97987 -2.28251 1.25271237172281e-13
0.456198 -3.08957 -2.67039 1.3613752373207e-13
0.987478 -2.49323 -2.79668 1.34329985254727e-13
0.051251 -2.33671 -0.605283 1.3382615335598e-13
0.772595 -3.32901 -1.57496 1.28457021176808e-13
0.476374 -3.27399 1.67349 1.70993848511491e-13
0.300867 -2.34073 2.33743 0
1.28863 0.953928 1.84196 0
0.112085 3.06468 1.38233 0
1.56244 1.83527 2.8581 0
0.161979 3.03791 2.41173 0
0.487483 2.21162 2.39593 0
0.189343 2.61061 -1.06866 0
0.703776 3.55774 -1.46057 0
0.314885 5.6211 -2.38588 0
0.811008 4.16694 -2.33533 0
0.0953476 7.33508 -0.0453904 0
0.494617 4.13362 -0.531913 0
0.0884953 2.98422 3.07501 0
0.332288 4.44032 1.24954 0
0.281738 2.35742 1.69594 0
0.746299 2.09816 0.0548006 0
0.157081 4.50822 1.14321 0
0.280456 4.02677 0.390764 0
0.313768 -3.6522 0.263303 0
0.542451 -3.1662 -3.02632 0
0.269296 -2.31865 1.58784 0
0.878423 -4.84703 2.28646 0
0.287884 -5.21268 2.19917 0
0.476009 -4.59861 -2.50066 0
1.11043 -4.22517 -0.828927 0
0.0913199 -2.53067 -2.88538 0
0.196507 -3.44813 -2.59634 0
1.26974 -3.72617 -0.916928 0
1.1006 -2.40499 1.25989 0
1.88832 0.7474 1.6666 0.0222519882496434
0.246887 1.59659 1.13423 0.0786911068218117
0.372818 1.7543 -2.91549 0
0.310303 2.07366 1.84994 0
0.0471879 -2.17136 1.24635 2.78771615689191e-07
0.0768643 -2.53074 -2.90826 4.14977301562538e-08
0.84561 1.87071 -2.04879 0.0332110444167284
0.868058 0.0750634 -2.0128 0.10726961849111
0.398573 -4.68878 2.89132 1.70890268215357e-08
0.253692 -4.93314 2.27507 1.8241389057708e-08
0.0510079 -3.88252 -1.06364 1.08987375899565e-07
0.155494 -2.21827 -1.26139 1.200199993888e-07
4.98329 0.526043 -0.230495 0.0566882963592898
0.169543 2.45533 2.54878 4.43449870594858e-08
0.166929 1.68056 1.28585 6.85601236136869e-08
1.58944 1.90169 2.35514 1.54497375280973e-13
0.352532 2.06689 1.93756 1.08609727960001e-13
0.700392 0.616592 -2.15787 4.93140674473566e-08
2.01156 0.584395 -2.05752 4.12023067461825e-08
0.0883848 -1.39368 0.791089 1.63713443786714
2.08281 0.810809 1.9546 1.50641995409461e-13
5.0736 0.68312 2.01867 1.8210489319568e-13
0.191109 0.889064 -0.907568 144.572494939864
0.142358 -1.32721 -2.03385 5.3903962316033e-14
0.517007 -1.7388 -2.46132 1.02870041369094e-13
0.61522 -2.82005 -3.11522 1.48228150913353e-13
0.617127 -2.37057 -2.82168 1.34947609619262e-13
0.216796 1.59959 2.36327 7.59337166378505
0.397552 0.821083 -2.08301 0
0.332451 1.87855 -1.93732 0
0.242222 4.76315 1.87374 0
0.176763 4.34344 2.52918 0
0.238277 -4.09154 -0.908434 4.53320237955648e-08
0.139296 -4.04265 -0.623304 6.79527160376174e-08
0.117766 -5.76716 -2.3926 2.76579121903398
0.938716 -2.53268 0.312479 16.7704388124143
0.369211 -3.20791 0.201925 21.7896808962164
1.11555 1.96251 3.01364 12.0542340463451
1.61874 2.25962 3.02659 6.23880108527309
0.570798 1.79514 -0.265573 11.5718790296584
0.304932 2.73293 -0.406589 8.67226707811829
1.37539 1.06513 1.99473 1.34814439877175
1.12013 0.770735 2.13846 2.05133266973491
0.380273 -4.53296 2.11986 1.24727470028786
0.34541 -4.22984 0.974034 1.86228875313012
0.749957 -2.59632 1.75682 8.24333401967562
0.124371 -2.86081 0.621467 38.2095100453809
1.11719 0.603894 1.59588 0.028682546042863
17.5214 0.533065 -0.207043 0.0362124331735845
1.59578 0.970612 1.85861 0.475144085011549
1.59085 1.12006 -1.27008 8.97441488894232
0.232133 1.23929 -1.73078 55.8251171712502
1.30517 2.24385 2.16913 1.49512984414088
0.185477 1.8811 2.52674 15.0340745684873
1.22863 0.526324 -0.079826 0.399521493341779
2.32402 0.424053 -0.280569 0.37069948411573
2.73578 0.716909 1.45233 0.216430293168689
0.931542 2.67342 -0.820746 1.07388330180995
2.98571 0.725368 1.6677 0.161327493939541
13.3743 2.64411 -1.0762 0.28762694896715
0.838015 2.3344 -1.10884 2.11048467361236
0.64366 0.963835 1.68628 7.71076147651637
1.27344 0.518366 1.64887 5.2072974033208
