0.543918 9.72947 -0.106274 0
0.43656 -5.65771 -2.69707 0
0.715986 -8.99794 -1.23536 0
0.221264 -6.8815 -1.88543 0
0.398985 -5.35177 1.49108 0
0.657679 -5.61429 2.81344 0
0.171525 -7.22943 0.957574 0
0.262733 -4.13362 -1.14647 0
0.415921 -3.06903 -0.575594 0
0.453212 -3.18027 2.39377 0
0.456543 -5.16526 -2.79 0
0.22748 -5.67362 0.589475 0
0.503858 -4.65243 -0.609004 0
0.26041 -4.27326 1.68261 0
0.147202 -8.96215 0.131361 0
0.218787 -7.07165 0.88263 0
0.385591 -3.67773 -2.99371 0
0.467722 -2.76305 0.762275 0
0.343663 8.19932 3.0873 0
0.135189 8.92388 1.22277 0
0.295967 -7.13672 -0.29921 0
0.231654 -7.4046 -1.95633 0
0.0126731 -4.96293 -1.64638 2.01170109005488e-05
0.0183405 -5.182 -0.774605 1.72959426015489e-05
