0.159587 2.25405 2.42123 0
0.838134 3.11075 -1.05344 0
1.90106 3.55075 0.409142 0
0.891805 2.4944 -0.782215 0
0.234912 -4.78859 1.01834 0
0.75826 -5.96547 2.74445 0
1.35648 -4.87818 1.26448 0
1.23169 -5.64068 0.825457 0
1.84856 -5.80641 -1.42301 0
1.18077 -3.5653 -1.64986 0
0.108961 -5.06498 -1.88958 0
0.119995 -4.53028 -1.72057 0
0.264914 -2.89243 -2.84312 0
0.714895 -2.66059 -1.71476 0
0.373224 -2.21049 1.96722 0
0.526016 -1.60034 0.273307 0
0.154218 -0.147307 -1.66221 0
0.274972 -0.287666 0.683852 0
1.06063 -1.30988 -0.175971 0
0.222979 -0.535388 0.15472 0
1.24392 -2.95848 0.513638 0
0.494064 -3.557 -0.396372 0
0.624762 -4.00579 3.00132 0
0.206005 -7.83611 1.11852 0
0.348514 0.612708 -0.571675 0
0.263988 3.28257 0.579871 0
1.93408 4.54959 -0.522416 0
1.93961 4.39753 -0.351228 0
0.832426 5.3452 -2.28213 0
0.893056 4.1171 -2.09795 0
0.333957 1.58873 0.543461 0
0.283684 2.82415 -2.32626 0
0.345436 0.650764 0.221058 0
0.331197 1.93996 1.01443 0
0.45297 5.91893 -1.77768 0
0.0740492 3.65522 -0.212921 0
0.488967 3.27404 -0.661701 0
0.274601 3.93689 2.6076 0
0.37688 3.27709 1.83466 0
0.216928 2.66178 -0.68162 0
0.25359 1.02536 -0.410379 0
0.785637 -7.35889 -3.00633 0
0.321427 -7.15345 -1.85212 0
0.471641 -4.25833 -1.70175 0
0.234782 -6.20371 1.59881 0
0.381905 -1.90477 -2.10883 0
0.210421 -2.48703 2.1634 0
0.0352185 3.58859 0.652387 0
0.360202 0.534904 -2.35406 0
0.0943216 3.01526 -0.188835 0
0.548822 -1.98249 1.79226 0
1.08404 -0.916926 2.32867 0
0.852326 -0.769361 -2.48706 0
0.779074 0.204163 2.3446 0
1.75773 0.568085 3.06819 0
0.486898 1.18814 2.303 0
1.24731 1.98052 2.01746 0
1.01083 2.9193 2.1431 0
0.552215 5.3637 2.23039 0
0.345418 6.55625 -2.50097 0
0.177675 5.25942 0.619345 0
1.5114 6.63899 -2.71572 0
0.397201 5.60052 2.86608 0
0.407227 5.60914 -1.95113 0
0.913277 0.817798 0.0274596 0
0.279084 -1.10284 -2.55367 0
0.239657 0.22751 2.39546 0
0.197054 3.15748 1.01582 0
0.55248 3.44819 -2.19013 0
2.12371 3.45682 0.241087 0
0.0747088 5.28917 -2.65421 0
1.45589 3.99342 0.402252 0
0.112651 4.40196 1.1073 0
0.422432 -5.57153 1.48662 0
0.169259 -6.12902 -1.89166 0
0.799865 -5.93014 1.32552 0
0.092274 -7.57904 0.201016 0
0.138039 -7.42595 2.05868 0
0.128241 -6.96652 -1.77151 0
0.26529 -4.48302 2.11281 0
0.539447 -3.92136 -2.0349 0
0.349233 -3.98145 2.79224 0
1.01337 -2.11876 -3.00702 0
2.9614 -1.79301 2.98772 0
0.626172 -2.13112 -2.96147 0
0.457226 -1.48313 -2.36314 0
0.366527 -1.43162 2.67363 0
0.226092 1.09705 0.0481486 0
0.245573 2.13132 -0.0924892 0
0.704952 1.035 -1.98225 0
0.45274 -1.04304 2.88626 0
0.223008 -1.1003 -0.365999 0
0.456648 -4.78046 0.0626711 0
0.188827 -4.81265 2.78774 0
0.614981 -6.62607 -2.78826 0
1.97773 -1.42212 -1.6909 0
0.813919 4.92907 -0.220845 0
0.565574 3.86763 -1.68905 0
0.369862 0.115466 1.24303 0
0.394932 -0.46845 -1.43413 0
0.673327 -1.33837 -0.132693 0
0.206878 -0.234132 -1.24422 0
0.629648 1.66234 -0.961181 0
0.157245 1.41087 2.54597 0
0.113994 3.03608 -1.73147 0
0.279676 3.21641 1.30769 0
0.540621 3.98205 -2.82875 0
0.243604 3.47153 2.5643 0
0.255656 4.80127 2.50119 0
0.384278 8.16408 -0.520949 0
0.765188 7.77951 2.83542 0
0.311914 7.57541 -2.3628 0
0.551504 4.65839 0.982231 0
0.574414 3.33399 -0.325774 0
0.231757 0.395666 2.15138 0
0.427916 -4.37027 1.14242 0
0.259759 -5.1208 -2.91203 0
0.333998 -4.13529 -2.14327 0
0.284382 -6.55568 -0.59207 0
0.403908 -6.22796 3.09926 0
0.47589 -3.12324 0.0495397 0
0.703794 1.01551 0.361429 0
0.0913623 4.25602 -1.20117 0
0.462734 2.92602 2.76907 0
0.449341 3.36818 -0.419066 0
0.663052 -3.29678 -1.34935 0
0.224104 -2.30472 -1.03338 0
0.470152 -0.938003 -0.940685 0
0.830964 -1.97903 2.84267 0
0.280993 0.408536 2.13369 0
0.765763 1.55451 3.13069 0
0.55464 5.41731 2.61908 0
0.24422 4.62798 -1.97732 0
0.162563 4.81411 -2.35177 0
0.724131 6.10683 -2.2478 0
0.165799 6.81077 2.96248 0
0.0609482 7.85706 -2.811 0
0.235815 4.52971 -2.80268 0
0.321675 0.772449 2.77094 0
0.0692279 5.14756 0.766183 0
0.300736 -5.07012 2.75583 0
0.0487618 -7.1341 2.97899 0
0.118703 -3.05375 2.31584 1.40046871168111e-07
0.0239904 -5.19021 -2.39991 2.85481346545012e-08
0.23785 -2.50002 -2.73225 0
0.263478 -1.74331 3.13706 0
0.637186 -1.38292 3.1139 0
0.45884 -1.28365 2.43394 0
0.349376 -1.18348 -0.541656 0
0.302632 -2.48837 -0.552325 0
0.220415 5.9326 1.52367 0.595571158227986
0.246701 -4.31374 2.81994 0
0.0227751 -5.93269 -3.109 0
0.470687 4.08167 -3.10076 2.63345580340615e-09
0.0633808 5.6527 -1.42845 4.88712493414113e-09
0.341179 3.54713 1.34659 1.28911186019899e-08
0.1355 3.44171 0.848796 7.3464231272344e-08
0.0834472 5.31732 2.11597 1.65283114133271
0.296513 -5.12276 2.46031 1.14697707706512
0.189934 -6.27586 -2.58363 0.566401268548787
1.09154 -0.898924 0.810506 11.9500183755786
0.511583 -1.35212 0.5101 17.7220238753004
0.00497798 1.29581 0.447384 0.000264940225645117
0.249882 2.19467 -0.246788 3.27153426785547e-05
0.333976 3.03506 3.01419 4.9192444571825
0.152477 2.9032 -1.18998 12.3564412210055
0.142265 -2.94088 1.79161 47.6173335464755
0.396782 -2.28569 -2.66197 32.5911503236619
0.209556 1.22623 1.50805 43.7366361607484
0.273603 -0.164189 2.34576 61.2122870760099
0.304804 1.99578 2.83779 7.11887615514318
0.130782 1.91917 0.115072 17.8635749414945
0.202847 -2.76514 1.26587 17.7380268077056
0.404238 -2.15088 -0.143462 16.3324238906745
0.0177561 -5.74224 -2.47553 2.79082328726351e-05
0.0209033 -5.81483 -2.56366 2.65930035787715e-05
