0.197459 3.33057 -2.47873 0
0.656036 3.6322 -1.87141 0
0.0944807 1.57618 -0.660474 0
1.03288 -4.05935 -2.04481 0
0.987587 -5.25382 -1.76905 0
1.13615 1.17071 -1.58865 0
1.31976 0.632775 -1.20848 0
0.88359 1.71947 -0.0156811 0
0.611896 1.45345 -0.000745545 0
1.41123 -3.00841 -1.12105 0
0.687824 -2.34452 2.48032 0
0.539809 -3.04133 2.6828 0
1.79059 0.135166 2.89641 0
2.5797 0.616133 -2.74318 0
5.62113 -2.30885 0.0743731 4.95375657717883e-14
3.88149 -2.45627 0.0224896 4.6465312447398e-14
4.16441 -1.98354 0.121954 6.29354130561107e-14
0.579781 -2.47058 0.436701 3.20675805608628e-14
0.38848 -1.92039 0.142201 6.6058904160014e-14
1.41882 -1.2441 1.87374 0
1.02872 6.67468 0.367504 0
1.25491 1.55423 1.37766 0
0.507349 1.19999 0.646622 0
2.67314 1.5349 0.0984196 0
2.42295 0.0286867 0.626745 0
0.0265851 3.42507 -1.23048 0
3.39463 0.0726184 0.696412 0
1.70385 -0.495855 -0.099719 0
1.0452 -1.40409 0.0710376 0
0.155057 -1.59649 0.152917 0
2.03239 0.0863874 -2.70023 3.23661521438937e-13
2.20116 -0.136688 3.07836 3.60071331956494e-13
5.95211 -0.0931417 -2.94196 3.22984779433138e-13
4.96037 0.079504 -2.88467 3.46471917564014e-13
0.889659 2.71134 0.0733177 0
0.230416 3.89206 -1.00457 0
0.487881 -1.40542 2.15215 3.74721095425269e-13
0.827037 -0.8994 -2.00665 7.52540320594583e-14
3.11206 -1.00094 -2.69277 1.61831817869855e-13
1.16907 -7.60414 -0.520048 0
1.20705 -4.65312 -0.368698 0
0.493061 -4.69849 -1.21702 0
0.207052 -2.36942 3.10512 0
0.435756 -1.3872 -1.5096 0
0.236904 -2.25658 -2.11355 0
0.439596 0.552355 2.16876 0
0.515775 0.667342 3.0906 0
2.61067 0.657521 2.38215 0
0.568757 0.67723 2.32818 0
0.873136 1.35293 1.77701 0
1.42747 1.84471 2.96961 0
0.609133 1.61044 2.67332 0
1.13588 1.27817 -3.12164 0
1.03899 2.133 -2.57608 0
3.68158 1.96276 -2.08192 0
0.897916 2.24268 -2.69263 0
0.244749 1.01565 0.803903 0
0.330077 -2.30674 -0.250501 0
0.337265 -3.60551 1.28614 0
0.907922 -2.54157 -2.37181 0
0.691424 -0.77853 0.755743 0
0.0613208 0.453205 1.46973 0
0.135131 -0.783373 -1.55242 0
0.505696 -1.46432 1.92116 0
0.781663 -0.627013 0.0318494 0
0.143736 -0.658002 -0.530589 0
0.843267 -0.220665 1.28071 0
0.427393 1.55669 2.61524 0
0.468711 1.26031 2.00471 0
1.26003 1.31402 3.11645 0
1.7562 2.48531 1.97644 0
0.893957 3.51036 2.13685 0
0.649112 3.99565 -2.77736 0
0.351365 -1.66049 -0.811716 0
0.584978 -0.339909 2.03386 0
4.70644 -2.48967 2.01348 2.52232852426067e-14
3.72502 -2.32959 2.00248 2.73719687710481e-14
1.08851 -2.5973 2.05695 2.7683615794936e-14
0.867735 -3.1564 2.08119 3.78107425357459e-14
3.5082 -0.844821 2.63793 2.39237645093338e-13
0.44697 -1.25706 1.92044 1.36521246485339e-13
0.647689 -1.44008 1.30321 1.06202964531874e-13
0.447078 -0.758804 1.18878 2.34490978340335e-13
5.11182 -1.30539 1.69768 1.24488626406982e-13
7.73292 -1.278 1.68565 1.29036714041927e-13
0.335425 -0.695974 1.70323 0
0.543313 -0.0735437 -1.63232 0
0.215015 -0.663889 -2.64583 0
0.958274 -4.38767 1.78266 0
0.684248 -3.65187 2.47357 0
1.57681 -3.5176 -3.09375 0
0.835188 -3.45909 -3.00203 0
0.489954 -4.0571 2.68666 0
1.61094 -3.01006 2.84692 0
1.96137 -2.78713 2.10597 0
0.835707 -1.80311 3.09842 0
1.41166 -0.936307 2.26085 0
0.386707 0.0657279 1.78182 0
1.611 -0.238067 1.95156 0
0.123906 -0.773409 2.92913 0
2.32352 4.26202 -1.58553 0
1.24425 -0.262018 -1.82962 0
2.93598 -0.366043 -2.26417 0
1.7006 0.129685 -1.22161 0
0.594572 -3.40999 1.4649 0
0.31323 -5.34163 2.43557 0
0.584912 3.27404 -0.806773 0
0.131383 1.04424 0.757662 0
2.74789 -0.264057 2.82286 0
0.707626 -1.01265 2.52658 0
0.138375 -2.44499 1.7096 0
0.476392 -6.32888 2.67398 0
0.549985 -0.597446 -0.0389715 0
2.11245 0.571639 -1.36602 0
2.35009 -0.499588 -1.91674 0
0.535543 -0.743081 -1.19563 0
2.16068 -1.39508 -1.48458 0
1.52736 -0.616964 -1.55504 0
0.253858 -2.23889 -0.272075 0
1.23049 -1.50024 -1.71739 0
0.830695 -1.44926 -0.714246 0
0.526066 -2.11226 -0.54792 0
0.3465 -2.2554 -1.75914 0
0.321727 -2.31165 -1.30562 0
0.303743 -2.30942 -0.287309 0
0.241545 -3.94371 0.556873 0
2.71926 -2.09334 0.287928 0
1.44657 -1.93676 0.392825 0
2.01992 -2.20826 0.884968 0
0.121029 -2.17089 2.11732 0
0.342835 -4.18237 1.66263 0
1.52165 -3.85644 -0.278736 0
0.573615 -5.07154 1.48336 0
0.506323 -5.43209 -1.94269 0
0.359585 -5.12824 -1.07334 0
0.853138 -4.83979 2.31677 0
0.898952 -5.84342 0.606963 0
1.20266 -3.21708 0.723972 0
1.07915 0.203014 1.69593 0
0.581233 -1.26508 2.78649 0
0.225411 -1.31454 1.82404 0
1.61883 2.33262 1.01217 0
2.20662 3.04269 0.592369 0
0.640552 3.60553 -0.594302 0
2.77606 3.3766 -1.32169 0
0.755681 2.90381 -1.2512 0
0.230165 2.93185 -0.586128 0
0.457445 4.99119 1.71923 0
1.28578 4.87742 2.11343 0
1.74256 5.39672 -1.31182 0
0.319266 5.9568 -1.38162 0
0.328492 6.31742 -0.701535 0
0.420667 5.45211 -0.487795 0
0.590116 -3.09809 -0.617177 0
1.40645 -2.11518 -0.41045 0
1.45681 -2.25604 0.22605 0
1.07088 -2.16145 -1.1445 0
0.324916 4.74634 1.66245 0
0.497928 3.43017 -1.09745 0
0.189005 2.30871 -2.62808 0
1.39699 2.94164 -2.24052 0
0.596324 2.18628 0.227698 0
0.0914428 0.478237 -1.41682 0
1.09913 -2.44377 -0.943557 0
0.543298 -1.00302 -0.71394 0
0.31452 1.06684 0.809846 0
0.432635 7.92308 -1.41396 0
0.793589 6.78765 0.185599 0
0.600726 4.2673 3.05211 0
0.202261 1.67601 1.83626 0
0.160609 1.04184 2.46324 0
0.831749 0.868718 -3.0586 0
0.0976938 -2.10268 -0.252672 0
0.591785 -1.73064 2.38328 0
0.302684 -0.710191 2.68865 0
0.443725 -2.28029 -1.49768 0
0.633391 -3.58392 -2.31095 0
0.2985 -2.69847 -1.14529 0
0.285797 -0.257566 1.59877 0
0.353225 -0.927255 -2.95419 0
0.223283 4.14359 2.99029 0
0.284294 2.8512 0.00304155 0
2.46306 -3.55493 -2.729 0
0.302449 -3.86951 -1.68855 0
0.531234 -1.98216 -2.99467 0
1.85736 4.24105 1.07348 0
0.355301 -0.2745 2.5132 0
1.56143 -2.2095 0.260334 4.690607926919e-14
0.221274 -1.28829 2.50717 0
0.149186 5.72361 -0.688591 0
0.171285 6.48115 1.89114 0
0.659798 1.92362 0.417007 0
0.547121 1.31503 1.45901 0
0.0629843 1.82198 -0.649421 0
2.35382 1.19482 0.994518 0
0.749171 1.06091 0.14891 0
0.623746 0.169836 0.343017 0
1.05486 -1.22106 0.556175 0
0.277735 4.97589 -0.0305598 0
0.104863 3.55226 0.58374 0
0.155733 2.6671 -2.81961 0
0.493678 -1.11194 -2.12713 1.06943655078972e-13
0.613962 -5.19961 -2.30689 0
0.578847 -5.31111 2.23124 0
0.563386 -1.33231 -2.24252 0
1.66098 -0.875159 -2.18 0
0.56581 -1.08491 -1.23243 0
0.564478 -1.90569 -2.43644 0
0.332554 -2.27521 2.28972 0
0.539449 0.398541 2.4985 0
0.313969 -0.000468714 2.03264 0
0.303558 -1.21803 1.35032 0
0.00272076 6.15787 0.258859 0
1.03783 1.20219 -2.77057 0
1.13239 1.97348 -2.58229 0
1.94249 1.95181 -2.74472 0
1.41673 2.61759 2.92477 0
0.469256 3.01738 2.01499 0
0.950501 -3.23918 -2.43527 0
0.297559 -4.5128 -2.41625 0
0.950558 -1.56177 -0.818589 0
0.38647 -0.460924 -1.36687 0
0.658703 -1.01188 2.60882 0
0.565998 0.222166 -2.27042 0
0.453293 1.37901 2.84634 0
0.748394 0.973433 1.96768 0
0.124054 0.893481 -0.162474 0
0.94341 2.83466 3.05408 0
0.676883 3.88106 -2.50734 0
0.863015 4.57794 1.88161 0
0.151276 4.76429 -0.683207 0
0.715276 3.42699 -1.44535 0
0.143676 3.48643 1.65948 0
0.645392 -2.63649 2.28476 3.94046863478989e-14
0.499449 -1.94435 2.52465 8.00581723211721e-14
1.73324 -2.26368 2.1177 3.67277892054245e-14
1.4195 -2.36687 1.9918 2.56810580017326e-14
0.467397 -1.8218 2.95943 1.15731042426722e-13
0.951278 -1.64278 2.47792 1.05892104371076e-13
2.5426 -0.912773 2.90137 2.38578770360031e-13
0.778993 -1.93492 1.64446 4.04130025180817e-14
2.53072 -1.18484 1.73173 1.45905683168532e-13
1.76561 -1.37175 1.69267 1.13569528450133e-13
0.564575 -6.11184 2.69057 0
0.183825 -7.07189 1.66351 0
0.996535 0.263762 -1.60696 0
1.78563 0.193975 -1.82984 0
0.294838 -1.14849 -0.34118 0
0.492531 -1.39659 2.35546 0
0.784776 -1.34021 1.11088 0
0.942173 -0.0640918 2.74262 0
0.241704 -1.07473 1.23175 0
1.46267 -0.164827 2.96778 0
2.70302 0.111023 2.71378 0
0.580978 -0.306966 2.35383 0
0.616502 4.89074 -1.97403 0
0.778618 4.07064 -1.72308 0
1.09222 4.17449 -1.6506 0
0.314221 3.34149 -0.696953 0
0.397355 2.03329 0.993381 0
0.397798 1.50323 0.348211 0
0.229811 1.7323 -2.31248 0
0.112938 2.59026 0.0617309 0
1.36026 -0.0653399 -2.01967 0
0.273918 -0.632331 -1.87921 0
1.06558 0.307647 -1.40693 0
0.906627 -5.53542 1.75928 0
0.831268 -2.62207 -0.747762 0
0.431569 -3.07466 2.64529 0
0.509734 1.32768 -2.73095 0
0.137578 -1.60186 2.97286 0
0.405575 1.84739 0.448025 0
1.43438 1.57503 -2.11767 0
0.192931 1.33065 -1.03513 0
0.753154 1.12018 1.99187 0
0.216317 -0.521384 2.06449 0
0.202262 1.81058 -2.07472 0
0.348896 -3.12383 1.84323 0
1.33887 -5.20374 1.9476 0
0.8258 0.658017 -1.34648 0
0.427496 0.282116 -2.20704 0
1.28659 -0.201213 -1.33381 0
0.0638173 -2.29215 0.590459 0
0.814633 -1.04974 -0.790415 0
0.260213 -0.548009 -1.93142 0
1.18066 -1.28581 -1.13916 0
1.16656 -2.57605 0.474724 0
0.328302 -3.08939 1.35787 0
1.30002 -1.96063 0.374 0
0.256284 -2.05467 2.02545 0
1.32481 -2.19259 1.23321 0
2.83221 -2.85472 1.55561 0
0.0944166 -3.5435 0.561628 0
1.04396 -3.02776 1.02911 0
0.510346 -3.11387 -0.229457 0
1.22588 -3.77922 -0.157738 0
0.115905 -5.89103 -1.52927 0
0.440689 -6.01791 1.34155 0
0.172503 -3.11386 -0.641199 0
0.171961 -5.00638 2.08675 0
1.05474 -3.58378 0.403952 0
0.501385 -3.48859 2.70778 0
0.487714 -3.37079 0.910684 0
0.53375 -1.61997 -0.827282 0
0.373518 -0.295212 0.963113 0
0.542711 -0.420431 0.521731 0
0.871684 0.434664 1.30166 0
2.90185 -1.48239 -1.9263 0
0.364416 -1.13042 -1.42588 0
0.230936 2.08968 0.167871 0
1.46724 2.31387 -1.38187 0
0.483762 2.43955 -0.687299 0
0.270666 3.03145 3.07219 0
0.670073 3.30811 -2.26634 0
0.231385 2.91861 2.0033 0
0.285816 4.60181 -1.01416 0
0.141927 3.03787 -2.78724 0
0.265427 5.26812 1.57928 0
0.442676 4.23639 1.79874 0
1.3333 4.36225 2.83514 0
0.225495 3.64377 2.69379 0
1.16545 4.07509 2.68278 0
0.738917 4.39305 -2.94793 0
0.533577 4.46402 -1.66252 0
0.226068 5.27875 -1.29924 0
0.88153 4.48829 -2.31338 0
2.00396 4.57417 -1.45451 0
0.58388 4.56867 -1.99418 0
1.06712 6.31336 -1.74791 0
0.356405 5.6134 -1.09026 0
0.626269 -1.35598 -0.742919 0
3.12004 -0.983703 -1.2165 0
2.18184 -1.11212 -0.972187 0
1.07388 -0.793123 -1.39767 0
0.879359 -0.0444478 -2.24317 0
1.10224 0.75411 -1.49796 0
0.264364 0.812232 1.58003 0
0.252436 2.85548 -2.5536 0
0.333662 -0.954287 0.660941 0
0.489946 0.448689 -0.0548707 0
0.157252 -1.83504 -1.85013 0
0.10714 3.18671 -2.97761 0
0.246099 0.544434 -0.767066 0
0.403713 4.81446 -2.02761 0
0.364228 4.6784 -1.46537 0
0.258878 5.08811 -1.94057 0
0.282217 4.15549 -1.12222 0
0.931509 2.70753 -1.76457 0
0.235964 2.98895 2.95465 0
0.739442 1.13294 0.896706 0
0.346421 -1.464 -2.75358 0
0.264814 -3.97282 0.843137 0
0.290755 -2.71055 2.0121 0
0.538113 -2.85145 2.32638 0
0.372063 -1.76123 -2.54197 0
0.114746 -1.16302 -0.889728 0
0.619957 0.275601 2.0474 0
0.3698 -0.301543 -1.42559 0
0.184744 0.239283 1.12461 0
0.31694 -4.45549 -2.52493 0
0.320193 -5.12303 2.28095 0
0.170271 -3.34779 -0.263953 0
0.681136 -3.76347 2.48741 0
0.198436 4.50599 1.07185 1.61744134316276e-08
0.284083 3.93373 1.63723 1.62557657613934e-08
0.996621 -1.7023 1.72178 0
0.269853 -1.69489 1.97018 0
0.123607 5.59094 0.202829 0
0.984244 5.12871 -0.933243 0
0.82965 1.41313 0.870016 0
0.386818 1.81707 1.6706 0
1.33271 1.32263 0.541449 0
1.43848 1.54404 0.369471 0
0.200916 -1.41911 1.26415 0
1.33051 -1.07944 1.16067 0
1.42557 -2.03604 -1.37585 2.33609944017111e-08
2.42497 -1.99352 -1.25632 2.40307270416425e-08
0.34206 -3.33079 -1.56153 0
0.17396 -4.09091 -1.4254 0
0.338433 -0.0148607 1.50127 0
0.0594467 1.97349 2.18995 0
0.331976 -1.3287 -1.88505 0
0.167414 -1.03066 2.4343 0
0.977262 -2.36527 2.12371 1.83815265338466e-10
1.21511 -0.793297 2.43405 2.4079491552626e-13
1.89299 -0.744228 2.63256 2.57770587380731e-13
0.658119 -5.46707 1.51198 0
1.10376 -5.22585 1.20841 0
0.0901153 -3.79847 -2.56832 0
0.255958 -1.51927 3.08618 0
1.13039 -1.32754 2.17798 0
0.844779 -1.63707 2.22228 0
0.147922 -0.0786683 -1.67571 9.38758890819942e-05
0.0426672 -0.0704055 -1.67883 9.8365155438265e-05
3.04808 -0.0950096 -2.21136 3.94649627546993
0.26533 -0.136928 -1.96392 44.6885357618007
0.227726 -1.65056 3.12606 31.4036803097169
0.278629 -1.21255 0.777561 3.24386876697019
2.94032 -0.518911 3.02532 1.22551260564839
0.329623 -2.79951 1.88679 0
0.110771 -3.38774 -2.15397 0
0.153452 0.102072 -2.1265 0
0.458089 0.2602 -0.412654 0
0.281341 -2.88205 -1.12138 3.70508663406862e-07
0.482152 -2.88289 -0.705778 1.66208627586968e-07
1.00606 -2.32198 -0.432004 0
0.299628 -2.30844 -1.2055 0
0.598795 2.48017 0.948885 0.157183947668261
0.900408 4.30835 2.47365 0
0.17904 4.67867 2.81702 0
0.308412 5.41584 -0.921781 0
0.602632 4.45434 -1.45538 0
0.0794464 -0.0306179 -0.084386 0
0.212992 -0.883173 -0.401095 0
1.04793 -1.99527 -0.192962 5.18325685254776e-07
0.654627 -2.14707 -0.206928 1.67741672219841e-07
0.185864 -2.11098 -0.83353 0
0.977654 -2.23447 -0.328546 0
0.364664 -0.50881 -1.16809 0
0.173703 -0.597576 -2.21302 0
0.144275 4.7885 -1.12129 0
0.271785 5.27845 2.19285 0
0.316946 1.30132 0.575201 0
0.448789 1.86864 0.131259 0
0.348253 -0.985906 0.215253 5.88768475350968e-08
0.141915 -1.1829 1.33511 1.23118402774654e-07
0.146966 -1.87324 -2.11646 0
0.439653 -2.52651 -1.87832 0
0.17574 1.54953 1.06151 8.42997409489651e-08
0.212782 1.26693 0.556175 1.33349876896625e-07
0.445398 1.85638 -2.01402 0
0.147356 2.40995 0.789404 0
0.13876 2.44596 -1.77917 0
0.135002 4.13441 -1.36809 0
0.40213 0.424764 -0.239974 1.66510262479122e-08
0.328592 1.06111 0.33299 2.01724516505834e-08
0.910536 -4.24846 2.83228 0
0.243137 -3.53229 2.75147 0
0.191109 -5.37365 2.59747 2.24613494840325
1.00448 -0.850192 2.86652 10.5706289436796
0.0463662 -2.02236 2.86765 82.0239931086413
0.512234 3.78231 -2.57806 3.28751704071175
1.47471 3.85486 -2.14718 1.0603515167095
0.0516505 6.30605 -0.52209 0.440136335640206
0.0440186 5.28734 -3.06833 1.42597930792883
0.261632 2.77615 0.88395 4.33233337072037
0.345232 3.29656 2.18052 1.95863845126345
0.342144 1.79877 -0.0448671 16.3121112845542
0.308543 2.1291 1.26757 13.1557439618568
0.246284 0.069564 0.454764 23.8307600521882
0.121745 1.73132 2.0912 16.6035041608673
0.771321 0.791131 -0.755962 13.1476132905237
0.516243 1.42289 -0.641357 11.9015011076302
0.168068 1.71423 -2.52393 17.1422173659928
0.186708 -0.203007 -2.49934 43.2898182737051
0.250089 -0.529956 -0.687693 14.3311941219711
0.303704 -0.81927 -2.31885 9.97965883249131
0.461147 -1.58023 -3.0584 2.7531721749424
1.39477 -1.15696 -2.80285 1.31769775112967
0.0450093 2.05248 -0.553592 59.6632623678819
1.00924 0.957219 -0.636345 7.05034628474209
12.858 -2.21612 -0.0242178 0.284076409951298
0.0618912 -1.25988 3.06489 4.15955719870465e-05
0.0921231 -1.19347 -2.36638 4.15203869981236e-05
1.87617 -0.0920976 -2.96823 0.309590259632758
2.28509 -0.0710437 -2.85906 0.0484654958777503
11.5194 -0.0494024 -2.84815 0.115195694908368
6.7908 -2.31226 2.11513 0.0296717910334796
4.16714 -2.33764 1.98884 0.0704606431114643
20.131 0.410262 -0.460571 0.112793793139726
0.171095 2.91943 0.887165 0.28668135180643
0.443697 0.945827 0.989536 1.05912380871655
3.97702 -2.18803 -0.0222559 0.418690403985231
1.43736 -0.0372248 -2.80586 0.249922200367046
1.39633 -0.0556849 -2.82832 0.157650634010105
1.48284 0.478899 -0.575033 0.0922047136317649
4.47217 0.435671 -0.493814 0.0744669480144544
3.18382 0.334279 -0.597253 0.207062854670403
0.867321 2.04435 2.50142 0.773965835276312
0.169023 2.87399 -3.06337 2.83089055035583
0.407286 2.33959 1.58017 1.84558254022418
3.67375 -2.25716 -0.260902 2.02110167643883
4.48321 -2.27598 0.0317312 0.334375019639915
2.94559 0.536401 -0.693709 0.405322161379541
