4.25268 -2.4805 -1.30408 2.16468692389666e-14
1.02968 7.11427 1.52614 0
0.641063 -0.35072 -1.29851 5.21782888111264e-14
21.3187 -0.66581 -1.45856 3.27441190560486e-14
6.37418 -0.718947 -1.48729 2.9578285229703e-14
12.8442 -0.439038 1.45557 9.53674606899516e-14
4.50166 -0.324967 1.47576 9.52459435781482e-14
2.70474 -0.425847 1.76297 9.54250996678815e-14
0.0670819 -0.488514 0.841419 9.37553244588341e-14
1.9563 -1.59599 3.01416 0
1.69528 -2.20524 2.39926 0
0.64286 -1.08131 2.98588 0
0.498439 -1.18835 -2.76255 0
0.792427 -0.589842 -1.13169 0
0.260512 -2.74858 -0.396823 0
0.777051 -4.05147 -1.92866 0
0.143963 -3.91298 1.1387 0
0.449567 0.886207 -0.0897302 0
0.111385 1.79094 2.65111 0
1.00858 4.16485 2.57955 0
0.551382 3.69503 2.15531 0
0.840828 5.12917 -3.05735 0
0.681484 4.11842 -2.45344 0
0.64118 4.36685 2.50959 0
0.333987 3.79759 0.334756 0
2.2726 2.39877 1.82053 0
0.630281 3.052 -2.50462 0
0.645596 2.33197 -2.78822 0
0.315818 2.54894 2.65386 0
0.682473 -0.990899 2.22883 6.62369010680226e-14
0.952545 -1.34029 2.6644 1.00208567890856e-13
0.582243 0.405587 -1.55559 2.43916228774805e-13
0.719436 0.750244 -0.53396 1.63108928647913e-13
2.12997 0.472798 -1.02991 1.97374220349905e-13
2.1122 0.595518 -1.12621 1.64830733295453e-13
0.859976 1.05668 -1.13582 5.06539022597947e-14
0.431544 -1.07795 -0.856736 0
0.345008 -2.44391 -1.37803 0
1.22246 -3.65696 0.991053 0
0.3875 -4.99192 -2.5338 0
1.01516 -4.17596 0.545611 0
0.838072 -5.11224 2.58492 0
0.559587 -4.88552 -0.258591 0
0.233995 -6.03859 -0.628877 0
0.235577 -8.47214 1.6456 0
2.31645 2.3027 1.16143 0
2.82062 2.30328 1.08696 0
1.32057 1.77158 1.48226 0
0.306483 2.70676 -2.14959 0
0.530355 1.58623 2.13783 0
0.126662 2.65719 0.304341 0
2.52819 2.54866 1.52757 0
0.312669 3.37018 0.574652 0
0.559388 0.962554 -1.84797 0
1.00193 0.433618 3.04676 0
0.873069 1.28281 -2.50388 0
2.66016 0.309019 2.93515 0
2.01726 0.31608 -3.11948 0
0.593459 1.18856 2.94605 0
0.449066 0.450144 2.06418 0
2.47335 0.865364 2.87675 0
0.199014 -0.873978 -2.81841 0
0.299678 0.207631 1.98996 0
0.261678 -1.51469 0.529264 0
0.697505 -2.03096 -0.903133 0
0.78203 -0.603327 -1.63735 0
1.42015 -1.15311 -2.11971 0
0.43608 1.48305 1.39825 0
0.113819 0.987279 -1.32531 0
1.81626 1.45295 -1.79863 0
1.04184 1.31645 -1.73065 0
1.04099 3.69712 -0.784984 0
0.557567 4.1864 -2.16186 0
1.98234 4.75663 2.33869 0
1.12271 6.15671 3.12589 0
0.610258 6.50345 -2.69803 0
0.320057 7.22091 -1.11405 0
0.438204 6.01111 -1.78584 0
0.475728 6.33366 -2.88021 0
0.354018 -1.57701 -0.705652 2.84212821537889e-14
1.53227 -1.22138 -1.20699 1.26607762881693e-14
1.11447 -2.0516 -0.643181 3.11210809510884e-14
1.00615 -1.36851 0.0231284 5.05461905548541e-14
3.65724 -1.74814 -0.409816 3.58122603913167e-14
1.01789 -1.88136 0.556273 5.19587134863768e-14
0.172448 -3.15538 0.700867 4.34603437376336e-14
1.48107 -2.52515 0.911281 4.81974758606801e-14
1.32194 -1.09391 0.816859 6.94294829568426e-14
0.639603 -1.23664 1.68944 7.04019202940059e-14
0.37595 0.0272209 -0.197281 7.89328664990779e-14
2.00298 0.608017 -0.891853 7.8800346052427e-14
2.03153 0.157165 -1.09446 7.52405737490823e-14
0.37938 0.771968 -0.646513 7.5515304984864e-14
1.39457 0.645959 -1.26969 7.90841374394869e-14
9.66515 0.78897 -0.672703 7.54023174208875e-14
7.55563 0.834554 -0.700167 7.48013847975558e-14
1.04866 0.669576 -0.900461 7.82534087404269e-14
2.34351 1.28035 -0.6141 6.48240485009984e-14
7.18361 1.22017 -0.62463 6.62072442404116e-14
5.44948 1.91966 -0.250077 4.93523515933292e-14
0.358285 -5.63423 -1.35513 0
0.167713 -8.35132 2.84478 0
0.266189 -5.45781 0.396505 0
0.531695 -1.92256 -2.20429 0
0.173631 -0.625626 -1.87901 0
0.310831 1.16091 -2.37718 0
0.345701 2.68362 -1.28731 0
0.213287 4.70083 2.56181 0
0.472226 2.43472 -1.02818 0
1.98654 3.56425 -2.01969 0
0.806192 -1.63581 1.05369 0
0.189561 -2.90091 -1.7439 0
0.755513 -2.36671 -2.32096 0
0.509357 -5.43187 -2.45329 0
0.591478 -7.01841 0.302524 0
1.43637 -6.03871 -0.54451 0
0.530227 -4.40547 -0.566499 0
2.18156 -5.46933 -1.69448 0
1.29232 -2.96308 -1.81125 0
1.06519 -1.93689 2.45819 0
8.02066 -0.894898 1.21042 0
3.74188 -0.84402 1.30476 0
0.0648257 6.25338 2.25021 0
6.65169 -1.64218 2.43742 0
0.355522 -1.96875 2.54852 0
0.740449 -1.33673 2.24557 0
0.284732 1.30121 1.08144 0
0.0874275 3.42598 -0.137055 0
0.706759 0.649105 -2.95246 0
0.38629 -0.541916 0.557049 0
0.336547 -6.50228 -0.188205 0
0.662819 -5.24058 2.04256 0
0.523668 -3.3098 -2.23736 0
0.271195 0.696719 -0.0725592 0
0.105513 6.12824 1.05031 0
1.09448 4.16361 -1.09583 0
0.475929 3.81301 -2.88028 0
0.548798 4.89282 -3.02163 0
2.84358 2.92413 1.05462 0
0.653205 3.21327 0.880753 0
0.306798 3.30972 1.60491 0
2.73344 2.78005 1.14727 0
2.79833 2.36558 1.0123 0
7.28331 2.17097 1.08955 0
2.12347 2.11839 1.21922 0
0.604524 -0.399287 -0.175021 0
0.168115 -1.79004 -1.94987 0
0.37244 -2.12058 -1.11491 0
0.704276 -1.30377 2.90458 0
0.600516 -6.21082 1.00168 0
0.18316 -6.23298 -0.723441 0
0.292477 1.45763 1.22157 0
0.201868 2.24477 2.14026 0
0.229711 1.31218 -0.802409 0
0.10391 2.73965 1.07102 0
0.756126 0.992684 -1.63693 0
0.575721 0.672244 2.60517 0
0.357652 0.819893 -1.72832 0
1.05771 0.250128 -3.03857 0
1.0641 0.671869 2.23 0
1.37448 -0.104784 2.50244 0
0.217376 0.921998 3.01291 0
0.595641 -0.948397 -2.95708 0
0.172669 0.330077 1.95364 0
1.14372 -1.8448 -1.43412 0
0.478977 -2.13814 -1.8175 0
1.26084 -0.709715 -2.25855 0
0.130572 0.524314 2.87456 0
1.35932 0.932392 0.655112 0
0.268308 1.89847 1.40137 0
0.50917 0.433759 0.214004 0
0.0615395 -0.576852 0.932903 0
0.376056 1.1312 2.1299 0
1.92601 2.6338 -2.67377 0
0.367996 1.96452 -2.78881 0
1.01167 2.47213 -2.17744 0
0.582197 2.79877 -2.8441 0
0.142248 4.5192 2.54832 0
1.0689 5.41847 3.07441 0
0.249792 4.44796 1.95681 0
0.7643 6.11989 -2.49477 0
0.454808 6.1051 2.79486 0
0.487303 8.11409 -1.44143 0
0.283892 7.39436 3.08106 0
36.4628 -0.511813 -1.51664 4.1834303276883e-14
18.0019 -0.558029 -1.51312 3.90787753422536e-14
4.40801 -0.480388 -1.44999 4.3764986638647e-14
3.45208 -0.640759 -1.6963 3.54478162190155e-14
1.19448 -0.326 -1.02583 5.70505125446117e-14
1.0324 -1.4583 -0.161041 4.46260399253595e-14
0.233708 -1.61887 1.05597 6.09460073771304e-14
1.07397 -1.3848 1.10149 6.57765737608025e-14
0.791927 -1.21808 0.730046 6.58479099541826e-14
0.446829 -1.2479 0.20999 5.69875664134962e-14
0.258012 -0.241972 -1.84226 5.93695273213101e-14
7.20632 0.766137 -0.799298 7.65749778225122e-14
6.02659 0.787504 -0.659152 7.53288253473836e-14
0.858835 0.751711 -0.800154 7.67934286112724e-14
0.686273 1.03657 -0.771909 7.14662413357569e-14
12.4454 1.23469 -0.583639 6.54356978769555e-14
0.059004 0.473533 0.829254 0
0.158469 -3.0128 -0.265618 0
0.771476 2.72303 -1.00605 0
0.14174 2.03626 -2.58785 0
0.329917 -6.45962 0.132738 0
0.610922 -5.00248 -0.849919 0
0.437923 -6.89378 -1.47085 0
0.262953 -6.03753 -1.25906 0
0.151202 -7.19946 -1.67243 0
0.603874 -5.87821 1.87567 0
1.14368 -5.7216 -0.547975 0
0.243889 -4.73544 -1.15289 0
0.739717 -3.58814 -1.42154 0
0.161486 -5.22234 0.352419 0
0.373949 -0.701236 2.1565 0
1.37539 -1.05872 1.536 0
7.46421 -0.845313 1.27378 0
2.90572 -0.972033 0.998113 0
5.80083 -0.861811 1.18119 0
1.07436 -0.951123 1.18224 0
6.07296 -2.30508 -1.19429 1.96550164766968e-14
4.23723 -2.23841 -1.24403 1.80830483016362e-14
5.83288 -0.452587 1.51679 9.53306243963723e-14
0.577336 -0.504369 1.4465 9.49618259368683e-14
0.534948 -0.75133 2.74098 2.05078223944754
0.14026 -0.542277 -1.34578 18.9003037949135
0.7088 -1.47068 2.65309 0
1.31628 -1.80523 2.42331 0
0.340575 -0.762312 2.29683 0
0.36308 -0.603325 -0.651129 0
0.268631 -0.618895 0.966398 0
0.0458298 -5.18688 1.06466 0
0.4271 -5.34849 -1.01589 0
1.51985 4.22028 1.8442 0
0.521285 4.09881 1.76301 0
0.0387901 6.10452 -1.16242 0
0.280143 3.99137 1.53685 0
0.129687 2.92122 1.4678 2.52623615853186e-07
0.102495 3.86214 0.933648 1.8770699772514e-08
0.159259 1.70057 1.83855 0
0.554875 2.58204 0.511715 0
0.66532 -1.02608 2.46253 9.00737307417297e-14
2.80734 -1.2332 2.63433 9.91635774128032e-14
1.664 -1.18606 2.84785 1.39807537775753e-13
0.771582 -1.0102 2.58793 1.1321621576692e-13
0.129025 -1.70316 -0.542624 1.46062923603705e-07
0.167851 -0.779332 -1.67168 3.32285336811754e-07
0.197299 -3.87748 -0.695887 0
0.625553 -3.57566 0.167787 0
2.53899 2.10559 1.21353 0
0.764685 1.95676 1.03936 0
0.276545 1.37218 -2.77074 8.19930798497388e-08
0.344227 1.4146 -2.80848 7.35485526888647e-08
0.383919 2.5965 1.59519 0
0.157175 3.24132 0.897454 0
0.118126 2.22424 2.6767 6.83168129320238e-09
0.0548425 3.01743 -0.850028 1.36966327738168e-08
0.215108 0.352623 -3.013 120.396446255518
0.7441 -0.203759 2.22177 0
0.189535 -0.413998 3.04128 0
0.228303 4.2441 -1.19053 0
0.772174 3.14307 -0.7443 0
0.481123 3.51204 -0.734753 0
0.215954 3.86955 -1.4062 0
0.0147628 5.31283 -1.28501 0
0.273879 3.9016 1.1194 0
0.475341 3.50653 -1.14264 0
0.426581 4.16326 -0.664319 0
0.0445004 6.90637 1.17791 0
0.345909 6.7909 -2.08319 0
0.104975 7.13687 0.155369 0
0.41832 6.39451 -2.25562 0
0.658961 -0.528865 -1.48193 7.77831877226351e-09
1.77958 -0.63504 -1.48007 1.83459397118727e-09
0.344232 -2.06489 -1.32393 2.19367968862031e-14
0.694135 -1.54649 -1.07432 1.72663718730472e-14
0.813259 0.913747 -1.00874 7.52289830096194e-14
0.599055 0.951538 -1.33635 7.55534420342031e-14
0.0599824 -7.48638 0.0483607 0
0.260166 -6.36196 1.29295 0
0.453352 -5.72752 -1.66587 0
1.18448 -5.15694 -1.60055 0
0.665859 -4.11837 -1.47392 0
1.05395 -3.88502 -1.61007 0
0.559669 -1.15571 1.06219 0
0.880966 -0.863177 1.22099 0
0.735224 -0.85902 0.939985 0.66013059629185
0.36627 -0.843765 2.09764 12.6434464027221
1.08214 -0.23567 2.22315 5.75143825961371
0.82642 -0.530724 2.94154 22.8417951252341
0.856061 -0.0463818 2.92164 25.2191941054061
0.0227708 2.58884 -1.71603 1.86569728367292
0.708329 0.754186 2.96663 0.309706218073338
0.43672 2.24818 -1.68778 4.65412994165761
0.0251565 2.7643 -0.199958 48.5568799680605
0.177079 3.66968 2.48991 15.3507010621059
0.367983 3.71864 -2.01575 7.04476153126418
0.891279 -1.60449 -0.0786529 8.46496733335019
0.228847 -1.49239 -0.861576 36.5797390362495
1.05404 -1.77289 0.600378 0.253776013647022
0.537116 -1.38736 0.933396 0.708684278088036
0.203517 1.18458 2.15653 4.92131703770954
0.302659 -0.294614 1.7907 5.66460073697276
0.778516 3.66314 0.657033 0.494515824272783
0.0695665 4.61447 1.8376 2.14272161681754
0.366797 -0.808394 0.702659 36.1895526782975
0.378903 -1.04673 1.83909 29.395099929126
6.48188 -0.771418 -1.8496 0.00160492700580523
0.287043 -1.65905 2.84974 2.38592571775428e-07
0.893092 -1.47229 2.73607 7.49510929948108e-08
1.29566 -1.41939 2.18993 0
0.798937 -1.32117 2.97663 0
0.358446 -0.55288 -2.79189 0
0.0334877 2.60377 0.732193 8.5095627993556e-05
0.00245491 1.905 0.0712966 0.000167740971049801
3.89303 0.169872 2.80961 7.10049198348144
1.07889 0.25223 2.79512 25.3612644815891
0.123391 -7.34139 -0.196544 1.36677993667368e-07
0.0821436 -7.06924 1.14174 2.07721810164464e-07
0.0278082 -0.550907 1.69958 48.1978723516787
0.133363 -0.571379 1.70127 50.2243149860123
4.18967 -0.80645 -1.87019 0.040106586526244
1.37417 -0.478021 -2.00141 0.111104682671582
0.0507896 2.86799 1.50416 2.93462212538229e-06
0.0564863 2.86213 1.4299 3.33241972384789e-06
2.21779 -0.236988 2.03148 0.614945539529856
