0.21107 -1.58221 1.42903 0
8.00403 0.418094 2.8149 6.62696968439264e-13
1.11691 4.33372 2.72246 0
3.44625 -1.97316 0.186041 0
0.720014 -1.96309 -1.59594 0
0.853082 -1.73707 -1.81214 0
0.833054 3.12773 2.44718 0
0.56629 2.85273 2.73788 0
0.154887 2.60338 1.20805 0
0.164929 0.504993 1.31372 0
0.908498 0.0850388 2.18457 0
0.160958 3.57757 3.07662 0
0.544241 2.03925 -0.578105 0
0.234606 0.508925 0.229948 0
0.551636 0.641682 -3.12789 0
0.499314 1.86628 -2.92644 0
2.03456 3.16339 -1.41586 0
1.07304 -2.40233 -0.741726 0
0.22209 -2.40209 -2.59151 0
0.157549 -3.67119 -0.325021 0
1.3931 -2.44755 -1.85977 0
2.18568 -1.37954 2.77392 0
13.6817 1.362 0.245362 1.89581759950903e-13
2.67319 1.37332 0.0312402 2.12599415123971e-13
1.24777 2.18278 -0.136147 1.35149988586921e-13
0.702709 2.46991 -0.329043 1.83270702672151e-13
3.98348 1.85697 -0.115312 1.30719521817842e-13
12.2188 0.30634 -2.43902 1.49322550419244e-13
2.4363 0.514467 -2.33885 2.69733746119851e-13
0.302889 1.30184 -2.52031 4.94848924223571e-13
1.15734 -0.348425 -2.61754 2.61546149511134e-13
0.392277 0.506276 -1.88901 4.22541285310822e-13
1.02313 -1.42491 -1.48263 6.0746255932479e-13
1.35759 -0.846945 -0.450907 5.45610995075762e-13
0.90159 -0.0903818 0.109011 2.64707083701624e-13
11.8867 -0.247872 -2.6359 1.99227315505561e-13
1.07182 -0.469367 -2.6116 3.6117050812556e-13
2.40322 -0.923409 -2.22924 6.41019265930508e-13
1.88688 -1.07175 -1.91143 7.34948423173967e-13
4.71457 -1.04791 -2.54734 6.48828753839727e-13
0.547141 0.61271 -2.47746 4.6804622388025e-13
2.57878 0.456775 -3.04237 4.73571013345023e-13
0.744609 1.50111 0.23629 0
0.510117 2.75873 1.79803 0
0.979952 2.78452 0.958857 0
1.246 0.375019 -0.157481 0
0.531724 -0.114511 0.950966 0
2.42931 -0.0424122 0.372742 0
0.366787 -3.27683 2.98506 0
0.344913 -3.54264 1.78328 0
1.28867 -3.13255 3.05412 0
0.222844 -3.94117 1.0829 0
0.159381 -2.93905 -2.90425 0
0.111159 -5.06141 1.97622 0
0.562274 -3.61282 -0.190134 0
1.18645 -5.14779 0.196393 0
0.513167 -5.88426 -0.16554 0
0.0209683 -7.2802 -1.11975 0
1.18912 -5.88205 0.132167 0
0.165032 -7.24573 1.86604 0
1.45294 -5.95251 1.49231 0
0.825923 -5.64562 2.18767 0
0.724906 1.23151 2.76771 0
1.35546 1.80964 -2.80811 0
1.73354 1.86328 -3.12665 0
3.21126 1.63208 -2.74502 0
11.9276 1.91974 -2.52029 0
13.8249 1.9387 -2.4877 0
7.16033 2.00914 -2.54447 0
0.522 2.09632 -2.42126 0
0.750949 1.06291 -2.27164 0
0.419408 1.58401 2.25916 0
1.10274 1.44058 1.74763 0
0.781782 0.118651 0.0597341 0
3.17611 0.572083 0.534215 0
3.82618 0.501706 0.47339 0
2.41717 0.905862 0.230525 0
1.10517 0.341111 0.55178 0
3.86128 0.707054 0.575483 0
6.42232 -2.6177 0.903206 0
7.46663 -2.54736 0.910703 0
6.06603 -2.49059 0.868906 0
2.72314 -2.57859 0.832333 0
0.250389 -1.19281 1.79296 0
0.456443 -1.36367 1.69197 0
0.928059 -0.962123 1.69364 0
0.821991 -1.00914 2.27815 0
0.694829 -0.124011 1.77421 0
0.196022 -1.22151 -2.37416 0
0.5918 1.13598 1.62522 0
0.759346 1.053 0.981785 0
0.238356 2.07952 2.81603 0
0.401186 0.43633 0.942504 0
0.645195 4.65258 -1.08586 0
0.378434 7.67418 1.37544 0
0.0884149 1.85129 -2.28761 0
0.234843 -0.17451 1.27188 0
0.269769 0.922249 -2.07932 0
0.26747 0.854706 1.75159 0
0.821762 -1.7414 -2.47255 0
0.364081 -5.79279 2.41522 0
0.664652 -8.24698 -2.62708 0
0.817016 0.954399 -1.76008 0
0.851068 2.14736 -0.237185 0
1.7999 1.42112 -1.53558 0
0.229559 4.65719 -0.561539 0
1.68273 4.1071 1.53807 0
0.285635 3.09282 -2.06611 0
1.77989 4.23002 2.71147 0
1.43748 4.47364 -2.85693 0
5.22776 4.26388 -1.97492 0
0.255274 4.28201 3.01176 0
1.1741 5.16521 2.28453 0
0.260981 4.54026 0.615055 0
0.165065 5.42936 1.57988 0
0.201182 -1.79331 -1.8661 0
0.0951733 -2.89104 -3.02554 0
2.47195 0.337908 -2.35243 1.94345770467948e-13
4.19145 0.449996 -2.54761 2.02728547068065e-13
1.00786 -0.127356 -0.227491 0
4.30507 0.330006 2.89543 6.1030540551533e-13
5.98157 0.412953 2.87222 6.36139667848996e-13
0.148814 -2.93384 1.03387 0
0.142221 -1.98441 -1.80477 0
0.317987 2.49885 2.03603 0
0.360309 3.55302 -2.87826 0
0.600173 0.498815 -2.29194 0
0.21869 -0.728668 -1.64741 0
0.804957 -2.16618 0.425514 0
0.707736 -1.63121 -0.241619 0
0.211918 -1.47488 2.26714 0
0.349 -2.91343 -0.112084 0
0.340598 -1.69277 2.79647 0
0.834014 -1.18976 -2.79114 0
24.4871 1.31092 0.281616 2.09871422771333e-13
2.20041 1.15494 0.449618 2.84615760863114e-13
11.4386 0.407429 -2.46302 1.91859080122215e-13
2.66247 0.308713 -2.39713 1.65361619881282e-13
10.2481 0.363434 -2.44835 1.7363748550158e-13
0.86743 -0.467304 -1.78584 4.97182553293606e-13
2.15429 0.00490295 -1.93823 3.70450134840728e-13
0.568989 -0.803529 -0.6015 5.70087982901301e-13
0.564653 -0.529423 -1.7011 5.28034823945959e-13
0.473278 -0.516406 -2.73899 4.01807214268139e-13
11.4432 -0.218367 -2.56787 1.80279896797742e-13
5.58421 -0.284474 -2.51067 2.43022689714807e-13
0.40961 -0.350836 -2.41342 3.20382910949092e-13
0.0834683 -0.0180258 -2.32517 2.43661927654844e-13
0.755942 -0.942897 2.64342 7.77465456757138e-13
0.6906 2.40336 0.29389 0
0.0402631 4.43981 2.49971 0
0.191538 1.6359 0.623197 0
0.227883 2.19993 -1.02253 0
1.19814 -0.0674129 0.0658173 0
0.177828 -2.76429 -0.785707 0
0.984151 -3.04988 2.77148 0
0.757332 -2.81164 3.12106 0
0.145537 -4.23971 1.362 0
0.60928 -3.81943 -2.03993 0
1.74959 -4.16331 0.302876 0
0.780075 -4.70579 0.490876 0
0.248139 -4.45535 1.58206 0
0.745828 -4.84014 -0.0287736 0
0.307307 -6.23049 0.275058 0
0.854394 -6.62359 2.0663 0
1.0577 1.58479 -2.61816 0
0.722691 2.03177 -2.33895 0
1.22497 1.82534 -2.88673 0
0.242545 2.60397 -2.37958 0
24.0849 1.93775 -2.47309 0
0.608857 1.5894 1.50999 0
0.362677 0.502687 1.00084 0
1.04568 1.18419 1.87834 0
1.48259 1.31204 1.57393 0
2.29515 0.0971007 0.466721 0
5.21741 0.149996 0.443762 0
18.6728 0.226468 0.414316 0
0.953914 0.374747 0.335249 0
1.49553 0.345712 0.8003 0
0.736011 0.591165 0.739987 0
0.378723 1.41804 1.70706 0
1.04377 0.770516 0.516118 0
3.46867 -2.5189 0.815359 0
3.22005 -2.37414 0.481499 0
1.17943 -2.31916 0.806851 0
0.295971 -1.88289 2.98216 0
1.4685 -0.878121 1.76652 0
0.211225 5.37551 2.23951 0
0.622766 6.36704 1.9638 0
0.173216 4.88934 -3.11303 0
0.632738 5.83874 -0.421674 0
0.220704 0.265989 -0.927482 0
0.494269 -2.29961 -0.322428 0
0.613647 -0.888172 2.86865 0
0.298307 -1.35102 0.913716 0
0.272232 -7.73495 1.31716 0
0.443185 -8.36354 -0.638076 0
1.2636 1.52463 -2.2772 0
0.481149 1.49979 -0.812725 0
0.145955 2.2853 2.36723 0
1.70226 2.28431 -1.04669 0
0.12706 1.39969 2.74363 0
0.515578 3.28433 0.478002 0
0.73834 3.32678 0.970529 0
0.698587 3.49782 1.20454 0
1.32731 3.96396 0.91128 0
0.500619 4.40952 -3.00475 0
2.73679 3.72895 -1.82951 0
0.632843 4.70478 -1.65314 0
0.489509 5.70329 -1.75539 0
0.155971 4.07924 -0.697061 0
0.304849 3.37425 1.26251 0
0.913204 2.14402 2.42298 0
1.22479 3.10009 1.67417 0
0.590186 0.942518 3.12553 0
0.0642101 3.52973 -1.75865 0
1.07324 1.47299 2.19874 0
0.143996 2.75019 1.00644 0
0.290404 -1.62097 1.95889 0
0.0501167 -3.37276 -0.0897749 0
0.127944 2.58685 1.76803 0
0.220386 3.65797 1.31212 0
0.580803 2.71894 -1.31751 1.39838402381722e-07
1.36836 2.52148 -1.22436 5.95560831785993e-08
0.698083 2.8816 -0.639381 2.34409084457692e-13
0.596583 2.8226 -0.405126 2.09576848114506e-13
0.833511 3.08642 -0.887148 2.58632671897776e-13
0.432554 1.55602 2.23817 0
0.0756744 1.44295 -0.627479 0
0.390458 0.500302 2.38544 0
0.0129275 -2.88819 -2.26019 0
0.305895 3.24623 -1.16703 6.9453314543542
0.681882 3.38819 -1.6952 0
0.183154 3.05326 -0.968483 0
0.460353 1.44786 0.382922 1.49430436883956e-13
1.00748 1.78865 0.0270804 9.94588151559777e-14
0.279885 2.04529 -0.121447 1.05645750500835e-09
1.0943 2.15096 0.0313279 1.57422652820541e-10
0.554083 0.489145 -1.54483 5.31191566923034e-13
0.930576 0.434689 -2.00676 3.65455222697198e-13
1.11437 -0.269526 -2.7229 2.31221758479392e-13
2.32276 -0.252922 -2.599 2.03408923360731e-13
1.54326 -0.339261 -2.69018 6.33466891550844
0.479734 0.549716 -2.89796 4.63372080796266e-13
1.44851 0.0155668 -3.06809 3.61960267338966e-13
0.193089 -3.92594 -1.33216 0
0.444276 -3.81122 -2.73653 0
2.02127 1.89393 -2.58617 0
4.43622 1.78349 -2.57226 0
0.37378 1.8132 -2.10573 0
0.682575 2.00987 -2.50724 0
4.81902 0.232527 0.448686 0
13.6436 0.220515 0.402586 0
4.17058 0.475672 0.436016 6.35879601503673
10.5649 0.746213 0.909544 0.110706673545231
26.9001 0.829349 1.00222 0.0690330376128769
1.44744 -2.58861 0.652136 0
0.472371 -2.75195 0.801693 0
0.145349 2.9247 1.55226 0
0.413351 2.53708 2.21662 0
0.10636 3.35637 -0.890803 0
0.0629634 5.3153 0.905594 0
0.835074 1.26653 -2.1474 0
0.242939 1.93853 -2.97891 0
0.70837 1.34541 -1.88128 0
0.370065 1.38767 -2.41576 0
0.231878 3.86291 0.111233 0
0.247585 2.82904 0.326575 0
0.16341 4.24312 -2.21646 4.38397001872674e-08
0.216479 4.59219 -1.64075 6.72684132997981e-08
0.1442 6.9244 -2.41404 3.26243049377192e-08
0.0752029 6.7537 -2.89003 3.48465667873416e-08
0.198097 0.136716 -1.49093 0
0.320619 -0.614921 -3.00855 0
0.159378 -0.970624 2.99431 2.20737335322631
0.146013 -2.8493 2.9782 0.41869016221752
0.583268 -3.03397 -2.73903 11.0361516263665
0.290105 -3.46028 2.61079 14.4791762925474
0.0514059 -7.45312 0.774016 1.08066671998332
0.298145 -5.19533 -1.36803 1.78086886939608
0.216098 0.90721 1.87931 76.3768049935393
0.294164 2.17906 2.22565 18.0772802730508
0.103783 -3.06329 -0.67685 6.27372193237823
0.489007 -1.53143 -1.39912 5.90129732435184
0.416453 1.86744 1.04986 20.3487841911097
0.526106 2.1745 0.217261 12.0074285547118
0.101733 3.01022 0.201236 12.1658846684685
0.76049 2.62393 -0.968447 2.40072928593704
11.2555 0.486031 -2.51184 0.36921710640389
2.38387 3.09155 -0.752077 0.0793198252049511
4.85547 3.18142 -0.79438 0.0194546888056304
3.00878 0.519925 -2.47074 2.45310262714082e-13
5.53759 0.396634 -2.33214 2.24616003061819e-13
0.563068 -2.14189 2.92832 6.76010038111164
0.385942 -2.80139 2.35175 5.14728168639878
9.89578 0.808443 0.962762 0.971274769331146
15.1848 0.786557 0.923134 0.700593631052656
2.32897 0.688897 0.90533 3.764181228107
0.744606 0.973757 -2.14544 0
0.757128 1.85129 -1.95605 0
0.237823 2.39397 -2.22186 18.8509406507843
0.488583 2.03213 -1.00574 13.0956273295209
1.84522 3.22924 -0.798072 0.325808834748529
5.38611 0.403151 -2.42647 0.721075953024727
24.0409 0.426508 -2.53229 0.174531499944047
5.48178 0.38112 -2.50683 9.45789865691513
2.9601 0.464865 -2.45186 16.7725509763532
