0.360676 -5.25816 3.04793 0
0.799942 -7.66005 -0.573133 0
0.251206 -9.10358 -0.623466 0
0.580252 1.45016 -2.94045 0
0.396511 -0.181055 -2.44311 0
1.12004 1.36568 0.35268 0
0.0618247 -0.141621 1.87314 0
0.153149 1.69828 1.71537 0
1.88975 2.94611 2.3176 0
0.162167 3.9731 1.86352 0
2.91852 2.92367 -2.45635 0
0.617093 3.24523 2.76812 0
1.28375 2.85397 -2.49517 0
2.19973 3.26826 -3.00468 0
0.349907 3.36932 -1.98502 0
0.472075 1.81546 -1.78744 0
0.465325 2.71075 -2.98492 0
1.66419 1.37481 -2.0553 0
0.0769872 1.25671 -2.93742 0
1.28939 1.00226 -2.05463 0
0.185387 2.46693 -0.35114 0
0.48005 3.02897 0.861015 0
0.563153 3.74914 0.930013 0
1.77294 2.64903 -0.123019 0
0.244283 4.36911 0.108675 0
0.560723 4.20639 -1.20949 0
0.356305 5.78469 -0.227304 0
0.367398 6.17135 -1.41262 0
1.10223 5.71694 -1.72098 0
0.842705 4.97672 -2.49624 0
0.201907 -3.1782 -0.743653 0
0.253227 -0.972822 -0.586178 0
0.620029 -0.414792 2.98695 0
0.367719 3.19318 -2.94731 0
1.13803 5.72215 2.94674 0
0.44607 2.88684 0.299617 0
1.19682 3.97575 -0.878093 0
0.40754 -1.72524 0.232071 0
0.423327 -2.87649 -0.0504814 0
0.420622 -3.14236 0.27198 0
0.0888936 -2.38659 -2.30954 0
1.98647 -2.90591 0.0943212 0
0.897146 -3.19397 -0.861753 0
0.860732 -2.63838 -0.626206 0
2.79001 -3.42538 -0.714364 0
0.297844 -2.76671 0.268987 0
0.941956 -2.13013 2.79167 0
1.50007 -2.0467 1.31833 0
0.660279 -1.44053 1.47971 0
3.09902 -2.27939 1.1087 0
0.652006 -2.05891 0.757674 0
0.563984 -4.51984 2.30584 0
0.609833 -5.62399 2.95846 0
0.917165 -4.98071 1.46751 0
1.07523 -1.09983 -1.55862 0
0.680048 -0.756801 0.0767508 0
0.359421 -1.23934 2.7819 0
0.538208 5.42602 1.30632 0
0.590684 2.6972 -3.03069 0
0.272798 0.995789 0.584641 0
0.761329 1.05879 -1.71397 0
0.616921 -2.09095 1.50466 0
0.467687 -4.39103 2.8497 0
0.18391 -6.39916 -2.61894 0
0.681755 -5.20289 -0.288954 0
0.800239 -4.38273 0.433292 0
0.723281 -2.39218 2.64557 0
0.480152 -2.75086 -1.36986 0
1.24339 -1.60494 -0.749804 0
1.14069 -2.40899 -1.76775 0
0.903654 8.48513 -0.356344 0
0.168403 9.01693 -2.0548 0
0.551353 -4.95475 0.176933 0
1.30772 -4.98225 0.390013 0
0.607869 0.680588 -0.38547 0
0.324304 0.922609 2.35458 0
0.544893 0.926136 -0.191843 0
0.106041 1.9469 -1.50154 0
1.35264 2.85728 -3.08032 0
0.536164 3.41866 -2.11435 0
2.56927 2.89485 -2.30028 0
0.215129 1.45709 -1.92 0
1.24213 4.53973 -0.757858 0
0.952354 4.6118 -1.04538 0
0.130252 4.50784 -0.0267436 0
0.40923 2.40022 -0.314652 0
0.235368 4.23649 -1.91212 0
0.189077 2.62881 2.93266 0
3.19531 -0.341486 -3.00465 0
0.685714 -4.18459 -1.61614 0
0.371514 -3.33867 -1.6706 0
0.29114 -3.41497 1.95267 0
0.537733 -1.6398 -1.04676 0
0.357336 3.11228 0.25309 0
0.720893 5.52582 -2.25242 0
0.656015 4.96119 1.84202 0
0.825622 5.22578 2.61053 0
0.598107 3.39684 0.376144 0
0.263206 3.42527 2.68968 0
0.19559 4.23824 2.19445 0
1.00669 3.3543 0.799087 0
0.61054 0.0549463 -0.433528 0
0.635412 -0.990565 -1.43396 0
0.216422 -1.60416 0.743411 0
0.0595972 -5.12251 2.16491 0
0.321113 -3.25685 1.42882 0
0.196979 -1.68545 -2.53983 0
4.39658 -1.84498 1.12089 0
0.249351 -4.17741 -0.48361 0
2.37986 -5.07081 2.72373 0
0.315219 -5.6856 -2.9487 0
0.416107 -4.95965 2.72105 0
0.393594 -4.08579 3.13053 0
0.171333 -3.27707 -1.95838 0
0.781602 -2.7901 0.279557 0
0.40886 -1.6451 -3.12579 0
0.745527 -1.8331 1.62771 0
0.70125 1.18089 0.952906 0
0.0869888 -0.326236 -0.561751 0
0.491309 2.69866 0.871212 0
0.384335 3.49941 0.190013 0
0.506265 4.88112 1.36867 0
0.308045 -0.732431 1.35224 0
1.1586 -4.18385 -1.19219 0
0.333772 -5.16862 -2.62861 0
0.949163 -3.37819 0.477044 0
0.326589 -3.92489 -0.793575 0
0.875308 -3.27638 0.0603153 0
2.32638 -3.28267 1.12884 0
0.0497676 -3.52915 0.00611754 0
0.232733 -3.56128 2.506 0
0.589228 2.83018 1.13455 0
0.0556761 3.33447 -1.87139 0
0.52322 -8.21671 0.848062 0
0.427335 -8.32236 -0.0472613 0
0.719902 -0.0221503 -3.0829 0
0.631933 0.520034 3.11523 0
0.568168 3.63492 1.60285 0
0.840035 3.37841 2.02604 0
0.260704 2.21734 2.58182 0
0.47067 2.39302 -2.20668 0
1.4 1.86883 -2.41405 0
1.2656 1.84477 -2.23224 0
0.25916 5.72577 -2.32585 0
0.208724 4.95755 -1.23433 0
0.166503 -3.03776 0.440543 1.42553160720289e-07
0.397267 -3.99695 0.91948 2.55913474213795e-08
1.10941 -2.01641 1.13539 0
3.37698 -1.85009 0.999785 0
0.294781 -3.58812 0.784114 0
0.129521 -3.67846 -2.6888 0
0.233494 -3.13799 1.56497 6.27109714005018e-09
0.0665761 -3.28277 1.68641 4.2310155455913e-09
0.322324 -4.85969 -2.93522 3.91646724520519e-08
0.272502 -4.81215 2.7851 2.48420040396086e-08
0.224862 -0.344222 2.67116 0
0.148811 -1.74562 -0.226241 0
0.087867 -1.075 -1.18138 1.93841696275668e-10
0.769163 1.42741 0.26473 7.57943913913411
0.133141 1.52813 1.15377 40.1070446291998
0.118117 3.15751 3.00745 11.6251394626059
0.617571 2.97675 1.63655 2.65634292615877
0.166998 4.08914 2.16978 6.71500028666663
0.421958 2.7863 1.51146 9.74125834261079
0.498462 3.12598 1.86285 2.9140578449962
0.164268 2.30286 2.28644 20.0879588322523
0.617466 1.28117 -1.31579 6.30290522027352
0.346851 0.760948 -0.650695 16.7202869003803
0.14212 1.97641 0.860882 1.96164289739493
0.417361 1.93163 -1.91959 10.5029156190936
0.124068 1.59136 -3.08506 48.9355078892649
0.480619 -1.70154 1.31879 24.1713106049211
0.298601 -0.793276 1.59814 82.1135226039245
0.148861 3.65281 -0.186134 2.19368569543443
0.103411 1.95598 0.375686 16.7896518482995
0.684132 0.217888 -0.331761 6.00053895732367
0.474785 0.00678156 -1.03078 8.86157545619037
0.513505 -0.579542 0.094135 0.141696505855857
0.00543126 -0.0805855 -2.72614 0.000117217003138247
0.0132213 2.7915 -2.45188 5.20596764137369e-05
0.231694 -0.296351 -2.48299 0.0705624191592564
0.327564 -1.57426 -0.748781 0.0114188841550342
0.36963 -0.732168 -1.68254 0.0406784944884722
0.300558 -1.57268 -0.482533 0.0191209586903056
0.382296 -1.51814 2.97708 0.0267612474222465
0.713646 -1.08224 2.86105 0.0538244786580777
