1.40847 8.08123 -2.00126 0
2.5066 6.16292 0.440363 0
0.26288 -0.831032 1.7285 0
0.120887 4.40718 -2.71736 0
0.200776 2.83587 0.293855 0
1.10079 3.76912 -0.331429 0
0.460441 2.44479 -1.03328 0
1.19533 4.35038 -0.352636 0
0.866202 4.80236 -0.0820649 0
1.59368 4.6605 -2.24201 0
0.621403 5.47482 -2.50484 0
0.301033 4.27052 -2.32352 0
0.133284 -2.65908 -1.87438 0
0.618685 -2.3696 -0.629154 0
0.72772 -1.51929 0.446962 0
2.02285 -0.489774 -2.54813 0
0.990618 -1.40696 -1.61329 0
0.108113 -6.32196 -2.03941 0
0.447625 -4.34496 -1.08475 0
1.3312 -5.95741 -1.99197 0
0.514539 -7.35362 -1.43944 0
0.564256 0.505926 1.07502 0
0.35422 2.07372 -0.172151 0
1.46597 2.18317 -1.75449 0
1.55477 2.79736 -0.978938 0
1.1876 0.249269 0.957231 0
0.760319 -1.15333 -0.037967 0
1.30335 1.1364 -2.86833 0
1.72839 1.32327 2.67217 0
2.96849 0.575467 2.61921 0
3.91681 0.072417 2.52368 0
1.25995 -1.55822 -3.06196 0
0.493477 -2.84017 -2.60566 0
0.512637 -1.66842 -2.46557 0
1.10433 5.52813 -1.03303 0
1.18598 5.28604 -0.206202 0
0.247073 5.67383 0.4751 0
0.721295 4.15661 2.17678 0
2.15623 3.8898 2.52769 0
0.819132 2.86983 2.16975 0
1.27009 1.6798 1.80733 0
1.18027 -5.7445 0.20856 0
0.0436135 -6.93686 2.46279 0
0.940339 -4.19407 0.334077 0
0.554184 -5.12386 -1.14151 0
0.22615 -4.319 -0.214654 0
0.771006 -3.92783 -0.0010253 0
1.40091 -2.21152 -0.283467 0
1.00329 -1.73761 2.66211 0
0.143843 -1.38743 -0.94907 0
0.532385 -1.57106 2.95957 0
0.938019 -1.92978 1.74659 0
0.257677 -0.981392 2.30895 0
0.589256 -1.69727 1.98041 0
4.84248 -2.07264 2.36208 0
0.473823 4.64982 -2.69906 0
0.361088 2.78158 -2.15975 0
0.815895 -0.952737 1.23838 0
0.0454381 5.52926 0.136127 0
0.860186 2.09496 3.10456 0
0.465341 -0.269788 1.39347 0
0.481314 -4.1039 -1.54428 0
0.438441 -4.15082 2.54538 0
0.153203 -5.92452 0.296605 0
0.0777241 -1.6423 -0.137227 0
0.794407 -0.45626 -2.44038 0
1.5494 -0.327518 -0.392258 0
0.849745 -1.0286 -0.194649 0
0.0941146 -1.56931 -0.47493 0
1.93572 -1.6899 -0.0952205 0
0.157721 -4.64046 0.245412 0
0.15529 -3.88054 2.81046 0
0.0241066 -7.44397 2.41185 0
0.231789 -5.70946 0.00343261 0
0.259727 -3.32145 -1.5436 0
0.273341 -4.93057 -1.06312 0
0.732777 -3.54233 -1.88409 0
0.24989 -5.73922 0.662353 0
0.24559 -6.6421 0.133064 0
0.155195 -8.12778 -2.82804 0
0.046031 -6.73999 1.44008 0
0.637719 -3.01733 2.67646 0
0.681326 -1.6538 -1.20871 0
0.895349 1.37454 -0.450782 0
0.386501 1.18779 2.00375 0
0.588389 1.44075 -3.10637 0
1.09463 1.27429 1.06713 0
0.539003 5.58218 2.75657 0
0.310298 2.44763 -0.898796 0
0.678664 3.54872 -1.77817 0
0.527403 3.28712 0.305179 0
0.182269 3.12135 -0.963431 0
0.489217 3.99172 -0.945393 0
0.460725 5.3796 -0.508275 0
0.0921455 4.14861 3.06188 0
0.368408 3.26879 0.581404 0
0.0712712 -3.94625 1.55112 0
0.22887 -2.1547 -0.619476 0
0.473309 -3.3786 0.225195 0
0.255506 -4.265 -1.43963 0
0.301568 -4.46663 2.66651 0
0.24694 -8.1189 -0.511071 0
0.208623 -6.11001 -1.01759 0
1.28763 2.31191 -2.03832 0
0.475987 2.32949 -0.463011 0
1.54665 2.97791 -0.478179 0
0.821294 3.26567 -0.948416 0
1.26866 0.844594 0.977843 0
1.73344 -0.59802 1.70437 0
0.771327 -0.699752 0.773762 0
1.00572 -1.5596 0.767044 0
0.340777 -0.896036 1.26146 0
1.20206 0.324344 2.55813 0
0.40507 1.29607 2.26197 0
1.36053 -0.185325 3.03015 0
0.665645 0.421408 3.01099 0
1.13416 -0.734129 2.74081 0
0.705336 -0.855874 -2.82054 0
0.0983007 -2.47103 2.2394 0
0.885992 -2.25695 -2.4913 0
1.63482 -1.75812 -2.36016 0
0.805662 5.14493 3.03294 0
0.825567 4.39565 2.01245 0
0.590306 2.33759 2.3527 0
0.168963 3.66924 0.562155 0
1.0523 -6.1163 -0.0804175 0
0.537541 -4.83895 0.18262 0
0.334656 -3.75923 -0.308729 0
1.77807 -3.53916 -0.0229655 0
0.776952 -2.04763 1.4232 0
0.123805 -2.08756 -1.49968 0
1.76879 -1.68774 1.8485 0
0.168009 6.22001 2.1856 0
0.133273 4.3528 2.00075 0
0.565146 5.09835 -0.316965 0
0.432981 3.89356 1.84385 0
0.872994 3.19026 -1.10314 0
0.38885 -0.111125 2.81798 0
0.95762 0.7056 -2.30532 0
1.01869 -1.36471 -0.825278 0
0.0183789 -4.05756 -3.08894 0
0.147279 4.18086 -2.69012 0
0.561254 1.86008 0.743162 0
0.272169 -2.28005 -2.7625 0
0.0942047 -5.15261 -2.61889 0
1.06757 0.331486 -0.547079 0
0.851106 -1.83846 -0.449873 0
2.06331 -1.26438 -0.500063 0
1.48581 -1.03811 -1.0677 0
0.436514 -1.4265 0.712769 0
0.765207 -2.30489 -2.57488 0
0.270979 -4.73778 0.427118 0
1.02889 -3.8569 -3.01464 0
0.240312 -4.265 1.38436 0
0.94211 -4.82206 -2.76577 0
0.934668 -5.17936 2.64672 0
0.10242 -4.81771 -2.29581 0
0.126441 -3.34195 -0.0842294 0
0.466172 -4.19336 -2.5151 0
0.244855 -5.1087 -1.70619 0
0.926769 -4.76869 -0.426008 0
0.102261 -5.3396 3.00945 0
0.464346 -6.19092 2.48495 0
0.56167 -6.98729 1.46957 0
1.02403 -6.38653 3.10672 0
0.341708 -6.03902 2.06295 0
0.28266 -4.27212 1.2574 0
0.198475 -2.53719 1.12039 0
0.120379 0.755599 -0.310526 0
0.402087 -1.34552 -2.25686 0
0.22146 0.612829 -0.0988142 0
1.22828 2.33806 -0.0551685 0
0.141376 5.70811 0.092087 0
0.10848 5.25895 -0.696567 0
0.628852 2.2617 -2.106 0
0.671921 1.72721 -1.96017 0
0.322195 0.826168 1.08381 0
0.409481 0.784769 0.310991 0
0.362489 -1.86723 0.0521151 0
1.27081 -1.6134 0.466124 0
1.44708 0.572573 2.72192 0
0.532372 0.619234 2.34001 0
0.300129 -2.22276 3.06967 0
0.520604 -1.3834 -2.87377 0
0.211766 3.40295 1.11044 0
0.185671 4.73094 2.80169 0
0.493366 2.32204 -1.87694 0
0.046502 2.64804 -2.24787 0
0.120303 -3.68795 2.71718 0
0.088237 -5.87914 -2.59429 0
0.0448211 -6.08004 3.085 0
1.10438 -4.55402 2.49156 0
0.899387 -3.91022 -0.294839 0
0.743441 -3.70752 -0.440378 0
0.069495 -5.37198 0.123282 3.80985860221518e-07
0.596633 -4.47123 -1.10075 1.72833851090717e-07
0.0555429 -8.61861 2.0579 0
0.295839 -6.86624 1.35024 0
0.141244 -6.01217 2.36745 0
0.228681 -7.00921 -2.14411 0
0.315462 3.95803 2.47146 6.31735954486921
0.116231 3.38714 0.543642 30.2683989851249
0.315467 0.999825 -1.78111 16.3443425401597
0.581346 1.70488 -2.26955 4.81540385129803
1.60231 -1.04285 3.13227 0.764832616138649
0.543777 -0.964462 3.07785 2.38977100134845
0.577157 -1.2773 -2.6116 23.6859463826476
0.520863 -0.6594 -2.22151 41.3399028865482
0.0739063 -1.62869 2.15249 3.89082094580566
0.389249 -1.59265 -0.907352 0.764842027310833
0.176901 -5.02632 2.58514 3.21776930294752e-06
0.0590935 -4.57657 2.48061 7.69334707989151e-06
