1.11965 -3.19075 0.655283 0
2.94277 1.03222 -1.73797 0
0.585006 -5.55807 0.184577 0
0.314237 1.75042 -2.19816 0
0.579307 0.356633 2.31759 0
0.0628761 2.57019 2.98494 0
2.46389 3.18916 2.24021 0
2.38342 -1.92621 -1.8298 0
1.40649 -2.16817 -0.890042 0
1.95428 -1.73523 -1.84048 0
1.62393 -1.7969 -0.939274 0
1.13868 -1.50926 0.797658 0
1.45234 -1.77164 0.656 0
2.35274 5.18941 -0.578841 0
0.773053 6.11106 -2.20422 0
0.693566 -3.06519 -0.687775 0
0.612324 -2.86547 1.19062 0
3.67767 -2.76904 1.02153 0
3.36921 -2.8523 1.05395 0
4.04228 -2.89306 1.15715 0
1.56742 -4.28484 0.8807 0
1.60853 -4.81539 0.933406 0
0.563659 -0.807823 2.59129 0
0.308195 -1.28632 0.38898 0
0.268765 -3.50864 -1.39778 0
0.951283 -2.53683 -2.63191 0
2.5513 -0.935562 -1.224 0
0.196208 -2.08464 -2.7366 0
0.399555 -0.223581 -1.21108 0
0.962652 -1.4661 -2.72705 0
1.35691 -1.92763 -2.65346 0
1.77525 -2.85375 2.87212 0
1.30279 -2.43651 1.41183 0
0.817719 -3.0299 2.50336 0
0.932598 -4.01114 1.23981 0
0.313775 -2.03117 0.52679 0
0.450853 -1.32903 2.32788 0
0.356353 -1.13601 -1.66198 0
0.329901 -0.501265 -2.68414 0
1.84486 -0.387522 -2.39066 0
1.51444 -1.92664 2.57505 0
2.47887 -1.39503 2.46384 0
0.318412 -1.39647 2.93973 0
0.621383 -3.58909 0.565648 0
0.0672273 -1.65633 1.42704 0
0.257641 -3.98267 -0.187756 0
0.697307 0.217934 -0.973197 0
1.7409 0.0110859 -1.65591 0
1.45573 0.420709 -2.38393 0
0.641118 0.69809 -1.53043 0
1.39939 0.941343 -2.04993 0
3.21093 1.08696 -1.85409 0
6.07076 0.891989 -1.86287 0
6.20378 1.03648 -2.05867 0
3.99844 1.80189 -1.94781 0
0.744454 1.74726 -2.42643 0
0.61923 1.6805 -1.27628 0
0.610164 2.87324 -1.97302 0
1.13708 2.68074 -1.50506 0
1.41574 4.96239 2.67821 0
0.709597 5.08201 -3.10448 0
0.384756 4.51441 -2.87488 0
1.75889 3.92037 1.67574 0
0.151003 4.91924 -2.99898 0
0.394603 2.95603 0.947938 0
0.0935394 3.46961 -1.57343 0
0.829682 4.08464 1.16468 0
0.305346 4.00967 1.4583 0
0.257625 2.40539 1.93924 0
1.89869 2.5382 0.670983 0
1.36992 2.24746 1.17371 0
3.87678 1.72373 0.497545 0
1.25029 1.82933 0.242512 0
3.82149 1.47023 0.603741 0
0.955643 3.97521 -1.43676 0
0.100041 2.03879 -0.28025 0
0.488651 2.31111 -0.734748 0
0.201261 -2.18684 -0.922037 0
0.436819 6.14388 -2.12324 0
0.264192 1.52313 -1.43979 0
0.21326 2.87535 -3.12631 0
0.0114042 -6.23918 -1.03535 0
0.830811 3.37294 -1.0899 0
1.58987 1.98752 2.85618 0
0.714181 2.60492 -2.55529 0
1.24055 1.91576 -2.44231 0
0.863006 2.58168 2.91418 0
1.63952 2.06572 2.82845 0
1.4079 2.38605 -2.37767 0
0.363722 0.186082 0.442264 0
1.47128 0.220258 0.190755 0
0.853742 -0.828824 0.40471 0
0.408264 -0.0976832 1.77818 0
0.384845 -2.91001 2.33326 0
0.241269 -7.05407 -2.16567 0
0.834729 -6.71729 2.30566 0
0.603602 -6.46283 -2.33132 0
0.901218 -5.4934 2.79886 0
2.07482 -5.40045 -2.85831 0
0.137254 -5.17129 1.88854 0
0.47628 -2.91648 -2.84079 0
0.592357 1.07188 -2.39933 0
0.760059 3.84742 1.63113 0
0.968825 -5.9619 -1.33956 0
0.485277 -7.16655 0.904897 0
0.662266 1.92041 -2.92713 0
0.93584 2.02558 -2.9715 0
0.514412 1.92703 2.82215 0
0.360831 2.10142 -0.384941 0
0.391789 -2.85298 -2.31893 0
0.259559 -6.4521 0.581982 0
0.417925 -5.47464 1.85622 0
0.32924 -1.42544 -0.725284 6.01094920876355e-14
0.472559 2.18554 1.15997 4.3921691367685e-14
0.659952 1.76295 0.0996885 6.09471179034059e-14
0.312469 1.49749 1.14855 2.25123920812625e-14
1.83155 2.39455 1.90113 5.17992972050772e-14
1.9373 2.71688 1.88582 5.51684101409657e-14
0.323747 2.62148 0.892352 5.28186773996809e-14
2.41731 3.41274 1.89422 6.00341407402338e-14
0.509356 4.42924 1.72473 6.29415202319294e-14
0.656993 5.68671 1.63011 6.43055457018861e-14
0.42912 5.71982 2.81932 6.48471638479419e-14
0.0792488 4.16191 0.613128 6.2734486973089e-14
0.345326 2.74462 1.4054 5.30657945362959e-14
0.45422 3.80602 -1.54654 6.85944369931273e-14
0.40744 0.604558 -2.66935 1.09245661894938e-13
0.491883 -0.969521 0.33676 1.01560601977378e-13
1.19805 5.06602 -0.231976 0
0.895702 4.59995 0.313168 0
0.272485 0.717926 -1.46166 0
0.355363 -0.71605 -2.61569 0
0.0334902 -0.797843 -1.26694 0
0.285653 -4.69354 1.35735 0
0.29183 -3.96932 -1.19657 0
1.00605 -5.0337 -1.03535 0
1.05358 -3.89543 -1.62745 0
1.03439 -4.40362 -1.81348 0
0.26524 -4.35421 -2.80754 0
0.541382 -4.04869 -0.536212 0
0.654169 -1.30229 -2.56633 0
0.655358 -1.01393 2.78826 0
0.5707 -0.114418 2.59514 0
3.58113 -0.463035 2.19403 0
1.30281 -6.16394 -1.53743 0
0.339864 -1.54675 -2.54778 0
0.298788 0.715006 0.133308 0
0.236919 4.43229 -0.277304 0
1.35628 2.0128 -3.12934 0
0.264303 2.86875 3.0129 0
1.32021 2.21831 -2.91777 0
0.379693 1.8979 -2.59473 0
4.57648 -0.841934 -0.184968 0
1.17866 -2.21396 -0.540978 0
0.369569 -4.19853 2.67586 0
0.782239 1.57182 -2.94332 0
0.201814 6.99025 -0.0954688 0
0.705665 0.941415 -2.15263 0
1.2632 0.711511 -1.765 0
0.334291 4.85832 2.94637 0
0.104349 -1.54161 -1.55809 0
0.300552 -1.97768 0.70337 0
0.590963 -1.85007 0.0989724 0
0.544727 -1.95705 0.117964 0
0.70157 -1.48684 0.894068 0
0.511643 5.14346 1.59993 0
0.540756 5.05268 -2.1734 0
0.254814 5.388 -1.47498 0
0.945083 5.58542 -0.70928 0
0.499136 6.2397 -0.623073 0
1.08722 4.39931 -0.442494 0
1.00542 5.54828 -2.23056 0
0.509393 5.01893 -1.5148 0
0.187114 5.19158 -1.95881 0
1.10606 5.79503 3.11128 0
0.439736 -4.38589 0.878553 0
1.18785 -4.29114 0.121107 0
0.541116 -4.60699 -0.841254 0
0.424192 -3.09467 2.49895 0
0.532861 -2.99561 0.665783 0
0.206847 -2.76002 -0.0123699 0
0.183925 -2.39092 2.36812 0
0.942176 0.803737 0.713156 0
0.333544 0.229578 -2.04599 0
0.195467 -0.0182357 -0.0528861 0
0.442397 -1.54371 -1.66994 0
0.66596 -1.08923 -0.466815 0
1.17312 -0.810652 -2.22834 0
0.656596 -1.39083 -1.53784 0
0.495707 -1.18782 3.13219 0
0.518295 -1.15924 -1.43274 0
0.531872 -1.83338 2.35635 0
2.61612 -2.35143 2.36744 0
0.815481 -2.33557 1.94102 0
0.231034 -2.19875 1.19131 0
0.718382 -3.43749 1.81607 0
0.448896 -2.63686 2.54186 0
0.186933 -1.6506 -1.71616 0
0.620615 -1.37149 2.94771 0
0.692309 -2.81006 1.80625 0
0.322062 -2.54802 -2.24482 0
2.47324 -3.21694 -0.641547 0
0.285378 -2.89889 0.113293 0
0.130667 -2.48333 -2.53917 0
1.61235 0.902179 -1.77374 0
3.5879 0.654946 -2.11492 0
0.420395 3.62918 2.6899 0
0.390084 3.80237 -2.71531 0
0.230011 5.34497 -0.0284255 0
0.301387 3.54359 1.32056 0
0.318678 4.47492 2.69554 0
0.954761 5.29296 2.25821 0
1.07727 4.8495 2.48184 0
0.317144 3.59555 1.21842 0
0.70949 2.6917 0.701444 0
0.245095 1.86787 0.731344 0
1.14144 0.659153 1.58745 0
0.23743 3.97925 -2.17671 0
0.40279 -1.38548 -2.68491 0
0.53621 -1.31052 2.83371 0
0.514672 -3.154 -2.57175 0
0.566321 2.9391 1.34514 0
0.742217 0.271786 -1.74202 0
0.246694 -0.0865012 2.26647 0
0.35784 -1.15452 -2.27869 0
0.248345 -1.21495 -0.894534 0
0.300363 3.51742 -1.88347 0
0.984605 3.23887 1.18444 0
1.28331 2.83283 -2.74731 0
0.58115 2.47398 -2.27174 0
2.15569 2.6475 -2.35792 0
2.37991 2.64717 -2.12401 0
0.763331 2.93508 -2.59098 0
0.626123 1.09826 -0.277602 0
0.99147 0.737102 -0.626903 0
0.389061 1.71303 -0.908362 0
1.55267 0.219141 -0.298821 0
0.532416 -0.350322 0.939405 0
1.07872 -0.919677 1.22426 0
0.181772 -1.77054 -3.02717 0
0.346581 -3.00252 -3.04473 0
0.0773903 -5.83991 2.94392 0
0.21341 -6.29507 -2.73714 0
0.35056 -4.21815 0.610567 0
0.203899 -2.00376 2.43094 0
0.425565 -6.44932 -0.501995 0
0.625191 -1.2741 2.85961 7.99154463749032e-14
0.104613 -2.29387 2.54723 7.23344758037527e-14
0.337564 0.893467 1.70146 3.19881965051855e-14
2.93373 0.760799 0.818366 4.32862236002491e-14
1.4845 3.52539 2.30494 6.22033613492276e-14
0.457138 5.74807 1.57827 6.43307914643772e-14
0.385346 4.52103 1.15735 6.29527238241039e-14
0.411133 -1.51307 -1.42923 3.0865984783771e-14
0.514735 -1.63104 1.73697 9.20495111314775e-14
0.297965 2.00385 2.17609 0
0.509586 0.944784 0.946095 0
0.257377 -0.560272 1.59761 0
0.180068 -4.5406 -0.991346 0
0.0253703 -6.70484 -3.11498 0
0.143834 -5.61114 -2.23196 0
0.631357 -3.49666 -1.33712 0
0.556483 -3.5937 -0.983357 0
0.663362 -2.93078 -2.15497 0
0.185813 -3.61928 0.42275 0
0.180963 -3.20828 1.24744 0
0.554551 -2.04016 -1.55917 0
0.323835 -2.01741 -1.28176 0
0.361885 -2.13885 0.190678 0
0.367919 -1.486 2.01349 0
0.367099 -1.8366 2.0381 0
0.517413 -0.0947085 2.85548 0
1.28438 -0.788645 2.20303 0
0.598069 -0.579667 2.03662 0
2.31012 -5.51595 -1.21334 0
0.358506 -4.08341 -1.20476 0
0.205456 -2.7969 1.48515 0
0.178853 -2.51806 -1.48947 0
0.442534 3.05656 -3.04566 0
0.345452 1.91762 -0.650716 0
2.38227 3.17422 -0.569316 0
0.66609 3.32871 0.849527 0
1.46089 2.11957 -0.974286 0
1.23899 -0.38486 -0.0666535 0
4.67005 -0.829651 -0.13814 0
18.9011 0.781172 1.50699 0.0328232063656205
39.0318 0.772254 1.50182 0.013029182452858
12.5712 0.757736 1.49661 0.0610070938683607
17.9831 0.727766 -1.83309 0.095715382792222
0.491819 -2.58053 0.262851 1.89674954073349e-05
0.146865 -2.58594 0.264481 1.82542500336036e-05
0.585461 2.2196 -1.52834 0
0.106144 2.14465 0.208284 0
0.849888 -1.49818 -0.656807 0
1.09855 -1.65747 -0.379395 0
0.445044 2.48402 -0.931204 0
0.191584 2.65601 0.439181 0
0.703591 4.87996 -2.08272 0
0.496965 -3.19496 -0.261002 0
0.289495 -3.30931 0.418003 0
0.63901 -4.279 1.01887 1.95155560035325
0.028239 -5.46244 3.12555 13.5668923114042
0.407679 -4.30557 2.05494 0
0.0957157 -4.17887 -0.947915 0
0.030429 -4.47682 1.59227 0
0.897604 -2.799 2.47827 0
0.269584 -0.953277 1.81187 0
0.762763 -0.692057 2.26095 0
0.202057 -2.5805 2.47708 0
0.587495 -1.64813 1.80415 0
0.789523 -2.8347 -1.21569 0
0.269417 -2.00537 -1.69748 0
1.75414 -0.280114 -1.06161 2.19655975050875
0.225881 2.44285 -2.66895 18.8750020741935
1.67269 2.02333 0.714522 0
0.293063 1.70408 0.975706 0
0.457974 1.99833 2.45923 0
0.0195464 2.72958 -2.08024 0
0.380898 -0.652717 3.0061 0
0.189628 0.348715 2.55457 0
0.0982874 -0.401062 3.04495 1.15763172301689
0.2369 0.0931461 -2.35482 144.339855021979
0.0836747 4.69053 -2.04327 0
0.152149 2.90135 0.834246 0
0.229014 -0.774718 1.29579 0
0.578278 -1.62744 2.3871 0
0.171703 -1.75487 -1.88213 0
0.20961 -2.80176 1.53741 0
0.456679 1.61034 -0.606361 1.63768203022569
0.149717 1.35929 0.239254 98.0760854450397
0.162679 -0.434343 0.86763 0
0.689098 0.419775 -0.0277927 0
0.487072 0.00920968 0.66847 0
0.15818 -0.349171 1.58518 0
0.189449 0.597782 2.24365 0
0.16796 -0.489239 0.00367189 0
0.0748881 -2.42564 1.13971 0
0.173088 -2.29211 -1.47665 0
0.315769 -3.85839 -2.95977 0
0.75562 -3.43971 2.80421 0
0.825632 -5.28516 -2.95177 0
0.566488 -5.65949 -2.92306 0
0.0521134 -5.40027 -1.99954 2.02336456928721e-06
0.232269 -5.33178 -2.01473 2.19641822579285e-06
0.152018 -3.21823 0.796129 0
0.248307 -2.98447 1.24503 0
0.340661 0.62389 1.21255 0
0.320445 0.849732 2.32369 0
0.523164 -0.984591 2.64057 9.37711024354197e-14
0.392553 -1.0175 -2.37844 3.60746037924994e-14
0.242864 -0.686103 2.51866 1.04199515033461e-13
0.893132 2.08144 1.00343 4.28227229651946e-14
0.650247 1.75358 1.14941 3.2154179375023e-14
0.100807 2.31588 2.28303 7.72487130200415e-08
0.205737 2.12281 1.69677 1.02945004370694e-07
0.241505 -0.124254 -2.822 9.93570506605191e-14
0.0340449 2.30422 -2.76688 7.59789278229995e-14
0.110569 -2.96952 2.51125 6.85391700168088e-14
0.409209 -3.83593 1.58286 6.84974309919824e-14
0.149908 4.77768 -2.66331 3.97020695429274
0.049298 -4.6879 -2.8202 0
0.0357479 -3.55336 -1.7425 0
0.0821362 -5.14965 0.856115 5.47800196575881e-08
0.0976024 -5.94363 1.39363 3.82589906597551e-08
0.311812 -4.06313 -0.504818 0
0.657361 -4.54423 -0.910209 0
0.22032 -2.06543 0.220711 0
0.109226 0.277659 0.100109 0
0.151853 0.611867 2.35652 0
0.46111 1.00404 1.56674 0
0.135847 2.23946 -1.07801 0
0.128334 2.51837 -2.84537 0
0.469983 0.683245 -3.00803 0
0.657585 1.15903 -2.72121 0
2.08788 -2.31529 -0.721332 7.18466162814025
1.95928 -2.18283 -0.875543 8.74461514641393
0.187192 3.53428 -1.76992 5.28106493074764
0.162784 2.59252 1.8171 15.5561812394762
1.6324 -3.18621 -2.85725 0.759416335001982
0.126787 -3.45937 -2.81551 7.42169405046299
0.414889 0.0192445 2.16966 9.18323189350324
0.0887218 1.40829 0.553113 19.7980797476675
1.14902 2.39584 2.50994 1.35675438632294
0.163598 2.45846 1.85859 9.00290988572886
0.0317829 -6.57969 -2.59254 0.171859747113849
0.437012 -3.9382 -2.25671 0.175545647987991
0.0638665 1.84221 2.41079 12.9118656787285
0.267071 2.43577 -0.860913 1.72747434921806
0.333608 -0.73977 -2.47114 51.0063401051632
0.205156 -1.35626 2.19766 51.6175311441051
0.554489 -0.690067 2.64222 0.0397187830056438
0.590243 -0.468633 1.94316 0.0419019654969323
0.0475805 3.50581 1.04565 2.32874607366448e-06
0.0602518 3.67761 1.15241 1.66208824808262e-06
0.118714 0.204706 0.661025 1.68466746193217e-05
0.132245 0.345832 0.169028 4.70093180467067e-05
0.955598 -1.81323 -1.54357 16.3317769631932
0.666589 -2.275 -1.32145 14.9891116550203
0.158103 -4.35656 2.70492 4.32273407790448
0.395224 -3.32694 -2.23203 4.83532021912968
0.423067 -0.8163 0.342056 17.4369028804783
0.204929 0.396406 0.679929 45.119788093733
0.0270022 1.96217 -0.776771 163.827407557301
0.87732 0.716884 -1.10248 14.492299471774
1.75848 -0.137666 -1.1754 25.6172003405951
0.475205 -0.217603 -1.37845 44.4563939886992
1.32153 -0.404384 -1.98808 0
0.561325 0.117337 -1.30352 0
1.54141 -0.0349582 -2.97281 8.530976694082
0.126703 0.0145845 2.77496 182.580003899936
0.318981 -1.20169 2.88421 0.0943219172502213
0.286833 -1.05198 -3.12573 0.54158875099217
0.281666 -1.14716 2.7468 0.306325936610501
2.98131 -1.18408 2.86304 0.0980660057508038
0.410911 -0.605857 2.35324 0.0431937328509944
0.506791 -0.618827 2.37494 0.0579054429404105
1.42988 -0.538804 2.41882 0.0611897617943847
0.666771 -1.30173 2.7728 0.545538625799099
1.42608 -1.0227 -3.0927 0.629265636012301
0.326218 -0.665891 -3.07449 1.29461786365128
2.25091 -1.20696 2.84842 0.143827667774469
2.39613 -0.675764 2.35797 0.09421784091271
6.03705 -0.482251 2.29032 0.0650941715936109
1.58854 -1.17807 2.90306 0.0962008905488978
1.46136 -1.12473 3.07417 0.495014545822061
3.05398 -0.440509 2.45372 8.43050926630261
1.88797 -0.294379 2.36965 14.6939665320135
