0.152792 6.17019 3.00609 0
0.360087 6.61258 0.370968 0
0.650074 4.10959 -1.39063 0
1.11569 3.33864 -1.1298 0
0.273442 4.61127 -0.389526 0
0.419861 1.35287 -0.22236 0
1.05186 2.99647 2.16955 0
0.696207 4.56529 0.303134 0
0.437942 3.43463 -0.561872 0
0.0396921 6.19168 1.24529 0
0.969033 4.57467 -0.784841 0
1.27806 6.95408 0.309859 0
0.779857 6.16805 2.09623 0
1.24527 4.74622 2.60429 0
0.653207 4.79424 -2.75564 0
0.271626 4.26169 -0.816691 0
0.838516 4.78068 1.9463 0
1.34018 4.27478 -2.94266 0
1.36245 2.41463 1.68653 0
0.0834582 5.20214 1.50819 0
4.69603 0.826313 1.61265 0
0.267074 0.877213 -2.34274 0
0.380685 -0.0959494 1.31272 0
0.566336 0.0422624 1.44029 0
0.193326 -5.25593 1.71851 0
0.101388 -6.80902 -0.8014 0
0.694625 -6.53004 1.08215 0
0.565115 -8.79227 -0.956609 0
0.181505 -4.92025 -2.56445 0
1.34188 -5.04298 -1.00259 0
0.912086 -4.4929 -2.21649 0
0.920547 -5.01532 -1.77944 0
1.02048 -3.92257 -1.26958 0
0.323021 -2.17736 0.576585 0
1.04693 -3.50212 -0.355548 0
0.229487 -3.35953 0.776235 0
0.352267 -3.6043 0.14109 0
0.632105 -3.692 0.439736 0
0.653766 -3.66763 -0.375904 0
1.09503 -3.86143 0.466367 0
1.09802 -2.66023 0.00995231 0
1.03285 -0.868922 1.24769 0
0.538368 0.704797 0.955374 0
0.41728 0.621871 -3.08002 0
1.22734 0.62802 0.562684 0
0.824458 0.521582 0.596575 0
0.872114 2.07841 0.902834 0
0.12358 2.38097 -1.46704 0
0.889416 -2.27553 3.00606 0
0.890384 -1.567 -2.71906 0
0.264285 -5.95754 1.24102 0
0.463199 -6.3611 -0.277811 0
0.534275 -5.9322 2.5481 0
0.314913 -6.20707 -0.404262 0
0.225407 -3.63457 0.99688 0
0.144038 -3.23928 -1.17693 0
0.487488 -1.61512 -0.450285 0
0.775204 1.20154 -2.60254 0
0.302332 0.129631 -2.10594 0
1.59934 0.610536 -2.27825 0
0.94608 0.0620015 2.86513 0
0.540566 0.662363 2.5671 0
0.848163 1.00124 2.75362 0
0.936619 -0.75111 2.9885 0
0.275664 -1.49926 -0.185717 0
0.141484 -3.6457 1.06918 0
0.984181 -3.91875 2.94454 0
0.988713 -3.85401 2.92758 0
0.479719 -6.12725 -0.0233968 0
0.156939 -6.71621 1.20417 0
0.664412 -5.41212 -2.84355 0
0.261481 -5.64173 2.90678 0
0.401953 4.27327 -0.320408 0
0.309798 6.21181 0.577895 0
0.0956606 5.42884 -0.311423 0
0.868595 2.37349 -2.30907 0
0.244603 2.45017 0.386136 0
0.69258 8.37026 1.66334 0
0.25315 7.28102 -0.260293 0
0.824944 5.28097 -0.720959 0
0.232213 4.77906 1.54079 0
0.0986331 3.81015 1.9992 0
0.785382 4.22432 -2.00235 0
0.850969 2.55997 -2.59783 0
0.135947 2.51307 1.1796 0
0.666742 1.75849 -1.74092 0
0.782658 0.939317 -1.88286 0
0.933558 0.492409 -0.219943 0
0.137895 1.4301 -0.427591 0
0.300232 5.19714 -0.605908 0
1.11199 4.8631 -2.76766 0
0.0757033 5.12395 0.464023 0
1.15191 4.69251 3.05757 0
0.994165 4.06937 2.2556 0
0.618668 3.38898 1.73266 0
0.958244 2.36984 2.47549 0
0.39053 -4.79986 -1.59484 0
0.197308 -5.07786 1.63924 0
0.146078 -3.98877 0.849142 0
0.150299 -4.51243 0.146718 0
0.687842 -3.66262 -0.178312 0
1.1972 -3.89572 0.961611 0
0.0673022 0.154876 1.0893 0
2.32322 1.4029 0.809815 0
0.943458 1.21996 0.232406 0
2.23683 1.0256 0.00568566 0
0.167656 1.25601 2.42861 0
0.892114 0.812179 0.587297 0
0.363687 1.34571 -2.8608 0
0.546742 -1.41701 -2.10907 0
0.835339 -0.793009 -2.95535 0
0.615784 -1.79839 2.20449 0
0.143677 -2.31016 0.555894 0
0.261691 -4.27777 2.58517 0
0.285099 -5.89848 -0.725846 0
0.183277 -1.29229 2.84696 0
0.463336 -2.83864 2.90009 0
1.09564 2.22065 2.16218 0
0.165586 1.41053 2.39154 0
0.66904 3.66584 1.3109 0
0.97345 4.29528 1.67125 0
0.945354 1.37544 -2.80578 0
0.513334 1.71387 2.69185 0
0.861894 0.349463 -3.007 0
0.844392 0.58461 -2.91131 0
0.976663 -0.993772 -0.772052 0
0.128762 -2.72592 -1.61574 0
0.314482 -2.17131 -2.10222 0
0.784639 -1.70897 1.67713 0
0.10107 -1.87595 -0.933075 0
0.176286 -1.32928 -1.17377 0
0.739258 -2.69768 2.36016 0
0.621438 -2.74053 2.9013 0
0.601754 -2.87951 1.41718 0
0.419558 -4.46066 0.856228 0
0.867223 -3.81623 2.79594 0
0.638329 -4.57088 3.0685 0
0.500233 -6.61978 -2.87707 0
0.529704 -6.086 -0.398375 0
0.328649 -3.98633 1.11838 0
0.386408 -3.01432 -1.64295 0
0.254389 -2.81298 0.456483 0
0.25816 -3.62592 -0.0499013 0
0.444847 1.20112 0.562393 0
0.508573 2.68453 -2.63219 0
0.364405 6.35501 1.43046 0
0.357087 6.0047 0.208499 0
1.36945 -0.113939 -1.44561 0
1.01954 0.13563 -1.4711 0
0.235664 5.77738 0.0709371 1.72831729336622
0.366445 3.07542 -2.14224 0
0.101984 3.66037 -0.526518 0
0.165704 4.03803 -1.36203 7.84149212867146e-08
0.0808027 5.11406 0.263088 2.8560700686828e-08
0.306531 5.22948 0.538392 0
1.08761 -5.71084 -2.75032 0
0.680681 -5.37159 -2.31055 0
0.230508 -4.11641 -0.520993 0
0.362017 -3.80787 0.0204593 0
0.121699 -2.32049 0.65999 0
0.263317 -2.76028 2.5929 0
0.133175 0.438555 -0.378402 0
0.564456 -0.472906 1.11082 0
0.133659 -8.05836 -0.84412 0
0.670036 -7.14054 -1.12241 0
0.2703 -3.53295 -2.48617 0
0.136477 -4.68859 -0.489869 0
0.0816148 -1.78573 1.35401 2.26908489721935e-08
0.176739 -1.26032 0.795022 4.99373890067722e-08
0.301269 -2.33521 2.93737 0
0.663058 -2.43452 2.44319 0
0.267568 -4.83628 -1.43044 0
0.187973 -3.77399 -1.97374 0
0.113674 -6.64143 -1.60196 0
0.202906 -7.01021 0.978341 0
0.263601 4.53788 -2.89001 0
0.261289 3.5874 -2.19076 0
0.149219 2.28054 1.52157 3.66861859432952
0.703468 2.84212 1.88562 0.447489288360964
0.291212 0.790549 -1.4719 5.90574298446864
0.184355 1.13947 0.637347 7.20043749786624
0.313854 -2.93109 -1.62554 28.5230739345431
0.163524 -3.35349 2.50146 36.0442060422066
0.260352 -1.36914 1.03605 15.1948510140855
0.19873 -0.82718 -0.952498 30.6121971394061
0.026355 1.55999 1.33862 0.000135172181073763
0.015262 1.53034 1.29462 0.000137141546262054
0.56956 3.94427 -1.63052 0.299045503663625
0.0562589 3.99678 -0.822876 2.84999065926526
0.137082 -5.32835 0.070756 1.83673274758341
0.0543592 -4.06339 1.93451 16.4240568800682
