37.1777 3.0371 -1.40899 6.21531198718682e-14
0.21003 -0.664514 1.9739 0
0.386571 3.023 -1.72411 0
1.23742 3.03305 2.90309 0
3.05929 -5.26702 -3.04791 0
1.09766 -5.05536 -2.54391 0
0.82743 -0.93381 2.94397 0
2.41389 -1.12131 -2.99385 0
0.195696 -0.917311 0.907912 0
1.69249 -0.825457 1.17195 0
0.733212 -0.754777 1.00561 0
0.987738 0.146021 2.12109 0
1.30191 0.702119 0.792069 0
0.844915 -3.67208 3.11091 0
1.56495 -3.84895 -3.10982 0
0.48174 -0.113372 2.23571 0
0.276584 -0.0321338 0.704112 0
0.310619 0.696102 0.953412 0
0.124359 1.69524 0.940078 0
1.09119 2.0125 0.858999 0
0.358507 -0.286306 2.3023 0
0.298774 -1.38871 -2.93744 0
0.116942 -4.15643 -0.551184 0
0.507078 -1.69121 2.56065 0
0.479198 4.92124 2.42275 0
0.289291 4.95928 1.38352 0
0.178279 2.83419 -0.0771476 0
0.210749 3.68787 -0.016334 0
0.903057 0.922458 -1.22532 0
0.609074 -0.100159 0.963179 0
1.22436 -1.1266 1.68575 0
0.123111 2.05295 0.981653 0
0.517296 0.681059 -1.99189 0
0.274915 0.568771 1.66614 0
0.370187 5.94255 0.452936 0
0.343846 6.78275 -1.85655 0
2.49014 3.11991 1.51587 0
1.71993 3.11787 0.81282 0
0.33442 2.58699 0.672067 0
1.18137 3.85075 1.0148 0
1.65942 4.46149 2.92675 0
0.90575 4.82331 -2.58036 0
1.34361 5.9422 -3.10066 0
2.10456 6.35047 2.37904 0
0.612985 5.77927 0.993244 0
0.301772 4.4629 -0.407663 0
1.09899 3.8548 -0.448247 0
0.105437 4.59449 -0.502801 0
2.27019 3.7343 -0.451802 0
0.296534 3.61707 -1.78248 0
0.643183 3.50804 -1.60746 0
0.0795653 1.99172 -2.11586 0
1.38899 2.81086 -2.03525 0
1.5429 2.17083 -1.27411 0
1.69856 2.03439 -1.75764 0
0.886828 0.391653 -0.820583 0
0.137468 -0.643598 -2.4246 0
1.51863 0.285338 -1.0697 0
3.47709 0.386364 -0.306457 0
0.208782 -6.28998 -0.893079 0
0.491392 -4.47483 0.564296 0
0.212454 -4.9308 2.79263 0
0.43128 -1.05927 2.9331 0
0.455827 -0.623254 0.953971 0
1.4166 2.41512 0.639294 0
0.402331 -5.70777 -0.719833 0
0.425047 -1.72544 0.585846 0
0.386369 2.1146 2.28196 0
0.0586777 6.43072 -2.92692 0
0.576192 2.20179 0.88499 0
0.571645 1.31266 -2.68705 0
0.526741 1.47469 0.483061 0
0.516089 2.29005 2.38123 0
0.892237 1.9864 2.45345 0
2.46581 4.53183 0.844772 0
0.835714 3.3185 -0.922695 0
0.612564 1.75329 -0.222773 0
0.128442 1.4879 1.70033 0
0.45049 -0.298487 -2.76304 0
1.80207 -1.84021 -0.754458 0
0.896301 -1.83043 -1.22307 0
0.305908 -1.73255 2.4045 0
2.63262 -2.66924 -1.17285 0
0.777373 -3.7761 -1.66518 0
0.108312 -6.82076 -0.586968 0
0.0452229 -4.09227 -1.64207 0
0.141426 -6.24118 -2.46054 0
0.270245 -4.08734 0.952921 0
0.27811 -5.82267 -2.6262 0
1.20843 -6.41612 -1.46117 0
0.862794 -6.67349 1.31686 0
0.55673 -5.5675 0.166972 0
0.259676 -2.37877 -2.10765 0
0.282016 -2.48767 -1.79722 0
0.164597 -3.24026 -2.94396 0
1.16139 -2.37298 3.02437 0
0.439612 -3.29853 2.78612 0
1.86507 1.99604 -2.54759 0
0.218564 1.9278 -1.41194 0
1.12946 -1.02806 -2.56392 0
0.585457 -2.00903 -2.49763 0
0.396034 -0.538978 2.71374 0
1.11026 -1.66151 2.13496 0
0.245805 -1.60933 2.21935 0
0.526525 -1.53903 1.86427 0
1.03374 -0.653884 1.24166 0
1.04799 -0.473401 1.99007 0
0.0698534 0.53021 -0.692058 0
0.965604 0.183703 1.77282 0
1.08094 0.209021 1.76805 0
0.543251 0.839458 1.77139 0
0.729823 -3.94489 -2.16525 0
0.122667 -4.98832 0.725314 0
0.223543 -2.17278 -0.722194 0
0.414669 -3.30198 -1.91389 0
0.605792 -2.20621 -3.09363 0
0.265891 -0.274981 -2.97877 0
0.11391 1.99619 0.355675 0
0.362827 0.386287 -2.46256 0
0.49391 -0.230537 -0.0720565 0
0.529966 -2.27471 0.169196 0
0.155307 -0.750651 -0.875462 0
0.543737 -4.06861 1.7785 0
0.759741 -3.07484 0.800905 0
0.257144 4.47504 3.08375 0
0.319514 4.36296 0.565265 0
1.55505 3.20148 -2.98126 0
0.197805 3.24794 -0.537649 0
0.0531596 5.48843 -2.64548 0
0.675149 2.50284 -2.74461 0
0.529563 3.17654 1.30534 0
0.152233 1.22387 2.01171 0
0.90232 1.85605 -1.96984 0
0.362879 -1.76392 0.239639 0
0.633083 -0.767428 0.808107 0
0.836417 -0.833136 1.73716 0
0.455654 -1.25593 2.03347 0
0.483181 0.312709 -2.90672 0
0.454419 -0.602731 0.296655 0
0.30548 -0.65676 -2.58112 0
0.338419 0.496203 0.918639 0
0.403084 0.40969 -0.979666 0
0.306321 4.48401 -0.748685 0
0.101546 2.66342 0.295663 0
0.739584 2.63244 1.49132 0
0.17112 1.80628 0.0629 0
0.883221 3.46984 1.50262 0
1.09499 3.69154 1.18494 0
1.39161 4.236 1.77952 0
1.04322 4.6904 -1.45387 0
0.757899 5.72582 1.31742 0
0.429351 5.84011 1.95192 0
0.375648 5.9421 0.48579 0
0.557714 5.22727 0.853732 0
1.26912 5.46871 0.481731 0
0.673277 4.23564 0.767167 0
0.642706 4.16926 -0.589483 0
1.03232 3.49644 -0.264655 0
0.185908 4.3644 0.939582 0
0.873754 3.8282 -0.80333 0
0.643513 2.54256 -2.28077 0
0.700967 3.16409 -1.35846 0
0.439206 3.44546 -1.49134 0
1.56974 1.79201 -0.174379 0
0.735415 2.19382 -0.372624 0
1.02743 2.37587 0.0758505 0
0.423483 2.1669 -0.557808 0
0.879378 1.24163 -1.02027 0
0.236915 1.63301 -2.31504 0
0.0707236 3.00885 -0.568528 0
0.749045 -0.232903 -1.95587 0
0.552818 0.0669543 -0.891992 0
0.641594 -0.0893839 -2.1463 0
0.914048 0.355591 -0.0616033 0
0.516073 -8.39432 0.747187 0
0.341517 -6.92315 0.501161 0
0.26883 -7.48212 0.00276503 0
0.379148 -7.05291 2.71798 0
0.12644 -2.371 1.89118 0
0.44343 -0.542859 -2.33816 0
0.439808 0.383376 0.129939 0
0.357083 2.33936 2.32823 0
0.467566 1.65204 2.64338 0
1.67331 0.70792 1.68614 0
0.152846 3.05206 -1.74021 0
0.341654 -1.20148 1.20658 0
0.365519 -1.39747 -0.708642 0
0.208988 -2.12163 -0.789266 0
1.38367 -1.7381 -0.33894 0
1.51142 -1.46557 -0.0715846 0
1.00969 -1.36273 -0.46092 0
1.19017 -0.924491 0.201528 0
0.450458 -4.66366 -1.47399 0
1.06539 -5.04037 -2.00325 0
0.241331 -6.40184 2.30799 0
0.622983 -4.79467 1.72233 0
0.679234 -3.0988 2.94918 0
0.151452 -2.67264 1.61367 0
0.327579 -3.17716 1.24103 0
0.375127 2.23289 2.85723 1.70149417089405e-08
0.503015 2.14421 2.82234 2.96840045087278e-08
0.281351 -4.40187 -1.12568 2.97744667250772e-10
0.314939 -2.26463 -2.03312 0
0.11518 -1.6183 2.77163 0
1.42581 -1.81633 1.91582 8.38743494741978
0.28333 -1.47176 2.20891 58.1066974939157
0.287101 1.79749 0.916756 6.4045967820528e-08
0.211801 1.91016 1.22605 1.51430178341924e-07
0.0785648 -5.02315 1.55312 0.218322260098902
0.0892299 -6.60505 0.506481 0.0731058350246769
0.196313 3.71046 -1.99212 0
0.214604 4.44309 2.84376 0
0.17516 0.821838 -1.35896 0
0.776873 1.1847 -2.25541 0
0.189199 1.04515 -0.958712 0
0.847233 1.41648 -0.970275 0
0.143698 2.7319 -0.729789 11.3769456579162
0.0924924 1.60006 2.6921 52.6783049221852
0.400661 -3.41333 2.10171 0
0.171463 -4.46204 0.595531 0
0.108779 3.9529 0.55776 0
0.0401679 3.2258 0.413659 0
0.926369 3.61109 0.877582 2.88211070814931e-08
0.387495 3.72944 1.03945 1.5030698590198e-08
0.306388 6.48899 -0.57721 0
0.179971 7.0522 -0.730091 0
0.0863002 6.52255 1.4916 1.24989402771918
0.952185 5.91141 1.92574 0
0.7784 5.67918 2.26374 0
0.596032 2.26798 -0.315973 4.21472553624657e-07
1.12213 1.98657 -0.232139 4.36737994042933e-07
0.717569 2.8221 0.287172 0
0.465809 2.04426 1.19725 0
0.148777 3.31406 -2.885 0
0.114729 4.12963 -2.87946 0
0.401082 -1.97669 -0.156045 6.19843943442185e-08
0.283037 -1.82957 -0.188452 1.25791910120443e-07
0.243047 -6.69085 2.11493 2.06739871281318e-07
0.0814908 -7.99313 1.07734 1.12799946096678e-07
0.355097 -3.39766 -1.31505 0
0.0737048 -3.32959 2.64081 0
1.6194 -2.06527 -2.89801 0
0.652755 -2.49447 -2.96435 0
0.904002 -2.40821 -2.76313 0
0.958484 -1.93755 -2.94584 0
1.2683 -0.152836 1.48133 11.5297115611791
0.285463 -0.759228 1.44953 39.9286766912106
0.619797 -1.08592 0.356614 4.91067223658623
0.0884872 -1.1327 -1.0636 33.1211547123063
0.143778 0.235816 1.03708 28.346364967354
0.33301 -0.136987 -1.17847 12.5022228922745
0.163208 -2.45588 -0.883814 19.8802546794859
0.429583 -3.31485 -1.5593 3.19837279100617
0.319222 0.910431 0.0917364 5.30767617743526
0.180513 0.454836 -1.74815 12.2694769493794
0.134157 1.63366 -0.203201 50.2494730367748
0.100245 3.70792 0.930108 8.79284121371061
1.68879 -4.17333 -1.08524 0.146384910473886
0.117613 1.48526 0.0586768 0
0.862145 1.7339 2.65542 0
0.330687 1.11357 -2.04142 1.12898769763471e-05
0.0038091 0.949012 -2.16206 2.25437263718374e-05
0.0406141 2.74148 2.96835 2.66840521543465e-06
0.00239888 2.85581 -3.09909 2.76114327157157e-06
0.0342006 -4.10412 1.61031 2.1595313244331e-06
0.105708 -4.27673 1.86599 3.0928880382386e-06
0.627927 -4.86504 -1.34768 0.242647907576926
0.148619 -4.08077 -0.609526 0.340090373036804
2.21863 -4.39063 -0.927447 0.0570228577891214
