1.27661 -6.41387 2.81191 0
0.649706 -5.50759 1.85287 0
17.6732 1.63114 1.50199 3.80981092120737e-13
0.40646 0.587801 -0.482603 0
0.234622 -0.390777 0.0559254 0
0.683439 -0.0075816 0.609465 0
0.297004 0.329908 -1.18856 0
0.34648 -1.0141 -0.980453 0
2.07328 0.936046 0.866154 1.42356986860501e-13
4.76735 0.332759 0.440251 2.08384614136402e-13
5.82702 0.20567 0.554864 2.58087425358272e-13
4.30706 0.518224 0.448383 1.23516326644799e-13
8.85524 0.504517 0.554931 1.05815123294477e-13
20.8946 0.513467 0.518929 1.07488400639517e-13
10.0094 0.558811 0.515902 8.79073372511269e-14
43.0055 0.544606 0.533823 9.01784496899363e-14
14.6751 0.528873 0.513347 1.01657317632054e-13
1.57939 -1.38203 2.44422 0
0.35043 -2.21784 1.52835 0
0.464847 -5.54263 -0.432788 0
2.17422 -0.794041 -0.69959 0
1.10696 -1.21327 -0.145966 0
0.309999 -0.123048 0.00447145 0
0.684265 -1.07962 -0.468494 0
1.92126 -1.57199 -0.491684 0
0.546811 -2.53525 -0.351529 0
0.527887 -2.30358 -0.0712209 0
0.617544 -1.1051 1.21646 0
0.790442 -2.04259 1.60196 0
0.315845 -2.7277 0.00294396 0
0.16225 -4.27598 -0.304839 0
1.39745 -3.35284 -2.12995 0
0.989758 -0.343909 1.77388 4.15772870929108e-13
0.318174 -1.49293 2.01375 2.8411395548548e-13
0.463424 -0.709036 -2.20144 2.23439126245245e-13
0.727404 -0.925258 -1.17552 2.07844413289456e-13
4.23609 -1.15511 -1.53212 1.18858235024365e-13
9.16999 -1.12723 -1.67984 1.12099890110433e-13
0.387642 -6.78967 -1.60642 0
0.434333 -3.68671 2.89803 0
0.566108 -1.14193 3.05176 0
0.289063 -2.32805 -2.09968 0
12.6914 -1.37014 -3.06921 0
0.325686 -6.14222 -2.17752 0
0.442266 -5.69869 -1.78647 0
1.32171 -2.10877 -2.38694 0
0.121966 -4.54876 -0.957591 0
0.174505 -3.27187 -2.84807 0
0.511519 -3.30215 -2.64397 0
0.179289 -0.887686 1.56678 0
3.16229 -0.987877 -0.585074 0
0.409471 -3.18026 -1.82282 0
0.891685 -3.19357 -2.83448 0
0.394626 -4.09514 -2.30408 0
0.249991 0.352229 -0.671371 0
0.743666 0.0883072 0.277583 0
1.44448 1.78379 0.316613 0
1.33398 1.44848 0.389346 0
0.453419 2.50818 0.180183 0
0.72249 1.04819 -0.957122 0
0.294043 -0.197063 0.400172 0
0.0777324 0.948122 -1.0206 0
1.28042 -0.557493 -0.302599 0
2.96788 -0.420364 0.0346234 0
1.07827 -0.395551 -0.330752 0
0.458852 6.86539 -0.299701 0
0.16671 6.21002 -0.675445 0
0.0350651 8.74075 1.32385 0
0.726498 4.65533 2.7656 0
0.782924 5.00708 -2.61147 0
0.666944 5.56293 -2.8617 0
1.59573 5.43921 2.67078 0
0.362422 5.49777 -2.65698 0
0.80508 4.31638 1.5098 0
0.94221 3.48959 3.07672 0
0.645719 1.26586 -1.97866 0
0.481881 2.48236 -0.981525 0
0.453931 2.47454 -0.954227 0
1.41367 1.3053 -2.75129 0
0.842614 1.3115 2.70649 0
0.34934 -0.264088 1.65349 0
0.231429 0.745625 2.31054 0
1.58985 0.894097 -2.12691 0
0.540114 0.222438 -1.91713 0
1.6607 -0.107353 -0.83532 0
0.848495 0.669305 -1.22543 4.74309707841534e-13
0.435277 2.27985 -0.108146 3.37418257897811e-13
0.166241 1.64039 -2.13449 4.62519537789943e-13
0.785499 6.44826 -0.940364 3.84141540233046e-13
0.852778 7.7562 0.990981 3.839321482944e-13
1.03653 -4.98639 0.344962 0
0.737583 -4.27595 -0.861688 0
0.530222 0.415473 0.737303 0
0.414395 -1.70501 2.86728 0
0.140338 3.91934 0.511577 0
0.163975 3.21081 0.458292 0
0.250961 4.3939 2.05161 0
0.276783 3.05604 -2.52062 0
1.23995 5.09876 3.01017 0
0.318258 5.47539 -0.971579 0
0.640364 4.0777 -0.850839 0
0.625064 2.19916 0.0961613 0
0.329263 -1.05715 1.89576 0
1.02922 -6.9628 1.68709 0
1.60905 1.19549 -2.02259 0
0.304292 1.61268 -2.09483 0
0.314551 5.02212 -0.337291 0
0.327034 4.10223 0.0136859 0
0.555545 5.37996 -1.49423 0
0.148689 3.81884 1.90879 0
1.55355 0.930641 1.42302 0
1.14698 1.09903 1.26453 0
0.332592 0.11711 1.7545 0
1.43244 -0.741783 1.44641 0
1.03692 -1.42045 0.697582 0
2.34372 1.12432 0.280975 0
0.928555 1.74946 0.664357 0
1.48114 1.05066 0.193657 0
0.546878 1.02557 1.13642 0
0.432354 0.9932 0.680805 0
0.405629 1.37682 0.525132 0
0.600654 -0.330326 -0.600694 0
0.681648 0.318507 0.729623 2.06088604750358e-13
0.672531 1.13494 0.266434 2.11504028719989e-13
1.60936 1.17665 1.13553 2.62641090370138e-13
1.20416 1.31323 1.70923 4.08761245315554e-13
6.43704 0.573924 0.58049 6.90647601911795e-14
0.593206 -3.89589 0.530447 0
0.686847 -3.19208 -0.297779 0
0.360497 -5.29737 -1.42308 0
0.534925 -4.63949 -1.29602 0
0.868917 -4.83842 -1.55448 0
0.431758 -5.68001 -1.4226 0
0.764642 -1.89539 -0.817712 0
0.611885 -1.12707 -1.52414 0
0.509145 -2.07951 -1.12998 0
0.243505 -3.98699 -0.557423 0
1.2814 -3.34554 -1.24506 0
0.449109 -3.6116 -0.154164 0
0.645435 -3.697 -0.228844 0
1.00733 -4.22478 -1.39544 0
0.363555 -3.10673 2.37402 0
0.653712 -3.46023 2.051 0
2.23353 -1.30253 2.26571 2.9421907282896e-13
0.503829 -0.771689 -1.25186 2.34488478588439e-13
0.563051 -0.996943 -2.4207 1.70137569325048e-13
0.157281 -5.7471 2.06914 0
0.36518 -5.70963 -0.730918 0
0.842633 -2.90811 -2.6514 0
0.0952497 -2.52087 1.57511 0
0.343519 -7.53213 1.14241 0
0.645299 -7.958 2.73283 0
1.04272 -4.5382 3.00171 0
0.192042 -3.74322 -2.1312 0
0.122298 -5.42955 -2.18886 0
0.932464 -3.82152 -2.46807 0
1.78572 -2.35191 -1.80715 0
0.391014 -1.25794 -1.91616 0
1.95947 -1.82342 -2.02431 0
0.322874 -0.738045 0.193518 0
0.948526 -0.848418 -0.507558 0
0.383497 0.691278 0.75524 0
0.54694 -0.246644 -2.28541 0
0.0831814 1.41447 -2.12461 0
2.03928 1.75394 -0.114275 0
1.80009 1.56007 0.435579 0
0.655642 5.76222 0.0119715 0
0.168837 6.66309 2.43316 0
0.418595 6.51411 0.0461178 0
0.0577961 8.26722 0.828993 0
1.30012 4.80989 -1.9836 0
0.107409 3.72373 0.215983 0
1.70398 4.49738 -2.54711 0
0.0633015 5.19357 1.12341 0
0.918897 5.03904 2.80453 0
1.18849 4.65798 -2.54791 0
0.951367 5.61384 2.46356 0
1.21932 4.76447 1.50509 0
0.357639 4.28998 2.58214 0
2.12612 4.73058 1.51836 0
0.248059 4.05499 1.46016 0
1.2737 3.7607 2.32545 0
1.40894 3.79887 1.94373 0
0.173877 4.11594 0.879082 0
0.498308 1.98486 -1.97961 0
0.97286 1.93914 -1.67524 0
0.206282 2.08336 -0.21143 0
0.645217 1.83554 2.59803 0
0.597639 1.02631 -2.4729 0
0.38339 0.36085 -1.33345 0
0.929695 -0.812664 -0.987921 0
0.440281 -0.359605 -2.39957 1.52996772806014e-13
0.932708 1.43871 -0.757485 3.80596970865472e-13
0.306324 1.33276 -2.31333 4.77951142258554e-13
0.48992 3.83369 -1.48929 3.90538587721047e-13
0.530404 2.92026 -1.37969 3.97432551337834e-13
0.337704 3.39748 2.73449 3.94627991012638e-13
0.0360155 -5.69634 1.85983 0
2.34558 -4.91742 -0.306955 0
0.336423 -5.42308 -1.68497 0
1.42812 -5.90616 -0.187828 0
0.466795 -4.2331 1.20013 0
0.327549 -3.9568 2.29471 0
0.658135 -1.43251 -1.54955 0
0.44031 -0.0953526 -1.63641 0
0.148123 2.13066 0.595597 0
1.93753 2.79539 2.65807 0
0.140626 2.66906 -2.82258 0
0.225971 2.88797 -2.22638 0
0.298452 4.52052 0.261206 0
0.465332 4.19528 2.76554 0
0.467028 -1.43774 2.63934 0
0.468313 0.196 -1.05241 0
0.351868 -1.99343 -1.76424 0
0.277424 -2.82418 1.12833 0
0.263937 -0.975233 -3.04564 0
0.188016 -4.17717 -2.24603 0
0.595272 -3.14098 0.986274 0
0.0877095 1.62716 -1.23941 31.854866307643
0.281705 5.65718 -0.774817 0
0.839646 5.00369 -0.0220023 0
0.361505 -1.70968 -3.02776 0
0.536451 -1.34798 2.04698 0
0.690993 -1.52238 2.12832 2.74792498182086e-13
0.554594 -1.01943 2.69697 3.01497202973243e-13
0.307227 -4.30342 -2.82041 0
0.900748 -3.85454 -2.04698 0
0.369613 -3.03029 -2.15175 0
0.471741 -3.70617 -2.49908 0
0.309937 -2.5317 -0.151441 0
0.180991 -1.9907 2.31257 0
0.351087 1.54024 -0.0739201 0
0.763462 1.44883 -0.0443675 0
0.322557 -0.102831 0.114202 0
0.874116 0.57885 0.585885 0
0.983568 -0.351838 0.142429 0
0.15302 0.355138 -0.181757 0
1.3506 5.42075 -1.63508 0
0.194271 5.30131 -1.2701 0
0.86165 4.62662 -1.85835 0
0.208435 5.10904 -1.37982 0
0.467228 5.13495 -2.81422 3.87453458813471e-13
0.421896 5.4954 -2.2939 3.86483939872137e-13
0.2593 -5.41621 0.796168 0
0.303307 -5.29164 -1.15198 0
0.130288 -4.65314 -2.7022 0
0.288986 -4.02634 -1.09205 0
0.514647 -6.28041 1.52434 0
0.159095 -6.64438 2.76204 0
0.980236 0.678962 1.76002 0.531953170117868
0.671048 0.32367 1.40936 0.916582455197266
0.227541 0.792125 2.28656 110.924582464714
0.298978 1.98555 2.91423 30.3782846516754
9.32454 -1.28302 -3.11379 0.292063960602038
5.47623 -1.08643 -1.65763 0.0798244276900217
26.0714 -1.10769 -1.61188 0.0563134880856236
0.389428 -3.77393 -3.1189 0
0.58207 -2.76887 -1.81364 0
7.00566 -1.44013 -3.10166 0.0320628785575981
0.261571 -1.32664 -1.96484 0.00199159172285567
0.771555 -1.64316 -2.05362 0.0074029473103687
1.08816 -1.17489 -2.40989 0.0090899142170481
0.924582 -1.13005 -2.08617 0.112960683336938
0.947893 -1.39636 -2.50345 0.331606303673909
2.28405 -1.12328 -1.67763 0.170491741026939
15.6958 -1.46393 -3.09891 0.0937474430929362
15.1009 -1.43763 -3.11473 0.0507539725246911
3.64351 -1.2258 -1.99517 0.0178274030772757
1.30893 -1.45721 -1.94888 0.181989928209325
0.674507 -0.864448 -2.14746 0.388708451636421
