0.361567 8.14111 -1.82516 0
1.9968 7.41108 -1.23022 0
0.672841 5.5607 -2.09989 0
0.35398 5.58049 -0.595733 0
0.810168 4.61851 1.33195 0
0.200769 4.85963 -0.0307751 0
1.00148 1.99634 1.48979 0
0.339557 0.699415 1.08525 0
0.153455 0.369525 3.12762 0
0.652973 -1.57838 -1.59949 0
0.593967 -2.71815 2.42163 0
0.301074 -6.26884 -0.689609 0
0.35166 -5.64357 0.517923 0
0.508312 -7.8401 -0.555487 0
0.635015 -8.47231 -1.85302 0
0.815117 -8.31242 -2.42987 0
0.371279 -5.07773 1.92823 0
1.28327 0.870837 -0.220439 0
0.500347 2.67837 2.91709 0
0.851496 3.69614 0.469203 0
0.803818 6.13858 -1.3922 0
0.672726 6.07595 -3.10788 0
1.96142 7.00175 3.09919 0
0.0590725 6.04286 1.833 0
0.575883 6.94035 1.02374 0
0.820353 5.00377 0.15741 0
0.209143 6.15726 1.51851 0
0.0830277 6.52851 2.16525 0
0.902613 3.69128 0.296743 0
1.28449 2.89239 0.822293 0
0.3936 1.19033 1.59066 0
0.359783 0.669958 -2.08537 0
0.0427343 3.42226 -1.852 0
0.857807 -2.68286 -1.81171 0
0.530938 -3.26219 -0.182034 0
0.885159 -4.03545 0.60429 0
0.0906882 -5.87063 1.29565 0
1.46135 -5.46483 -0.0762791 0
0.547477 -4.8553 0.265783 0
0.610687 -5.6281 0.647903 0
0.52504 -5.66396 2.68318 0
0.815895 1.17061 0.180608 0
0.227352 0.972187 2.24611 0
0.665454 1.22773 -1.41724 0
0.293977 2.01945 2.29514 0
0.18939 2.23008 2.29535 0
0.727825 3.83527 2.60606 0
0.118358 6.82681 -2.53962 6.10960738511975e-07
0.274438 5.85067 -0.260696 6.05727977926466e-07
0.247421 -1.50391 2.95447 1.29358315667865e-07
0.130782 -1.96647 -2.94785 1.12038026681771e-07
0.537163 -2.49133 2.24594 0
0.218185 -1.87593 2.8687 0
0.381077 -8.11609 -1.44556 0
0.142429 -7.9583 -2.19949 0
0.457921 -1.05844 1.42872 0
0.103726 -2.72588 1.45352 0
0.0816417 0.616988 -2.43687 7.98774537541638
0.312677 0.812055 0.0324105 0
0.104376 1.63419 -1.00838 0
0.50817 4.89885 -1.63936 0
0.33432 4.74943 -2.2097 0
0.17541 1.66577 -1.13908 1.1137441234323e-07
0.132733 1.18847 -1.11503 2.21841082610572e-07
