0.553211 0.730357 1.41473 0
0.194984 -0.420998 2.25668 0
0.105307 -0.81912 -2.37483 0
0.567463 -6.94981 2.36725 0
0.126286 -2.86516 0.475197 0
0.675856 -5.7114 -2.26963 0
0.704335 -5.59509 1.24934 0
0.803309 -3.86345 1.78608 0
0.444563 -3.09322 1.88665 0
1.211 -3.49064 3.06704 0
0.691011 -3.19999 1.71499 0
1.08905 -3.39575 0.851167 0
0.56928 -4.51935 2.3651 0
1.10918 -3.93097 0.742523 0
0.538482 -3.02817 1.05991 0
1.00249 -1.97139 -1.8853 0
4.11629 -1.77567 -1.87893 0
0.898183 -0.0463611 -0.0242297 0
0.375831 -0.233743 0.191386 0
0.600628 0.0317759 -1.02666 0
0.53262 1.62547 1.93728 0
0.462928 4.44628 0.961382 0
0.602596 4.17025 -0.343307 0
0.445506 1.06116 0.0201183 0
1.10542 1.57774 -0.418987 0
0.587954 1.11744 -2.97307 0
0.361748 -1.38932 0.516619 0
0.370945 -4.86966 -0.309826 0
0.215551 -3.49654 -2.10863 0
0.554301 -3.8546 2.94723 0
0.319437 -5.20393 3.08086 0
0.550278 -5.95932 -2.02657 0
0.24294 -7.90994 -0.619245 0
0.46341 -3.76275 -1.10009 0
0.695067 -3.909 3.04252 0
1.02943 -2.37315 -1.3458 0
2.65887 -2.28277 -2.29654 0
4.34921 -2.36821 -2.1671 0
0.186248 0.370553 1.13939 0
0.234777 1.8438 3.10577 0
0.18227 0.929853 3.05067 0
2.01048 1.64349 2.88017 0
0.143682 1.12854 2.17704 0
0.298414 5.48868 -0.562216 0
1.29447 6.91711 -2.24387 0
0.31309 6.37631 2.01697 0
0.158087 9.08779 -2.50381 0
2.06399 6.41927 -1.75619 0
0.448535 6.00521 0.295236 0
0.559052 6.85501 1.53131 0
0.335604 -5.78258 1.80389 0
0.559573 -6.06809 1.11356 0
0.818902 -1.5431 2.44709 0
0.145668 -2.94259 0.806342 0
0.312488 -0.42011 -2.43697 0
0.288956 3.72033 1.77406 0
0.278067 5.53671 2.64759 0
0.671143 2.88282 -1.72944 0
0.37739 -3.60849 -0.295848 0
0.434666 -3.42112 2.8964 0
0.287695 -6.25633 0.457964 0
0.159194 -1.66206 -1.03457 0
0.650644 -0.986726 1.57085 0
2.8568 0.11704 0.0574635 0
0.514682 0.71715 1.01418 0
0.607424 0.849236 1.96756 0
0.695103 1.24533 2.32725 0
0.253951 -0.585622 -2.2794 0
0.797109 0.922022 1.76565 0
1.80771 -0.167522 -0.142577 0
1.57851 -1.41915 -2.01723 0
0.503376 -1.25966 -0.0909749 0
0.361603 0.98971 -0.0384608 0
0.042308 -5.9597 -1.68595 0
0.484376 -2.05053 -2.86954 0
0.405603 -7.71681 1.38591 0
0.40152 -7.10067 -2.78343 0
0.419604 -5.01621 -1.02956 0
0.37221 -3.44168 1.89556 0
0.914245 -3.57609 -3.09867 0
0.217647 -3.93216 -2.47043 0
0.593435 -4.57455 -0.253663 0
0.263261 -4.06377 1.86513 0
0.557152 -4.87679 0.0219405 0
0.899894 -5.01618 1.31997 0
1.22314 -3.64826 0.731094 0
0.292226 -4.23218 1.74012 0
0.440588 -3.25182 2.48368 0
0.242143 1.37672 -1.41528 0
0.66341 0.838021 0.815096 0
0.56916 2.41454 0.83715 0
0.612175 2.34266 -0.052192 0
0.454449 5.57933 -1.34727 0
0.80441 3.38633 0.276835 0
0.536559 2.89962 -1.10704 0
0.660452 2.19814 -0.123643 0
0.190479 -3.30964 -2.19375 0
0.58391 -5.81766 1.65934 0
0.0776029 -5.24345 2.64881 0
0.672054 -6.4267 2.77209 0
1.26627 0.389195 -1.78302 0
0.458221 0.364758 -0.910888 0
0.33933 1.34967 -1.50781 0
0.847316 2.2631 -3.11488 0
1.00417 4.24589 2.95795 0
0.464484 3.6247 -1.18486 0
0.562368 5.32055 -2.6318 0
0.39729 6.55087 -2.70767 0
0.240559 8.10687 2.8432 0
0.227265 6.21317 2.12406 0
0.0658744 7.68774 2.36124 0
0.386884 -4.34532 0.500458 0
0.4838 -3.88988 1.20344 0
0.241991 -2.86128 0.781401 0
0.447487 -0.900174 2.24035 0
0.399188 -0.621758 -0.998574 0
0.452612 1.6035 1.13693 0
0.273789 1.36876 -1.37093 0
0.341543 5.22192 -0.699734 0
0.218718 4.66115 1.92365 0
0.344913 1.51857 -3.05278 0
0.373058 1.79168 0.689468 0
0.614262 -5.13094 2.79046 0
0.129874 -2.85849 2.67919 0
1.99529 -6.4418 -0.0633296 0
0.654213 -5.89722 -0.140192 0
0.0224653 -7.45366 -1.78894 0
0.56008 -3.60758 -1.30343 0
0.114246 -4.44545 2.88362 0
0.326376 -1.51563 -0.0636867 0
0.195212 -2.51907 2.29344 0
0.608931 -1.76027 -0.848371 0
0.479015 -1.1344 0.0702809 0
0.864631 0.0663639 -0.348746 0
0.245827 1.02961 0.146199 0
0.852929 0.627537 2.07586 0
2.03949 0.724543 2.18885 0
1.31983 0.470423 1.78584 0
0.435389 1.06047 1.84014 0
2.24732 0.770811 2.19186 0
0.124917 1.62145 1.41565 0
3.26457 0.934323 2.40827 0
0.172074 0.395978 2.52991 0
1.51892 1.09341 2.50953 0
1.12502 0.627034 2.59446 0
0.312726 -0.542191 -0.633704 0
0.306371 -1.68219 -0.523091 0
0.185824 -2.03791 -1.82516 0
0.281314 -4.71906 3.01055 0
0.336508 -4.38907 1.03879 0
0.25356 -3.55676 0.437087 0
0.0378152 -5.83006 -0.834066 0
0.608498 0.912767 0.872867 5.46152760401192e-08
0.140878 0.749809 0.69917 1.51477266283328e-07
0.22034 3.20513 2.44225 0
0.0550343 5.01749 0.925083 0
0.465819 -0.198348 1.96295 0
0.491874 -0.368299 2.57226 0
0.070362 -6.99338 -0.753478 0
0.43102 -6.92691 -2.77769 0
0.152566 -7.83871 -0.821175 0
0.255246 -6.47264 -0.106133 0
0.152547 -4.79438 -1.14138 0
0.124519 -3.43685 1.46658 0
0.318888 2.92574 -2.67188 0
0.348227 3.79607 -2.45403 0
0.274451 -6.09756 1.43957 0
0.437593 -4.54991 -0.0802269 0
0.15787 -5.67551 2.60688 0
0.231356 -6.25195 0.60096 0
0.240046 -0.301395 0.66879 0
0.259777 -1.00151 1.22587 0
0.142141 -2.69554 0.516412 4.81123097430662e-06
0.0787982 -2.69893 0.51378 4.81492931516726e-06
0.101611 1.06888 -1.08169 144.195569520171
0.155093 2.86391 -0.912748 17.4159129436638
0.0071055 4.49014 2.73433 1.94101087159218e-05
0.0648375 3.89804 2.88749 4.96068666427583e-05
1.4017 0.463711 -0.414869 12.6603931148306
0.995451 0.125859 -0.354074 19.5621581292131
0.375942 -2.23441 0.316639 8.09505629925896
0.370436 -1.39061 -0.299662 18.1571868675188
0.828029 0.811442 2.91548 0.728803593132488
0.0412646 0.913633 2.9765 11.7677230587709
0.0887441 1.05692 -1.8394 0.393654129023534
0.755005 1.06854 -2.87735 0.0460705317397463
