0.405073 -4.33981 -1.49396 0
0.314508 -7.44971 2.46663 0
0.894085 1.98425 -2.65297 0
0.642479 0.297316 -2.96907 0
0.891189 -3.71419 -1.10062 0
0.627555 6.77703 0.906322 0
0.423242 5.52956 -1.90775 0
0.73129 4.70913 1.55218 0
0.701579 4.09469 2.13851 0
0.591307 2.82371 -0.827959 0
0.300956 -0.774471 2.66223 0
0.69595 -0.174311 0.608004 0
0.21276 -3.49298 -3.08 0
0.0988697 -4.88188 -1.33302 0
0.0859624 -5.01094 -0.131973 0
0.268469 6.79912 -2.51005 0
0.678979 5.21926 1.19415 0
0.0406521 4.31564 -0.0672518 0
0.294067 2.19971 0.40522 0
0.442002 1.01923 -0.696863 0
0.224513 -0.15261 2.91848 0
0.426529 -1.88862 2.90785 0
0.355847 -1.93556 -0.964113 0
2.94324 -2.17867 1.27339 0
0.755036 -4.58497 2.78624 0
0.274023 -5.05858 2.3226 0
1.06078 -4.10891 -2.39698 0
0.373254 -4.53863 1.96742 0
0.876185 1.85017 0.345458 0
0.467555 2.21625 2.94232 0
1.0214 2.91085 -1.10656 0
0.948351 3.31541 1.27246 0
0.617151 6.86119 -3.01736 0
0.467481 5.36081 -0.730953 0
1.68023 3.28292 -2.94617 7.43939302289159e-14
0.530044 3.87652 2.87571 4.57559507098529e-14
0.484068 2.54074 2.70291 1.52326653167048e-13
0.281183 3.17526 -1.28363 7.01527825317394e-14
3.25725 3.24307 -0.21934 6.47730201622949e-14
0.797262 3.09974 0.160905 7.79720933599437e-14
0.331876 1.91127 -1.29988 0
1.41715 1.80018 -2.84759 0
1.5762 2.05173 -3.05229 0
0.3235 0.781439 -2.76986 0
0.740363 2.02676 1.9897 0
0.486938 -5.0196 -1.85575 0
0.472104 -3.57198 -1.06765 0
0.508714 -3.4457 -0.0797987 0
0.165118 -0.5829 0.49558 0
0.613497 0.311227 -1.11296 0
0.949573 -0.425674 -0.117254 0
0.059365 -2.25424 2.70896 0
0.588061 5.17159 -2.77306 0
0.220779 -0.495413 -2.24572 0
0.121177 0.707074 -0.531504 0
0.456315 -1.10121 -1.99461 0
0.814573 -3.04443 -0.0145709 0
0.112423 -4.53752 -0.0403636 0
0.431293 -2.60425 -2.44729 0
0.804873 -3.43781 -0.567305 0
0.139027 -4.31289 2.65323 0
0.764009 -4.74819 0.595291 0
0.365271 -3.82957 0.946597 0
0.275534 -4.18334 2.88287 0
1.53078 -3.92334 1.34816 0
0.00883978 -5.78328 -2.01064 0
0.221987 5.87951 0.867499 0
0.381702 3.55769 -1.62744 0
0.407085 4.26333 1.17491 0
0.204265 3.2394 2.73861 0
0.086323 4.95671 -1.33697 0
0.414464 -1.0489 1.99565 0
0.546801 -0.0738989 1.50958 0
3.44538 -2.34434 0.857371 0
0.539819 -2.73734 1.01029 0
1.25698 -2.23367 1.52154 0
1.19308 -3.33972 -2.21236 0
1.51288 -4.09375 -2.74135 0
0.116505 -2.80059 -0.819575 0
0.809442 -6.16749 -1.15725 0
0.302579 8.93733 -0.70707 0
0.204978 -6.70343 -2.08144 0.012056371750949
0.484684 -4.44779 -2.87875 0.180443944219363
0.38289 2.34653 -2.93682 0
0.563309 1.83469 -2.78699 0
0.390971 -4.37801 -0.467056 0.101432948268214
0.401434 -2.93344 -0.11021 0
0.286098 -3.7179 -0.763617 0
0.398519 4.08932 -3.04699 0
0.088963 5.50741 2.99358 0
0.219991 -2.95393 2.89055 0
0.384073 -2.06488 -2.54842 0
0.503144 -5.29334 2.9824 0.209516440100831
0.111077 -5.4365 -0.249749 0
0.849614 -5.00803 -0.90532 0
0.201084 0.187089 -3.00319 1.24429312946909e-07
0.571863 0.510802 -2.33503 5.53055897503114e-08
0.190865 3.32 -2.57477 2.51225717180098e-06
0.699937 3.32248 -2.63271 1.31173722517867e-06
0.682065 -1.38564 0.79718 28.5655899227053
0.150653 -2.58616 0.855713 41.0286722654034
0.291015 -2.58383 1.96343 16.8729962286248
0.109191 -1.8415 0.0749562 92.9868746723073
1.31246 -4.03266 2.08222 0.0347229906438395
0.928107 -3.40146 1.50138 0.417395471793555
1.86836 -4.10005 2.18614 0.0803148683195546
0.675789 -6.14107 2.84756 0.0914078730011863
1.04754 -5.82173 -2.97923 0.0761199817612599
