0.293468 5.63512 -2.53845 0
0.131733 5.61288 -0.0106061 0
0.693425 0.942174 0.222109 0
1.64864 0.313013 -2.83688 0
0.539233 -0.372111 -1.98932 0
1.16643 -0.330463 -0.618234 0
0.952222 -0.0769963 -0.385824 0
0.541945 -0.775333 -0.792418 0
0.743713 0.0931963 2.27726 0
1.88707 1.26049 2.91061 0
3.12793 0.992937 2.7156 0
3.24618 1.01117 2.8257 0
0.766527 2.16699 -3.07685 0
1.13014 1.65853 -1.43728 0
0.669773 0.713803 2.06164 0
0.200437 1.07231 -0.23922 0
2.21992 -1.88817 -0.633979 0
0.408461 -2.41627 -1.35564 0
1.14827 -1.91927 -1.37544 0
2.14671 -1.66595 -1.16316 0
0.794798 -1.40737 -0.950698 0
1.45528 -1.72503 -1.57654 0
0.419584 1.43149 2.58248 0
2.27558 1.62507 2.51291 0
1.03123 1.33625 -2.09605 0
0.676371 2.21698 -2.16551 0
0.65534 1.39807 -1.31614 0
0.487431 1.57058 -2.49096 0
0.599951 1.51335 -0.825884 0
1.10534 1.91789 -1.99164 0
0.746503 1.23522 1.466 0
2.51713 1.61577 2.24843 0
0.842703 0.797053 1.88235 0
0.499386 0.66014 0.349918 0
1.22449 2.17592 -0.583225 0
0.263348 -0.656187 -2.0737 0
0.381676 0.818052 2.97212 0
0.631495 2.52146 1.56259 0
0.701257 2.01854 -1.81608 0
0.414685 0.699379 -2.32056 0
1.22733 1.50928 -0.441056 0
0.958747 -0.77744 -0.0642016 0
0.0624483 2.50138 -1.19572 0
1.36604 0.13497 1.7509 0
0.144124 -2.90622 1.47993 0
0.282949 -3.93354 0.467617 0
0.539798 -4.61302 -0.399866 0
0.421023 -4.56822 1.29794 0
0.919892 -3.15745 0.211128 0
0.452838 3.37143 -0.210459 0
0.724908 2.45113 -0.49449 0
0.300115 3.2051 -0.422724 0
0.170031 -0.187589 1.63141 0
0.299144 -0.680165 -0.18233 0
0.895452 0.0494243 -0.0847013 0
2.1154 -0.885341 -1.48391 0
1.36449 -0.559377 -2.21444 0
0.366765 0.315758 1.63057 0
0.577824 2.12481 -2.65921 0
0.771133 1.53455 -1.65445 0
2.02612 3.06026 2.9766 0
0.502779 3.50419 2.66148 0
1.35681 2.37511 2.95253 0
0.354457 3.78184 2.41371 0
0.496437 2.18813 0.789752 0
2.56244 3.37971 0.246915 0
0.099947 3.18021 2.3903 0
0.257325 5.52276 -1.40444 0
0.575299 4.59221 -0.851263 0
1.7171 4.6717 -2.14636 0
1.18085 7.01589 -0.538475 0
0.128186 4.06954 3.01064 0
0.770231 2.01166 1.80673 0
0.296207 2.62797 2.66981 0
0.314345 4.32916 -2.05158 0
0.636509 3.38622 -0.400009 0
0.373748 -3.11228 1.90492 0
0.354842 -2.67692 -0.0949956 0
0.196685 -8.46737 0.606169 0
0.404793 5.80452 1.0504 0
0.727385 3.50389 1.11837 0
1.00771 1.69871 0.97698 0
0.585263 2.78115 1.43945 0
0.890632 2.44077 2.32398 0
0.331063 1.55459 -1.68765 0
0.349922 7.63134 2.57799 0
0.0716915 6.534 -0.943792 0
0.239381 1.63857 -3.03505 0
2.11901 -1.36029 2.39956 0
0.576913 -1.45612 1.71716 0
0.17644 -4.09652 0.971259 0
0.208891 -3.08146 -1.50966 0
1.93084 -1.66218 -0.869344 0
2.22811 1.07777 2.45459 0
1.04971 0.744869 2.54156 0
1.01733 1.78389 -2.18027 0
0.318307 1.85656 0.0736118 0
0.298342 1.94415 -0.789528 0
0.40378 3.42459 0.831295 0
0.230754 -0.451323 -0.117543 0
0.0980014 3.84337 3.10136 0
0.786663 1.64575 1.59231 0
0.182854 1.91068 -2.56496 0
0.375704 1.78698 -2.74077 0
0.342067 0.227762 -0.30046 0
0.456538 -0.374217 -0.250186 0
0.295756 0.573108 2.47767 0
0.848084 -0.434883 1.46233 0
0.284046 -3.04327 0.41654 0
0.184844 -3.61632 -2.81431 0
0.523265 -3.36651 1.61156 0
0.262576 -2.82061 0.338557 0
1.00952 -4.0668 0.8844 0
0.260771 -6.88009 -2.94803 0
0.259182 -4.58834 -2.11252 0
0.496037 -4.85703 -2.1573 0
0.242416 -5.57309 -1.27212 0
0.430331 5.13545 -2.10848 0
0.189969 3.57806 -2.7479 0
0.399726 -1.34586 -2.58929 0
0.444817 -2.72084 -3.00522 0
1.41791 -1.0976 0.695249 0
1.37181 -1.29215 0.803998 0
0.990551 -1.50347 -0.171922 0
0.821494 -1.31187 -0.0756035 0
1.03376 -0.889873 -1.42638 0
0.149302 -0.455109 2.76254 0
0.869144 -1.40219 -2.00747 0
1.38002 -1.12905 -1.29106 0
1.81537 -0.97512 -1.97837 0
0.857574 -0.642942 -2.98922 0
0.949386 -0.697019 -1.51727 0
2.64227 2.94811 0.397939 0
0.0508421 4.5915 -0.386074 0
1.01991 3.76093 0.29955 0
0.125184 2.92993 0.790409 0
0.732762 4.37578 -1.35113 0
0.503514 0.0435823 2.79341 0
0.199115 -0.745316 -1.2495 0
0.477727 -2.36026 -0.610055 0
0.477616 -3.32619 -1.48129 0
0.0917449 -6.22737 -0.752052 0
0.344724 -7.82995 2.66821 0
0.225431 4.14081 -0.966174 0
0.303131 3.46864 0.144476 0
0.213616 0.0194469 0.11251 1.38074479352112e-07
0.641638 -0.451639 -0.580976 4.90003341183495e-08
0.673363 1.04893 3.09404 0
0.0820758 0.932312 -2.38098 0
0.298937 -5.73624 -2.78792 0
0.125184 -6.65274 0.873719 0
0.489347 -1.17391 -0.703528 0
0.16907 -1.8622 -2.77658 0
0.324367 1.92149 -1.94223 0
0.338316 2.74595 -1.53867 0
0.301747 3.44116 0.631487 0
0.246705 2.21416 1.53576 0
0.158532 2.75514 0.25486 0
0.202713 2.208 0.606929 0
0.789069 -2.16142 1.77596 2.22192473988884
0.269126 -1.79005 1.43165 9.32161899707123
0.100753 2.02931 -1.51141 0
0.125024 3.75307 -1.66842 0
0.289862 7.26711 -3.1377 0
0.236398 6.86571 2.82236 0
0.210488 2.64394 -2.12223 0
0.255208 2.24864 -1.8221 0
0.219385 2.15859 -2.82972 5.96681201403094e-08
0.263466 1.85806 -2.61455 1.58287597363454e-07
0.159403 1.61186 -1.81784 4.69319131552781e-08
0.0884549 1.35564 3.13781 2.06820260153551e-08
0.578974 -3.68511 2.96862 0
0.246722 -3.24989 -2.32392 0
0.150264 2.31282 2.08602 0
0.162994 1.95622 -1.78789 0
0.309781 -0.099352 -0.907171 1.93373142381472e-07
0.218725 -0.939728 -0.625887 2.88980841773317e-07
0.251124 1.82289 2.64062 0
0.230578 2.65121 2.69615 0
1.24226 2.59345 3.04682 0
0.245973 3.08334 2.34135 0
0.273563 4.10301 0.0105222 0
0.0794504 6.06239 -2.53883 0
0.527403 3.84088 -0.492822 0
0.082388 4.8027 -2.06055 0
0.00141968 -5.34213 -0.925697 4.27436973228314e-06
0.0695799 -5.27542 -1.08727 6.62592889241564e-06
0.803069 2.92534 -0.0398731 0
2.20786 2.67528 0.406466 0
0.507455 2.74356 -2.70213 0
0.438183 3.20599 1.97747 0
0.269567 -1.86775 0.164464 3.80636513300816
0.0906907 -0.270477 0.120221 36.0999433547877
