0.977252 -5.73353 0.442519 0
0.157106 -7.70146 1.05312 0
0.864393 5.88689 2.77048 0
0.30324 5.6889 -0.785517 0
1.39588 1.70316 -0.226022 5.28828351640721e-14
1.43233 1.41361 0.4411 6.99968751618502e-14
0.310194 -1.15034 -2.32149 9.27542145553728e-14
0.893026 0.303785 -3.13937 1.72790040865406e-13
0.699967 3.51143 0.712742 0
0.194666 5.06797 -2.04404 0
2.90523 3.0181 3.06268 0
0.754119 4.97504 1.1426 0
0.787885 6.08156 -2.12692 0
0.165164 4.92391 -2.59324 0
1.8932 6.53486 -1.31133 0
0.626867 5.13642 -2.31971 0
0.643892 4.89987 0.777653 0
0.89372 4.03886 0.0900366 0
0.723736 5.18178 -1.38018 0
0.376679 0.249676 1.20274 0
0.680339 -1.1354 -2.67913 0
0.408414 -0.308114 -2.31843 0
0.232418 -1.77642 -2.03247 0
0.602377 6.83927 0.18672 0
0.328289 -0.70389 -3.09569 0
0.468398 2.71432 -0.0531598 0
0.557974 1.80694 -0.169015 0
0.183646 3.06082 2.28208 0
0.363392 -7.3075 -2.7148 0
0.744131 -3.81776 -1.67107 0
0.607224 -8.71737 -1.3634 0
0.755376 -1.39652 -1.73221 0
0.696382 -3.37377 -2.24482 0
0.524581 -1.564 -2.39391 0
1.22386 -1.46087 -1.88283 0
0.465617 -2.50802 2.09449 0
0.433563 -0.209344 -0.00745457 0
0.495067 0.928283 1.76514 0
0.472833 1.48325 0.801943 0
1.14277 1.2924 0.410082 0
0.498338 1.18582 0.201953 0
0.709101 1.21106 -0.433068 0
1.40523 0.960726 1.31736 0
0.387685 1.61118 -1.58221 0
0.220825 4.71288 -1.82526 0
0.669739 5.07074 1.58977 0
0.428984 4.35571 -2.83621 0
0.0634124 2.92399 0.157902 0
0.693757 4.32003 -2.83633 0
0.271005 4.72044 2.68503 0
0.502757 1.41064 2.76258 0
0.548848 1.53108 2.91118 0
0.64763 2.39747 0.790401 0
2.70679 2.8524 1.68625 0
0.943405 3.49801 1.9242 0
0.956518 1.95433 -2.0538 0
1.7438 1.85296 -0.804866 0
0.659779 2.00399 3.08656 0
0.272278 1.24624 -1.33211 0
0.46504 -0.806114 2.93209 0
0.316064 -1.19516 -1.34792 0
0.387784 -1.88921 0.113745 0
0.293229 -3.28089 -0.654635 0
0.345034 -5.22803 2.30369 0
0.288797 7.05529 0.325161 0
0.687985 6.76386 0.420056 0
0.539279 6.51359 1.15175 0
0.355872 2.16232 1.99998 0
0.740119 3.29659 1.57754 0
1.44692 1.93251 -0.119569 3.97630521325629e-14
0.478768 0.221793 -3.05234 1.75506572258703e-13
0.264722 3.81249 0.966678 0
0.11746 2.69497 2.1198 0
0.112808 7.23733 -0.156045 0
0.27942 6.86497 -0.0602383 0
0.72217 4.0328 -0.490758 0
1.20393 4.15072 0.530455 0
0.810261 2.12773 2.79625 0
0.2032 2.09022 -0.0741584 0
1.14465 -0.602189 -1.82827 0
1.25888 -0.852098 -2.4132 0
0.569975 0.521837 0.0798227 0
0.570868 -4.26512 -0.607329 0
0.44512 -6.55005 -0.320925 0
0.513099 -5.96514 2.74684 0
0.278906 -5.65599 -0.197289 0
0.342602 -4.49469 1.27622 0
0.529498 -3.80675 -2.2684 0
0.381557 -2.86836 -2.92887 0
0.478611 -3.60262 -1.61499 0
0.931428 -2.40995 -2.75982 0
0.248601 -1.38451 2.80419 0
0.402435 -1.68186 2.16631 0
0.0893944 0.666612 1.10886 0
0.459203 -0.623489 -2.25248 0
0.885829 0.834105 -0.754722 0
0.545018 1.02382 1.1438 0
0.26034 2.33095 0.778329 0
1.30923 1.5339 1.23483 0
0.448001 3.66621 -2.90501 0
0.359347 3.93684 -2.79731 0
0.210013 3.14666 -2.46543 0
0.260178 0.889806 -1.8188 0
0.110211 -0.623742 2.39101 0
0.393128 -4.71536 -3.08454 0
1.18294 -5.4514 1.20649 0
0.410056 5.29113 0.798473 0
0.700376 5.44935 0.966746 0
0.239082 5.16015 1.97284 0
1.18224 2.62556 0.927509 0
0.73013 2.14531 1.65006 0
1.04677 2.50046 1.75433 0
0.381851 2.09384 1.15673 0
1.26913 2.82421 2.95507 0
1.555 3.02476 2.95146 0
1.48424 2.10064 -2.8473 0
0.547127 2.19116 -2.57342 0
0.556913 3.5273 -2.99596 0
0.4139 1.61812 -1.88162 0
0.677936 1.95984 -2.88689 0
0.266098 1.23268 -1.52791 0
0.852031 1.68715 -2.13714 0
1.66574 1.21757 -2.05812 0
0.454317 0.826988 -2.77359 0
1.3007 0.655512 -1.88487 0
0.563189 0.703579 -1.25438 0
0.805563 -0.0980729 -2.39574 0
0.193984 1.38331 -2.54661 0
0.186944 -0.940516 2.12766 0
0.388608 -0.111887 -2.66009 0
0.331707 -1.61861 1.06367 0
0.453667 -1.40634 -0.827813 0
0.54931 -2.39315 -0.834334 0
0.427746 -3.35945 1.6426 0
0.198428 8.53662 -1.68444 0
0.261162 8.01755 1.8369 0
0.520997 5.80905 -1.66854 0
0.998742 6.01064 -2.12717 0
0.297765 4.55405 -1.43294 0
1.40458 3.96375 -1.23408 0
0.238044 -0.835986 -0.120901 0
0.110442 -0.688439 -2.7073 0
0.36207 -4.83004 -0.861342 0
0.750819 -4.9049 -1.16096 0
0.064842 1.62982 -2.74132 2.29330747073372e-07
0.0777379 2.8157 -2.52887 4.61243221095915e-08
0.137872 -4.55891 -2.08014 0
0.749016 -4.61797 -1.14233 0
0.145994 -7.44433 1.6818 8.00149183546674e-08
0.0666463 -6.97519 1.54386 1.20415691682958e-07
0.35635 -5.61061 -0.0889689 0
0.350285 -5.89235 1.12899 0
0.367455 -1.3101 -1.72212 0
0.669509 -1.53646 -2.20923 0
0.246461 -2.79422 -2.37012 0
0.360277 -2.95936 -2.60954 0
0.162307 2.74666 -1.58479 0.869985775874181
0.449256 1.63525 -0.21908 0
0.188274 1.20593 -1.22918 0
0.876963 1.63002 -1.25242 23.4916349886964
0.525076 1.4526 -1.40677 35.4650221356717
0.310583 1.47635 1.43212 0
0.0876708 1.90516 1.84967 0
0.136624 2.76391 2.69867 0
0.129815 3.02675 -0.716215 0
0.10432 3.76116 -2.47234 4.0589526175183e-06
0.557459 3.76035 -2.47056 3.96177276912251e-06
0.199429 -0.0957078 -0.679634 9.36257577999432e-08
0.154697 -0.525773 -1.7351 1.15492270807037e-07
0.179867 1.98001 2.64248 0
0.299174 2.45205 -0.321888 0
1.27201 2.38829 1.1451 0
0.218002 2.80232 1.1134 0
0.157553 -7.28867 -0.791206 0
0.858087 -6.02021 0.831549 0
0.607656 -1.97268 2.33332 13.9146515673258
0.262564 -1.55436 -3.1001 47.8867541929363
0.5524 -1.29426 0.541744 5.00024842419626
0.169841 -0.544317 -0.223003 27.6932872756486
0.528061 -2.8661 -1.7474 8.42848510466479
0.364425 -2.25267 -2.38203 22.3865605092159
0.421848 -2.89129 2.70252 24.0188842561199
0.469558 -3.16825 -2.67548 16.4076535553318
0.269165 1.65924 2.54221 19.4926784229938
0.234534 1.98989 0.683184 16.379257449061
0.30028 -3.3991 -1.27917 3.07913892982816
0.0806482 -2.88404 0.970656 19.1658073215385
0.259902 -1.05929 -1.83157 0
0.488797 -1.64057 0.870212 0
