2.29381 -1.48947 3.03821 3.09043419375025e-13
3.46646 -4.08995 1.29243 1.59508302088945e-14
0.259489 -8.61466 0.302559 0
0.341565 -8.38339 -1.50667 0
0.180688 -3.66626 2.21156 0
0.927955 -2.08309 -2.04923 0
0.711362 0.549841 0.0127543 0
0.578347 0.318796 -0.0609714 0
1.25506 0.934316 1.46116 0
0.255356 -0.829604 1.382 0
1.09982 -1.40821 -0.955582 0
0.162686 -1.65905 1.70626 0
0.392189 -1.62768 -2.94205 0
1.11306 -1.88193 2.07168 0
0.234955 -3.97009 -1.62622 0
0.731998 -3.27541 -0.954613 0
0.369915 1.08386 1.20283 0
0.986947 -1.53942 -2.24573 0
0.278007 -2.427 1.46197 0
0.857443 -5.54268 -2.79846 0
0.547109 7.18359 -0.862716 0
1.0561 5.46655 -0.490482 0
0.650758 5.09149 0.18536 0
0.413464 4.561 1.66829 0
2.54128 3.92994 -2.60036 0
1.33606 3.58437 2.85383 0
0.726985 3.05919 -2.49405 0
0.666888 3.7614 0.0512509 0
1.22684 3.13453 -1.33634 0
0.620574 2.96674 0.232725 0
0.959198 2.41912 0.943879 0
0.225185 2.96232 0.323612 0
0.26231 0.508864 2.02321 0
0.550887 6.95867 -2.62637 0
0.139604 6.03751 0.251971 0
0.633116 5.09012 -2.07484 0
0.886025 -1.28073 -2.18395 0
0.340583 -5.27321 2.62504 0
0.410595 6.05026 -1.80949 0
0.625269 6.74661 -0.0634356 0
0.0991929 1.109 0.126363 0
0.0896515 -8.87725 0.622305 0
0.16644 -1.43567 1.7202 0
0.759886 -2.15728 -2.03434 0
0.179872 0.271737 2.86727 0
0.362188 0.0344001 -1.48315 0
0.325324 -2.06829 -2.17022 0
0.488818 -0.700557 -2.01724 0
0.111687 -1.53652 -2.41609 0
0.932898 -0.566836 0.866558 0
0.125081 -1.43604 2.70311 0
0.033922 -4.03125 -0.91139 0
0.480865 -0.724287 2.43889 0
0.0541969 -2.42448 -0.738687 0
0.792923 -3.05374 0.16005 0
0.633159 -3.12509 -1.31191 0
0.335291 -2.90489 0.251576 0
0.837863 -3.38627 -1.02569 0
0.255628 -0.567182 -2.3459 0
0.538781 -1.12226 0.346928 0
0.180295 -3.57692 -1.5726 0
0.385389 5.36041 2.03362 0
0.395776 5.75792 -0.541717 0
0.703954 5.04535 -3.07423 0
0.121614 4.23419 -0.270372 0
0.529225 2.74777 -3.01765 0
0.86 3.69589 -3.06426 0
1.62042 3.53085 -2.84463 0
0.0742833 2.6991 -1.05502 0
0.390784 3.81086 -3.1203 0
0.371164 3.39354 -1.56102 0
1.92804 3.60234 -0.341862 0
0.396293 2.82419 -0.190163 0
0.532212 2.14817 0.882906 0
0.127553 -7.25887 1.24373 0
0.46068 8.29802 0.160774 0
0.306396 7.21015 1.15577 0
0.185798 5.33097 -1.9424 0
0.210132 7.18759 2.59588 0
0.22022 4.79423 -0.183974 0
0.377587 5.61951 1.87094 0
0.377897 5.44084 -1.1531 0
0.265536 0.708198 -2.75292 0
0.510583 -2.26834 -2.90307 0
0.278527 -1.56038 -2.9312 0
0.440923 0.804084 -2.40499 0
0.131009 1.40283 -0.677892 0
0.525138 0.898463 0.412405 0
0.320209 0.687834 0.98714 0
0.849604 -2.71908 2.3204 0
0.272741 -2.53496 2.11499 0
0.104661 1.73341 2.20013 0
0.238171 1.0735 -0.945071 0
0.492072 3.00357 0.698847 0
0.593447 3.9443 0.738065 0
0.0489432 4.67296 -0.217709 2.59986742185911e-07
0.499497 4.02958 -0.625784 4.58325964602379e-08
0.451677 -5.441 2.67794 1.32815847823264e-08
0.100263 -5.75368 2.80305 3.26803912768394e-09
0.272676 -5.57275 -1.65906 0
0.279668 -5.75557 -3.04525 0
0.47053 -3.27893 0.863419 0
0.313921 -2.7219 -0.14552 0
0.034375 1.72807 -2.56981 10.4834327075548
0.691269 0.59296 2.01971 1.28510895831094
0.335223 -0.371951 -0.975879 1.47958285836307
0.0465285 2.14111 -1.32418 2.6427311495305
0.866908 -1.33801 -0.152776 6.78692558043103
0.596924 -0.881104 -0.461181 14.2376087637159
0.274675 -0.997527 2.93467 0.0542641509899541
0.10641 0.0490738 0.374337 0.21516033268883
0.624171 3.2954 1.40801 0
0.417991 2.55349 -0.202428 0
