1.1111 0.16952 2.99777 0
0.110529 -0.68362 0.282957 0
1.025 -0.94392 2.16453 0
0.287937 3.90563 2.10259 0
1.38001 -1.30081 -0.268851 0
0.222271 -4.70061 2.09161 0
1.67456 -3.33105 0.174164 0
0.25909 -2.57906 0.124158 0
0.470521 -5.55668 3.13703 0
0.562335 -4.14677 -1.74195 0
0.830709 -3.62182 0.111465 0
0.797275 -1.41836 1.02004 0
0.675086 -1.24695 0.253238 0
0.592581 4.51531 -0.317705 0
0.312161 3.64711 2.45332 0
0.372575 3.57964 1.96598 0
0.413696 3.9059 -0.687065 0
0.417117 4.61061 2.02167 0
1.21414 5.1185 0.478927 0
1.86528 5.08975 0.431547 0
1.05615 1.29672 2.03712 0
0.383927 1.75181 0.771579 0
0.436663 -1.38217 -2.98275 0
0.340704 6.81623 -0.316272 0
0.570708 4.99673 -2.75816 0
0.171896 -2.86762 1.85383 0
0.238835 -0.175526 0.555523 0
0.320624 0.325954 0.00909825 0
0.251269 5.34005 -0.0916468 0
0.219694 4.45745 1.52042 0
0.756405 -2.91484 -2.54901 0
0.435503 -3.36472 -2.42052 0
0.23638 -3.23353 -2.93779 0
0.888817 -5.27475 2.02362 0
0.0888802 -3.39744 -0.405438 0
1.59799 -4.39271 2.76813 0
0.278603 -5.28957 -2.10528 0
0.438985 -1.84715 2.37049 0
0.454746 -5.68943 1.3237 0
0.167932 -5.357 2.57039 0
0.469732 -6.32143 -0.61681 0
0.226267 -0.0269327 -0.917578 0
0.394813 2.11943 -0.855643 0
0.497812 6.89602 -2.67376 0
0.26924 7.76919 -0.220475 0
0.307755 7.24576 0.144827 0
0.426751 5.24747 -0.803599 0
0.187885 3.12916 -0.52737 0
0.847262 -3.52069 2.96524 0
0.363753 -4.76016 0.768174 0
0.368376 -4.66548 -0.177332 0
0.0653343 -5.47324 -3.06346 0
0.299642 -7.12098 0.752507 0
0.299339 -7.93091 -1.87811 0
0.066637 3.59967 -0.511165 0
0.211285 -4.03019 2.71581 0
0.575762 -4.51107 -0.0185717 0
0.205924 -5.53954 -1.21038 0
0.457485 -2.47786 -1.97409 0
0.385622 -3.42571 0.0800836 0
1.33784 -2.75662 -1.28547 0
0.168516 -2.29444 0.187629 0
0.0176219 -3.8298 -0.498079 0
0.794695 -2.75406 0.0463492 0
0.270263 -3.32103 -0.848355 0
1.02492 -3.25628 1.00316 0
0.869183 -2.64587 1.48294 0
0.901104 4.79898 2.94057 0
0.277764 5.17635 -0.487382 0
0.382138 3.69155 -1.61226 0
0.143651 1.92321 -2.7065 0
0.330723 -0.524162 1.07418 0
0.848237 5.15355 2.31473 0
0.226089 7.85898 -1.60359 0
0.533845 9.32621 2.97319 0
0.391688 6.97371 -1.09324 0
1.19082 -3.54972 -0.811859 0
0.53082 -1.3529 -0.772655 0
0.170389 -2.76724 -2.75364 0
0.299627 2.53462 -2.46167 0
0.343087 2.68641 0.686329 0
0.0569998 5.87046 0.399087 0
0.461546 5.97937 2.43445 0
0.510213 1.72349 -1.06596 0
0.333369 4.61567 -2.74426 0
0.344333 6.4422 0.67774 0
0.80821 3.6215 -1.43984 0
0.363169 3.49141 0.0901889 0
1.00321 -0.610212 2.60966 0
0.78263 -0.123401 -2.50268 0
0.134388 -0.615965 2.22085 0
0.85513 -1.61349 -2.47087 0
0.561769 -0.792454 -1.49916 0
0.210955 -8.01103 -0.818111 0
0.195577 -5.74717 -1.41949 0
0.530153 -5.68167 0.758652 0
0.440503 -3.87762 0.143502 0
0.148341 -2.52974 -1.14179 0
0.07161 -3.9758 -0.796851 0
0.516873 -2.88331 2.40952 0
0.516839 -3.10414 -2.41604 0
0.1095 -1.736 1.74355 0
0.610479 -3.16903 1.93795 0
1.72708 -1.38833 2.20865 0
1.28476 -1.58918 2.21529 0
0.8494 -1.08759 2.27484 0
0.308672 -7.21708 0.549772 0
0.173047 -6.22913 3.05466 0
0.26781 2.3092 -3.11429 0
0.467758 0.837443 0.852461 0
0.320456 1.61592 -2.04747 0
0.141955 4.03058 -1.88858 0
0.224053 6.05337 -1.36858 0
0.685469 7.28466 2.07009 0
0.74205 3.19331 1.50185 0
0.215065 -1.42213 0.315369 0
0.0769756 1.79382 2.26681 0
0.307105 -1.07079 -2.46648 0
0.15404 -3.75553 -1.4191 0
0.263072 -8.08583 2.98751 0
1.44168 -2.12815 -0.711048 0
0.632271 -1.76952 -0.377338 0
0.172091 -3.23501 -0.668126 0
0.879473 -2.24822 -0.681595 0
0.0590292 -1.7724 0.0879748 22.7946718765158
0.340929 -2.3547 0.387835 1.88728349090947
0.67 -2.54261 2.15478 0
0.112127 -2.87359 0.230655 0
0.748252 -1.72284 1.20208 0.0370738219362049
0.296732 -3.2356 -1.54477 0
0.378289 -2.73321 -2.62731 0
0.111217 -3.86635 -2.74886 0
0.558457 -3.13405 -2.37335 0
0.887439 -3.63108 -1.33881 0
0.763222 -3.47943 -1.58482 0
0.694389 -1.22096 1.91964 1.33960782259039e-07
0.340375 -1.29928 2.21392 9.21157780218916e-08
0.504496 -0.478271 1.85689 3.33050144318714e-09
0.146884 -0.483113 1.85964 3.26208332424879e-09
0.0928149 -5.72235 -0.100099 0
0.0845155 -6.06886 -2.18996 0
0.493593 -2.93047 -2.2047 0
0.759785 -2.88624 -2.85086 0
0.151838 -2.94347 -1.30775 25.4323254381986
0.344089 -1.93325 0.326318 30.1725873308229
0.279869 2.44844 -3.05437 26.8849110534168
0.222783 2.77694 -1.1737 24.3281682850319
0.209956 -1.57636 2.53908 10.4294087647115
0.198255 -2.53842 0.603236 4.36983672324915
0.234777 1.70749 -2.90818 87.2817140141371
0.299285 2.73723 -1.99428 25.1948632549623
0.152523 -2.56348 1.10389 7.30838717495089
0.472651 -1.66893 2.4117 5.58253969231255
0.155081 -0.852649 -2.4816 0.127545220390816
0.494661 -0.152298 -0.288508 0.0982813104879765
0.00688211 1.04638 -0.698679 2.72838989318612e-05
0.110032 0.914639 -0.911405 1.07434232019404e-05
1.24276 -2.76564 -0.292729 0.100808770336312
0.479624 -2.01188 -0.301 6.09813048544302e-06
0.0554214 -2.26961 -0.612752 3.91170427619707e-05
0.418057 -1.9462 -3.11886 0.0817656727097329
0.127515 -4.21299 0.514377 0
0.45564 -2.78907 -2.2086 0
0.381334 -0.174819 -2.10335 1.17367224109034
0.0702466 -2.07474 -0.744882 0.606854704495434
1.40281 -0.481308 -2.76154 0.16238513284761
0.231383 0.402731 -0.470201 0.0625200431213818
0.545875 0.54364 -1.36129 0.0258316164336507
3.34509 -2.52378 -0.322889 0.0710598104268159
1.55241 -2.00971 -0.73781 0.171728393681792
1.23561 -2.10543 -0.661562 0.122364876719813
1.38996 -0.664278 -2.82559 3.04359982599073
0.293017 -0.84103 -2.48565 12.7469125989396
1.46198 -2.6334 -0.646407 0.0767307102482548
0.854318 -0.771815 -2.39576 21.4743680156703
0.707121 -0.283298 -2.57429 33.1950888686573
