0.889817 -4.84056 0.264968 0
0.506904 -3.94009 1.49724 0
4.77552 -3.98151 1.57477 0
0.601222 -1.14736 -0.679057 0
1.67436 -0.16573 -1.09982 0
0.334246 0.420621 2.91694 0
0.756709 -0.64141 -1.05449 0
0.617127 -1.33834 -2.34695 0
0.360357 -1.9072 -2.10168 0
0.736459 -0.53713 -2.90282 0
0.391055 -0.810693 0.610308 0
0.765297 1.31548 2.37036 0
2.01243 0.897283 2.41584 0
1.19134 1.97421 0.39374 0
0.60775 1.88325 -2.13427 0
1.68036 -4.2273 2.79245 0
0.206793 -3.11443 1.42967 0
1.15723 -2.25664 1.05399 0
0.342595 -3.20849 1.67471 0
0.609207 -4.31447 -0.583134 0
3.08487 0.0323855 2.45228 0
2.54046 0.300069 2.45566 0
0.353733 0.594865 0.0870104 0
0.249416 6.48517 1.39913 0
0.763862 6.59177 1.40342 0
0.235331 8.23493 -1.25332 0
1.76598 6.10318 -1.70426 0
0.521953 6.31115 -0.298131 0
1.14484 6.51477 -1.43681 0
0.234066 5.18756 -1.41513 0
1.01863 4.95208 2.08882 0
0.453266 4.28531 1.48234 0
1.6122 2.23505 1.08967 0
0.169767 3.3962 -1.81443 0
0.346382 -0.176601 1.08653 0
0.367703 -5.04916 2.36595 0
0.266388 -5.31658 1.47056 0
0.141216 -4.72157 -2.58193 0
2.3611 -4.90253 -1.53116 0
0.808942 -5.75 -1.0299 0
0.213447 4.60867 -0.308157 0
1.1861 4.40244 -1.49122 0
0.503367 3.50718 -2.86859 0
0.386498 4.22974 -2.92216 0
1.04664 -3.57576 -1.59494 0
0.501197 -5.09189 -1.03611 0
0.335847 4.84813 -3.10585 0
0.151194 3.65256 1.44112 0
0.788762 -4.20521 -2.90764 0
0.436328 -4.27687 0.871088 0
0.500317 -8.43473 2.60092 0
0.126047 -6.55704 -2.74072 0
1.18902 -2.88676 1.76386 0
1.15212 -2.71961 -1.40842 0
0.204784 -0.266746 1.57292 0
0.367789 1.51645 -2.15392 0
0.370408 0.968444 -1.95769 0
0.750336 -1.12718 -0.32164 0
0.291934 4.43073 -2.60802 0
0.0535916 2.36632 -2.8131 0
0.822789 -1.8573 -0.915797 0
3.78756 -2.29139 -1.23057 0
0.667972 -1.34196 0.549476 0
0.200814 -2.4698 2.1962 0
1.61408 0.100347 2.15679 0
1.57106 2.19354 -0.161387 0
0.582213 2.66103 -0.187727 0
0.562274 4.2394 -1.26197 0
1.67012 3.46003 -1.61448 0
0.172181 -4.77357 2.65305 0
0.495206 -2.88141 -2.05886 0
0.26725 -7.3225 0.469167 0
1.98933 -4.16109 2.11859 0
0.715667 -4.50507 1.97216 0
0.291186 -3.57092 2.90449 0
2.74725 -0.131403 2.71797 0
1.47586 0.134922 2.42706 0
1.11759 -0.335338 2.85471 0
1.58894 0.127325 2.35531 0
0.136037 -1.66977 0.120967 0
0.356336 0.670532 2.25577 0
0.181108 1.38907 -2.65655 0
0.207231 7.61435 0.320704 0
0.507375 6.82323 -1.26041 0
0.210639 4.63147 -1.12416 0
0.54661 5.64503 1.11865 0
0.301376 5.59261 -2.52269 0
0.545757 3.78539 1.35255 0
1.32999 2.78433 1.467 0
0.259262 -0.288612 -3.00845 0
1.14649 0.111317 -1.20447 0
0.669251 -5.753 -1.13294 0
1.20915 -6.07811 -0.703346 0
0.8548 -4.74411 2.7637 0
0.495468 -4.12372 -2.91483 0
1.2665 -5.17241 -0.589507 0
0.939618 4.24443 -1.96836 0
0.787458 4.36098 -2.20297 0
0.257356 5.12791 -2.91413 0
0.419951 2.72034 -1.63498 0
0.219388 0.897108 -1.18298 0
0.430174 2.14711 1.76729 0
0.792075 -5.1813 -2.13272 0
0.429452 -4.8823 -1.15002 0
0.420898 2.67133 2.41642 0
0.204353 2.16523 3.04321 0
0.443501 1.12508 -1.31282 0
0.181633 -8.25098 0.746683 0
0.58161 -8.11228 0.382965 0
0.164764 -0.286738 2.52234 0
0.324112 -2.40629 -0.905482 0
0.62598 -2.62911 2.4049 0
1.48133 -3.6308 1.96151 0
1.2901 -4.00586 2.11735 0
0.186709 -3.82997 0.960072 0
0.287593 2.36297 1.22341 0
0.23785 3.22632 -1.06098 0
0.220113 4.02408 -2.05869 0
0.226283 2.74888 2.81436 0
0.301216 0.74961 3.00053 0
0.482914 1.32439 -0.0193654 0
0.141348 4.29734 1.82776 0
0.556095 1.48956 -1.66336 0
3.75158 -1.56587 -1.34404 0
0.590793 -2.00227 -1.73523 0
2.90768 -1.78703 -1.31736 0
0.305612 -5.84601 0.837131 0
0.616802 -5.89321 0.347676 0
0.294246 -4.35395 2.84284 0
0.0600075 -5.72377 -1.64753 0
0.505481 0.031492 -1.08667 0
1.10183 0.0646651 -0.871837 0
0.911566 -0.978757 -2.6246 52.5910264138894
0.430093 -1.07286 -2.46364 0
0.537174 -0.338035 -2.43499 0
0.543341 -0.790094 -2.33447 0
0.362411 -1.3876 -2.82245 0
0.367716 2.36544 1.61972 0
0.348313 2.29157 1.25535 0
0.248199 -2.82921 -2.40992 0
0.504414 -2.31584 -2.76291 0
0.710874 -2.41094 2.72187 0.108288862995654
0.133485 -1.32761 -2.88657 0
0.419554 7.4487 0.639473 0
0.211328 7.41189 0.134329 0
1.36461 2.82638 1.07935 3.66849080500331
0.235683 3.10475 1.40533 16.107655482789
0.267562 1.15215 0.130607 0
0.16075 0.83784 -2.31917 0
0.0682987 5.74486 -1.32191 0
0.784489 4.07413 -1.87906 0
0.280854 2.3203 2.17968 0
0.122669 0.780015 -2.65539 0
0.125094 -1.22342 0.152173 0
0.254135 -0.319354 -2.42313 0
0.237004 -5.44826 -0.233015 0
0.197027 -5.84513 -1.59321 0
0.406414 -6.95469 0.270685 0
0.292388 -7.61892 -0.264141 0
0.107136 -2.32517 -1.85868 18.7190067887952
0.185913 0.995896 1.41548 0
0.188828 2.56537 -1.69074 0
0.151335 7.46277 -1.47801 0
0.262961 7.50803 1.38106 0
0.162345 5.21685 -2.26498 0
0.123663 5.11908 1.19358 0
0.0750493 0.420778 2.49852 0
0.207862 1.32783 -2.12083 0
0.131632 -1.27857 -2.67916 42.4229564485995
0.549406 -1.2116 -1.13726 5.50436370562519e-08
0.552724 -1.63884 -1.26237 3.01515384225795e-08
0.53699 -1.8388 -1.40192 0
0.84111 -2.40787 -1.04634 0
0.3937 -4.9225 1.66282 1.18588959298959
0.307756 -5.82052 2.36082 0.617086359774426
0.265388 -2.98587 0.484365 12.1988138439555
0.529274 -1.96188 0.710069 16.7591003013807
0.315227 3.00001 -2.7767 0.799333322263597
0.16671 2.36695 1.86249 2.84546332995108
0.124325 2.81151 2.98518 21.8722298382769
0.294926 2.97903 -0.0531677 7.82095524422854
0.598812 0.988061 -0.602802 8.2521840204574
0.490346 1.63108 -0.981764 5.83302444563888
0.545754 4.20104 1.58487 5.18539817182971
0.337485 4.10035 0.611813 9.23873705566879
1.87967 -0.892905 2.60111 0.34280657118452
0.60959 -0.793829 2.67941 1.15024505755094
3.6889 -0.0228286 2.74494 10.4576358067581
2.16859 0.0837294 2.64922 17.7567546318623
0.201361 -2.01471 -2.97106 1.47372914746237
0.0735361 -4.11696 0.895658 0.503219533370329
0.131349 -2.31894 2.09579 9.00127332158982
0.214515 1.03346 -2.23126 16.8381704685
0.114202 2.51137 1.22213 8.05910770640498
0.621229 -1.5432 -1.42037 2.54308172030561
0.203489 -0.911224 -1.85784 13.1727392692126
0.566884 -2.44742 -2.68929 4.70254663164007
0.209301 -1.90685 3.09351 18.5785958041808
