1.94485 2.68249 -2.22359 0
0.338687 2.61219 3.13083 0
0.370007 2.52318 -2.25078 0
0.95646 2.5121 -1.83718 0
0.69125 3.84746 1.01726 0
2.89398 4.08751 1.26941 0
1.1507 4.54703 1.22007 0
0.266123 3.92082 1.63488 0
0.795536 4.4977 1.25368 0
0.115301 -2.2512 -0.130799 0
1.05737 -4.18375 -1.40027 0
0.404925 -9.97504 -1.22337 0
0.352879 -7.20821 -2.9784 0
0.190897 -5.42496 -1.82414 0
0.608759 -5.79152 2.42783 0
0.383008 -2.45071 -2.73371 0
1.20081 -2.44392 0.502418 0
1.93879 -2.05277 0.95124 0
2.63497 -2.39788 1.07046 0
1.57325 -1.18788 1.65562 0
0.191316 -2.68458 -2.92106 0
0.96626 1.2139 3.04556 0
2.56633 1.81201 -2.77807 0
2.91584 2.53758 -2.77704 0
0.0376491 5.23911 0.375649 0
0.678344 2.65254 -2.96486 0
0.432093 -0.837151 -1.38057 0
0.691755 0.385078 -1.97942 0
1.3422 -0.458766 -1.04219 0
0.604722 -0.21197 -1.10427 0
0.555147 -1.01226 -2.70153 0
4.88917 2.62643 -2.38869 0
0.420571 2.3189 -2.17405 0
1.2116 3.04617 -2.03621 0
0.322593 2.52064 -2.85296 0
0.585855 2.83347 1.17489 0
0.159273 2.81426 -2.1007 0
0.46044 3.74386 -1.50928 0
0.613281 4.42066 -1.40596 0
0.667033 5.8682 0.320037 0
0.547538 4.81516 0.578495 0
0.0749067 4.33429 -2.37162 0
0.33362 7.28332 -2.42214 0
0.213116 -2.30898 2.66392 0
0.466772 -2.9432 -0.0609196 0
0.279362 -3.51281 1.59484 0
0.978557 -2.53414 -0.869563 0
1.17282 -3.35155 -1.31947 0
0.534102 -5.40699 -0.9202 0
0.386115 -4.79942 0.781137 0
0.254378 -5.90738 -1.23087 0
0.525068 -7.15185 -1.77813 0
0.123879 -7.07662 2.60202 0
0.141664 -5.88617 0.376292 0
0.207286 -3.33524 -0.831232 0
0.681883 -2.03845 0.41119 0
0.242286 -1.22794 2.23317 0
0.317784 -1.71489 1.65637 0
0.279304 -0.984329 0.642021 0
0.482182 0.00225764 1.35019 0
0.506899 -0.411898 0.428601 0
0.299492 -1.08705 2.50099 0
0.928608 2.35217 -2.16282 0
2.08828 2.6125 -2.7547 0
4.69658 2.58408 -2.49268 0
0.182907 6.71363 -2.3388 0
0.142403 6.00127 -0.705612 0
0.600477 4.38176 0.146521 0
1.62524 -0.437581 -1.55366 0
0.515447 0.143081 -1.16232 0
1.7939 0.0278429 -0.911601 0
0.0539136 1.55039 0.314982 0
0.349697 -0.290981 -1.91947 0
1.65867 -0.364261 -1.37325 0
0.316203 -0.381075 0.601234 0
0.660273 4.8214 0.49231 0
0.0335896 6.5865 0.957189 0
0.399346 -2.19165 2.39252 0
1.35753 -2.0926 1.91835 0
0.566966 1.21472 2.25897 0
0.315537 1.61289 1.53019 0
0.289573 -1.54366 -1.17469 3.77868966619294
0.674816 -0.83956 -0.578679 2.89734007004393
1.0775 -0.65066 -0.128359 7.07420537099574
0.05053 -1.54043 -0.768469 75.6298225614208
0.375191 -2.3542 0.788517 27.6304125027515
1.29207 -2.78137 0.624913 5.27489307339447
0.390714 -5.57238 2.08645 0
0.473441 -6.18617 -1.16669 0
