1.22056 -8.10304 -2.64954 0
0.942632 -6.58818 2.36705 0
0.207648 6.54417 -3.03131 0
8.85738 -1.45394 -2.95771 0
23.0095 -1.46962 -2.98997 0
6.8041 -1.42071 -2.96188 0
2.14771 -1.23259 -2.95245 0
1.40809 -1.04719 0.138818 4.4562261767697e-13
2.66475 -1.01254 0.144712 4.55563851547965e-13
2.6383 -0.437552 -1.63019 5.56164756599864e-13
2.20311 -0.220672 -1.95639 6.03515357559371e-13
1.82654 -0.370075 -1.76128 5.71685251251645e-13
6.70134 -1.92393 1.50341 3.9507557697165e-13
1.353 -0.681776 2.8864 0
1.49037 -1.3145 -2.93607 0
1.6409 -1.07239 -2.83233 0
2.09856 -0.952101 2.29352 0
3.4206 -1.40113 2.31685 0
2.73554 -0.955147 2.01023 0
0.206242 1.05045 -1.46383 0
0.172933 0.775132 1.4447 0
0.355175 -1.09594 -0.0172233 0
0.859944 -2.07145 -0.338127 0
0.378698 -3.08989 -0.168913 0
0.173127 -0.547826 -2.69771 0
0.741312 -1.44224 1.82497 0
0.804957 -0.625955 -1.00087 0
1.18354 -0.371202 0.470193 0
0.997848 -0.46955 -1.12168 0
0.582384 -1.23275 0.217686 0
0.362124 -1.05589 -0.383738 0
0.0435138 -1.9119 1.29122 0
0.495456 -4.56626 -0.319928 0
0.726869 4.49511 -0.759192 0
0.771029 4.9805 -2.99356 0
0.273085 3.29584 -0.273334 0
1.28546 2.6999 -2.13433 0
2.04145 1.87397 -2.60102 0
1.46974 1.21147 -1.26009 0
0.407647 1.81592 -2.36217 0
0.817846 -0.572083 -1.91254 0
1.24431 -0.886472 2.62939 0
0.211876 -2.47746 1.86117 0
3.65463 -1.54777 2.04331 0
4.62259 -1.16998 -3.02247 0
4.48616 -1.13715 -0.138445 4.1044052352295e-13
8.24345 -1.14522 -0.0874285 4.10235649826219e-13
0.589424 -1.79109 -0.782199 2.20205207528251e-13
0.420688 -0.947559 0.153144 4.74409079756489e-13
0.750793 -1.24696 0.0976085 3.89148486548629e-13
1.19992 -1.38514 -0.455382 3.28759887155514e-13
0.212517 -0.0499921 -1.2161 6.34258366707865e-13
1.34688 -0.24397 -2.01251 5.98134007039314e-13
13.7373 -3.04592 -0.867834 1.36040052784004e-13
1.05382 -2.8012 0.637557 7.75860279678433e-14
0.623786 -1.99834 1.09357 3.16522215313237e-13
1.13335 -2.30344 0.419495 1.57398782602593e-13
1.09664 -2.52016 0.744101 1.34716482713578e-13
0.612169 -2.96023 1.48247 1.68337773910501e-13
0.870352 -2.12592 1.11218 2.76825507424033e-13
0.597476 -1.81389 1.44581 4.31103355333061e-13
0.889493 -2.28 1.38372 2.69244734554163e-13
2.83684 -1.07569 2.35791 0
0.774717 -1.698 2.13411 0
0.241079 -0.418847 2.5751 0
0.201987 2.75826 -2.05409 0
0.72002 -1.46053 -0.0429313 0
0.262646 -2.9095 1.06267 0
0.699848 -1.48167 0.470708 0
0.634423 -2.2415 0.23087 0
0.928378 -1.27471 0.359713 0
0.473653 -2.2578 -2.41842 0
0.1237 -0.644385 -2.33061 0
0.264249 -0.998009 -1.97331 0
1.35223 -0.82765 -1.53813 0
0.306958 -3.25456 0.0957254 0
0.583708 -1.86784 -0.503599 0
0.4892 -3.93367 -2.00277 0
1.46238 -3.61888 -0.460165 0
0.356053 -2.33962 1.29632 0
0.292972 4.84338 0.156705 0
0.550184 5.31984 -2.30295 0
1.49653 1.96977 -2.29591 0
0.347788 1.04328 -2.26334 0
0.877584 -0.106778 -1.93423 0
1.07847 0.219583 -2.17416 0
0.565399 0.115272 -1.64848 0
0.334903 0.0921578 -3.09566 0
1.13188 -1.7153 1.93924 0
0.212332 -0.669332 2.12798 0
1.13003 -1.33643 0.127108 3.66770920956355e-13
0.304461 -1.78442 -0.152548 2.57283852475626e-13
2.79513 -0.30225 -1.99608 1.51450005538207e-07
4.07968 -0.334734 -2.03396 3.00355889426573e-08
1.42919 -0.231776 -2.01972 10.4909976886332
0.489408 -1.97703 0.999767 35.3530308670597
0.141951 -0.330979 -2.36022 0
0.247941 -1.00427 -1.1645 0
3.34854 -1.70346 0.491872 0
4.51888 -1.72415 0.393853 0
0.119005 -1.70367 -2.86103 8.79387018667158e-08
0.291801 -1.55677 2.27513 1.08371807463744e-07
0.261814 -1.81559 -0.885143 0
0.196421 -0.552883 0.628702 0
0.516469 -4.92516 -2.55738 0
0.106998 -5.66834 -1.55125 0
0.444275 -3.58239 2.98649 0
0.30606 -2.88473 2.60649 0
0.500998 4.71619 -2.73807 0
0.377304 4.3504 -1.79298 0
0.147722 -2.15689 0.73613 36.7334498216436
0.833461 -2.60492 0.416006 4.21651487987049
0.0537805 -5.2174 -0.568516 0.113132121934605
0.560418 -5.23208 -0.737342 0.011118528089343
0.196131 -0.471616 2.04875 18.8524370418638
0.302535 -1.03367 0.297242 8.58234603408369
1.96222 -1.58381 -2.99435 0
7.13961 -1.45104 -2.97158 0
2.43196 -2.04328 1.11989 0.290341182843052
0.494989 -2.04582 1.36145 1.418256467205
2.19624 -1.73267 0.430414 0.0734223541528961
3.98638 -1.67325 0.51376 0.00735736789839556
16.2132 -1.72784 0.442125 0.000401552178292076
7.40475 -1.71796 0.407733 0.00105971946051932
6.2783 -1.56382 2.10565 0.0203383515611696
2.12726 -1.57783 2.09916 0.00476111952107903
0.537884 -0.698052 -1.64873 1.68013858209501
4.82629 -1.70305 0.460735 0.0428073890368651
1.68971 -1.65929 2.00692 0.189973330183957
5.38518 -1.59938 2.12931 0.0935524069449068
1.69157 -0.36745 -1.39887 37.4506382756327
2.46475 -0.527444 -1.27998 24.1330146570845
2.67358 -1.62757 2.28917 6.54000156703087
1.66409 -1.66516 2.09949 9.74552834269682
