7.32743 2.98512 1.38999 1.09100692590889e-13
10.1241 3.91059 -2.66311 3.17874956987384e-14
0.340733 1.37972 -0.491463 0
2.71279 1.84642 -0.2028 0
0.299785 2.87009 0.928087 0
0.148133 2.63004 1.24838 0
0.74084 -0.204553 2.71159 0
0.71007 5.90671 -2.18342 0
0.523235 5.26894 2.8572 0
0.240481 4.56743 -0.709958 0
0.739352 8.11595 0.138702 0
2.29994 -2.4108 0.682036 0
0.754056 -3.19184 0.69674 0
1.57737 -2.24854 0.523816 0
1.49994 -2.80362 0.168877 0
0.248666 -1.35847 -2.70219 0
1.20446 4.30842 -1.53202 0
0.770684 4.69831 0.498795 0
0.0390629 6.42813 -2.18982 0
0.800981 -5.60257 -0.24805 0
1.21712 -5.41048 0.688777 0
0.283962 -4.37719 2.47801 0
1.02034 -4.86564 -0.662549 0
0.573369 -4.23027 -0.515114 0
0.272885 -3.06788 0.228497 0
1.80982 -2.90852 -1.15695 0
0.4434 -3.79772 0.118892 0
0.369557 3.2301 -2.55761 0
0.448538 3.0986 -2.02774 0
0.631044 4.107 0.474096 0
0.47068 3.07461 -1.91556 0
0.398546 2.63569 -2.77696 0
0.927786 -0.202241 1.15369 0
0.272192 3.79802 2.59756 0
1.21493 3.4536 -1.98308 0
0.256231 2.62524 -0.82489 0
0.653878 2.82724 -1.91917 0
0.576356 0.944031 1.08825 0
0.187515 -1.54515 -3.10621 0
0.281267 -0.24683 -1.15731 0
0.288137 -1.09819 2.24641 0
0.159307 -2.30819 -2.72927 0
0.431609 -1.51705 -2.1709 0
0.144259 -2.9231 -1.26184 0
0.160998 -2.36326 0.902476 0
0.215946 -4.20364 -1.05408 0
1.09777 -3.47789 1.9802 0
3.69314 -4.27073 -3.00062 0
0.394908 -3.36861 2.66923 0
0.71542 -3.38564 0.433093 0
0.223729 -1.91021 -2.97238 0
0.700103 0.0891219 -0.709224 0
0.629179 0.570781 -1.76311 0
0.0927939 6.36203 0.417531 0
0.509017 6.63648 -1.5877 0
1.05322 -4.0282 2.77179 0
0.987523 -4.12787 -2.38569 0
0.375358 -2.44516 0.0266919 0
0.244447 4.14158 1.35139 0
4.84099 1.37379 0.579504 0
0.26972 -0.336598 1.40569 0
0.445383 -2.74411 -1.94985 0
0.731902 -4.02834 -0.923436 0
0.763254 -4.17484 -1.03879 0
0.796924 -5.18005 1.81984 0
0.505056 -7.40908 -2.42689 0
0.489537 -9.257 3.10376 0
0.582963 -3.8403 -1.13149 0
0.342631 -1.69812 0.862405 0
0.117835 2.11188 0.414643 0
0.620514 2.20567 3.03259 0
0.07576 9.09568 0.572354 0
0.272122 5.9424 3.12251 0
0.333498 1.45324 1.09538 0
0.240465 1.28536 2.34416 0
0.49624 0.104692 -1.76124 0
0.957183 -4.0854 -2.32378 0
0.171191 -1.10529 2.79712 0
1.18704 -0.794854 0.420002 0
0.270366 -2.38461 2.22179 0
0.51414 -0.979643 2.28224 0
0.372675 5.35656 -1.87737 0
0.336834 5.62869 2.34296 0
0.202684 -4.1705 0.399738 0
0.346716 6.70909 -3.00783 0
0.475989 4.57937 0.371036 0
0.350209 1.08247 -1.83023 0
0.170124 1.59681 -2.8158 0
0.286464 4.71812 -1.27681 0
0.674558 2.90337 -2.83785 0
0.891041 2.34798 1.95019 0
0.132345 1.76553 -3.04373 0
0.369727 1.30353 0.961461 0
0.424419 -0.0434976 1.36833 0
0.252224 2.29928 -1.8817 0
0.233774 0.486463 1.31932 0
0.430037 -0.525585 1.63424 0
0.322624 -5.71118 1.62545 0
0.385735 -5.03657 -1.26244 0
0.802054 -5.26576 -3.12957 0
0.490092 -4.28758 2.83295 0
1.30353 -3.91936 -2.5922 0
0.204409 -2.90785 -2.56826 0
0.675448 3.05925 0.448994 0
0.282725 1.94384 2.04257 0
2.09306 2.95254 1.61073 0
0.453089 5.93526 -1.36154 0
0.598663 5.94539 -0.0342513 0
0.123982 5.51935 2.92796 0
0.832909 -4.25156 -2.95097 0
0.22857 -4.74191 1.64525 0
0.628499 -2.443 -2.26874 0
0.139068 -3.01363 1.28668 0
0.443768 -0.0434012 2.07587 0
0.386048 -0.0508319 -1.78729 0
0.0694027 2.13245 2.03178 0
0.187422 2.22521 2.58913 0
0.108493 4.99615 -2.79701 0
0.394208 1.25102 -0.490023 0
0.207338 3.12084 -0.724052 0
0.557016 1.08101 0.438617 0
1.17155 -0.297307 -1.65429 0
0.302165 0.455065 -2.84986 0
0.243736 0.476501 -1.73573 0
0.423104 -2.26698 1.64642 0
0.380015 -1.6368 -0.408869 0
0.534058 -3.28706 -0.0238416 0
0.402438 -3.31869 -2.64447 0
0.352345 -6.4756 -1.07136 0
0.155003 4.29986 -2.75859 0
0.334761 -7.02006 -2.37067 0
0.131962 -7.8164 -1.1663 0
0.160143 -7.15358 -0.87751 0
0.273263 -5.95889 -2.72252 0
1.17205 3.18029 3.07754 0
0.357236 3.7448 2.77584 0
0.75178 -3.34526 -2.16101 0
0.215651 -3.03451 -2.59097 0
0.172519 -0.862437 2.31809 0
0.132774 0.980577 1.47565 0
0.440163 -0.740397 -1.69361 5.07100464421632e-08
0.57352 -1.12062 -1.53177 3.37807398063794e-08
0.12765 -5.51665 1.32315 0
0.157264 -6.50682 -1.37413 0
0.321069 -3.91418 -1.3944 0
0.285551 -4.57354 3.12407 0
0.0624525 -4.78736 2.29021 12.1338123711032
0.0739797 -3.9959 -0.337841 11.2458096486215
0.583054 2.00188 0.483823 0
0.113403 2.07281 1.61496 0
0.113989 4.12284 0.761761 0
0.0527853 4.26352 -2.93671 0
0.487125 3.71063 -2.64958 2.21850786768745
0.377102 3.48055 -1.69439 3.61170098838761
0.443014 3.371 3.10592 4.72410257794663
0.128089 2.57633 -2.56162 35.9016545672415
0.218417 2.15307 -0.384043 44.554984615639
0.275002 1.6146 1.44089 59.0476076264927
0.213551 4.01745 1.00949 9.34946615172032
0.196819 3.86353 -2.24216 11.7905565366968
