136.68 -0.723963 0.604051 1.38065201420361e-13
1.76939 -1.68724 2.60295 0
3.71028 -0.859778 -1.71243 5.83410294348882e-14
0.702098 -0.112705 -2.10709 7.27162077432848e-14
3.54672 0.168284 -2.97645 0
5.14458 0.149474 3.12843 0
1.30345 -1.18082 -1.93343 5.92301579243916e-14
9.49009 -0.800478 -1.99226 2.88360235671365e-14
11.5789 -2.09845 -1.50632 0
3.33042 -2.1046 -1.81958 0
0.683463 -1.89757 -1.18616 0
0.68007 -0.491153 1.81139 0
0.670797 -0.648906 1.12442 0
0.582757 5.06638 2.14329 0
0.589089 5.11182 2.36796 0
0.905987 4.29826 1.92634 0
2.25883 1.3711 1.29131 0
0.303161 1.04072 2.05594 0
10.9063 0.396617 -1.96582 1.59413020214019e-13
0.301255 0.0178326 -2.35361 8.75118693651608e-14
1.67847 0.702534 -2.39167 1.83228360092033e-13
1.32158 0.318911 -2.83939 1.62935732449174e-13
0.347338 -0.810209 2.79614 1.77652501457837e-13
14.6337 -0.692663 2.71317 1.85358175519135e-13
0.412188 2.5312 1.82923 0
0.105953 3.15875 -1.57075 0
0.602257 2.84896 1.59768 0
0.441888 -0.384089 2.92407 0
0.776049 -5.389 -2.63555 0
0.853603 -6.53337 -1.22844 0
1.43321 -6.76208 1.3121 0
0.509714 -6.56259 2.5996 0
0.148523 -7.81463 1.61231 0
0.319054 0.587993 -1.51527 0
0.645092 -3.63231 -1.70693 0
0.362498 -4.39706 0.483864 0
0.32725 -3.49233 -1.74854 0
0.654794 -6.07874 0.538476 0
0.188776 -7.84041 -0.724494 0
0.272465 3.83399 2.75629 0
0.228187 1.44837 2.42409 0
0.186539 -1.30031 -0.818051 0
0.462486 -3.76112 -1.90798 0
0.211265 -3.52806 1.57498 0
0.808484 0.503202 2.95816 0
1.83584 1.55062 -2.79946 0
3.79856 1.87011 -2.55393 0
0.968602 2.28355 1.12237 0
0.399432 1.66647 -1.36022 0
0.390052 4.37458 2.03308 0
0.503541 4.12048 0.977492 0
0.43547 5.12759 -1.91709 0
1.36462 5.93426 2.16248 0
0.530344 6.6485 2.36317 0
0.39965 5.17248 -0.816961 0
1.52452 2.05695 -0.751555 0
0.434217 3.8477 -0.202256 0
0.412684 3.42859 -0.582124 0
0.376132 2.82253 -0.369701 0
0.428144 1.43848 2.77838 0
0.468931 2.71228 3.06185 0
1.6049 1.62054 2.56039 0
1.10806 0.493619 2.24816 0
0.498367 -0.146361 2.66288 0
0.843943 -1.1316 -0.515065 0
0.4881 -1.86347 -0.0787804 0
0.350853 -1.00132 -0.675656 0
0.403291 -1.82699 0.218403 0
0.532417 -1.94127 -0.816425 0
0.748551 -1.87749 -1.5874 0
0.68584 -3.59291 -0.999733 0
0.161441 -2.50127 1.64307 0
0.157667 -2.48494 -3.06751 0
1.00491 -4.28556 1.71931 0
1.34809 -4.84829 2.18028 0
1.38898 -3.55609 2.28238 0
0.404316 -3.40194 -1.18561 0
0.303263 -4.75923 -1.47247 0
0.817433 -3.98813 0.41891 0
0.25364 -4.48205 -3.11306 0
0.300039 -3.73653 -2.48182 0
0.415235 -1.00328 -2.12975 0
0.264351 -2.56769 -3.04371 0
0.66123 1.45051 -0.0440049 0
0.801457 3.88377 2.83146 0
0.142516 2.7385 0.402458 0
0.134818 6.30079 -1.92268 0
0.995245 4.85724 -2.7574 0
0.274046 5.29151 -1.97945 0
0.145774 6.79072 0.358476 0
0.927327 5.40156 -0.356123 0
0.586453 6.49727 -1.28592 0
0.148327 5.37389 -0.205178 0
0.19686 7.79799 1.1642 0
0.527801 2.85651 -2.08369 0
0.548502 1.57668 -0.278276 0
0.849972 1.20782 -2.73269 0
0.400204 2.32395 1.05704 0
0.744559 0.407815 -0.505141 0
0.056487 -1.59751 0.756656 0
0.40649 -2.99474 -2.58099 0
0.122959 -3.56186 0.192044 0
1.56209 -0.240351 -1.78409 7.49689838915578e-14
1.85531 -2.18848 -1.40893 0
1.03138 0.0648151 0.632813 0
0.145108 0.684134 -1.86744 0
0.666363 -1.04164 0.684329 0
3.14179 -0.926517 1.09463 0
0.611417 1.37247 1.15127 0
0.315486 1.33415 2.0764 0
0.526511 -0.502946 1.88122 0
1.84963 0.332824 -1.86229 1.58318996758837e-13
2.90382 0.350607 -2.19302 1.44882466772346e-13
0.815739 -0.0536265 -3.12749 1.59580189739447e-13
1.11007 -0.436388 2.66275 1.93622784343244e-13
1.20674 -0.408839 2.53025 2.0193688431297e-13
0.225797 4.24412 -2.35007 0
0.596317 4.21264 1.37384 0
0.284204 2.19417 -0.936687 0
0.317377 -1.60783 -1.55522 0
0.707458 -2.74932 1.46275 0
0.531378 -2.58334 -0.893993 0
0.190037 -4.55589 -2.5128 0
0.234219 -6.68803 1.26632 0
0.352232 -0.671585 0.17394 0
0.308362 2.93526 2.34816 0
0.0731838 3.70146 1.73821 0
0.747858 1.54523 -0.948318 0
0.211762 -1.26785 1.38033 0
0.434943 -2.49712 -2.76038 0
0.578801 -4.4957 2.06475 0
1.9953 0.22637 -2.913 0
1.86076 0.170421 3.13674 0
0.974329 0.257052 -2.82601 0
1.85208 0.22484 2.98615 0
0.355146 -0.0830732 -1.84568 0
0.632841 1.58113 2.84469 0
0.273189 0.562206 -1.98294 0
0.113647 3.01217 -2.96564 0
0.454621 0.322726 2.65587 0
1.31933 1.89426 -2.68006 0
1.1288 1.5569 -2.3899 0
0.747395 2.38434 -1.40174 0
0.214245 2.98596 0.542509 0
0.4316 3.04736 0.165844 0
0.444182 2.83587 -1.55451 0
0.538786 7.22739 3.13345 0
1.44198 7.08603 -2.55317 0
0.499953 5.7686 -2.64581 0
0.286872 6.10746 1.01254 0
0.364 5.80712 0.541264 0
0.268706 5.9686 0.717013 0
0.337191 5.95502 -2.51568 0
0.609917 4.53663 0.523354 0
0.290168 4.22713 0.334845 0
0.409403 3.02232 -1.33903 0
1.07806 2.62705 -0.37843 0
0.282457 1.41343 -0.513826 0
0.942861 1.65704 -1.42546 0
0.111008 2.9783 2.22782 0
0.338763 1.82905 1.68736 0
0.915649 1.53018 -0.0041343 0
0.251222 2.64197 -0.397613 0
0.118992 2.01457 -0.856658 0
0.904631 3.09768 1.78864 0
0.331962 1.93954 -3.0102 0
0.352618 2.64881 2.54482 0
1.97809 1.23928 1.83356 0
1.26265 1.46749 2.26072 0
0.26214 -0.297108 0.78673 0
1.29309 -0.551953 2.19188 0
1.55943 -0.804103 2.739 0
0.511933 -1.0612 2.45076 0
0.561494 -1.61441 1.44522 0
0.1169 -3.12032 -1.48574 0
0.403646 -1.54044 0.550247 0
0.235587 -1.06358 2.86158 0
0.554692 -1.6854 0.257514 0
0.639532 -0.0551194 1.16127 0
0.355708 -0.084871 1.64707 0
1.37157 0.259314 2.82967 0
0.587959 0.584601 -2.07233 0
1.58134 0.305443 -2.39798 0
0.644214 -0.0863583 -3.02067 0
1.19845 0.0192963 -2.12967 0
0.809983 -1.00389 -1.9911 0
0.126121 -2.56787 -1.88029 0
0.666892 -3.35347 0.202115 0
0.643881 -5.09192 1.83048 0
1.05449 -2.76787 1.31704 0
0.328791 -5.10623 0.810091 0
0.74853 -3.87071 1.50543 0
0.82266 -4.60602 -1.27215 0
1.30721 -3.54019 -2.38566 0
0.738735 -3.22148 -1.84843 0
0.909878 -2.72606 -2.46168 0
0.399227 -2.29153 0.226686 0
0.519245 -2.96456 -2.05938 0
0.422524 -1.8236 1.03967 0
0.0926739 0.593153 0.353724 0
0.527493 -0.472432 -1.17502 0
0.349728 -0.816095 0.447212 0
0.274506 2.84312 1.54234 0
0.467985 2.4452 -1.62409 0
0.458239 2.16472 2.21813 0
0.056532 4.96827 0.989772 0
0.667078 5.21015 -2.07725 0
0.395851 5.98328 -1.98613 0
0.214765 4.27449 -1.4157 0
0.76322 5.61251 -0.2741 0
0.449212 5.99525 -0.986638 0
0.0931086 8.39121 2.13068 0
0.0597239 5.65591 0.860183 0
0.171704 3.60929 -0.745205 0
0.480661 2.07465 0.607355 0
0.251654 -1.19203 -1.53022 0
0.539082 -4.10266 -1.59857 0
0.146409 -3.12882 -0.214365 0
0.21917 -4.62331 2.14308 0
5.31531 -0.721466 0.975226 0
0.987608 -0.721389 1.07432 0
0.202739 3.42157 -2.73184 0
0.141901 3.84016 0.204946 0
12.974 0.387361 -2.02484 0.0626088691679257
4.50322 0.336717 -1.96864 0.149820264433576
0.528266 1.55693 -1.35651 0
0.232623 2.23042 -0.420261 0
0.193447 -7.67267 -1.16856 0
0.284656 -6.98952 1.7576 0
0.147435 -0.813439 -2.15702 4.84993261083476e-07
0.273956 -1.58674 -2.6797 6.83388162709838e-08
0.00564506 2.26712 1.24407 7.89104103822318e-05
0.0181578 2.24784 1.23417 8.45088629305217e-05
0.0599682 1.80594 -0.791055 1.40785319718587e-05
0.243631 1.66878 -0.651704 3.46204960966336e-05
0.154817 2.80134 0.645575 0
0.185984 1.83525 -0.629908 0
0.3174 -2.49002 2.34102 3.87706650663954e-08
0.0976347 -2.6727 -0.6179 7.81470005233406e-08
0.035765 -2.99253 -0.356454 1.43457004415934e-08
0.215107 -0.879023 0.821573 3.10016621592127e-08
1.11462 -3.35696 -0.35443 0
0.170506 -3.67061 -1.25755 0
0.272991 -3.94765 0.871611 1.36962916089163e-08
0.0808483 -3.97582 1.86808 1.53892761918275e-08
0.313588 -3.31303 1.63841 0
0.496726 -3.44519 2.32813 0
0.46422 -2.60715 0.518325 0
0.0558078 -5.03504 1.77067 0
0.755399 -3.76571 -1.45693 0
0.631861 -4.37541 -1.51874 0
0.20599 5.58796 -0.611502 0
0.224047 4.84226 -0.957465 0
0.0429067 0.213885 -2.96558 8.58717681760043e-06
0.0517192 0.245113 -2.92421 7.9989712463766e-06
0.0693906 0.811669 -2.83659 97.723601292427
0.84552 -0.12516 2.8165 10.6887435363082
13.9726 0.292847 -3.05635 4.46286085881127
4.00317 0.273078 -3.10128 15.64401551201
0.149129 -1.17755 3.13004 1.94861489529525
0.0619051 1.80299 2.42422 2.67697989671986
0.286288 2.36241 -0.398921 7.9293945025808
0.180032 2.38723 1.82708 12.3168767528407
0.0846077 4.42568 -3.04908 6.03823598423038
0.511879 2.95913 -1.83474 4.3146968893092
1.61474 -2.12225 2.04674 0.057978074788373
28.2898 -1.03732 -2.05499 0.898361569490559
7.88598 -0.964928 -1.91639 1.03253914654883
4.70446 0.513858 -0.315223 6.62426837512616
1.03523 0.57627 -0.406763 29.2168172658134
0.534634 -1.22758 2.47554 0.263390028392829
0.170673 -1.52814 2.70242 0.15122245803185
2.96266 -0.716464 0.969485 0
4.71503 -0.657441 0.982183 0
3.33784 0.397736 -2.03181 0.0890332547540753
3.71081 0.420389 -1.99711 0.0985896257741743
0.238087 2.71391 -2.12285 0
0.396225 1.50907 0.92224 0
0.176789 -2.01553 2.09945 0.0642080018919778
0.597682 -1.90293 1.74352 0.0256120060071523
1.60752 -2.10101 1.51682 0.068873519683778
1.08127 -1.75538 1.97022 0.0707366258355018
2.67585 -1.91759 1.5561 0.0627324281288611
10.3294 -0.988956 -1.98833 0.209602829524614
2.07766 0.461554 -0.265692 0.38794972718613
7.52453 0.333655 -0.217455 0.226996640891852
0.281337 0.371619 -0.3637 0.396411092866077
0.0332461 -2.81579 2.80099 0.0827095822865566
0.457956 -1.4722 -2.56489 0.2085563809551
0.135156 -2.75942 -2.36176 0.124128087474412
0.903154 -1.58402 -2.80065 0.150159469209273
1.14252 -1.84284 2.27186 0.129696266434483
1.78178 0.344539 -0.211151 0.283761108311634
2.03467 0.462232 -0.337362 0.498164323852995
3.73472 0.390873 -0.253756 0.0686552141391339
0.446436 -1.26398 -2.65436 0.322800734497644
0.335766 -1.52201 0.999754 0.426970018174392
0.947617 -2.31217 1.95854 0.0872322578037754
0.205948 0.0547833 -0.105759 1.45688751306594
0.176152 -0.0404221 0.107855 2.24185887615209
0.251002 -0.397391 0.802339 0.794628683938443
0.386824 -1.87379 2.71766 0.0834721872613986
0.0368298 -2.73676 -2.99646 0.304123355700973
1.30572 -1.48702 2.03748 0.192687700937416
0.870957 0.753055 -0.374416 40.1981511058487
2.14484 0.530532 -0.188193 17.5317794944743
