15.232 1.61455 -0.826235 9.85809209645388e-16
2.70664 1.52901 -0.563334 1.01115610591024e-15
1.25241 -4.13041 0.804369 0
0.686979 -3.845 -3.08316 0
0.271708 -5.09604 -0.0906881 0
0.606159 0.184984 -3.07124 0
0.860334 0.102481 -0.166521 0
0.70463 0.890906 -2.87403 0
0.344456 1.78182 0.221741 0
0.609202 -0.906382 0.329976 0
0.465049 -3.25215 -1.79372 0
0.538429 -2.25154 -2.16529 0
0.380055 -5.71976 2.68011 0
0.437591 -5.7537 -0.491949 0
0.486397 -6.44458 -2.41113 0
0.843272 -6.70601 -1.7848 0
0.632887 -8.2238 0.972685 0
0.310147 -7.25083 -1.82164 0
0.937125 -5.53206 1.68535 0
0.781099 -4.98123 1.78386 0
0.119386 -6.74046 1.35223 0
0.377521 -5.00644 -2.44346 0
0.0782825 -2.81824 -2.99549 0
3.83859 -2.10845 -1.3375 0
0.558556 1.44054 1.36189 8.45318425779782e-16
3.03013 2.00046 1.94784 4.84630934911465e-16
3.72509 1.92222 2.06355 5.52518044115812e-16
2.21278 1.88355 1.76917 5.26652918274667e-16
0.325477 -0.458333 2.36867 0
0.409383 -0.930265 1.60735 0
0.199188 2.55511 3.02643 0
0.668979 1.22954 -2.74347 0
0.0729879 -3.72008 -1.40495 0
0.492764 -1.43686 -1.64067 0
0.285383 -2.22853 2.61045 0
0.544767 1.51844 -0.455597 0
0.901544 2.34627 -1.32798 0
0.736679 2.07147 0.064533 0
0.054018 0.129233 -2.91988 0
0.00603412 2.05135 -2.55546 0
0.742659 -2.74341 1.92582 0
0.848583 -4.42459 -0.987928 0
0.680371 4.65889 -2.70337 0
0.287582 5.16671 -0.162269 0
0.488443 5.62479 -1.52248 0
0.40834 3.22849 0.86637 0
0.921441 0.969827 -0.160215 0
0.838197 1.62838 -0.918002 0
0.705162 1.88233 1.75725 0
0.430878 2.66289 0.487654 0
0.966962 1.26528 2.8207 0
0.96604 2.28053 1.99013 0
0.312917 1.67068 -0.958527 0
0.349751 1.80295 -2.2592 0
0.640585 3.50529 2.44815 0
0.420705 3.88229 -1.06784 0
0.390065 6.13471 -0.423822 0
0.702635 4.7616 1.54337 0
0.0450063 7.69075 1.36496 0
0.528648 2.41129 0.345032 0
0.954554 1.70305 -0.40503 0
1.53327 0.469702 0.2769 0
0.542357 -0.486697 1.12104 0
0.168645 -0.789713 1.50608 0
0.224047 -4.92771 2.65367 0
1.63722 -3.42353 -3.11039 0
0.717822 -3.88899 -2.85894 0
0.308784 -2.92852 0.169587 0
0.162648 -1.89127 1.01742 0
0.641312 -1.78586 -0.0810883 0
0.387868 -2.56928 2.90018 0
0.248147 -3.16683 2.66073 0
0.413887 -2.65163 -1.64205 0
2.13119 -0.180143 2.488 0
0.172935 0.613494 1.89135 0
1.78799 0.507171 -1.95814 0
1.10757 0.744702 -1.50077 0
0.549131 2.09081 0.459567 0
0.134849 3.42073 0.877419 0
0.167484 4.02896 -1.70917 0
0.526365 5.18017 -1.68377 0
0.926793 4.32449 1.66498 0
0.619807 5.68276 -2.79671 0
1.41182 2.57831 -2.50826 0
0.638975 2.22821 0.470301 0
0.517252 -2.71257 0.0177943 0
0.307893 6.69793 -2.33807 0
0.455592 6.73932 2.9461 0
0.571802 -1.38953 -1.41667 0
1.25378 -2.42076 0.448609 0
0.622353 3.60245 0.815424 0
0.553079 3.26226 2.29127 0
0.939273 -4.68139 1.4135 0
0.56198 -4.2838 2.24823 0
0.7926 -3.63179 0.812458 0
0.627475 -5.14672 -2.29337 0
0.934379 -2.19739 1.71563 0
0.346761 -0.709111 -2.68783 0
0.234669 -1.48403 -0.589764 0
0.0422676 4.59056 0.898723 0
0.125613 1.3261 -2.15829 0
0.233684 -6.94781 1.85982 0
0.156024 -7.18012 -0.285445 0
0.266909 -6.30879 -1.59939 0
0.769963 -5.18812 2.00323 0
0.827449 -5.7672 -2.01465 0
0.142175 -7.1438 -1.00855 0
0.28431 -3.68736 2.8537 0
0.895182 -2.30603 -1.07402 0
0.421223 0.65722 -3.03654 1.94822073797578e-15
1.46319 0.597393 2.25874 1.89910227254708e-15
1.2813 2.24299 2.60881 4.97929847073648e-16
0.668115 2.88562 0.134571 2.40271218274815e-16
0.083284 4.1579 0.805289 1.48845219673961e-16
0.425586 0.841119 0.412292 1.57772796560128e-15
0.880028 1.66589 -0.24585 8.41618454858814e-16
0.585143 0.805538 0.0727235 1.66525071636672e-15
0.703825 1.38848 1.02325 8.96685177972703e-16
1.15168 1.9334 1.89591 5.15292146009639e-16
13.01 1.84386 1.91925 5.76846570983496e-16
5.2612 1.87904 1.85146 5.42347654233877e-16
2.43129 -0.885433 1.68687 0
1.07821 -0.624916 1.99613 0
0.995896 -1.57448 1.498 0
1.01772 -1.0231 1.97535 0
1.03955 -1.42277 1.78253 0
0.777662 0.447122 -2.86115 0
0.327358 0.885278 2.15119 0
2.13 1.69146 2.94468 0
0.42223 -3.76215 2.01245 0
0.3241 -1.80028 1.87133 0
0.45809 -1.24007 -0.305027 0
0.187811 -1.00306 2.95606 0
0.409098 -1.59191 0.540933 0
0.594314 -0.676483 2.44016 0
0.277433 5.28921 2.62808 0
0.355411 5.8244 0.242334 0
0.373506 2.32607 0.906259 0
0.379949 1.39225 -3.138 0
0.756696 2.11902 1.32296 0
0.49483 0.825842 -2.16085 0
0.00324846 -2.73165 -2.75277 0
0.274133 0.445082 1.9741 0
0.563487 0.703971 -1.39313 0
0.296466 3.5933 -1.21773 0
0.0710346 6.45232 2.28409 0
0.943046 1.19291 0.0639999 0
1.32204 0.821528 -0.38715 0
1.25916 -0.326697 -0.978577 0
0.132203 0.363039 -2.59089 0
0.809987 -2.69268 0.00498753 0
0.23271 -4.17268 -0.90336 0
0.343215 -3.10313 -0.638071 0
1.24358 -3.98458 -0.683097 0
0.128761 -1.48254 -2.39314 0
0.414203 -3.19284 2.75512 0
0.53423 -1.73888 2.22832 0
0.660899 -1.59361 2.38168 0
0.446156 -2.12927 1.76563 0
0.266367 -3.24837 -2.48311 0
0.211375 -2.65092 1.34005 0
0.446177 -2.59245 -1.00292 0
0.106338 -0.864302 -0.354729 0
0.455973 -0.986081 1.80956 0
0.468894 -0.955787 1.18242 0
0.58315 -1.06012 -2.92465 0
0.428716 -0.70221 1.76985 0
1.33478 -0.023564 2.95636 0
0.640678 1.24625 2.80239 0
0.241533 1.41393 1.86318 0
0.332354 1.80154 -2.12824 0
1.62238 0.831635 -1.92498 0
0.393983 1.90275 -2.46926 0
0.485377 2.39121 1.06537 0
0.11583 0.488209 3.04439 0
1.33434 1.00442 1.31857 0
0.781701 1.82895 1.81995 0
1.28418 1.33161 1.34825 0
0.101828 2.96316 1.98465 0
0.493642 4.43215 -2.93104 0
0.845384 5.19693 0.769675 0
0.616561 3.77493 -1.04046 0
0.150723 -1.68253 1.59948 0
0.942739 -2.25851 -0.69322 0
0.652906 -2.30817 -1.55292 0
0.209505 -2.86856 3.06458 0
1.34932 -2.24635 -0.927943 0
0.508064 7.94075 1.27607 0
0.0314143 7.47795 -0.979281 0
2.86542 -1.56073 -1.11158 0
0.523259 -1.66705 -0.488103 0
1.18915 -2.10967 -1.48837 0
0.191358 -2.78292 0.02077 0
0.210333 -3.40256 -2.50794 0
0.514705 -2.24299 0.708479 0
0.300289 -0.934354 1.65171 0
0.357906 1.48565 2.02657 0
0.466774 1.60168 -3.04829 9.99415250583082e-16
0.0276103 2.93861 2.64775 3.01803615003245e-16
0.0777246 -4.50354 1.06401 2.22811554260198e-07
0.167749 -3.36013 0.555525 2.59244152094412e-07
0.492478 -0.573125 0.123885 0
0.317505 -0.469597 2.4484 0
0.145042 1.75047 2.60665 0
0.0430258 2.63626 -0.961054 0
0.232542 1.9118 0.137461 0
0.404927 1.05461 -0.915137 0
0.183796 0.656133 1.76851 0
0.15288 1.79072 0.918024 0
0.190813 2.74886 1.26806 0
0.157722 3.04518 -1.20187 0
0.165764 5.01447 0.6876 0
0.143868 6.12232 0.377964 0
0.107625 5.36528 -3.04184 0
0.125362 5.73357 -2.53599 0
0.464209 2.8368 -0.091581 0
0.277731 3.7067 1.1067 0
0.677561 2.80264 -0.253513 0
0.315585 2.80232 0.458477 0
0.486469 1.68635 -0.243424 6.98344475391072e-09
0.210033 1.90292 -0.434842 1.24927414128210e-09
0.122867 -1.45733 1.17546 47.2646573645153
0.138026 -2.11517 0.699514 0
0.414555 -0.902959 -2.25555 0
0.514566 -1.62079 -1.87103 4.84448406002904e-07
0.46091 -2.17692 -2.40484 2.75826693263943e-07
0.213489 -1.50564 -1.84576 0
0.153044 -2.26917 -2.56176 0
0.745422 0.855804 2.41734 0
0.356596 0.43531 -3.1349 0
0.619818 1.84783 2.11713 27.6364373921407
0.977722 5.8039 -2.38826 0.155622500242251
0.15423 5.98526 -1.00559 8.32902660019905e-06
0.441831 6.02116 -0.998857 1.26077298251657e-05
0.766292 -2.5592 -1.28069 8.36792866684056
0.645998 -1.90059 -1.24113 0
0.181031 -2.57671 -0.581232 0
1.06821 -2.19442 -0.470616 0
0.607192 -2.32532 -0.976373 0
0.145499 -3.4803 2.69243 0
0.403923 -2.97922 -1.04886 0
0.170351 2.19884 1.90621 84.3022233840292
0.219944 2.6964 -1.3799 39.9930170792413
0.192294 -1.64514 -0.21332 18.3016595666016
0.405753 -0.659837 0.903342 18.9876657043996
1.06302 1.76208 -2.24091 2.29970498235779
0.178967 1.98742 -2.80546 11.0419392557558
0.190414 1.91291 3.12747 0.0459217180848418
0.070838 2.29852 0.638781 8.41139918706147e-08
0.377997 2.14629 -0.381807 2.18922730969655e-08
0.856583 -0.139975 2.91021 0.543901745685433
0.185592 -0.309517 -2.71805 2.42233266721633
0.0763302 5.92 -0.0614253 0.153163993201519
0.0892916 4.19721 -0.366363 0.47078682683554
0.247754 3.91592 -1.22266 0.582186337667007
1.36452 1.45473 -2.95529 0.0458882186164932
2.18549 1.5594 -3.02221 0.0156571264100378
2.13667 1.24708 3.06545 0.10062197091805
0.895344 1.83261 2.40773 0.145740817095555
1.21541 1.97298 2.98404 0.0562390911661081
0.760204 4.83749 2.16278 0.165596955293917
