0.440804 2.84329 0.613141 0
0.312615 5.81934 0.895048 0
1.0357 5.44329 0.361368 0
0.645762 6.17153 -1.62145 0
0.914317 6.16036 0.707745 0
0.0254366 7.84556 -2.93953 0
0.802606 0.306691 -0.388016 4.77537020657385e-14
0.0995433 0.268896 0.055284 4.79899853892892e-14
0.306664 0.924647 -0.806327 3.67491624606736e-14
2.22978 0.723464 -0.0761685 4.12874700379871e-14
0.159395 1.84111 0.748997 1.81926237528635e-14
1.60794 0.757304 -0.629449 4.05635061477618e-14
1.28819 0.0354693 -2.90509 4.81700763994716e-14
1.15386 -0.404799 -2.97637 4.65443380214037e-14
10.2052 0.850643 2.66405 3.10776854146476e-14
1.06689 -5.38053 -2.6816 0
0.574856 -4.88319 -0.540299 0
0.214674 -3.77203 -2.78116 0
0.395269 -7.05881 -0.431873 0
0.298562 -3.47846 -1.61427 0
0.417363 -3.23676 0.820421 0
0.789546 -0.126925 -2.69211 0
1.64752 2.01628 -2.26629 0
1.58672 2.1893 -2.29535 0
0.142556 1.226 0.777853 0
1.14297 1.96351 0.38283 0
2.05957 1.95726 -0.0985348 0
0.608261 5.21176 2.42697 0
0.625407 2.94347 1.83903 0
0.725461 4.26843 -1.18637 0
0.220061 -3.75272 0.0975772 0
0.620001 -3.95856 -1.53302 0
0.6463 -3.59004 2.78434 0
0.382285 -3.91055 -0.377826 0
0.411517 -0.996099 -0.508639 0
0.593047 1.40321 -2.35076 0
0.0934798 1.84714 1.31134 0
0.538668 0.757329 0.308937 0
0.747733 3.20791 -1.76849 0
1.87803 4.51102 0.0254945 0
0.56745 -2.76675 -3.09701 0
0.270733 4.52245 2.90118 0
0.314387 1.63798 2.45524 0
2.41584 2.24684 2.99415 0
0.560523 2.026 -3.02314 0
0.518128 -3.34663 1.11907 0
0.80906 -5.22986 -0.908742 0
0.426967 -8.2294 1.40289 0
0.0215359 2.83413 -2.95955 0
0.208651 4.42359 0.3076 0
0.818337 4.70306 1.15845 0
1.14033 4.28521 1.91746 0
0.372502 6.46958 -1.6186 0
1.49841 0.776025 0.283954 3.97825807064765e-14
0.83179 1.10724 -1.16017 3.20428653777797e-14
0.23987 0.142866 0.276892 4.85510188380165e-14
0.123113 -1.81892 -2.23392 1.78306568172803e-14
0.905058 0.739111 -2.94852 3.45883486806035e-14
0.256958 0.725983 -2.13001 3.74678736912718e-14
1.75849 0.915727 2.41628 2.96779503060244e-14
1.03177 0.744585 2.87817 3.39000684839784e-14
0.316115 -8.90857 2.40197 0
0.450085 -6.03071 0.666199 0
0.274272 -5.55704 0.395433 0
0.137871 -6.13054 0.200511 0
0.65158 -3.90152 1.64064 0
0.247911 1.82265 -1.62387 0
1.09422 1.40815 -3.13935 0
1.46157 1.97369 -1.74897 0
0.33981 3.03858 -1.89751 0
0.959514 7.19112 3.00317 0
0.526732 6.59449 -3.06055 0
0.30684 7.24227 -0.840147 0
0.660231 3.69816 -1.78347 0
0.532474 2.91631 1.6027 0
0.852784 1.87892 1.05927 0
0.417922 -2.16838 -1.74908 0
0.444734 -0.867954 -2.82851 0
0.387027 -2.13886 -0.538205 0
0.551053 -1.60288 2.25611 0
0.29928 -4.02882 0.0222849 0
0.410849 -2.87832 -2.42829 0
0.407491 -3.95724 2.49205 0
1.02695 -0.433897 -1.11126 0
0.415725 -1.46633 2.7217 0
0.478444 -1.55242 0.873291 0
0.213324 4.17623 -0.633994 0
2.48072 5.06166 -0.201782 0
0.619182 4.51602 0.533026 0
0.125799 4.79252 -0.532934 0
0.221475 -4.71131 1.96394 0
0.706632 -4.44092 1.25716 0
0.2367 -4.67543 -2.25796 0
0.0939127 -4.4878 -2.40131 0
0.645929 -3.35348 -0.0068987 0
0.147217 -0.881743 0.396176 0
0.35453 0.986318 1.23287 0
0.29127 5.43099 1.08722 0
0.104144 3.63574 -1.73871 0
0.0826083 3.53681 -1.3938 0
0.347115 5.01252 -1.10088 0
0.239557 6.43346 -3.01821 0
0.298335 3.711 2.14406 0
0.393193 2.42692 2.53306 0
0.82277 1.87555 -2.53387 0
0.0927588 3.27775 2.82786 0
0.149806 1.50575 -0.611206 0
0.719097 0.0562491 -1.86452 0
0.354999 -2.37974 2.52226 0
0.263879 -2.82789 -2.7335 0
0.233842 1.51149 -0.734694 3.69017487829356e-07
0.281447 1.7362 -0.00963244 7.15197478616417e-08
0.765695 3.37169 0.7762 0
0.26288 3.64183 0.435965 0
0.0863844 5.0965 1.11999 2.70405250725035
1.28184 0.556091 -0.523382 4.44468760232562e-14
1.11471 0.359905 -0.574803 4.71994440185111e-14
0.869387 -0.066706 -0.466156 4.78111515727145e-14
0.90386 0.0715778 -0.611945 4.85647394946514e-14
0.579009 0.481849 0.156393 4.54610829540638e-14
1.00201 0.550104 -0.370405 4.45938385201646e-14
1.23412 1.11942 -0.415151 3.29633351736302
1.16246 0.947142 -0.225436 0.170751287275378
2.96631 0.894156 2.74644 2.98624634097007e-14
3.20268 0.930769 2.64743 2.8946330071947e-14
0.136776 -4.08257 -0.663323 0
0.208609 -4.91179 0.857883 0
0.0912848 -5.70781 2.61897 2.19460317529702e-09
0.170808 -4.6342 -0.626078 3.80116509773886e-09
0.202156 -3.25913 1.25036 25.2399282683628
0.489797 -2.65586 1.33172 0
0.254289 -3.12835 0.992063 0
0.29676 0.750197 -2.21347 23.6394624165285
2.33829 1.82437 -2.2071 2.33429138005144
0.276682 1.54744 -2.26561 25.4686510038625
0.0621112 2.07516 -0.0154911 0.000112565754767491
0.0109908 2.02842 -0.072219 0.000113796060885333
0.258147 5.6683 3.04638 6.89741970423349e-08
0.161484 7.09557 2.23456 3.12680906501551e-08
0.210819 -3.67498 -1.93377 0
0.259549 -4.84618 -1.17698 0
0.389476 -4.648 -1.1058 0
0.301379 -3.84806 0.123539 0
0.544225 2.12807 3.03894 12.5931296807743
0.109091 2.25109 1.97402 55.7593915890685
1.23384 3.80362 -0.133244 2.08949035513901e-07
0.474592 4.04974 -0.355067 3.54557197550349e-07
0.16889 -2.22349 1.94611 0
0.214718 -0.421047 1.78475 0
0.24169 1.57026 0.695763 0
0.393687 1.49826 -0.884594 0
0.0562739 5.25432 -2.38078 3.43441186981004e-07
0.171941 4.50142 -0.493742 1.80438988247884e-07
0.532206 2.17297 -2.93845 4.97254389715048e-08
1.08297 1.97317 -2.92809 1.01235210260177e-07
0.56071 1.4955 -2.76104 0
0.460038 0.995779 -1.9797 0
0.0982988 -6.76173 -0.445084 0
0.298113 -6.65076 1.49339 0
0.222389 -7.92517 -2.18692 2.32236695306421e-07
0.0443876 -8.77727 -2.80882 7.71345492969018e-08
0.48253 -2.82545 2.66456 5.00497789010035
0.062304 -3.66202 -0.889646 16.7332724661171
0.462251 3.03566 1.95528 1.27856745534199
0.768259 4.31412 -1.31342 0.3808746942038
0.041303 5.04035 -2.3902 0
0.830293 5.03111 1.26443 0
2.86287 3.37865 1.37827 0.116417684192576
1.26447 3.20663 1.65815 0.637782106539573
0.738492 3.87827 -2.02047 0.652087872153185
0.133664 4.20069 -0.42943 0.69344413820602
0.473979 3.42312 1.70437 0.39881923729904
0.208958 4.86797 -2.66561 0.333718926051075
0.306701 3.48563 -2.81764 17.0881491721401
0.357574 3.44193 -1.47722 15.5437766679001
