29.3213 -1.50428 -2.26669 5.1320629119636e-14
3.73492 0.0821298 -2.23841 7.42745248062547e-15
5.07223 -0.0534911 -2.25812 8.23711467491608e-15
0.555161 0.807985 -2.4682 1.00514456225707e-14
2.48262 -0.534109 -2.86703 0
0.257525 -1.76184 1.58278 0
0.380951 -0.428104 -2.77858 0
0.0282311 -2.82495 1.44925 1.26452381867959e-14
0.759921 1.59175 -2.43247 0
0.36012 5.8015 2.69874 0
1.36995 1.2129 0.12236 0
1.6397 -0.755176 2.04589 8.44178372570857e-15
4.71116 -0.376029 2.00773 6.8256299417559e-15
0.235295 -1.38108 1.11606 1.0326531264658e-14
0.966648 3.04702 -1.12166 0
0.373726 2.09822 -1.48395 0
0.47051 1.74917 -0.344783 0
0.153865 0.0732973 -2.25799 0
1.09843 -1.55636 -2.43041 0
0.475406 -2.00803 -1.40053 0
0.782679 -2.35649 2.52245 0
0.132672 -3.6432 2.88329 0
1.71838 -3.53132 2.46266 0
0.443173 -5.8387 3.12568 0
1.23334 -5.72197 1.50561 0
0.0729684 -5.23491 -2.73923 0
1.5717 -4.45174 -2.6911 0
2.03498 -2.07865 -0.286797 0
4.58414 -1.56172 -0.684395 0
0.732375 -0.252882 1.75133 0
0.317559 -0.694863 1.51005 0
0.56664 4.07602 1.20458 0
1.33198 3.75332 1.82591 0
1.20836 4.26982 1.2857 0
0.739194 4.76432 2.73078 0
0.715425 5.56142 1.90499 0
0.668864 -0.00107489 2.6918 0
0.0855 -1.15061 -1.46771 0
1.17132 1.71563 -2.49998 0
0.990452 0.889946 2.70018 0
1.76684 1.66676 -2.32438 0
0.145859 2.48734 -1.6259 0
0.333119 3.24658 2.25894 0
0.265489 5.19551 -0.441248 0
0.382589 4.81619 -1.92036 0
0.173256 5.3187 -0.148074 0
0.846451 6.42703 2.2182 0
0.0978263 5.94199 2.5057 0
1.44797 4.04998 0.423234 0
0.124234 4.2791 1.99272 0
0.150767 3.32745 -1.3206 0
1.03287 3.11434 0.0700983 0
0.29111 2.05987 -2.63432 0
0.231859 -3.56847 -0.862086 0
0.423164 -2.11645 -2.08863 0
0.466441 -2.33374 1.61868 0
0.596053 -5.42314 1.68529 0
0.445093 -5.41942 -0.501904 0
1.0937 -4.27223 1.331 0
0.113837 -2.79898 -2.51594 0
0.0201819 1.59332 -2.46336 0
0.77925 2.10316 -2.82517 0
0.175514 6.63442 1.29657 0
4.04632 1.63329 2.49733 0
4.40781 1.3772 2.43403 0
1.24339 -0.0359143 1.25452 0
1.44041 0.11664 0.137607 0
0.982795 0.609982 0.573827 0
5.04704 0.265331 0.610129 0
1.10024 2.49618 1.09074 0
0.277022 0.827948 0.655264 0
1.22476 -0.211048 -0.38094 0
1.19635 0.415882 0.0028504 0
0.567048 -1.18323 0.62586 0
0.253048 -1.42056 -2.52871 0
0.796375 -2.26889 1.53445 0
0.82798 -3.88532 1.41119 0
1.67547 -3.31218 0.74704 0
0.686238 -4.19121 0.396402 0
0.441257 -3.88411 0.0245687 0
2.86732 -3.76704 -1.2563 0
1.19399 -3.53404 -1.61105 0
1.83098 -2.02374 2.57285 0
0.180383 -5.38908 -1.48911 0
0.25557 -4.65834 0.907332 0
0.46059 -4.24002 -2.17842 0
0.587611 -0.524265 -2.77381 0
0.871492 1.24209 -0.184631 0
1.00312 2.29257 3.13557 0
0.522679 2.65893 2.76849 0
2.94453 2.26364 3.02049 0
0.0865063 1.07247 -0.392006 0
0.141861 0.525162 -2.79484 0
0.39596 -6.2009 2.52177 0
0.443492 -6.69569 -0.581477 0
0.529532 -6.72444 -1.16403 0
0.526929 -7.20914 1.29955 0
0.21121 -3.26542 1.38607 0
0.187904 4.47821 -1.75376 0
0.200445 2.64044 -2.59079 0
0.37184 0.813135 -2.32876 0
0.518505 -0.166137 1.90975 0
0.720103 -2.53573 0.491041 0
1.47141 4.67189 -0.0357528 0
1.79984 1.49221 -1.3742 0
1.7051 1.01812 -1.08549 0
1.15338 1.38682 -1.28064 0
0.501241 0.0130663 -1.58287 0
0.414971 -0.657479 -2.19444 0
0.819695 0.639455 -2.33012 0
0.46969 -1.08445 -0.969874 0
1.29716 -0.524533 -2.71352 0
0.575986 -2.91507 2.92185 0
0.257253 -3.15475 -2.98678 0
0.254183 -4.25067 -0.58454 0
0.653837 -3.80876 0.511715 0
0.742481 -4.36789 -1.24604 0
0.450321 -0.965474 2.01565 0
0.663335 -0.484544 -1.81485 0
0.177792 -0.937613 2.51669 0
0.148814 1.81483 -2.60023 0
1.70974 2.72565 1.07794 0
1.55094 3.82433 -1.49123 0
0.239837 3.62949 -0.343555 0
0.663738 4.38942 -0.48963 0
0.207132 3.0319 2.41893 0
0.0630528 4.66836 0.163282 0
0.169041 5.65002 0.260997 0
0.110994 5.5333 -0.963082 0
2.7206 4.8054 1.80128 0
0.650936 5.06069 1.94873 0
0.155724 7.27332 -0.0715576 0
9.43102 -0.0197064 -2.29209 8.39943839803968e-15
0.574373 0.184808 -2.25145 7.27197409960646e-15
1.9898 0.108046 2.1543 9.44049354480923e-15
0.172736 1.47587 1.64838 1.33102914068732e-14
2.12416 -0.0799194 1.97943 6.89042324396504e-15
0.402457 5.92094 -0.5468 0
0.230296 4.47311 -2.53169 0
0.118825 2.21816 1.72622 0
1.12915 -0.653988 0.319004 1.19806320078902e-14
2.01448 -0.561739 0.16016 1.2730229882433e-14
0.0435105 4.40639 -2.29671 0
1.76253 2.42551 -1.65357 0
0.56331 2.63896 -1.06244 0
0.746333 0.582183 0.00184721 0
0.558501 -2.52034 -2.09734 0
0.370035 -3.08659 -2.49819 0
0.730238 -3.07857 2.41435 0
0.94782 -3.61856 2.41456 0
0.947268 -3.11016 2.99708 0
0.358602 -5.4021 -3.11401 0
0.189461 -4.0581 -0.429836 0
0.665377 -6.38885 1.27638 0
0.270091 -4.11594 2.10203 0
1.01383 -3.16149 2.98641 0
0.231208 -4.23686 1.46979 0
0.0767409 -4.58414 -1.91888 0
1.23602 -1.41315 -0.793555 0
1.62746 -1.32133 -0.686563 0
4.33234 -1.56186 -0.564004 0
0.295735 2.01063 -2.8059 0
0.358148 2.61139 -0.683512 0
0.234395 2.02878 3.10678 0
0.213962 1.78283 -1.63872 0
0.364203 3.50908 -0.972903 0
0.484788 2.65082 2.39748 0
0.358352 -1.83761 2.08065 0
0.214516 -0.14963 -2.74409 0
2.18587 0.807081 2.73719 0
0.243051 0.813741 1.69013 0
0.798584 1.47961 2.07113 0
0.321433 3.88102 -1.49923 0
0.747733 3.53329 3.13279 0
0.611835 3.19464 2.46561 0
0.255165 1.85857 2.53611 0
0.249126 2.05743 -2.01625 0
0.589957 0.84278 0.127337 0
0.517664 -2.10279 1.36954 0
0.178389 6.60399 -1.54091 0
0.482538 4.87263 -2.10921 0
0.295368 4.89582 -0.467559 0
0.601797 1.4059 1.73043 0
0.568551 0.680297 -0.0252444 0
0.572295 4.42975 2.10962 0
0.406579 6.07828 2.25176 0
0.259838 6.48283 -2.02329 0
0.35557 0.254017 1.43684 0
1.22536 -0.0365621 0.89414 0
0.223467 -2.16631 1.88431 0
0.385912 0.287753 -0.571739 0
0.157234 0.904172 -1.65808 0
0.437344 0.987895 -0.857906 0
0.775358 1.03886 0.825387 0
0.283008 -1.94484 1.41313 0
0.515766 -2.7894 1.21446 0
0.600876 -3.98865 0.813446 0
0.0357841 -2.26787 -1.21979 0
0.242961 -2.68962 1.22026 0
1.83213 -3.30071 1.78843 0
0.775802 -3.86486 1.26004 0
1.03369 -3.60315 0.919015 0
1.03142 -2.79785 -0.397836 0
1.91818 -4.40317 -0.774818 0
0.306025 -4.71467 0.588838 0
1.30243 -2.98392 3.04398 0
0.291889 -4.01108 -2.04786 0
0.259211 -2.8337 0.910557 0
0.929777 1.89033 0.0469412 0
0.646014 1.58769 0.415509 0
0.288161 1.49975 -2.04257 0
0.857208 1.82507 -0.257487 0
0.242927 2.72673 0.350712 0
0.291221 1.79559 -3.0189 0
0.469675 2.4156 2.42346 0
7.38053 2.11577 2.89491 0
0.564809 1.5068 -2.71789 0
1.06705 1.15934 2.27663 0
0.33411 0.430495 1.8363 0
0.123818 0.363868 -2.4819 0
0.557087 1.52193 1.96823 0
1.03539 -0.211233 1.77214 0
0.516734 -1.85717 2.26392 0
0.379183 5.01961 1.66004 0
1.04488 5.05373 2.86468 0
0.234641 4.33901 1.35397 0
0.411975 4.24888 2.59897 0
0.873872 3.87609 -2.7206 0
0.201521 4.52776 -2.03033 0
0.0730208 5.53269 -1.17927 0
0.282457 1.35858 0.0373722 0
0.25001 4.35908 -2.68524 0
0.381556 5.65557 -2.96287 0
0.894553 5.39887 -1.68346 0
0.0959517 3.83678 1.8099 0
0.683272 2.16357 0.874048 0
0.250615 0.752574 -2.36391 0
0.492701 0.386691 2.374 0
0.378726 0.624364 -3.05948 0
1.88191 -0.706177 -2.38804 0
2.21157 -0.389759 -2.09332 0
0.453728 -3.19708 1.72131 0
0.298072 -0.844591 -0.739312 0
1.4934 -6.36437 -1.41338 0
0.286699 -4.39353 0.0552344 0
0.491099 -4.96704 -2.54552 0
1.54088 -5.92502 -1.34389 0
0.417056 -4.4738 -0.523399 0
0.163643 -3.07642 -2.33091 0
0.590383 -3.17032 -0.489575 0
0.392117 0.413754 -0.83912 0
2.57031 4.88321 1.41076 0
0.595663 4.70499 -1.32171 0
0.394552 5.6106 2.59301 0
0.546211 6.16457 2.34671 0
0.712989 6.00442 1.98772 0
0.529645 0.200531 2.43993 1.18579238633285e-14
0.762659 0.0815208 2.11838 9.00577256223854e-15
0.338929 -0.632777 1.64463 5.02060205390045e-15
1.28518 -0.733058 1.5585 5.67771213942234e-15
0.43696 5.13718 2.73326 0
0.299591 4.14273 2.77229 0
0.117602 1.56669 -0.392338 3.14308737441409e-07
0.0574185 3.10383 -2.83649 1.37882395408575e-07
0.0498483 -6.90573 0.82876 0
1.10518 -6.11083 0.467221 0
0.350881 -5.17937 0.927861 0
0.214998 -6.22156 0.694375 0
0.116613 -4.88378 2.52313 1.00685769055952e-07
0.35008 -5.21614 2.79588 5.02061234680316e-08
0.116803 -4.25344 0.786903 3.83471038653471e-06
0.0764998 -4.23048 0.800741 3.99125651608577e-06
2.25698 -1.65533 -0.643402 0
3.82658 -1.53862 -0.598279 0
0.455337 0.294317 2.83487 0
0.0985536 0.948994 -0.237527 0
0.712262 2.11051 2.67738 0
0.61163 2.44316 2.92094 0
0.31258 2.50683 3.05103 0
0.211709 2.64491 -2.58828 0
0.117399 6.81924 -2.93627 0
0.122741 5.56816 -2.56598 0
0.221591 -1.90831 1.45965 1.03628579808331e-07
0.280767 -1.46421 -0.0259136 9.48388998122435e-08
0.185383 -5.91462 -0.476807 0
0.235686 -5.67153 3.11534 0
0.586129 -3.16376 -2.56034 0
0.784374 -2.51398 -2.34419 0
0.0763106 -3.22072 -1.90778 2.06419659928636e-08
1.00555 -2.06132 -1.86713 4.87957845207354e-09
0.138207 -1.59148 -1.76949 0
0.70267 -2.08571 -2.55043 0
0.068486 6.11278 -1.25626 0
0.231457 5.85956 -2.50951 0
1.74014 1.532 2.25 8.42711053662098e-09
0.308398 1.53948 2.39814 2.03138950263524e-08
0.129821 1.01324 -1.15917 0
0.263608 0.96677 2.46641 0
0.141087 -0.0409518 0.460239 3.49978281120226e-07
0.459973 -0.0558135 1.40997 2.25283954828575e-07
0.24507 -0.572105 1.1664 0
0.456066 0.514448 0.581304 0
0.261636 0.409435 0.406586 0
4.58216 0.260941 0.612973 5.13880954475058
0.224059 -3.86061 -1.85532 0
0.406055 -3.71562 2.35043 0
0.134925 2.13025 1.13444 1.66088294617614e-08
0.409489 2.07921 1.33024 2.2143740691916e-08
0.470515 1.28803 0.42235 0
0.209503 1.36696 0.858825 0
3.52001 1.97613 2.99635 0
1.10616 2.05229 2.91859 0
4.75408 2.22643 3.10397 0
1.23674 2.35798 3.12004 0
0.0861796 0.961594 1.08912 0
0.296759 0.675502 -2.2137 0
0.67663 0.928011 2.20341 0
0.127867 0.702416 -3.04484 0
1.51463 0.824862 2.36027 2.36976084249656
0.244678 -2.17929 -3.02704 0
0.137408 -2.42362 -2.1438 0
0.240434 -3.63284 -0.143365 2.14194124830031e-08
0.219424 -3.01909 -0.0701088 3.28316547884524e-08
0.102179 5.51848 1.43998 0
0.504611 4.53691 -0.825985 0
0.329936 -1.95901 -0.743257 0
0.277445 -2.34157 0.179333 0
0.115813 -3.58319 1.09555 0
0.74458 -3.57692 0.344789 0
0.316705 -0.834081 -0.750943 0
0.042493 1.66081 0.0438201 0
0.30097 1.35538 -0.552909 0
0.190955 0.65158 2.02964 0
0.771986 2.92094 -0.708299 0
0.365018 5.09184 1.48594 7.59835662273087e-08
1.35535 5.08237 1.63044 9.49619495286574e-08
0.0373038 1.27812 -1.7933 1.61456851900091e-05
0.378123 1.27864 -1.81354 1.55184018149884e-05
0.221911 0.660645 0.860069 13.3166725081831
0.293741 0.39413 2.69712 11.4320194418675
1.42327 0.687187 2.17399 9.67903018484525
0.209294 0.976765 1.66444 54.1444779878705
1.68876 -0.0111558 0.440161 18.0253359153533
2.85426 0.164204 0.496575 10.5259544357348
0.129488 0.731225 -0.639357 6.84918698526806
0.33835 1.41623 1.14713 1.53396083192275
1.38353 0.574129 -1.17556 1.41514301765509
0.499851 0.139232 -1.06664 4.52630000568839
0.876731 -0.214352 1.53262 2.16150732205249
0.0455612 -1.41011 2.13348 19.4969670698323
0.628896 -0.176614 0.167834 0.692523455048839
4.40648 -1.12188 3.07787 0.0372482470647802
0.560083 -1.36121 2.38709 0.320286582504037
1.45018 -1.21308 -2.86706 0.153242969280551
1.07183 0.333156 0.528373 7.67601162466241
0.723058 3.23712 0.474863 1.21869025184373
0.0729309 3.21492 -0.66009 12.3199680570595
0.818496 0.655507 -0.831715 0
0.286053 -0.200456 1.0591 0
0.212315 1.90545 -0.6711 13.6298012971081
0.202315 2.02329 2.72641 12.7896423995507
1.35283 -0.00625383 2.52161 6.09648285725727
0.232142 -0.145087 3.01449 35.2472945703173
0.22177 2.67506 0.862296 2.41796394820587
0.146164 1.90371 0.786612 7.65530445490196
0.708465 2.80178 1.2709 0.989120272751268
0.20303 2.91265 1.37926 3.09579128978521
0.889562 2.66519 -0.859858 0
0.339316 -5.31223 -0.69194 0.0432718642956109
0.538053 -4.65199 0.907252 0.0643207248617494
1.92544 -1.66495 -0.654239 0.19189840067859
0.0217716 0.177509 -2.75817 6.05861482305568e-05
0.121306 -0.709496 3.11342 2.33516673687515e-05
0.569106 1.62516 2.42026 0.0107356662947961
1.47287 1.61245 2.38714 0.0259777162473349
0.495939 -1.44047 -0.394582 1.9824200380422
12.7312 -1.63975 -0.641426 0.225281188237222
3.41828 -1.7306 -0.679623 0.409219744279866
2.29943 -1.75309 -0.523715 0.928423789022404
2.05516 -1.6471 -0.552481 0.668583816411769
0.043788 2.05952 1.76265 0.121913110841035
0.867104 1.54292 2.58398 0.0354242124655497
2.87438 1.22453 2.25994 0.0571951888282064
