0.597577 1.20792 -2.50721 0
0.419229 1.72485 1.24138 0
0.482397 3.65838 -0.19281 0
0.558872 7.78694 3.00936 0
0.226848 7.64942 1.8837 0
0.376384 7.81634 -2.52752 0
0.625942 8.5952 -3.07475 0
0.31001 -0.896388 1.46411 0
0.637998 0.0287532 2.55597 0
0.357924 8.01086 1.91076 0
0.523987 6.84564 -1.81129 0
0.562678 6.4309 0.655371 0
0.524393 4.85821 -2.5068 0
0.322912 4.99471 2.51349 0
0.491825 -2.03598 -0.672002 0
0.513955 -3.64561 -0.198796 0
0.492128 -5.36144 0.883107 0
0.926866 -8.899 1.07582 0
0.282332 -8.42517 -1.34825 0
0.52932 5.15042 -2.35901 0
0.627174 -4.31625 -1.88745 0
0.577388 -1.61107 -2.55792 0
0.211982 -1.90405 -2.77524 0
0.150069 0.770731 -2.21887 0
0.074866 -1.5695 -0.694624 0
1.72601 -0.422547 -2.99215 0
0.8039 -0.0518649 -2.88121 0
0.152005 -1.67152 1.35085 0
0.610888 8.10155 -1.67176 0
0.294339 2.51223 -2.32824 0
0.380245 3.07222 0.485192 0
0.341212 2.07742 -3.0088 0
0.155656 -0.115113 -1.55981 0
0.311451 2.14024 -1.72631 0
0.311311 -2.76281 0.511682 0
0.335661 -4.25462 1.75806 0
0.0189519 -4.45565 -0.953839 0
0.0976214 -5.61857 -0.522696 0
0.233547 -4.77585 2.73967 0
0.296345 -6.89886 1.43861 0
0.0775786 3.1392 2.93687 0.237363970539369
0.28069 2.49137 2.82039 0.184962693261623
0.98344 0.513698 3.1216 0.472426163002474
0.184162 3.31213 -2.64971 0
0.282492 2.19891 2.80348 0
0.122877 -5.56191 -2.98101 0
0.30082 -4.36519 -2.91384 0
0.0880087 -2.94251 2.7513 6.40824258700501e-08
0.179416 -1.73667 3.02654 2.67848450358939e-08
0.398578 0.192942 -1.2651 0
0.48075 0.669677 -0.4327 0
0.264939 1.22635 -0.521482 0
0.7623 1.24353 -1.53084 0
0.460852 1.01097 -0.0427608 2.01610635006685e-08
0.982659 0.989252 -0.266812 2.71571839236583e-08
0.252897 6.87553 0.623297 0
0.371549 7.79991 1.07237 0
0.0189446 4.96397 -1.28362 8.48757660894017e-08
0.136319 1.8169 -1.18048 2.05608873683986e-07
0.471408 -2.00466 2.5385 3.09726043863408e-08
0.0745651 -2.42367 2.74059 9.38195772793945e-09
0.817849 -4.55262 0.792737 0
0.493077 -4.889 1.37393 0
0.163513 -4.48823 0.307451 0
0.283815 -4.93989 0.94265 0
1.93648 1.3339 -0.376062 0.0434394381580866
4.82608 1.20273 -0.458104 0.0265942378327676
2.25685 1.23533 -0.670322 0.0400142890999706
