19.16 3.51524 1.23 8.95380590007055e-14
2.09778 -0.392214 -0.773713 0
0.571363 2.29973 0.223426 0
0.259482 3.20344 -0.545325 0
1.25506 2.48729 0.827423 0
1.04564 2.13354 0.945041 0
0.363374 2.3972 2.16004 0
2.25701 0.0987968 -1.62987 1.48536058592278e-13
4.06903 -1.61649 -1.07664 0
1.18209 -1.83077 -1.38103 0
1.61091 0.67598 0.36815 0
0.0843534 -1.60652 1.23776 0
1.14516 0.0836024 0.494004 0
0.324579 -3.47977 -2.85149 0
0.841623 -2.67308 -1.49673 0
1.54345 -2.55803 -1.60725 0
0.334594 -4.46062 -0.893559 0
1.15992 -4.69352 -1.79208 0
0.402365 -3.63229 2.20469 0
0.596027 -4.92404 -1.27804 0
0.615203 -4.95246 2.38006 0
2.13494 -5.35815 2.20325 0
1.03595 -0.122258 -2.00522 0
1.09314 0.0642092 -2.72548 0
2.09275 -1.01235 1.13012 1.76212196421141e-13
0.587039 -0.672556 0.869618 1.68662255920185e-13
2.77649 0.505898 1.56855 1.53262699764177e-13
1.67042 0.356824 1.85337 1.25366978606679e-13
3.85484 -0.00977115 2.04195 1.17184352664929e-13
2.62007 0.225702 2.22814 7.6504199571284e-14
7.74308 0.299731 2.41993 4.27881900071777e-14
8.95455 0.334913 2.36198 5.15938875192882e-14
11.3687 0.389667 2.41206 4.36815255784068e-14
1.433 -0.581732 -2.46816 1.48513282599288e-13
2.02703 -0.573979 -2.0695 1.52392564850981e-13
0.375231 -1.83232 -1.72119 1.40516908951374e-13
0.247391 -0.102909 2.75567 6.845907553465e-14
1.87109 -2.95918 -2.23613 1.44708428882738e-13
0.286508 -1.14109 -1.78104 0
0.110513 -4.63998 0.276998 0
0.219555 0.0288896 -2.07076 0
0.552609 -0.426021 -2.40264 0
1.0405 -0.713267 -1.93605 0
0.789907 -1.01164 -1.47601 0
0.392073 -1.12024 -2.86338 0
0.949816 -2.24559 0.91473 0
1.01806 -0.764676 1.75094 0
0.259705 -1.21094 2.42957 0
1.69963 -1.42514 -0.651156 0
1.66397 -1.86837 0.281135 0
0.585281 -1.89388 1.17398 0
2.20285 -2.17801 0.337327 0
1.53703 -1.96081 0.104149 0
0.510846 8.38602 -1.33543 0
0.483265 5.97443 0.282596 0
0.210552 5.7595 0.494422 0
0.878933 5.64231 0.625824 0
0.232968 4.72192 2.70747 0
0.424113 5.25789 0.329837 0
1.59487 4.70279 0.281771 0
0.903664 5.36507 1.55861 0
0.821944 4.19843 0.0429709 0
1.40274 3.03908 1.01915 0
0.456469 2.93463 0.638344 0
0.118464 -9.00311 0.0112498 0
0.394742 -6.02139 2.34527 0
0.142001 -6.83302 0.0422032 0
0.27576 -4.71868 1.0787 0
0.815537 -4.05068 0.851442 0
0.228665 -5.72166 0.049196 0
0.121097 -5.50844 2.60746 0
0.279458 -3.54511 1.46046 0
1.10873 -4.60134 -1.8341 0
1.25768 -2.22339 -1.5978 0
0.683298 -2.99174 -0.635024 0
0.279312 4.43663 -0.282543 0
0.471839 2.87522 -2.53369 0
0.0552591 4.74431 -2.20131 0
0.568595 -2.26399 2.03887 0
0.0677496 4.96952 1.1932 0
1.12379 -0.350479 3.09222 0
0.628495 -0.810474 2.09989 0
0.307745 2.37344 0.998279 0
1.57832 2.62162 2.27016 0
3.02865 2.79465 2.02232 0
0.492942 3.32191 2.35648 0
0.108485 5.00959 0.590168 0
1.40585 3.13425 3.03612 0
0.168672 3.14423 -0.1975 0
0.188198 -1.9871 0.048972 0
0.230849 2.43359 1.98159 0
0.679852 -3.77248 1.77196 0
0.845807 -3.32257 -1.45172 0
0.139035 -3.45928 -1.11893 0
0.278444 -1.65737 2.20349 0
0.068189 -2.96111 0.277995 0
0.273733 -1.25888 -1.1439 0
0.882569 2.33235 2.55352 0
0.208519 4.26704 0.378762 0
1.09298 4.0541 -1.5592 0
1.423 4.17776 -0.0560873 0
0.978836 4.01687 -0.196491 0
3.74031 4.28615 -0.0459514 0
1.44796 4.42881 -0.465374 0
0.248956 1.88842 2.6748 0
0.152658 1.49344 0.290012 0
0.277755 0.946359 -0.13847 0
0.348458 7.31608 3.07649 0
0.348106 3.81723 0.411191 0
0.381889 3.3554 2.98577 0
0.909029 -0.535622 -1.05556 0
0.237186 -1.20577 -0.443097 0
0.416387 -2.18459 2.45396 0
0.559009 -1.44269 -2.65574 0
0.356366 -2.05193 -1.15579 0
0.507226 -1.59329 3.1042 0
0.429266 5.73866 -3.09425 0
0.195277 3.02006 -1.07089 0
0.112322 1.30545 2.51985 0
0.340266 -1.25117 0.168003 0
2.87826 -0.047041 -1.54133 0
3.40588 -0.0613966 -1.70036 0
2.38113 -0.346652 -1.46957 0
2.20892 -0.0829221 -1.68892 0
2.639 -0.0923909 -1.69994 0
1.03882 -0.139414 -1.21689 0
1.42911 -0.487793 -1.58583 0
1.21839 -0.342453 0.273885 0
0.721805 0.218364 -0.285649 0
2.9639 -1.32061 2.12547 0
1.35321 -1.52697 2.09191 0
1.52767 -1.02902 1.99416 0
1.84999 -2.25414 2.03493 0
0.683994 -2.34844 2.0037 0
1.65758 -2.36981 2.27477 0
1.54464 -4.84577 -2.94865 0
0.305063 -4.91807 1.17286 0
0.188306 -4.60912 2.39694 0
0.126649 -7.43418 -2.13371 0
0.575745 -6.26751 -2.99721 0
0.223026 -6.43575 0.845471 0
0.386533 -4.459 2.52127 0
0.0832741 -4.31318 -0.254446 0
0.738965 4.77525 0.68565 0
0.751191 7.16642 -2.265 0
0.387405 -7.32347 -1.13921 0
0.604364 0.295375 1.16228 0
0.124148 -1.9678 2.63101 0
0.188406 3.26655 -1.66451 0
0.529123 0.39214 -1.3219 0
0.108144 1.563 0.233799 0
0.383214 0.978018 -1.53886 0
0.97927 1.56864 0.722479 0
0.659336 2.05487 0.561324 0
0.475638 2.04992 -2.74064 0
0.194632 2.59129 2.6566 0
0.691895 3.88115 -2.33742 0
1.11825 3.85591 -2.75309 0
12.37 3.88721 -2.75436 0
1.01701 3.93337 -2.72355 0
0.369863 2.04574 0.529098 0
0.743473 -0.457167 -1.39884 0
0.789626 -0.72401 2.4587 0
0.159874 -3.06657 -2.54205 0
0.194442 -2.98154 -0.133604 0
0.315917 -0.726158 1.39588 0
0.375401 -1.68352 -0.612309 0
1.19142 -0.681158 -0.444265 0
0.135463 2.53561 1.15172 0
1.15018 1.49878 -2.21697 0
0.672634 4.03489 2.18981 0
1.83674 -1.04143 -1.0656 0
1.56155 -1.16475 -0.817308 0
0.464666 0.494706 -1.81219 1.5229357664938e-13
0.814158 1.39048 1.09707 0
0.53985 -1.79944 -0.779463 0
0.341896 -2.2736 -1.16818 0
0.747614 -0.590869 1.10983 0
1.77586 0.143371 1.12614 0
0.980063 -2.66369 -1.40459 0
0.725347 -3.02318 -2.67018 0
1.04088 -3.13921 -2.24583 0
0.172024 -4.13884 0.721052 0
0.582882 -2.96935 -2.91579 0
0.318314 0.772336 -1.26345 0
2.39518 1.30413 -1.45107 0
0.454663 1.13219 -1.66624 0
1.56883 0.43265 -1.97778 0
0.164563 2.24036 -1.53782 0
2.14454 -0.722241 -2.68235 1.46056728147197e-13
1.13234 -0.337903 -2.41405 1.45348234405261e-13
0.700406 -3.82247 -2.87946 0
0.270655 -2.4928 -2.37978 0
2.26944 -0.660568 -2.04568 0
1.67021 -1.17194 1.58907 0
0.403803 -0.845241 0.542396 0
0.636907 -1.08723 0.646906 0
1.80229 -1.17685 -0.392765 0
0.266259 -1.50307 -0.307097 0
0.288772 -2.29235 -1.6365 0
0.362672 6.70745 2.52474 0
0.739459 -4.83317 0.9611 0
0.300497 -3.35296 0.74039 0
1.35554 -4.26684 1.17744 0
0.189995 -5.36123 1.15382 0
0.821274 -4.03651 -1.52271 0
0.026353 -4.83995 2.40966 0
0.220024 2.70725 -0.509042 0
0.314184 1.12526 -0.02761 0
0.23474 0.0548424 2.85574 0
0.258735 -1.25598 -0.692839 0
2.72629 -1.2874 -2.3784 0
0.212507 -2.69721 2.76005 0
0.858266 -1.65226 0.622414 0
0.208858 -2.07644 -2.14087 0
0.39612 0.457452 2.42631 0
0.415109 0.4646 -2.16873 0
0.433572 -0.497195 2.4912 0
0.521831 0.321361 1.04846 0
0.0473672 1.06631 2.08512 0
0.113069 1.58133 -2.3135 0
0.350875 1.29554 2.53228 0
0.918405 1.32801 2.95051 0
0.970845 2.55075 -1.53122 0
1.91393 2.99862 -1.88588 0
0.332499 2.49872 -1.71049 0
0.48862 4.44656 -2.74782 0
0.836706 4.53967 -1.30897 0
0.27141 -3.2198 2.88115 0
0.344188 -1.08061 -1.31212 0
0.266655 -2.60097 -1.24616 0
0.32283 -1.81012 1.36535 0
0.539874 2.3475 2.33508 0
1.88609 4.29695 -0.0719287 0
3.33205 4.33656 -0.0681209 0
1.34374 4.31815 -0.042506 0
0.136486 4.03564 -1.13522 0
2.36328 4.17692 0.0628848 0
0.259851 3.23054 -0.0545156 0
0.296059 3.36933 -1.91971 0
0.626862 3.96457 -0.202689 0
0.455866 3.08586 1.32665 0
0.307253 3.32588 -1.7525 0
0.808461 1.49732 -1.65406 0
0.0711365 2.24973 2.80749 0
1.52987 2.27962 2.49212 0
1.24626 1.3847 2.86324 0
0.74812 1.49351 1.88543 0
3.20692 0.31565 0.590473 0
0.306647 0.263272 0.304878 0
1.10461 0.659946 0.359325 0
0.762336 0.176921 0.493986 0
0.347035 -0.271191 0.406277 0
0.419416 -0.744125 -0.121186 0
0.33349 -1.40397 -2.20438 0
0.183436 -2.18503 -0.672967 0
0.355843 4.68041 -2.52024 0
0.343239 1.97352 -1.19363 0
0.704031 0.801795 -2.69948 0
0.574191 0.529649 2.05663 0
0.120376 -0.457601 1.96593 0
0.731489 0.128527 -0.627993 0
0.129549 0.212139 -2.92576 0
0.754457 -1.6289 -0.844114 0
2.21352 -2.01847 -1.22784 0
1.91062 -0.0626188 -1.33659 0
1.07092 -0.282124 -0.418802 0
0.627615 0.298682 -0.333308 0
0.206483 -1.48184 -1.38086 0
0.947388 -0.0897198 0.535972 0
2.49391 -0.764382 1.92416 0
1.84637 -0.824817 1.83929 0
0.10339 -3.8803 -0.420107 0
0.693688 -4.48245 -1.93474 0
0.46765 -4.09329 3.06007 0
0.143412 -4.2524 -2.92388 0
1.77645 -4.80948 3.00007 0
1.38175 -4.36594 -2.87349 0
0.552273 -4.67144 2.58331 0
1.11113 -5.29996 -3.04622 0
0.777061 -5.84534 2.60671 0
0.434889 -6.68542 2.39603 0
0.420675 -5.96126 3.11172 0
0.583156 -4.50928 -0.486014 0
0.238541 -4.2748 -2.23651 0
0.287932 -1.60866 1.40649 0
0.449086 -0.57425 -1.25073 0
0.279016 1.1281 -0.732059 0
0.54088 -2.75266 3.02235 0
0.466522 -2.63885 -0.347749 0
0.498975 2.18226 1.821 0
1.27444 -0.132878 -1.4468 0
13.7666 -0.254879 -1.53057 0
1.02257 -0.237343 -1.5909 0
1.16402 0.911789 -1.06796 0
0.55917 1.93653 -0.944024 0
0.558782 0.897585 -0.477729 0
0.389217 1.52556 1.33774 0
0.466145 1.03043 2.67378 0
0.469966 3.15874 3.02339 0
4.03757 3.84807 -2.59997 0
2.19269 3.96687 -2.64186 0
0.980312 3.71563 -2.85518 0
0.454693 1.4956 0.314735 0
1.10238 0.285566 1.26445 0
0.152514 -3.03487 -3.10219 0
0.168182 -3.01419 0.270201 0
0.451895 -2.51923 -0.943041 0
0.232531 3.43385 3.10605 0
8.41363 0.265163 -1.87243 0.00551937365240007
1.48987 1.47007 1.35465 2.57341104969991e-08
0.357292 1.33241 1.32733 5.59448836972777e-08
0.363955 0.350296 -2.17318 56.101605798857
0.120004 -0.332836 0.817581 5.24140414276801e-10
0.237131 1.28779 0.679642 0
0.697753 0.206816 0.62723 0
0.318965 -2.06318 -2.15173 0
0.158709 -2.27439 2.45812 0
0.394706 -3.28743 -1.93186 8.2622771095872e-08
0.328983 -2.84423 3.08469 1.5680877512035e-07
1.78469 -0.703321 0.650697 0.0239516158886792
3.8287 -0.782599 0.884765 0.052383432313237
3.20283 0.267953 2.48686 3.34601387030332e-14
6.83997 0.410726 2.43023 4.14444252758259e-14
8.41601 0.386803 2.40716 4.44174480630448e-14
12.3643 0.433923 2.40355 4.65648127996477e-14
0.187418 -1.55628 -1.67049 1.39026558663564e-13
0.282215 -1.02722 -1.28385 1.19302292934901e-13
0.325189 0.869225 -0.838108 0
0.296825 -0.234147 -0.0228522 0
0.350613 3.14258 0.738287 0
0.353007 3.18948 -0.0494433 0
0.748639 -3.61821 -1.43355 0
0.204208 -3.5353 -2.77784 0
0.889073 -2.70451 -1.17296 0
0.0191574 -4.88558 0.149592 0
0.199476 2.10365 -0.133921 7.1202594076182e-09
0.243909 2.80057 0.806274 1.84720248494531e-09
0.431207 -0.1913 0.948933 25.5388817205254
0.0764483 -1.05073 1.18592 54.9893364911065
1.44391 -0.392415 2.8396 8.28571748131005
0.0892613 -0.621213 2.33587 117.97670249581
0.492173 1.06552 2.78311 0
1.00343 1.12792 2.19553 0
0.633832 2.44184 -2.99421 0
0.322944 1.57172 -2.93854 0
1.32214 3.37104 2.74382 7.07649651846126e-08
0.46079 3.71216 2.77551 1.0165774541531e-07
0.342285 4.8318 -1.24097 0
0.54879 5.29547 -2.01943 0
0.889266 -4.03315 2.60848 0
0.750778 -4.79798 2.1923 0
0.185498 -3.80542 1.26849 0
0.0991204 -5.26215 2.16955 0
0.358694 2.557 -1.94637 2.38216387021611e-05
0.300005 2.56782 -1.95643 2.80357552167955e-05
0.787509 0.94006 2.36509 0
0.330537 0.661088 2.34822 0
0.284365 3.63739 1.95586 0
0.14866 2.95523 -2.06196 0
1.85435 -0.214173 -1.35407 0
1.29612 -0.114007 -1.47206 0
0.318732 0.0235889 -0.576785 7.14717948046374e-10
0.177016 -0.911103 0.668321 7.27369655175577e-09
0.181905 -0.995618 0.545018 6.7929790467601e-09
0.0825781 -5.42283 1.31241 5.57787030774128
0.254125 -1.75679 -1.65706 0
0.414672 -1.37683 -1.9568 0
0.489585 -6.48384 -1.02766 0
0.92953 -6.68982 -0.747857 0
0.142094 3.15929 -2.58594 0
0.282046 1.13865 -2.38314 0
0.778965 0.0870851 -1.22341 0
0.0759206 0.137765 -1.21459 0
0.416019 3.9999 -2.84018 8.63259091885884e-09
0.093974 3.80424 -2.7629 3.11058389144367e-08
0.513437 4.02294 3.05531 0
0.131732 5.20271 2.9821 0
0.327655 1.64974 1.15095 1.2691613067373e-07
0.212118 1.85216 1.24686 6.68087506720099e-08
0.181695 -2.95793 0.991864 0
0.176175 -3.82476 2.61292 0
0.452166 1.02073 -2.02783 65.0835472048095
1.759 1.37988 -2.02989 12.3791128260036
0.740937 1.20133 -0.651099 3.94018343807782
0.520368 1.29973 -1.3166 5.16550079892254
0.272542 4.17231 2.64186 8.06293240852513
0.687282 3.38833 2.12923 7.01119047676709
0.415011 0.310933 0.675694 25.9919016161084
0.247577 1.20295 -0.252568 25.1330922441474
0.0350162 -3.1851 -1.1069 43.8624530808962
0.644564 -2.28686 -2.62957 5.7792077111242
0.181271 -0.467086 -3.08766 6.59100427653357
0.166956 0.885041 0.798391 5.60874581316427
0.504199 -0.358694 -1.52493 9.43186228328292
0.234276 -1.13219 -0.600778 12.6468594063504
0.0390566 -3.03549 -0.880877 0.81760103558544
0.581559 -2.68296 -1.36153 0.077426533795985
0.47932 -0.902987 -0.829407 17.7555471740708
0.10759 -1.86563 -2.46693 34.2981247652549
0.306449 -2.46299 2.5855 15.1338706369961
0.193082 -3.13367 -1.93194 12.3743267315953
0.312705 3.39447 -1.34663 1.73549929961376
0.124353 2.9938 2.72434 6.48503509727874
0.310658 0.142348 2.51171 0.00399760909489724
0.808398 0.305996 -2.34876 0.237288962903353
0.711599 -0.815581 1.7815 0.0664511199922741
0.471695 0.199954 -0.161278 0.10534134838573
0.52945 1.32669 -3.13971 0.115003495792843
0.122819 2.57132 -1.00553 0.284325705762973
0.578437 0.773089 2.94739 0.314975303986611
4.16061 -0.744167 1.12011 2.15555252078222
0.667016 -0.755251 1.29201 13.3127796297617
0.210116 0.141123 -0.0578687 0
0.339456 2.15129 0.0343514 0
0.186278 1.86741 2.65229 1.05523388321152e-05
0.104995 1.86373 2.64469 1.07462156693884e-05
0.846794 0.652919 -1.17431 0
0.584557 1.25707 -2.25337 0
0.279092 1.24064 0.53431 0.0010040260328979
0.757838 0.493418 -1.94531 0.33538803936179
0.289273 -0.16452 1.82845 19.8402967734414
0.71901 0.0943727 0.981713 8.032859865919
0.877872 0.276777 -0.32415 1.46979635787336
0.605633 0.833098 -0.601511 0.354670087443076
0.797207 -0.172221 -0.762617 0.0585589174821551
0.504013 -0.275607 -1.33632 0.126158956295321
14.7426 0.592006 -0.367065 0.109330656369449
2.20231 0.74476 -0.30379 0.260511013528116
5.33018 0.699333 -0.33219 0.152916042062778
1.2031 0.61269 -0.136107 0.400526084078197
2.97949 0.617102 -0.342707 0.0642995094942912
