0.450259 -0.111301 -1.58035 0
0.60551 -1.26258 -0.319463 0
0.219646 -3.55758 0.744452 0
1.56668 -2.4801 -0.598539 0
0.692363 -4.74887 2.10721 0
0.833855 -5.70758 2.29797 0
0.170205 -5.86485 -1.38667 0
0.391929 -3.6595 1.8724 0
0.233235 -3.74846 -0.264397 0
0.403484 1.27534 2.74947 0
0.674356 1.20666 0.147821 0
0.2322 3.02127 0.283404 0
0.334131 1.84113 0.403995 0
0.717671 0.610103 0.794393 0
1.11197 0.22454 1.89483 0
1.89682 0.301398 0.728883 0
1.12501 -0.0270346 -1.18204 0
1.12913 -0.498723 -0.906548 0
1.77187 -1.94524 -0.0680695 0
0.460893 -0.289613 1.55967 0
0.786643 -1.93542 -1.32522 0
0.697774 -3.67297 2.97265 0
0.442452 -4.79253 1.09254 0
0.576242 0.555744 -3.06506 0
0.618035 -0.0130265 1.65624 0
0.33597 -2.00623 -0.572083 0
0.532969 -5.14876 1.37138 0
0.596397 2.51236 3.07957 0
0.402305 -0.696894 1.06499 0
0.276005 -2.297 2.23522 0
0.789115 -2.3829 -1.08569 0
0.545053 -4.66912 0.139097 0
0.238611 -8.29594 -2.91083 0
0.345925 -7.48964 -2.02881 0
0.523069 -4.86864 -2.03288 0
0.952401 -4.63246 0.284966 0
0.346065 -4.37533 1.55165 0
0.505895 -2.75035 2.10594 0
1.5057 -2.48068 -2.72281 0
2.17363 -1.93528 -2.99234 0
0.798654 6.13746 1.38915 0
0.646212 -2.41853 0.0706178 0
1.20654 -2.71324 0.880344 0
0.211645 -2.16438 -2.68783 0
0.183661 -1.62149 3.03409 0
1.04554 -1.08284 1.22298 0
0.298301 -0.715401 2.03444 0
1.21465 -0.00736436 3.08704 0
0.265716 0.0284503 -2.80689 0
0.603246 -0.856692 -2.04585 0
0.137027 1.21028 -1.92605 0
0.229249 3.01437 2.11285 0
0.509876 1.92417 2.59788 0
1.40356 3.24163 -0.690647 0
0.353949 4.31631 -0.484006 0
0.188543 3.09801 2.78028 0
1.0467 5.40871 1.13219 0
1.21348 6.51268 2.00366 0
0.281174 6.51418 0.407358 0
0.22638 -4.02839 0.827351 0
0.542394 -2.89324 -2.28224 0
0.910502 3.43584 0.0175885 0
0.432302 5.23335 -1.87372 0
0.500245 4.53747 -2.83695 0
0.852641 6.19416 0.681889 0
0.570867 6.32942 2.13744 0
0.117522 5.92105 0.182699 0
0.339731 4.90184 -1.03802 0
1.01277 -7.3855 0.670322 0
0.430499 -8.63344 -2.76501 0
0.290133 -5.24848 2.71687 0
0.422747 0.20565 1.42488 0
0.308816 2.71952 -0.878884 0
0.403324 2.70641 -2.2625 0
0.2116 5.08532 -0.122349 0
2.70911 3.43872 0.559288 0
0.160261 5.22024 -2.74164 0
0.820361 5.0231 2.2979 0
2.32167 4.85709 -2.91818 0
0.588141 5.2293 -2.06673 0
0.630991 4.92694 -1.92067 0
0.279428 3.83649 2.97611 0
1.07086 3.20147 2.66647 0
0.25705 -2.69877 -2.22001 0
0.200511 -3.49069 -1.6556 0
0.667651 -0.165629 2.91354 0
0.637675 1.35121 2.59145 0
0.587971 1.53143 -2.71081 0
1.41361 3.15367 0.451484 0
0.60083 0.411938 -2.7174 0
0.370333 -0.485244 2.57785 0
0.0815446 0.277379 -0.947457 0
0.606849 0.715635 -0.447484 0
0.306761 -0.949571 -2.01945 0
0.409784 -2.5826 -1.19816 0
0.695595 0.790097 -0.0212591 0
0.702828 -0.596398 1.43112 0
0.264977 -0.702828 -0.734421 0
0.432556 -2.58192 2.14531 0
0.240431 -2.1612 0.685235 0
0.668824 -3.08102 0.583514 0
0.417382 -4.58756 -2.05957 0
0.204778 -5.16552 1.04069 0
0.60795 -6.80558 -1.6282 0
0.439045 2.75939 -2.96236 0
0.325836 1.52489 2.76655 0
0.369965 3.18586 -1.78081 0
0.347581 3.45209 2.37184 0
0.301446 2.21732 0.690449 0
0.343904 -1.52253 1.90749 0
0.500895 -5.01372 -1.10226 0
1.31752 3.37832 -1.24206 0
0.791784 2.73536 -1.30518 0
0.400811 3.41237 -1.95809 0
0.288897 -4.04149 -0.103597 0
0.659669 -6.75711 0.906469 0
0.815197 -6.3581 1.26163 0
0.271835 -6.73911 2.81269 0
0.533395 -5.8149 0.70065 0
0.336416 -1.53395 -2.74649 0
0.609479 -2.05498 -2.98088 0
1.15418 -1.2172 -2.97462 0
0.269394 1.48249 -1.11201 0
0.206609 -0.904944 -1.2265 0
0.258334 2.45503 -0.837036 0
0.368807 1.67188 -1.79107 0
0.108618 0.269809 -0.295287 0
0.769681 2.2977 -1.05224 0
0.314965 -2.16459 2.9652 0
0.364652 -0.619352 -2.67025 0
0.149329 1.75458 1.77849 0
0.248188 3.91899 -1.95437 0
0.0984906 6.35502 -1.54378 0
0.224197 2.68874 1.47674 0
0.5319 2.44495 -2.91895 0
0.411804 0.7365 0.234679 0
0.49015 -1.12608 3.09314 0
0.284278 -3.83063 -2.3963 0
0.533658 -5.05719 2.95611 0
0.59823 -2.18562 -0.118316 0
0.258503 -3.22375 -2.86074 0
0.215741 -2.19064 -0.762897 0
0.319754 -2.15886 1.08693 0
0.375283 -1.80291 -2.22469 0
0.592598 -1.85355 -0.0743134 0
0.691633 -1.34245 -3.11005 0
0.136991 3.84735 2.76642 0
0.381107 2.93323 0.0591705 0
0.236586 5.92989 -2.28173 0
0.216004 5.81108 0.599353 0
0.588476 4.84144 -2.25003 0
0.399148 3.84086 0.537287 0
0.365887 2.34797 0.33792 0
2.6459 4.45179 -3.079 0
1.08715 4.18184 -2.90527 0
0.35256 5.03313 2.50193 0
0.573191 3.58679 2.748 0
0.16044 -1.43092 -0.866343 0
0.263888 -1.5573 0.692226 0
0.455342 -2.78757 -0.344585 1.85941826970401
1.09377 -3.0399 -1.02651 7.07718114869762e-09
1.63179 -2.90526 -1.05773 3.75624406227423e-09
0.356307 -5.13816 0.783136 0
0.227287 -5.6634 1.56871 0
1.33676 3.24173 0.210295 0
0.728669 3.34738 0.560245 0
0.0919899 -3.41722 -1.97571 1.96991742603739
0.0865404 -2.34188 -2.8217 6.04072179759758
0.242996 2.42061 -1.33499 0
0.0452373 1.92407 1.84113 0
0.0608549 -0.0880965 0.793418 0
0.620451 -0.226964 2.42986 0
0.353689 -3.9605 1.91485 0
0.238176 -4.24231 -2.91579 0
0.308707 -3.37974 -2.88298 0
0.549129 -3.9683 2.8267 0
0.142664 -2.01501 0.180305 0
0.103415 -2.83386 2.77278 0
0.0305615 -2.45327 -1.13193 0
0.41434 -1.9718 2.5798 0
0.461518 -2.36573 1.19335 16.2835626282933
0.127858 -2.29214 0.285209 63.2886633415357
0.287426 -6.07121 -2.61163 5.38695717681337e-08
0.366054 -5.40828 -2.77615 3.94909497071088e-08
0.0439241 5.87781 2.19056 0
0.0691385 5.03745 1.07789 0
3.07085 4.71131 -2.93335 0
1.40089 4.82296 -3.04198 0
0.352707 3.41491 2.97291 7.41906747640181e-09
0.547562 3.45154 2.6607 1.97563651559148e-09
0.910115 2.36445 0.171319 2.34959584222953
0.315354 1.77654 0.0536831 12.0091719307888
0.168991 1.22878 0.309521 102.297783939976
0.353955 2.08936 -0.840943 22.1550817064671
0.365658 2.23929 3.05921 6.53232398438562
0.343206 2.61632 1.90341 4.80546501927661
0.36193 -2.25943 -2.40914 6.43332095943193
0.818614 -2.77604 -2.82033 1.71278492749622
0.589387 2.07765 -1.19523 27.9354968079085
0.257982 2.3301 -0.143442 49.8583811194415
0.129578 -3.23967 2.34544 0.294671173909333
0.284346 -3.97118 -2.07104 0.0647364378525999
0.472702 4.04331 -0.168486 7.88127730990718e-08
0.0839611 4.29368 0.762668 1.87689883928437e-07
