0.400801 4.67224 1.37525 0
0.482178 9.0586 2.16882 0
0.232239 8.28028 0.198739 0
0.0792022 -4.41923 0.131016 0
0.723353 -4.67683 1.56822 0
0.477933 -4.81259 1.54594 0
0.1837 -6.19512 0.383993 0
0.135625 -5.61527 -1.26035 0
0.654734 -3.67555 -0.633058 0
0.3453 -4.94741 -0.992825 0
4.79538 -0.613848 -2.01562 0
1.89131 1.52457 2.16946 0
0.816952 1.50558 2.20184 0
3.34876 -0.566197 0.324769 0
1.38656 -1.60315 0.382026 0
0.973612 -1.69023 0.631449 0
1.45889 -2.32459 -1.54638 0
0.243176 -2.63338 -2.38447 0
0.318465 -3.37356 0.406087 0
0.26682 -2.64372 0.799144 0
0.71965 -4.1634 -2.03338 0
0.150726 -4.7934 2.48559 0
3.02898 -3.22799 0.315473 4.40325622888529e-14
0.534199 -3.74559 0.874144 2.79319537507634e-14
8.42039 -3.52602 0.215733 2.98436858064277e-14
1.75202 -3.61304 0.0831161 2.59727033153036e-14
4.82489 -3.61261 0.138597 2.62183891185385e-14
3.10935 -3.53882 -0.0364276 2.84210905352473e-14
0.991944 -3.65328 0.485998 2.70712260691971e-14
0.550025 -4.08201 0.855976 1.93811387598125e-14
0.651821 -3.15028 -0.13023 4.68026460081511e-14
1.60596 -3.63667 -2.7061 4.47417000908789e-14
1.29944 -3.98499 -2.86801 3.50839307037218e-14
7.38097 -3.77421 -2.63151 3.98777312457511e-14
0.805375 -3.19398 -2.59711 6.36686594599234e-14
1.52131 0.311647 2.9213 0
0.502845 -0.026864 3.07208 0
0.567337 0.356062 2.27527 0
0.687853 -0.300549 -2.64837 0
0.860552 -1.21701 -2.43064 0
0.184395 -2.40635 0.323588 0
0.313421 0.892615 2.07897 0
0.311863 1.9615 0.781857 0
0.159191 1.62458 -1.82903 0
0.333987 2.00671 1.8442 0
0.220405 3.65443 0.535201 0
1.68537 4.44375 0.24469 0
0.443929 5.84017 -1.01231 0
0.0635312 7.71638 -2.16449 0
0.65947 4.00363 2.63576 0
0.377302 2.49183 -0.313044 0
0.27562 1.83528 2.20841 0
1.47332 -1.669 2.29542 0
0.192519 3.59405 1.78142 0
0.179535 -2.8369 1.31842 0
0.550475 -5.5277 2.61323 0
0.542499 -7.1694 -1.6014 0
0.348873 -6.64372 0.845568 0
0.660634 -4.28295 -0.27052 0
0.539769 -5.02067 1.59392 0
0.231611 -5.8497 -0.721504 0
0.181934 -4.97695 -1.1051 0
0.696139 1.6665 2.50507 0
0.48406 2.32873 1.1367 0
1.18123 2.57631 -3.11025 0
2.42921 -1.18714 -0.0534336 0
0.0949961 -4.24545 0.311903 0
1.60262 -3.3912 0.312989 3.60596419156132e-14
0.552265 -3.64005 1.3129 3.59554853186391e-14
0.236705 -4.36734 -0.547715 8.11974883200262e-15
1.52585 -3.51966 -2.63734 4.87388785585355e-14
0.759182 -3.9174 -2.38641 3.43930776435893e-14
1.32604 -4.10297 -2.27892 2.93003339330772e-14
0.392815 -3.36114 -2.35097 5.35552548736566e-14
1.05887 0.396285 2.6899 0
4.48302 0.348128 2.92509 0
0.559184 -1.12623 -2.44307 0
0.797569 -1.39141 1.92944 0
0.765871 -0.212647 -2.74454 0
0.0223726 3.28044 -2.38375 0
0.302298 0.121001 2.33107 0
0.846437 3.65661 0.591743 0
1.31574 4.52614 -0.296474 0
0.14499 4.22748 0.940268 0
0.350965 6.04206 0.583138 0
0.327189 1.08859 -2.57251 0
0.321538 0.182958 2.50088 0
0.158363 1.62473 -0.918634 0
0.287852 0.624162 0.372921 0
0.636512 -1.01619 1.62413 0
0.0273931 -3.4124 0.938199 0
0.636225 1.56035 1.39529 0
0.665453 1.02049 -1.73987 0
0.146271 -3.68103 0.165921 0
0.202406 -1.19479 1.58712 0
0.585478 -3.83617 -0.678152 0
0.285023 -4.35919 -0.791606 0
0.550187 -4.1771 1.86347 0
0.461184 -4.84684 -1.71414 0
0.318196 -7.57997 3.05787 0
0.106283 -7.28983 1.60164 0
0.215219 -6.77921 -3.12028 0.0482101352368817
0.67978 -4.17543 2.25486 0
0.0386449 -5.86372 -0.83219 0
0.275619 -4.84808 -0.412649 7.16658890381035e-10
0.0787677 0.81706 -1.38674 0
0.44659 0.365067 -2.9033 0
0.343806 2.63123 2.88648 0
0.613798 2.86462 2.12642 0
0.155049 -1.18047 0.0647799 7.40091965209853e-08
0.826488 -1.13965 -0.195439 5.27737700794252e-08
0.515224 -3.2305 0.126564 4.29477853359377e-14
1.74045 -3.57933 0.3781 2.88467136507523e-14
0.908503 -3.3318 -0.0279619 3.73987177968686e-14
0.592266 -4.0342 0.679177 1.85053465360497e-14
0.257794 4.59956 -1.26086 0
0.232146 5.03929 0.398521 0
0.0171983 -3.18029 1.45577 6.83394316849079e-07
0.294874 -1.50179 -1.69663 2.173244002926e-07
1.46861 0.505068 -3.00867 20.915528717572
1.23112 0.393467 2.9892 26.1218646486537
0.316919 -6.84882 -2.62781 0.0378304591652126
0.329914 -7.33932 -1.3795 0.0406449674686853
0.51242 -4.55674 -1.19669 0.290518574530126
0.419814 -5.16522 0.297535 0.144928193642564
0.722595 -5.11701 -1.24927 0.0287082407140968
1.88377 -3.12381 0.628495 0.159658884285409
0.742664 -5.12815 -0.342456 0.0319985840339411
1.72267 -4.81306 -0.238668 0.05354941633376
0.417153 -6.29456 -0.332841 0.0151394786757492
