0.168314 6.80561 -1.781 0
2.76853 4.94163 -1.38559 0
0.188451 4.57712 0.070872 0
2.25014 5.14798 -1.33475 0
0.319764 4.77183 1.43279 0
0.148902 5.39863 -2.21026 0
0.732032 5.9774 -1.79192 0
1.72801 3.33735 -1.27867 0
0.583418 3.43853 -1.63459 0
0.333207 -0.358956 -1.65945 0
0.640608 1.45029 -1.55093 0
1.65317 3.02938 -2.5017 0
0.791117 0.678261 1.8448 0
0.417767 0.313459 0.678583 0
0.273622 1.32662 2.61188 0
1.96603 0.7124 1.11932 0
0.212568 -1.60012 2.09767 0
0.622416 -0.888299 -2.35247 0
1.38364 -1.40079 2.23734 0
1.18634 -4.02278 2.90542 0
1.77778 -4.54632 2.27966 0
0.904909 -5.13792 2.14173 0
0.711873 -6.06568 -2.8759 0
0.111752 -7.43972 -1.49362 0
0.159355 -4.98225 2.77366 0
0.524693 -3.83647 -1.30777 0
1.22117 -1.64594 2.75796 0
0.567954 -4.61189 2.07132 0
0.673201 -3.49708 -1.82927 0
0.102181 -1.616 -1.4949 0
0.405874 -0.86217 -2.04595 0
1.04187 -2.25614 -0.692199 0
1.16996 -1.6803 -1.2549 0
0.216946 -2.48031 -2.85693 0
0.277393 -1.03693 -2.76782 0
1.04558 0.106694 -2.78572 0
0.845364 0.234527 1.51953 0
0.457771 2.84058 -0.349597 0
0.0812144 -3.95454 -2.84472 0
0.194596 -2.228 2.31648 0
0.0985024 -1.70982 -3.13599 0
0.628246 -0.0176778 2.04426 0
0.450486 0.599265 -1.61356 0
0.589273 1.9795 -2.47994 0
0.273925 5.16644 -0.374263 0
0.130885 4.99404 -0.082774 0
0.107647 1.79067 -0.550702 0
0.216304 1.10048 1.15344 0
0.918949 -4.48424 0.4087 0
0.522104 -5.07163 -2.42881 0
0.469408 -4.54991 -0.405086 0
0.442738 -5.00345 -1.48443 0
1.0186 -3.51708 0.502706 0
1.31848 -3.0719 0.143738 0
0.648079 5.70743 -1.68183 0
0.19023 6.46344 -1.66858 0
0.502451 0.361459 -1.85892 0
0.555816 1.61626 0.686563 0
0.273625 -3.24653 0.293172 0
0.413229 5.80754 0.986155 0
0.261418 1.67566 1.12068 0
0.383743 1.08997 -2.55509 0
0.709907 -0.867746 0.804503 0
0.640875 -6.3452 3.13952 0
0.277475 -8.42227 2.66544 0
0.481684 0.320037 -0.507159 0
0.365983 2.76723 2.36574 0
0.40954 1.43955 -1.51862 0
0.61677 2.2795 -2.68818 0
0.489378 1.67294 2.98223 0
1.13289 0.838527 1.66085 0
0.838069 0.524021 1.02528 0
0.469811 -1.10223 1.78245 0
0.20018 0.845787 1.31888 0
0.812092 -1.72229 1.83122 0
2.03846 -1.0204 2.87547 0
0.150665 -2.38676 0.587884 0
0.683322 -1.36483 0.961444 0
0.308565 -2.50793 1.55143 0
0.206296 -3.59382 1.1331 0
0.823566 -2.55639 2.70021 0
0.28096 -4.83714 -0.277321 0
0.648862 -3.07458 3.06725 0
0.721845 -1.60987 2.787 0
0.494457 -6.14953 0.383063 0
0.73496 -5.98306 -2.06781 0
0.41791 -2.69611 0.797563 0
0.153513 0.112792 -2.07387 0
0.2311 -1.94416 2.28713 0
0.211962 2.36309 0.0561382 0
0.0464937 -0.689792 -0.190721 0
0.292689 -2.20592 -1.50608 0
0.330079 -0.378186 -0.927667 0
0.868593 0.0177688 -1.82113 0
0.66309 -0.56156 -2.63892 0
0.40949 -1.44365 -2.6667 0
0.242332 -0.0900345 -0.484345 0
0.331215 3.91358 1.30511 0
1.44666 3.99418 1.11512 0
0.0492409 6.34921 0.00698198 0
0.0668516 5.45108 -2.52337 0
0.389379 5.17751 1.02886 0
0.326056 5.88815 1.1947 0
0.944323 5.03272 -0.7795 0
0.258284 -4.04326 -2.4822 0
0.423517 -3.58547 -0.847018 0
0.212528 -1.99868 -1.49315 0
0.375886 -0.212049 1.22078 0
0.816584 3.11351 2.23958 0
0.179452 4.89472 -1.87954 0
0.450652 5.26421 -1.69128 0
0.458627 7.02397 -2.29498 0
0.396489 6.60893 -2.00947 0
0.155523 7.59758 -0.36699 0
0.314993 5.64731 -3.10494 0
0.254974 5.49959 2.13544 0
0.359469 6.73457 -0.228757 0
0.680532 1.61894 -2.4164 0
0.21231 1.84319 -0.0132322 0
0.624153 -3.81225 -1.63381 0
1.31361 -5.72498 -0.000596105 0
0.111582 -4.98176 -1.0895 0
0.141378 -4.26863 -3.09762 0
0.563832 -4.94416 -0.363927 0
1.34243 -3.30496 0.61868 0
0.868441 -3.45271 1.14322 0
0.234704 6.40562 0.750582 0
0.419138 3.41366 0.898621 0
0.193238 -3.3181 2.8199 0
0.245408 -4.99602 -1.76895 0
0.3929 -6.56176 2.92294 0
0.871295 -6.30818 -2.18969 0
0.276392 -6.7452 2.96615 0
0.0894116 -8.6267 1.10521 0
0.559376 6.37741 2.07668 0
0.0862746 6.87709 -0.631231 0
0.118521 4.66407 -3.04638 0
0.224719 -1.63144 1.54469 0
0.521912 -1.24937 -1.80621 0
0.284062 -1.66308 2.91087 0
0.426048 -3.00364 -0.778364 0
0.447677 -6.12437 -1.39248 0
0.446765 -6.41887 2.41832 0
0.512639 -6.09479 -0.330973 0
0.496156 3.27118 -0.922246 0
0.240869 3.18049 -1.3606 0
0.165617 0.631634 -0.962026 0
0.825278 -0.148579 -0.789426 0
0.141403 2.11317 2.3592 0
0.206643 2.3682 1.21323 0
0.203653 2.26068 0.691755 8.72170012238377
0.393973 0.847522 1.75423 57.4968936651705
0.0892847 1.90667 -1.21412 0
0.644631 -0.184324 1.10168 0
0.265911 -0.26483 0.348902 0
0.181758 -0.0194174 1.87085 0
0.172741 1.71487 0.500051 1.02017573570297e-05
0.133742 2.19188 0.354449 7.26619969276025e-06
0.609269 1.59386 -0.137295 0
0.0835965 2.4242 -2.05383 0
0.0281962 2.6984 3.13723 1.73393384676927e-07
0.164147 -0.00472002 -3.05336 1.32991789425665e-07
0.10709 -0.613192 2.64348 0
0.34272 0.124891 -1.26447 0
0.119191 4.03521 2.6454 1.04033876676767e-07
0.155885 3.42461 1.71838 4.88343878387319e-08
0.107969 2.99111 -2.80475 1.52855482356302e-07
0.273932 1.83525 -2.70494 1.5050751960447e-07
0.156365 1.57541 1.46586 3.41213648687234e-05
0.0589582 1.59055 1.47481 3.30115979774705e-05
1.19928 1.02648 -0.652482 20.7807693628135
0.555445 0.563212 -0.655231 60.5048325506473
0.25234 -0.0958977 -1.99162 48.2599388453313
0.282789 -0.45511 2.60148 39.0516885473624
0.195861 0.655677 2.45474 0
0.449353 -0.650901 0.59896 0
