0.504426 9.87411 0.54597 0
0.671718 3.88883 1.69889 0
2.23757 3.48338 1.20943 0
0.701701 3.4769 0.255173 0
0.202787 2.53629 1.56986 0
0.890794 1.55707 2.2276 0
1.18416 0.189346 2.01369 0
0.968418 -3.2495 1.97308 0
0.246983 -4.85074 0.611518 0
0.109301 -6.05146 -0.904123 0
0.494396 -4.57172 -2.70843 0
0.0177236 -4.05197 2.87063 0
0.452417 -1.71684 -0.470785 0
2.18642 -0.953101 -1.81628 0
0.45244 -0.300902 -2.64717 0
0.131634 1.32913 2.50676 0
0.218552 2.05975 -0.576386 0
0.412324 2.96174 0.249559 0
0.181624 1.71886 1.73684 0
1.68839 3.0113 -0.547808 0
1.06132 6.87954 -2.83182 0
1.02902 6.63024 -2.07115 0
0.544304 2.56838 1.43747 0
2.12399 2.53957 2.66257 0
1.66893 2.6399 2.1577 0
1.19583 0.843474 -3.08558 0
0.289366 0.612767 -0.359879 0
0.320123 -1.03683 1.37651 0
0.546324 -3.44672 -1.46903 0
0.292475 -4.44735 -1.87003 0
0.165673 -4.78505 -3.12711 0
0.335731 -6.55518 -2.42377 0
0.203584 -7.12627 2.40479 0
0.595832 -8.44615 0.644102 0
0.241188 -7.4666 -0.979787 0
0.69055 -6.04263 3.05426 0
0.224807 -3.68371 -1.04017 0
0.564762 -4.68642 1.35812 0
0.352627 -4.27398 -0.808118 0
0.744528 -3.18218 -1.51867 0
0.120573 -2.48612 0.0124515 0
0.543959 2.99001 -0.426149 0
0.52989 3.62962 -1.54421 0
1.18635 6.35207 -1.50151 0
0.0982677 5.93528 -2.75553 0
0.530606 5.56396 -2.51831 0
0.582143 4.15184 1.08472 0
0.378742 4.41922 1.34311 0
0.175601 2.37903 2.77211 0
0.897775 2.58387 2.59671 0
0.784195 0.339269 1.40985 0
1.23744 0.267086 0.894649 0
0.305519 -1.03169 2.51485 1.47248558970605e-07
0.159784 -1.29912 3.09798 3.96198479870434e-08
0.437682 -8.06795 0.537884 0
0.157837 -9.18316 0.0448927 0
0.411539 -7.3363 0.94999 0
0.205566 -7.105 -0.360104 0
0.067065 -1.73509 -0.0634631 0
0.208207 -2.15919 1.17364 0
0.107863 -1.55788 -1.58311 0
0.327898 0.00478072 -1.65587 0
0.382072 0.591175 -0.791653 0
0.228223 0.797177 0.302624 0
0.128522 1.9614 0.983698 0
0.306552 1.37535 -0.269257 0
0.268674 -3.72245 0.0468908 1.35700204713523
0.251483 -3.04526 1.55235 2.84804060184563
0.0272427 4.62843 -0.0416513 2.23229030521213
0.376556 1.82598 -1.58938 2.58670310296805
