0.474904 -4.85909 -1.98144 0
0.534198 -7.20924 2.03542 0
0.177207 8.16004 -1.06268 0
0.316718 6.1016 2.04091 0
0.642547 5.85061 -3.09335 0
0.973126 4.79203 0.372102 0
0.56579 5.29378 -2.73299 0
0.0948985 3.03804 -1.51347 0
1.61211 4.32197 -0.427103 0
1.03684 4.05161 -0.605839 0
0.2754 2.93428 -0.648394 0
0.528479 2.5008 2.28939 0
0.3474 1.11921 3.07396 0
0.339686 0.0250136 2.67376 0
0.765657 -0.255543 -1.44334 0
0.471684 -1.41479 1.0402 0
0.797704 -0.836893 -1.62642 0
0.421551 -2.51747 2.21463 0
0.63515 -3.14152 -0.852886 0
0.430129 -3.36097 2.93415 0
0.879751 -3.57053 1.11883 0
0.458124 -1.46118 2.47025 0
0.100788 -2.52131 -0.513572 0
0.247838 -1.75416 -0.926073 0
0.0555141 -8.3901 -0.563378 0
0.339071 -3.64948 0.725911 0
0.484219 -3.68866 -2.12925 0
0.873371 -0.494157 -0.147838 0
0.410258 3.95275 -0.0793983 0
1.01504 4.87394 -2.74589 0
0.645324 4.67215 0.219411 0
1.05636 6.87993 2.85969 0
0.488821 -0.817567 0.293252 0
0.224488 -9.52438 0.532591 0
0.539195 -8.49822 3.05413 0
0.217877 4.32812 0.881192 0
0.255551 2.86544 -1.20072 0
1.16397 1.50562 3.10074 0
0.507993 1.52685 2.9303 0
0.348972 0.706456 1.27611 0
0.232603 -0.962891 1.99145 0
0.77322 -0.54899 -1.84793 0
0.35442 -0.924864 0.197496 0
0.218933 -4.98725 2.0385 0
0.499571 -3.60831 2.12321 0
0.270699 -2.60004 1.61296 0
0.668342 2.30555 1.38031 0
0.0923009 1.74367 1.89144 0
0.585156 6.66073 2.10535 0
0.33481 6.38306 -0.899858 0
0.473152 8.02642 2.91359 0
0.170255 6.69508 -0.212408 0
0.213182 8.59039 -0.251361 0
0.875789 -0.572103 0.242108 2.85456706112609e-08
0.462143 -0.83716 0.472154 2.78580967725566e-08
0.308729 -6.60862 -3.05721 0
0.302344 -7.62916 -2.63079 0
0.186951 -3.78113 3.04335 8.94210176784899
0.232546 3.27809 1.62325 22.9771322420935
0.222517 3.74839 -0.462581 15.0135176125938
