1.07937 -7.49981 -0.891362 0
0.325381 -9.30942 1.9729 0
0.250628 5.99619 -1.09735 0
0.278508 9.23391 2.15673 0
1.45907 6.20065 2.79586 0
0.300703 7.24675 0.504674 0
0.353609 5.39818 3.08104 0
0.594648 3.19448 3.05026 0
0.457349 4.72411 1.13991 0
0.375318 4.24944 -1.85453 0
0.373562 5.95723 2.27403 0
0.430484 4.61056 -2.6217 0
0.168137 8.48964 -1.35616 0
0.814057 2.77102 -0.631177 0
0.462911 2.60904 0.720653 0
0.468869 2.96241 -0.76599 0
0.106597 -2.46442 -0.82286 0
0.495771 -0.563321 0.411189 0
0.282902 -4.39815 0.546352 0
0.268111 -4.98086 -0.983532 0
0.524591 -5.20931 -3.01971 0
0.227081 -6.53602 1.52915 0
0.466496 -5.91889 2.97688 0
0.2281 -7.54433 1.56912 0
0.23174 -7.78698 -2.28177 0
0.239381 -6.1529 0.466274 0
0.146657 3.59569 -2.68544 0
0.212111 4.75126 -0.76125 0
0.0929244 -2.03581 -1.15027 0
0.232248 -2.19638 0.620921 0
0.148543 -1.39116 -1.99712 49.3155627333662
0.121654 -3.03474 1.63354 12.309642378714
0.101325 1.42787 -2.13489 1.07489863876061e-08
0.253317 0.793379 -0.537273 8.95413166161736e-09
