0.0877773 -2.76992 3.08315 0
0.815098 -1.76502 1.11801 0
0.230575 -1.94309 -0.997769 0
0.263118 1.54561 1.46002 0
0.20746 2.19903 -0.0973919 0
0.558253 3.02482 2.48684 0
0.619951 5.11154 0.355024 0
0.613919 6.5785 -2.32648 0
0.547393 7.21935 1.07011 0
0.612758 8.9414 0.213948 0
2.49603 1.06165 0.213338 0
0.813589 -1.00607 0.486617 0
0.13268 -5.14287 0.071993 0
0.895192 -5.6318 -2.15407 0
0.406401 -8.38597 0.442038 0
0.0960094 5.27914 -0.151656 0
0.686551 4.65359 -1.0269 0
0.379448 3.06695 1.42796 0
0.328016 2.4711 -0.155149 0
0.608757 1.36151 0.0798552 0
0.442153 0.680091 2.79228 0
0.575444 0.573407 -1.9819 0
0.39589 -7.974 -0.503763 0
0.583163 -6.02396 -1.38148 0
0.507621 -5.48788 1.48441 0
0.681003 -4.58248 -2.11372 0
0.585685 -3.81577 -2.90283 0
0.35302 -2.72666 0.374212 0
0.282295 -2.36393 -0.204135 0
0.679719 4.18007 0.931721 0
0.328194 4.90696 3.03843 0
2.627 4.92635 1.14092 0
0.657842 1.06768 0.267722 0
0.507987 1.77579 -0.0097079 0
1.06038 1.16114 0.0414947 0
0.222483 -0.00329516 -0.128652 0
0.524517 -2.02638 -0.919301 0
0.509303 -4.25705 -3.03823 0
0.401074 -5.7221 -0.528126 0
0.494606 -6.31529 1.25804 0
0.352027 -6.5504 -1.5927 0
0.666474 -6.17606 1.75523 0
0.483624 -8.74553 -3.12952 0
0.336774 4.55531 1.27343 0
0.391376 1.77682 -3.06785 0
0.59581 -1.32451 0.379572 0
0.461511 -1.60212 -1.57768 0
0.366002 -4.45169 0.564334 0
0.0826106 -5.1601 1.4695 0
0.240824 -2.67536 -0.605084 0
0.143322 -0.905186 2.82553 0
0.423764 0.28504 1.80826 0
0.041464 -1.38463 1.14985 0
0.111565 4.12702 -1.56339 0
0.178392 1.58299 0.522346 0
0.110423 2.57897 -3.09976 0
0.110479 -3.17515 3.0633 0
0.129111 -2.16872 -2.73668 0
0.143673 -2.68569 -2.1735 0
0.230007 -3.90142 -1.72824 0
0.49644 3.60204 1.07198 0
0.15026 4.69727 0.0392804 0
0.142503 2.01743 2.35202 0
0.238193 0.955035 1.04477 0
0.359416 1.23404 -2.05324 2.44086392096283
0.193942 0.757054 -1.88506 6.43197571569165
0.060302 -2.32462 -1.03794 35.8691071814765
0.332487 -0.486546 2.18595 29.9703904782994
