1.25175 -5.00806 -1.08575 0
0.401118 -1.20284 -2.30533 0
0.504135 1.8806 -2.4467 0
0.352461 2.31189 0.10764 0
0.185326 1.45628 0.0850051 0
0.689893 6.54221 -1.24362 0
0.246036 6.42051 1.78671 0
0.188506 8.42972 0.449402 0
0.335249 9.29915 -0.850148 0
0.816822 -1.26862 -1.85273 0
0.206314 -4.07295 1.36185 0
0.532072 -5.11336 2.87968 0
0.3859 -5.59836 -2.24449 0
0.162024 -6.11555 1.39949 0
0.418786 -5.70567 -0.000160393 0
0.40938 -5.09119 -3.1111 0
0.24903 -6.9883 2.35385 0
0.729952 -6.62125 2.85463 0
0.0569588 -6.96754 -0.454939 0
0.479037 -4.94838 1.958 0
0.710279 -4.33793 -1.00983 0
0.311931 1.6482 1.53426 0
0.425035 2.31558 0.748491 0
0.222173 8.30799 -1.5404 0
0.230022 6.34486 0.356312 0
0.88107 6.42051 1.04161 0
0.53199 5.88275 -2.4584 0
0.711281 4.66022 1.7215 0
0.347518 2.3174 -0.339105 0
0.0181562 5.89581 -1.23292 0
0.0929794 -3.04043 1.7712 0
0.188837 -7.0274 0.721722 0
0.682274 -6.6011 -1.59922 0
0.221393 -6.72568 -1.38875 0
0.538443 -6.75347 2.23662 0
0.519798 -8.06022 -1.73793 0
0.26994 -2.03374 -2.81209 2.44012639589071e-08
0.173087 -2.88891 2.48406 1.22459888416707e-08
0.457998 5.12308 3.06126 0
0.116619 4.91851 0.700316 0
0.104842 8.94474 1.50235 0
0.0453303 11.2412 -2.82526 0
0.571417 -0.51033 1.36156 0
0.349187 -0.05439 0.248035 0
0.383484 -1.68444 2.06614 2.62451123060296e-08
0.0443204 -2.46162 1.57997 5.63267330763146e-08
0.394267 4.0467 3.10133 0
0.387912 2.68755 2.59579 0
