5.08848 -2.44396 -0.0191229 0
0.816889 -1.89882 -0.11204 0
1.31413 -1.78498 0.114585 0
0.630015 3.65001 1.06765 0
0.199216 2.77574 2.15627 0
0.692377 -4.72766 -0.756517 0
1.36306 -5.25226 1.84881 0
0.318938 -4.89466 0.847937 0
0.589089 5.08337 2.97518 0
0.684832 4.34876 1.46336 0
0.649768 4.38174 2.01073 0
0.92253 -3.38197 2.818 0
1.39105 -2.52231 -0.29107 0
1.37146 -3.97103 -1.52592 0
1.30599 -3.07271 -0.647669 0
1.85384 -3.67803 -1.43759 0
0.291801 -4.41392 -1.06647 0
0.882067 -3.44682 -0.939742 0
1.66084 -3.71387 -1.41179 0
0.517156 -3.57021 -1.00436 0
0.583006 3.78306 1.31753 0
0.0179012 3.40422 0.28814 0
0.284975 3.30554 -2.04702 0
1.01287 1.24967 -2.64389 0
0.531653 1.78249 1.48825 0
2.98202 1.20244 2.20527 0
1.98765 1.11168 2.47418 0
0.390122 2.24952 2.97912 0
2.15738 1.89666 -1.23874 0
0.308312 4.36456 -0.616499 0
1.0969 3.43517 -1.85936 0
1.03835 3.6111 -1.49078 0
2.7385 4.35843 -0.18981 0
1.62323 4.52909 0.0774736 0
0.666884 4.90062 -0.265885 0
0.0279948 7.4561 0.336241 0
1.23652 5.58979 2.31528 0
0.880213 6.35794 -2.18157 0
0.0863162 8.66844 2.64432 0
0.0887119 -4.31801 2.46293 0
1.89951 -0.740845 -0.014168 0
0.692717 -0.6797 -2.55976 0
0.431939 -0.340974 -0.132237 0
1.11147 2.00624 0.0785789 0
0.199375 2.59372 -0.769609 0
1.57889 1.47551 0.15567 0
2.28696 0.939609 0.665131 0
1.78481 0.239696 1.19595 0
0.420464 -0.35049 1.6835 0
0.190841 -0.877974 3.02491 0
0.143744 -0.117128 -0.910044 0
0.333052 -0.220911 -0.419371 0
0.838605 0.655087 2.55438 0
0.679352 -1.31356 2.09986 0
0.286837 -6.73891 -1.62706 0
2.04558 -6.26259 1.60812 0
0.715973 -6.36042 1.91778 0
1.03947 -4.9013 0.305277 0
0.0797484 -5.51121 -1.26315 0
0.334041 -5.2724 0.32101 0
0.866315 -4.46109 1.96011 0
0.303412 -3.30016 1.57555 0
0.360902 -4.59009 2.21954 0
0.461725 -4.01247 2.26125 0
1.31881 -2.98984 1.52529 0
0.434752 -2.84228 1.74507 0
1.33918 -1.77785 0.737102 0
1.45458 -1.13261 -0.919362 0
3.12144 -1.15345 -0.654729 0
0.630588 -1.46361 -0.649878 0
0.280997 -0.227283 -1.78765 0
0.288016 -1.28767 -1.28163 0
0.830928 -4.27518 -2.40593 0
0.208291 -3.47427 -2.92528 0
0.309465 -3.37686 -1.11356 0
0.341346 -0.218441 2.9375 0
0.43724 -0.418814 0.0682263 0
0.834682 5.47842 -0.266108 0
0.454761 7.47511 0.594431 0
0.452531 6.67621 2.94694 0
0.452829 -3.90284 1.11588 0
0.936426 -3.61241 -1.62718 0
0.0179155 -4.82017 -2.71194 0
0.265557 -2.62803 -1.373 0
0.928328 -0.143137 1.16243 0
0.601758 3.83535 -1.07368 0
2.53526 4.39163 -0.604679 0
0.39746 3.70876 1.38222 0
0.156963 -0.979585 -1.04132 0
0.142615 0.352797 -2.64453 0
0.578042 -2.54737 0.266302 0
0.615103 -2.64268 -3.08031 0
0.567974 -3.63328 2.06146 0
0.539318 -6.91481 -2.69886 0
2.54463 -2.89042 -3.0987 0
1.50333 -2.69648 2.73718 0
2.2925 -2.34191 0.339115 0
0.183278 -2.98743 1.08619 0
0.5868 -3.01479 0.680261 0
0.218949 -1.69951 -1.7748 0
0.505302 6.12308 1.85663 0
0.488271 6.61894 -2.41484 0
0.351519 4.36152 3.02414 0
0.40249 -6.2166 0.55519 0
0.0696137 -7.33413 -2.07683 0
0.362087 -5.21591 -2.20738 0
0.264921 -3.28172 1.8721 0
0.263403 -5.19839 -2.88233 0
0.441023 -2.32182 -3.08935 0
1.04364 -2.99681 2.43007 0
0.426499 -2.13528 2.43659 0
0.930793 -3.5633 -1.46687 0
0.780329 -4.44529 -1.57797 0
1.34074 2.59002 -3.07564 0
0.425482 1.98717 -2.05095 0
0.1924 2.31994 -2.68649 0
2.22828 1.25498 2.37782 0
0.747962 1.16008 -0.350302 0
0.693658 1.3205 -1.47638 0
0.375993 4.10535 -1.78132 0
0.627548 4.10883 -1.04175 0
0.89405 4.01808 -1.03866 0
0.254685 5.08273 -0.493022 0
0.603602 6.60929 -2.75735 0
0.194065 7.79894 -2.19355 0
0.347826 -2.54942 3.05517 0
0.427009 -3.80293 1.28225 0
0.616657 -3.34223 2.73336 0
0.525093 -1.97711 -1.72975 0
0.650895 -1.56035 0.831416 0
0.161769 1.89097 -1.84321 0
0.21114 3.78675 2.98396 0
0.311127 3.8508 -0.542893 0
0.543097 2.78112 0.622187 0
1.05472 2.30756 0.422379 0
0.720932 2.56702 -0.787695 0
1.93435 2.129 0.523284 0
0.920765 2.33598 0.367524 0
0.444336 2.36967 -0.358749 0
0.492132 1.28972 -0.153223 0
0.105615 0.432513 -0.378311 0
0.192959 0.0411284 -1.66975 0
0.348963 -0.300559 -1.75072 0
0.405529 1.64671 -1.6608 0
0.192311 0.320092 0.779568 0
1.1426 1.28172 -0.727227 0
0.121091 -0.724225 1.07374 0
0.627999 -1.26943 -2.91635 0
2.6359 -0.943987 -3.03452 0
0.290806 -0.597221 2.77656 0
3.18097 -0.660633 -2.96872 0
0.993159 -5.07102 -2.20779 0
0.699265 -5.6241 -2.84353 0
0.192997 -4.31886 1.8664 0
1.21942 -5.25691 1.34451 0
1.03697 -5.03687 -0.0843396 0
0.581186 -4.92594 -1.08809 0
1.23623 -4.75094 -0.278472 0
0.0988021 -5.0615 1.42164 0
2.07879 -4.55304 0.51602 0
0.0620633 -3.91995 -2.898 0
0.081208 -4.15841 -1.81782 0
0.547085 -3.54173 1.39334 0
0.661183 -3.25532 2.49745 0
0.858475 -2.54843 1.99904 0
0.398551 -2.00049 1.05862 0
0.530513 -1.24033 0.391857 0
0.719896 -0.843812 -0.614365 0
1.98476 3.09357 -0.415714 0
0.397618 3.87569 -0.257613 0
0.627118 -5.12002 -2.97993 0
0.346667 -4.84999 -1.18394 0
0.343255 -4.97226 -2.11913 0
0.283584 -3.86481 -0.431924 0
1.06806 -2.62109 -0.557272 0
0.577865 1.71519 -2.75853 0
0.473062 -4.39195 0.777733 0
0.573067 1.14065 -2.58371 0
0.199027 -0.456136 -0.898689 0
0.648351 4.83501 -0.647916 0
0.127801 5.6722 0.630867 0
0.399947 2.83584 2.5117 0
0.467967 0.868112 -2.50394 0
0.261433 -3.88868 0.472253 0
1.27225 -3.83557 1.50415 0
1.5828 -4.0375 1.81695 0
0.135598 -3.30652 2.38996 0
0.614695 -4.3375 1.8982 0
0.221612 -6.64817 3.03385 0
0.379016 -4.15517 -1.51923 0
0.491255 -5.42295 -0.731706 0
1.09215 -6.06995 -2.05944 0
0.71936 -5.22831 -1.17401 0
0.720813 -4.3044 -2.69353 0
0.154968 -3.15467 2.56457 0
0.483045 -3.47014 0.694712 0
1.14172 -3.65138 2.62695 0
0.264453 -3.69396 -2.32354 0
2.95942 -2.62009 -3.01772 0
0.706282 -2.67469 2.8466 0
0.285653 -3.43156 -2.76838 0
0.24689 -5.30627 0.721351 6.78700829545545e-08
0.177666 -5.69853 2.10556 9.09336151804651e-08
1.82996 -3.84338 -1.50888 0.176384014710088
0.170863 -3.78348 -1.89014 2.02527155430488
0.519196 2.20568 -1.47882 0
0.471426 2.16595 -2.643 0
0.153096 2.55735 -2.60672 0
0.647039 5.32732 -0.0960571 0
0.403909 5.57281 -0.251357 0
0.0438138 7.31203 -2.62277 0
0.154867 6.79991 2.22122 0
0.256084 -3.29424 -0.500297 0
0.161201 -2.85323 2.0726 0
0.551986 -0.602575 -0.561526 0
0.234174 -1.4053 -0.270327 0
0.685591 0.52464 1.76999 0
0.162633 0.899811 0.798055 0
0.130528 1.26863 2.183 0
0.481286 1.0412 3.01487 0
0.309454 0.78767 -1.461 0
0.185703 0.964989 -1.17328 0
0.347883 1.86894 -1.18951 0
1.26486 1.65973 -0.801071 0
0.367957 1.98808 1.09487 0
0.178026 1.6086 -2.93594 0
2.2833 -0.728757 -2.88504 0
0.90794 -0.636954 -2.96347 0
0.0580617 -5.78566 -0.769825 1.16257165811981e-07
0.147062 -5.85513 0.0710309 3.64072397547678e-09
0.202547 -4.13158 0.744135 0
0.683988 -4.90898 0.798192 0
0.74937 3.49068 -0.241915 0
1.38129 3.49382 -0.476311 0
0.0370287 -4.107 1.51612 0
0.296982 -1.54331 1.77363 0
0.190568 5.01375 0.276668 0
0.558861 4.83422 -1.09589 0
0.609969 3.4381 -1.23022 2.0073162639981
0.210687 2.95895 -1.76141 9.37194003178902
1.32533 1.64406 0.680282 0
0.375303 1.71224 1.27287 0
0.102125 -1.36809 1.18477 0
0.0939515 -2.72102 2.88092 0
0.563001 -2.79154 -0.296932 0
0.218972 -2.59919 0.994139 0
0.606155 -3.75846 2.6955 0
0.0470953 -4.98249 0.875015 0
2.88135 1.80921 -2.49052 0.150462443186013
0.354763 1.80276 -2.76767 1.22563361381138
0.0379469 0.395 2.55751 11.0305215481593
0.531791 1.07462 1.69891 0.514201436388083
0.863949 0.303473 0.815753 5.67667656836839
1.30342 0.447106 0.925066 3.90789219053784
0.260748 -0.0789316 1.08018 21.5727669205049
0.763064 -0.331902 2.6772 4.91936875987807
0.54499 -0.837847 3.06209 5.30565534170232
0.00642059 0.632597 -0.549776 3.78616433448302e-05
0.0168965 -0.341077 2.35018 5.39035287672013e-05
0.784947 -1.38554 3.13595 28.3218838537675
0.204901 -2.26505 2.68707 47.3612813016846
0.185613 1.67192 -1.56422 4.18937210898168
0.136734 5.42323 2.33201 1.34424121770711e-07
0.0793702 5.98576 -1.8104 1.09012990804251e-07
0.185081 -1.33539 -0.579397 9.47443745642692e-09
0.467161 -1.19486 -0.706361 3.46033673424154e-09
0.0868183 -6.52356 1.61826 8.09274744040035e-08
0.813935 -5.52742 2.48623 1.87408002277244e-08
