3.5499 0.122891 -2.34782 8.23897925913589e-14
4.28556 1.16767 1.39002 4.46935730704506e-14
0.685601 -7.10715 1.27725 0
0.128256 -8.98508 0.199909 0
1.09585 -7.93011 1.37407 0
1.11471 -3.24363 -0.232586 0
0.62666 -0.352391 -0.0787246 0
0.192897 -0.199496 0.19571 0
0.835696 -1.21487 -0.977453 0
0.487544 -2.34603 -3.09247 0
0.608514 -3.08187 2.43755 0
0.526789 -6.10889 2.72975 0
0.330211 -3.54004 2.80019 0
0.262535 -6.43555 -2.28249 0
0.0893455 -8.94349 -1.10101 0
0.59235 -7.64195 1.53804 0
0.85102 0.821862 -2.34673 0
0.211825 2.62137 -2.27252 0
0.545291 1.01714 2.21306 0
0.390538 1.35902 2.57944 0
0.649127 4.59483 -2.58256 0
0.603021 5.15748 0.106502 0
1.29041 4.93907 1.7862 0
1.15374 4.76652 -2.44283 0
0.958 0.255081 0.0276016 0
0.77527 -0.901166 -0.0578252 0
0.459121 -2.33397 -1.62729 0
0.113521 -0.677102 -0.803283 0
0.541965 -2.85677 -0.587462 0
0.499514 -2.46373 -2.30667 0
0.22448 -4.48202 -2.14289 0
0.299006 -7.06107 -0.996379 0
0.620173 -5.8494 2.74849 0
0.487999 -3.24688 -0.175816 0
0.858405 -4.5868 2.52536 0
0.517493 -2.7853 -1.44787 0
0.580615 -3.74093 0.197602 0
0.741622 -0.892841 0.554336 0
0.436913 -0.594548 -2.54075 0
0.728444 1.63305 -2.74964 0
0.0424933 3.08456 -1.71351 0
0.304912 2.66899 2.77437 0
0.452965 -1.8789 0.985747 0
0.26067 -2.98748 -1.40715 0
1.1851 -2.97273 2.10489 0
0.881714 -4.36478 -1.59621 0
0.229456 -4.92034 0.955571 0
0.324053 -5.71521 -1.09632 0
0.0981576 -5.16851 1.5632 0
0.175306 -5.36281 2.41407 0
0.642799 -4.19232 -1.33444 0
0.495319 -4.21102 2.94305 0
0.443346 -1.24125 -1.50685 0
0.224972 2.24839 -2.49103 0
0.378384 0.888958 -2.70627 0
0.411858 3.91682 -1.59241 0
0.158073 4.13623 0.813846 0
0.214729 4.78863 -1.05388 0
0.664597 6.54735 -0.327185 0
1.12086 5.56858 2.11504 0
0.800391 5.73437 -1.51767 0
0.349561 5.03923 -1.05392 0
0.217177 3.08405 -0.900212 0
0.344836 4.33574 -0.0157375 0
1.35016 0.14363 -0.716218 0
0.214553 -0.357177 -0.235359 0
0.666424 8.27957 1.54102 0
0.364341 -1.01687 3.02113 0
0.740632 -1.36046 0.447226 0
1.9115 -1.38847 -0.547799 0
0.0479018 -4.26797 -2.69997 0
0.855136 -2.49183 -3.0533 0
0.588521 -4.77136 -3.00033 0
1.02576 1.99999 0.86484 0
0.819548 1.3532 1.37719 0
0.417818 1.90721 -1.52083 0
0.512466 2.05898 0.588871 0
0.478553 2.85857 -3.04991 0
0.441511 4.63764 2.45891 0
0.416936 6.20028 1.0098 0
0.262713 6.97446 2.60751 0
0.281352 5.24615 1.6732 0
0.557718 5.34512 1.34976 0
0.123514 4.1719 -0.807766 0
0.221994 5.55113 -0.748257 0
0.341527 5.94082 2.92829 0
3.17756 4.4772 -1.80357 0
0.234365 1.14967 -1.47684 0
0.0597832 -2.36672 2.89789 0
0.278348 -5.08547 -0.44441 0
0.146459 -3.20694 -0.149861 0
0.352893 -6.21018 -2.12738 0
0.538728 -4.79851 2.56727 0
0.726669 -2.74426 1.32015 0
0.142158 -2.19836 -1.23855 0
0.361395 -3.371 0.958316 0
0.302213 -4.64596 -1.04124 0
0.395318 -2.48884 2.38971 0
0.279406 0.427436 -2.79762 0
0.102786 4.95217 -2.61221 0
0.21392 1.94325 0.123176 0
0.499385 0.712437 -2.9165 0
0.240239 -0.351888 1.4054 0
0.521886 -2.04931 -0.837422 0
0.255313 -1.72719 2.24925 0
0.160459 -0.455019 0.465896 0
0.798525 -0.796004 2.54867 0
0.410638 1.42383 0.71534 0
0.524456 2.71891 -1.18922 0
0.33329 3.50031 2.62732 0
0.245559 4.77476 1.55134 0
0.717942 6.37537 -0.694931 0
0.377683 5.24721 -0.106237 0
0.448037 4.45451 -2.71882 0
0.249948 3.92738 1.2498 0
1.60837 2.66672 -1.11245 0
0.528156 -2.07902 0.468771 0
1.17744 -1.24367 0.907827 0
0.313696 -4.9975 1.03128 0
0.234133 -5.66041 1.04229 0
0.751757 3.43629 -2.45571 0.308652139461662
0.393634 5.19293 -2.30858 0
0.277946 5.22604 3.07656 0
0.0340069 6.38981 -2.03523 0
0.662986 5.35521 -2.90141 0
0.0874288 3.52692 3.13357 3.25607062515096e-07
0.0795744 4.98489 1.66483 2.53545312831026e-08
0.45408 -3.64637 1.15445 0
0.11975 -2.81977 1.86735 0
0.0457692 3.49638 -1.00992 0
0.113399 5.1319 2.77624 0
0.117422 -7.05299 0.317509 0
0.384067 -5.8615 1.66076 0
0.0567129 -4.52724 0.16909 1.01595665463713e-07
0.176861 -4.35069 2.48381 1.02748470126375e-07
0.380338 6.50005 0.0205972 0
0.86835 5.97357 -0.370135 0
0.289557 3.53167 0.198786 0
0.12343 4.68395 -1.10763 0
0.304495 2.33328 -1.82834 0
0.812165 2.97916 -1.81168 0
1.14811 -2.11226 0.327987 0
0.693537 -1.77828 0.209555 0
0.11168 -2.87648 0.70039 32.465760825846
0.482461 -2.75204 2.46635 8.54898792042242
0.828099 1.26256 1.07853 15.7875377352945
0.750704 1.63344 1.44408 12.4956567540941
0.935071 2.6649 -2.87056 0.901595089082393
0.325315 2.5702 -2.7778 2.84460536877753
0.446678 4.13629 1.2112 5.36766435240768
0.972139 4.55703 1.58574 1.62579245888445
0.0801299 4.07056 -3.10223 6.04160421204417
0.343772 2.16692 -1.96147 9.33005601859391
0.740887 -1.50524 0.903452 19.5063137231221
0.531841 -2.0943 1.17079 15.557033544531
0.0952725 -1.74485 1.7842 10.3516806963322
0.40328 -0.0758521 2.75074 7.1765833209985
0.237174 1.33119 -1.74383 0.465110382893836
0.0411689 -1.05064 2.36651 3.35335955785658
0.228661 -1.27867 2.42544 9.88564673625825
0.315198 -1.85366 -2.37733 4.244137522845
0.20851 1.29666 -0.269773 2.28612668907573e-07
0.211597 1.54249 -0.81711 1.81560935124917e-07
0.189558 1.57927 -2.34335 0
0.632956 0.157654 -0.611146 0
0.542436 -2.45914 -2.96714 8.13805737712337
0.0323285 -3.4287 0.728456 52.2844963226909
