0.600036 -0.245451 1.24283 0
86.0418 0.892379 0.339018 0
27.5673 0.930269 0.356024 0
0.0748988 -5.65302 -2.24313 0
0.619581 -3.4954 -1.0462 0
0.191508 -1.13215 -0.668922 0
1.87386 -0.892931 -0.743001 0
1.27538 -1.63091 2.77804 0
0.520672 0.0201327 1.43937 0
1.23252 0.552684 -2.64488 1.35050938731205e-13
0.121759 -3.49612 2.49666 0
0.880954 0.80395 0.225001 0
0.624972 -0.41298 -1.21759 0
1.79741 -0.514747 0.300149 0
16.7895 1.03921 -1.52125 3.9319842186922e-14
40.8695 1.02249 -1.51822 3.97445095036365e-14
4.17096 0.913813 -1.56174 3.73648554310395e-14
3.48744 1.01485 -1.65875 2.12809991452024e-14
0.566011 2.88491 1.01423 0
0.446324 2.69878 3.03991 0
0.309806 3.7031 0.652655 0
1.49458 3.49847 -0.840526 0
1.89221 3.59431 0.926065 0
0.160174 4.24241 -2.80434 0
3.95692 3.45656 -1.03438 0
4.29833 -1.56202 -1.84248 0
0.433596 -1.65174 -1.94324 0
8.94345 0.865483 0.321786 0
5.86972 0.886043 0.46309 0
1.78027 0.793438 0.380565 0
1.48075 0.826322 0.860604 0
1.74722 0.474163 0.460883 0
0.547295 0.0310101 0.991408 0
0.969515 2.23347 0.695024 0
1.66942 1.54322 0.725663 0
0.747507 0.752347 -0.690546 0
0.550254 2.0186 -1.9058 0
0.800358 1.93606 -0.634093 0
2.54511 1.36009 -0.46276 0
1.02061 1.80034 0.802404 0
1.76835 1.30721 0.448469 0
0.459803 2.12966 -0.739722 0
2.12134 3.43421 -0.677916 0
1.24019 3.34215 -2.76785 0
0.173945 2.78716 -2.08975 0
0.530797 0.890075 1.90063 0
0.535891 1.73155 2.38779 0
0.177893 0.161267 0.736316 0
0.153716 -0.647599 -0.426606 0
0.583943 -0.902359 1.09227 0
0.0674948 -0.570925 1.47613 0
0.486786 -1.85169 2.97497 0
0.12438 -4.89785 -3.12335 0
1.17677 -3.12558 -0.790529 0
1.04079 -3.76785 -1.92093 0
0.957327 -4.25958 -0.580484 0
0.413374 -4.36745 1.63168 0
0.076984 -6.62903 -1.41912 0
0.704992 -4.50301 2.36586 0
0.461747 -4.71787 -0.65074 0
2.97774 -4.36774 0.127508 0
0.631049 -5.30075 -2.24925 0
0.934301 2.51993 -1.25859 0
0.542147 3.48299 -2.31881 0
2.35289 -0.146603 -2.3893 0
0.34112 -0.888501 -2.75059 0
2.63015 -0.289264 -2.19932 0
0.16612 -3.24391 2.87791 0
0.883421 -5.34285 -1.81777 0
0.396251 -3.16836 -1.79051 0
1.81629 -2.83063 -0.128005 0
0.425761 -3.03517 1.60161 0
2.055 -3.57173 0.157918 0
1.3532 -4.62157 0.236957 0
0.415312 -5.06318 1.56679 0
0.753288 -2.78554 1.95295 0
0.517233 -1.23186 1.22091 0
0.231445 -1.6615 1.04262 0
2.24435 0.115838 -2.9512 0
0.652244 0.620806 1.43344 0
0.246941 0.809921 -2.80465 0
0.23448 1.54427 -2.68917 0
0.549941 2.43764 2.27051 0
0.164483 2.4332 2.40637 0
0.36734 1.33145 -1.68064 0
1.40922 2.35244 0.920439 0
2.06256 2.75656 1.48913 0
0.93842 3.33056 0.017232 0
0.435831 -1.72631 1.02885 0
1.26855 -2.61613 1.56909 0
1.07916 -2.65916 0.898582 0
0.595909 -2.25354 0.124368 0
0.273283 -2.99346 0.85831 0
0.0609063 5.32171 1.19349 0
0.347983 1.07404 0.201227 0
0.484905 1.58949 -3.07167 0
0.266739 -4.31424 -0.101952 0
1.2154 -3.57168 -2.07696 0
0.492868 -3.54854 -2.88883 0
0.522823 -3.19466 -3.00799 0
0.620089 -2.73946 -2.63579 0
1.28919 -2.97619 2.04077 0
1.79068 0.65965 2.76802 0
1.00939 2.54431 -0.769715 0
0.372474 3.57752 2.31631 0
0.637394 3.23828 -1.38816 0
2.05734 3.77981 -2.27299 0
1.06532 4.29089 -2.70718 0
0.697015 3.26288 -3.03891 0
0.55438 3.19553 3.07901 0
0.289387 3.29416 -2.83548 0
0.416091 3.44519 -0.208544 0
1.76262 3.87604 -0.0281446 0
0.840751 4.67377 1.41403 0
0.87802 2.96791 -2.67101 0
0.547315 2.58529 -0.047793 0
0.0373996 3.98888 -1.54601 0
0.170293 -1.67164 2.23708 0
0.820634 -3.28718 1.7442 0
0.401553 -2.42315 2.73001 0
0.246241 1.33895 -0.651871 0
0.198064 -6.55821 -0.419405 0
0.663645 -5.16732 -1.2733 0
0.537646 -0.0191694 -3.02456 0
0.703068 0.190892 -0.0347808 0
0.235939 5.13444 2.06564 0
1.41248 -0.325386 1.1665 0
0.50016 0.697439 1.83916 0
0.607862 4.14243 -1.05235 0
0.244903 4.73052 -1.86108 0
0.500044 4.41874 -2.92395 0
1.14504 -2.3669 0.869651 1.02016906054791e-13
0.426249 -2.10455 1.65625 7.64439714575805e-14
3.12692 -1.88812 2.91485 0
0.662302 -4.75214 2.04403 0
0.408073 -3.38394 1.05825 0
0.276967 -3.7965 1.31939 0
0.375106 -3.87357 -1.38733 0
0.764145 -3.52199 2.41674 0
0.119467 -2.16201 1.65719 0
0.343717 -0.729519 2.81449 0
0.46983 0.406786 -1.46921 0
0.372358 -0.88778 -0.874016 0
1.19082 -0.0920583 0.331027 0
0.687908 -1.12015 -0.497854 0
0.490172 -1.57097 -2.08253 0
0.476154 1.11257 -1.22243 7.57401045708895e-14
0.745694 1.08379 -1.7853 1.14754516291301e-14
4.98849 0.938544 -1.37598 6.03743798635154e-14
0.495571 2.64863 0.769754 0
0.944151 2.12738 1.69441 0
1.06774 2.71244 1.84362 0
0.448286 2.63061 -2.68034 0
0.301816 3.75405 -0.00928935 0
0.424005 3.08393 3.09086 0
0.828278 3.37306 0.064649 0
0.79206 3.12106 2.3655 0
0.345187 3.38446 1.26499 0
1.81069 3.76057 -1.12375 0
0.15179 4.30219 -2.4351 0
0.850526 2.39345 -1.03376 0
0.576265 2.57799 -1.52493 0
0.277161 3.0566 2.40551 0
0.606698 -2.04562 -1.43256 0
0.456407 0.975551 -1.05827 0
0.716707 0.571491 -1.81977 0
0.426315 1.35567 1.15944 0
0.207093 -0.0480015 -0.863962 0
9.55235 0.902631 0.390905 0
4.14368 0.976816 0.406015 0
2.71821 1.27856 1.2527 0
1.57084 1.51175 1.52661 0
3.637 1.43059 1.33887 0
0.884379 1.41424 1.01822 0
0.486208 2.27028 1.22897 0
2.15479 1.43423 0.789186 0
1.25796 1.49839 0.275524 0
0.951854 1.42526 -0.0819717 0
0.742033 1.42351 0.16425 0
0.301828 0.396719 -2.34062 0
0.212248 1.90654 -1.98897 0
0.882242 1.03395 -0.119678 0
0.771064 3.04248 -1.0857 0
0.627419 2.71695 -0.265661 0
0.554461 3.93617 -1.06129 0
1.77015 3.29613 -0.902886 0
3.23142 3.03915 -2.77723 0
0.383965 3.21663 -1.80687 0
1.24011 2.71195 3.00997 0
0.219051 2.67887 -0.455841 0
2.00325 1.5284 1.10882 0
0.639815 1.11789 0.444936 0
1.34514 1.28534 0.261115 0
0.416187 -1.04287 0.997494 0
0.649061 -1.45904 -1.93419 0
0.532458 -1.76709 -1.44456 0
0.399584 -1.16969 -2.93662 0
0.926303 -0.694994 -1.81822 0
0.209811 -1.19035 1.57547 0
0.260915 -4.16461 -1.59191 0
0.403517 -5.50426 -2.99701 0
0.815968 -5.96048 -2.30716 0
0.0812045 -7.24053 -0.196439 0
0.915214 -6.42596 -2.75698 0
0.706698 -7.24816 -2.52472 0
1.16879 -6.64062 -1.94859 0
0.284632 -5.32136 0.899231 0
0.390238 1.97263 -2.64915 0
0.419913 -1.1824 -2.79569 0
1.17664 -1.21962 -2.51904 0
0.886586 -2.71881 -0.465531 0
0.119858 -3.07689 -0.916917 0
0.63508 -3.26251 -0.682814 0
0.987335 -4.72878 0.573421 0
0.0215684 -5.75393 -2.95282 0
0.665526 -4.23863 -0.441638 0
0.118119 -6.05583 -0.737957 0
0.514664 -4.29181 1.97875 0
0.107624 -3.00099 -0.647231 0
0.443288 -4.88278 -0.416857 0
0.251225 -3.39915 -0.991259 0
0.268039 -2.96799 -1.60922 0
0.157805 -1.72667 2.68349 0
0.299036 0.0541727 1.53349 0
0.659532 -0.0832588 2.59112 0
0.454718 0.914281 2.85732 0
1.19453 -0.0978975 -2.30165 0
1.17185 -0.367216 -2.83493 0
0.2757 6.7024 -1.50605 0
0.663608 4.01954 -2.71614 0
1.11993 -0.287339 1.35534 0
0.567719 -2.96246 -0.134534 0
1.03841 -2.88054 0.776847 0
0.288386 -1.39347 -0.125127 0
1.44599 4.93363 1.02427 0
0.294662 4.22214 -0.0128895 0
0.521051 3.12634 3.07106 0
0.327502 1.78422 1.06084 0
0.476472 1.31885 0.0335428 0
0.423878 -0.925564 -1.739 0
0.572352 -4.16302 -3.06147 0
0.624455 1.98742 -1.92032 0
0.980274 2.60783 -2.65112 0
1.57122 3.73536 -2.95151 0
0.23073 2.86481 -1.84078 0
0.282103 4.22417 1.16618 0
0.2373 2.63096 0.19906 0
0.211167 2.99961 0.637659 0
0.258717 4.39794 0.347918 0
1.29489 3.19579 0.379308 0
0.704933 5.12535 2.20883 0
1.05975 5.55683 -2.74048 0
0.237015 7.32071 1.96504 0
1.11242 4.5789 -1.44833 0
0.137364 1.57789 1.0252 0
0.835281 1.81996 -3.07073 0
0.452875 1.98174 2.4904 0
0.395998 -1.09996 2.73645 0
0.0362971 -2.83552 3.01674 0
0.389185 -2.23788 -1.6588 0
0.183653 -4.21654 -1.30604 0
1.23692 -5.4574 -2.14606 0
0.206591 -1.33948 -1.73918 0
0.868612 0.66662 -1.23101 0
0.327608 4.31318 2.09665 0
0.280924 -6.43655 1.61879 0
0.1987 -7.88974 -2.22732 0
0.644217 -4.69821 2.50335 0
0.629585 -2.04015 -0.305873 0
0.381852 4.64175 -1.56808 0
0.352633 3.1851 -2.03597 0
0.207285 4.66494 -2.56051 0
28.5106 -2.04803 2.6025 0.0108235469318086
5.01887 -1.78971 0.781957 0.0136462328423831
3.61369 -1.72459 0.929105 0.0590440106726865
0.521905 -1.28257 0.230976 0.246422560210541
0.576177 -2.77772 0.31768 1.12909965444046e-08
0.252711 -2.18474 0.51514 2.66974222702902e-08
1.72924 -0.129288 -2.61642 7.16825876117385e-08
0.756256 0.22836 -2.70523 1.54135685162569e-07
0.420045 -3.81581 1.89339 0
0.0583688 -4.84631 -0.700348 0
3.10742 0.861868 -1.66288 2.94169359919863e-14
0.875313 0.79304 -1.77751 3.08351539173409e-14
0.248616 0.806688 -2.2822 1.16238921435695e-07
1.07684 0.814297 -1.94748 3.91664419302384e-08
0.104022 4.85371 -0.996108 0.26076376518615
0.161806 4.64652 2.65423 0
0.410134 4.1441 -3.02613 0
0.454086 2.09109 1.5095 0
0.694384 1.91077 0.98572 0
1.3542 1.36456 1.22612 0
0.103616 1.43795 1.28167 0
0.637059 1.54124 0.980968 0
0.504935 1.6033 1.64439 0
1.13492 1.2294 0.47216 0
0.213562 1.00276 0.210281 0
0.354867 0.707711 0.7154 0
0.340056 0.317015 -0.0102653 0
2.05789 1.53018 -0.258923 0
0.310075 1.59604 -0.385193 0
0.859576 3.44143 -0.275845 0
0.767934 3.21338 -0.574108 0
0.33148 1.86644 0.31829 0
0.929213 1.37002 0.398764 0
0.140359 -6.19033 -0.381035 0
0.484727 -4.63261 0.377389 0
0.244435 -4.43891 1.61236 0
0.0978494 -4.49291 2.60038 0
0.775354 4.3032 2.45544 1.83506628156038
0.427918 -1.33562 0.901559 0
0.273305 -1.96167 1.67724 0
0.109239 -1.88594 2.05965 0
0.419264 -2.5917 0.385806 0
0.19669 -2.45737 -1.64801 0
0.102911 -3.30675 0.645392 0
0.508861 -1.40954 1.7347 0
0.0823853 -0.511529 -2.5626 0
0.0976249 1.90418 -1.10084 0
0.66721 2.27633 -0.642917 0
0.202543 4.28744 1.62238 0
0.881672 4.35564 1.83967 0
0.0547204 -4.95285 1.59734 0
0.61889 -3.48698 2.78665 0
0.780903 0.453947 2.1003 3.71144517980274
1.14308 1.17287 3.06259 2.98265107804228
0.125602 2.81027 -1.63715 0
0.457617 3.90573 -1.4819 0
0.653609 3.60708 -1.97828 0
0.209379 3.51684 -1.6066 0
0.902613 3.47665 -2.49422 1.79773157647683e-08
0.77789 3.63919 -2.70192 1.49860475552459e-08
1.16248 3.98171 0.29797 0
0.789198 3.57528 0.199971 0
0.405451 6.06659 -1.61826 0
0.148762 5.87733 0.624632 0
0.246334 6.55663 -1.9561 0
0.581926 6.45834 2.99231 0
0.527948 1.66106 -2.85122 0
0.255386 1.18815 2.39611 0
0.469503 -1.54691 -0.121831 1.65764174316584e-08
0.195579 -0.943768 -0.449956 8.10395341827489e-08
0.171157 2.30563 0.738459 4.17630700663897e-08
0.168309 2.02683 1.81897 3.43189133028893e-08
0.415159 -4.13158 3.09228 0
0.15969 -4.39114 -1.72641 0
0.212128 0.328914 1.32964 2.78727535272935e-08
0.185825 1.22402 1.8504 1.08941967787682e-08
0.916945 2.15733 1.76359 0.491427768709633
0.0434411 3.43813 2.4104 2.91675332853555
0.695858 3.49855 -0.363726 4.38144114571403
0.551285 3.24306 -0.976951 7.16303600585121
0.0998384 -1.00321 1.77769 52.150856269799
0.842712 -0.171211 0.983052 9.39551229027071
0.878477 -0.398378 1.68974 37.82064402691
2.9755 -0.429276 1.46284 11.074311997842
0.290536 2.775 1.94024 30.2003135936181
0.204965 3.88289 -3.13184 14.1827945604433
0.0187009 4.30169 -2.70219 56.4168334838998
0.742608 2.08567 2.35973 12.8164946604644
1.54072 3.56963 0.582131 0.495580483413472
0.281169 3.60184 1.00184 2.63891536119856
0.23991 -2.95118 1.76616 1.79243957295036
0.131615 -4.11852 -1.97758 1.02146196008098
0.638553 -3.20451 -0.191236 2.67612599035744
0.385857 -2.60899 0.280965 8.02779944833196
1.09481 -1.825 0.73073 0.00493743152881173
1.31283 1.73908 0.751821 0.35107175818719
0.290763 0.571907 0.745828 10.902104588532
0.151189 0.836421 -1.84508 17.9119731764357
0.193652 5.15731 1.35943 0.175533165462579
0.585608 5.5698 1.23543 0.46327065460996
7.08673 0.534595 -2.23593 0.0697868980639081
0.186762 2.03951 0.257602 0.541143612102953
0.286018 1.46299 0.3631 6.91418511991799
2.2233 1.60502 1.07176 0.468102523784685
5.3691 1.64121 0.865336 0.138161019057583
2.84992 -1.84719 0.799734 0.0418725916254041
2.30995 -1.78323 0.827076 0.0722175458436435
1.37711 1.73061 0.205764 0.639668244891185
0.230686 1.34007 -1.86139 2.13353056248148
3.38778 1.62146 1.08051 0.293334473861457
1.62639 1.76162 1.3064 2.45690059542128
1.62939 1.6354 0.43096 0.864026244190501
1.05978 5.27038 1.07808 0.444632614605345
0.41596 4.28992 1.53998 1.2418353060652
9.16691 0.544022 -2.25135 8.45592231096943
21.2508 0.526091 -2.27317 3.69859622554697
