6.10368 -0.970067 2.94555 2.04892458806797e-14
0.713329 2.23006 -2.47401 0
6.91229 2.63747 -2.68211 0
0.586997 -8.17199 0.942823 0
0.0434563 -9.4227 -2.78714 0
0.788341 -4.4706 -1.54903 0
0.226737 -5.53003 0.0234717 0
2.42344 -1.88132 0.0935788 0
0.145294 -1.68325 1.6328 0
0.763769 -0.174716 -0.0577676 2.13523928134951e-14
1.55234 -1.01951 -1.44123 1.21595482480364e-15
0.49608 -1.24458 -2.13316 1.01241086990326e-14
1.7641 -0.916959 -1.73028 5.1019624239545e-15
1.28201 -0.858213 -1.24858 2.64251950643619e-15
3.29182 -0.754788 -1.41629 3.18804156736334e-15
5.60554 -0.598709 -1.34246 5.96163482682361e-15
7.5367 -0.746823 -1.21832 4.29503371174095e-15
10.6955 -0.682776 -1.31317 4.58446669885035e-15
5.7999 0.55228 2.94236 5.0925911648493e-13
8.87918 0.455091 2.95744 5.56936104735317e-13
2.72214 0.618213 1.42972 3.22499323199705e-13
1.17892 0.280321 1.73438 2.83545085809946e-13
1.16273 -0.0899988 0.922138 5.72769182235229e-13
0.506362 1.17414 -0.0477751 5.73434003157942e-13
1.25956 0.173574 -0.508361 4.7057367643281e-13
0.557736 0.860141 -1.02106 5.79479815687139e-13
0.450928 -0.473386 -1.37506 2.06968497418729e-13
0.744815 0.656584 -1.05876 5.57017368587663e-13
1.63672 -0.63418 -2.02053 4.30288906835797e-13
0.118036 0.0554402 0.413675 5.85683786810076e-13
0.055248 -1.61987 -0.600032 3.30557075897381e-13
1.01005 7.14206 1.91592 0
0.315249 7.1459 -1.55508 0
0.795149 5.77929 1.63571 0
0.0320357 7.71815 -2.01244 0
0.303245 4.41144 2.30109 0
0.99258 4.3256 -0.525143 0
0.952298 4.88021 -0.0495672 0
3.82644 4.30768 -0.119671 0
1.16358 4.4239 0.772377 0
0.654332 2.09681 0.106273 0
0.500213 3.92754 -0.603114 0
0.27772 2.10061 -0.816244 0
0.388314 3.21425 0.453449 0
0.249734 1.46001 2.91189 0
0.216206 -2.54077 0.881336 0
0.982618 -2.80802 0.0229508 0
0.240669 -2.76319 -0.762422 0
0.899645 -2.70485 0.102185 0
0.0847385 -6.4206 2.25925 0
0.245572 -4.92749 -2.90715 0
0.623186 -3.64173 2.45971 0
0.84279 0.350999 2.73447 0
1.20498 -0.180909 2.93468 0
0.304279 -3.87153 -0.436194 0
0.525101 2.45701 2.69308 0
0.673276 2.11011 -0.866727 0
0.338687 4.17504 3.08155 0
1.44639 5.33884 -1.12286 0
0.755411 6.84366 2.5046 0
0.426644 6.46256 -2.23959 0
1.28698 1.9841 1.6544 0
1.56253 1.14148 -0.525267 0
1.2603 1.36052 0.699469 0
0.289124 -0.901879 0.54206 0
4.68702 0.0830554 -0.765267 0
4.92441 0.0465584 -0.638718 0
0.0927334 -6.69599 -1.76344 0
0.274087 -2.78138 -1.48845 0
0.319316 2.17449 -0.988587 0
0.455243 1.65172 -1.73406 0
6.62538 -0.769584 2.93848 2.13229277770823e-14
4.06594 0.411317 -0.744621 1.10855115199471e-15
0.260095 -0.0308711 -0.882571 6.22375356242176e-16
0.282533 -1.98774 2.79016 0
8.49396 0.963552 1.79114 4.58395532604832e-13
2.13735 0.977615 1.6141 5.66895412256588e-13
1.52365 0.880824 1.87024 3.96393256033312e-13
1.43683 0.961554 1.56625 5.94878370769136e-13
2.0096 0.71284 3.01395 5.23835311803571e-13
1.38645 0.3946 2.72272 4.2969977300988e-13
3.78757 0.595718 2.99205 5.32554096061144e-13
5.56 0.462048 2.92307 5.30015244587886e-13
8.98455 0.358538 1.47114 3.53790969515951e-13
3.13308 0.51857 1.39598 3.49533307585389e-13
0.0719756 -1.09433 1.9619 5.88095159264305e-13
2.05495 0.292524 1.22636 4.50953335577286e-13
0.443099 -0.809895 1.53837 5.85026339780693e-13
0.666057 -0.473941 2.04255 5.21514224600256e-13
0.0725568 1.15183 -1.11679 5.8804285185332e-13
0.184034 -0.963375 0.929458 5.69603632690127e-13
0.49798 1.03896 1.18037 3.89263616335024e-13
1.47349 0.086736 -0.949534 3.86593120720548e-13
0.450258 -0.134839 -1.16801 2.90535204122001e-13
0.541537 -0.614104 -1.34248 1.6381703671899e-13
0.238466 1.58635 1.05445 4.26243204196648e-13
0.191985 7.68462 -1.20932 0
0.548329 4.06238 -0.0553871 0
0.656922 4.76652 -1.98836 0
0.209656 5.00172 -2.61511 0
0.196933 3.66102 2.53893 0
0.268487 3.7746 2.21519 0
0.472542 3.48025 2.24488 0
0.693785 2.27881 1.02672 0
0.086743 1.38524 -2.09215 0
0.51038 2.46242 0.991651 0
0.838589 1.6683 -0.0129634 0
1.42178 1.59412 -0.0957307 0
0.370324 2.12546 2.12625 0
0.832349 1.1558 1.24599 0
0.913121 -0.944134 0.148108 0
0.13556 -3.89408 -0.945529 0
0.380728 -4.93687 -1.25192 0
0.418307 -3.16815 -1.77786 0
0.339212 -5.25393 2.14896 0
0.061041 -5.74814 2.93392 0
0.792413 -3.05882 2.51259 0
0.402203 -1.53057 -3.08925 0
0.710546 -2.01731 -2.88763 0
0.469515 -1.02708 2.79306 0
0.430023 -0.406661 -2.40072 0
0.583766 -4.85978 2.76305 0
0.301213 -2.33734 2.95366 0
0.445981 -1.17695 0.68122 0
0.314677 1.38332 -3.05408 0
0.242021 3.28525 1.16692 0
0.840366 4.11022 -0.530543 0
0.120901 4.9218 0.548857 0
0.243881 2.34313 3.01647 0
1.07027 1.01175 0.161448 0
0.0602249 0.304143 -1.19709 0
0.673128 0.127101 -0.0377375 0
0.296621 -1.03688 -0.964497 0
0.108162 -6.37814 1.48576 0
0.647655 -4.9719 0.976061 0
0.528318 -2.75488 -2.33634 0
0.25805 2.04897 1.03274 0
0.140612 3.71914 -2.056 0
0.50081 4.00986 -2.73111 0
0.603226 -0.976553 -0.433412 1.30075486548584e-14
1.46419 -0.942621 -0.665671 1.0350781489525e-14
0.210862 -1.05856 -1.46016 1.80191088292781e-15
0.902286 -0.724875 -1.5574 4.52937410795571e-15
19.072 -0.707682 -1.24824 4.58930986865521e-15
1.92419 -0.706196 -1.25215 4.57873848136573e-15
1.46525 0.936598 1.75316 6.06976997888173e-11
2.07569 0.596319 2.83353 1.84277650312119e-08
0.556203 0.579309 2.78346 4.57955924858352e-08
14.2349 0.500241 2.89828 4.96228678739068e-13
24.0086 0.515272 2.89223 4.85839532742544e-13
20.0042 0.446308 1.56942 0.65076383784631
2.69848 0.448835 1.45686 3.38919427996039e-13
0.348357 0.555969 1.15467 4.29231871464812e-13
0.39533 0.591132 -0.600233 3.80798310196586e-08
0.725153 0.159456 -0.52918 5.07791753032382e-08
0.48643 0.720597 -1.12072 5.66530494295995e-13
0.711071 0.209182 -0.674487 4.57928815048009e-13
0.143134 1.09647 -2.25076 5.57959555219088e-13
0.46119 0.514392 -1.33479 5.40376060053567e-13
0.148761 0.552864 -0.870065 5.38947117235807e-13
0.328991 -0.466445 3.09017 5.79882445854485e-13
0.113599 -0.363645 1.97081 5.54208974323643e-10
0.299958 6.82035 -1.57211 1.93013083115683e-08
0.219132 6.52158 -0.721157 7.93580388930115e-08
0.0638882 -6.84599 1.63935 0
0.224522 -6.12783 2.46617 0
0.0491859 -7.75562 -2.45364 0
0.506821 -6.3162 -0.945173 0
0.125895 -0.422939 0.308708 0
0.144824 -0.00731221 -2.63663 0
0.625045 0.0825433 -0.841521 0
0.874195 -0.216753 -0.664309 0
0.905175 -0.0386726 -0.700774 0
1.3973 -0.121277 -1.04997 0
0.088428 -6.19218 2.29934 0
0.378215 -6.58298 1.06805 0
0.255429 -5.70615 2.3553 0
0.834841 -5.72086 3.12332 0
0.0622258 5.26 -0.0664622 8.19941274706429
0.848866 3.88049 -0.668434 2.38174274011057
0.655174 1.88034 0.68216 23.2856851542209
0.573351 1.392 1.12204 41.8245074092034
0.130522 0.0989077 -0.0863826 2.76147870087918
0.614353 1.06512 -0.301174 0.361587485043287
1.58289 -0.21998 -1.12289 2.55650493765459
0.212492 -0.299758 -0.652788 18.7656048132179
8.25141 -0.179116 -0.830094 9.36680776098666
4.15812 -0.225211 -0.779578 18.41795938415
0.307826 -0.430453 1.52881 11.0494326052837
0.374538 -1.41076 0.971826 4.58658687769469
0.0634401 3.49514 1.58514 7.22282707579605
0.420277 3.20764 -1.70795 1.45328126446069
12.2357 0.0941025 -0.917157 0.108337164884516
3.41067 0.384135 1.51085 0.352804694094999
0.370046 0.07486 1.32447 0.123908886433223
0.607126 -0.232614 2.38006 0.170976251659251
0.139883 -6.32736 -2.00528 6.2260559762277e-06
0.0872013 -6.45386 -2.00704 8.42219034526613e-06
9.83537 0.280745 -0.897189 0.0594680367000653
1.15059 0.132227 -0.796927 0.140484870233243
0.829346 -1.47485 -0.485856 0.0218800201496055
0.797528 -1.33649 -0.767933 0.0599236039692109
2.42755 0.947553 1.70586 0.0806673326849027
10.5396 0.962592 1.77706 0.0142645372693233
21.9031 0.359598 1.51531 0.53639448487601
18.8623 0.431814 1.48532 0.760775514526668
1.33607 0.387047 -1.00448 1.85395369067102
0.152487 -0.248822 -0.480773 12.7331913850171
0.380469 -0.458371 1.40499 4.57268000157245
0.140232 1.06406 1.21581 1.97218517347868
0.111252 -1.11686 -1.57617 2.40525713033617
