0.178048 3.13159 -2.01151 0
0.223093 5.27822 0.652572 0
0.504086 3.95149 -1.44529 0
0.375754 5.26862 1.7552 0
0.415227 1.70037 3.04385 0
0.218697 0.725137 -0.645169 0
0.454214 -1.42676 -1.97405 0
0.100065 -6.82165 -0.996907 0
0.406675 -6.81349 2.05454 0
0.231343 -4.80322 -1.4541 0
0.543966 -5.0975 -0.0646347 0
0.15962 -1.26967 -2.40953 0
0.220737 -1.81201 -2.92368 0
0.342816 5.39285 3.0892 0
0.67373 6.47071 1.60366 0
1.22693 6.38642 -0.904889 0
0.337326 6.52072 -1.84441 0
0.344149 3.79167 -2.62434 0
0.417051 4.57534 1.85283 0
0.542668 0.11958 1.66134 0
0.379929 -0.896353 -1.08543 0
0.728646 -1.78381 0.0583326 0
0.224991 -4.22326 -3.13984 0
0.387428 -3.55524 0.546387 0
0.199985 -6.73003 0.506085 0
0.279641 -5.30373 0.0379208 0
0.109839 -7.67533 0.454488 0
0.143698 -7.81193 1.09084 0
0.203675 -7.13643 0.418321 0
0.347501 -3.64374 2.09622 0
0.16561 -2.30276 -1.11559 0
0.437296 5.97966 -2.658 0
0.189879 9.39532 2.47946 0
0.242063 8.44125 -0.0604338 0
0.16973 2.77491 -3.03624 0
0.0572559 1.33757 2.45271 0
0.326913 -1.68437 1.95707 0
0.148716 -2.06738 1.16165 0
0.358542 -3.30487 1.65996 0
0.146139 -2.99842 0.563847 0
0.0612177 -5.20621 -0.729373 0
0.242807 -4.51929 2.63742 0
0.4714 -0.563095 3.05362 0
0.154853 -1.28812 -2.16022 0
