0.376826 -3.96722 -1.37036 0
0.673476 0.329199 -1.95436 0
0.785936 1.53184 -2.11861 0
0.215523 3.75351 -0.921299 0
0.338198 5.06178 -2.3807 0
0.270827 6.92464 -3.00782 0
0.724054 5.81649 -2.84811 0
0.726893 2.89281 1.41928 0
0.282119 -2.88629 0.1201 0
0.234013 -5.47329 1.42423 0
0.110211 -7.91807 -1.40767 0
0.260898 8.8882 0.735635 0
0.209721 5.24725 -2.24631 0
0.973035 6.82492 -0.0619368 0
0.835166 3.46622 0.879629 0
0.535837 1.30416 -2.19222 0
0.504026 -0.81161 -2.46924 0
0.429429 -2.03914 -2.8319 0
0.30487 -1.58222 1.13443 0
0.255975 -6.29425 2.11171 0
0.565735 -6.40187 2.22287 0
0.55102 -2.8845 -2.04942 0
0.307369 -1.70965 2.71579 0
0.604429 -1.09271 -1.02886 0
0.233586 -2.21945 1.3013 0
0.0778767 2.64843 -2.89967 0
0.312473 7.5253 3.11987 0
0.462212 7.0407 -2.71311 0
0.413344 7.33267 0.761006 0
0.151501 -5.52437 -1.49006 0
0.383908 -1.0909 -1.01329 0
0.382146 -2.08286 -2.84724 0
0.281998 -2.22287 2.78384 0
0.218006 -0.429649 1.19452 0
0.345128 0.389728 -3.1262 0
0.948998 -0.0710752 2.67672 0
0.1372 1.24032 0.874707 0
0.127997 2.15258 -1.46137 0
0.757739 1.11916 2.25972 0
0.650708 2.23742 -1.42633 0
0.122827 1.24139 2.45987 0
0.452665 5.06568 -2.35447 0
0.979954 3.55779 0.912587 0
0.0790009 3.68223 -2.71808 0
0.533906 2.7175 1.27534 0
0.0406946 -5.75457 0.284858 0
0.3927 -7.07043 0.0156343 0
0.716374 -5.8735 -0.525805 0
0.355489 7.68205 -0.0818599 0
0.636886 5.33031 2.70975 0
0.211042 4.60246 1.3473 0
0.373957 4.48957 0.27522 0
0.450892 2.27336 0.988227 0
0.292907 3.30868 2.97656 0
0.795 1.34202 0.527848 0
0.211192 0.0600825 1.75469 0
0.453475 0.812778 1.90355 0
0.351497 0.697523 -2.40662 0
0.615739 -0.466111 -0.356817 0
1.20728 -1.35135 -1.56407 0
0.107535 -2.64698 -0.30152 0
0.35059 -6.14389 2.09079 0
0.337322 -8.80054 -0.568733 0
0.857066 -8.01683 3.073 0
0.385476 1.54863 -1.22238 0
0.142497 3.41434 1.65896 0
0.211059 -2.50193 0.734667 1.53396317418931e-07
0.241429 -2.71316 0.884706 1.71681173945524e-07
0.0595256 2.78161 0.282989 0
0.0562289 1.87193 -1.92754 0
0.180239 2.60846 -0.358479 1.74068829207392e-06
0.215114 2.6711 -0.421571 1.64997115989661e-06
0.405288 5.18395 3.13041 0
0.197643 5.66892 -0.664954 0
0.511297 -4.68395 2.74015 0
0.267964 -5.10244 -2.4784 0
0.413742 4.34655 1.24535 6.15478920584408e-09
0.374085 4.57188 1.20141 3.94146175815783e-09
0.266011 3.17563 0.821306 2.57035073594135e-07
0.160714 4.18551 -0.0382271 1.19853657061252e-07
0.119761 -3.42309 2.34994 0
0.197192 -2.99629 0.772009 0
0.7998 -0.831695 -1.80079 0
0.207876 -0.814275 -0.535007 0
0.377318 2.67817 -0.46463 0
0.154941 2.59951 1.59168 0
0.150151 -1.24703 -2.61437 85.2115789498914
0.300413 -1.30319 -0.165431 40.5598573267264
0.0938748 2.57203 3.11043 8.39271043387361e-09
0.197118 2.25324 3.10407 5.68011347954727e-09
