0.0219334 9.79612 2.58425 0
0.165678 -3.88904 -1.32044 0
0.188617 6.71468 -1.0351 0
1.97605 4.4439 -1.78591 0
0.700679 3.11412 -2.01489 0
1.19665 1.69232 2.86208 0
0.36935 1.90592 -2.55396 0
0.322437 2.25383 -2.53311 0
0.196562 3.12732 -0.982775 0
1.09418 1.77026 -1.72637 0
0.581813 0.79805 -2.28752 0
0.131277 0.213362 0.948221 0
5.28653 0.693588 -2.39337 0
0.630106 0.56374 -2.01392 0
0.207415 0.089971 0.0368911 0
0.816871 0.860116 -2.56343 0
0.113333 1.61945 0.0475935 0
0.139184 5.29555 0.336485 0
0.258894 3.9971 -2.53648 0
0.939351 -1.10288 -0.90677 0
0.753511 -0.966044 -2.36459 0
0.693335 -0.478952 -1.97703 0
0.640388 -1.62412 -2.45638 0
2.58587 -2.40927 0.465208 0
0.22998 -5.10307 2.38985 0
0.331289 1.90198 -0.187967 0
0.619451 -1.74669 -2.08911 0
0.722349 -2.84566 1.95599 0
0.380409 -4.69113 -0.871339 0
0.837323 -5.22038 -1.43153 0
0.682095 -5.39998 -2.58591 0
1.70156 -3.80746 -2.68098 0
1.79048 -3.22048 -2.89403 0
0.151247 -3.38918 3.02699 0
0.366517 -1.93118 -2.9449 0
2.57781 -1.88979 2.70032 0
0.279311 -0.955714 1.96372 0
1.21137 -1.80363 0.768739 0
0.64648 -1.73705 0.813528 0
0.639869 -2.6857 -1.74058 0
0.430618 -0.963344 0.280545 0
0.146496 4.09122 2.30572 0
0.609123 2.64366 -0.96651 0
0.256017 4.19495 -0.685376 0
0.680802 3.64141 3.04689 0
0.652433 -1.65613 -0.820543 0
0.69776 -4.56466 -1.31793 0
6.63248 -6.56244 -1.78846 0
0.272767 -7.1348 -0.338015 0
0.874363 -3.77929 0.636935 0
0.771057 -3.26757 0.90887 0
0.94817 -3.62604 -0.602495 0
1.07022 -5.34197 1.6581 0
0.315879 -6.28784 -0.444177 0
1.22704 6.75782 2.1958 0
0.591343 -1.33292 -0.690598 0
0.384878 -3.462 -0.138787 0
0.389954 -3.87762 0.707857 0
0.541426 -1.05867 -2.07917 0
0.640892 -1.45045 -0.730729 0
0.866049 6.21817 0.981371 0
0.189061 7.98841 0.714857 0
0.393353 6.54743 -2.00475 0
0.338048 7.49179 -2.09996 0
0.162785 2.60776 2.75818 0
0.307113 2.24608 2.48836 0
0.134977 3.39625 -1.83905 0
1.43962 1.8714 -3.04577 0
3.28492 1.22262 -1.88609 0
1.90152 0.663935 -2.2505 0
4.31982 0.747535 -2.48035 0
1.78137 0.989688 -2.24373 0
1.25316 0.10369 1.05219 0
0.797813 0.183648 0.400133 0
1.49147 -0.140619 1.00457 0
0.639003 0.0950088 0.553634 0
0.28519 -0.0505267 -1.05301 0
0.117804 2.06617 2.38876 0
0.209846 1.97177 -0.567911 0
0.579754 1.21716 1.81473 0
0.763592 3.076 -0.184532 0
0.335936 2.37544 0.567982 0
0.565527 2.8503 -1.04036 0
0.845359 4.54381 1.01944 0
0.921376 4.02245 1.00872 0
0.479818 4.36873 1.93643 0
0.748061 4.48225 -3.13643 0
0.499354 2.00766 0.00689518 0
0.116257 3.01148 0.862722 0
0.0624612 -2.23567 1.93978 0
1.89976 -0.207663 -1.88979 0
0.741828 -1.0192 -1.81462 0
0.929783 -1.99149 -1.17545 0
0.974068 -1.20698 0.243354 0
0.198918 -2.06687 -0.76316 0
1.09806 -2.8126 0.18503 0
0.46075 -1.15411 3.12092 0
1.21146 -5.31906 -1.62875 0
0.0616128 -7.06302 1.2388 0
0.756433 -4.73076 -1.55513 0
1.48399 -4.42891 -2.14478 0
1.49612 -2.14081 2.34885 0
1.80836 -2.30499 2.53077 0
1.82312 -2.3798 2.9026 0
2.2424 -1.92283 2.81466 0
0.374405 -1.58279 2.98683 0
0.8026 -1.46705 1.60621 0
0.287943 -1.30789 -3.02976 0
1.54903 -1.17949 1.36203 0
0.585624 -2.06701 0.830744 0
1.73202 -1.49353 1.58964 0
0.237207 -0.984385 -2.91575 0
0.153201 -2.56133 0.521275 0
1.03681 -2.59806 -0.408048 0
0.278539 -3.53466 -0.608367 0
0.713065 -1.80596 -1.12809 0
0.149832 -2.09312 0.341275 0
0.388788 5.12076 1.53516 0
0.528192 6.36476 1.09199 0
0.401007 5.39832 -2.6889 0
0.596787 2.91929 3.1075 0
0.330296 2.38154 -0.866411 0
0.502467 -0.619795 -3.05884 0
0.286704 -4.2335 0.998276 0
0.291429 -4.19412 -1.4826 0
0.52062 -5.03399 1.92155 0
2.75377 -2.25738 0.630883 0
0.505157 -1.95535 0.191454 0
1.09903 -2.44785 0.223516 0
1.63907 -2.34965 0.721567 0
0.382435 -3.25394 -0.362713 0
0.274938 -4.52485 2.61095 0
0.172859 -4.4151 2.27785 0
0.654261 -5.27662 1.21186 0
0.164544 -4.97519 -2.64285 0
0.127557 -7.35231 0.515198 0
0.498031 -5.0735 1.6203 0
0.240334 2.37232 1.37337 0
0.132614 -0.185034 1.65663 0
0.506058 -3.83876 -1.99951 0
0.313654 -4.04679 2.0297 0
0.442926 -4.73052 -0.327337 0
0.0392424 7.1259 1.29898 7.84147966848557e-08
0.194722 5.83918 -1.65199 1.30207614514673e-07
0.0939183 5.60808 2.08991 0
0.438203 4.83077 -2.4952 0
0.477521 4.36384 -2.16949 0
0.593698 3.99369 -1.93596 0
0.424581 1.60659 2.20364 4.02430882129945
0.0498857 1.43425 -0.162864 40.0811732038623
0.187079 -1.81751 -1.42915 0
0.600211 -1.49806 -0.386304 0
0.221784 -2.18981 0.386352 2.02394894908805e-07
0.495908 -2.38652 -0.125294 1.01424935421131e-07
0.179749 -2.48965 0.750834 0
1.551 -2.40295 0.153811 0
0.234055 -5.79192 1.08502 0
1.01141 -5.96083 1.5781 0
0.0593077 -3.75977 1.60691 15.2999891759416
0.275153 -1.4318 1.80122 40.2742299060768
0.0621838 -2.8578 -0.918754 0
0.445066 -1.58499 -2.98948 0
0.132772 -4.35701 1.7345 0
0.355579 -3.80648 -1.90106 0
0.0977834 -3.11704 0.513723 0
0.122012 -5.19537 0.392514 0
0.1389 -1.55797 2.19032 3.94034734224798e-09
0.220743 -1.92225 2.96019 1.54698848369032e-09
0.866036 -1.49889 1.90273 0.242508589154887
0.0110345 1.06013 0.111555 0
0.228341 -1.22187 -2.5164 0
0.309435 2.05547 -0.574688 0
0.199339 1.37749 1.07428 0
0.0187443 2.95282 2.20727 1.68807253737968e-07
0.288085 0.213849 -0.309112 4.61542882059845e-08
0.157685 -5.78516 -0.246337 0
0.340288 -6.0054 -1.58012 0
5.83737 -2.19459 0.508106 0
1.2454 -2.15824 0.417612 0
0.880402 -3.44672 0.423269 0.370813962134856
0.0562065 -3.75793 -0.51032 4.19270407773021
0.541193 6.56851 2.08643 0
0.19538 7.13821 2.90759 0
0.220764 1.03672 1.55814 1.1330135754649e-05
0.0226308 0.993623 1.54193 9.35116244075168e-06
0.21229 1.81114 1.27449 11.7672383263144
0.157149 2.98629 -2.85523 5.02093487873026
0.558973 2.6716 -0.453715 1.84103383063718
0.260608 2.67323 -1.54865 3.95054262143883
0.171845 1.50604 -1.33912 0.682530934486731
0.914837 1.16012 -0.477048 0.172964972375003
0.958767 -0.957944 2.15496 13.5359702628804
2.63709 -0.999375 1.91719 4.77422194213918
0.336923 -2.7531 2.62932 18.2341937472095
0.635694 -2.24283 1.88813 15.9810384267637
0.0864865 1.28759 1.39546 1.03172247470228
0.145412 -1.13326 -1.85954 0.698982791651604
0.228475 -1.90938 -2.3588 24.2716548294137
0.429821 -0.82471 -3.01424 32.684056985723
0.406649 0.874005 0.235259 5.44809251807718e-07
0.343965 0.224809 0.323106 6.0247377122408e-07
0.187563 4.28918 2.94217 9.26083720519997e-06
0.482253 4.28801 2.95618 1.03736386142555e-05
0.0389487 -3.28529 -0.720342 1.80122428097746e-05
0.00162512 -2.82923 -0.705972 2.04782589154465e-05
