0.408928 5.38332 -1.70282 0
0.364916 4.25898 2.86013 0
0.316797 4.15943 -0.697853 0
0.247749 6.66858 -1.81456 0
1.2392 7.25236 -2.78052 0
1.00462 0.421313 -2.95175 0
0.892034 -0.372645 -2.39126 0
0.492351 -0.437386 2.90239 0
2.02997 -0.250635 2.8129 0
0.406622 0.367037 3.09365 0
0.137676 -1.65534 0.0302782 0
0.606914 0.840422 1.84297 0
0.348852 1.59725 -1.54431 0
0.660785 1.63854 2.69249 0
0.110138 -1.39652 1.62905 0
0.0885152 0.775955 -2.25638 0
0.330685 1.10207 2.20336 0
0.916468 -3.20197 1.28993 0
0.470808 -9.06562 -2.84432 0
0.219757 -6.56209 0.325715 0
0.446198 -6.16907 -0.750126 0
0.384729 -1.54934 1.01065 0
0.632788 0.741243 -0.00852553 0
0.479791 2.76209 -0.0302251 0
0.141456 7.82187 2.24788 0
0.649662 6.11633 -1.6491 0
0.427154 5.3877 1.90454 0
0.0963073 4.05998 -2.41528 0
0.308628 2.52532 2.05766 0
0.230188 1.89132 2.45198 0
0.222848 6.33204 -2.86609 0
0.337734 6.31487 0.200309 0
0.348027 5.39694 -2.34658 0
0.436978 5.80758 1.11339 0
0.41082 5.2682 -0.192393 0
0.178088 5.01045 2.81453 0
0.429613 6.117 -1.35861 0
0.571458 0.619691 2.28421 0
0.0867396 0.435842 -0.62308 0
0.477822 -0.246178 2.00527 0
0.363971 1.19685 1.70304 0
0.408777 -2.51318 -2.14328 0
0.328611 -4.59636 1.73743 0
1.0517 -8.92496 -1.74793 0
0.341765 -7.54303 1.63822 0
0.377824 -4.97135 -1.72408 0
0.340121 -5.00426 1.08771 0
0.6921 0.465766 0.991637 0
0.17161 5.34431 1.24582 0
1.65902 4.20667 0.114364 0
1.91658 3.82343 -0.18285 0
0.826873 4.59738 0.564251 0
0.196663 5.29486 -0.226896 0
0.300339 5.33621 -0.257344 0
1.03909 4.09309 0.251292 0
0.467237 8.58108 1.91553 0
0.189987 6.48872 -2.36606 0
0.127993 8.1515 2.33212 0
0.496971 -0.664129 3.12413 0
0.666876 -0.8266 2.86236 0
0.893905 -0.0197899 -2.91333 0
0.570301 -0.633075 -2.77758 0
0.0658301 1.40615 -2.99492 0
0.151016 -0.850161 -2.13623 0
0.188031 -0.98157 1.13772 0
0.0903576 -1.28548 -0.951323 0
0.127063 -5.47912 -2.60518 0
0.0156579 -5.31215 -3.04833 0
0.101644 3.12942 1.09332 0
0.190402 3.96388 0.834234 0
0.124797 -1.5399 0.457904 9.20089033392546e-07
0.118175 -1.53497 0.461597 9.39554236655087e-07
0.36144 -3.7979 3.0846 3.80042555490931
0.194991 -3.51895 -1.58142 9.2891795837725
0.265151 -1.49149 -2.61484 5.93697392745477
0.159578 -1.51672 0.830584 9.66843875092263
