1.43605 -2.32322 2.91616 0
0.0452719 -1.9808 -0.509041 0
0.559585 -3.59854 -2.70185 0
0.501029 -2.42143 0.225165 0
0.339892 -1.27945 -0.78552 0
0.166952 -2.79358 -1.9276 0
2.47732 3.05758 -0.373566 3.46406553321957e-13
0.254987 3.1821 0.960241 3.64330849522534e-13
0.613105 -3.04725 1.86734 0
0.489847 -4.48584 0.214925 0
0.688942 -5.94499 -1.89829 0
0.724339 4.0484 1.87913 0
0.17169 2.92329 1.88928 0
0.544209 4.36459 1.62779 0
1.57138 4.31149 2.0517 0
1.18253 3.51045 2.46795 0
0.229628 3.23283 -0.892629 0
0.395252 3.42684 -3.07899 0
0.919025 1.52802 -2.73004 0
0.976097 1.04798 0.925363 0
2.41916 -0.293109 0.478874 0
0.143901 -2.56772 1.05899 0
0.701537 2.44084 -0.740602 0
0.331771 -0.069495 2.558 0
0.488806 -2.13108 2.27343 0
0.569787 -0.80472 1.51684 0
1.02809 -0.271608 2.89265 0
0.725906 0.0583778 2.55088 0
0.55932 2.19464 2.96353 0
0.356339 2.65341 -0.438771 0
0.355793 5.38435 -1.81729 0
0.536972 4.55891 -0.642663 0
0.245759 5.67095 0.597824 0
0.303082 0.389681 0.0880373 0
0.285967 -2.82215 3.13171 0
0.580528 -6.84006 -1.17436 0
0.991587 -6.7224 -2.14245 0
0.720669 -6.74699 -2.16792 0
0.25078 -5.00281 -1.1742 0
0.198769 -6.15619 2.69939 0
0.850027 -4.57314 1.22831 0
3.10512 -1.66443 0.867169 0
0.791534 1.50565 2.29965 0
0.545246 -2.33745 -1.76361 0
0.326635 -1.78234 1.71107 0
0.462238 -3.00266 0.0219629 0
0.112828 -4.048 -2.06406 0
0.663344 -2.29726 2.54493 0
0.185409 -1.34762 0.107921 0
0.575337 -0.909175 0.76366 0
0.0927571 -1.11858 2.60656 0
0.666537 -6.29157 -0.106498 0
0.134809 -6.62375 0.0179007 0
0.10378 -4.20929 0.146737 0
0.957032 -2.01461 0.760767 0
0.365194 -3.66842 2.00076 0
0.111087 -1.04839 -2.06025 0
0.210219 -2.24117 2.80485 0
0.388873 -1.10361 1.56954 0
0.602553 2.05788 -2.95572 0
0.670257 3.25247 0.633209 0
1.04448 2.79884 -0.307067 0
1.07882 1.44677 2.33717 0
2.16683 1.05293 2.87133 0
0.415164 1.21928 -0.897214 0
0.471191 -1.96498 -2.87893 0
1.69633 -2.55562 -1.93863 0
0.511655 -1.54994 -2.07104 0
0.349934 -0.0898045 2.07807 0
0.183672 1.81035 2.76963 0
0.462781 2.42393 2.19538 0
0.363722 7.22926 -1.35111 0
0.624311 8.9291 -0.584198 0
1.43134 2.96558 -3.05178 4.50435113261439e-13
1.0532 -4.03993 -1.58942 0
0.35871 -3.99077 -2.71436 0
0.154724 -4.47629 -0.373084 0
0.489304 -3.09501 -2.78978 0
3.72359 3.30295 -0.084356 2.74507247699784e-13
7.73461 3.19654 -0.245493 3.01370082482308e-13
0.933864 3.125 -0.691655 3.13108610054178e-13
0.915454 2.6804 2.84432 6.02737237822019e-13
0.167298 -6.31196 -2.43055 0
0.324816 -7.89086 0.937875 0
0.170756 1.43045 -2.45995 0
0.849839 2.58087 2.2788 0
0.499153 3.10444 2.28764 0
0.279606 4.75034 -2.51805 0
1.87714 3.9847 2.05566 0
0.455962 4.18492 -2.21275 0
0.139117 0.742644 0.484033 0
1.04579 2.53527 -2.11043 0
0.633656 0.391175 1.16196 0
0.280466 2.36342 2.82369 0
0.799591 0.708703 1.73748 0
0.130128 2.96261 -1.92445 0
0.519397 1.81144 2.78035 0
0.841071 1.41298 1.55687 0
0.884625 0.785988 2.00956 0
0.0882957 -0.459972 2.84382 0
0.392995 0.600932 -2.57953 0
0.763242 0.723907 -0.378869 0
0.338523 0.987371 2.56374 0
0.586404 0.826656 -2.65189 0
1.45041 2.99804 -2.02136 0
0.689886 3.49298 -0.889399 0
0.450412 2.38147 -0.332915 0
0.157985 4.22676 -0.371765 0
0.96577 5.48387 -0.988175 0
0.579845 0.787357 -0.0649448 0
0.186215 -1.68534 -1.03554 0
0.0889309 -0.99415 2.6244 0
0.324197 -6.5118 0.163828 0
0.432944 -7.11946 -0.295784 0
0.168247 -6.51842 1.1395 0
0.650773 -2.28681 -0.0606001 0
1.05114 -2.2431 0.684432 0
0.924283 -2.35025 1.56585 0
0.559322 -2.25913 2.22576 0
0.925982 -1.80263 1.18921 0
0.269664 2.94707 -2.94919 0
0.575051 3.31768 -0.523472 0
0.178291 3.77114 2.68348 0
0.422821 2.98 -0.355896 0
0.294768 2.00448 -2.04878 0
0.441255 3.74564 -0.834054 0
0.280205 3.99137 -1.28178 0
0.346988 3.42341 -0.455448 0
0.218564 1.69482 0.233405 0
0.391293 2.49209 0.442908 0
0.0390802 3.63582 -2.64661 0
0.315056 -0.919679 -0.215269 0
0.255733 -1.153 -3.07272 0
0.483687 -0.488286 1.05644 0
0.0211076 -5.84451 -3.13498 0
0.454958 -3.71787 2.51248 0
0.347322 -4.38981 -2.24601 0
0.518599 -4.99339 0.92319 0
0.284334 -6.89261 1.51414 0
0.346701 -5.67026 -2.81983 0
0.526927 -6.95819 -1.41184 0
0.622989 -0.939961 -0.68324 0
0.165346 -0.0161299 2.28001 0
1.23466 1.34295 2.41409 0
0.143788 5.61069 -2.52536 0
0.427283 3.67683 1.70945 0
0.628389 4.00616 -0.586784 0
0.271338 3.82092 1.36118 0
0.736568 4.65739 -0.15698 0
0.859098 2.55265 0.677454 0
2.47417 1.7766 0.230682 0
0.0146927 -3.07345 1.94075 0
0.419326 -2.28217 -1.03379 0
0.61392 -2.30371 -2.18151 0
0.839628 -2.70721 -1.33087 0
0.796063 -2.8727 -1.97693 0
1.2511 -2.40158 -1.92108 0
0.701612 -2.74766 -2.10891 0
1.37336 -1.60164 -2.08706 0
1.50404 0.332885 2.33046 0
0.408922 0.421567 2.121 0
0.330566 2.63555 2.16377 0
0.190134 2.28278 1.70769 0
0.264105 1.56878 -3.04714 0
1.21719 1.31921 2.95228 0
1.85038 1.63589 2.51211 0
0.351212 2.22257 1.84466 0
0.777936 2.80111 -3.07034 0
0.345672 4.35114 2.91114 0
0.254128 4.02357 2.49909 0
0.603957 6.96286 0.64576 0
0.189362 8.65327 1.95866 0
0.0479377 -2.40175 1.59316 0
0.687676 -1.56775 0.510615 0
0.385273 3.82721 0.662805 1.91232168005998e-13
0.0877032 4.50243 1.90698 1.42383208762502e-13
0.273727 3.10668 2.61084 6.50374028268476e-09
0.754559 3.08205 2.78635 1.44491677466754e-08
0.256743 -3.92968 1.395 0
0.0782919 -5.9458 -1.40927 0
0.451001 -5.22021 -2.45446 1.16464225400015e-08
0.0903201 -5.48565 -2.35512 1.97473428244667e-08
0.657733 2.78739 2.18891 0
0.18462 3.16109 0.738138 0
0.346601 -1.7292 2.315 6.3913770640092
0.299967 3.18865 0.2553 0
0.309992 3.2723 -0.595941 0
0.139135 -2.39307 -0.79293 0
0.353741 -1.49486 1.00974 0
0.099879 -1.05531 2.16565 6.81500698231605e-05
0.0448095 -1.0911 2.19514 6.17076772868006e-05
0.0640773 -4.35667 -2.1893 0
0.221292 -3.72593 0.657661 0
0.0706962 -2.81108 2.48013 0
0.0680351 2.86759 1.91301 2.22213089213249e-07
0.155437 2.32002 1.03728 9.90390975805558e-08
0.0197113 3.40685 -2.18173 14.7021908962769
0.0244812 -0.00134624 2.34867 35.5987980704096
0.267718 3.47982 -0.328929 0
0.28996 3.20242 -1.14027 0
0.145902 3.20649 1.43482 0
0.127901 3.73423 -2.38682 0
0.394457 -1.73866 -1.20042 0
0.0774747 -3.12274 -2.71834 0
0.289192 0.308924 1.80597 0
0.591789 0.533941 2.53631 0
0.351846 0.2725 1.62175 0
0.187542 0.0776032 1.38457 0
0.0936916 4.14408 2.75137 0
0.162703 1.90191 0.356138 0
0.878541 -3.8057 3.10831 0.500669112165237
0.955073 2.87914 -2.6489 1.30718842761752e-05
0.133005 2.89627 -2.6585 9.91426713378355e-06
0.133433 2.52704 -2.25541 19.4134848000106
0.332597 3.56396 -1.59949 2.7904640694615
0.142992 -5.79397 -2.02262 1.18542866312826e-07
0.0480056 -6.1528 -2.12656 2.93586233922978e-08
0.360979 -2.93821 1.85081 4.51096118210099
0.0570933 -2.55285 -0.41513 41.5858846429286
0.288239 -2.18261 1.36225 3.32155663994027
0.170753 -2.76512 -2.76904 3.15449556124933
8.04036 3.1933 -0.32548 0.164830185962033
3.5073 3.21808 -0.23632 0.086046222307027
0.48007 -2.13347 2.1323 28.2214986290835
0.0990766 -2.16392 0.847566 106.617236007469
0.0168527 -2.97408 2.41265 31.4013808828843
0.0687704 -2.01952 1.57115 41.4702061578867
0.13239 -3.20079 -0.0230836 38.1026615783263
0.114862 -0.640296 2.73203 2.08718305911592e-08
0.0854382 -0.932264 0.690666 1.64901418837356e-07
