49.0312 -1.46393 0.0640819 7.81765779793886e-14
0.903773 5.40086 1.87479 0
0.661873 7.86515 1.31514 0
0.419993 -5.93422 -1.70955 0
1.68129 -4.62276 -0.955418 0
0.133759 -4.58278 2.57572 0
0.179731 5.6414 -1.1841 0
0.321508 2.70268 -1.84586 0
1.65406 2.43278 -2.72548 0
0.394388 -2.13909 -1.86566 0
1.25652 -4.45285 2.14827 0
2.20019 -4.9319 2.24128 0
0.453856 3.24015 2.89641 0
0.514568 -2.00339 0.358697 0
0.592093 -1.06734 1.47165 0
0.891426 -5.92745 -1.8219 0
0.305297 -3.31739 2.71789 0
0.807988 4.43693 1.18826 0
0.292217 4.92189 1.09828 0
0.684817 2.92795 1.31972 0
0.393459 3.10366 -1.0854 0
0.364669 3.6207 -1.9459 0
1.32972 -2.0086 2.521 0
0.628902 -2.28638 -1.84463 0
0.529636 -2.11905 2.97604 0
0.212484 -0.47395 -0.410197 0
0.893611 1.07174 1.11129 0
0.602152 -0.0269601 1.29671 0
0.188809 1.13818 2.88056 0
0.222065 -0.539665 0.727981 0
1.47469 0.161037 0.11378 0
0.787751 0.261583 0.602014 0
0.153976 -2.59288 1.89565 0
0.134232 -2.34404 -0.638983 0
0.584447 -3.51985 -3.14103 0
0.758999 -3.89003 1.30096 0
0.751584 -3.23868 -1.7264 0
0.710918 -3.68884 -0.064406 0
0.855532 -2.03387 -0.981308 0
2.63655 -0.345585 0.677795 1.60377553387325e-13
5.08766 -0.354356 0.544628 1.4553951907745e-13
2.53225 0.0638675 0.369557 1.94123404475267e-13
0.247653 -0.770999 -0.562403 9.61882819939275e-14
0.409928 0.490511 0.239114 2.30182877223691e-13
1.53657 0.196493 2.57092 1.69601917053879e-13
1.09641 1.61068 2.74227 9.12432684194887e-14
0.845825 1.02449 1.84903 1.7122997868913e-13
0.501587 2.8255 -2.65555 1.40134643589965e-13
0.361778 6.09139 1.11709 0
0.418396 6.22649 3.04115 0
0.313568 4.35457 -2.72087 0
0.302198 6.34158 2.73753 0
0.686895 4.913 2.35484 0
0.355755 5.52164 0.331054 0
1.75566 5.65112 -2.29685 0
0.552913 4.04942 2.51458 0
0.290633 3.47675 2.04923 0
0.531659 1.91632 -1.54742 0
0.443183 -0.595153 -1.95991 0
1.21935 0.183198 2.06443 0
0.27547 -0.729926 0.601284 0
0.251002 3.81871 -2.10118 0
0.822546 1.54004 -0.510955 0
0.116397 3.42684 -2.70928 0
0.231926 1.77813 2.2067 0
0.452078 -1.59737 -1.98541 0
0.534228 -4.2321 1.6214 0
0.427894 -6.65095 3.1148 0
0.107197 -4.16531 -2.79999 0
0.67038 -2.39551 -3.12292 0
0.928856 -1.97453 -0.572066 0
0.226068 -1.06922 -2.89515 0
0.632961 1.13384 -1.22276 0
0.350026 7.53006 -1.67501 0
0.965366 4.42802 -0.650915 0
0.422688 3.59568 1.04259 0
0.385837 0.563328 1.52448 0
0.196954 1.04548 -1.23782 0
0.492322 0.0991619 -0.32906 0
0.23006 -5.47601 -2.9487 0
1.08773 -5.01262 1.84343 0
0.714504 -4.08042 1.96257 0
0.753019 -3.54938 -2.04637 0
0.731379 0.283804 -2.73318 0
0.133794 1.42011 -2.35133 0
1.05108 1.4395 -2.46007 0
0.590177 2.58576 -0.640343 0
0.880945 -5.11659 1.71378 0
0.689932 -5.21143 0.788332 0
0.910952 4.10716 -2.09257 0
0.435742 3.92764 2.91941 0
0.0757095 4.16166 0.281009 0
1.34376 6.45046 1.09193 0
0.847741 -0.936427 2.16233 0
0.629837 -4.62879 -1.05001 0
0.0610823 -3.68049 2.12006 0
0.475782 -4.7557 2.01564 0
0.369205 -4.00263 2.13993 0
0.889121 1.73204 -1.15614 0
1.09337 1.05771 -0.801326 0
0.243689 -2.61812 0.189754 0
0.736427 -2.08296 0.0236651 0
0.251667 -2.23911 1.63062 0
1.92018 -5.3661 -0.840568 0
0.275933 -6.30441 0.495896 0
0.0576275 -8.53776 -2.80845 0
0.373379 -5.74308 0.486792 0
0.24626 -6.81005 -0.70516 0
0.143506 -7.42693 -1.87754 0
0.167328 -4.96607 -0.987761 0
1.19314 3.68334 -0.128689 0
0.466976 3.90124 0.822105 0
0.887988 3.522 -0.151996 0
0.21953 4.0993 0.446943 0
0.363128 3.14145 1.19963 0
0.256621 2.078 -1.65108 0
0.596633 3.75815 -1.72985 0
2.10616 2.60807 1.09433 0
0.162489 3.58835 -0.836774 0
0.362397 2.84393 1.27672 0
0.0908656 -4.21553 -2.79397 0
1.41869 -2.40895 2.3061 0
0.654989 -1.70086 2.44915 0
1.04974 -1.57182 -2.64807 0
0.816776 -0.381924 1.64737 0
1.58302 -0.0753707 0.267079 0
1.58597 -0.540885 -0.637347 0
0.133554 -0.966028 1.22294 0
0.328093 0.16871 0.324774 0
1.24349 -1.50269 0.59992 0
0.78867 -2.35417 -1.34842 0
0.0849263 -4.53391 2.30642 0
0.644393 -2.12811 2.77265 0
1.01742 -3.17531 -2.62796 0
0.164678 -5.06058 -0.998741 0
0.440925 -3.72755 2.11625 0
0.0779017 -0.574238 -2.62887 0
0.49617 0.936057 0.401543 2.35338383654881e-13
0.806133 -0.216179 0.453558 1.58167958786989e-13
0.224928 1.84224 2.41194 1.20517022537034e-13
0.516837 1.3398 1.00181 2.09126758039448e-13
1.84309 1.37492 1.52206 1.82412469751443e-13
0.0642157 2.07369 -2.53337 1.22884810212776e-13
0.0914639 2.6271 -0.967363 1.74063709179965e-13
0.991991 1.81573 1.1557 1.86229304878295e-13
0.234711 2.51921 -0.0830604 1.85017462858604e-13
1.04266 2.79696 1.14289 1.68607812386819e-13
0.0965241 4.7903 -0.51547 1.61485921436967e-13
0.0716982 6.68319 1.80925 0
0.241306 4.57463 -2.60683 0
0.787273 2.08555 2.52027 0
0.255228 1.21365 -0.720554 0
0.108506 3.42599 1.00941 0
0.702215 -1.35217 -0.910627 0
0.266996 0.0122526 -0.781729 0
0.521372 -3.54762 -2.03307 0
0.232454 5.24029 0.261278 0
0.389991 4.01619 -2.91985 0
0.707095 7.7921 2.8467 0
0.310029 5.79408 0.186732 0
0.518596 4.49829 1.56635 0
0.299612 -0.0483075 1.18461 0
0.421992 -0.0193809 -2.64963 0
0.181726 -0.35147 1.49061 0
0.292972 -0.588285 0.679984 0
0.888767 -1.46949 -2.97896 0
0.122751 -0.149461 2.12564 0
0.336944 -2.41457 2.31166 0
0.494607 -4.94207 0.665519 0
0.220189 -4.17366 -2.12049 0
0.577425 -3.76043 -1.85761 0
0.948577 -2.50602 -0.89508 0
0.676618 -2.04636 -1.63644 0
1.22466 -1.53385 -1.40623 0
0.141227 -1.81585 -1.00992 0
0.568277 -0.446341 3.07756 0
0.494115 1.3526 -3.04147 0
0.873243 0.99856 -2.96812 0
1.89868 0.826665 -2.86269 0
0.526742 1.37931 -2.79607 0
0.532387 1.67784 -2.79828 0
0.311525 1.88401 2.46742 0
1.10386 -4.99103 1.59436 0
0.201155 -5.94234 0.138693 0
0.137289 -3.95188 2.66066 0
0.347752 4.96544 1.65568 0
0.183117 -2.25706 2.70695 0
59.7082 -2.11331 3.03428 0.00994573264168159
0.417632 3.49075 2.15208 0.0635261465526302
0.52931 3.16017 1.17535 0.0638634524255187
0.786589 2.34203 1.21677 0.157782530812652
0.359136 5.95087 -2.76079 0
0.0603323 6.31718 -2.28698 0
0.0820877 3.65711 -0.620511 1.07278569175427e-10
0.264686 0.01644 -1.54742 0
0.334569 1.20205 -1.72734 0
0.861487 -1.24403 0.551159 0.0999312087955043
0.270434 -3.88891 -1.50392 6.1417743099445
1.69464 -3.12266 -1.19073 1.24339779250851
0.514254 -3.54781 -0.987075 0
0.826983 -3.69274 -1.33253 0
0.127739 -5.25432 -1.11489 0
0.457142 -5.00088 2.83944 0
0.661249 3.75188 0.880105 3.3118904037362e-07
0.210562 3.74602 0.871702 3.25474509261624e-07
0.288884 3.81726 -0.820871 0
1.00377 3.71187 -0.00190734 0
0.288039 -3.50771 2.24467 0
1.22123 -2.52642 1.58903 0
0.505624 -4.26249 0.833076 0.0273410173205024
0.848276 -4.43975 1.77112 0.0373470352869919
0.474253 -5.11714 0.978047 0.0361668223358805
4.42245 -1.53077 -0.434122 0.0988240877976324
3.18384 -0.232732 0.482801 0.981804859727442
0.818025 -0.023506 0.431959 1.85335377764199e-13
1.13213 -0.349491 0.415755 1.33911111656658e-13
0.13212 3.35468 2.98105 32.3750281258789
0.0577904 -1.79967 -3.13445 0.0131745696190028
0.0810781 -3.4464 0.204699 0.105238636756991
0.121083 -3.63464 2.49561 0
0.450618 -3.16391 -0.518063 0
0.271781 -1.02171 -2.1622 0
0.316998 -0.82543 2.4962 0
0.353788 1.37044 0.340686 0
0.184629 2.4541 -1.4356 0
0.0682876 -2.3766 -2.62038 50.928894836919
0.340503 -4.73782 1.79772 0
0.813356 -4.97172 2.37299 0
0.15003 -4.91619 1.77838 0
0.610783 -5.68533 1.98412 0
0.321303 -5.73899 1.72122 0
0.787431 -5.23115 2.35792 0
0.0912316 -4.33542 1.83634 0
0.316879 -3.60702 1.05316 0
0.120122 4.16048 2.60391 0
0.615623 4.58304 2.78575 0
0.251765 4.42597 -0.889311 5.98061879388245e-08
0.00912534 6.69512 1.926 8.63342867162875e-08
0.0651477 3.38369 -2.60428 0
0.320905 3.04732 0.694916 0
0.507116 1.69811 -2.94049 0
0.217826 2.39408 2.23243 0
0.207003 1.71245 1.60751 12.7150548193048
0.310994 1.31584 -2.8646 12.1253033441984
0.286905 -0.464587 -0.575977 0.46533489680347
0.0785666 0.0857392 1.59268 1.88563824965043
0.279535 0.617458 -1.80998 13.6816044443636
0.52765 0.814533 -2.87961 6.40834383805976
0.10154 -2.5147 -2.06505 29.2208009950533
0.161532 -4.01619 2.89407 4.15532827334407
0.222348 3.79175 -1.09012 7.205415221348
0.088933 5.66501 0.973996 2.77636216344139
2.92485 1.89931 -2.42366 0.0255051039768093
0.680819 -0.113485 0.221084 0.105176994640284
0.548395 -0.1205 0.599156 0.105524323925334
0.731254 -3.81078 1.61711 0.286914312724705
2.21845 -4.44289 1.12549 0.00574094322512243
1.76803 -4.46217 1.52665 0.0218654031797273
1.17864 -4.18 1.13076 0.0163834701358242
0.841832 -4.27446 0.956339 0.0188165394722528
3.01883 -1.52193 -0.360987 0.0291813699250978
3.09144 -0.228834 0.51854 1.31132338811159
8.84867 -0.269001 0.444022 0.462879313354301
6.53782 1.70621 -2.6316 0.00951533215766811
0.775012 1.49009 -2.72407 0.0441060589002948
0.0708641 4.61732 0.939107 0.0155080856563425
0.519916 3.28409 -0.210383 0.00581151623916021
3.19193 -2.39566 1.25434 0.80388722870917
1.84714 -2.36568 1.83486 1.26523959183648
0.73409 -2.55686 1.08083 0.961771511768865
1.02824 -3.76961 2.56911 0.561425815681666
3.07005 -4.24918 1.19282 0.0188766984229955
0.696883 -4.15997 0.757927 0.144783082655524
5.51234 -1.37541 -0.240075 0.239148894389262
17.6967 -0.287927 0.45232 0.1763858566057
4.52978 -0.366288 0.472639 1.13721872778859
4.04482 -0.369174 0.402408 14.5891283497535
4.1401 -0.270363 0.421433 13.6983494275101
0.303186 -0.924157 0.549674 8.65299270211912
0.61199 -0.0102669 0.453831 6.16534394516041
4.58203 -1.43836 -0.535009 0.237300208121986
3.95332 -0.241621 0.476292 0.859395418937138
1.40746 -0.320782 0.592936 2.08808177884171
