0.22584 -6.51501 -1.6661 0
0.299148 -0.192357 -2.15558 0
0.363374 -0.418387 2.80302 0
0.666788 -1.15389 -3.04645 0
0.427358 -6.20267 0.213505 0
0.500487 -5.95931 -2.4438 0
0.342062 -6.32468 0.89757 0
0.232637 -9.56639 0.966248 0
0.549027 7.74643 0.0157065 0
0.395933 10.0745 -0.676278 0
0.0548738 9.20777 -0.767874 0
0.478863 -4.40918 1.21848 0
0.344784 -3.0166 2.4331 0
0.22723 -1.21933 -2.86755 0
0.357587 -2.3181 -1.63073 0
0.283982 -2.35893 0.873604 0
0.10451 -5.01412 -0.0194817 0
0.0929286 -2.1405 -2.9616 0
0.0800371 -6.46625 -1.79091 0
0.185085 -6.69011 -2.53643 0
0.231499 -5.40114 -0.604689 0
0.554943 -5.80804 -2.37755 0
0.177498 -8.11935 -1.40848 0
0.702472 -7.85515 2.44471 0
0.528362 -9.19004 -0.324356 0
0.084883 -9.31364 -2.94533 0
