28.4731 -1.5572 1.60941 1.93854023897705e-13
1.45782 -1.48405 -2.24009 0
0.438438 -0.438193 0.726933 0
0.472465 -3.84264 -1.48413 0
0.0902242 1.66755 -0.800165 0
0.290114 1.29191 -2.53453 0
0.848724 4.06419 2.32247 0
0.393213 4.07393 0.673831 0
0.148466 -4.71866 -2.16278 0
0.659808 -2.86481 -3.13718 0
1.79808 -3.28506 -2.52306 0
0.672407 -4.04048 -2.8777 0
0.977938 -5.16422 -0.734222 0
0.416869 3.61863 -1.61154 0
0.314416 3.11384 -0.0593631 0
0.834682 4.38247 0.747648 0
0.602749 3.60907 1.20037 0
0.89522 6.06759 0.980794 0
1.84714 -3.71786 -2.03417 0
3.68196 -3.93053 -1.7645 0
0.566656 -4.17753 -0.883856 0
1.25963 -3.05883 -1.86296 0
0.212228 -3.98003 1.32231 0
1.68376 -2.6625 0.298838 0
0.884753 -2.27187 -0.849714 0
1.18908 -1.35792 0.965477 0
0.726117 -1.45891 2.49967 0
0.19466 -4.71664 2.49361 0
0.967406 -3.68236 -1.75932 0
0.192755 -3.68224 -1.10346 0
0.480248 -5.67375 1.91845 0
0.456168 -5.33329 -2.57554 0
0.199776 -7.04664 -0.954935 0
0.718426 -5.38911 1.35938 0
0.949855 -5.97794 -2.98727 0
0.967023 -5.52946 0.679571 0
0.426933 -5.07427 3.03078 0
0.991942 -4.02497 0.666299 0
1.05316 0.492662 1.80282 0
0.539878 -1.22734 0.3565 0
0.413149 -1.29565 -3.0336 0
0.488541 -1.99836 1.45302 0
0.394205 -3.31652 -1.1265 0
0.512696 -0.747049 -2.09003 0
0.289346 -2.00464 -0.422473 0
0.447687 1.59652 -2.59594 0
0.611689 2.84924 -1.07026 0
1.35965 3.48829 0.8064 0
0.112408 -1.37307 2.76183 0
0.19311 -1.4119 -0.769449 0
2.98209 -1.29705 -1.52889 0
4.89026 -1.564 -1.58537 0
1.61487 -1.43089 -1.44102 0
0.985713 -1.249 -1.0119 0
2.8744 -0.938925 -1.19943 0
1.91517 -1.10637 -1.13298 0
6.46718 -1.05443 -1.1173 0
0.906478 -0.322859 -2.20891 0
1.84912 -0.482221 -1.98948 0
0.711803 -0.340623 -3.01685 0
0.992054 0.17871 -1.89194 0
0.803856 -3.896 1.09826 0
0.524241 -0.975872 -1.68343 0
0.526656 -0.436204 1.71582 0
0.223075 2.02817 -0.986659 0
0.199374 0.546769 2.37749 0
0.157282 4.47439 0.783287 0
0.201072 0.587708 0.579425 0
0.525669 0.464164 0.90965 0
1.67613 0.750457 0.046255 0
2.28411 0.711512 0.73125 0
3.15845 0.85291 0.7544 0
1.3798 2.39425 2.0161 0
1.78372 1.82703 1.42263 0
0.522446 3.10212 2.44938 0
0.175672 2.49565 0.148479 0
0.381836 2.01228 1.22529 0
0.788744 0.312448 -1.39252 0
0.262235 -2.92215 -3.12658 0
0.210516 -5.09957 -1.39689 0
0.194565 -5.1294 2.06376 0
0.286271 -5.20372 -0.255358 0
0.761693 -4.7092 1.36752 0
0.332396 -5.81383 -0.685465 0
0.697416 -6.91967 1.33744 0
0.493011 -0.363928 -0.917765 0
0.655551 2.08354 -1.39552 0
0.423737 2.75204 1.87832 0
0.604262 3.60059 0.966228 0
0.589934 2.94464 -0.838899 0
0.345703 4.50442 -2.23387 0
0.543229 6.00606 1.37144 0
0.19151 7.41455 -2.61191 0
0.420038 6.95771 -0.876975 0
0.395505 5.50987 -2.72341 0
0.316919 5.46563 2.57971 0
0.307736 5.93286 -2.12443 0
0.150794 8.41891 -0.547588 0
0.499017 5.22937 2.68839 0
0.283859 4.32638 -1.66709 0
1.03972 3.9345 3.03828 0
0.944295 4.41112 -2.62186 0
1.54408 3.98244 -2.78277 0
0.70132 3.67304 -2.33317 0
1.52343 3.50408 -2.99927 0
0.706959 4.33562 -1.19078 0
1.40493 5.27077 -0.826413 0
2.46888 4.61302 0.0785782 0
1.47888 4.08337 0.0648629 0
0.260857 4.84751 -1.57656 0
0.40297 2.0678 -1.27976 0
0.32997 1.35432 -2.29846 0
2.34665 -0.0233436 -2.58773 0
0.350236 4.72066 -2.10098 0
0.231494 2.30143 -0.979221 0
0.352034 -6.02392 -2.46094 0
0.524388 4.79452 1.36814 0
0.225908 6.94943 -0.165793 0
0.269339 4.40791 -0.40989 0
0.626514 0.223589 -1.99864 0
0.177623 -0.43096 -2.79781 0
0.302276 -2.10743 1.25374 0
0.097951 -6.26148 -2.37375 0
0.145332 -3.22851 -1.49257 0
0.439806 5.94775 0.192122 0
0.516848 6.20737 -0.362485 0
0.176324 4.77031 -2.58987 0
0.560949 -2.91695 -1.49431 0
0.109585 -4.42624 -0.468254 0
0.493331 -4.86053 -2.06745 0
0.210086 0.711244 0.820727 0
1.0377 0.643701 2.68135 0
0.782818 -0.615014 2.28627 0
0.0884388 2.27375 2.26962 0
0.0990586 -1.01293 2.00038 0
1.26069 0.794787 1.00968 0
0.194384 1.91418 1.56552 0
0.429646 0.264115 1.13265 0
0.444637 1.53199 -1.17515 0
0.406885 0.61935 0.625182 0
0.0845525 3.157 2.3889 0
0.368922 3.55615 -1.53383 0
0.522851 -3.28383 2.71959 0
0.703184 -4.02325 -2.80546 0
0.770859 -3.01756 -2.5134 0
0.172031 -4.77859 -0.889722 0
1.44967 -4.11531 -2.22377 0
0.0949778 -5.1103 -0.473875 0
1.0612 -4.44071 -1.44295 0
0.732951 -4.30631 -0.0668181 0
0.471952 -5.52428 -0.715121 0
0.948163 4.46186 -2.86101 0
0.447142 1.30276 -2.13157 0
0.0555312 5.31127 1.19944 0
0.725805 4.0293 0.680556 0
0.176341 5.30942 -0.46564 0
0.904324 5.1021 1.33947 0
1.21768 6.00629 0.815833 0
1.93932 -3.97745 -1.87708 0
1.28524 -3.12549 -1.59066 0
0.563594 -3.10676 0.482528 0
0.378314 -3.33043 0.867945 0
2.42793 -2.59 0.105486 0
0.371397 -0.564487 0.791082 0
0.247281 -2.45281 2.71013 0
1.33765 -0.756298 1.51004 0
1.31081 -0.469277 -1.32426 0
0.126049 0.296778 -2.6064 0
0.599276 -5.17924 -2.13771 0
0.104645 -3.72077 -2.2317 0
0.446636 -5.71792 -1.91596 0
0.501577 -6.05563 -0.6317 0
0.758252 -4.75599 1.09762 0
0.132407 -3.98 -0.420928 0
0.839007 0.206402 1.61367 0
0.719353 0.0867435 1.91181 0
0.778117 -0.863534 1.92797 0
1.23547 -1.11212 1.78573 0
2.54373 -1.67412 2.21806 0
0.248924 -2.01569 3.02066 0
0.118531 -3.96764 1.74159 0
0.99113 -3.35037 2.6874 0
0.480736 -4.27051 -2.80642 0
0.8855 2.58214 -2.55322 0
0.688439 -1.40697 -0.901702 0
2.4065 -0.894105 -1.18858 0
1.05925 -0.997923 -1.01859 0
0.827587 -0.625487 -1.14317 0
1.19954 -0.0529191 -1.9422 0
1.80518 -0.528993 2.73378 0
0.286274 -0.407372 1.44947 0
0.127463 -1.82503 0.19793 0
0.442832 -3.53954 3.13132 0
0.488168 -1.89301 0.763758 0
0.115889 -4.11251 -1.41353 0
0.48229 2.68286 -3.05999 0
1.54442 0.0186808 -0.643375 0
0.523807 0.797555 -0.0405999 0
1.79131 1.78201 1.20604 0
0.0449494 3.60435 -0.355375 0
0.467849 1.62585 2.08941 0
0.799896 2.16419 -2.69891 0
0.666717 2.03402 -2.91207 0
0.157712 2.39521 -1.29126 0
0.909806 3.43995 -1.82823 0
0.760089 4.20697 -0.719276 0
0.914488 2.10314 1.57774 0
0.336545 -0.131991 1.7369 0
0.502528 -3.35879 1.32395 0
0.290685 -3.72608 -0.631913 0
0.431659 -4.7945 1.63216 0
0.197191 -4.78618 -1.04999 0
0.402353 -3.64656 -1.5813 0
0.235661 -3.98709 -0.3996 0
0.149619 -1.55081 -2.97826 0
0.0720109 7.10964 -0.613991 0
0.591868 7.90368 1.40067 0
0.330372 5.67687 -0.645009 0
0.363382 5.18589 0.803038 0
0.992895 3.97594 -2.8433 0
0.60142 2.34967 -0.335632 0
0.582455 3.43778 -0.0817919 0
0.694941 2.6378 -0.886506 0
0.576587 1.69199 -1.07961 0
1.29742 0.459736 -1.1278 0
0.783742 0.668995 -2.36766 0
0.472032 1.40287 -1.64782 0
0.705394 0.181651 0.762816 0
0.340339 4.73292 -2.62344 0
0.237381 4.45275 -0.0371251 0
0.199064 2.34609 2.4767 0
0.0830607 1.21747 -2.95593 0
0.196603 3.06636 -2.038 0
0.412579 0.436167 3.05568 0
1.40607 -6.86909 -0.493953 0
0.43471 -6.20691 0.416695 0
0.29664 6.64554 2.04767 0
0.280676 5.60897 -0.437861 0
0.748932 4.43881 0.0416545 0
0.312818 5.85982 1.24189 0
0.156321 1.7297 2.58513 0
0.500466 -4.39314 -0.0779834 0
0.201509 -4.42879 -1.1308 0
0.24366 -7.2496 -1.75288 0
0.289261 -6.4023 0.640723 0
0.0705628 -2.92308 -0.412976 0
0.464092 -3.15037 -1.44042 0
3.53601 0.270674 -0.0885542 7.70506165252953
0.786325 0.392555 -0.166429 33.5484715114696
0.369837 2.93236 1.49273 0
0.234611 1.72641 -1.31996 0
0.660593 5.19091 1.28265 0
0.183611 5.63133 2.08402 0
0.486748 -2.984 1.45757 0
0.616479 -3.58708 1.78835 0
0.242304 -0.719606 0.660878 58.7261637546805
0.141334 -0.671932 0.795747 19.8967849112802
0.0622915 -1.5959 -2.86305 8.70259322441305e-08
0.231436 -0.085928 1.85235 1.0312370273933e-07
0.306113 -5.80504 -0.0795544 1.24618406067915e-06
0.510699 -5.89845 0.0438251 3.61713867025783e-06
0.106407 -5.30536 1.89035 0
0.693431 -5.04001 1.93271 0
0.175079 -4.55093 -2.22421 0
0.246777 -4.83588 2.35067 0
1.16292 -1.33601 1.59087 0
0.0803075 -1.86001 0.551264 0
0.480377 -2.25803 2.86009 0
0.019889 -4.31717 1.37589 0
0.328786 -2.26983 1.66789 1.96534826513203e-08
0.123768 -2.92268 0.499516 8.77093051167451e-08
0.261437 -1.80606 -0.147818 0
0.324574 -0.837777 -1.64583 0
0.501254 -1.10112 -1.39569 0
2.61921 -1.21478 -1.56586 0
2.16107 0.356084 -0.541201 1.04799174009818
0.198813 0.0486159 -0.37483 12.010693254941
0.332681 1.17172 -0.00574907 10.6415268378077
0.34398 2.27845 1.70585 0
0.671059 2.23891 1.62892 0
0.269044 1.45643 2.68741 0
0.348148 1.85692 2.44471 0
0.153418 3.14182 -0.089315 0
0.0654032 5.15625 -2.75064 0
1.82644 2.22101 1.23885 0
0.234782 1.88941 1.45659 0
0.325821 -3.81086 1.61423 6.78426946317365e-08
0.162154 -4.4844 1.80479 1.65636703646233e-08
0.183035 3.50302 -0.495792 0
0.11409 2.67813 2.73398 0
0.120075 6.85488 0.465943 6.86451954960508e-07
0.123199 7.29879 -0.61738 5.93379162938423e-08
0.0682343 5.33478 -2.33431 1.54694678560355e-07
0.376009 4.12461 -2.6426 1.5776640827137e-07
0.506825 3.2708 -3.00035 5.68356797398418e-11
0.142123 3.74864 -2.92626 2.04499881760229e-11
1.716 4.06314 -0.349916 0
0.532861 4.162 -0.533295 0
0.730783 1.99631 -0.785789 0
0.0804035 4.12452 -3.02907 0
2.44605 1.33486 -1.27124 0
0.833771 1.53479 -1.43607 0
1.90884 0.441055 -2.14577 6.45267011298017
0.460314 0.298366 -2.36781 28.1539839654936
0.00966818 -4.09898 0.918971 5.61847650490297e-08
0.076991 -3.27674 -1.98032 1.41825579651725e-07
0.21636 -3.98954 -3.10744 0
0.0634259 -6.46759 0.997782 0
0.240933 2.42658 0.507228 0
0.44401 3.25012 -2.17647 0
0.0714094 1.58212 1.8985 2.27342379143141e-08
0.133396 2.00338 1.93159 5.02400381669432e-08
0.113143 -2.95151 0.212975 21.3811399340709
0.321697 -6.42807 2.10022 0
0.271978 -6.96006 -2.29184 0
1.36006 0.564416 -0.570412 29.6048003321637
0.829958 0.701393 -0.209951 45.0225399152028
0.358857 2.81621 0.905591 7.21548774153477
0.17803 3.4467 2.59854 7.76968183994825
0.196141 -2.43542 -2.69056 5.33084676305403
0.154597 -1.11514 -2.31531 23.1480300025676
1.25737 -3.49709 -2.90387 3.02718322438831
0.69684 -3.9143 -3.03204 3.59854722606336
0.179017 2.40259 -2.66979 10.6492926814461
0.404969 2.3106 -1.0059 5.1660615941072
0.38941 2.64535 -0.376274 8.86556751332287
0.149747 4.16709 -0.315235 5.07449494827592
0.41236 2.52105 -1.22577 1.1629560548788
0.0764763 3.71284 1.29621 1.92043239476198
0.741016 4.57217 -2.74308 0.0256041814843536
0.221942 3.9013 -2.55093 0.167857960634203
0.346562 -4.8002 1.51664 4.23197706156299e-07
0.719322 -5.16942 1.82425 9.52638491514443e-08
0.0044418 4.99785 -2.63892 7.2560651433809e-06
0.0493945 5.00608 -2.97038 5.46367351357377e-06
0.159479 4.14363 -1.55452 1.09886518823132e-07
0.0709496 5.73722 -0.685208 7.76720226869227e-08
0.0306926 0.981324 -0.951945 2.65594340168957e-06
0.166598 0.724368 -0.865276 7.60168763476953e-06
0.264627 0.921744 -1.18882 8.51891747297667e-08
0.432982 1.36672 -1.04396 6.76703055965907e-08
0.0911849 -4.57696 -0.821103 1.6095126618911e-05
0.0208874 -4.58092 -0.817382 1.56175883491611e-05
