0.404313 -0.381231 0.433974 0
0.451817 -0.383203 0.430727 0
1.0243 -5.74365 -1.06933 0
0.781403 -7.72173 2.51515 0
1.6449 0.367883 -1.22807 0
0.758628 1.11262 -1.78621 0
0.871848 0.448294 2.88115 0
0.236279 -0.546673 -2.90917 0
0.472265 -0.680908 -2.87228 0
0.344244 -1.90197 2.73544 0
0.521703 -3.23011 -2.49417 0
1.90846 -1.93674 1.36255 0
1.49924 -2.32161 1.6004 0
0.275753 -4.87106 -1.75413 0
0.404786 -4.57855 -2.22647 0
1.68674 -4.72704 -2.78485 0
1.36607 -3.88689 -1.87083 0
0.202356 -2.35275 -0.377974 0
0.260684 -1.22908 -0.527075 0
0.232203 1.27075 -3.10557 0
0.690476 4.91965 2.60255 0
0.604687 3.38935 -1.08449 0
0.663655 2.83515 -0.222042 0
0.359059 1.3922 0.47174 0
0.229403 2.86079 -0.788836 0
2.67861 -0.0334155 -1.6621 0
0.0925923 7.18622 -2.53177 0
0.410093 4.93869 0.874797 0
0.408975 5.34916 1.47911 0
0.530323 -1.48696 0.13236 0
0.295837 -4.28755 -1.94854 0
0.581847 -6.84726 -0.889648 0
0.377113 -3.86738 -3.13113 0
0.132668 -3.59879 0.253758 0
0.915831 -2.18247 1.51744 0
1.08569 -0.7291 -1.11473 0
0.834007 0.980676 -1.99446 0
0.212755 0.665762 -0.353775 0
0.987951 3.04398 -2.38357 0
0.237954 5.65158 -1.86369 0
0.499362 5.68693 2.73655 0
0.220069 8.58903 0.956658 0
0.202483 9.25426 2.60842 0
0.317799 5.3194 0.550326 0
0.241346 5.17288 -3.05102 0
0.409443 1.20862 -2.99128 0
0.417511 0.262711 2.62858 0
0.235975 -4.70681 1.212 0
0.670531 -7.56824 0.232543 0
0.338767 -7.92763 2.96121 0
1.01022 0.606542 -1.80216 0
0.239389 -0.722854 -0.547037 0
0.763549 1.12364 -0.823936 0
1.11586 0.73841 -2.00396 0
0.102275 -3.6562 0.18356 0
0.196471 -0.915175 -2.74745 0
1.52524 -2.73519 -2.71631 0
1.62952 -3.06113 2.38387 0
0.205663 -1.24526 -2.85801 0
1.1568 -1.81872 2.03947 0
0.180431 -2.19673 -2.75152 0
0.984098 -2.20697 2.93871 0
0.268622 -1.12647 -2.88302 0
0.607924 -3.57651 2.05347 0
0.644971 -3.03941 2.31537 0
0.538131 -3.4039 -2.3942 0
0.528591 -3.98125 -2.9719 0
0.141985 -5.29147 0.189942 0
0.367719 -5.12604 -2.64246 0
0.675196 -4.83536 2.28378 0
0.326922 -4.36024 0.0899104 0
0.363932 -6.94362 1.85316 0
0.416087 -5.58372 1.28406 0
0.285486 -5.7403 0.491079 0
0.214361 1.58837 -0.387632 0
0.380793 2.66942 1.59451 0
0.528971 1.36631 1.86418 0
0.249848 4.45436 -1.45433 0
0.669758 4.25997 2.1486 0
0.365573 2.25523 -0.946453 0
0.198264 0.873325 -0.511621 0
0.310153 1.7883 3.01513 0
0.405359 3.68226 2.76529 0
0.227902 2.18821 1.36931 0
0.20484 -3.98065 -2.37981 0
0.049634 -2.09269 0.604922 0
0.303284 -6.15038 -3.13465 0
0.647198 -3.81621 0.41448 0
0.300107 -5.28079 -2.29814 0
0.323891 -2.34716 -1.96305 0
0.0247344 5.18218 -0.0797968 0
0.128618 3.8524 -1.22594 0
0.126136 4.9493 -0.565854 0
1.029 8.15441 1.32381 0
0.313256 8.07761 2.63381 0
0.454151 7.51434 -2.15094 0
0.334799 6.57272 2.65698 0
0.252215 7.13388 -1.38357 0
0.552205 2.37863 1.4163 0
0.305241 1.7425 0.468558 0
0.325777 0.305412 -0.505999 0
0.265067 -0.541733 1.49681 0
0.162499 -3.57192 1.37934 0
0.317962 -1.50043 -2.02711 0
0.546144 -2.98116 -0.072054 0
0.571674 -2.02737 -2.86179 0
0.130842 -4.02167 -0.609904 0
0.196294 -6.0285 -1.37179 0
0.506663 -5.76585 2.57553 0
0.373309 -7.29948 2.28305 0
0.091987 -1.55488 -2.69888 0
0.400241 -2.02362 -0.801095 0
0.127728 -2.99661 0.913123 0
0.174373 -1.7948 -2.95616 0
0.021363 5.83883 1.95183 2.67383515892444e-07
0.32708 3.44048 -0.319233 1.67609174889831e-07
0.640853 -1.09927 -2.35431 0
0.0583938 -2.96118 -0.485289 0
0.0450486 -6.62245 0.623591 0
0.448179 -5.25929 2.81836 0
0.624094 -5.72243 1.1066 0
1.2798 -6.00245 0.831046 0
0.303902 3.87756 1.30929 3.96554957552632e-07
0.20354 4.46787 0.841484 1.00332498176033e-07
0.533953 0.275771 -1.84388 0
0.411501 -0.182432 -1.32007 0
0.079471 -3.90299 -2.57805 0
0.296822 -4.86146 0.0749849 0
0.139181 2.63526 0.72157 5.21016278494504
0.173627 4.23111 0.0331669 0.849538091449167
0.0317237 -0.324384 -2.14375 2.68836927817965e-06
0.0331313 -1.18229 -1.55194 8.1135293753062e-06
