0.785741 -7.70834 1.51102 0
0.651241 0.598673 0.274493 0
0.544365 -1.03252 -2.78355 0
0.990512 -0.437083 1.39975 0
0.50007 -1.05063 0.997292 0
0.807824 -3.04225 -1.66979 0
0.411975 -3.00233 0.0875886 0
0.177415 -4.35736 0.630507 0
0.884564 -4.7914 -2.28608 0
1.23919 -5.04868 -2.97705 0
0.351856 2.53843 -1.14868 0
0.176486 3.90232 -2.2555 0
1.9328 2.74573 2.53744 0
1.01437 2.67699 2.78746 0
2.94183 2.52299 1.48413 0
0.12371 1.5212 1.84347 0
2.32987 1.50319 2.59579 0
1.80002 1.11669 1.60563 0
0.4399 1.05006 -0.007782 0
1.9128 0.671472 0.481372 0
0.22262 -0.0284422 -0.692857 0
0.468607 2.39498 2.73782 0
2.38725 4.25748 -1.55786 0
0.206176 3.44163 -1.52037 0
0.188891 1.2509 1.9729 0
0.220265 0.0336251 0.0593918 0
0.30955 4.45909 0.597979 0
0.653305 3.04371 1.67637 0
0.256463 7.04854 1.30105 0
0.395094 5.85423 1.86953 0
1.36095 5.25559 1.51417 0
1.75164 6.59005 -1.07209 0
0.316626 7.34806 -2.11942 0
0.752815 6.09481 -1.82201 0
1.15002 6.15449 -2.14538 0
0.733976 5.2241 -2.53069 0
1.13168 4.41293 -1.72682 0
1.02479 0.126165 -3.00294 0
0.431901 -1.35923 -2.85733 0
2.25675 -0.203455 -3.13564 0
2.33544 -0.0342145 2.82966 0
0.418781 -0.0327049 -1.78579 0
0.777538 0.203235 3.07016 0
0.605341 -0.452518 1.53899 0
1.4164 -1.32497 1.35595 0
0.548145 -1.77284 -0.145217 0
1.6716 -2.38828 0.757061 0
0.9441 -2.74171 1.53067 0
1.78491 -2.15172 1.04187 0
1.5887 -2.38478 2.11475 0
1.34153 -0.962756 1.77293 0
0.797993 -1.78151 2.51096 0
1.10482 -1.30832 2.75383 0
0.383451 -1.63526 -2.35887 0
0.94697 -2.25294 2.79886 0
0.767444 -2.94878 -3.00288 0
1.43444 -3.30154 3.01799 0
1.18956 -2.66694 2.11799 0
0.206321 -4.10676 0.577625 0
0.338505 -7.78774 -1.40656 0
1.44452 -2.90842 2.28326 0
0.860937 -3.85155 1.33974 0
1.89877 -3.71973 2.20286 0
1.02381 -3.42544 1.07672 0
1.05856 -3.25258 -0.857529 0
1.54603 -1.21218 -0.74193 0
1.27861 -0.718968 -0.996466 0
2.20332 0.192653 -1.93375 0
0.257433 0.566256 -1.09916 0
1.66314 0.260788 -2.05623 0
0.479634 3.08054 1.71456 0
0.288624 2.31713 0.0190895 0
0.620764 1.96382 -2.85052 0
0.429458 0.478241 0.188881 0
0.0582792 -3.83222 2.25342 0
0.664555 -1.54018 -1.77266 0
0.29139 -3.88116 1.79887 0
0.868571 -5.12639 -0.597022 0
0.644654 -5.47046 -2.8605 0
0.649251 -6.51247 -0.850708 0
0.621476 -0.56306 0.570547 0
0.224365 1.60691 -0.566641 0
0.231753 0.0611499 1.60222 0
3.47097 0.258092 1.01983 0
0.809656 -3.95637 1.04213 0
0.489191 -4.72566 -2.28371 0
0.395307 -4.06136 1.48976 0
0.87989 -4.07425 2.95837 0
0.155567 -2.22941 -1.57349 0
0.215333 -4.38532 -0.582219 0
0.134886 -4.10758 1.97067 0
0.843885 -4.5689 -2.46341 0
0.293277 -5.51338 0.899008 0
0.454082 -5.88015 -0.116196 0
0.254543 -4.85748 1.31737 0
1.04527 3.25475 -2.87824 0
0.714556 3.2261 -1.96446 0
1.14685 0.912594 2.44891 0
1.32537 1.7857 1.73709 0
0.350331 0.957162 2.03679 0
1.98711 0.652461 1.51095 0
1.38395 4.4143 -1.3754 0
0.291253 4.57603 -0.157814 0
0.274211 1.83305 0.142359 0
1.63757 2.56235 0.348197 0
0.574443 2.66245 0.70169 0
0.645848 3.62933 -0.5619 0
0.171264 5.02492 1.78957 0
1.39366 4.56731 0.98868 0
0.821899 4.36108 1.64317 0
1.02474 4.73258 1.76638 0
1.39184 4.95999 1.87561 0
0.251771 5.00211 -0.478278 0
1.78339 5.83688 -1.55726 0
0.675884 5.85709 -2.66404 0
0.404296 5.39837 2.35801 0
1.0884 5.13575 -2.42489 0
1.32618 5.16933 -1.74183 0
0.22579 3.99265 -2.86821 0
0.823153 5.2289 -2.15817 0
0.167458 6.83636 -2.46971 0
0.460789 7.90546 -1.49511 0
1.47732 -0.351273 -2.72786 0
0.607401 -0.0640152 1.38126 0
0.172388 -1.53171 -1.40214 0
0.939271 -1.95474 1.17983 0
0.690614 -1.8542 2.12311 0
1.22246 -1.82884 1.19485 0
0.526338 -1.90035 -1.84382 0
0.918931 -1.90906 -2.86965 0
0.0642004 -6.04199 -0.154169 0
0.52748 -6.2311 2.05776 0
0.0557228 -2.68535 0.435345 0
1.17717 -0.619862 0.811844 0
0.275268 -2.233 -2.55667 0
0.121327 -2.67961 0.792942 0
0.273231 -3.93628 2.5249 0
0.627343 -4.79039 0.57586 0
0.221307 -2.73432 -1.25371 0
0.560016 -1.35456 -0.391946 0
0.341658 -1.05678 -1.17084 0
0.295048 0.399259 0.693233 0
0.483424 -1.16157 -1.05532 0
0.739604 -0.435456 -1.73452 0
0.157099 0.746378 -1.78385 0
1.55642 0.0702597 -1.97041 0
2.39462 0.204532 -2.21985 0
0.326459 5.38127 1.84836 0
0.187727 5.44346 2.49023 0
0.0399704 -2.61802 2.64961 0
0.295487 -2.18483 1.45832 0
0.190126 -3.4671 3.08322 0
0.515779 -4.83619 -1.6142 0
0.480215 -5.07483 -1.77882 0
0.985323 -4.28798 -2.45537 0
1.45637 -4.39095 -2.14407 0
0.101913 -5.48731 0.907801 0
0.0761926 -4.65682 -0.171716 0
0.511623 3.31113 1.74661 0
0.306732 2.57238 2.00949 0
0.88912 1.82838 2.73514 0
0.393193 1.42406 -2.87813 0
0.284978 3.27295 -1.85783 2.46281039689722
0.59091 4.5909 -0.466235 0
0.119009 5.45107 0.519512 0
0.957678 3.42496 0.235728 3.42169827768608
0.17173 4.87562 1.41498 3.23550879469047e-08
0.134406 4.97582 2.31593 1.22924940527481e-08
0.384011 5.05615 1.4698 8.59112510930286e-08
0.241 4.64354 0.865554 1.32005636581386e-07
0.371132 6.59698 -1.81245 0
0.76864 5.92683 -2.1176 0
0.163193 6.15247 -1.29823 0
0.309137 5.26637 2.92856 0
0.374644 -1.72671 2.41778 0
0.427632 -1.98806 1.45494 0
1.82779 -4.50656 0.433021 0.251654886957807
0.175504 -3.27419 -1.85575 16.9304531241147
0.287203 -3.90734 0.738315 0
0.709926 -4.20755 0.541444 0
0.185724 -2.43122 -2.84214 0
0.210078 -2.2844 2.03418 0
0.230996 0.0589502 -0.794357 0
0.263529 -0.315406 0.376576 0
0.365623 0.088729 -0.347781 0
0.711614 -0.222606 -0.783727 0
0.819567 -0.275953 -0.705467 0
0.135787 0.0243372 0.437745 0
0.124699 5.0433 -0.763863 0
0.163376 4.13587 1.69739 0
0.122602 2.37591 -2.08544 0
0.0801342 4.12694 2.60405 0
0.129372 0.599836 -2.84472 7.15444861077667
0.25087 2.09366 2.99701 1.0589024304392
0.240774 0.0365899 2.3386 21.8349395441895
0.820073 -0.304608 3.12081 6.1307064735014
1.96039 0.489201 -2.30056 1.91246960816541
0.497651 0.470938 -1.93762 7.62335858035156
0.192654 3.1605 2.41655 7.45008920145134
0.113009 5.07732 -2.90634 1.86678752611999
0.111452 -5.46105 -1.94462 4.28474309252982
0.341319 -5.66246 1.99964 1.13875661891004
0.0766608 -1.2257 0.777123 3.27631278817132
0.444455 0.444263 -0.121654 0.951412232966078
0.779432 3.73396 0.341423 0.229359075563792
0.25985 3.68152 0.488995 0.725395938075386
0.248822 4.49046 -2.61931 0
0.80014 5.62322 -2.79213 0
0.393093 -3.35129 -2.44971 0.162970304562545
2.14964 -2.89436 2.75643 0.0810526222088854
1.48147 0.0318594 -2.21041 0
0.840837 0.230602 -1.7195 0
0.316552 -5.06385 -3.01565 0
0.551943 -4.87028 -0.863886 0
0.0296855 -1.47558 -1.70542 44.1617160429584
0.0198626 -1.54745 -1.84031 48.3504623144615
