0.82428 -3.65306 -1.29858 0
0.744275 -4.20819 -0.704867 0
1.00094 -3.85916 -1.21491 0
0.574069 -2.04002 0.337923 0
1.68008 -1.90736 -1.13442 0
2.47981 -2.25203 -1.37431 0
1.73869 -2.62425 -1.35963 0
0.563969 -6.20621 0.994389 0
0.430188 -5.46913 2.52997 0
0.758899 -7.67036 -0.466129 0
0.534543 -8.46517 -2.53918 0
0.493726 -7.6438 0.982337 0
0.765006 0.824678 2.886 0
0.829676 0.746106 -2.42179 0
0.730781 2.40847 -1.16072 0
0.127759 6.02984 -0.0491388 0
0.0759637 8.38788 1.69217 0
1.15616 5.56442 0.441096 0
0.197249 4.66267 1.57882 0
0.329135 1.7547 -0.844047 0
0.765148 -1.97487 1.04412 0
2.65571 -3.25849 2.07299 0
0.618248 -3.09913 2.05078 0
0.887928 -3.28631 2.51401 0
0.800763 -3.05438 2.47573 0
0.212252 -4.41893 2.53086 0
0.318559 -2.41336 -0.570945 0
1.93765 -3.11933 -0.481571 0
0.707357 1.08042 2.98313 0
0.265814 3.51559 -2.39406 0
0.778967 4.10764 -0.6647 0
0.270362 3.33394 0.920879 0
0.210176 3.53155 -1.67255 0
0.442613 5.90939 -1.70225 0
0.212596 8.52993 0.18688 0
0.20942 7.56226 1.55451 0
0.0276859 5.51775 1.54523 0
0.506799 4.09061 -0.590304 0
0.371987 3.54115 1.97098 0
0.449929 -0.91627 2.58597 0
0.310834 0.0446141 -1.86251 0
0.630367 -0.363148 1.77786 0
0.405544 0.0149592 -1.98898 0
0.472889 -0.835211 -3.02087 0
0.799947 -2.71167 2.61829 0
2.48124 -3.18176 2.3962 0
0.573172 -2.93126 1.94898 0
0.0686889 -4.15861 -2.03202 0
0.775646 -3.30658 2.4715 0
1.07347 -3.1334 2.07297 0
0.625028 -3.73937 1.52196 0
0.309924 -2.94208 2.04841 0
0.750316 1.38 2.2423 0
0.338663 2.08026 2.22035 0
0.165988 6.65298 -1.29132 7.19404403571606e-08
0.0237423 9.02409 1.00699 9.91085771132006e-08
0.194756 4.2861 -3.07906 0
0.200541 3.58604 0.74681 0
0.586614 -1.79807 1.91897 5.84798769068435e-08
0.379702 -2.33465 1.62438 5.13049610646899e-08
0.325842 1.79044 2.80325 22.4941733900442
0.260046 1.65682 -1.93064 31.9036128794541
1.86583 -3.44373 1.99049 2.03183304238084
0.321212 -3.90794 1.95709 7.4062355217454
0.641799 -2.71173 -0.31541 0.0372644013518651
0.377607 -2.99652 -0.279938 0.064058824299399
0.449648 -3.11477 0.219893 0.0235924932005838
1.9063 -2.64773 0.702038 0.0421389250838014
0.204202 -2.74544 0.0474799 0.0431061968299433
1.10979 1.14652 -2.82437 0.028154250241286
0.116936 -2.88706 -0.873179 0.0383170992544459
1.36769 -3.51334 -0.400979 0.0105026826791778
0.0743645 1.38238 2.88972 0.143590847193965
0.900862 1.20562 -2.30893 0.138159939576636
