2.37773 -1.8968 0.541376 1.22142314024661e-13
27.788 -1.7624 0.242791 1.52333141534823e-13
24.8092 -2.25166 1.07442 2.54593793864009e-13
6.42869 -1.97029 1.08576 2.94626230734619e-13
4.75506 -2.32262 1.08736 2.55328688461755e-13
2.86381 -1.97957 0.357829 5.06147591791143e-14
3.87011 -2.70768 3.03031 6.1103551709001e-14
1.99116 -2.78363 2.91515 8.04854953870797e-14
1.20867 -2.85329 3.02791 6.85251341695894e-14
6.16683 -2.70563 2.95759 7.24784563107906e-14
1.24382 -2.72211 -3.03905 3.17204522910387e-14
0.268922 -3.47071 2.54043 1.40804705871738e-13
1.21222 -1.5912 -2.68936 3.0348252317901e-13
1.48498 -2.46027 2.95178 8.28076516036027e-14
5.10309 -1.42822 -2.41485 4.04124691235375e-13
2.76804 -1.01302 -1.80199 7.14964197815085e-13
1.69079 -4.18493 -2.30736 0
0.919124 -3.33199 2.75716 0
0.442567 -2.5005 1.27239 0
0.488316 8.12506 2.70234 0
0.653039 7.9515 1.20544 0
1.26071 6.56143 -1.37848 0
0.228582 5.88189 -1.08965 0
1.77383 4.14819 2.86984 0
5.32927 4.14103 2.50234 0
0.356628 0.719596 -1.27105 0
0.338946 1.2455 0.236819 0
0.236037 -0.153841 -0.710374 0
10.7074 -3.6493 -2.79545 0
1.5988 -3.16495 -2.84398 0
0.290035 -3.34134 0.824807 0
0.396749 -8.99888 1.52177 0
1.51482 -1.84558 -2.11187 1.01124127967483e-13
0.567659 -1.31001 -2.41567 1.81287421268573e-13
0.50825 -1.57661 -3.13118 1.27497652496319e-13
0.323672 -0.109338 -2.20204 4.74431993436869e-13
0.77558 0.62409 -0.597173 3.83029513909979e-13
0.284936 2.57191 -2.62619 1.50242557561941e-13
0.777464 1.83508 1.9042 1.66161602325791e-13
0.189647 5.92701 1.10289 7.62923925883984e-14
0.311122 6.73454 -2.26474 7.92204715641271e-14
0.392347 4.61129 2.01188 7.93782731127789e-14
0.335412 5.24128 3.09998 8.28902425489498e-14
2.47392 -1.97448 0.633737 1.31111780693224e-13
1.40948 -1.69578 0.075964 2.13102536064205e-13
4.63024 -1.83717 0.25047 1.15798544398976e-13
1.26052 -1.94003 -0.035565 1.55702940211754e-13
5.18133 -1.99045 1.23976 3.4355666047688e-13
1.57135 -2.72119 2.86718 8.68209940313698e-14
0.297343 -0.794726 -3.02087 7.68408481222478e-13
0.663675 -0.911505 -2.64125 6.94165911564019e-13
1.87883 -1.2388 -1.84621 5.79788517572507e-13
1.01712 -1.60211 -2.25576 3.44141507559426e-13
1.37068 -4.5583 -2.857 0
0.788576 -4.43505 -2.72941 0
0.667643 -3.97697 1.86755 0
0.203772 -5.30165 -1.85833 0
1.59211 -3.79254 -2.58791 0
0.216862 -3.42716 -2.97596 0
0.547039 -3.10162 1.1684 0
2.24251 -2.74007 1.4955 0
1.5728 -2.49466 1.42873 0
0.625295 -2.88866 1.24194 0
0.645302 -1.83361 -0.987102 0
0.549518 8.70481 -2.76925 0
0.584137 8.25832 0.845653 0
0.529262 6.42186 -1.59541 0
0.512529 4.05465 2.80104 0
0.220765 4.7983 1.93917 0
0.190863 2.81111 -1.54707 0
0.108085 4.86509 1.93792 0
1.0554 2.15355 1.78632 0
0.640393 2.05814 -1.34674 0
0.612152 1.2251 0.436907 0
2.34398 1.5738 2.54445 0
0.164951 2.42769 2.28378 0
0.465705 -2.13569 0.699211 0
0.30261 -1.25624 2.31611 0
0.613727 -2.61673 1.35296 0
0.598766 -5.77538 -1.22809 0
0.0151098 -4.5117 -2.12083 6.98944446532258e-14
0.630641 -1.81391 -2.46554 8.54727401345457e-14
0.692418 -1.92991 -1.37451 1.45405175917804e-13
0.810078 -1.75796 -2.63727 8.88650278835015e-14
0.270538 -2.32295 1.6194 1.39802485992422e-13
2.03998 -0.742666 -2.97021 3.26619048486913e-13
1.73537 -0.823714 -2.58351 3.03261401317878e-13
0.227221 -0.0655894 3.07178 4.78099726110665e-13
1.08283 -0.556999 -2.95637 3.77713040998683e-13
1.26441 -1.10983 -2.84889 2.24428980945765e-13
0.414273 0.595716 -2.4755 4.48544656379999e-13
0.27362 0.640909 -2.11516 4.35703699065012e-13
1.22061 6.8616 1.51531 7.77877082754459e-14
0.32681 6.47302 2.51786 7.90180556727023e-14
40.7789 -1.77806 0.256299 1.43362589911997e-13
31.943 -1.77618 0.253281 1.44546304990282e-13
0.378525 -2.20245 0.496486 6.93112889438783e-14
0.977314 -2.34029 1.26309 3.04332573487357e-13
0.851454 -2.20135 1.28944 3.25081395882026e-13
0.551448 -1.90616 0.77905 1.98639604131583e-13
1.29789 -1.89673 0.649179 1.56420179949352e-13
2.55912 -1.95582 0.38156 6.3141094563861e-14
5.76359 -2.74147 2.96168 1.71658870754419e-09
7.42611 -2.7306 2.96093 3.21966651255122e-09
0.329326 -1.08296 -2.47605 5.92339503552142e-13
1.59676 -1.0608 -2.10578 6.45864904563942e-13
0.810525 -3.92294 -2.68615 0
0.420287 -4.11524 -2.24005 0
0.158719 1.62414 -1.68646 0
0.251691 1.71119 1.73051 0
1.63722 0.373329 -0.243973 2.15527043318745
0.620855 -1.25312 3.13969 1.95522411054661e-13
1.45973 -1.19318 -2.78768 2.0303572411802e-13
0.251391 -0.981656 -2.64802 2.58620095004423e-13
2.01253 -0.640612 -2.98962 3.55434962684894e-13
0.488373 -0.768054 -2.9121 12.8356023001719
0.451408 -1.12696 -2.3058 10.1957727417013
1.01703 -1.25746 -2.87432 4.04953491822787
0.630804 4.65385 -3.05659 1.08088785413123
0.0143287 7.57082 2.49804 2.57406496572931
5.59479 -1.66834 -1.42905 0.351067836748379
0.0445671 0.183241 1.89612 4.50110371726993e-05
0.163948 0.704475 2.13657 1.30819995536611e-05
1.32622 0.612059 -0.138369 7.3793331760795
0.26489 0.441172 0.305593 98.4354127202439
8.01193 -1.70252 -1.47553 0.182545022259727
6.15761 -2.04604 -2.21979 0.0847199717079796
9.46604 -1.74932 -1.54728 0.415153539061299
