0.225492 0.868556 0.137302 0
0.641606 -0.960865 -1.43643 0
2.17638 -5.48578 2.49106 0
0.283718 -4.74539 1.68664 0
0.392955 -6.84156 -1.02198 0
0.237463 3.11472 2.41384 0
0.483635 2.54893 -2.64664 0
0.430323 1.36411 -2.18326 0
0.522462 1.29897 -1.24634 0
1.23053 2.5202 -2.79009 0
0.561562 2.26464 3.12428 0
0.751382 5.32538 1.93726 0
0.527145 5.98621 2.58482 0
1.02192 7.4247 1.39927 0
0.910094 -0.586204 -2.32605 0
2.29305 -0.780522 -2.6021 0
0.480533 -0.573661 -0.501737 0
0.780953 -1.56566 0.684045 0
0.84433 -3.03573 1.71097 0
1.51315 -3.65653 -0.0609971 0
0.137618 -3.92031 -0.839202 0
1.1565 -4.57471 0.548039 0
1.0493 -5.91586 -0.144724 0
0.595383 -5.0235 1.3781 0
0.460582 -4.059 1.70587 0
0.929036 -4.76559 0.955077 0
1.42371 -3.69096 0.28193 0
0.308439 -2.61455 1.68788 0
0.0560657 -3.28517 0.0124804 0
0.498179 1.17314 2.1999 0
1.18514 0.327271 1.08314 0
0.218329 -2.95119 -1.75097 0
0.287244 1.00687 -0.376448 0
0.17814 3.03879 -2.95769 0
0.402063 3.21538 -1.73155 0
1.28241 5.09251 -1.30487 0
0.521821 7.75368 2.62076 0
0.159009 8.06959 0.981254 0
0.209172 -4.5161 2.6729 0
0.743637 -7.02913 -2.28952 0
0.12268 -6.22011 2.26131 0
0.259043 -5.41031 -1.23653 0
0.467272 -6.45684 2.66511 0
0.36698 -2.76913 -0.0993572 0
0.476562 -6.38366 1.49041 0
0.971298 -8.2515 -0.740965 0
0.548607 -8.90942 -1.43943 0
0.512207 4.74038 -0.0200309 0
0.421315 4.86333 2.28826 0
0.254958 5.03675 0.104712 0
0.272909 2.47845 1.2309 0
0.391985 0.897708 2.15677 0
0.19123 -0.421995 -2.9382 0
0.532159 1.01787 -1.45127 0
0.378993 2.82762 -1.53067 0
0.571717 3.64259 -0.680738 0
1.2115 3.13446 -1.96138 0
0.0919744 3.45878 -2.47416 0
0.713148 2.20999 -2.25375 0
0.557173 6.4991 -1.19808 0
1.76171 0.453463 -2.28237 0
1.5829 0.168818 -2.25325 0
0.878849 -0.804322 -2.21287 0
0.36301 -1.82548 1.81299 0
0.34558 -0.683863 0.24874 0
0.790777 -4.37325 1.91317 0
1.84188 -4.18869 0.686742 0
2.10534 -4.48919 0.717556 0
0.212848 -4.51617 -0.169212 0
2.18149 -2.56176 -1.1199 0
0.528242 -2.61318 -0.557319 0
0.4357 -2.81563 -1.82258 0
0.82155 -1.38052 -0.878406 0
0.169197 -0.336751 -0.202899 0
0.22257 1.6011 2.05875 0
0.478155 1.05341 -0.196535 0
0.36635 1.13424 2.34476 0
0.56306 1.74238 -2.48678 0
0.159758 1.30525 0.112441 0
0.50951 2.49449 2.17981 0
1.16889 3.94988 -2.1752 0
0.630604 -0.55953 1.87385 0
0.385028 -0.424379 2.30479 0
1.53521 4.92268 1.39446 0
0.777056 4.90824 1.79466 0
0.212862 4.49711 0.0969884 4.00457515680959e-07
0.414271 4.30944 1.16677 3.85551103515453e-07
0.195055 2.13037 -2.45945 24.1580979600744
0.242581 2.03618 -1.16109 2.34537551806467
0.117815 0.877395 -2.68655 0
0.519062 1.65906 2.59015 0
0.384257 -2.60679 1.03593 0
0.364242 -2.83484 -0.507285 0
0.205935 -3.29992 1.06395 15.4431474158886
0.830973 -2.97856 -1.53557 3.65632979681219
0.135748 -2.47245 -0.997876 36.8962493136665
0.316916 4.73346 -0.556303 0
0.369166 4.64666 -2.03431 0
0.798201 1.02943 1.70817 10.2733332274943
0.0629521 2.45439 1.10395 35.108251107705
