0.62062 -5.53907 2.66237 0
0.110395 6.95424 -1.88999 0
0.626118 6.50063 -2.57272 0
0.640166 3.71602 -2.70161 0
0.360534 5.23447 2.60467 0
3.60741 -4.82504 -1.93395 0
0.845762 5.55111 1.01207 0
0.226249 -3.89362 -3.12235 0
0.390439 -3.99813 3.09263 0
1.0201 -3.03962 -2.98864 0
0.970734 -3.0429 -3.1221 0
1.24838 -2.50443 1.57999 0
0.0696317 4.89421 -2.47643 0
0.643681 -0.156726 0.269495 0
0.540224 -0.997452 0.737794 0
2.2876 0.060898 -1.97677 0
0.0604349 -0.102891 -0.309544 0
0.362776 2.83658 2.39967 0
0.193236 2.67005 -0.0732143 0
0.189029 0.382031 0.877399 0
0.339977 -1.71562 2.92002 0
0.263856 3.48966 0.227874 0
0.440618 6.07532 1.48474 0
0.349649 5.74202 1.60763 0
0.140872 6.36315 2.95984 0
1.02581 6.03455 -3.06937 0
0.588645 5.07514 -2.54175 0
1.24166 4.53428 0.529239 0
0.529023 4.02154 -1.06324 0
0.415998 5.07985 1.07408 0
0.315782 1.16339 -2.72068 0
0.767769 -5.11834 0.193428 0
0.298134 -4.92269 2.66327 0
6.18833 -2.63776 -0.722205 1.1789101054691e-14
5.00014 -2.5059 -0.760095 1.28495210175624e-14
1.01381 -2.59503 -1.10309 1.10700376817692e-14
1.07555 -1.70596 -1.57408 2.11700296809349e-14
0.142851 -2.17664 2.14886 1.25675747903628e-14
0.543138 -2.92103 -2.4504 3.6161747272864e-15
0.747313 -3.11419 -3.08273 1.26232438178052e-15
2.22932 -2.35448 3.00225 7.56870904946543e-15
0.522912 -2.06078 0.639297 0
2.01046 -1.91927 0.557503 0
3.28449 -2.21539 0.484526 0
1.68266 -2.13301 0.898092 0
0.632574 -2.33894 1.12293 0
0.479179 -1.74287 1.54063 0
0.888347 -0.742543 0.503574 0
1.52549 -1.10618 0.440993 0
1.04904 -0.584586 -0.687123 0
0.759112 -0.75851 2.99665 0
0.298756 -1.42199 1.43091 0
0.698803 -0.271137 -2.98736 0
1.37034 0.290551 -0.656526 0
0.871468 1.66368 -0.830952 0
1.17114 1.29834 -1.3615 0
0.31275 1.18072 -0.610796 0
1.08064 0.98531 -2.83259 0
0.178385 3.72394 -2.65036 0
0.575343 3.48006 -2.45818 0
0.0613069 4.71079 2.52907 0
1.44444 -5.6135 -2.18601 0
0.121642 -4.11816 -0.620314 0
0.32251 -0.130512 1.86357 0
0.665872 2.55363 -2.76759 0
0.215746 0.578184 -0.0542528 0
1.33318 2.63518 -2.95168 0
1.30485 7.29172 2.81131 0
0.583377 5.96632 -2.57315 0
0.0725244 5.93636 0.260459 0
0.580928 3.09291 2.04074 0
0.482199 -2.74384 -1.17133 0
1.2159 -3.80583 2.33525 0
0.12279 -6.78062 -1.66409 0
0.941675 -4.87563 1.06428 0
0.443969 -4.93195 1.51678 0
0.202689 -4.97799 -0.388289 0
0.17871 -4.34684 2.3767 0
1.35131 -2.79356 -0.933396 0
0.207726 7.76984 0.0932068 0
0.958157 7.34938 2.1573 0
0.45856 3.79544 2.37354 0
0.498559 5.52973 -0.74616 0
0.325472 1.07964 -0.564497 0
0.871462 -4.02693 -1.88929 0
0.312812 -3.51919 -1.71688 0
0.765608 -3.61256 1.22547 0
0.379103 -2.86969 -2.38299 0
0.639787 -2.61899 1.53466 0
1.14045 -2.45552 1.54098 0
0.231466 -1.59319 0.741779 0
0.190072 -5.94663 0.017643 0
0.340481 -4.71139 1.14134 0
0.314064 -7.63908 2.74785 0
0.2524 -5.45287 0.256598 0
0.139393 -5.74611 1.04168 0
0.47957 -3.55888 -2.40771 0
0.978017 -4.44236 2.36264 0
0.724335 -5.09073 -1.82237 0
0.571443 3.93155 0.720073 0
0.159869 1.98681 -0.0915004 0
0.288455 4.30377 -1.93244 0
0.533642 5.77573 -1.70421 0
0.453907 -4.34498 -2.90372 0
1.28538 -2.56417 1.14717 0
0.444492 1.60283 -1.71141 0
0.368283 -1.31771 1.15494 0
0.614436 -0.618104 0.723222 0
0.388115 -2.07973 1.88591 0
2.01391 -0.0900603 -0.627798 0
0.832435 -0.772103 -1.22652 0
2.28457 -0.368954 -0.511589 0
1.35462 -4.14566 1.56724 0
0.439093 -1.88182 1.39692 0
0.308588 -3.67782 -0.029289 0
0.345125 -2.70091 2.25115 0
0.343414 -0.356129 1.19965 0
0.247959 0.436154 0.874024 0
0.183217 -1.49963 -2.70447 0
0.257313 1.44312 0.218844 0
0.22398 1.86676 2.96084 0
0.219284 5.37144 -0.784307 0
0.101407 2.17133 -0.77678 0
0.994247 1.52978 1.842 0
0.11136 2.35568 0.625537 0
0.564009 3.243 2.94109 0
0.58537 5.76239 2.77777 0
0.161007 7.80784 -2.90527 0
0.330072 5.41533 0.855127 0
0.277466 7.03911 -1.83006 0
1.09986 5.31184 -0.512977 0
0.0949853 4.75581 0.184731 0
0.140596 4.75507 0.570061 0
0.417762 5.61202 -0.00267295 0
0.588269 5.10082 -0.945985 0
0.245509 1.37027 -1.67123 0
0.523727 2.26563 1.84519 0
0.592276 -0.416473 -1.0865 0
0.247779 -2.04011 -1.03652 0
3.20123 -2.62912 -0.822119 1.16120452540779e-14
2.43236 -2.77127 -0.707093 1.0802279519892e-14
0.202562 -2.94684 2.34946 5.20783349640327e-15
0.0534435 -4.89032 -0.957922 4.71569050081662e-15
0.492328 -2.40156 0.226143 1.50923361279388e-14
0.183861 -1.61191 -0.656004 2.6246375445046e-14
1.6146 -2.33535 0.412888 1.57218498828058e-14
1.09348 -1.96534 2.67776 1.36227390552125e-14
1.32709 -2.06859 -0.171594 0
1.01419 -1.93154 -0.0607567 0
1.56837 -1.89448 0.622248 0
0.759416 -2.32008 0.269815 0
2.06306 -2.10311 1.36546 0
0.2991 -1.37598 3.01004 0
0.424382 0.129986 -0.763351 0
0.140275 -1.48418 2.91973 0
1.61283 0.713391 0.27312 0
0.397796 1.01855 -0.352244 0
0.489873 1.10137 -2.18433 0
0.942955 1.3613 -2.61029 0
0.409924 0.573816 -2.38832 0
1.37007 1.44476 -1.93936 0
1.32882 0.869069 -2.70242 0
0.866696 3.04772 -2.67971 0
0.647287 3.1481 -2.20664 0
0.751282 3.04605 -2.96819 0
0.222021 3.15352 -0.834227 0
0.20234 -2.4269 -2.16958 0
0.108703 3.11343 -1.21967 0
1.45968 2.43921 -2.93839 0
0.433112 5.54013 0.304838 0
0.229653 6.24048 1.90524 0
0.26172 -0.974192 2.77833 0
0.25503 -1.26381 0.101473 0
0.30863 -2.25716 -2.64717 0
0.498484 -1.51717 1.45985 0
0.223398 -1.81147 -2.68884 0
0.562375 -3.24886 -0.192574 0
0.0875541 -5.87767 -1.00591 0
0.354012 -3.78803 1.27018 0
1.0728 -2.35677 -0.95893 0
0.299056 5.80862 0.746587 0
0.396608 -1.63562 -0.439407 0
0.783855 -3.78239 -1.93073 0
0.503345 -3.78166 -1.87631 0
0.892094 -4.14948 -1.40813 0
0.463871 -4.5203 0.530409 0
0.278591 -3.20165 1.69262 0
0.276941 -3.34916 0.660883 0
0.197999 -8.49695 -2.76699 0
0.348578 -8.00418 0.303934 0
0.0459712 -4.61364 -1.81777 0
0.953614 -3.47301 -2.11159 0
0.499675 1.74291 -0.124422 0
1.24713 1.19276 0.0479426 0
1.18132 -0.68604 -0.154869 0
0.0396241 1.23636 -1.71354 0
0.259646 -2.315 1.60168 0
0.81491 -2.38019 0.923897 0
0.0834792 -4.87357 1.46583 7.09645158407395e-08
0.0971819 -3.37368 2.94027 4.370364241799e-07
0.176653 -0.452301 -3.06613 0
0.306065 -1.20395 0.992417 0
0.0630011 7.72207 2.92507 6.56012263041621e-07
0.258537 6.83315 -1.11379 5.97194005376302e-07
0.279676 3.64335 0.116516 0
0.199128 4.34771 2.65859 0
0.362824 2.50954 1.77077 0
0.196819 3.21024 0.283089 0
0.161528 5.57466 2.654 0
0.0666851 5.18505 1.8397 0
1.35346 -0.578354 0.523867 3.6218387664884e-08
0.786477 -0.74222 0.290561 5.12433594006795e-08
0.364126 -1.89036 0.281432 0
0.263628 -1.40369 -0.361025 0
0.0463943 -0.690983 -0.532397 0
0.641503 0.352668 0.363995 0
0.644134 1.15371 -0.797538 0
0.06316 1.05315 -0.212762 0
1.00038 0.933761 -1.10022 0
0.386276 1.33778 -0.549632 0
0.81333 -1.22493 2.63558 0
0.276896 -1.87128 -2.77573 0
0.181955 5.76305 -1.89003 0
0.249209 4.72745 0.556673 0
0.0543623 6.01655 0.718759 0
0.0576011 4.39001 1.17585 0
0.0639737 2.79536 0.355749 3.00210664293289e-08
0.127006 1.55876 -2.2248 7.21250787779043e-08
0.104475 -4.95772 -1.73501 7.89682674646464e-08
0.0510439 -6.09873 -2.00652 3.98281501846625e-08
0.354644 1.79053 -0.187608 0
0.161668 1.10971 0.986054 0
0.176634 -4.51377 -2.0707 3.39773052504697e-08
0.336535 -3.629 -1.86977 3.21204648913374e-08
0.539461 -4.03064 -2.69069 0
0.450762 -4.20374 -1.69407 0
0.439645 -2.59174 2.81698 0
0.0891229 -3.6431 -1.65212 0
0.870821 -3.36139 0.845128 0
0.444191 -3.40137 1.21611 0
0.171284 -3.35137 1.35997 0
0.53387 -2.56646 1.28995 0
0.00440547 5.83624 -2.21498 6.12345665434388
0.625396 1.84758 2.41101 2.26884418993135
0.177388 -2.69612 -1.19935 11.5163603634324
1.0434 -2.74916 -0.509922 1.8646040136737
0.410539 -2.15662 0.3155 7.45094416259431e-06
2.3467 -2.15761 0.318323 7.67560188370289e-06
2.28552 -1.65901 0.499808 5.74958609875113
0.377565 -1.7971 0.76297 30.4931265545481
0.346871 4.70441 -1.87131 0.889962226742918
0.163582 5.70031 2.89432 0.698249240111506
0.435604 -0.472377 -1.34387 0.704862543052893
0.384812 3.49261 -0.38409 11.8589607435554
0.0917982 3.88793 2.70056 33.4581628448906
1.1231 5.10497 2.55816 0
0.158945 4.50052 -2.78689 0
19.4541 -2.38296 2.90839 7.45389308668458e-15
30.2444 -2.39964 2.92784 7.22879629239985e-15
0.698516 -0.50654 -0.250133 7.79566199818145
0.262127 -0.278096 -0.536583 22.661797903386
0.250387 3.93049 -2.712 0
0.300963 5.16026 0.927707 0
0.306103 -3.29277 -2.12473 0
0.140405 -5.37107 1.07543 0
0.441378 1.16951 -0.541248 0.0908362247296939
0.347207 -5.4115 -2.23586 0.0061320642039506
0.174928 -4.70149 2.47175 0.094547220455633
0.367649 -5.40261 2.38615 0.0597569738814766
0.73019 -5.74622 -2.29136 0.00803283428027145
1.11862 0.983629 -0.223829 0.176701190009045
1.30396 1.04303 -0.516045 0.046004929415011
1.48359 -5.37325 -2.52067 0.024745184407808
3.48699 -5.28519 -2.08037 0.0133034359263372
3.65105 1.10166 -0.63015 0.134635418161652
0.124996 1.02178 -0.850087 0.292283213448187
