12.0632 1.63819 0.625726 8.0472913388298e-14
0.521794 -4.04922 -0.174852 0
1.53601 -1.90281 0.124475 0
0.725621 6.41985 -0.826961 0
0.659152 5.01793 -2.36831 0
0.530436 -5.0967 1.40738 0
3.28532 -4.32576 1.02017 0
0.560067 -4.24994 1.36061 0
0.302922 -6.46233 -0.933765 0
0.568617 -8.54741 -1.99481 0
0.184077 -8.64449 -2.97295 0
0.278907 2.65602 -0.961508 6.50949082897635e-14
0.369075 1.96901 1.81272 2.77142012064581e-13
0.211041 3.82754 -1.25382 2.47642885390272e-14
0.720328 1.85056 -1.14503 1.93563841801291e-13
0.791327 1.51833 -2.49094 3.165121183377e-13
0.188703 3.01667 -2.78119 8.90439721775796e-14
2.2848 1.94868 0.637776 2.56180385496694e-13
0.187676 3.49498 0.917938 9.89290373657777e-14
0.159809 6.85909 -2.12493 0
0.672504 6.43507 -3.11561 0
0.283278 1.62795 0.613135 0
0.979103 -0.533803 3.01823 0
0.960672 3.37777 0.705854 0
0.684926 2.49628 -3.10812 0
1.75914 1.54738 2.28759 0
0.24388 1.5962 1.99093 0
0.249445 4.04685 0.522557 0
0.389067 3.75875 2.88162 0
0.82781 3.88875 -1.04215 0
0.566148 -0.0614117 1.05975 3.24698487457366e-14
1.43593 -0.942575 -3.09729 1.70344090018064e-14
0.483109 -1.74528 -3.07082 7.22246985774071e-15
0.732403 -1.84228 2.89967 9.7143284360481e-15
0.450408 -1.90491 0.0318652 1.80706332188449e-14
0.743851 -2.06007 -3.04239 6.25885456809848e-15
2.824 -3.1007 2.99942 8.85159719529778e-15
1.17431 -2.44131 0.00954013 1.48032866906043e-14
0.539445 1.79878 0.279437 0
0.369812 2.47995 2.5971 0
0.490864 2.54833 0.621731 0
0.814666 1.81395 1.88558 0
0.561592 2.8257 -0.308328 0
0.693142 2.95099 2.65018 0
0.358145 5.59388 0.6257 0
0.554984 4.37101 -2.29057 0
0.961321 5.08802 0.469392 0
1.32642 5.31974 1.93949 0
0.296897 5.47432 0.299018 0
0.644005 7.57482 -1.5229 0
0.877655 6.91369 -2.52377 0
0.3102 1.51497 -0.101831 0
0.576862 2.25728 1.78917 0
0.169696 -0.564795 -3.01285 0
0.683519 -3.83209 1.8941 0
1.31207 -3.46941 1.67114 0
1.03748 -2.83544 1.97932 0
0.145542 -8.17942 0.540331 0
0.465255 -7.80579 -0.0471693 0
0.434114 -7.77138 2.83251 0
0.427568 -4.57901 3.07537 0
0.360455 -3.32821 -2.46338 0
0.407899 -2.05163 2.97027 0
0.355034 3.17427 -2.12023 0
0.292912 2.94679 0.522029 0
1.09428 3.40644 0.980085 0
1.66036 -3.81288 -1.6604 0
0.450456 -2.56535 1.08417 0
0.877817 2.79622 -1.37181 3.94706042392635e-14
8.33712 2.66706 -1.42496 5.30012947207239e-14
4.32666 2.82617 -1.50275 3.73118124658077e-14
1.17773 2.6526 -1.27919 5.55322831092778e-14
0.104718 5.08949 -0.375441 0
0.266191 -6.00386 0.96316 0
0.832613 -5.83108 2.71458 0
0.383734 -5.22389 -1.30502 0
0.538516 -5.39477 1.47636 0
2.02633 2.87021 -2.34399 7.39508606425506e-14
1.30619 3.35858 -2.46712 5.84213994172741e-14
0.191033 2.27102 -2.86443 1.68979305939355e-13
2.00857 3.20192 -2.39669 5.96704017555763e-14
0.366368 1.87118 0.995963 2.86282855718211e-13
0.322777 2.68988 0.828297 1.52147500787834e-13
2.31558 2.35596 0.550404 1.81546822309671e-13
0.340139 3.28869 0.883567 0
0.263706 -1.65127 -2.86387 0
0.3146 6.23839 -2.61242 0
0.396296 4.94566 0.599269 0
0.195509 4.8351 -1.74539 0
0.265707 4.71748 1.27764 0
1.1049 1.43111 1.85958 0
0.761464 -2.13387 -0.659599 0
0.107998 -2.79665 1.16078 0
0.585383 -1.42308 -1.40145 0
0.216309 -0.174425 -0.9105 0
0.28192 1.47017 -2.17361 0
0.488723 0.497462 1.25978 0
0.24912 2.53404 -1.22417 0
0.517402 2.35664 -2.19845 0
0.390618 4.97148 0.421018 0
0.567306 4.67275 -2.82633 0
0.594669 -1.10381 2.85248 1.7241650724132e-14
0.0822529 0.613262 -0.939349 2.90573598114721e-14
0.774626 -0.453711 -2.29057 2.43790425798148e-14
1.01311 -1.91439 2.17137 1.47705784379598e-14
0.418251 -3.41279 1.37633 1.21162246907738e-14
0.604343 -2.88663 2.51773 1.02786422514084e-14
0.736778 -3.58538 -2.10501 8.69382873285854e-15
0.629421 -3.15507 -1.23325 9.62474210555978e-15
0.272036 -2.14498 -2.07884 3.9482698012785e-15
0.611631 -2.6166 0.0554022 1.41704885043543e-14
0.645807 -1.41202 2.68025 0
0.410139 -2.52724 -1.50207 0
0.295452 -0.706515 -1.18618 0
0.592624 -0.455217 3.13561 0
0.270909 -0.371212 -1.12273 0
0.812861 -0.873443 -2.68315 0
0.35388 0.0413568 -0.24016 0
0.596483 0.628688 2.72607 0
0.212489 1.56599 1.05144 0
0.838516 1.5547 -2.51128 0
1.08393 1.90195 1.76466 0
0.594787 2.56395 0.221072 0
0.303879 3.30275 2.09762 0
0.646416 4.04459 -1.62671 0
0.0607403 6.53406 -2.30551 0
0.785257 4.79148 1.26243 0
0.698062 5.10288 0.533798 0
0.668989 6.15599 1.12823 0
0.293397 6.98549 2.5797 0
0.396239 6.6347 -1.46009 0
0.17847 2.05324 1.14197 0
0.126517 -4.83256 -0.0607098 0
0.327266 -2.41877 1.15264 0
0.727483 -2.89167 1.1145 0
0.521049 -3.61802 2.67664 0
0.117937 -4.09752 -2.19692 0
0.127243 -5.04342 1.56626 0
0.897814 -3.27291 2.75094 0
0.706166 3.57208 2.08239 0
0.84372 3.35266 0.687665 0
0.185373 4.09531 2.23718 0
1.25474 2.78274 -1.64198 4.47075992060335e-14
0.654404 2.55373 -1.32678 6.66293221347708e-14
0.108942 -5.66611 2.53248 1.53358439284259e-07
0.177883 -5.44193 -2.11378 1.520226748569e-07
0.18395 -7.20043 2.24549 0
0.38292 -7.89951 -2.70668 0
0.8062 2.45825 0.424437 1.62142615652911e-13
1.07479 2.34636 0.883889 1.96057105996206e-13
0.181483 5.46987 0.964041 0
0.329925 4.3497 -0.899615 0
2.72006 1.46372 2.12469 0.69091233972993
0.161944 -1.2138 2.53432 0
0.365276 -0.711474 1.532 0
0.129893 0.0330158 -1.88336 0
0.400468 0.0611507 0.801171 0
0.0512712 -2.19696 2.19339 1.32202385818963e-14
0.0517526 -4.14397 2.66939 1.00847614998083e-14
0.241711 -2.54281 -0.556344 1.42232358096485e-07
0.248198 -2.52433 -0.293986 2.01880687439653e-07
0.713995 1.0172 -2.23818 0
0.182388 1.87632 -3.12975 0
0.200454 1.57714 2.57557 1.26865373360174e-08
0.548051 1.07825 2.14544 1.47854885301596e-08
0.286652 4.63978 0.0761547 6.64756500422061e-08
0.344005 4.61584 0.0983348 8.34726161516302e-08
0.487047 4.33109 0.336205 0
0.223704 5.53641 -0.0815923 0
0.256385 4.5313 -2.84705 0
0.0699026 5.50527 -0.246201 0
0.132155 -0.614224 1.86428 0
0.400845 -0.421827 -1.90334 0
0.060847 -3.69751 1.74276 2.3006673164414e-07
0.402417 -3.42142 1.89933 1.46143843161301e-07
0.100892 -3.5163 1.36166 0
0.695925 -3.93915 1.40326 0
0.111588 -4.4489 -0.0366887 0
0.55327 -3.88395 1.68861 0
0.0734239 -3.30859 2.97008 0
0.236175 -2.55545 0.450821 0
0.155153 -1.16497 0.692327 18.285231195763
0.102372 3.78449 -2.97932 0.905553579922326
0.482785 2.67726 1.23446 0
0.129695 2.99706 -2.64622 0
1.68171 1.27927 2.57977 2.64948138199788
0.174048 1.164 2.7131 27.6810633383857
0.33055 1.29553 0.135364 30.4899381876972
0.308363 2.4022 0.481191 11.5011804035941
4.15865 1.29 2.12758 0.488553065431565
2.31436 1.31077 1.94106 1.27845434750374
0.166885 0.892147 1.62304 4.78476667988346
0.699871 0.589353 2.54357 0.410694627519083
2.55355 0.521697 2.41107 0.200450938667577
6.89912 0.553174 2.46106 0.146055485999025
6.07707 0.535381 2.37759 0.224274721483895
8.08793 1.30015 2.16193 0.24029790559012
2.95894 1.15795 2.16507 1.96072637440409
5.58692 0.59579 2.37381 0.195582804130567
5.78181 0.597967 2.51322 0.311923903456412
10.4819 0.554299 2.44932 0.111095202767639
11.1049 0.546181 2.45182 0.176661293391622
1.64096 0.490154 2.41163 0.376025102204784
3.23054 0.632654 2.33426 0.426302928267077
