0.518218 5.37814 2.46816 0
1.41554 3.83527 -2.89771 0
0.726143 2.78274 0.938592 0
0.989059 3.08792 0.979481 0
1.01574 3.34457 -2.23597 0
0.247761 3.41436 2.92118 0
1.57691 0.0137522 1.58814 0
0.430066 -7.72185 -0.529153 0
0.585771 -8.05008 -0.451868 0
0.431027 -4.71164 2.66636 0
1.47006 2.41415 1.23711 0
0.0926471 3.84059 1.37329 0
0.453496 4.08587 1.40017 0
0.563003 6.84069 1.18802 0
0.538468 3.92728 0.554357 0
0.245249 0.174201 -2.22455 0
1.55436 0.370684 -2.67758 0
1.08739 0.0611963 -2.83681 0
1.40569 -0.395572 -2.62077 1.72456592878796e-14
0.278284 -3.29731 2.42513 0
0.36172 -1.18084 0.990798 0
0.479264 -2.27937 -2.48126 0
0.127519 -2.75001 -0.571261 0
1.14151 -1.81983 -2.18784 0
1.60665 -2.74353 -1.4719 0
0.797164 -3.96267 -1.40593 0
0.402352 -3.61668 -2.09893 0
1.05318 -4.06496 -1.97062 0
0.914525 -4.48951 -2.184 0
0.313895 3.10458 1.03915 0
0.592273 1.92722 -2.14136 0
0.188958 3.57629 1.00301 0
0.174214 4.86333 -1.08887 0
0.374253 3.62145 -1.38373 0
0.710484 -3.856 -1.17536 0
0.243089 -6.34661 1.39157 0
0.122037 -5.64269 0.579385 0
0.164219 -7.02546 2.76497 0
0.148821 -7.41944 0.293689 0
0.377819 -5.16784 1.05459 0
0.503763 -5.64433 0.0581759 0
2.72434 -5.6307 0.903839 0
0.931072 -4.71228 0.279268 0
0.482315 -4.57138 0.239963 0
0.867858 -3.56309 0.56015 0
0.645648 -4.08694 0.584142 0
0.230369 -2.4321 -0.577656 0
0.43445 -2.15797 0.836961 0
0.703432 -1.8448 1.35202 0
0.227966 -2.02464 1.82465 0
0.264303 -1.87411 0.379873 0
2.2139 -0.902757 1.99699 0
0.686338 -1.66082 2.29992 0
0.320752 -0.998028 2.33592 0
0.92312 -0.322092 1.4331 0
1.63895 1.20255 2.10522 0
0.476845 2.1132 -1.48487 0
0.348383 1.15386 3.06836 0
1.24901 2.55684 2.5516 0
0.586331 1.42868 1.55121 0
1.81568 2.47728 2.35557 0
0.305332 4.25789 0.763296 0
0.625786 3.69941 -2.02716 0
0.362845 6.94628 -0.369112 0
0.702765 6.84006 -1.88393 0
0.547559 6.91749 2.45231 0
0.397877 6.52151 2.40593 0
0.311865 8.05514 -0.0925951 0
0.0802418 7.76639 -1.85576 0
0.019433 5.91006 -3.12687 0
0.165169 3.71548 0.84668 0
0.113486 4.34306 -2.1644 0
0.253576 2.2792 -2.35556 0
0.44951 0.749047 -0.75606 0
0.601264 0.118195 -2.37453 0
0.423203 -0.592382 -1.59315 0
0.319536 -0.377915 -0.483884 0
1.9852 -1.21422 -1.50543 0
0.549818 -2.6707 1.99464 0
1.24534 -2.51541 -1.36701 0
0.608295 7.28466 -2.93629 0
5.7355 2.293 -0.926921 0
0.284367 3.92822 -0.481597 0
1.7607 2.4005 -1.55048 0
0.18489 2.04049 -0.700846 0
0.508078 3.46846 -1.55911 0
1.42846 2.93343 -2.33096 0
2.429 0.172167 1.60667 0
0.724432 -0.602424 0.227135 0
0.482318 -0.393238 0.499545 0
0.204849 0.855277 -1.213 0
1.0657 -1.51883 -0.291505 0
1.55697 -1.07312 -0.332241 0
0.80942 -5.89971 -1.3155 0
0.402851 1.51893 -0.9892 0
0.612596 2.15566 -1.85122 0
0.5924 0.386961 1.89886 0
0.634179 -1.85712 1.62442 3.79474885084932e-15
0.245307 -3.11311 0.368744 2.39052702814868e-15
1.24686 0.0956485 3.08955 1.83697699164731e-14
0.220875 -0.607759 -2.36021 1.59846325129093e-14
0.717382 -1.54158 1.57986 0
0.0850067 -1.26774 0.771784 0
1.02724 -1.97958 -1.97608 0
0.489066 -2.45579 -2.41305 0
0.249861 -3.39821 -1.3174 0
0.0718169 -2.51171 -0.552557 0
0.681781 -4.17705 2.94947 0
1.04786 -4.17442 -2.5226 0
0.120686 -2.59576 -2.29501 0
0.339317 0.578112 -3.05504 0
0.259343 2.38745 -0.192484 0
0.211501 2.53137 2.44196 0
0.236526 -2.10007 0.433514 0
0.305704 -2.43472 2.32932 0
0.669361 -1.78862 -2.29583 0
0.477045 -2.37073 1.00214 0
0.257984 -1.34597 -2.56721 0
0.666294 -5.16422 2.90024 0
0.272762 -3.88946 2.2717 0
0.780761 -4.71567 2.14947 0
0.370685 -5.57249 0.986442 0
0.173747 -3.274 1.23908 0
0.907694 -3.60505 -0.311405 0
0.233506 -2.67305 -0.195915 0
0.486023 -2.62318 0.567524 0
0.691446 -2.0498 0.482035 0
1.14494 0.0294245 2.19932 0
0.437311 1.2687 2.48025 0
0.261801 1.31802 2.91434 0
0.567629 2.57359 1.82999 0
0.500449 3.29209 1.53511 0
0.165718 2.03799 1.48614 0
1.81578 3.44282 -0.399557 0
0.439044 4.00153 0.0259871 0
1.13167 4.83033 -0.201966 0
0.483104 5.48936 0.466715 0
2.28764 6.53511 2.29294 0
0.231666 6.13594 1.72644 0
0.308078 6.47842 0.380677 0
0.644726 7.20953 -2.16349 0
0.545929 7.18936 -1.32573 0
0.29168 3.78455 1.24562 0
0.351376 3.10323 -2.10584 0
0.228973 3.29584 -0.369834 0
0.240776 3.48402 2.12839 0
0.213113 3.7176 1.80488 0
0.62012 1.8998 -0.576144 0
0.263154 0.365317 -1.96624 0
0.476914 0.157796 -0.588845 0
0.248101 0.84687 -1.45679 0
0.36412 -0.281973 0.0607725 0
0.224672 -0.497027 -2.40107 0
0.260111 -1.26925 2.63651 0
0.475101 -1.1377 -0.57894 0
0.0822864 2.5806 1.91729 0
0.336578 3.05493 -1.85328 0
0.142105 -0.060577 1.87848 0
0.195047 -0.324939 2.33097 0
0.65448 -1.58831 -0.0831707 0
0.259213 -0.632661 -0.113709 0
0.17096 -4.44307 2.4794 0
0.267055 -4.39552 -1.9646 0
0.63642 0.417673 -2.55855 0
0.303656 -0.450459 -3.08069 0
2.66503 -2.49068 0.489386 0.194837035055022
0.348691 -2.45158 0.320504 3.58124553376153e-15
0.490084 -2.45972 0.639828 2.99778226134831e-15
0.986685 -0.173043 1.9055 0.00438251031029152
0.705624 -4.33153 -1.87877 0
0.264408 -4.89613 -1.0331 0
0.332679 -3.27023 1.8865 0
0.700756 -2.68528 2.61788 0
0.0949941 -3.49046 -2.05735 0
0.14192 -2.4664 2.16261 0
0.455697 -4.32646 0.667156 0
0.40928 -4.84564 -0.150162 0
0.437823 -1.33441 0.957196 0
0.0674709 -2.79146 1.23345 0
0.111728 3.17037 1.41513 3.05113587785219e-08
0.24911 3.79502 1.88888 5.19914223459227e-09
0.271124 2.42541 0.88208 0
0.471171 2.80865 1.35309 0
0.413187 3.20002 0.112657 0
1.28156 2.75705 0.469737 0
0.0574126 4.14363 2.06688 7.27702129501609e-06
0.0579302 5.05848 2.36972 4.1239927715666e-06
0.366281 -1.11038 -1.67964 0
0.640592 -1.43527 -1.30259 0
0.327219 -0.86089 -0.971327 3.25308335554477
0.131387 0.697759 -0.179634 9.02277436852338
0.63257 -1.31419 -2.77978 11.6626602034234
0.768333 -3.11566 0.707592 2.66085529738164
0.106597 -3.16158 -0.267674 18.3768195193592
1.01314 -0.879266 1.55746 61.6381169136167
0.797409 -1.29441 1.37003 56.5558120333704
0.163727 4.69445 0.650586 10.3376156910262
0.198079 3.75041 -2.2007 22.0058219544305
0.385214 0.429836 2.51342 39.8556392386622
0.174656 -0.345493 -2.33476 90.8657482667189
0.19395 -0.681113 -2.5955 0.00917274487862342
0.324314 -1.23603 1.2554 5.03462142842251e-09
0.466809 -1.58418 0.483857 2.33119811511339e-09
