0.603598 -0.559808 -1.90588 0
0.406522 6.63125 -1.80768 0
1.46172 5.46877 1.33772 0
2.35587 5.41367 1.4304 0
0.57889 -2.30487 1.03119 0
2.03909 -2.58356 1.35271 0
0.962281 3.90458 0.906828 0
1.33173 3.80188 0.819259 0
0.508327 3.73682 0.880474 0
0.286472 3.12148 0.11354 0
2.21566 0.0324293 -0.78247 0
0.893053 -0.0997716 0.589473 0
0.727049 0.758438 1.38142 0
1.03823 1.14079 0.697011 0
0.242478 1.77536 -0.000297617 0
1.27518 3.13149 3.0437 0
0.615028 0.898441 2.51407 0
0.414142 0.670822 -2.39411 0
0.572996 0.945136 -2.7026 0
1.68889 0.207591 -2.14704 0
0.0777879 -6.20552 -2.5644 0
0.137321 -5.83893 -2.31926 0
0.28092 1.42261 0.628101 0
1.57428 1.05526 -0.834461 0
1.8153 -1.59473 -1.59509 0
0.550945 -2.44338 -1.09469 0
1.25604 2.15662 0.926079 0
1.31325 2.04536 -0.153903 0
1.30531 2.57597 -0.0965604 0
4.90929 2.10994 -0.0691353 0
0.0545537 4.88152 -2.50004 0
1.16436 3.69868 -1.87131 0
0.248287 4.10733 0.714849 0
0.498422 4.81188 -2.42468 0
0.598529 6.76742 0.280512 0
0.510675 6.34988 0.643179 0
0.41482 -6.57819 -2.16375 0
0.536401 -7.24302 2.90606 0
0.276211 -6.77203 2.84586 0
0.438124 -6.50225 -2.89529 0
0.084188 -4.39756 -2.47419 0
0.501404 -2.1 -1.29074 0
0.821275 -2.52398 1.68769 0
0.817915 -1.6894 2.8856 0
0.503266 -1.6466 2.91786 0
0.457083 -1.94704 1.82358 0
3.14364 -0.338671 -2.88994 5.2753182524683e-14
1.00361 -0.477943 3.06885 5.24960988157594e-14
2.52459 1.03854 0.880672 4.39069151424225e-14
0.389663 1.22366 1.36425 3.30062851018719e-14
3.89053 1.11571 0.855441 4.34926992452709e-14
0.886504 0.889696 0.552194 4.9642280921459e-14
0.748984 5.88482 0.302736 0
0.330941 2.24862 -1.82949 0
0.351242 -1.27163 -2.75918 0
0.341233 0.446573 0.568424 0
0.306976 -6.65376 -2.32756 0
0.597289 -6.19289 1.53368 0
0.404709 -3.85754 -0.745144 0
0.217406 -5.01615 0.92722 0
0.340816 -2.81059 1.8829 0
0.372333 -0.601585 -1.15543 0
0.277581 0.545899 -2.78782 0
0.263776 0.674397 -2.84486 0
0.16646 0.622768 1.53114 0
0.434562 0.364883 -1.02588 0
0.697781 -0.876078 -3.00665 0
0.567762 1.60178 2.18376 0
0.326886 0.650176 0.8735 0
0.188626 -0.809455 -0.313133 0
0.482251 -5.31416 2.21054 0
0.290409 -6.66227 -2.38828 0
0.691888 5.76641 2.46257 0
0.394179 2.24273 -0.39019 0
0.213191 0.868106 -0.313309 0
1.72705 -4.25512 1.97349 0
2.13327 -3.99325 2.00625 0
0.446459 -4.17279 2.35581 0
4.81111 -4.06888 2.13883 0
0.576973 -1.73886 -0.943607 0
0.431916 7.42754 -2.35558 0
0.28067 7.2984 -1.42203 0
0.406603 -0.981313 -0.0814711 0
0.332028 -0.487903 -1.07772 0
1.76412 5.86671 2.27281 0
0.272866 3.71356 -0.0721929 0
0.642227 4.3048 1.38105 0
0.32538 3.81482 0.11176 0
0.499373 3.12177 2.62191 0
4.53624 -0.148715 -0.681301 0
0.759717 -0.0191 -0.258257 0
0.591802 -0.106074 -0.173642 0
0.779905 1.06007 0.229796 0
0.99762 0.882669 0.904707 0
0.264228 0.623829 -0.469623 0
1.24966 3.21627 2.87523 0
0.5096 3.14096 -2.53485 0
0.596632 2.1975 2.93473 0
0.101779 2.86222 -1.07559 0
1.17479 2.12056 2.25494 0
0.372709 -2.43106 2.97879 0
0.246224 -0.494728 -2.30454 0
0.679162 -3.30673 -2.37989 0
0.422519 -3.43007 2.00633 0
0.197269 -4.99588 -1.92902 0
0.772365 -4.76243 -2.29781 0
0.0424229 -5.7891 1.0836 0
0.715424 -4.42051 -2.14243 0
0.335983 -4.90705 2.63817 0
0.278126 -5.60922 -0.0878816 0
0.144994 -7.15304 -1.08395 0
2.36761 1.32039 -2.62781 0
0.380633 1.96919 -2.57209 0
1.93822 1.12631 -1.91505 0
0.460559 0.666481 -1.33145 0
0.436291 -0.222095 -2.0002 0
0.434372 -0.670562 -1.364 0
0.593703 -1.37237 -1.24819 0
0.385211 -1.10426 -2.0393 0
0.501069 -2.04111 -0.865458 0
0.748563 -1.56411 -0.00428998 0
0.30484 -1.11466 -1.51198 0
0.884133 2.5782 1.52508 0
0.447151 2.94014 -0.288488 0
0.45908 3.45167 0.169336 0
0.399959 3.78178 -1.01838 0
0.451399 4.07471 -2.35787 0
0.954928 4.84774 -0.926924 0
0.256472 4.34853 0.915784 0
0.407903 4.79635 -2.32231 0
0.190541 -4.58005 -1.94617 0
0.857037 -3.46974 -2.63181 0
0.0772787 -0.791112 0.310226 0
14.8833 -0.336931 -2.97956 5.23413177982316e-14
2.1801 -0.305015 -3.07101 5.15130495248065e-14
12.3572 -0.369189 -2.94152 5.27372483373671e-14
1.13659 -0.191392 3.01158 4.8143718593662e-14
0.162102 1.87017 2.32085 2.29005517597154e-14
0.334178 -0.668516 -1.69734 3.70459528030761e-14
0.803883 1.28246 0.24533 4.83945365966399e-14
0.395418 0.476883 1.48752 3.96332657739136e-14
0.653007 1.42986 -0.0765882 0
0.331372 1.61521 -1.03578 0
0.265352 0.878739 1.94513 0
0.169089 2.13615 0.365744 0
0.802105 1.93841 -3.09017 0
1.43661 1.18492 -0.560535 0
1.16088 0.47851 2.52038 0
0.400544 0.117055 2.1233 0
0.773751 2.55603 0.555501 0
0.560021 2.05221 2.72517 0
0.158677 0.972985 0.33871 0
0.699301 2.37733 -2.91608 0
0.55012 -0.742617 0.616038 0
0.331204 -2.12627 -2.3735 0
0.384303 5.2248 1.04502 0
0.110365 2.79983 1.68389 0
0.450751 -3.72584 -0.683793 0
0.351043 -3.67356 1.13935 0
0.230064 -6.84212 0.576512 0
0.598424 -5.92044 -0.480787 0
0.183036 -7.73049 -1.91562 0
0.780061 -5.39283 0.11411 0
0.260295 -4.20224 0.353721 0
0.855288 -4.56007 2.37244 0
0.64698 -3.8768 1.81323 0
0.505383 4.88581 0.474512 0
0.530181 3.92697 1.28785 1.26517615678667e-09
0.562288 3.93598 1.32886 1.58583330631185e-09
7.66413 -0.216098 -0.681612 0.00356446991207976
0.474165 -0.497589 -0.394356 0
1.37564 -0.0635878 -0.349725 0
0.404456 2.31428 2.82413 0
0.293031 2.44236 1.53384 0
0.111324 -2.06242 -1.74451 14.4830503452339
0.742296 1.61078 -1.75177 0
0.136452 2.27159 -0.486209 0
0.500346 -0.581368 -2.09432 0.989828400879796
0.518068 -0.636937 0.388764 0
0.434194 -1.01357 -0.223481 0
0.992229 1.81235 0.613918 0
0.164641 2.36454 -0.537938 0
0.0195067 4.44461 0.38739 1.82298483637078e-08
0.039749 3.7565 0.441381 1.29807423930565e-08
0.15295 -7.23476 -3.08899 3.09727456942554e-08
0.306067 -7.05619 -2.93027 1.7622545389158e-08
0.131896 -1.95208 -2.38576 8.90807160578661e-08
0.255926 -2.01579 -0.8374 6.31357619345569e-08
2.18142 1.01165 0.789237 4.25284023524002e-09
0.867883 0.908417 0.791322 4.26172058713593e-08
0.527942 1.04129 0.729483 2.47486689150358e-10
0.327553 4.85559 -1.03961 0
0.231591 5.64843 -2.62616 0
0.422881 2.19203 -2.50064 0
0.228713 2.43285 -3.1208 0
0.395208 2.30659 1.48912 18.9411220692361
0.122838 2.09337 2.52764 74.7776569702349
0.265846 -7.27205 1.38719 2.65973035004569e-08
0.2686 -7.67635 1.93763 1.97335350580764e-08
0.103145 1.85716 0.687883 50.7175181027213
0.287011 -2.79925 0.192859 0
0.137261 -3.12755 -1.93473 0
0.140214 -6.50833 -2.09989 0
0.366735 -5.7544 -2.0862 0
0.354269 -6.72112 -1.20438 0
0.126117 -7.5071 -1.84983 0
0.868429 -0.813953 -2.17024 6.86648167584766
0.0626273 -0.782628 3.09513 97.7970501039277
0.392314 -0.802723 -2.63802 1.01147484870588
0.123948 -1.50161 -0.625051 1.82199586184733
0.77326 1.23306 -2.7375 25.9881430803621
0.122814 2.1173 -1.8571 72.115212507429
0.195356 -2.94251 2.72881 1.28510553082044
0.25262 -3.05772 -1.22874 0.887879803812991
0.0238872 -5.71979 -2.65301 7.32591587398715e-06
0.0887408 -5.73737 -2.64412 7.12495573304215e-06
2.29786 -0.172822 -0.663253 25.0732578526952
1.86337 -0.340867 -0.557377 29.6436236043023
0.369921 -1.02208 -0.110596 1.38074076004464
0.0350456 1.23313 0.213662 12.3797636351107
1.15275 0.513935 -2.60194 3.85928271141453
0.502164 0.123046 -2.93024 9.99368006331638
0.215673 0.398319 -2.31465 40.6037205728143
0.151703 1.87873 2.27557 18.6511358256363
0.0721822 -2.75143 -0.796862 24.9343349879783
0.343471 -1.03863 1.36756 25.8688835873234
0.250217 -2.39937 0.0838688 5.65884732602597
0.081244 -1.39374 1.80412 45.3284809916896
0.3889 -1.75271 2.90453 1.74900973425055
0.175429 -2.68946 1.56581 1.55731745435405
0.381191 4.59636 1.50639 0
0.404744 -2.45697 -3.09386 0.827008516378166
0.204303 -1.80883 -2.88259 3.035525943259
2.02694 1.19278 0.705418 0.125911388879469
2.5598 0.900472 0.84511 0.0934607049330045
0.482478 1.56181 1.15506 0.349072385582969
2.43074 0.834716 0.774135 0.140613750177497
0.83784 3.12273 0.8326 2.21900419502568
0.231808 3.06787 0.377122 8.52277593539664
