0.274231 1.82288 0.214677 0
1.58968 -1.24924 0.967857 0
0.10231 -7.55735 -1.33578 0
0.434011 -7.12904 -0.108747 0
0.535963 -3.55658 -3.13489 0
1.85565 6.16945 -1.91296 0
0.310544 6.26427 -2.16117 0
0.479428 6.86026 -2.65537 0
0.504171 4.68287 -2.62485 0
0.62894 4.2816 1.52984 0
1.0702 4.22321 -2.41887 0
0.327877 3.67557 2.08394 0
0.923548 2.18367 1.97106 0
0.269987 3.44326 1.52325 0
0.377796 3.07291 0.591775 0
1.96896 2.31353 1.76013 0
0.599718 2.63685 2.00109 0
1.43544 1.01881 0.577942 0
0.0963809 2.1746 -2.86474 0
1.93496 0.732943 0.104506 0
1.11485 2.36818 -0.725665 0
1.27113 1.3901 -0.538979 0
0.662651 0.357518 -1.5558 0
0.286444 -0.0799477 -1.45355 0
0.335041 4.22418 2.97569 0
0.204978 4.3821 0.0138899 0
1.33025 2.88576 -1.68062 0
0.648366 3.2798 -2.00567 0
0.978297 3.72141 -2.7213 0
0.312854 0.942174 2.22222 0
0.357912 -0.154511 1.49292 0
0.359413 3.00867 1.07622 0
1.53338 3.29574 -0.743554 0
0.426027 4.74469 -1.56199 0
0.949167 4.46602 -0.983749 0
2.71831 5.32228 -0.351828 0
0.440059 5.03431 -0.90677 0
1.87848 5.06992 0.917741 0
1.33165 5.23791 0.704591 0
0.156271 4.95506 1.68408 0
1.48989 2.60052 1.80853 0
2.5275 -5.80802 -1.14593 0
0.6331 -5.21509 0.269095 0
0.771392 -5.02926 -1.92657 0
7.9859 -3.331 2.11407 0
3.22388 -3.48814 2.26481 0
0.247944 -3.99543 2.25623 0
0.47198 0.416572 -2.3656 0
1.61284 -0.858104 -2.82984 0
0.462589 -0.274492 2.73584 0
0.495128 -3.12735 -2.06917 0
1.1798 -3.22532 0.374384 0
0.426922 -2.36119 -2.41376 0
0.587697 -2.98406 1.82784 0
1.09603 -2.77449 -1.70975 0
0.287883 -2.52937 1.00748 0
0.402777 -3.32033 -3.11556 0
1.91334 -2.07074 -1.63418 0
0.214886 -0.0737841 -1.0468 0
0.316255 -0.859686 -2.38455 0
1.3091 -0.171704 -2.86996 0
1.48779 -1.04331 -2.84335 0
1.05931 -0.582144 -2.85027 0
0.173609 -2.32424 1.13994 0
0.337307 -0.616888 -2.22361 0
3.32501 -1.17426 -1.13269 0
0.154787 0.0874193 -1.94586 0
1.05613 1.46342 3.13295 0
0.945527 5.84303 -1.27188 0
0.261221 -3.34566 -1.10523 0
0.657998 -4.45629 -3.02903 0
0.30558 0.216127 1.01975 0
0.977603 0.49506 2.76487 0
0.886527 3.92488 0.264579 0
0.362922 4.43147 1.61415 0
0.929936 7.26298 0.55996 0
1.69928 -2.77983 0.4906 0
0.243813 -2.35822 -0.149963 0
1.0332 -2.60142 0.935576 0
0.905988 -3.39598 2.91631 0
0.462718 -3.09854 -0.422352 0
0.585131 -4.02453 -1.60648 0
0.875417 -4.30778 -1.51664 0
1.50978 -4.90074 2.39773 0
0.160322 -5.73509 3.13489 0
0.0690895 -7.37371 0.378401 0
0.77711 -4.48018 2.23639 0
0.173291 -5.6407 -1.66989 0
0.0497692 1.0373 0.94604 0
0.369666 2.89868 3.02908 0
0.592304 5.3241 0.00706386 0
2.82026 1.17837 -0.646252 0
0.806217 -2.22893 -0.558124 0
0.123353 -0.913764 2.8342 0
0.212352 -4.21111 -3.03103 0
0.433824 6.13458 -2.34479 0
3.68323 5.55778 -1.96214 0
0.501459 5.93233 -1.85187 0
0.125425 6.4226 -1.08963 0
1.6089 5.36674 -2.99404 0
0.566671 4.55716 -2.55871 0
0.794188 6.2207 2.34171 0
0.236591 5.48646 -1.82034 0
0.0146018 6.37855 1.72369 0
0.158986 3.78575 -0.490812 0
0.207409 2.3349 -0.0473739 0
0.316977 -0.0604798 -0.958271 0
0.524486 -1.40419 0.94528 0
0.538312 -1.68576 0.753623 0
0.407227 3.94356 -2.90533 0
0.36499 2.75946 -2.04201 0
0.311853 2.60038 -2.20701 0
0.329212 1.8701 -2.63897 0
1.00795 2.43177 -2.13914 0
0.660236 1.5025 2.62209 0
0.876245 1.25423 2.28486 0
1.34741 0.625442 2.0226 0
0.550186 -0.0337707 1.39045 0
0.612481 0.771476 -0.464569 0
0.25522 -0.559002 -0.49836 0
0.819291 1.74177 -0.87777 0
1.91259 2.03612 -0.675551 0
0.910799 1.30862 -0.4095 0
0.491476 4.34374 -1.19033 0
0.348643 3.37363 -0.611542 0
1.40184 4.54132 -0.534421 0
0.234835 3.61415 -0.115321 0
0.759388 5.80244 0.573823 0
0.800149 5.44964 1.58901 0
0.0735469 4.51369 2.12814 0
0.560096 5.29846 -0.352922 0
0.709035 5.14322 0.576417 0
0.119797 6.33995 -2.9221 0
0.810607 -4.64997 1.76048 0
0.295019 -3.68357 -1.12025 0
2.68342 -3.1494 2.11376 0
1.5442 -3.21589 1.82538 0
0.662106 -3.64242 1.6117 0
0.406533 -0.202618 -0.400526 0
4.68771 -0.952666 3.06275 0
0.379357 -1.76871 -0.629817 0
1.36801 -1.48994 0.128215 0
0.678225 -1.48147 -0.691801 0
0.357713 -4.59175 2.78708 0
1.15035 -6.80156 -0.387947 0
0.431495 -2.18404 -2.45691 0
0.594139 -3.06317 2.46667 0
0.191902 0.534071 2.5981 0
1.35357 -0.850461 -2.36295 0
0.0374995 -2.20994 2.8184 0
3.2587 -0.479492 -2.7795 0
1.236 -0.594603 3.07569 0
0.947885 -1.16099 2.72821 0
1.17828 -0.935936 3.02022 0
0.201456 -0.531464 0.0204218 0
1.25226 0.0631768 1.29129 0
0.640185 0.944441 0.524991 0
0.228036 1.23959 0.319725 0
0.176853 -0.269791 1.24963 0
0.353091 0.73138 -2.19322 0
0.576911 2.01517 -2.72874 0
0.291016 -0.784794 -0.246837 0
0.142544 -3.14255 -2.90531 0
0.552044 -5.61123 -2.34164 0
0.790101 -4.7821 -1.78314 0
0.262441 -5.82121 1.76122 0
0.169242 -5.21889 -2.5011 0
0.510101 -3.02249 2.99339 0
0.315246 -1.57809 -2.04593 0
0.361459 0.578157 0.244091 0
0.204286 1.62162 -0.67666 0
0.390381 2.30962 -2.97103 0
0.240161 5.68232 1.49921 0
0.284248 -0.369163 -1.28676 0
0.181279 -1.78088 -0.213476 0
0.0605372 -3.77908 1.93675 0
0.131029 -2.26437 1.87413 0
0.553921 -2.11742 0.337651 0
0.742386 -1.99208 1.04875 0
1.12609 -3.02304 1.11304 0
0.424319 -2.11267 2.64091 0
0.368918 -1.36135 -2.27446 0
0.174986 -2.84145 -1.54156 0
1.27094 -3.50157 -2.34159 0
1.3556 -3.84643 -2.19113 0
0.621655 -3.74191 -2.56291 0
0.230935 -4.47331 -0.227737 0
0.419501 -4.73405 -3.05922 0
0.200988 -3.62007 1.08387 0
1.09391 -5.31678 1.33461 0
0.398562 -5.18601 -2.17217 0
0.397452 -1.75537 -1.80017 0
0.481254 -0.745627 1.41766 0
0.416786 3.92543 0.149151 0
0.0821416 5.15605 -2.60899 0
15.6575 1.96457 0.3411 0.00410028074453726
1.39001 3.03865 1.02734 0
1.30745 2.91291 0.904582 0
0.438994 1.57581 -0.00531868 1.66736771319595e-07
0.568953 1.31703 0.104212 8.21446396634666e-08
0.113647 -2.52982 2.59537 0
0.226603 -2.12282 0.867817 0
0.150755 4.32886 2.55051 0
0.971661 3.46942 -2.70557 0
0.268472 -6.6833 -1.64289 0
0.322354 -6.28049 -0.925328 0
1.07369 1.21408 -1.6078 1.10913280317296e-07
0.654801 1.49296 -1.39656 1.27928897808734e-07
0.947226 -1.27197 -2.22925 0
0.342347 -1.40645 -1.43294 0
0.239938 -4.06395 -0.0916591 1.84159236685808e-08
0.355795 -4.21414 0.306862 2.99499821633695e-08
0.400201 2.19837 -1.10509 0
0.113688 3.20184 -1.69829 0
0.0702424 -2.96846 1.80258 0
0.263261 -0.776605 -0.637087 0
0.545958 -1.57823 -0.0891634 0
1.88708 -1.50004 0.0960802 0
0.284053 -2.09469 -0.992919 4.68160056655308
0.79313 -1.95876 -0.27456 2.80522284567393
1.08026 -1.8594 0.429746 0
0.301222 -1.91103 0.4406 0
0.646425 -2.60601 0.491399 0
0.897619 -2.24227 0.762839 0
0.425191 -2.47061 1.39851 0
0.431658 -2.18528 0.933689 0
0.32597 -4.01122 1.12935 0
0.665175 -3.60628 1.97526 0
0.0910702 -0.34011 -1.49705 0
0.379133 -0.991225 0.0179129 0
0.331481 -4.50943 2.93832 3.05506898128745
0.586873 -3.61571 3.03063 4.21736712709227
0.288485 0.596578 -0.0157782 17.1739940055349
0.297224 1.3946 1.15703 9.1747383681921
0.163835 1.78051 -0.582336 21.9391533388753
2.00375 1.56507 -0.567583 2.2066966415865
0.425686 -3.22242 1.74817 9.61480523907238
1.06182 -3.26112 2.33246 3.71498178476821
0.0178823 3.29621 -1.81815 1.52081820562584e-05
0.0855314 3.10673 -2.52129 4.72846102323653e-05
0.224873 0.441265 -2.14394 6.69005205865648
0.166128 -0.303569 0.708588 9.50143650161991
2.97651 1.4937 2.92037 0.925355303035883
0.349672 1.54404 3.1315 7.48735453288698
0.224565 -5.97009 -0.952796 2.2677341525679e-06
0.0600396 -5.95747 -0.946021 2.44563529532091e-06
0.272389 -4.5678 2.58596 0
0.291984 -3.92156 -0.357371 0
