0.190843 4.27947 2.32987 0
0.282731 3.47804 -1.83111 0
0.565057 4.70419 -0.446929 0
0.818284 -0.51547 0.142727 0
0.104912 -1.45895 2.04804 0
0.347653 -0.958466 -1.01306 0
0.271755 -4.08909 -2.35393 0
0.595778 -4.46298 1.88719 0
0.568559 -4.65122 0.793385 0
0.899225 -7.61137 -1.32453 0
0.131658 -4.28719 2.25766 0
0.127215 -4.03129 1.71091 0
0.419107 1.65808 -2.53978 0
0.259272 2.37165 2.39681 0
0.350837 2.34729 0.995604 0
0.432688 5.55302 1.07213 0
0.201416 5.03916 -2.08882 0
0.475246 7.65119 -1.66804 0
0.31309 10.1257 0.757583 0
0.399296 2.28963 -1.30892 0
0.572641 -2.19723 2.29055 0
0.293321 -3.53585 1.61892 0
0.131672 -4.19744 -1.89643 0
0.372272 -8.18458 -0.680586 0
0.987959 -8.1673 1.91042 0
0.339812 -7.44294 2.45153 0
0.0956319 -8.40878 1.1235 0
0.399433 -5.91981 -2.03038 0
0.167698 -6.09933 0.176738 0
0.257683 -4.28604 3.0304 0
0.534084 -3.49117 -0.200214 0
0.337905 -3.55078 -2.16101 0
0.179049 -4.36242 2.533 0
0.466084 -3.1665 -3.02745 0
0.222311 -4.33251 -0.41219 0
0.268898 3.75096 -0.904796 0
0.349767 3.01034 -1.42087 0
0.530714 3.25203 -1.92837 0
0.0960242 -0.16203 -2.17326 0
0.252466 -1.86611 -3.13588 0
0.39824 -1.13193 0.441836 3.41613454721955
1.07093 -2.26848 2.46418 1.51601912022477
0.116375 -8.64688 0.469638 3.87180099431818e-07
0.0521308 -10.188 -1.45756 1.55781448908715e-07
0.291051 6.20085 1.22404 0
0.542852 6.58534 0.612225 0
0.292914 0.433489 -0.886533 77.1357871958863
0.462237 -0.388723 -0.153738 49.6335105240745
