0.288424 -4.11673 2.03839 0
0.156312 -4.728 -2.62337 0
0.698931 3.54509 -1.98265 0
3.88204 0.145655 0.199959 1.24097709178153e-13
0.378294 1.13679 -0.488878 8.60042010764963e-14
4.82385 -1.51605 2.2689 6.13411913086982e-14
1.79466 -1.69105 2.72084 6.33033795766091e-14
1.32323 1.00761 -1.22387 0
1.78795 2.53931 -1.31001 0
0.911517 2.01962 -0.607999 0
2.3848 2.14496 -0.766171 0
1.98405 1.318 0.917004 0
0.416151 2.68609 -3.08596 0
0.251193 1.41007 2.28212 0
0.562572 0.352424 -3.1249 0
0.719591 1.03747 0.0925475 0
0.768584 -0.513395 3.04415 0
0.476738 0.0521453 2.80371 0
0.322311 0.693452 -1.99071 0
0.474676 -5.36602 -1.51826 0
0.058805 -5.74332 -1.44233 0
0.178197 -5.43924 0.955969 0
0.137469 -6.19447 1.90913 0
0.274079 -5.0277 1.11712 0
1.04305 -3.64573 0.814288 0
0.573227 -1.87032 -0.114087 0
0.492295 -2.00936 2.34302 0
1.10409 1.07446 -1.16156 0
2.09779 1.15166 -1.4757 0
0.395643 -4.24493 0.47909 0
0.651097 -2.93363 1.95794 0
0.308802 2.29276 -0.493765 0
0.280322 6.76841 2.9049 0
0.788626 -3.08564 -0.410058 0
0.563447 -3.16925 0.567444 0
0.375745 -4.01773 0.129427 0
0.349884 -2.96325 0.665195 0
2.203 -1.67594 -2.80203 0
1.22941 -1.52491 -2.68177 0
0.242976 -1.36243 -2.95523 0
0.17664 -5.2097 -2.8025 0
0.379625 -4.00859 1.81751 0
0.630189 -3.28838 -2.77138 0
0.540912 -2.24277 -0.509374 0
0.824219 2.3942 2.88548 0
0.502618 5.57535 -0.642987 0
0.614973 5.70937 -3.03162 0
1.13808 -5.39373 0.532952 0
0.574115 -2.1538 -2.35231 0
0.671865 -0.983258 0.583759 0
1.07758 0.100673 -2.14395 0
0.362044 0.88901 2.2914 0
0.765128 0.659354 -2.74737 0
0.309122 2.39769 1.77926 0
0.391771 4.21217 -1.81011 0
0.454701 6.63304 0.665915 0
0.899875 5.06073 0.592952 0
0.781065 5.40785 2.16726 0
0.330815 5.79513 2.70584 0
0.7024 5.09196 2.79646 0
1.37097 4.71294 -2.32627 0
0.558237 -7.98726 -2.63455 0
0.189489 -4.97497 1.22502 0
0.47319 -4.11802 2.72943 0
0.404257 4.64833 0.937697 0
0.409141 4.24702 -2.11673 0
0.253693 2.06581 -1.99732 0
0.13416 0.0253094 1.00701 1.22024085310635e-13
0.897451 0.111667 -0.520799 1.24498801753963e-13
0.32029 0.367174 -0.0848382 1.22806628541455e-13
0.910559 0.245917 -0.695918 1.22738107482734e-13
0.323638 -0.375252 -0.602131 1.12338891816722e-13
0.315565 -1.11812 2.15626 7.73191636730749e-14
3.24045 -1.60489 2.55089 6.3581659544985e-14
0.280302 3.53354 -0.584506 0
0.434972 2.83685 1.89661 0
0.330166 1.0453 0.431503 0
0.434553 0.750132 -0.701569 0
0.451138 0.541637 -1.95998 0
0.746169 -0.935724 0.381312 0
0.262902 1.44309 -1.76063 0
0.271242 -0.625544 1.78955 0
0.362425 0.93177 -1.64442 0
1.0548 -4.85617 2.11595 0
0.276466 -6.18172 0.00445171 0
0.821673 -6.62916 -2.47289 0
0.391544 -5.79067 -1.87311 0
0.612245 -5.69551 2.57263 0
1.2033 -4.19379 1.44318 0
0.41851 -4.61849 0.355841 0
0.845227 -2.83161 1.73244 0
0.560019 -3.55395 -2.59693 0
0.426399 -1.93526 -1.19927 0
0.827996 -0.993597 -2.52513 0
0.328258 -1.36126 -0.0769016 0
0.943792 -0.788379 -1.39564 0
0.118926 0.845597 0.687931 0
0.436787 -0.721176 -1.16322 0
1.47794 -1.15016 1.19145 0
0.06316 -0.260649 1.15291 0
0.107864 -0.474257 -1.36113 0
1.15805 -0.242617 1.8397 0
0.802771 1.36575 -1.48333 0
0.777815 1.38674 -1.81171 0
0.233268 -0.010061 -0.32958 0
0.442333 5.39118 -2.88258 0
0.582716 6.47041 0.0251749 0
0.475341 -2.68505 0.893698 0
0.604517 -2.51159 -1.44923 0
0.165167 -3.34857 2.25359 0
0.621657 -2.39588 -2.21402 0
1.01828 -2.10068 -2.14046 0
1.00056 -1.82928 -2.71646 0
0.370646 -3.46779 2.74842 0
0.270591 -2.675 0.051725 0
0.179555 0.141646 -1.75688 0
0.264034 8.08061 -0.631108 0
0.355835 9.67133 -2.73171 0
0.0625557 8.03106 1.49439 0
0.0996835 -5.55375 -1.44464 0
1.24525 -4.62032 0.75957 0
0.3942 -4.89779 -1.66008 0
0.18038 -1.602 -0.465761 0
0.167671 -4.07447 1.79541 0
0.413651 -3.04639 0.328964 0
0.755613 -1.93384 0.741827 0
0.582009 -1.76258 -2.16054 0
0.259243 -0.384258 -3.00524 0
0.428387 0.606814 0.342619 0
0.342384 1.24126 -1.69029 0
0.559976 1.52969 -3.09317 0
0.364592 2.64775 1.18281 0
1.07357 4.44465 2.66684 0
0.219638 6.30537 0.348363 0
0.727262 3.9236 1.96845 0
0.388364 0.834623 -2.46354 0
1.24209 0.450786 2.9581 0
0.457905 -5.85896 -2.42148 1.09876661140463e-07
0.108694 -6.37184 -2.52463 7.88453832718878e-08
0.192613 2.43811 -2.79332 0
0.230753 2.44242 -1.87663 0
0.2453 -0.150984 -2.04431 1.24251631472489e-13
0.272084 0.771041 -1.05984 9.53928945969306e-14
0.445794 -0.843446 1.55347 7.994895254263e-14
0.0228167 -4.15049 0.484479 2.61581683211302e-14
0.280603 2.8989 -0.666629 5.91927629324948e-09
0.201165 2.28877 -1.12791 2.18205361336125e-08
0.385062 1.2014 -0.579333 0
0.661599 1.96754 -0.197289 0
0.0977968 -0.207201 -0.832503 0
0.232979 0.495862 -2.40213 0
0.116315 -3.83821 -1.86779 0
0.260969 -2.02155 2.27387 0
0.864311 -2.43771 -1.66523 0.874032469828795
0.122778 -2.63978 -2.53692 5.0289164713859
0.448149 -2.98559 -2.58742 5.02156772676329
0.0393441 -4.14744 2.66325 0
0.298758 -2.34812 2.60671 0
0.0998047 0.0292705 -2.07237 0
0.0164934 -2.15903 -2.12811 0
0.231965 1.797 -1.22277 0
0.59347 2.07385 -0.49304 0
0.584011 -5.19127 0.405378 0
1.00941 -5.45598 0.436959 0
0.946341 -5.33863 0.500176 6.40323950283873e-09
0.728054 -5.49506 0.468949 1.69621658983398e-08
0.133202 -4.57497 -0.13501 0
0.251142 -5.01973 0.11491 0
0.135568 -2.27677 -2.55977 0
0.314673 -3.65275 -2.97963 0
0.314165 2.58866 -1.92652 0
0.206234 1.99413 2.10914 0
0.346265 3.61457 -2.21952 0
0.1739 3.21668 -3.056 0
0.249749 -1.849 -1.82638 8.83457510184683
0.454481 -0.699284 -1.83615 12.6393719341489
0.0846048 1.61319 -0.0957424 9.06423829606078
0.503728 2.17125 0.438556 0.901388873099669
0.188483 -2.17877 1.37339 12.522748243788
0.140027 -0.672604 -0.112752 61.1920843646696
0.192599 0.674377 -2.08769 15.817895460369
0.284409 0.290615 -0.030192 12.6826694405032
0.598101 -2.87325 0.672743 9.4499614469068
0.208181 -3.89371 0.190851 9.82713750135243
0.0689143 1.66811 0.125351 4.38574422726732e-06
0.0255388 1.61635 0.131587 4.51185522259706e-06
1.7491 0.844736 -3.00171 2.44643080741064
0.18515 0.967226 2.80836 21.2518351926156
0.479353 -0.428761 -0.68518 22.0435705216476
0.371316 0.233264 0.0290102 30.2728976077935
1.10851 -0.285561 -0.653583 22.2366955505272
7.1151 -0.182667 -0.659535 3.54165565596425
0.153232 -0.223545 -3.11214 47.8898539840416
0.0395637 -3.33336 -0.993378 13.6060664352914
0.13933 1.28332 -0.516578 14.4696706549694
0.293618 -0.254899 0.6817 12.9229740119057
0.323015 2.62734 1.48839 5.18376430187836e-06
0.139092 2.66058 1.4971 4.04553061357324e-06
0.558995 -5.4318 0.779324 4.14690322211647e-07
0.809889 -5.53537 0.440079 1.09928168671074e-07
