0.478868 -6.86381 -0.698662 0
0.481457 -8.15118 2.53443 0
0.681872 -5.38857 2.08102 0
0.184059 -2.44215 -2.55725 0
3.00119 -1.47764 1.53376 1.94707788417832e-13
0.611886 -2.20162 1.20923 1.02387736418721e-13
0.0512347 -2.85779 2.76161 0
0.343682 -3.48333 -1.69141 0
0.254617 -0.783977 0.631951 0
0.0346754 -4.98982 -0.435287 0
0.364919 -3.87405 -2.50616 0
2.08458 3.78772 0.978689 0
0.0712419 5.56205 -1.57031 0
0.585819 3.37404 -1.34382 0
0.653692 4.80914 1.31885 0
0.564725 5.28077 1.53721 0
0.0912614 7.17975 0.962601 0
0.34638 -3.57934 1.27565 0
0.123069 -7.2422 0.263599 0
0.0726148 3.30084 -1.45285 0
0.600397 3.17385 2.70395 0
0.400563 0.646798 -0.000474041 0
0.162775 0.160988 3.05394 0
0.907394 -0.895294 0.64072 0
0.0975419 -0.31117 2.89663 0
2.81704 6.11597 -0.0216319 0
0.359524 5.308 3.00737 0
0.452927 5.89894 -1.8556 0
0.696394 6.5182 -1.22833 0
0.1745 6.79875 -1.37234 0
0.54332 6.12163 -3.13731 0
0.509048 6.54114 2.04543 0
2.37554 4.68523 -0.115186 0
0.861694 4.26213 0.480877 0
0.215499 3.97073 1.21733 0
0.421397 4.7822 -0.837542 0
0.138805 6.04431 1.00714 0
0.134835 4.84666 1.01013 0
0.27749 3.349 -0.8064 0
0.587729 5.04435 -1.77613 0
0.379495 4.89097 -2.16282 0
2.47837 -2.02921 1.47244 1.20192295522903e-13
2.24514 -2.29243 1.43635 9.5278576254993e-14
3.38657 -1.69047 1.71019 1.62182134693466e-13
0.79778 -2.40611 1.7389 8.65746569050332e-14
0.240879 -2.39327 1.19266 8.64926379689586e-14
0.981422 -2.37351 -1.64622 6.93239785618778e-14
0.537114 -1.56618 -1.21651 1.62302837546781e-13
8.85487 -1.90863 -1.45684 1.14493891587175e-13
2.25444 -1.90637 -1.56259 1.14813025975173e-13
0.385194 1.74543 -1.10103 0
0.425315 1.38525 0.155651 0
1.04639 0.985362 -0.432702 0
0.463701 -0.703093 -0.562535 0
0.625926 -0.883736 -0.985414 0
0.116159 -4.03915 -0.446295 0
0.955705 -1.74946 -1.45094 0
0.130545 -3.11519 -1.56896 0
0.260583 -2.3453 -2.79362 0
0.693061 -1.64126 -2.93873 0
1.74122 -1.88807 2.91837 0
0.744705 -5.09907 -1.092 0
1.80144 -1.14349 1.77882 0
0.126892 -2.64161 0.551194 0
0.761264 -1.87257 2.24071 0
0.636457 0.376849 -2.91413 0
0.362902 2.28343 2.11276 0
0.455929 1.03651 2.58348 0
0.53822 2.38639 -2.2862 0
0.0378565 5.536 -1.00678 0
0.24928 3.40734 2.98186 0
2.14166 2.87988 -2.30459 0
0.725198 4.01351 -2.79215 0
0.29005 -8.61718 -0.475335 0
0.366052 -5.94952 -1.18403 0
0.404522 -6.10674 2.43463 0
0.332139 -8.4793 -1.40973 0
0.51416 -2.66392 0.274012 0
0.352604 1.40527 -0.850303 0
0.576055 0.367038 2.47327 0
1.46016 0.491098 0.960482 0
0.295272 0.471887 -1.60092 0
0.915007 0.0851226 1.09264 0
0.423465 -2.4671 -1.12612 0
0.101685 -3.7017 -2.20292 0
1.17068 3.4433 3.09931 0
2.57666 -1.40444 1.78913 2.07155074949212e-13
2.03129 -1.16294 1.56709 2.52023428569297e-13
0.19646 -0.512685 1.73913 3.82412758936422e-13
0.851192 0.827286 -0.483583 0
0.991498 0.418736 -1.02728 0
0.155604 -5.28325 -2.93257 0
0.320252 2.51758 0.770526 0
0.268943 2.21755 0.598381 0
0.100256 5.06151 1.09445 0
0.234477 3.72032 -0.374688 0
0.517619 5.46106 -2.35221 0
0.252251 4.52157 2.66549 0
0.0839076 6.05627 2.72942 0
0.717044 6.16529 -0.125288 0
0.739038 6.7754 2.44888 0
0.206602 6.77464 0.686452 0
1.29655 -2.07638 3.05076 0
0.595554 -2.75264 -2.83111 0
0.836542 -3.79484 -2.63261 0
0.130533 -4.87297 -2.04578 0
0.212793 2.89311 2.25665 0
0.315351 3.07418 2.15767 0
0.312561 1.06975 -2.917 0
1.48762 6.3525 0.18215 0
0.330028 7.26881 -0.159861 0
0.431699 5.4911 2.26812 0
0.93287 -1.87084 1.29365 1.37735448727051e-13
2.91445 -1.99891 1.70608 1.23683701532369e-13
2.05225 -1.77964 2.07429 1.49375166664647e-13
0.603552 4.44791 -2.65395 0
0.19952 4.39154 1.18182 0
0.0334306 4.88889 -0.238393 0
0.0860181 2.02954 -0.73797 0
0.947071 0.765774 -1.17796 0
0.350449 1.88415 -1.51602 0
1.25412 0.0581779 -0.502229 0
0.151705 2.31406 -2.00968 0
0.670404 -0.0068154 -1.02174 0
0.185317 0.0022744 -2.28986 0
0.401371 -0.321171 0.426072 0
0.317245 -2.85584 -1.05288 0
0.87712 -4.1821 -0.402896 0
0.600318 -4.62385 0.308834 0
1.49653 -2.86613 1.12939 0
0.407379 -2.53225 0.984836 0
0.464209 -1.79986 1.10644 0
0.0848738 0.377952 -2.40825 0
0.406783 -2.10729 2.30296 0
0.277372 -1.42359 0.959974 0
0.894845 -0.854489 2.27601 0
1.10936 -0.455849 2.83162 0
1.22147 0.21963 -3.00538 0
0.376228 -0.110875 2.28063 0
0.323647 0.194309 1.60292 0
0.912562 0.292062 3.10828 0
1.04643 0.151438 2.15594 0
0.0827789 -2.19545 2.59081 0
0.235612 0.962415 -2.67718 0
1.61629 0.19954 2.29079 0
0.843419 1.53677 2.74153 0
0.237884 0.469361 1.89733 0
0.444031 -7.2927 0.795683 0
0.363061 -6.55381 -2.7082 0
0.23867 -3.61864 -1.76934 0
0.130158 -7.11868 2.5128 0
0.377718 -0.634478 1.90765 0
0.673521 2.49817 1.2327 0
1.11498 1.28365 0.758562 0
0.232814 0.967532 2.11158 0
1.12302 1.32823 1.05722 0
0.371063 0.600114 -0.458336 0
0.24085 3.81298 1.27324 1.21591435856598e-10
0.182019 5.40138 1.01783 3.92154152149797e-08
0.186891 5.16772 2.27846 2.48764619009645e-08
1.00454 4.45888 0.185996 0
0.214107 4.88201 0.103185 0
1.43016 4.53092 -0.0815683 1.14342875993341e-07
2.0484 4.50392 -0.237505 1.00083150108187e-07
0.393639 -1.75766 1.59434 1.53081713673057e-13
0.242522 -2.06571 0.975283 1.14534437358513e-13
1.10088 -2.35582 1.24444 0.650924302634941
0.695788 -1.3325 -1.83843 2.02983259013468e-13
0.176705 -1.7843 -2.83104 1.38216705359878e-13
0.135776 -2.17334 -1.16219 8.69901501447894e-14
1.76604 -2.17453 -1.51306 8.61789471938007e-14
13.0868 -1.95522 -1.48941 1.09035367955562e-13
7.90778 -1.90301 -1.49187 1.15178189202368e-13
0.233124 -5.39537 2.5887 0
0.258682 -5.0354 1.47714 0
1.24537 -1.34892 2.46787 0
0.351838 -0.683879 2.68634 0
0.262184 -1.36457 -1.9111 1.69589321632018e-07
0.0416379 -1.31634 -1.99858 1.58941574306815e-07
0.232931 2.57265 -2.13606 0
0.192647 2.27895 1.10332 0
0.863745 2.93281 -2.51113 8.21286172253527e-08
1.77588 2.83414 -2.42051 7.62715144115693e-08
0.599348 3.15225 2.52258 0
0.300047 3.92763 3.08148 0
0.220562 -5.09351 2.56131 8.86911103633884e-08
0.0105991 -7.55446 -1.35023 1.46905466360835e-08
0.102108 -4.9768 -1.86828 0
0.303165 -3.14126 -3.09615 0
0.0622645 -2.81597 -0.38947 0
0.111591 -3.79825 -1.42993 0
0.146062 -0.613559 0.783561 0
0.415927 -1.37647 1.41013 0
0.141262 -2.62577 -0.447628 0
0.407814 -2.5089 -0.696465 0
0.211175 -2.38354 0.975587 12.5661803843
0.202938 -1.86278 -1.47997 21.6576515385846
0.293338 2.35562 -2.03637 52.3453645271984
0.3453 2.04119 -0.681367 60.291959983234
0.461334 -3.55995 -2.97629 4.4944382391482
0.275123 -3.19245 2.2182 10.8399569080306
0.616081 2.1633 -2.45074 0.347817015213354
0.0870311 2.48144 -0.946667 1.7995398355421
0.958994 3.72305 1.32365 0.00182121752823803
1.70083 3.59589 1.34978 0.00380182277918727
0.177979 -2.90811 -1.32695 8.06279952734844e-08
0.0237493 -5.08781 1.94964 9.95744464037708e-08
