1.57464 -1.26413 1.43579 0
0.473124 0.19773 1.87629 0
0.340019 -0.612359 1.68698 0
0.227328 0.0174958 0.174729 0
0.454052 4.21657 -2.14825 0
0.28474 4.72157 -0.265602 0
0.84219 8.41445 -2.13354 0
0.546605 3.25863 -0.8622 0
0.422359 0.0633472 -2.19355 0
0.354925 -0.897588 -0.676161 0
0.544483 -0.350305 2.02726 0
0.154053 -2.56514 -0.227688 0
0.700174 -1.41213 2.23074 0
2.30308 -0.922594 2.59451 0
0.735953 -5.70102 2.51277 0
0.288713 -2.91847 0.979719 0
0.319655 -2.18324 0.0183321 0
1.65855 -0.196952 -0.986902 0
0.975531 -1.72433 -0.788824 0
0.679836 -4.37582 -2.59212 0
0.658979 -9.50083 1.70369 0
0.651572 -0.360239 2.29593 0
0.575601 0.147793 1.04744 0
0.440095 4.03314 -1.84283 0
0.577508 3.77891 2.85282 0
0.522899 7.14005 2.51163 0
0.158287 6.2931 0.80122 0
0.0953608 11.3653 2.1773 0
0.247259 8.04057 2.10429 0
0.396536 5.68048 -0.885283 0
0.126525 4.55943 1.29759 0
0.288956 5.65435 -1.89149 0
0.194969 -1.83651 -2.55122 0
0.362685 -2.03636 2.07182 0
0.294374 -0.178063 2.91403 0
2.13363 -0.741088 2.28164 0
0.719324 -2.94875 -1.97106 0
0.449441 -2.29888 1.48473 0
0.24074 -0.776558 1.23524 0
0.222891 -1.42079 -0.258382 0
2.0122 -0.416853 -0.644033 0
1.84834 -1.17486 -0.799261 0
0.778553 -3.265 1.11951 0
0.934549 -3.91958 -0.280768 0
0.20192 -2.66335 2.54892 0
0.562784 -5.60841 -2.25964 0
0.213185 -4.73188 -0.705792 0
0.371088 -6.64427 -2.29144 0
0.525234 -7.63871 -1.39291 0
0.793197 -1.01404 2.29047 0
0.316653 -1.50087 2.30777 0
0.207926 1.87725 1.71835 0
0.204247 1.68512 -0.210716 0
0.0821968 -1.6003 -0.281559 0
0.23567 -1.47359 1.47546 0
0.885703 -0.825072 2.5661 0
0.791383 -0.804718 2.15833 0
0.0587298 -5.76026 2.28128 2.36701435148669e-07
0.307032 -5.3006 0.717698 2.60282114358773e-08
0.531865 -1.11282 -0.919847 39.3792324740171
0.524965 -1.33358 -1.39724 2.16055431675694e-07
0.778538 -0.971052 -1.60019 1.34561407943017e-07
0.101444 -6.6034 2.68855 0
0.343733 -5.39237 -1.33181 0
1.25902 -0.784479 -1.57506 2.10910464237284
0.35676 -0.471593 -1.39746 8.85509695667775
0.0937141 -3.10437 0.754475 18.4742938716302
0.429819 -3.02257 -1.35295 4.38730750696862
