5.96911 3.57102 0.216915 0
12.9935 1.15342 -2.08925 2.62467885655328e-13
3.5399 1.24296 -2.19434 2.41309975638076e-13
8.26416 1.21219 -2.10405 2.43317421413171e-13
1.82172 0.901113 -1.35376 3.60163640974421e-13
1.3847 1.1589 -1.3192 2.6625670418893e-13
1.5618 -0.236337 0.0971278 6.5294615836987e-13
2.17648 -0.330871 0.82209 5.91336062786123e-13
16.5097 -0.383817 0.805058 5.74823531498943e-13
2.4686 -1.56621 2.0965 3.37797416393813e-15
1.58232 0.0545479 -0.386597 3.69195104426345e-14
1.22151 -7.02822 1.46614 0
0.330211 -3.93972 2.0326 0
0.421252 3.9219 0.392747 0
0.842962 0.472937 -2.06325 4.03177532656264e-14
0.783012 0.31134 0.383161 4.43599918609266e-14
0.808394 -0.324784 2.79651 3.96728210637399e-14
3.47013 -0.102456 2.73836 4.41928308392271e-14
0.549249 -2.40223 1.4947 0
0.66829 -2.3228 -0.261349 0
1.44025 -5.10227 -1.98242 0
0.132248 -6.97764 1.29497 0
0.0619683 -6.48489 -3.07107 0
0.765929 -7.27265 -2.22171 0
0.155294 -8.83934 -2.41617 0
0.351683 -2.12191 0.236741 0
0.175225 -1.73247 1.61236 0
0.29978 -1.28307 0.615308 0
0.692289 -1.47549 1.49701 0
0.0889068 -3.2838 -2.04329 0
0.508384 4.30877 -1.71911 0
0.490761 4.41225 1.03958 0
0.3596 5.62521 -2.04937 0
0.997363 -0.0400465 -1.46319 0
0.70133 0.187145 -0.642415 0
0.383033 0.582054 -1.00857 5.12292432732377e-13
3.65126 0.808424 -1.46409 3.91462647451671e-13
1.25391 0.947307 -1.34496 3.42526803779647e-13
0.785736 0.052369 0.475948 6.78575875863455e-13
0.189912 -1.39297 1.50937 1.70072166314308e-13
0.89495 -1.65829 2.07883 2.13077418843958e-15
0.142929 -1.72823 -2.67692 1.68439113214864e-14
0.293452 -2.82485 2.25104 8.06351122826322e-15
0.215364 -2.73098 2.05549 7.61074646460428e-15
0.146183 -8.84991 -0.665691 0
0.479154 -6.48961 -2.6911 0
0.685166 -6.33056 0.98618 0
1.17318 -6.16587 1.12249 0
1.06991 -5.95007 2.3508 0
0.449785 -4.83957 1.66287 0
0.549678 -4.16509 1.76996 0
0.291053 -4.72901 0.981834 0
0.395273 -3.77106 -2.84359 0
0.701658 -3.86364 1.03212 0
0.467015 -2.95487 1.48964 0
0.965222 -3.36016 2.34542 0
3.1498 3.46254 0.0323493 0
1.48939 3.29588 0.010002 0
1.68653 2.37482 -2.26741 0
0.439778 -0.172156 -0.747458 4.71675009780189e-14
0.410379 -0.551229 0.0212835 4.54158117550394e-14
2.04969 -0.340934 -0.316019 4.76611607072361e-14
0.108655 0.951836 -2.43783 3.35859482074347e-14
1.37015 0.273678 2.45599 4.76746286633272e-14
0.0759032 -0.742674 -2.76849 3.55833999071227e-14
17.2711 0.0704992 2.74557 4.66255921804825e-14
14.5061 0.0325159 2.75556 4.62293805675773e-14
0.38861 -0.174184 2.25356 0
0.269607 -1.20699 -0.352941 0
0.311507 -3.05916 -3.04844 0
0.370628 -2.92151 0.639977 0
0.688353 -5.05841 0.502334 0
0.213796 -7.32912 -2.90352 0
0.216958 -5.40283 -0.439185 0
0.581952 -6.62622 -2.57968 0
0.425263 -1.4774 0.569587 0
0.847655 -2.05331 1.75051 0
0.0806503 -1.39217 -0.525675 0
0.107236 -3.19377 -1.08119 0
0.315786 -0.722602 0.462122 0
0.27809 0.743778 1.24718 0
0.136876 2.92609 0.338709 0
0.207451 3.82477 0.732721 0
0.341092 5.73898 2.86932 0
0.382023 6.79962 0.440925 0
0.29727 8.60095 -2.06221 0
0.456899 1.06529 -1.13111 0.110778728973779
0.983058 3.55615 0.479626 1.2528697609929e-07
1.11114 3.37793 0.40938 1.43459950843601e-07
0.835545 2.46292 -1.76468 0
0.582441 2.66187 -2.38369 0
1.57323 -0.70897 -0.366374 0.123328014610509
5.07288 -0.931049 -0.298883 0.0153572897578648
0.0653422 1.68814 2.27387 3.05675319293295e-14
0.197847 -0.156086 0.375345 4.76593823389747e-14
1.22051 0.553251 -0.762472 0.06555307245226
1.72736 -2.2449 1.08855 0
0.778164 -1.97629 1.13242 0
0.0207054 3.21358 -2.18104 3.75394571006369e-08
0.0433417 4.08355 -1.68211 2.0250322198751e-08
0.0241454 9.43522 -0.0351709 1.97848807009659e-08
0.342161 8.23921 -0.668356 8.50430522305776e-09
0.146552 -3.67354 1.73805 1.93314919508207e-05
0.593778 -3.68459 1.72928 2.13205696149673e-05
0.349329 3.26805 -0.707299 1.20021246311203
0.832642 2.59899 -0.364966 0.982061715659438
0.0950751 -1.42078 2.27588 30.8470110898385
0.895256 -1.25251 1.41275 3.7747863649635
0.0566128 1.14592 1.67412 0.221711603879078
0.241653 0.953676 -0.350334 0.12772884906903
0.554699 1.09774 -1.12865 0.021417857624384
0.436683 -0.802574 0.0498493 0.0110110672283927
0.640047 -0.805452 -0.820384 0.00457418908035067
0.442839 2.3341 -1.02962 13.0217813351509
0.209219 2.54914 -2.46159 22.3304016473543
9.10424 0.464135 -0.815451 0.0425157491214687
5.21965 0.523883 -0.890681 0.0885495745432675
0.391375 -1.47661 1.67395 5.98475455150265
3.10123 -1.83351 2.00933 0.230397070573808
7.64794 2.30249 -2.02142 0.316070355083751
4.02235 2.35112 -2.15407 0.442296088113176
18.3009 2.39554 -2.03696 0.253496988347668
0.921029 0.823759 -1.66021 13.2431317260144
0.198921 0.633477 -0.889469 68.6328181654711
1.78164 -1.9785 2.05619 1.74412669700694
3.51149 -1.71552 1.95937 1.38570275032004
2.92704 -1.81949 1.93771 0.950512252769519
6.47964 -1.8019 1.94183 0.928779251798822
0.94564 -1.78861 2.14562 1.48879061794999
