3.53475 1.61131 2.95848 0
1.26066 1.26167 2.58641 0
1.90803 -3.83854 -1.14504 0
2.91466 2.74113 1.21964 0
0.331487 -6.67502 -1.35786 0
0.576478 -3.26942 -2.43596 0
0.803622 0.721288 -0.911745 0
0.288578 -1.2671 -0.405165 0
0.631592 5.92881 0.0959401 0
0.32721 2.71633 -1.63018 0
0.150635 1.70649 0.215367 0
0.292718 3.31331 -2.08856 0
0.13834 4.0156 1.99317 0
0.351045 -1.03538 2.72546 0
0.0839584 0.529075 0.841482 0
0.0841978 -2.3257 0.893037 0
0.202634 -1.20284 2.32949 0
0.434494 -2.78832 -1.45373 0
0.763081 1.03908 -0.177613 0
0.425857 1.93512 -1.68896 0
0.643765 4.48989 2.76787 0
0.808065 7.03163 0.413673 0
0.25276 8.41211 -2.82634 0
0.0684862 6.57948 1.56546 0
0.322524 0.117451 1.30988 0
0.680297 -3.13714 0.956229 0
1.07858 1.65535 2.27596 0
0.976052 1.24569 2.15714 0
2.11365 0.365402 2.26689 0
0.118746 -1.81823 -1.78136 0
0.360984 -5.48495 -0.384342 0
0.124969 -3.84737 2.08986 0
0.964267 -3.01161 0.918961 0
0.390877 -3.91445 1.89866 0
0.365344 -7.18908 2.2102 0
0.396854 -6.11618 1.9728 0
0.37035 -2.28074 2.83335 0
0.816583 3.58118 -1.87161 0
0.327319 7.0753 -2.45926 0
0.17828 9.22437 -0.366684 0
0.151692 7.02092 0.457932 0
0.653219 2.53541 1.72887 0
0.20261 -6.30846 0.0867848 0
0.132216 3.32482 -2.19983 0
0.456687 1.24944 2.82457 0
0.994741 1.96806 -2.84019 0
0.272265 -0.04507 -0.0389489 0
0.659646 -1.49989 1.37568 0
1.04181 -0.521739 0.0716553 0
1.15641 -0.569452 -0.144179 0
0.290252 -1.45905 -2.01263 0
0.651546 1.24019 -1.43069 0
0.438018 6.84193 -0.38591 0
0.283493 6.30593 -1.65195 0
0.523077 4.98087 -0.301283 0
0.421248 4.63656 -1.64989 0
0.874317 4.45994 -0.367699 0
0.119579 4.22901 -2.80948 0
0.409559 2.28097 2.72556 0
0.389508 2.57689 -1.99004 0
0.226165 2.64994 0.998201 0
0.342806 2.52704 2.87276 0
0.525886 2.7112 0.553653 0
0.317977 0.651671 -0.398198 0
0.33291 1.87825 0.879919 0
0.353466 -3.43747 -1.31852 0
0.088709 -4.00955 -1.61482 0
0.168061 0.627956 2.29265 0
0.533631 -0.349436 1.2423 0
0.278634 0.0437554 -2.02543 0
0.197911 9.54602 -0.426142 0
0.751841 7.79213 -0.113141 0
0.42411 3.17347 2.15536 0
0.484366 0.118259 -1.375 0
0.15545 -0.989179 2.41745 0
0.712077 -4.48103 -1.43703 0
0.198864 -5.57085 -2.54385 0
0.184442 -3.7399 -0.176383 0
1.05457 0.705308 2.22861 0
0.498152 0.0978603 3.03663 0
0.122989 -1.22422 -1.17582 0
0.111704 -3.63277 -2.76324 0
0.651283 -3.77914 -1.442 0
0.431419 -3.73828 1.3035 0
0.714053 -3.32738 0.105347 0
0.739744 -3.70995 0.27946 0
0.0738545 -2.6159 0.57921 0
0.284306 -2.79197 -0.282757 0
0.216887 -3.77436 2.02376 0
0.17387 -3.37537 2.26134 0
0.916369 -5.4515 -0.0436273 0
0.374041 -3.58978 1.35213 0
0.398962 -3.33739 0.88338 0
0.329529 -2.49073 -1.91883 0
0.292691 -2.7909 3.07054 0
0.126874 -0.441304 2.82761 0
0.239526 -0.119552 3.12684 0
0.144171 2.41611 -2.24764 0
0.4383 3.46775 2.15886 0
0.786245 5.61553 0.906932 0
0.422679 4.90372 -2.43583 0
0.814788 5.3237 -0.623872 0
0.72298 7.29062 3.00929 0
0.183878 6.77898 -0.21244 0
0.693746 1.33629 -2.78345 0
0.471909 1.26188 -2.56807 0
0.772222 3.50233 0.204681 0
0.146028 3.93914 1.01193 0
0.311884 3.08729 0.881045 0
0.559128 2.73752 0.0231418 0
0.255543 -2.65696 -0.561272 0
0.202816 -1.54268 -0.581986 0
0.250453 1.73781 3.10438 7.23132743428937e-09
0.328823 1.26756 -2.37546 2.45488212982143e-08
0.140625 2.75593 1.79032 8.92749678112315e-09
0.0605804 2.76812 0.368228 3.61799505993866e-08
0.296883 4.44147 -1.58056 0
0.0977903 3.64537 -0.0328498 0
0.233733 -2.97852 -2.85871 1.10312408077252e-08
0.377242 -3.08898 -2.47397 5.3710069885274e-09
0.289711 1.45843 -0.135506 0
0.109031 0.959377 2.34573 0
0.379207 -0.846166 2.6542 71.1906535189477
2.03725 -1.06134 2.90656 11.3524366555292
0.845849 1.88826 -1.47823 4.32013712274941
1.1065 2.12107 -1.82889 2.63783090959506
