1.22094 -4.50527 -0.651606 0
0.160923 5.70401 0.804366 0
0.374008 6.80756 -2.19085 0
0.218133 5.31714 -2.25102 0
1.07285 -0.0367856 -2.34784 0
0.238823 4.96421 -2.29398 0
0.230223 1.38604 -1.27413 0
1.37454 0.879354 -2.6192 0
0.141025 1.78256 1.35756 0
0.291313 4.27467 2.15074 0
0.28192 -0.614289 0.0805003 0
0.0447475 2.14141 -1.81838 0
0.145445 0.240197 -1.67664 0
0.516886 -1.43249 -1.20534 0
0.862002 -1.15631 -0.384874 0
0.954565 -2.12797 -0.718422 0
1.40001 -1.15145 -0.081962 0
0.169003 3.49026 3.05731 0
0.279175 3.4723 0.914902 0
0.321725 4.32951 -1.91618 0
0.19014 7.94326 2.53837 0
0.490522 -1.32283 2.76339 0
0.635639 0.0666659 2.89972 0
0.210886 -1.72388 1.98984 0
0.279549 0.0636392 1.05226 0
0.343941 -0.732609 0.568347 0
1.05308 -0.808991 1.56205 0
1.78621 -0.545511 1.36647 0
0.422015 -3.51084 -2.84431 0
0.268533 -4.20727 3.04997 0
0.104514 -6.44245 1.68079 0
1.31658 -4.38688 2.70603 0
1.01508 -4.26815 1.85162 0
0.50874 4.1398 -0.0298461 0
0.593633 3.36194 -1.06876 0
1.76086 3.57585 -1.73477 0
0.118897 4.56125 -0.602331 0
0.879411 2.68425 -2.11376 0
1.13539 2.96064 -2.36966 0
1.56006 2.58707 -2.85544 0
0.378816 2.13217 -2.09476 0
4.91773 1.09336 -2.14847 0
0.951921 2.16468 -1.89766 0
0.706402 -2.30643 -3.05875 0
0.364121 -2.18171 1.58832 0
0.281683 -3.85921 2.64155 0
1.08011 0.568768 0.983893 0
0.768026 1.23235 -1.31397 0
0.932759 1.17367 -1.03302 0
0.633927 1.39216 -2.49888 0
0.213141 0.471508 1.23693 0
0.38491 -1.96164 -0.502263 0
0.252141 -3.45074 2.66344 0
0.481859 -2.74262 -1.32348 0
1.55579 -1.50267 1.93795 0
0.754962 -0.119622 0.870712 0
0.685452 0.910441 0.879457 0
1.01571 0.311038 0.792802 0
0.929388 1.13305 2.56132 0
0.307996 2.64026 0.490017 2.75326083853121e-15
0.238877 0.00160725 -0.727778 1.2539555855535e-14
0.192663 0.400385 -2.38559 1.11654029683659e-14
0.294436 -1.93013 2.72216 3.85780539839194e-15
2.62191 -0.735572 -3.03015 1.0198687369132e-14
1.15314 -0.797671 3.09445 9.756105181557e-15
2.26036 -2.0074 -0.572161 0
0.271681 -3.33238 -1.02216 0
0.535725 -1.81214 0.0603569 0
0.843995 -1.05118 -1.05431 0
0.282576 -0.113811 2.35518 0
0.8501 1.23325 -0.275364 0
0.285412 -1.26752 -0.344692 0
0.541593 -1.93199 2.90557 0
0.302791 1.75556 -1.77298 0
0.224409 1.02104 2.35198 0
0.850344 1.1053 1.24403 0
1.38479 2.99921 1.10172 0
0.114507 2.43013 2.31278 0
0.573692 4.65742 0.851431 0
0.328371 2.48521 -1.36275 0
0.541303 3.27356 0.154562 0
1.27817 -1.44485 0.742595 0
0.460024 -3.96833 -0.447419 0
0.472924 -5.51601 -2.01462 0
0.743867 -4.6474 -2.19197 0
1.04844 -5.71853 -1.27789 0
0.470781 -6.12303 0.0946384 0
1.13014 -6.29864 -2.04056 0
0.262119 -4.3177 0.0235731 0
0.212808 -5.26537 1.25957 0
0.261332 -4.42854 0.527442 0
0.653343 -4.05001 2.07158 0
0.304087 -4.26938 2.21847 0
0.103803 -5.82734 -2.06128 0
0.76022 -1.87743 2.94635 0
1.23009 0.474438 0.838068 0
0.399128 5.7925 -1.14814 0
0.702698 6.27658 2.42567 0
0.506451 -0.553783 2.12475 0
0.379142 -1.88136 -2.95062 0
2.64983 -2.92591 2.53405 0
0.416725 -3.85912 0.0186218 0
1.00739 -2.82783 -0.760765 0
0.802695 -2.18655 0.310831 0
0.527329 3.91465 0.817178 0
0.569448 4.42839 -2.24009 0
0.143817 5.36687 -1.72429 0
0.959483 4.28152 0.120399 0
0.355931 -7.37469 0.943585 0
0.127804 -8.17146 1.70873 0
0.0889362 -5.36136 1.995 0
0.520298 -1.60395 -1.08139 0
0.47236 -2.27052 0.773849 0
1.34617 5.54745 -2.44466 0
0.558926 4.48756 -1.95258 0
0.133065 0.0348296 -0.262017 0
0.755277 0.662431 -2.75027 0
1.31749 0.662367 -0.455151 0
0.481591 -1.98749 2.44791 0
0.672536 -2.00604 -1.945 0
0.550048 -2.941 -2.19867 0
0.55292 -1.867 -2.29854 0
0.32904 -3.46363 -0.808351 0
0.769339 -1.76802 -2.37173 0
0.658223 -3.4977 -2.31341 0
0.994982 -3.45169 -2.17851 0
0.291833 -5.57663 -1.11566 0
1.15099 5.2838 3.01838 0
0.56966 5.54614 2.40007 0
0.190876 6.85622 -0.613053 0
0.366549 -1.56929 0.415427 0
0.0736929 -2.52371 -1.46496 0
0.845791 -2.83046 -2.63544 0
0.197734 0.157568 3.04791 0
0.688918 -2.06199 -2.01585 0
0.0430835 -1.11714 2.73986 0
1.07867 0.748315 -0.607801 0
0.312754 -0.701917 2.90922 0
0.634344 4.71983 0.84047 0
0.625535 5.39171 -0.13162 0
1.97923 4.6683 0.827708 0
2.49123 4.9602 0.414112 0
0.332739 4.89955 1.10778 0
0.968178 1.64281 -2.51709 0
0.658164 0.512872 0.113217 0
1.53387 -0.179603 -0.187086 0
0.263453 0.876186 0.397518 0
0.473404 -1.50494 -1.22308 0
0.806637 -1.27181 -0.392048 0
0.296504 -2.23816 -1.43789 0
0.333148 5.83684 -2.60145 0
0.152493 6.41173 0.277697 0
0.290618 -1.4441 1.70033 0
1.20693 -0.272043 0.877916 0
0.421587 0.993601 0.234211 0
0.572655 -0.465654 -0.19007 0
0.663175 1.07185 0.725465 0
0.333705 0.639466 1.79307 0
0.164121 -5.32084 0.93233 0
0.293397 -5.81735 -0.459693 0
0.227973 -3.95861 1.75185 0
0.834925 -4.17467 2.91963 0
0.0706158 -3.39071 -3.11659 0
0.301166 -5.21571 1.72525 0
0.557975 -4.98349 2.23417 0
0.545769 1.6762 0.312195 0
0.572863 3.20378 -1.02378 0
0.45474 1.86076 0.0227875 0
0.597078 2.56299 -1.09833 0
1.69223 3.19698 -0.593483 0
1.35115 2.72066 -1.68388 0
1.87815 1.41909 -2.08762 0
0.549257 -0.916481 0.00530841 0
0.305685 -0.59301 1.13294 0
0.250118 -1.74619 -1.13851 0
0.184413 0.0995393 1.74935 0
0.783035 -3.52917 1.4913 0
0.274869 1.6693 1.21362 0
1.32235 0.794459 -1.6432 0
0.464834 1.61624 -3.01874 0
0.514223 -0.883961 2.72081 0
0.502878 -1.50205 -3.09183 0
0.0404933 -5.74587 1.90052 0
0.71473 -3.02793 -0.849909 0
0.197684 -3.63555 1.12018 0
0.364425 -2.65005 -2.56201 0
1.95039 -2.39798 2.71129 0
1.0313 -1.65079 1.8111 0
0.46761 -0.269697 0.809273 0
0.140766 0.579746 2.41352 0
3.28893 2.13368 0.108763 3.67056751765253e-15
0.706544 1.87146 0.0543386 4.44491325909413e-15
0.201143 1.61488 -2.94353 4.15548425260502e-15
0.595449 1.89736 -0.777026 3.61460907975753e-15
0.203142 -0.677968 1.42089 9.50755107714932e-15
0.290459 0.59139 -2.82632 1.0166796620773e-14
9.40771 -0.826854 -3.08589 9.64232074874679e-15
1.04233 -2.94097 -0.627001 0
0.370743 -2.23532 -0.723445 0
0.273304 -0.611699 -2.80071 0
0.523375 -0.25333 0.225637 0
0.1371 2.80982 2.05059 0
0.391744 1.40217 0.583698 0
0.748771 2.55091 2.99874 0
0.498487 3.16568 1.74366 0
0.279387 4.12016 1.91555 0
0.144073 5.05765 -1.71414 0
0.453313 -1.22323 3.02215 0
0.897692 0.54626 -1.22047 0
0.368298 0.822231 0.270427 0
0.355994 1.5444 -2.21729 0
0.206997 0.0589581 2.40498 0
0.195337 1.51264 -0.696248 0
0.289542 0.112236 1.80875 0
0.860136 -2.16509 -0.00973523 0
0.570811 -1.57462 0.530584 0
0.43389 -2.12137 2.11558 0
0.222661 -2.53255 -1.99672 0
0.381078 -4.36295 2.58793 0
0.442248 -4.05249 -0.771031 0
1.07946 -5.27046 -1.34001 0
0.472643 -4.84089 -2.39184 0
0.640603 -5.1003 0.0570789 0
0.354612 -3.82995 0.703382 0
0.975163 -4.09469 1.30618 0
0.0914885 -5.59364 2.44979 0
0.313043 -1.91729 -1.34567 0
0.170156 2.66377 0.283301 0
0.45432 1.2804 -1.97287 0
0.756706 -2.19327 0.0176979 0
0.992899 -2.72082 -0.560563 0
1.07327 -1.65321 0.136752 0
0.465779 -1.56301 -2.38443 0
0.439475 2.33762 -2.1708 0
0.207574 -4.89828 0.151865 0
0.26809 -4.20925 0.674732 0
0.213819 -2.30981 2.75412 0
0.364452 1.72348 -0.404456 0
0.11821 3.23491 -0.224892 0
0.368655 4.20299 -2.35098 0
0.484493 6.16121 2.69212 0
0.468987 1.60819 -0.3911 0
0.358558 0.271427 0.484891 0
0.40736 1.50738 -1.01088 0
1.21785 -1.53334 -1.00062 0
0.0720848 -3.77509 -1.98684 0
0.333896 -3.43175 -0.516331 0
1.47771 5.17068 -0.364089 0
1.84215 5.31424 -0.373947 0
0.248497 3.6078 2.66098 0
0.52942 4.07718 2.69653 0
0.525935 -0.61873 -0.156298 1.23168798624259e-05
0.119965 -0.624898 -0.146707 1.12398260467059e-05
0.211257 3.37041 -1.57217 0
0.186145 3.87901 3.02887 0
1.45794 3.24414 2.79142 0
0.450494 3.36124 2.46025 0
0.563326 -4.0299 2.49263 0
0.0929691 -5.24986 1.20865 0
0.0309666 5.75818 -1.22841 0
1.98363 0.801733 2.13382 4.92210988249455
0.387605 1.01779 2.31254 21.5508454860415
0.130782 0.0648072 -2.80098 2.04509073851389e-08
0.149405 0.984397 -2.77742 9.16025678466694e-09
0.271403 -2.27512 2.82636 0
0.213089 -3.41455 -2.28486 0
3.11773 -1.97532 2.50229 0.010648058689152
1.18835 -2.10141 1.74695 0.0232767679202871
1.01351 -1.71112 2.33022 0
0.680553 -2.11508 2.16744 0
0.128526 -1.5571 1.93844 5.24964998324422e-08
0.183775 -0.520361 2.09579 4.14911384539078e-08
0.307988 -0.701384 0.951846 0
0.149365 -1.68826 -0.491332 0
0.172086 1.42218 -0.37117 4.18985596883226e-07
0.0199118 3.09351 0.69963 1.07728365468227e-07
0.117848 4.5715 0.709318 5.70984343054768e-08
0.23685 3.51632 0.158074 2.29135946656108e-07
0.288268 0.46474 -1.53301 0
0.115618 1.85602 -1.66099 0
0.219706 -7.1864 2.76317 0
0.491395 -5.93775 2.01881 0
0.440794 -5.61047 0.902294 0
1.82778 -5.77972 1.20212 0
0.197409 6.32621 0.380233 0
0.129868 4.89011 1.5595 0
0.232066 0.290169 -2.87793 18.6082607629006
0.47752 -2.42613 -2.97868 3.0793899116015
0.229352 -2.29634 2.41675 0
0.953076 -2.90678 2.64441 0
0.177313 -1.10435 -0.717583 0
0.119802 -1.65904 -2.73234 0
0.131793 2.50651 1.03373 0
0.261439 2.60395 -0.296753 0
0.518772 -7.86961 -2.32887 0
0.611806 -7.70855 -2.95047 0
0.270196 -5.97263 -1.86561 0
0.0660745 -6.35496 -1.97058 0
0.127564 -1.23811 -0.694539 0
0.276284 0.0226588 0.569428 0
0.0250311 7.52876 1.51173 0
0.121702 4.84547 -2.63773 0
0.348004 3.47151 -2.73932 1.03765268988593e-07
0.087226 4.13329 -1.83183 7.61908651162092e-08
0.125676 2.72536 2.798 0
0.0955516 2.87782 1.44507 0
2.03115 -0.617511 -0.279625 4.73102186254353
0.227495 -0.804974 -0.652547 37.8941796305898
0.67442 -2.2175 -2.18358 0
0.200109 -2.96964 -1.00906 0
0.305852 -3.33109 -1.39218 0
0.179804 -3.45146 1.2229 0
0.391724 -4.90859 -0.640694 1.85044031117728
0.461338 -4.12223 -0.140551 3.4508544296826
0.378887 5.3469 -1.80402 1.9704612255792
0.151655 5.29993 0.0777455 5.14228192461259
0.72995 1.11252 1.28186 17.6303423886523
0.109973 1.86426 2.40649 59.6269821519961
0.494767 -1.11322 0.577805 24.7587751169417
0.126101 -2.46448 1.36969 27.7364867308301
0.550192 1.7244 2.79126 40.7248103230132
0.671687 1.35687 2.21626 46.7407262309509
0.212425 2.57416 -1.95157 15.5519767649882
0.201575 2.80127 0.868948 13.0946024658959
0.0905026 -2.24968 -1.9873 0.0377525601734632
0.214095 -2.19554 0.796766 0.0622480688221181
0.113864 5.52222 -2.43465 7.12503246646725e-08
0.14185 5.40736 1.20849 5.87672019761669e-08
0.743511 -1.69432 -0.974281 13.176254603707
0.272969 -1.14718 -1.00472 54.6230389312726
