0.748631 -4.53818 -1.01086 0
0.351861 -7.14499 1.00515 0
0.229876 -7.03245 1.45445 0
0.158429 -6.28693 1.86795 0
0.320919 4.61538 -2.1268 0
2.08465 5.20908 1.66924 0
0.275388 -3.56382 1.07264 0
0.177526 -4.64694 0.989763 0
0.51954 -2.25026 -2.44695 0
0.27322 -5.12172 2.51292 0
0.505075 -2.48395 0.3322 0
0.6743 1.38311 -0.326951 0
0.566038 0.160847 1.25596 0
0.78729 1.57083 0.982214 0
3.16776 0.616852 0.995502 0
2.74276 0.328654 0.995598 0
0.0873902 -8.41893 -0.25162 0
0.194369 -6.84125 0.3905 0
1.7324 -6.39447 -2.04461 0
1.83013 -3.11835 -2.50546 0
1.09021 -3.61971 -2.914 0
0.317694 -5.92441 -1.41138 0
0.635103 -2.08279 -2.04286 0
4.81737 -2.19492 -1.91301 0
2.09098 -2.278 -2.13207 0
0.433526 -3.2539 0.0343665 0
0.759663 -2.37405 -1.87805 0
0.934221 -2.45775 0.0158199 0
0.823286 -1.63555 -1.06929 0
0.128412 -1.45143 -0.984822 0
1.84566 -1.34676 -0.0904762 0
0.175669 1.01432 1.96625 0
0.136427 0.978632 -2.13854 0
0.482524 2.85161 -2.76337 0
0.440045 4.10631 2.27537 0
1.04812 3.74464 2.05526 0
1.71347 4.0443 0.762538 0
1.57366 3.92663 0.987397 0
0.655784 0.990411 1.24367 0
1.73089 0.450489 1.37245 0
0.586092 -0.0357783 2.13045 0
0.375597 0.0601499 -1.3299 0
0.374585 0.298463 3.00147 0
0.840962 -0.702517 2.43586 0
2.72216 -1.3054 -2.96256 0
1.37721 -1.44334 2.99869 0
0.889632 -3.38337 1.82125 0
0.461505 -4.71833 0.316626 0
1.21361 -5.15661 -0.196288 0
0.2368 -4.83399 -2.61359 0
2.93038 6.27683 -1.98164 0
1.31271 5.89052 -2.29712 0
0.245022 5.92441 2.33063 0
0.999012 -0.416732 0.692763 0
0.571769 -2.31804 3.03475 0
0.0972663 -2.89045 2.33738 0
0.616911 -2.952 0.670755 0
0.266838 -2.17915 1.29211 0
0.728783 -3.29027 0.431764 0
0.386918 0.236039 2.507 0
0.413878 1.33551 0.600391 0
0.322378 2.58162 -0.304077 0
0.31576 2.16148 2.35159 0
0.0563818 3.84328 1.02821 0
0.548844 4.68175 -0.936885 0
0.332682 6.4147 -2.3377 0
1.12376 4.32369 -2.22106 0
2.22008 4.28711 -2.68552 0
0.370771 3.17388 -2.1585 0
0.406228 4.20864 -1.33612 0
0.870742 3.34394 -2.36976 0
0.666831 3.33089 -0.558103 0
2.94624 3.31885 -0.312734 0
0.396716 -7.77448 0.626871 0
0.67797 -6.17679 1.46995 0
0.289031 -7.76227 2.57067 0
0.77685 4.79488 1.84201 0
0.820266 6.98275 -0.0364963 0
0.10014 7.04055 1.59849 0
0.0904715 -3.92225 -0.197493 0
0.160443 0.371097 -1.95921 0
0.352257 1.2672 -2.73315 0
0.41363 0.646556 -1.37675 0
0.495088 0.0972081 0.172161 0
0.177578 -3.02256 1.45384 0
0.280933 -2.42554 1.98103 0
0.348968 -0.760918 2.6276 0
0.889039 -0.554288 2.1619 0
0.529182 2.89542 -2.55398 0
0.442884 2.36753 2.64246 0
0.198384 3.10764 -0.622628 0
1.17893 1.08046 0.139777 0
2.04216 0.411576 0.700313 0
0.418189 -5.62218 0.16472 0
0.740172 -4.56843 -2.97402 0
0.199258 -4.23105 -1.84621 0
1.58199 -4.21702 -2.76888 0
0.889847 -4.10001 -2.25932 0
0.775756 -3.65815 -1.82283 0
0.392861 -2.71915 -2.37105 0
0.129748 -1.46414 -1.44161 0
0.0839184 -1.38011 -1.63352 0
0.453968 0.768921 -2.00146 0
0.245639 2.12943 1.49233 0
0.854658 2.83464 -2.56083 0
0.21665 1.57951 -2.05665 0
0.0890438 5.53137 -0.45138 0
0.883304 3.89591 2.01774 0
1.27686 3.79638 0.732367 0
0.397903 -0.789786 2.25277 0
0.402431 -0.902786 2.09101 0
0.679192 -1.31427 -2.60756 0
0.392269 -0.806849 -1.57493 0
0.155194 -2.27058 -0.842411 0
1.62709 -2.15323 -3.11306 0
0.287338 -2.66664 1.35964 0
0.503781 -1.67656 -2.39139 0
0.388013 -3.0508 -3.119 0
1.01346 -2.55195 1.7138 0
0.393875 -2.71006 -0.374526 0
0.12303 -5.00993 1.05955 0
1.56739 -3.58127 0.469357 0
0.582692 -4.24068 -0.403085 0
0.308917 -4.839 1.137 0
0.510415 -6.11059 -2.42391 0
0.177312 -8.27491 2.51267 0
0.49827 5.32508 -2.89839 0
0.411355 2.69872 -0.315718 0
0.349827 3.12327 2.66002 0
0.289103 -0.596225 0.325277 0
0.450894 -0.564454 -1.93183 0
0.904823 -3.11062 -0.238173 0
1.48973 -3.92075 -0.207563 0
0.540588 -1.78326 -1.50056 0
0.411844 -0.87384 0.523243 0
0.562994 -0.663741 -1.53226 0
0.42598 1.89594 0.903802 0
0.147535 3.99109 -1.86798 0
0.103873 6.58959 -0.805442 0
1.1041 4.11129 -1.43821 0
0.815228 3.72229 -2.13046 0
0.276712 -5.96983 -1.84421 0
0.266363 -6.31675 0.74183 0
0.215136 -4.27779 0.716214 0
0.275187 -5.84818 -0.119709 0
0.219506 5.99072 2.04272 0
0.292027 6.26132 0.644568 0
0.157722 7.45408 0.507102 1.03505068099886e-07
0.0196806 8.54432 -2.32744 8.42347824056739e-08
0.414839 2.26706 -1.48713 0
0.486072 2.73378 -0.497889 0
1.26763 0.419051 0.870962 4.40142230754405
0.2686 -3.22132 -1.9059 11.9924279835575
1.8766 -2.42697 -2.03226 0
0.341319 -2.26809 -2.44376 0
0.780624 3.78091 1.68015 0
0.586151 3.56163 1.4751 0
0.580562 -0.474019 3.07243 0
1.62074 -0.853378 -2.98711 0
0.306352 -1.86539 -1.73388 0
0.343359 -2.489 -1.58829 0
0.214284 -5.58532 1.74666 0
0.154739 -4.62747 -2.11719 0
0.250369 3.63518 -0.947863 0
0.360371 3.43728 -2.58361 0
0.187726 -3.76221 -1.93858 15.7931799192892
0.206238 -4.32171 1.6063 8.22928062535736
0.573258 -0.832069 0.757751 36.2634118841667
0.779197 -1.30645 0.395044 18.3848068463703
0.0487112 -0.954015 -0.251337 2.03312617258716e-05
0.141497 -0.0693247 0.330977 1.46463371033058e-05
0.115061 3.8759 -1.32146 2.33902314395138
0.326957 2.1714 -0.52142 4.47809228200836
