1.29762 5.99896 0.721434 0
14.3708 -2.25973 0.757646 1.14550019319602e-13
0.137109 5.00965 1.90806 0
1.45553 4.49677 -1.99784 0
2.80669 4.51273 -1.58033 0
1.71554 4.73096 -1.67734 0
0.881103 6.17744 -1.26226 0
0.588199 5.92501 -0.962728 0
0.384937 5.86664 -1.91627 0
0.162167 1.00808 1.25156 0
1.90208 0.885111 1.8562 0
0.738247 0.30015 2.06876 0
0.806113 0.701452 -0.551257 0
3.071 -1.16445 -2.0471 2.87156572394717e-13
9.15019 -1.05663 -2.19675 3.16114888256726e-13
2.89252 -1.10714 -1.80445 2.9903497558158e-13
0.244203 -2.2452 -2.23644 1.02024292881355e-13
0.24888 -2.67737 0.500349 7.47302031359121e-14
0.364141 5.62629 -0.701989 0
1.81099 4.40066 -0.00381501 0
1.21458 4.30655 2.49663 0
0.139891 0.198069 -3.05265 0
0.961044 -1.44224 -0.21639 0
1.95269 -0.624659 0.588501 0
1.48805 -1.50142 0.940129 0
0.236303 -2.32622 1.73745 0
1.21207 -1.31359 -0.769186 0
0.729207 -1.32438 -0.191732 0
0.242168 -2.47992 -0.874857 0
1.23527 -1.14372 -1.01993 0
0.086613 -3.58377 -1.92726 0
0.510232 -2.78458 -3.02238 0
1.0269 -2.83556 3.12883 0
0.132162 -3.11677 -1.83048 0
0.424831 -2.97239 1.1016 0
0.916561 -3.328 -0.792013 0
2.25 -2.36029 -0.171141 0
0.360321 -2.91808 -1.28233 0
2.8208 -2.41923 -0.082469 0
0.758056 -2.54191 1.91568 0
1.02153 -3.65413 3.12101 0
0.160761 -3.87382 -1.95984 0
0.569402 -3.83538 -2.87517 0
0.505921 -3.97302 -2.91632 0
0.794168 -3.36433 -2.5041 0
0.625177 -5.23072 -1.513 0
0.480912 -5.72824 -2.1655 0
0.844902 -6.2818 -1.42637 0
0.21434 -7.12613 1.46598 0
0.394541 0.285616 -3.13897 0
0.369536 3.14283 -1.08458 0
0.633097 6.89905 1.97134 0
0.245218 5.819 -1.02312 0
0.339259 -3.16946 1.9987 0
0.48303 -6.60321 1.57103 0
0.641003 -0.351706 2.98701 0
1.48865 -2.73695 1.2295 8.07524687270627e-14
4.07726 -2.3483 0.719324 1.0514282209067e-13
0.696746 5.0519 0.506447 0
0.523272 7.15554 -0.463111 0
1.5512 4.823 -0.944121 0
0.340188 4.50009 -1.86995 0
0.246573 4.5502 -0.741723 0
0.165187 7.43294 -1.66174 0
1.66361 0.953533 2.20682 0
1.28683 0.930072 0.686334 0
0.323455 -0.0877244 0.551038 0
0.586066 1.04316 -0.985775 0
0.312388 0.262731 0.597872 0
0.452397 -0.222614 -0.783665 0
0.226309 -3.63421 -1.25024 1.01745634921103e-14
0.523617 -2.14427 -2.79478 1.2246853095013e-13
0.641597 -2.25 -3.13941 1.16424930199374e-13
0.184853 4.5934 2.59877 0
0.671018 4.16593 0.292026 0
0.660891 1.43141 -2.82893 0
0.773958 1.09832 1.15919 0
0.180068 -0.644162 1.06932 0
0.929631 -1.84775 0.999904 0
0.327092 -1.77092 0.236598 0
0.345319 -1.61763 -1.64601 0
1.842 -1.52587 -1.36276 0
0.283121 -2.7284 -0.294907 0
1.08622 -1.56142 -2.06284 0
2.23923 -2.16455 -2.98551 0
0.772847 -2.37728 -2.41712 0
0.0337239 -2.78849 -2.15753 0
0.813422 -2.77014 -0.452695 0
0.0914518 -4.42162 -2.6934 0
1.58087 -3.10527 -1.79775 0
0.231946 -3.11363 -0.986968 0
0.930144 -2.56272 -0.685218 0
0.625922 -3.11772 -0.637736 0
0.76604 -3.02838 -0.178498 0
0.546493 -2.89442 2.05342 0
0.636809 -3.90677 1.61696 0
1.1141 -3.66204 2.84233 0
1.41999 -3.81216 2.85314 0
0.330551 -3.31121 -1.74354 0
0.610791 -4.41069 2.62094 0
0.206041 -3.96656 0.450231 0
0.211179 -3.89706 1.69568 0
1.67137 -5.51837 1.36535 0
1.17455 -5.13628 1.18552 0
0.0895229 -4.67368 0.255763 0
0.149055 -7.83902 2.5839 0
0.104948 -5.27647 -2.61159 0
0.385879 -5.67096 -2.1872 0
0.614037 -4.0053 2.92612 0
0.629662 -3.57139 -1.01755 0
0.23092 2.56103 1.42409 0
0.447649 2.25111 -2.4953 0
0.571674 1.80495 -1.99358 0
1.38584 2.99442 -1.3434 0
0.178438 3.04948 2.81562 0
0.623508 3.53105 -0.947492 0
1.36282 3.27253 -1.73142 0
0.823549 3.08434 -1.03156 0
1.81116 7.07603 2.22654 0
0.0501081 9.81832 2.60295 0
0.325639 6.20647 2.27655 0
0.429796 4.74427 1.61202 0
0.276258 4.32466 2.04528 0
0.34059 0.00498577 1.59732 0
0.299515 1.18729 -1.00174 0
0.212365 -1.08918 -0.597101 0
0.303045 -2.73106 2.17596 0
0.252738 -2.99162 -1.41644 0
0.254075 -5.74582 3.0242 0
0.516569 -9.26062 0.806168 0
0.592373 0.161832 -2.96843 24.4712773589639
0.0320139 -1.04103 0.951861 103.31484064843
1.08932 0.751392 1.44399 0
0.596531 1.02391 2.01712 0
1.67475 0.574006 -0.657515 0
0.758389 0.724082 -0.5107 0
1.26916 1.05556 -0.454374 4.69497595295818e-08
0.402986 0.783595 -0.273168 7.57254829802697e-08
0.293636 4.52932 1.706 0
0.31314 4.05689 1.65465 0
0.333119 -0.982263 0.0382842 0
0.248606 -0.462242 0.710519 0
0.340313 -2.28861 0.481692 0
0.154189 -3.27176 -1.32533 0
0.623472 -2.89087 1.83202 7.47856993416993e-08
0.531748 -2.67815 1.82625 3.70449072925625e-08
0.220391 -5.46236 1.92861 0
0.27941 -4.37997 1.39986 0
0.221974 -6.50946 1.3953 2.0269506852928e-07
0.177877 -6.65357 2.22959 1.1754591847328e-07
0.177773 -6.88055 1.65643 0
0.307728 -5.85135 0.707747 0
0.0862833 2.62623 1.72118 67.4812402158234
0.0440693 -0.748941 -2.09194 0.000372067363661157
0.00492706 -0.687366 -0.829519 0.000544368210683081
0.399778 -0.493859 2.44845 0.602624548387174
0.0920262 -0.462394 -0.177677 2.65375912252113
0.221978 1.64585 2.36127 17.1967589776127
0.450361 0.659849 1.53635 18.6045341461853
0.492926 1.90648 2.32951 0
0.160953 0.742386 -0.236582 0
