1.72265 1.37848 2.77567 2.52601372623575e-15
0.44255 1.14283 1.81738 1.73683902177932e-13
3.1902 2.13815 0.903955 7.92705263983345e-14
5.31373 0.863073 2.46401 5.20822982372381e-15
1.48771 0.965161 3.01035 5.73067745004994e-15
1.21208 1.27126 2.8273 3.2275929103368e-15
0.29039 -3.86925 -0.858364 0
1.46705 4.31328 1.46977 0
0.0962813 2.36933 1.11575 0
0.349057 1.30073 2.25938 0
0.585987 1.54502 -2.42465 9.57020441556612e-14
0.894511 0.747464 -2.6314 2.26980169270459e-13
1.55345 1.33566 -2.02575 1.07320947254628e-13
7.85995 0.920182 -2.20346 1.81431171841552e-13
15.8392 0.959888 -2.24356 1.75457111515585e-13
22.4597 0.948796 -2.20265 1.76222636252568e-13
2.83407 -0.562565 -0.149986 2.79518135881717e-13
0.181539 2.23018 1.07515 1.24849897555502e-13
0.354985 1.48987 1.1322 1.8933050798776e-13
0.365505 -0.492052 -0.0625115 2.86486524756018e-13
0.41428 0.0822758 -0.0691994 3.22323972291434e-13
1.42055 2.69016 -1.489 0
0.45598 2.79799 -0.394647 0
1.32173 2.67332 -0.276393 0
1.26218 2.04557 -0.250898 0
1.54142 2.42312 -0.223268 0
1.70164 1.74433 -0.214256 0
1.53991 1.96579 -0.79708 0
0.182748 1.21696 -0.200785 0
1.54235 1.53692 -0.355525 0
1.17378 1.72017 -0.362661 0
0.589031 1.2787 -1.28735 0
6.0671 0.388126 0.486167 1.18546938424106e-14
4.23132 0.327348 0.568261 1.19680902652778e-14
0.153694 -0.113889 1.86116 1.2269716007671e-14
0.504183 -1.1928 -0.647114 3.95480624178464e-15
0.622318 0.046225 2.97815 1.19262373303665e-14
1.24107 0.0113609 -0.725129 0
1.39017 0.833439 -0.833788 0
0.149183 -0.804354 -1.49516 0
1.98169 -1.12862 1.76536 0
0.252975 -3.22608 3.09851 0
0.748807 -2.66237 -0.496052 0
0.234065 -6.84728 -0.471884 0
0.84622 -6.21308 -0.764457 0
0.159862 -5.27411 1.22356 0
0.524214 -0.786135 1.82591 0
0.381397 -1.26688 -1.48881 0
0.477654 0.646712 -2.86695 0
0.680331 1.07813 2.24708 0
1.15889 6.23547 0.977254 0
2.67478 6.0914 1.00006 0
1.56423 5.31304 0.383845 0
0.4604 5.39152 0.55906 0
0.305732 6.43342 -1.22391 0
0.694672 4.19105 2.44158 0
1.28827 2.79208 -2.3498 0
0.972836 3.29853 3.08127 0
2.54784 2.84819 2.44455 0
3.17077 2.7667 2.42908 0
0.912377 2.21354 -1.15665 0
0.185046 -5.74041 -1.45352 0
0.323942 -3.52638 -2.76292 0
0.68777 -6.11381 -0.950883 0
1.31634 -6.68421 1.80195 0
0.376085 -7.16783 -2.71575 0
0.369155 8.57552 2.45312 0
0.788617 0.42522 3.08418 9.86278016313173e-15
0.754052 0.535479 -2.51257 1.09268539361287e-14
0.798349 3.05083 0.335629 0
0.696686 3.64938 0.894905 0
0.241231 1.42772 -1.29495 0
0.203518 -4.5652 -0.0700595 0
0.497989 -4.76879 -2.09689 0
0.212917 3.92135 -2.74762 0
1.30148 1.59382 -1.85341 6.90056128105279e-14
2.30589 1.86025 -1.85461 4.00647593167129e-14
0.432724 2.12759 -2.50328 5.38379982078343e-14
2.33232 -0.692756 -0.417409 2.6985323625638e-13
0.705679 -0.30896 -0.56884 3.14935612791441e-13
1.68546 -0.522328 -0.728563 2.98617359950915e-13
0.847648 2.3678 -1.16436 0
0.557141 1.97268 -0.315092 0
0.135124 2.35834 -2.04354 0
0.845375 2.30638 -0.763973 0
0.687685 2.74709 0.24926 0
1.63428 2.97189 -0.0989564 0
2.45907 2.49283 -0.215001 0
1.3286 2.01659 -0.308944 0
0.503903 1.49465 0.0431102 0
0.612378 -0.066172 -1.48986 1.19189137340952e-14
0.0484982 -2.74482 2.86313 4.63884041775782e-15
1.08752 0.716753 -0.465202 0
0.398065 0.922517 -1.47584 0
0.317683 -0.552754 -0.507624 0
1.32896 0.403184 -0.0808987 0
0.199994 -0.422724 -1.82401 0
0.321928 -3.96376 2.27742 0
0.892682 -3.08584 1.91931 0
0.372585 -3.3109 1.37016 0
0.416221 -3.99358 -2.85702 0
0.448909 -4.18066 -0.438276 0
0.152149 -3.65736 2.42933 0
0.129005 -8.47538 -3.086 0
0.395165 -1.97127 2.91034 0
0.442337 -1.32354 0.638132 0
0.49995 2.39863 2.7638 0
0.473132 2.60389 -1.45989 0
0.229107 4.93632 2.15096 0
0.116686 2.62327 -0.437511 0
0.232799 4.67717 -1.47134 0
0.388983 3.35648 -2.93229 0
0.118651 4.63526 -1.05668 0
0.35909 5.31455 -0.741568 0
0.0625117 4.63669 0.145272 0
0.639816 5.57316 0.956206 0
0.788059 6.21248 1.49466 0
0.408592 4.80209 1.67479 0
0.469402 4.31544 -0.786242 0
0.169346 2.91606 0.243643 0
0.376056 0.426374 2.23989 0
1.13538 2.09416 -3.09355 0
0.384076 1.2834 -2.44065 0
0.646302 1.97416 2.41097 0
1.82248 2.62212 2.49095 0
0.642159 2.1081 1.91037 0
0.328848 2.71718 -0.231741 0
0.273067 -1.92631 1.04875 0
23.8145 0.965722 2.37538 0.0126108067020182
2.17814 0.8799 2.04354 5.46469331247929e-15
0.471182 0.620624 2.32548 7.26982655593134e-15
0.0453538 1.81489 0.331134 0
0.491979 1.13323 1.48214 0
0.25379 -3.72708 2.41203 0
0.0386517 -6.12622 -0.592404 0
0.856958 1.55419 2.48038 5.19018056029063e-08
0.585295 1.79105 2.46806 2.46729504208928e-08
1.49667 -0.293459 -0.474521 3.14843350775831e-13
0.340877 -0.334544 -0.633135 3.14055159706063e-13
0.358073 0.153757 0.972491 1.21254015383527e-14
1.00211 0.480095 0.41564 1.16067025736166e-14
15.6083 -0.144969 -1.67363 4.01675210873267
0.193806 -2.15598 1.1937 0.242845593761302
0.237729 -5.19811 -1.36773 0
0.243332 -5.66689 0.79066 0
0.253508 0.807394 1.599 7.61360024325756e-09
0.28833 0.577632 2.20366 5.39645732433627e-09
0.487733 5.38123 -0.0210382 0
0.119119 5.02864 -0.699951 0
0.480403 2.79659 2.88785 0
0.288743 3.29421 2.68401 0
0.202859 3.87193 0.642194 0
0.301998 3.23432 1.95918 0
0.331084 2.87639 2.43128 0
0.224279 3.32376 -0.781894 0
0.0996418 0.999598 -1.68944 0
0.17394 -0.110509 -0.0898378 0
0.16024 -1.12313 -0.42252 2.14996644620497
1.43361 -0.522748 -0.217317 0.358698223530046
0.0262073 2.97308 -2.20984 16.1105573201918
0.850208 1.32173 -1.58893 2.41772593983939
0.134096 0.42156 2.66232 5.28715427073926
0.467854 -0.621974 1.60157 1.37959986618092
3.44749 -0.311655 -1.62191 13.7634871223842
1.51643 -0.377697 -1.78207 30.5577500631308
2.44595 2.08461 0.804312 0.149942117468664
0.346585 1.82369 1.0363 0.464314399203142
6.62385 2.07977 0.9533 0.0605487474067413
4.03144 1.06605 2.44469 0.776150374181629
0.69335 0.391333 2.21839 4.35208117297696
2.9653 0.860428 2.49149 1.0089276293669
14.3811 -0.193273 -1.70947 0.385777876999747
1.43069 -0.151588 -1.67452 3.88757499070652
8.18599 2.10446 0.925948 0.0186968921093691
11.5374 0.978214 2.35292 0.177832674346382
10.571 0.959165 2.36537 0.0870382499428545
5.64259 0.303368 0.565048 0.0269842604137074
2.12534 2.2567 0.829509 0.308847602212241
2.93129 0.302953 0.467093 11.5668366537091
0.442694 0.489959 0.647072 71.5605783930738
3.63896 0.388091 0.613909 0.453971521753695
1.28954 0.373348 0.437526 1.27227368133742
