18.3943 0.338472 -2.93119 1.33341626075646e-13
5.20554 -0.114997 1.93716 1.00106614089725e-12
0.760121 -0.813801 1.96856 1.01402132793178e-12
1.30927 0.49672 2.62266 5.46841647772477e-13
5.77199 0.316828 3.05792 2.16687760665871e-13
1.06512 4.22316 1.20217 9.51741178075861e-14
1.14355 3.116 0.268602 6.55263892246849e-14
1.36591 2.07671 -2.63268 2.49775630767892e-13
0.574468 3.15481 1.13082 8.59387933905036e-14
1.12738 2.05067 -2.59028 2.52865646274763e-13
2.18897 2.5956 -1.64112 1.74735733080279e-13
0.557922 3.04273 -1.5181 1.47843837539776e-13
0.107259 4.01648 -1.74804 1.31551542958928e-13
0.258918 3.04014 2.17885 1.35322471573206e-13
0.629862 1.2827 -2.0453 3.70908055251758e-13
0.292483 0.492753 2.17602 5.06716392206239e-13
3.0871 0.9941 1.28503 3.05380681503785e-13
7.27857 1.0663 1.09591 2.68842218121415e-13
1.79886 -1.72104 0.840268 0
0.323603 -0.61583 0.205682 0
0.461928 -1.14753 1.71222 0
0.922185 1.26484 2.1698 0
2.0388 1.50079 1.59125 0
1.51543 1.35997 1.80121 0
0.384574 2.5483 2.4515 0
1.37119 4.51182 0.40702 0
2.49642 3.98183 0.358444 0
0.393981 3.95261 0.918181 0
0.777128 4.92326 0.652569 0
1.24144 4.12281 0.229285 0
0.400727 5.04819 2.756 0
0.444404 2.21025 2.50229 0
0.743809 1.83863 -0.827014 0
0.526424 -4.27538 -1.70092 0
0.569767 -4.99258 2.09791 0
0.483291 -5.83147 -0.985197 0
0.687667 -1.85475 2.11352 0
0.131556 -4.20956 0.923799 0
0.320734 4.15962 -2.34487 0
0.285653 3.3391 -0.265695 0
0.239666 4.9099 0.935227 0
0.421262 2.78088 0.0135089 0
0.737836 2.53369 -1.30298 0
6.49439 0.970342 -0.556348 0
0.247786 1.5726 1.42539 0
0.168191 1.29543 -2.2554 0
0.409914 -2.00955 -2.12132 0
2.19762 -2.13722 -2.9842 0
0.356628 -2.66932 1.27497 0
1.63674 -2.94442 -2.07312 0
0.310793 -7.89242 -1.01574 0
0.716537 -7.55558 1.78417 0
0.0649063 -7.25667 1.45835 0
0.690142 -5.40745 -2.86503 0
0.545716 -4.38356 1.12835 0
0.383341 -3.05553 2.64944 0
0.442344 5.11083 1.74577 0
0.443264 8.77847 -3.05206 0
16.4826 0.367295 -2.87206 1.62807905959524e-13
0.86905 0.235071 2.31384 7.99713101903489e-13
7.41764 1.85397 0.155686 3.44954571391432e-14
2.29652 2.21572 -1.84922 2.1547647079042e-13
0.28649 1.78383 1.12792 1.14097073639452e-13
0.318463 0.846616 1.50172 3.67461317624891e-13
2.99051 1.21054 1.15467 2.33535000245799e-13
1.89412 -2.48322 0.171671 0
0.367953 -3.18536 0.374234 0
0.322536 -2.19557 0.631456 0
1.97233 -0.962068 1.23991 0
0.459505 -1.02901 0.824198 0
1.33035 -0.947257 2.6008 0
0.531038 -0.22326 2.42083 0
0.32573 -0.358219 2.81139 0
1.44887 -0.564398 2.23132 0
0.442812 -0.978583 1.97519 0
1.39628 1.20951 1.91088 0
1.11558 1.87077 1.02037 0
3.56454 1.45531 2.11797 0
2.91453 1.2931 2.08477 0
1.04667 1.44647 1.88808 0
0.480196 4.58766 1.51035 0
0.261771 -0.0253549 2.14051 0
0.358958 -2.09288 2.89375 0
0.252818 -5.22393 -2.57272 0
0.172372 -4.8692 -0.343181 0
1.11704 -5.60668 0.701462 0
0.853562 -3.2397 1.58052 0
0.0504954 -4.99079 -0.657246 0
0.821947 4.5521 1.30014 0
0.523831 4.18171 0.715022 0
0.274236 2.29333 -1.47593 0
0.367094 1.5881 -0.961874 0
3.45528 1.11098 -0.755804 0
1.6545 0.917537 -0.700538 0
5.38526 0.977203 -0.710578 0
14.4233 0.938784 -0.648655 0
13.0376 0.930473 -0.660931 0
12.8475 0.956159 -0.662167 0
1.12046 0.811058 -0.493031 0
1.17987 1.1147 -0.622562 0
0.206483 1.23834 -0.680856 0
0.733821 -0.128746 -0.594464 0
0.0902028 1.2802 1.60693 0
0.900821 -0.395343 3.01415 0
0.459857 -4.04938 -2.22135 0
0.144525 -3.97724 -1.88894 0
0.752484 -3.50959 -2.68914 0
0.757032 -3.83886 -3.01522 0
0.100465 -9.1031 -1.7519 0
0.809837 -7.15491 -2.99966 0
0.822288 -7.98951 -2.48425 0
0.224241 -5.09709 1.57082 0
0.119449 -3.3386 2.11044 0
0.172226 -1.12758 -1.72044 0
0.185422 0.575915 -0.711289 0
0.438351 1.00892 2.7327 0
0.234394 7.31674 2.27604 0
0.0977479 7.81144 -0.614299 0
19.0748 0.349373 -2.91143 1.40223575240586e-13
36.8624 0.336336 -2.92707 1.37499212078686e-13
0.921527 -0.0278624 2.29073 8.76134612614665e-13
1.25107 -0.00580147 1.82144 1.01003261295832e-12
0.984753 0.663232 -3.05012 1.96273622828418e-13
2.02266 0.810849 -3.10452 3.14991250777675e-13
0.860282 1.90121 2.57287 0.0603108660313111
0.237836 3.01836 -0.121619 0.159307525120599
0.467826 4.88143 1.40698 0.625537626533626
0.399746 1.72787 2.15257 0
0.151184 1.85925 0.488984 0
1.72746 1.02545 -0.678341 0
4.64486 0.884396 -0.636319 0
0.157815 -7.80085 -0.0352131 0
0.184339 -9.07483 0.522273 0
0.425287 6.71132 -1.6796 0
0.0322745 6.79844 2.24921 0
0.0756457 6.52738 -2.58372 0
0.21642 7.37115 3.00352 0
0.778728 3.42471 -0.092284 8.20025070173429
0.973362 3.3207 0.37308 7.27477301292267
1.06703 0.995308 1.02556 5.6933617123665
0.112289 1.30473 0.289164 42.0796174287687
0.581242 -1.88332 2.28123 3.83142105754573
0.401473 -1.36735 1.64398 8.9335500146859
3.23044 2.00131 0.112072 1.04419000092849
1.17979 1.92496 1.36428 0.0292000788673254
0.140204 4.62874 -0.296062 2.35267815301854
0.00960625 4.53754 0.106353 2.01397416883328
26.9909 1.93213 0.156012 0.602470507257104
0.180488 2.14451 2.18693 0.345285036493441
