1.15329 -3.61428 1.33874 0
0.149641 -2.76167 3.09101 0
0.688599 -7.63723 -3.07435 0
0.916105 -1.90121 -2.85334 0
0.286857 -3.46138 -3.02982 0
0.490886 -5.81662 -0.404365 0
0.59341 -4.53778 1.79232 0
0.316004 -8.1706 1.82903 0
0.379419 7.02056 1.25749 0
0.262187 7.69288 1.28847 0
0.466012 5.4108 -2.0247 0
0.289697 6.25153 1.1358 0
0.381233 3.52904 2.22894 0
0.59651 2.31344 -1.73999 0
0.954459 1.40166 -1.08831 0
0.301502 0.930123 -0.559853 0
0.660395 -0.869892 -1.19757 0
0.807741 -0.146408 -1.17307 0
0.277447 0.224025 2.22125 0
0.26585 -1.33145 -2.33585 0
1.21835 -1.70197 -3.06993 0
0.404806 -3.05747 2.67337 0
4.42298 -2.35952 -3.00602 0
3.24129 -2.5202 3.12523 0
0.265366 -2.41601 2.73139 0
0.592177 -7.90983 2.2274 0
0.833415 -8.05501 -0.996396 0
0.75469 -5.06379 -2.60794 0
0.172312 -3.30586 0.50402 0
0.60466 -2.43642 2.76806 0
0.461525 -2.37704 2.79835 0
0.133517 -3.91794 -3.0683 0
0.242748 -6.57079 2.3607 0
0.385025 -2.47369 1.42583 0
0.118809 0.832889 1.96215 0
0.549093 -1.15842 1.0167 0
0.252279 9.17357 1.71803 0
0.918444 8.47705 3.11003 0
0.150981 1.35565 -2.69252 0
0.44657 0.670414 -3.03494 0
0.179235 1.30814 -0.328731 0
3.86147 -0.220019 -0.493995 0
2.32026 -0.266842 -0.300249 0
1.0307 -0.197619 -0.171914 0
1.02289 -0.940994 1.58432 0
0.230308 0.105225 2.39837 0
0.338208 -1.75401 -0.235136 0
0.2372 -0.821864 -2.02958 0
0.715756 -0.713038 -1.20267 0
0.528747 -1.64902 -2.75022 0
1.02813 -2.32216 -2.7503 0
0.611471 -2.91742 2.84817 0
0.0698441 -3.26597 -1.01684 0
0.152166 -3.31431 1.38942 0
0.030474 1.90357 1.86904 0
0.122495 -1.56625 1.72852 0
0.0721981 -1.49912 3.10502 0
0.0678885 1.05663 0.18289 0
0.0138788 -0.215978 -2.30274 60.0508510632213
0.147043 1.62235 -0.836302 36.7167554820251
0.304618 -0.15098 2.08686 0
0.0982325 -0.491536 -0.8433 0
0.118989 -0.482117 0.0619964 0
1.28243 -0.199828 -0.452265 0
0.631528 -2.62743 -2.35984 0
0.803683 -2.49374 -2.83831 0
0.0158289 -5.61652 -0.458074 7.84065812235456e-06
0.0571242 -5.74511 -0.45434 8.91710502618209e-06
3.4626 -0.329119 -0.418253 5.52628132427221
0.340657 -0.285049 -0.64204 56.6941410214867
0.436195 4.13229 -2.09171 1.38965067456296
0.235502 3.64112 3.06032 4.21232467042982
0.15655 -4.3931 2.678 0
0.376543 -5.9442 -1.1145 0
0.336051 2.96506 -0.418527 2.35484289210063
0.109545 2.92127 0.132476 9.48323078459125
