0.229326 10.9009 -1.73273 0
0.48536 4.55719 -3.07834 0
0.646726 1.97052 -2.85619 0
0.226676 2.19819 2.26284 0
0.222138 -4.57667 2.33103 0
0.530245 -0.261081 0.0988991 0
0.547382 4.2447 -2.11639 0
0.371932 6.08686 -1.27271 0
0.321884 6.00822 -0.897701 0
0.326927 -1.74796 2.31344 0
0.297248 0.519391 2.1314 0
0.701801 1.51052 0.114954 0
0.336899 3.82469 2.5542 0
0.725474 3.61657 -0.195854 0
0.634105 3.98382 -3.12489 0
0.356693 -2.83491 -1.91632 0
0.141886 -5.44371 -2.62467 0
0.516775 -3.79837 1.15577 0
0.177431 -5.98982 -2.04926 0
0.570725 -2.61758 -1.54939 0
0.37781 -4.40566 1.63947 0
0.320064 -3.58067 -2.96358 0
0.738732 -7.57157 3.0385 0
0.172558 -6.4761 3.02902 0
0.100433 -5.60968 2.16928 0
0.247519 1.47217 2.13422 0
0.338428 2.76994 1.95077 0
1.18332 2.69604 2.49803 0
1.5864 1.71534 2.03104 0
0.259924 2.72946 2.95738 0
0.479988 2.31892 1.69442 0
0.278477 1.02869 -2.4664 0
1.12038 0.447233 0.0591849 0
0.323246 0.678236 -0.171409 0
1.1407 -0.163413 -0.360054 0
0.176177 -1.39948 -1.54565 0
0.493622 -4.48742 -2.36539 0
0.225265 -5.24072 -0.900028 0
0.411856 -4.91191 2.15036 0
0.534154 -5.7057 -1.39842 0
0.147463 -6.71668 -0.501296 0
0.728106 -7.82352 1.23851 0
0.24631 1.18077 -0.181764 0
0.0833637 -6.39211 0.911228 0
0.837043 -6.46489 0.815163 0
1.02186 -6.95392 1.61207 0
0.278615 -6.13952 1.01359 0
0.579392 -3.67714 0.587559 0
0.254576 -3.33454 2.77655 0
0.212295 -4.12324 0.00196098 0
0.500031 -4.21314 -2.68613 0
0.543577 -1.33819 -0.654546 0
0.340107 1.58056 -0.707805 0
0.710869 1.74308 -0.948162 0
0.0549605 3.22203 -2.45085 0
0.796014 4.29322 -0.871815 0
0.159523 3.48062 2.71101 0
0.445568 -0.619168 -0.441589 0
0.552673 -0.26249 -0.414353 0
0.266093 1.09688 2.08629 0
0.377113 2.74612 -0.976602 0
0.0549627 3.99384 -0.0366841 0
1.87328 3.77936 0.633007 0
0.564344 4.03734 0.65834 0
0.364388 4.02488 3.01304 0
0.647054 4.5781 0.510771 0
0.553199 3.79602 -0.517325 0
0.676885 4.1627 2.12294 0
0.234982 2.80434 1.95758 0
0.62636 1.54277 1.55468 0
0.401808 2.22349 1.98034 0
0.15727 0.0721415 -1.81148 0
0.0827589 -1.09219 2.6264 0
0.404791 -3.75207 -1.69557 0
0.389725 -3.38652 -3.11146 0
0.867528 -5.42444 -1.94388 0
0.538538 -5.35408 -1.51545 0
0.359891 -4.99326 -2.05174 0
0.356199 -7.40055 0.772269 0
0.320434 -0.386829 2.30034 0
0.183243 1.41721 1.95347 0
0.265057 3.43882 2.56588 0
0.0904165 2.67657 -1.89342 0
0.157 4.55453 0.547447 0
1.22342 2.37092 2.2498 0
1.08686 1.84402 2.65586 0
0.165125 -4.69783 -1.93832 0
0.244575 -2.93162 0.727225 0
0.569617 -4.31256 0.260315 0
0.267085 -6.88696 -2.1969 0
0.175784 1.00357 2.09967 23.5393833708133
0.0514123 3.84396 -2.21873 0
0.349184 2.57527 1.21535 0
0.174473 3.91185 -0.328837 0
0.591217 4.61628 -1.08384 0
0.0605217 -1.7496 -2.51367 6.64733249399735e-08
0.266962 -1.09406 -1.33535 4.97642987303308e-08
0.0135803 -4.00284 -0.045074 3.503350345482e-09
0.22561 -2.03037 1.32694 1.36672063356896e-09
0.104126 -4.73067 -0.00114676 0
0.338965 -4.08763 2.8895 0
0.079735 -4.16286 -2.49052 1.02894456305154e-07
0.183504 -4.79145 -2.84239 7.78009455762893e-08
0.30841 -6.33422 -0.502974 0
0.173653 -5.307 -0.27822 0
0.390672 -2.07368 2.76019 7.5082814842151
0.162103 4.54632 -1.25898 0
0.333197 3.89286 -2.27461 0
0.247681 -1.9613 -3.03117 0
0.14309 -2.56986 0.683586 0
0.213435 -0.204068 -0.518489 34.9945035231083
0.353042 -0.555717 -2.11003 18.6494237456542
0.19703 -2.78526 1.77096 33.9379166222828
0.164833 -4.38699 0.947838 8.20234278546532
0.457283 1.31736 0.000491212 15.0766492397954
0.172541 0.632823 -0.631276 73.0283811638602
0.315493 3.52958 -1.75218 0
0.656039 4.69196 -2.21467 0
