0.892606 -8.71466 -2.30543 0
0.0907991 -7.27065 -2.63624 0
0.482048 -4.75104 -0.971446 0
0.508165 -5.5383 2.32519 0
0.757276 -2.9564 1.40913 0
0.20069 -1.89885 -2.29404 0
0.518225 -3.49527 2.71101 0
0.959003 4.78345 -0.56186 0
1.05785 4.23532 -0.123707 0
0.461274 2.35719 -1.63718 0
0.107799 5.10777 0.490174 0
1.25627 0.49581 0.121996 0
0.918821 1.06829 1.15675 0
0.758064 -0.804027 -0.328426 0
0.328555 -0.989379 0.906044 0
0.964328 -1.97728 1.90595 0
0.631071 -1.46248 1.71062 0
0.548542 -1.19284 2.07859 0
0.609763 -0.762643 2.54226 0
0.366615 5.18131 -2.32362 0
0.47254 4.7 1.26884 0
0.273962 10.127 -0.414515 0
0.37506 8.07406 -3.03029 0
0.237891 7.30532 0.312225 0
0.129437 5.81605 -0.330663 0
0.117428 5.30612 -1.60468 0
0.277402 2.70549 -1.82001 0
0.27707 1.78479 0.478077 0
0.434146 0.046457 -1.24992 0
0.265741 0.880837 1.47611 0
0.0958126 -2.37564 -0.0870301 0
0.718707 -2.67025 -1.90799 0
0.742632 -2.28682 -2.2478 0
0.740466 -1.48615 2.3471 0
1.17766 -1.08231 2.30431 0
0.415712 -0.619915 2.6422 0
0.226336 -1.14079 -1.5466 0
1.08378 0.693699 -1.667 0
0.130295 1.45207 0.61953 0
0.828493 0.0466492 -2.8252 0
0.507162 0.831703 2.722 0
0.559507 4.89395 -2.60789 0
0.708736 5.53218 2.9105 0
0.0261493 6.54055 0.52073 0
0.287286 -7.48604 -2.07336 0
0.312451 -6.93338 2.67141 0
0.932647 3.26019 -0.259736 0
0.408791 3.79587 -0.899643 0
0.285519 -1.36676 2.80646 0
0.342345 -2.07421 2.80456 0
0.891223 7.64577 -0.555474 0
0.33456 7.92728 0.692599 0
