0.723133 -4.4891 -1.74448 0
0.831307 -2.13228 -1.00265 0
0.252114 -1.24919 -1.28825 0
0.827354 1.61489 2.83686 0
0.152329 0.147477 -0.513698 0
0.292713 7.47946 -1.26508 0
0.542758 7.1544 1.35727 0
0.547991 7.8197 2.59518 0
1.11956 2.24397 0.294871 0
0.663532 1.26029 2.18256 0
1.82239 -0.140657 0.752304 0
0.920582 0.512283 1.00373 0
2.58103 0.18687 0.440484 0
0.294464 0.554985 -1.21712 0
0.483631 -0.560898 -1.52407 0
1.58773 -0.280926 2.62438 0
0.408724 -1.89778 -0.0921224 0
0.123266 -7.7763 -0.95812 0
0.552146 -7.21374 -2.14107 0
0.75265 -3.0204 -1.11832 0
0.61188 -1.50545 -1.60363 0
0.454232 -2.1912 2.85467 0
1.07796 -1.28195 -1.13283 0
0.737498 -0.832255 -0.915266 0
1.30132 -0.450747 -0.956767 0
0.718338 -0.469024 0.471658 0
0.486965 1.46237 0.757961 0
0.284354 3.67606 2.45236 0
0.358722 6.01041 -2.06361 0
0.0214594 7.2679 -1.07547 0
0.322413 3.74494 -2.49608 0
0.700529 4.94921 -2.44736 0
0.115866 0.495006 2.65757 0
0.93073 0.694423 0.0758842 0
2.53037 0.625383 0.672469 0
1.14488 -0.04211 0.87188 0
0.290854 -0.297952 -1.02888 0
0.25895 0.531874 2.55573 0
1.74476 -0.335207 3.03768 0
0.0409746 -2.41063 -2.43658 0
3.25786 -0.517895 3.04952 0
1.56926 -0.369772 -2.93892 0
0.624685 -1.86795 -0.141002 0
0.358201 -4.70122 2.92649 0
0.350516 -4.65374 -1.75535 0
0.195161 -5.26976 2.57118 0
0.428663 -7.52371 1.66115 0
0.359736 -7.42754 3.01983 0
0.413845 -5.48315 -2.50738 0
0.390886 -4.36528 -2.20076 0
0.354044 -2.62191 -2.00019 0
0.107898 -3.58015 -2.8836 0
0.111455 4.61068 -1.36197 0
0.163101 4.29361 0.451362 0
0.741846 -0.268389 -3.05549 0
0.454775 -0.172469 2.66985 0
0.311715 -0.724582 -2.61148 66.3595291669194
0.618979 -0.602414 -1.66691 35.9632237074618
0.185123 -2.23708 -0.876981 0
0.634589 -3.02023 -2.45388 0
0.335614 3.66444 0.160018 3.77471597469233e-08
0.300786 4.42096 -0.0874107 1.16398980261871e-08
