1.49854 -1.71996 3.04263 0
4.64532 -1.68808 -3.10529 0
1.2262 -0.936243 -2.88538 0
0.785008 -2.96094 -1.89275 0
0.23846 -0.661143 -1.74113 0
0.644129 -1.19607 -1.71495 0
0.128782 -1.08069 0.0897311 0
0.56169 -2.91014 -1.13665 0
0.411405 -3.62362 -0.922646 0
0.217827 -1.89214 3.06418 0
0.313337 -1.20679 2.08509 0
0.0379148 -3.58012 1.39453 0
0.917898 0.945222 -1.98563 3.45680501981464e-13
1.23538 1.9437 0.423664 7.43001703390338e-14
5.0737 1.14284 0.444003 7.25351277489069e-14
1.12601 1.02476 -2.73137 1.66112261585052e-14
0.855208 0.655354 -2.66924 3.13880675080248e-14
0.861303 1.205 2.17786 3.6284648882075e-14
1.65563 0.0253171 0.815183 5.64790850304906e-14
0.527216 -0.373927 1.40382 5.05340338102241e-14
0.915112 -0.65135 0.161938 3.28663193174665e-14
1.12857 -0.0817044 0.676914 5.34533391088389e-14
1.62993 -0.0312685 0.49374 5.45121603152541e-14
3.0509 -0.0883051 0.376632 5.29863494750963e-14
4.44732 2.32088 0.715107 0
2.52075 2.14848 0.979118 0
0.835323 0.412293 2.64974 0
2.80205 0.232431 1.34965 0
0.81515 4.71683 2.56719 0
0.32256 3.3501 -1.48214 0
0.3979 -0.745431 0.376811 0
0.535672 -3.0837 1.49918 0
0.755638 -3.12189 0.987577 0
0.201094 -3.92359 -3.02155 0
0.110883 0.995207 -2.73266 1.29833351999142e-14
1.64246 -0.80136 -2.09361 3.00603521399845e-14
1.03628 -1.11648 -3.07554 2.98504884906917e-14
0.917085 -0.992631 -2.88287 3.04277892990192e-14
1.18534 -0.828753 -2.5563 3.03173451144327e-14
16.4315 -1.20361 -2.82357 3.00749390480751e-14
1.36537 -1.24114 3.05407 2.89764135987789e-14
3.99299 -1.35144 -2.87208 2.95717518611592e-14
5.66448 -1.3318 -3.04326 2.92469480076001e-14
0.269165 -6.73686 -1.63538 0
0.216225 -3.1101 -0.206247 0
0.603293 0.65864 -0.93212 0
0.976775 3.49504 1.18068 0
0.251295 2.41332 -1.06784 0
0.878274 4.45482 0.855628 0
0.414238 2.87559 -0.886849 0
0.304367 2.97934 -1.32581 0
0.975042 3.10403 -1.7504 0
0.459002 1.88781 -0.980875 0
0.0906971 3.14752 0.893106 0
2.91893 3.07994 -1.47208 0
1.22468 2.04146 -0.712427 0
0.62308 1.77969 -0.0819476 0
0.890448 1.4586 -1.40654 0
0.484065 0.493793 -0.212618 0
0.353999 -3.30199 -2.96768 0
0.497001 -3.64512 -2.95774 0
0.87499 -2.69454 2.04289 0
0.78172 -6.33137 -1.46832 0
1.07566 -5.30547 2.24254 0
0.539109 -1.77102 -2.2331 0
0.266958 -0.429751 -2.62155 0
0.780937 -0.0539081 -2.01241 0
0.58625 -0.0303656 -1.91403 0
1.7886 -0.708521 -2.09244 0
1.59869 -0.438314 -1.73387 0
0.109794 -1.0086 1.02727 0
0.702449 -1.66446 -2.34094 0
0.601116 2.76464 -0.0554068 0
0.787006 2.07137 1.4864 0
1.02594 4.18377 2.48884 0
2.88839 5.91151 2.34345 0
0.26016 5.51281 2.08944 0
0.987229 6.14461 2.09248 0
0.511957 4.56298 0.407436 0
0.271389 3.11052 2.09105 0
0.334104 0.134963 0.0912408 0
0.149686 -1.10889 0.517059 0
0.349812 -3.8279 -2.13453 0
0.201939 -7.34049 -0.810366 0
0.722028 -6.51628 0.614126 0
0.280042 1.45927 1.71427 0
0.642166 5.23154 0.134518 0
0.307717 6.07168 -2.7587 0
1.64956 6.56966 -0.830898 0
0.544773 5.50837 -1.42532 0
0.311582 5.02495 -0.213557 0
0.184489 1.7214 -1.91117 0
1.08991 -2.1406 0.6105 0
2.3681 -2.81421 -0.317646 0
0.191328 -3.82832 -0.637409 0
0.85541 -3.14726 -1.41305 0
0.585688 -4.54329 -2.43018 0
1.26001 -5.81794 -2.18545 0
0.34167 -6.52398 3.06087 0
0.514247 0.710444 2.55091 0
0.254883 3.68199 -1.89568 0
0.646006 -2.1082 -0.883014 0
0.441758 -1.91985 2.75566 0
0.2597 -2.5796 -2.13176 0
0.615206 -2.79805 -2.10211 0
0.704757 -3.31579 -2.69499 0
0.220207 -3.3248 -2.28064 0
0.35215 -2.21231 2.35347 0
1.52571 -1.55758 2.05318 0
0.267551 -2.36151 2.56748 0
1.34476 -1.63636 2.53727 0
1.35662 -1.96442 1.9615 0
1.09849 -1.8137 2.78009 0
0.203481 -2.07181 1.17724 0
0.137163 0.795426 -1.7915 0
0.484502 -0.500445 -1.84831 0
2.64185 1.17513 -1.97078 3.21605895499892e-13
3.88968 1.1621 -1.82 3.18215836455131e-13
1.17726 1.40015 -0.410618 1.71980043020562e-13
0.168573 2.32652 -0.265704 1.39024970252501e-13
0.288858 1.96786 1.98541 1.69838685488465e-13
0.845286 1.29751 0.690291 2.6843397015871e-14
0.0952274 0.804819 0.220802 1.67593349787568e-13
13.5059 1.44015 0.481901 3.22676816634472e-14
1.98227 1.6097 0.550978 3.18455435616494e-14
6.91845 1.05236 -3.06173 1.90430832581557e-14
0.440453 0.397358 -2.71602 4.20658809956968e-14
1.9006 1.01348 -3.05656 2.02238207994927e-14
3.78858 0.987567 -3.07527 2.13652375307236e-14
11.9981 2.25611 0.805671 0
1.34494 2.09346 0.845122 0
3.28559 0.423856 1.47536 0
0.595207 4.5733 -1.00899 0
0.115719 2.61637 2.72318 0
0.41796 -1.02521 1.18541 0
0.877123 0.801615 -2.19618 1.87635875383893e-15
0.473977 -0.954508 -2.7885 3.05104053641098e-14
0.138084 -5.38158 -1.82373 0
0.288804 -3.54536 3.10949 0
0.270604 1.67124 -1.98521 0
0.676395 3.79261 2.40737 0
0.794151 4.35422 1.58854 0
1.19409 3.19251 -1.41096 0
0.856656 1.77272 0.450466 0
0.684254 1.20444 0.840031 0
0.538481 1.66144 0.0400239 0
0.399925 -1.34573 1.00171 0
0.764777 -1.48 1.48879 0
0.175608 -4.80152 -2.5873 0
0.503864 -3.99596 -3.02799 0
0.52788 -4.58217 1.98332 0
0.901661 -5.40451 2.35905 0
0.841876 -3.58042 0.874987 0
0.309888 -1.1405 -1.69856 0
0.573373 -1.09172 -1.98297 0
0.527269 0.455456 0.983687 0
0.642059 -0.714065 1.71461 0
0.501547 0.252896 3.03529 0
2.68031 0.949018 1.6139 0
0.574618 1.68607 1.6489 0
0.127627 2.61693 -1.56505 0
0.462437 3.82198 -0.0722289 0
1.38591 3.28537 1.07292 0
0.186435 4.40778 1.67655 0
1.37025 4.37871 1.83204 0
0.556291 5.64955 -2.87949 0
1.17994 5.40356 2.25666 0
0.197231 6.831 -0.869157 0
0.244393 5.17059 0.584359 0
0.502483 5.84803 3.05398 0
1.12524 5.61862 2.66623 0
0.222379 5.22402 1.26724 0
0.366935 4.66354 -2.63393 0
0.0780411 4.50893 2.81681 0
0.389644 2.1648 2.34738 0
0.127127 1.10245 2.54971 0
0.294134 -2.38192 -1.47762 0
0.105633 -3.1161 -1.62721 0
0.502837 -0.0798278 -2.21942 0
0.34669 1.90213 3.01954 0
0.266034 4.11253 0.456776 0
0.156196 6.31794 2.71309 0
0.469915 7.62872 0.481831 0
0.39883 4.8557 2.43442 0
0.128698 3.44141 -1.53571 0
0.874107 5.5421 -1.84036 0
0.176925 5.80816 -0.568082 0
0.745963 6.57152 -1.07342 0
0.229994 6.51682 2.19452 0
1.27804 6.46053 0.235488 0
0.664949 4.91891 -1.41705 0
0.11131 6.87202 2.16964 0
0.361101 3.23186 -1.78605 0
0.543603 4.20551 2.60573 0
0.325595 3.35598 -2.38078 0
2.23498 2.03962 -1.9321 0
0.242421 0.839227 -1.38926 0
0.848404 -0.27915 0.520502 0
0.509146 0.508117 -1.26921 0
0.410543 -1.51437 -0.461683 0
0.626044 -2.1715 0.0784566 0
1.08374 -2.65576 0.468756 0
3.04601 -2.34396 0.104739 0
1.01457 -2.73893 -1.39182 0
0.782142 -2.64663 -0.0595022 0
0.656394 -2.91072 -0.581291 0
0.501073 -5.49764 -2.70345 0
0.629158 -5.80876 2.39137 0
0.493253 -1.2314 -2.5065 0
0.0630727 -2.67339 1.81402 0
0.297257 -1.42921 1.78571 0
0.248004 -2.94355 -1.25145 0
19.904 1.4799 0.429291 0.00993428653287802
28.975 1.4667 0.459205 0.0155341056588106
4.50118 1.09507 -3.0792 0.0582084718586366
8.39094 1.1287 3.128 0.00395944175286849
0.386207 0.678242 -0.304339 5.73920458466715e-14
0.52551 0.447869 0.262194 6.02863171279357e-14
8.59065 -0.209089 0.417386 0.539442829134241
0.628903 -0.0955935 0.583576 2.62254358150316
2.45972 2.16118 0.904457 0
1.13599 2.08761 0.67819 0
0.270093 -0.982329 -1.95488 3.05015320337643e-14
0.288223 -0.194712 -1.8342 2.42532506107086e-14
2.47014 -1.27371 -2.96706 2.9622011105318e-14
0.204559 -0.957197 -2.98969 3.03771538390403e-14
0.297585 -7.05091 -3.09465 7.47062486105563e-08
0.140027 -7.03766 2.82851 1.47957549865338e-07
0.0234019 -2.78902 0.441952 2.73923641362566e-06
0.157774 -4.92554 1.50633 3.71524512455967e-07
0.137588 4.85347 1.46085 0
0.0863443 4.29213 -3.04453 0
0.168674 -2.60653 2.28504 0
0.69704 -2.24795 1.21909 0
0.175067 -0.883967 3.14104 3.72473334877421e-08
0.398614 -0.0984433 -2.87694 4.37820788360743e-08
0.640055 0.516233 0.998953 0
1.06807 0.0821703 1.18205 0
0.331627 5.8795 2.40998 0
0.55669 5.71417 2.75503 0
0.32347 -7.54142 0.0642926 0
1.23313 -7.16111 -0.501457 0
0.337132 -7.39574 -0.73004 0
0.159412 -6.34387 0.0442939 0
0.325816 -1.86246 -1.00897 0
0.0910083 -2.77642 -1.99598 0
0.077998 1.47644 1.22544 0
0.206679 1.64689 -2.21519 0
0.328375 4.9262 -3.03944 0
0.390243 4.70441 -2.35818 0
0.081614 2.54478 -1.07136 0
0.242203 1.64162 -0.0834617 0
0.165735 0.939706 0.256279 23.2155429324963
0.158928 -2.89986 3.02618 0
0.462009 -3.68005 -3.11747 0
0.256979 -5.01954 -2.51765 0
0.543206 -4.20686 -2.464 0
0.183223 -4.546 1.62583 0
0.0494007 -4.74957 -2.60791 0
0.208928 2.6456 -0.91128 1.49032237089884e-05
0.0831043 2.52297 -1.21451 5.31777734691685e-06
0.172417 2.23349 0.930376 0.000102417645509667
0.0956174 2.23432 0.936633 0.000102555820061835
0.329756 -0.910287 -2.02782 25.3212024203775
0.0608607 -2.94381 2.35427 20.7558846054624
0.230968 1.55377 1.80339 1.2610238499376
0.0475809 -0.344934 -2.03587 14.1219127583065
1.79281 -0.233044 0.159349 5.13787378431423
0.408314 0.0580766 0.437597 23.04738811609
0.272716 -2.50417 -0.808726 57.1878972654805
0.513463 -2.329 0.323787 36.0701739315116
0.202437 -2.52592 -2.34029 39.489481630914
0.243802 -3.55012 2.54687 11.8847336885284
0.0766841 -3.29659 1.39943 56.7991729241269
0.392517 -3.2421 -2.32381 11.6362331945969
1.2427 1.10099 -2.76519 26.1276020016022
1.46146 1.01767 -3.06018 23.7017638533544
0.148595 4.23429 -1.20522 4.77102392128758
0.412758 3.22503 0.194075 4.70560570797848
0.0240905 -2.78255 2.19913 1.04251010232679
0.617488 -0.977734 -0.509548 0.217346797308032
3.01406 0.240105 1.53543 0.105688429592488
3.16409 0.413589 1.67184 0.589863750991649
0.166349 2.37457 2.92716 23.5587837677346
0.271197 -5.80661 1.4374 0
0.395469 -4.90289 -0.859882 0
0.170198 -0.890515 3.05819 7.78693535495909e-06
0.103847 -0.549753 3.0052 1.29004680991883e-06
0.389194 1.49923 -0.208639 13.2020580171819
0.0821051 1.31362 1.60872 73.3040158566611
0.255295 -2.57755 -0.410715 9.29580748813653e-08
0.63533 -2.89808 -0.0244562 8.94093804132813e-09
3.6604 0.132593 1.54839 0.632330757379329
13.9165 0.27309 1.50295 0.141861039913011
2.23986 0.375242 -2.02637 0.0928296347443893
2.20804 0.587862 1.59511 1.1593663862658
10.426 0.438912 -2.06057 0.660933102129217
1.50132 0.30342 -2.01829 0.330783562196732
7.17215 0.392157 -1.98383 0.252208755591425
