0.771641 9.80469 -2.49299 0
0.611091 -4.54921 2.1392 0
0.0877218 -2.98346 1.89665 0
0.59159 -2.32821 -2.87859 0
1.56426 -1.51503 -0.812312 0
0.408795 2.13282 1.63204 0
0.467858 -1.95545 2.01214 0
0.236731 1.6259 -1.00892 0
0.741744 0.427054 -1.56372 0
0.427525 -1.32628 0.514641 0
0.225826 -4.50656 1.16791 0
0.249562 -7.40028 -0.970529 0
0.552531 -7.14037 1.11699 0
0.336022 -10.2165 -0.365961 0
0.419421 -4.38968 3.0825 0
0.354435 -3.21202 0.802733 0
0.188066 -4.7778 -2.65003 0
0.629831 1.44924 -3.08918 0
0.701906 -0.464813 1.73311 0
0.228156 -9.1868 2.77842 0
0.054309 -5.55751 -2.42084 4.8915633981658
0.996891 -3.02349 -0.449758 0.249618378883746
0.910992 -1.74063 -1.78169 0
0.640223 -1.63952 -1.44332 0
0.231808 -0.11352 1.60632 0
0.287859 1.09437 1.48888 0
0.166696 -0.610444 -1.3443 8.67678086501286e-09
0.0971022 -0.607568 1.36521 1.15908253611123e-08
0.20803 0.130895 2.40718 0
0.0788371 -1.08243 0.212413 0
0.126581 -1.29234 2.88468 0
0.336999 -1.7348 1.52376 0
