0.369711 0.343606 -0.0274137 0
0.518249 -2.0566 1.10166 0
0.788989 5.08267 0.264195 0
0.464904 3.50455 1.84357 0
0.599523 0.870065 -1.17775 0
0.760987 -0.0876891 3.09524 0
0.399983 -3.40598 2.25546 0
0.737653 -6.50008 3.09335 0
0.360555 -6.01767 1.40256 0
0.455111 -7.6643 -2.49717 0
0.0802745 -7.23173 0.864454 0
0.194074 -5.39239 -1.99206 0
0.367626 -3.59944 0.528343 0
0.646731 -3.15443 -3.12046 0
0.995156 -0.435593 0.631922 0
1.03064 -0.52158 1.04308 0
0.897738 -0.586606 0.964006 0
0.454099 0.175342 -1.90268 0
9.52703 0.982378 -2.16775 0
0.882017 1.33836 -2.18196 0
0.823921 1.96857 -1.7724 0
1.69263 1.27893 2.97981 0
0.178881 7.03542 0.376054 0
0.386779 7.89658 -1.45766 0
0.195196 7.53985 3.00001 0
0.26472 -2.55889 -2.89651 0
0.052476 -1.78767 -0.417679 0
0.415539 -2.47192 -1.05682 0
0.216894 -3.18588 1.66608 0
0.331701 -4.33121 2.34741 0
0.641253 -4.45277 1.31411 0
0.434545 -3.80814 -1.05396 0
0.913505 2.68925 -1.7672 0
0.139874 4.36683 1.06092 0
0.266834 2.67606 2.27585 0
0.696841 5.84885 1.44748 0
0.509515 7.35408 -3.0272 0
0.258201 9.77015 0.288335 0
0.577567 -5.5911 -2.34595 0
0.903893 -5.82705 1.44419 0
0.372179 0.360929 0.65829 0
0.661378 1.88401 -0.556662 0
0.293749 4.16683 1.84472 0
4.60654 5.09628 1.2722 0
0.360189 4.7523 1.54333 0
0.270154 4.98482 2.40967 0
0.201651 3.24438 -2.94802 0
0.152402 0.973568 -0.730549 0
3.66039 1.08906 -0.820831 0
1.64225 1.28748 -1.29064 0
0.325001 -0.651185 1.2267 0
0.310559 0.253259 0.819973 0
0.898293 -0.415334 0.858867 0
0.441032 3.91589 -2.13437 0
0.502691 3.00752 1.63089 0
0.294201 1.91925 -1.79817 0
0.49499 -2.38007 -2.8387 0
0.497505 -1.78239 -1.47888 0
0.497876 -3.68351 -2.01916 0
0.1448 -2.71696 1.33233 0
0.473905 -1.67362 -0.113319 0
0.867165 -5.33966 -1.5946 0
0.678509 -5.64112 -0.772929 0
0.397369 -1.2629 1.31234 0
0.802979 -0.699406 0.551337 0
0.13292 0.177088 1.78945 0
1.02744 -1.14865 0.463542 0
1.3244 -0.697563 2.09442 0
0.169359 -0.246232 0.657983 0
0.326351 1.95481 2.04071 0
0.368848 0.645287 2.41615 0
0.0113071 3.96683 0.768174 0
1.72365 1.40096 -2.12658 0
0.0572444 1.80769 2.41251 0
1.05594 1.08311 -2.04011 0
11.2958 1.008 -2.19189 0
5.28606 1.14275 -2.26849 0
0.869875 1.17318 -2.55713 0
0.179162 1.2104 -2.1062 0
0.388929 2.91802 -0.825251 0
0.201673 2.86171 0.609915 0
0.421015 4.80749 -1.92312 0
0.770039 3.74893 -2.20613 0
0.430661 5.68572 -1.99591 0
0.253484 -0.691474 1.62062 0
0.575455 -0.940811 -0.227684 0
0.308677 -5.58573 1.26585 0
0.420825 -5.90901 0.446984 0
0.0845016 -7.1896 -0.107503 0
0.36934 4.10862 0.678318 0
0.147951 2.17371 1.74383 0
0.130826 4.57052 -3.03669 0
0.393364 6.80516 0.104662 0
0.337808 -6.84808 0.548036 0
0.0108939 -10.3933 -1.22695 0
0.162803 -5.23144 -1.17059 0
0.407817 -5.68538 -1.14711 0
0.372196 -3.39466 -3.01849 0
0.376616 0.403864 1.88498 0
0.358294 0.226964 -1.10861 0
0.23713 2.03611 1.37298 0
0.317747 3.91216 -0.74489 0
0.385083 3.93128 1.82711 0
1.13723 4.93026 1.46537 0
1.00432 5.31668 1.21229 0
3.30445 4.95967 1.31006 0
0.654475 5.08439 0.760736 0
1.46848 5.08457 1.36077 0
0.606678 1.57805 -0.653313 0
0.299903 0.710946 -1.6536 0
0.0276168 2.78481 -3.09668 0
0.355099 0.862734 -0.386723 0
1.08764 1.3919 1.16924 0
0.0921241 -0.875128 -1.46858 0.111603282332107
0.447341 -2.83997 -2.80067 0
0.155473 -3.06587 2.25109 0
0.315076 -4.05636 -1.69374 0
0.200162 -3.90111 3.03158 0
0.0778221 -8.8888 1.79284 0
0.15536 -8.26066 -0.639869 0
0.168253 -4.04301 1.12715 0
0.0973104 -4.16481 1.66986 0
0.113482 -1.3882 -0.812049 1.53887109215117e-06
0.104084 -1.39518 -0.834908 1.53132680118685e-06
0.11655 -1.80595 0.925826 0
0.592802 -1.41353 0.267779 0
0.193136 -1.02103 -2.20512 0
0.209725 -0.389951 -1.73976 0
0.300506 -4.76692 -1.77043 2.10606132661805e-07
0.167447 -5.45172 -2.62414 1.11421550866854e-07
0.0520323 -2.38252 0.381607 9.36606890803555e-08
0.239945 -1.88581 2.48055 2.55370417598387e-08
0.255085 -0.59264 -2.48492 0
0.34463 -0.871231 -0.548617 0
0.0405956 1.5941 2.96169 0
0.087456 2.51886 0.436235 0
0.315749 -7.91669 0.413054 0
0.147226 -8.5606 1.94009 0
0.0289572 -2.22396 -2.87772 0
0.331957 5.24158 2.00206 0
0.563864 4.83171 1.82701 0
0.150609 1.54093 0.228054 1.23076222881265e-05
0.230145 1.63863 0.521632 1.40360187614877e-05
0.579297 0.864446 1.55323 1.28139671941565
0.931144 0.54387 1.35133 0
0.355741 0.403219 0.457454 0
0.289854 -0.18173 0.259881 0
0.18729 0.80451 0.95742 0
0.411837 0.873129 2.99049 6.59185531312482
0.257911 0.143754 -2.28388 14.6434046518385
1.49745 1.35691 -0.658582 0.873006295205923
0.702976 1.51922 -1.01786 1.60962757074748
0.0841247 3.16824 1.75165 26.7820300971564
0.443576 3.14875 -2.54773 5.16407399166177
0.374633 -2.70162 -0.126669 20.1500804678934
0.264793 -2.80691 -1.54081 25.6399708655011
0.296267 0.652324 0.542978 0
0.218479 2.43024 -0.148421 11.2014356961403
0.082737 1.66709 2.52504 95.7715867378867
