2.31996 3.81444 -0.0797977 0
0.154087 3.47214 0.944876 0
0.565966 -6.12093 -2.98773 0
0.0768081 -8.13652 -0.0260667 0
0.682925 -6.80895 -2.29849 0
0.95039 -0.37456 -0.71241 0
0.295322 -0.248107 2.39864 0
0.539331 -0.924092 -0.553063 0
0.478772 3.2907 -0.463049 0
0.250927 3.60631 -0.670842 0
0.56182 2.50716 0.701277 0
0.442326 5.62969 0.228088 0
3.0421 -3.12679 1.30585 5.36072033902264e-14
2.27718 -3.07627 1.43333 5.62181650646601e-14
1.72657 -3.09136 1.18151 5.50907851881657e-14
0.285551 -4.23933 -2.97864 0
1.24702 -3.85242 2.10079 0
0.738893 -4.01297 1.513 0
0.243814 -8.04832 -0.0768706 0
0.907644 -5.9463 0.0348823 0
0.217335 -4.22413 1.6831 0
0.747551 -4.10726 0.789 0
0.265922 -2.66307 1.03197 0
1.42136 -2.39935 2.62652 0
0.515311 -0.547006 -1.55979 0
0.964072 -0.441971 0.197821 0
0.197745 -2.44208 -0.488098 0
0.423644 -1.20816 -2.28806 0
1.18348 -1.60955 3.01363 0
0.42345 -0.85221 -2.47844 0
0.518167 -0.582625 -1.12469 0
2.1939 2.25946 -0.898086 0
0.174602 3.39377 2.16191 0
0.103399 6.16511 2.31746 0
0.188884 7.06138 -0.681403 0
0.849583 5.98201 2.3135 0
0.185149 9.00885 0.163163 0
0.307503 8.14441 -0.224002 0
0.414751 3.06492 0.943591 0
0.134739 4.83317 0.764876 0
0.127322 3.53026 1.28809 0
0.63861 6.25989 1.55081 0
0.129088 4.23707 1.79554 0
0.261175 4.56114 1.31557 0
0.504739 5.17872 -1.6589 0
0.1204 5.39528 1.81727 0
0.406099 -3.33517 1.11947 0
0.396987 -1.64674 1.20394 0
1.23572 -1.34727 0.8631 0
0.737516 -1.27674 0.799994 0
1.13065 -0.00786387 1.24555 0
0.343107 -1.02244 0.747099 0
1.15985 2.39699 1.27671 0
1.51326 2.0577 1.05716 0
0.540922 2.89932 -0.468042 0
0.781658 2.29591 0.893161 0
2.20296 2.53366 -0.362405 0
0.343957 0.99606 -2.83671 0
1.97108 1.66113 2.8729 0
0.185721 1.34984 1.55242 0
0.440616 1.63227 2.77291 0
0.284684 2.57023 -1.55852 0
0.444982 2.29774 2.3242 0
1.46521 1.83594 2.84944 0
1.04162 1.21109 -2.88707 0
0.465504 -6.73591 -2.44719 0
1.37249 -7.33388 -1.94688 0
0.165976 -9.4747 2.92579 0
0.255634 -8.41226 -2.02109 0
0.440143 0.550871 -1.22741 0
0.44035 1.65875 0.710183 0
0.0741317 3.21074 1.99803 0
0.439827 6.12758 -2.81666 0
0.273797 6.29776 -0.0578081 0
0.313982 3.34914 -2.75902 0
4.12045 -0.45397 -1.79583 4.92349733853579e-13
1.42931 -0.467466 -1.94375 4.89476048947247e-13
6.97101 -0.629164 -1.74859 4.50559366984629e-13
4.91931 -0.522886 -1.83816 4.76846343889273e-13
0.270091 -2.62385 -1.7461 7.31003093566675e-14
0.408857 -1.57308 2.89947 2.18908669220437e-13
0.265407 -7.7099 1.06286 0
0.236779 -6.09516 0.180222 0
0.5507 -5.05511 1.90503 0
0.22495 -6.44882 0.516051 0
0.0915512 -4.80444 0.107014 0
0.692419 -5.15329 2.23209 0
0.831726 -3.33973 1.44245 0
0.51062 -4.00051 0.885863 0
0.151169 -4.24799 -1.97051 0
0.363221 -5.42302 -2.9713 0
0.686804 -6.48818 0.819301 0
0.216947 -5.19992 -0.275585 0
0.420304 -6.21267 -3.01703 0
0.413452 -4.44179 -0.175348 0
0.461556 -4.74862 0.617773 0
1.1693 -3.0363 -2.99264 0
0.190364 -3.95743 2.21818 0
0.17744 -4.39777 0.978677 0
0.640564 -2.14033 3.072 0
2.63334 0.392884 -3.0503 0
0.761549 0.787663 -1.82796 0
0.549221 0.169383 -3.03953 0
0.0374732 -1.15705 1.09862 0
0.15446 -1.47222 -2.15543 0
1.65558 2.07871 -1.59661 0
0.0305031 3.10811 1.74456 0
0.72247 3.76016 -2.70942 0
0.268005 4.695 0.444643 0
0.370141 3.98926 2.31603 0
0.460622 5.55612 2.25648 0
0.511674 5.76099 -0.910484 0
0.451018 2.32725 0.917837 0
0.121398 3.84194 2.3419 0
0.484342 4.2062 0.870933 0
0.607486 5.63828 1.73225 0
0.307844 4.92927 0.86301 0
0.287663 6.52072 2.3914 0
0.42825 4.84422 -0.338077 0
0.967721 3.3568 -2.53592 0
1.69685 3.19922 -2.09879 0
0.567239 4.04068 -3.09187 0
0.0735628 2.97537 1.31091 0
0.271864 3.56954 -1.1409 0
0.424345 1.39817 0.444127 0
0.182646 -4.1763 2.98882 0
0.251014 -2.72748 -0.492408 0
0.926357 -1.893 1.58277 0
1.09492 -2.18079 1.14023 0
0.904107 -2.09146 1.96259 0
0.722831 -0.782765 0.939574 0
0.127312 -1.0405 -2.99369 0
0.072556 -4.69406 1.63526 5.07252098699359e-10
0.400011 1.88297 0.0917125 0
0.299555 0.775473 0.0465616 0
0.0997751 2.37547 0.0816333 0
0.192571 1.56706 2.12395 0
0.163954 1.49868 -0.102622 9.05573171625925e-09
0.384782 2.08283 0.213414 2.9948243374117e-09
1.74538 -3.13857 1.17699 4.49350105595882e-08
0.297488 -3.38352 1.14203 2.48697698528599e-07
0.189322 -5.50734 2.36713 4.21371503097018e-08
0.396558 -5.65378 1.95431 1.4226812117797e-08
0.404699 -3.76962 2.29752 0
0.421515 -4.55793 2.45716 0
0.830526 0.563237 -2.52546 0
0.239231 0.488226 -2.57849 0
0.216932 -3.393 -1.87019 0
0.147785 -3.20165 -1.10639 0
0.927493 -4.49158 -1.58235 8.01461589612428e-08
0.420497 -4.54841 -1.27586 1.61883863418529e-07
0.054679 2.05166 -3.10133 0
0.285661 0.445582 -2.53237 0
0.274466 1.68915 -1.65963 4.4414719123947e-08
0.148967 1.89566 -1.45317 8.34384520503323e-09
0.98291 3.32361 -1.95883 0
0.919255 3.67118 -2.05272 0
0.260478 0.0671315 0.227409 0
0.168271 -0.335002 -1.13539 0
0.120898 -4.66733 1.04236 0
0.270124 -4.45525 -1.96422 0
1.17814 -2.39627 -2.75537 0.75740938444113
0.440189 -2.16755 3.06215 2.53179875752763
1.78586 -1.1848 -3.02677 10.2247416355907
0.628983 -0.906956 -2.82069 36.0175968293503
1.09938 1.15636 0.059382 6.67406968269787
0.203578 1.27149 -0.502741 32.866874684833
0.0610066 3.47894 -1.9583 35.1725661747618
0.835762 2.93704 -1.08973 4.41302128227684
0.480041 1.68385 1.67945 2.95732613527592e-06
0.0503952 1.6801 1.68034 2.58332783110286e-06
0.122904 1.33446 2.91993 8.62718915638476
1.17626 1.50043 3.01362 0.768515490210942
0.734166 -2.20629 0.883798 20.9572820584349
0.0413133 -4.02934 0.203046 60.842282808055
0.0150341 7.24593 0.427675 2.11888172601149
0.238813 3.50836 -0.999599 5.60918531230988
0.943347 -3.27013 1.3566 7.69397151098298
0.457378 -3.88094 1.26783 8.59686319886119
0.219201 -4.07678 0.599661 2.44234981098605
0.0786123 -3.12053 -2.07869 17.6622774115364
0.422637 -4.48524 2.78851 0.0809839551911313
0.216952 -4.69111 2.94999 0.0771720195574666
