170.196 -1.16656 0.193353 4.87857120030489e-14
0.542614 -3.66732 -0.381226 0
1.25947 -5.50968 -2.2688 0
0.271163 -6.61599 -2.55197 0
1.68983 2.28377 1.89609 0
0.852558 1.86324 0.788688 0
0.713641 2.66031 1.41364 0
0.12661 3.57848 0.221781 0
1.17275 3.20067 2.02051 0
0.500444 4.73981 2.10713 0
1.18829 4.86324 2.79621 0
0.1603 -6.07717 0.0487895 0
0.329387 -4.24853 -2.91437 0
0.581932 -5.82821 1.42308 0
2.07455 -4.35127 0.972335 0
0.297412 -5.3093 0.288175 0
0.415384 -6.20898 -1.94028 0
1.03538 -0.978189 -2.53591 7.87189920223676e-14
1.16613 -1.05428 2.09736 1.89865910501762e-13
1.29744 -0.679282 2.83913 1.54148787987259e-13
2.5063 -0.502085 2.28887 2.34416618552041e-13
2.14886 -0.44973 2.09362 2.55422397020719e-13
1.4457 -3.41547 -2.97234 0
1.14666 -4.10705 -2.06397 0
0.718037 -3.1642 -2.43517 0
0.122423 -4.21876 -1.93916 0
0.757284 -3.59197 -0.730685 0
0.135664 -4.264 -1.15282 0
0.906863 -2.16244 -0.969709 0
1.23577 -2.40576 -0.585221 0
0.354994 -0.898996 -0.978915 0
0.585811 -0.530641 0.597403 0
1.08976 -0.909391 2.92594 0
0.918393 -1.77896 -1.98618 0
0.520129 -0.163234 -2.57586 0
0.422399 -1.76142 3.12517 0
0.4575 -0.109825 -1.40879 0
0.38646 -1.10309 -2.24782 0
0.138537 -2.91785 -2.34588 0
0.675977 0.536944 2.32484 0
0.656484 1.16518 2.91441 0
1.59022 0.468338 1.30081 0
2.2612 0.184556 1.50478 0
2.69193 0.851393 -0.779847 0
1.17266 0.940366 -0.224918 0
1.53794 0.326246 -0.770983 0
0.281314 -0.756954 0.942265 0
0.206259 -1.78348 2.41685 0
1.47249 -0.964058 1.97114 0
0.79199 -1.72773 2.77193 0
1.01952 -1.92396 3.12324 0
1.32447 -1.36378 2.88367 0
0.490627 -0.677355 -2.24544 0
1.74393 -0.987722 2.76922 0
9.75998 -0.718844 -3.12628 0
4.11488 -0.661949 0.0127247 1.28349311306484e-13
0.344069 -1.89523 -0.362598 1.42755246158737e-13
0.611256 -1.32966 -0.877084 1.94282394047603e-13
0.0549433 -3.49313 -0.632352 2.11288494142034e-13
0.493832 -2.43248 1.0528 1.96851825973776e-13
0.766871 -3.03996 2.17517 2.4037017682086e-13
0.976552 -1.92266 2.93913 3.03123567764275e-13
1.31093 -0.873807 2.94447 3.80383133885273e-13
1.5773 -1.44364 -2.58142 3.36406773679267e-13
0.822915 -1.37452 -2.1287 3.2462978718523e-13
0.998402 -2.07193 -2.15356 2.77872522337207e-13
0.321987 -1.28832 -2.52248 3.47671069831063e-13
0.525679 -2.90683 3.05651 2.57416950148122e-13
2.33026 -2.34971 -2.86728 2.79873934164531e-13
2.14717 -2.66468 2.99891 2.65332782165177e-13
0.230782 4.84932 0.708938 0
0.435953 1.36854 1.58987 0
0.180291 2.91627 0.873026 0
0.524403 -0.599031 -0.678223 0
0.808158 -3.65128 2.73122 0
0.449851 0.747611 1.30323 0
0.304885 1.41168 -2.3079 0
0.320649 2.85203 2.21388 0
0.59035 3.74359 0.806724 0
2.65771 2.80159 -0.312375 0
1.91984 2.80342 -0.664657 0
0.550772 3.0942 3.06545 0
0.581172 2.97774 -2.55745 0
0.577537 0.950308 -2.50686 0
0.725365 1.02521 -1.9777 0
0.613099 1.40377 -3.01068 0
0.312495 0.829539 -2.86445 0
0.633218 0.653723 -1.40918 0
0.118708 4.71231 2.08979 0
0.613473 2.18356 2.24515 0
0.260524 2.14189 -1.23259 0
1.1584 5.0757 2.78994 0
0.561792 5.42573 -2.55331 0
0.712821 5.32388 2.65828 0
0.804117 6.96826 0.0227955 0
1.3281 5.81972 -1.35055 0
1.04025 7.42208 -0.437552 0
0.202083 7.43544 -3.00651 0
0.156233 8.16375 -1.59005 0
0.455447 6.4154 0.0922458 0
0.401989 -1.33824 2.81834 0
0.640988 -1.65812 -1.0389 0
0.255062 -2.07301 2.72431 0
0.204772 -1.84592 -1.57651 0
0.533462 -2.60872 -1.71205 0
0.223993 -4.18195 -0.291265 0
0.662305 7.72955 2.81153 0
0.769779 5.03494 2.39084 0
0.384422 1.94769 -0.892097 0
0.281905 -1.64835 2.32446 0
0.435645 -0.333536 1.41772 0
0.722059 -1.63867 -0.813387 0
0.333495 -3.17055 0.668448 0
0.329224 -3.7893 -2.2516 0
0.242129 -5.78705 -2.76092 0
0.733497 -4.71773 -1.50223 0
0.800778 1.10792 1.36286 0
2.38946 1.66941 0.131067 0
0.199374 1.25488 0.753443 0
0.941464 4.12768 2.36742 0
0.296075 5.37913 2.34152 0
2.35438 5.01416 2.92521 0
0.228282 5.82826 2.89753 0
0.261006 -3.8941 -1.94197 0
1.5876 -4.43738 -0.273965 0
0.755006 -4.53645 -1.02848 0
0.430041 -2.80507 -0.113694 0
2.07219 -3.87098 0.205632 0
0.234227 -4.38916 1.25058 0
1.29713 -4.32208 1.92715 0
0.179424 -8.81036 -1.7243 0
0.0687465 -7.99324 3.11635 0
7.71978 -1.38048 -2.59396 3.81975673496403e-14
2.79258 -1.33201 -2.60033 3.74543655830919e-14
2.29428 -0.712773 2.08314 2.27090144862865e-13
8.58991 -0.483013 2.18398 2.4518588558595e-13
1.73612 -0.589241 2.30636 2.21735604839177e-13
0.404517 -3.01328 -2.08268 0
0.465341 -3.46162 -1.98787 0
2.10208 -3.28614 -1.23525 0
0.984667 -2.87766 -1.09977 0
1.29198 -2.87212 -0.28848 0
1.60923 -2.44916 -0.0295004 0
1.83157 -1.77342 0.736856 0
0.122658 -2.68329 -0.798707 0
0.317525 -2.62341 -1.15327 0
0.762909 -1.65735 -2.42857 0
0.606229 -1.86991 -1.22811 0
0.00575608 -2.46183 -2.57297 0
0.767033 -0.541385 2.9534 0
0.154943 0.979773 2.15578 0
0.224402 -1.70165 -0.249627 0
0.185533 1.20951 -3.03936 0
0.521722 -1.13742 1.51244 0
0.253728 -0.498853 -0.422935 0
0.964096 -1.28424 3.02724 0
0.195482 -2.01433 0.67445 0
7.16122 -0.698851 -0.0645749 1.23471642512888e-13
0.835371 -0.521853 -0.0983376 1.76831601829785e-13
0.454168 -2.51441 1.32581 2.12523500232247e-13
0.14041 -2.49614 -0.312273 1.76922732487306e-13
1.65793 -1.49034 -1.93317 3.0324229246127e-13
0.102587 3.85562 1.69331 0
0.377523 1.88391 -0.00850065 0
0.70807 1.21817 -2.47567 0
0.200128 -2.24132 -0.220226 0
0.329193 -3.72153 -2.03877 0
0.211112 -5.57685 -2.3407 0
0.461963 -4.18166 0.626768 0
0.704963 -4.04656 3.14036 0
0.621656 -3.18148 -3.07025 0
0.258373 -2.55745 1.78869 0
0.293998 3.42202 1.49462 0
1.01841 3.40225 -0.0414995 0
0.287736 3.97758 1.18261 0
1.02205 3.07537 0.629692 0
1.642 1.74699 -2.55142 0
0.15465 1.36318 2.63657 0
1.07999 4.80027 3.01247 0
0.632369 5.23436 1.3391 0
0.15411 -2.96088 -2.08345 0
0.857719 -4.13949 2.59516 0
0.0941564 -3.32401 2.35497 0
0.220302 -3.91795 1.7107 0
0.587696 -4.14354 -2.62127 0
1.28374 5.09271 -3.00283 0
0.687901 4.79729 2.63594 0
0.136324 5.65563 -0.976604 0
0.417912 6.22923 1.46872 0
1.07731 7.15945 0.386678 0
0.557563 6.46867 0.0612434 0
0.569059 5.66723 0.78751 0
0.544964 4.58447 0.817852 0
0.388083 4.45819 2.76005 0
0.432638 -3.0992 -2.10723 0
0.632582 -6.1386 2.64581 0
0.402061 5.39218 0.141238 0
0.306738 4.63041 -1.60379 0
0.137732 6.77402 0.0535931 0
0.321971 2.09353 0.969672 0
0.59195 1.66562 -1.44828 0
0.729792 -0.526647 2.52635 0
0.448258 0.194303 -1.272 0
0.380122 -5.228 2.62585 0
0.207007 2.53016 0.991238 0
1.23745 2.80524 1.05392 0
0.663631 3.55734 2.75355 0
0.634855 3.78637 -2.86611 0
0.175321 4.36733 1.24121 0
0.188148 5.43802 2.69076 0
0.143591 -7.8014 0.684446 0
0.321666 -8.35196 -1.89634 0
0.373951 -4.91714 0.262008 0
0.303655 -4.93947 -0.401542 0
0.48666 -4.13567 -0.0162859 0
0.251432 -4.78491 1.04439 0
0.733945 -5.1076 1.65474 0
0.488968 -5.37265 1.36448 0
0.303744 -5.11356 1.62731 0
0.121698 -4.92128 -1.68463 0
0.112805 -0.629763 -2.02999 53.8863385355037
1.36861 -3.40159 -2.04859 0
0.986309 -3.59959 -1.77476 0
0.0740927 -2.25202 0.863808 0
0.221574 -1.85751 0.294167 0
0.16618 -2.82092 0.523388 0
0.64466 -2.33485 1.79873 0
0.341587 0.589538 -0.901939 0
0.571361 0.953836 -0.213553 0
0.589669 -0.752179 -2.80147 0
1.08285 -1.18281 -3.12492 0
0.98688 -0.772039 -3.04139 1.21473654904386
51.8126 -0.692737 3.11039 0.409159112476942
0.397748 -1.04308 0.339787 13.2562615529971
0.307246 -0.638622 0.205624 6.98670533247776
0.993895 -1.43475 -2.64958 3.38703317604701e-13
0.850174 -1.13612 -2.64041 3.6246202776076e-13
0.565172 4.45291 0.319969 0
0.546699 3.88266 0.683315 0
0.11806 -2.55314 -1.2991 0
0.185755 -3.33477 1.5933 0
0.495553 3.16697 -0.00352824 2.06313444379205e-07
0.466479 3.20084 -0.202964 8.06658647908225e-08
0.836006 3.07373 -0.530861 0
1.19864 2.61237 -0.416752 0
0.50754 1.44783 -1.35954 0
0.438407 1.99367 -1.86412 0
1.09262 0.780662 -1.85852 0
1.58868 1.08539 -1.67936 0
0.250352 -1.2449 -0.060147 0
0.203849 -1.53432 3.09975 0
0.512635 1.1788 -2.24376 0
0.249206 -0.0213862 -2.41684 0
0.270342 -2.85826 -2.07532 0
0.557437 -2.46018 -0.986927 0
0.537768 -4.9937 2.65634 0
0.168506 -6.31888 2.97505 0
0.772734 -5.42881 2.59694 0
0.203275 -6.07894 1.66485 0
0.464847 3.34943 -2.9148 8.53964236642211
0.273194 3.28266 -1.71478 15.5454875290759
4.54623 -0.772794 -0.0355281 3.26826010297358
0.396593 -0.638555 -0.00439059 40.303161471052
0.397005 3.55867 1.33074 2.33644035344201
0.0720081 3.2864 -0.352813 16.8585492489262
0.282148 2.13348 1.83177 3.05451290788124
0.615454 2.00958 0.836409 1.57402792260578
0.264922 -0.432462 0.605631 12.4898552877091
0.0693225 1.96431 0.988682 14.3897000093775
0.39033 -0.601411 1.37387 1.44542139076562
0.112046 1.00941 1.94372 3.85234856956999
0.418971 -1.41253 -0.922065 8.1725645598093
0.378398 -0.534218 -0.493446 17.1523110920991
0.461402 2.70961 1.13811 7.88240473773357
0.110998 3.28354 -0.780492 18.4965191178561
0.619972 3.63127 1.81448 0
0.228992 3.04886 -0.046372 0
0.234833 -5.19262 -0.345682 1.14602984666603e-07
0.55111 -4.64598 -0.901021 9.80910922723446e-08
35.9034 -0.662727 -0.0261941 0.0321435639095691
24.992 -0.679741 -0.025497 0.0370025373446336
7.43286 -0.661215 3.10978 0.94155019166721
14.6291 -0.66415 -0.0433024 0.0693965917207236
23.3484 -0.650453 -0.004507 0.138472432449919
5.25296 -0.751736 -0.0402752 0.354059010394136
