1.03383 1.04272 -2.37693 1.04095421140976e-13
0.781548 0.517957 -2.11927 1.90942211918591e-13
3.72385 0.969918 -2.21898 1.13666099890157e-13
0.217683 1.1514 -2.27589 8.59038775078954e-14
0.715934 1.04754 -3.08819 1.38198177640758e-13
3.88249 0.981135 -2.23514 1.11926363402748e-13
1.18404 1.41538 -1.98195 5.36746582711321e-14
0.43985 1.77007 -2.65143 4.0131403176744e-14
0.710815 2.03009 1.29584 1.39839238205737e-13
2.21014 2.15352 1.4647 1.30762785206533e-13
7.61457 1.15092 1.50403 2.06983717154585e-13
0.202854 4.35658 -2.38517 0
0.271859 2.24092 2.20204 0
0.130096 3.88484 -1.35917 0
0.330041 1.12028 0.0462013 0
0.425215 -0.575976 1.7957 0
0.459458 -0.848626 2.3118 0
0.554557 -0.757639 1.91096 0
6.39546 -0.69914 2.10803 0
0.848482 1.67897 -2.58908 0
1.46187 1.66095 -1.2593 0
0.398893 5.02636 -0.13891 0
14.2214 3.13862 1.08712 0
11.7485 3.10972 1.11878 0
13.2584 3.10691 1.16604 0
10.6507 3.18164 1.02173 0
1.8798 3.22759 1.28779 0
6.71273 3.15261 0.694767 0
1.65979 3.30803 0.6057 0
0.794766 2.85742 1.07631 0
1.72667 2.36079 1.07249 0
2.20055 2.02934 0.752453 0
0.817148 1.32078 1.76058 0
0.973273 1.96457 -2.87199 0
0.195695 2.48144 1.73684 0
4.05349 2.2161 -3.06594 0
0.0540538 5.25144 -2.71255 0
0.336637 5.34008 0.763394 0
0.491012 5.74834 0.982645 0
0.549815 5.73328 1.96568 0
0.461493 5.4979 -0.352666 0
0.1476 5.29786 2.87937 0
0.254128 -2.62978 -1.49543 0
0.437825 -2.61902 -0.996671 0
0.217328 -2.125 1.94405 0
0.499714 -1.78492 -0.799903 0
1.00109 -0.0845413 -2.05383 0
2.1756 -0.349072 -1.97106 0
2.74836 -0.23275 -2.09703 0
0.733213 -0.368162 -1.69884 0
0.253961 -0.169176 -2.08755 0
0.450695 -1.06958 0.862492 0
1.54356 -0.681504 0.67876 0
1.53426 -0.345525 0.483342 0
0.544691 -1.60978 1.27202 0
0.129187 -0.067073 -2.48262 0
2.83774 -1.95788 0.684084 0
0.428609 -3.10667 -0.504455 0
1.67367 -2.01888 -2.09568 0
1.15172 -4.83277 0.358236 0
0.144076 -6.5393 -2.68164 0
0.624863 -7.35259 0.301213 0
0.614898 -5.87442 -1.70961 0
0.177739 -9.21468 -0.916537 0
0.267982 -6.82698 2.44345 0
0.517741 0.33422 1.43404 0
0.380796 2.37328 -1.06484 7.1517587001188e-14
0.497066 1.18167 -1.76514 9.23659514646416e-14
0.702359 0.685151 -1.95237 1.64266267621417e-13
1.78963 0.847504 -2.82673 1.51752058911642e-13
0.107977 3.49105 2.15389 8.45141383399308e-14
2.34087 2.11921 1.78447 1.25894289077962e-13
0.258047 0.847996 1.45831 2.37115369219895e-13
0.559385 2.33213 0.872051 1.2578378302525e-13
0.208831 2.61422 2.27317 0
0.193163 -0.188451 -1.38509 0
0.474862 0.832439 1.43912 0
0.447275 0.374195 0.888119 0
7.1594 -0.537373 2.0414 0
1.18085 -0.181852 -0.0393231 0
0.364015 1.78896 -0.604601 0
0.618186 3.10622 2.53571 0
0.1529 3.31011 -0.666521 0
0.220284 8.18451 0.35074 0
0.421654 8.1618 -0.0696703 0
0.163417 7.70997 -2.38501 0
38.9886 3.13509 1.11251 0
21.4172 3.14864 1.12897 0
3.22361 3.06216 1.16645 0
2.3732 2.98113 0.665605 0
1.10369 3.20914 0.969999 0
1.77897 2.98342 0.490661 0
0.698822 2.36249 0.285732 0
0.545421 2.857 0.510592 0
0.327168 2.71909 1.07492 0
0.825255 2.89726 -2.44519 0
0.038208 3.81863 1.10062 0
0.513177 2.61636 -3.08484 0
0.512915 3.34129 2.89622 0
0.392698 2.65235 -1.93692 0
0.387455 4.27145 1.71077 0
0.250803 5.00869 -0.832591 0
0.539137 5.53864 2.39056 0
0.215749 4.754 -1.64159 0
0.11855 6.56214 0.530839 0
0.118498 -2.46959 2.3661 0
0.108857 -4.84602 -1.72158 0
0.184833 -6.45571 1.71408 0
0.177505 -4.23771 1.10417 0
0.408325 -4.00873 1.57598 0
0.80289 -3.60873 -1.62951 0
0.410503 -1.10199 1.92816 0
4.19099 -0.960001 -1.77739 0
0.330122 -0.654898 -1.68586 0
0.247753 -0.83579 -0.851998 0
1.46294 -0.409144 -1.94241 0
0.632122 -0.140935 -2.17749 0
0.28656 -0.567841 -3.05338 0
0.369953 0.40634 -1.73653 0
0.0864929 1.27227 -0.146528 0
0.668723 0.345917 2.09524 0
0.28063 -1.07209 2.76246 0
0.515582 -0.220852 0.562656 0
0.419388 -1.37152 3.09121 0
0.565693 -1.55371 0.434774 0
1.23826 -1.92996 -1.67279 0
0.705666 -3.44755 -1.61605 0
0.276807 -4.25411 1.45305 0
1.0587 -4.976 -1.33412 0
0.0609467 -6.25109 -2.38426 0
1.28192 -5.19514 -0.687433 0
0.415342 -6.82259 0.730141 0
0.30843 -6.18808 -2.65807 0
0.277708 -4.02798 1.84142 0
0.44026 -3.00941 -1.55968 0
0.395673 -0.930019 2.59401 0
0.598564 -0.72144 -2.33438 0
0.0969104 1.30616 2.13972 1.71776106797222e-13
0.573858 1.77132 1.52809 1.52892187036917e-13
0.511357 3.0983 -2.42104 0
0.543291 3.05249 -2.93142 0
0.170695 1.2313 -2.82598 1.75362483314866e-05
0.41149 1.23749 -2.83008 1.71920432340902e-05
6.8999 2.31264 -1.72912 0
2.30809 2.24684 -1.80676 0
0.364655 2.3864 -1.90202 0
3.05121 2.27643 -1.73199 0
0.0186575 3.37501 -3.10003 0
0.167464 3.43202 3.05896 0
0.309116 4.8677 1.47096 1.08014566927046
0.246953 3.86767 0.0423557 0
0.544296 4.03117 -2.52237 0
1.3567 -2.19742 -0.586026 0.209936304056277
0.468069 -3.91569 -0.364076 0
0.124437 -4.10162 -2.61959 0
0.0500214 -6.87289 1.04164 0
0.81139 -5.4007 1.96822 0
0.427124 0.563464 -1.79459 0
1.21643 -0.0132418 -1.80777 0
0.291799 0.412947 -2.95518 5.93211640365408e-10
0.16636 0.271078 -3.09627 7.38234760560155e-10
0.210175 0.100407 1.12231 0
0.162503 -1.75464 1.21506 0
0.242346 -1.47826 2.26817 0
0.605298 -2.01112 1.45505 0
1.46123 -2.06203 0.610237 0
0.484777 -2.3992 0.559183 0
0.153295 -5.21184 -1.38309 0
0.885537 -3.74521 -2.76479 0
0.251516 0.845405 2.1176 48.0091233334776
0.10745 2.43278 -2.09389 26.9734696193062
0.208266 2.38889 1.95469 1.64337433077088
0.608727 1.69937 1.01596 1.0942165924851
0.246774 -2.12461 -2.53795 2.69392530201259
0.536943 -1.0555 -2.39891 3.26255663880095
0.283047 -1.86864 1.61393 8.94385463834615
0.265162 -1.0915 0.307621 19.1755392335655
0.470019 1.8214 1.2504 24.9404442723321
0.13977 2.40796 -0.372471 47.5097134095843
1.94614 0.327021 -1.62045 0.290826290972209
5.82603 0.0436282 -2.38202 0.243648905760327
1.25987 -2.74621 -0.293676 0.0139701185139911
5.32893 1.29085 3.12971 1.24503740736443
0.106123 -0.561346 -0.896459 1.06939392311719
1.01767 0.487184 -1.51928 0.495538293275982
3.44384 2.2737 -1.79311 0.131080069377166
0.216208 -2.15913 -1.42287 0.0228798744509688
0.558465 0.92552 -3.02097 0.661385623098143
0.844703 0.958113 -2.80978 1.39575814954045
0.256357 0.859741 2.26086 4.97944756853703
0.228937 1.36462 -2.76907 1.99432691047046
2.66056 0.82651 -2.92631 1.42502254354895
0.990046 0.520481 -2.09593 0.512767644256027
0.451053 0.0501857 -1.75167 1.02999739830769
36.045 2.25865 -1.80004 0.089067343995167
0.860641 -1.35466 -0.59654 0.0639938676567239
0.536518 -1.00666 -2.82026 0.204265471630745
