0.605295 2.67554 -2.1582 0
0.630616 2.69093 -1.02946 0
3.07904 1.67711 -0.433426 0
2.30108 -0.675989 0.0171308 0
0.370298 1.93221 -0.0534425 0
0.0377088 7.05276 -0.669118 0
0.315985 6.12615 -1.2192 0
0.679164 5.51625 1.23069 0
0.863213 6.54377 -1.55921 0
0.747189 -4.16773 3.04459 0
1.35766 -3.1544 -2.24045 0
0.357736 -0.431395 0.620915 0
0.710375 -0.338542 -1.8803 0
0.55676 0.421321 -2.68845 0
0.190427 2.28845 1.24154 0
1.35875 1.97708 2.8354 0
0.196353 1.29718 0.716255 0
0.15467 0.613914 -1.1725 0
1.60025 0.871665 2.64131 0
0.833159 1.58745 -2.68049 0
0.454323 3.87654 3.03791 0
1.204 2.7591 2.16732 0
0.718418 2.69066 2.08538 0
2.08018 2.93375 2.41952 0
0.476333 4.69517 -1.58155 0
0.786371 2.51488 -0.842529 0
0.496784 3.12828 2.13193 0
0.439095 -2.20204 1.44561 0
0.111176 -3.17964 -0.3557 0
0.75698 -2.14013 -1.31775 0
0.785421 -0.614638 1.74445 0
0.926796 0.997109 1.21091 0
0.566143 4.10179 -0.758585 0
0.172723 7.09087 -0.156732 0
0.99313 5.60225 -0.93705 0
0.987924 4.73152 -1.73082 0
0.271951 3.04189 0.516278 0
0.509508 -5.14852 -0.896673 0
0.368558 -4.78477 0.963381 0
0.360301 -5.5803 3.10184 0
0.819152 -4.6765 0.717496 0
0.179647 1.38684 -1.54098 0
0.184459 0.467754 0.0196254 0
0.281518 4.36759 -2.47791 0
0.446318 2.75792 1.77539 0
0.703805 5.80249 -1.35523 0
1.03441 4.81102 -2.08783 0
0.332841 8.01971 -2.23949 0
1.05455 6.0022 2.10125 0
0.309468 6.9015 3.07867 0
0.313927 3.68191 -3.00079 0
0.207587 4.16638 1.45507 0
0.419334 3.43565 -2.9032 0
2.15232 1.66498 0.39077 0
0.223051 -2.64484 -0.784669 0
0.192601 -1.78912 -0.692709 0
0.611552 -2.99422 -0.939644 0
0.569261 -4.03614 -0.572679 0
0.0851055 -6.94128 -0.256806 0
0.412559 -7.50035 -1.72894 0
0.25951 -7.45623 2.07626 0
2.0837 0.645251 -0.927459 0
0.0741398 1.36393 0.468351 0
0.131722 4.41046 1.46838 0
0.241534 8.23776 -0.458506 0
0.561911 -4.23515 -2.91512 0
1.28594 -3.84889 3.06612 0
0.530696 -2.85666 -1.75545 0
0.859101 -3.84106 -2.21814 0
0.640847 -2.36976 2.72799 0
0.303307 -2.08365 -1.31578 0
0.481944 -1.10807 -0.328114 0
1.56237 -0.748002 1.27737 0
0.768988 -0.470626 0.745981 0
1.69505 -0.914459 1.11553 0
0.685609 -0.651801 1.77369 0
0.267138 1.78334 1.90014 0
0.588475 1.21486 3.07165 0
1.72073 1.5799 2.30023 0
0.0959647 2.99716 2.72858 0
0.25874 1.32255 1.17637 0
0.252538 2.26414 -0.479461 0
0.75011 2.21035 -2.33042 0
1.06057 2.02396 -1.07603 0
0.0805752 3.78969 0.198662 0
0.623106 2.92538 -2.48278 0
0.29652 2.91973 1.70079 0
0.325362 4.06709 -2.88001 0
1.17472 5.65641 0.381114 0
0.0497881 5.81521 3.06028 0
0.149529 -4.182 -3.0053 0
0.553104 -5.82265 2.3241 0
0.239712 5.96443 0.9213 0
0.473393 5.91929 2.10776 0
0.835874 6.5182 1.54815 0
0.171928 5.07112 1.70068 0
1.00945 4.06312 -1.12824 0
0.0737549 3.32107 0.523279 0
0.381636 -0.062899 0.977714 0
0.177344 1.70469 -1.20949 0
0.252374 -0.0329301 -1.1923 0
0.999925 0.0277118 0.351128 0
0.359525 -0.0026992 -0.512746 0
0.143789 -2.68953 -1.37747 0
0.545848 -1.14336 0.823184 0
0.540205 -2.46623 0.13629 0
0.644158 -2.75676 2.08277 0
0.4551 -4.40512 -0.292351 0
0.38787 -5.5133 2.84942 0
0.426994 -2.67522 2.82649 0
0.446441 4.07099 -0.135333 0
0.13563 4.45668 1.55647 0
0.248646 6.17215 -2.49504 0
0.246255 4.82277 0.827749 0
0.900032 3.97605 -0.557077 0
0.151685 1.98419 0.462037 0
0.618924 1.99695 -0.0730332 0
0.167014 3.86763 -1.05839 0
0.310286 2.68782 1.35024 0
0.152748 -3.1715 0.916504 0
0.779126 -2.59195 -2.19315 0
0.256766 -3.58716 -2.35296 0
0.933003 1.06721 -0.63149 0
2.16804 0.758101 -0.660064 0
0.391216 3.81908 -2.70987 0.0207958023124751
0.130427 -2.84093 -2.90309 0
0.300214 -3.09255 -1.30018 0
0.33306 -1.44732 -0.868424 0
0.242463 -1.86551 0.604078 0
0.133357 2.5776 -1.07972 0
0.344242 1.70233 -2.14189 0
0.445532 2.26167 0.0358797 0
0.886801 2.84753 -0.559313 0
1.06633 2.53945 -2.43991 0
0.279126 1.83304 -2.45041 0
0.0242198 5.90707 2.07315 0
0.27806 3.90055 2.71089 0
0.437043 2.96692 2.01707 0
1.06236 2.75918 2.36647 0
0.910026 3.39017 2.23994 0.0389243035523281
0.0317039 1.68363 0.806603 2.38949956521915e-08
0.0870425 2.50513 -2.41578 3.88842419355735e-09
0.238654 -3.59667 2.12583 0
0.103203 -4.75891 -0.177047 0
0.0877404 6.64324 2.78147 0
0.388443 5.04641 1.74416 0
0.0484868 8.66003 -0.000444826 8.85735065424862e-08
0.175308 7.169 0.466144 2.89778841171187e-08
0.0989449 6.50763 1.07153 0
0.73123 6.49321 0.40208 0
0.0924142 4.94549 -1.42222 7.59056548516332e-09
0.289006 4.05813 -1.80043 2.33919557379538e-08
0.0737057 2.92704 1.88255 0
0.176632 -5.71129 0.54251 0
0.158807 -4.98007 2.31873 0
0.340648 4.91603 -2.66947 0
0.101581 6.33928 -0.808229 0
0.246574 3.98736 -2.22323 0
0.0821479 3.68362 0.963077 0
0.289905 -6.13042 -0.0358318 0
0.152125 -6.78206 -2.65768 0
0.262038 -9.10925 2.48458 0
0.300291 -7.88778 -2.67621 0
0.563316 1.4332 -1.13178 8.5389892471202
0.510096 0.709701 -1.01368 16.5368467438542
0.226062 -1.174 -1.83188 28.157365443125
0.370816 -2.07704 -2.69796 7.53138143733767
0.0379852 -4.37964 1.1508 1.58289790546855
0.333622 -1.94457 -2.44538 2.01929570797285
0.239254 -1.05508 -0.129059 4.73122708058502
0.0900469 0.517465 2.49281 17.6894008657346
0.387677 2.48829 -1.58572 0.394754626004311
0.528583 -4.65612 1.24629 0.0220282340316784
0.700237 -4.4761 1.50382 0.00991095107908428
0.0441126 -4.77475 -2.55483 0.0683378208524411
1.84897 3.65427 -2.87144 0.0508424194907341
