60.1299 -2.7538 2.91132 3.09002265546108e-14
3.5798 -1.43615 -2.6484 0
1.10043 -2.22103 -2.69529 0
1.19736 2.02283 0.765931 0
0.547553 2.51902 0.987849 0
1.42534 2.43286 0.500897 0
0.958146 2.43898 1.54366 0
1.3386 2.34278 0.319903 0
0.463809 4.84738 1.36567 0
0.628776 -1.73925 -0.348066 3.14726354398912e-14
2.06728 -0.232685 0.484537 1.75385622780615e-13
0.714767 -0.154418 0.845693 1.88527759588677e-13
0.852314 -0.455977 -0.854 1.67934811254513e-13
2.76628 -1.30101 -0.688039 7.53827288695515e-14
1.22557 -1.49122 -0.691689 6.34832646489465e-14
2.93847 -2.2982 2.08426 0
0.935907 -2.28095 2.08359 0
7.76559 -2.19805 3.08026 0
0.331858 5.56063 1.98174 0
0.211704 7.52123 1.09912 0
0.0590593 3.98772 -0.56994 0
0.367355 3.82369 1.76247 0
1.77272 -1.22624 2.99775 0
0.487934 0.0716184 -2.83954 0
0.38638 1.40508 1.87086 0
1.5365 0.118697 2.6815 0
0.18996 -0.742108 -2.66103 0
0.697183 1.66209 -3.0391 0
2.73186 1.11528 -2.45019 0
2.79098 -0.860361 -2.82224 0
1.32482 -1.39346 -1.68825 0
0.522804 -1.51808 -2.44388 0
0.502798 3.18476 1.13004 0
0.227633 1.37959 -0.591379 0
0.551554 0.912519 -0.254983 0
0.212073 -1.58846 0.391731 0
0.389261 -2.18103 -0.106 0
1.77855 -2.4275 -0.474547 0
1.74867 -1.90428 -0.695233 0
0.851765 2.15796 1.59713 0
0.452489 2.1611 -1.55729 0
0.330224 7.20447 -0.327477 0
0.729349 5.84128 -1.01708 0
1.40317 6.34733 -2.3215 0
0.388513 6.52429 -0.0812066 0
0.76115 5.80756 -2.21372 0
0.213921 6.04218 2.4268 0
0.594824 2.17497 -1.62435 0
0.306195 3.22578 1.27009 0
0.398773 -3.31462 1.10674 0
0.559556 -5.07733 -0.95637 0
0.355586 -6.73766 -1.27006 0
1.60136 -5.4876 -1.21034 0
0.315243 -6.4988 0.488578 0
2.10751 -5.31248 -1.29176 0
0.597433 -5.77378 0.380293 0
0.788954 -3.93226 1.29519 0
0.22593 -3.81017 2.33333 0
1.19224 -3.0892 1.82147 0
1.75484 -3.23849 -1.97843 0
0.837805 -3.43757 -2.39241 0
0.0429765 -6.50568 -2.5142 0
0.128511 -4.17237 -0.868283 0
0.233436 -3.6437 -2.19215 0
0.307134 -4.82475 -0.949988 0
0.640106 -1.94552 3.09384 0
0.0605547 3.4636 0.339151 0
0.395939 2.49468 -0.0991955 0
0.333218 3.21633 0.619916 0
0.214854 2.70647 1.61267 0
0.728492 4.15743 1.30236 0
0.503293 4.46871 2.16928 0
0.743068 2.87426 -0.866193 0
0.710874 2.03478 -1.84481 0
0.801163 0.0038965 1.21165 0
0.934358 -2.93977 -1.57382 0
1.0379 -5.21349 2.01918 0
0.159935 7.20857 -2.20501 0
0.432056 6.31631 -2.61392 0
1.34095 -3.02373 1.93105 0
1.19668 -2.63904 1.77289 0
2.43509 -1.6586 1.41988 0
0.474762 -1.96881 1.69148 0
1.53958 -1.95684 0.664469 0
1.34533 -1.01511 0.177082 0
7.98083 -1.31654 0.247148 0
0.368248 -0.151536 -0.634936 0
1.35996 0.648893 0.266821 0
0.97199 1.64433 0.0297274 0
1.44143 2.01364 -0.747624 0
2.10328 3.81516 -0.0416948 0
0.116297 5.23795 -0.258853 0
0.794313 3.57859 2.66394 0
0.563857 -1.29263 -1.4295 0
0.23863 -2.31216 -1.19505 0
0.162766 -2.40599 0.329049 0
0.189387 -3.45807 2.90556 0
0.640405 -1.68571 2.84828 0
1.27126 -2.71429 -1.71849 0
1.35343 -3.26725 -1.67489 0
3.36386 -3.68753 -1.59135 0
2.54142 -3.85507 -1.90727 0
0.821592 -4.7573 -1.81618 0
0.30191 -7.54782 -2.59838 0
0.350932 -3.9858 1.66941 0
0.42707 -2.39803 0.493422 0
0.743375 -2.12482 2.29306 0
0.525316 -0.705843 -0.424232 0
0.404783 -0.0756207 1.72821 0
0.738164 0.523527 3.06573 0
0.499144 -0.19832 -0.460942 0
0.365921 4.70659 -2.69606 0
0.386934 2.28487 -0.335177 0
1.39447 2.33416 0.732455 0
0.79523 4.06574 -1.13179 0
0.249574 4.69429 -2.43449 0
7.13591 -1.24616 0.0626199 4.60093198137606e-14
3.959 -1.18906 0.0605745 5.21749471040882e-14
1.52475 -0.26865 0.689566 1.75345305990454e-13
0.637755 -0.563156 0.81663 1.46511627063988e-13
2.09364 -1.18518 0.375834 5.68952311646955e-14
0.659283 -2.55473 1.87347 0
0.339328 -3.41986 -2.51896 0
0.123874 -2.54613 0.000605067 0
2.02364 -2.35886 2.58985 0
3.02255 -2.07544 2.28765 0
2.071 -2.0721 2.06938 0
4.55148 -2.13538 2.32716 0
4.63117 -2.25557 2.2307 0
0.265241 -2.13077 2.83339 0
0.220938 -2.82751 2.87581 0
0.257131 7.81772 -0.331141 0
0.626869 3.84166 1.62848 0
1.18042 0.814664 1.50587 0
0.807462 0.985777 -2.84545 0
1.07548 1.18684 -2.74578 0
0.665342 0.820244 -2.66066 0
0.973841 0.991544 -2.37494 0
0.878268 -0.82509 2.45182 0
0.678562 -1.19746 -2.22267 0
0.478299 -0.41007 -2.956 0
0.333459 -2.07672 -1.88762 0
0.267492 -2.12253 -2.84485 0
3.64723 -1.45586 -1.97417 0
0.904319 -1.75292 -1.90584 0
5.58632 -1.531 -1.97501 0
0.274251 1.06204 -1.15325 0
0.648919 2.43473 0.316196 0
0.335947 1.13152 0.13104 0
0.328587 -1.02919 -0.774792 0
0.166881 -1.32603 -1.37625 0
0.378696 0.455769 -1.93426 0
0.403259 1.2635 2.88024 0
0.483008 0.967973 1.92965 0
0.861944 1.1996 2.94898 0
0.434284 1.93166 1.71992 0
2.09724 1.00966 2.79316 0
0.606281 3.69429 1.73574 0
0.200754 3.30867 2.26304 0
0.136087 4.74277 1.15165 0
0.52541 3.92584 0.745827 0
0.345342 4.70816 2.98945 0
0.0755868 4.40318 -2.04061 0
0.0666582 -4.28273 -0.0372387 0
0.20597 -3.67126 -2.50023 0
0.32831 -4.02299 2.97154 0
0.825163 -3.99599 -0.245266 0
0.310607 -7.30484 -0.693635 0
0.239603 -5.68231 -2.25851 0
0.168099 -4.90531 0.609834 0
0.206085 -2.40259 1.26009 0
0.768252 -0.204633 -1.6473 0
0.177573 0.577006 2.40578 0
0.0344595 4.83761 -1.3716 0
0.237608 5.85782 2.8428 0
0.0493949 4.74573 -0.14874 0
0.0509247 4.01284 -0.13086 0
0.604328 3.94543 1.73248 0
0.378439 5.12736 0.879465 0
0.357447 2.67986 1.31262 0
0.318513 1.04706 2.25698 0
0.297437 -1.2736 -2.7942 0
0.135785 -3.44733 2.08789 0
0.111244 8.55909 -0.303569 0
0.310128 3.92818 -2.20799 0
0.497226 4.72274 2.12356 0
0.40414 -1.87825 3.07362 0
0.695117 -1.53817 1.96676 0
0.613922 -1.3595 1.80306 0
1.092 0.0163335 0.371336 0
0.86003 -0.402051 0.778204 0
0.520511 1.37092 -0.99898 0
0.184898 1.69735 -2.59809 0
0.424567 2.82834 -0.192711 0
1.58592 4.38523 -0.576725 0
1.12338 4.26888 -0.119002 0
0.715906 4.65343 0.264726 0
0.61225 5.80614 0.282818 0
0.665485 4.93406 0.239536 0
0.145081 6.09685 3.07601 0
0.0954054 5.90907 2.74442 0
1.41009 5.32834 -1.28683 0
1.19658 -0.892461 -0.484783 0
3.37924 -1.23053 -0.674119 0
0.552861 -1.37192 0.184512 0
0.165747 -2.95289 -0.950038 0
0.880565 -3.13976 -1.31148 0
0.969998 -2.86223 -2.44942 0
1.03099 -3.8558 -1.28344 0
1.19473 -4.72259 -2.65951 0
0.161722 -5.73129 -1.2668 0
0.196533 -7.12885 -2.97761 0
0.339724 -6.0604 0.7692 0
0.249106 -5.48754 -2.85425 0
0.528503 -3.76279 -1.59863 0
0.343799 -3.30395 3.07955 0
0.486946 1.33724 -0.168294 0
0.243964 1.21862 3.13563 0
0.683736 3.31485 2.60686 0
0.63644 -1.41466 -2.37343 0
0.240778 -2.41152 -2.98742 0
0.174592 4.61638 -0.828022 0
0.272818 3.88682 -3.04936 0
1.02512 -0.464973 0.018603 1.45153053670514e-13
0.393933 -0.599473 0.5011 1.31903600242722e-13
0.0444304 -1.68857 2.37174 1.20597764002754e-13
0.36297 0.336358 -0.0101346 2.04439070815699e-13
0.214244 4.37404 1.97747 0
0.241592 4.28966 -1.57084 0
0.148009 3.19767 1.75776 2.87930906865925e-08
0.176474 2.8858 1.59477 6.05909705121185e-08
0.916899 1.32839 -3.09567 1.53129475381623e-07
0.32077 1.68066 -2.7751 2.20164206044819e-07
0.562277 0.588134 0.472502 0
0.275171 1.00383 0.113397 0
0.209076 -0.611001 -1.02731 0
0.220231 -0.779281 2.06487 0
0.366194 -1.959 1.09818 0
0.0582594 -1.74505 0.978207 0
0.256522 -0.889815 -0.591841 0
0.27536 -0.712077 -0.162971 0
0.275971 -0.393817 1.45451 0
0.0726184 -1.72881 1.00048 0
0.113526 -5.67749 -2.96477 0
0.166378 -4.69685 -0.353393 0
0.371292 2.86421 -3.04204 0
0.337293 2.28942 -2.44472 0
0.0617843 4.49383 -0.779167 0
0.409393 4.59009 -0.0638853 0
0.615001 5.24855 1.09506 0
0.789875 4.8291 0.628267 0
0.158878 5.12659 2.14514 0
0.187676 4.11611 2.27238 0
0.190724 2.40884 -0.570375 0
0.182276 3.26912 1.29275 0
2.06471 -3.06555 1.44348 0.0095085943853852
0.750967 -3.36265 1.64409 0.0149660161338183
0.235185 -0.53578 0.616565 4.39370456752084e-08
0.619474 -0.775221 0.309601 2.12972698099549e-08
0.242973 2.89354 -0.501787 4.4582761293965e-09
0.0670397 3.23618 0.678203 1.4978999555459e-08
0.586716 2.35372 -0.39309 0
0.188347 2.87892 1.01868 0
0.867761 3.83247 -0.171307 0
0.545389 4.14039 -0.358541 0
0.261791 -2.02747 -1.67193 5.15341772240021e-08
0.290626 -2.11452 -0.726934 2.32907956588982e-08
0.0960262 1.07375 -0.895487 0
0.337336 -0.786077 2.2194 0
0.179279 3.4597 -2.2773 20.4594244772817
0.131989 7.78929 2.13971 1.00622084943681e-06
0.158138 7.77438 2.16209 1.45527376189926e-06
3.67662 -1.4396 -1.90496 4.79271846240954
0.834604 -1.53923 -1.7288 19.3414496997089
0.220331 -4.25188 0.231045 5.68989461040478
0.225523 -5.17475 -1.40155 2.21527774549031
1.16991 -1.76227 1.69444 19.0666283467804
1.06329 -1.68696 1.33147 22.5427377608592
0.349428 1.51375 -1.75973 15.241801528539
0.428239 1.44616 -2.87876 13.2694197256195
0.300838 -2.68892 2.36261 6.64594024250606
0.70438 -2.02459 1.77149 5.43298856977058
1.16369 -1.36586 0.290942 1.92589574942774
1.31057 -1.04715 0.198407 2.23495496746355
0.241622 -1.05535 0.444409 10.7363185828601
0.871279 -1.67232 0.613712 1.74600529851334
0.0966263 -2.49033 0.650472 25.1192084828923
0.60428 -1.54077 -0.738796 9.97639731581953
17.0874 -1.29599 0.0464681 0.024264110418295
0.239349 -2.22612 -1.2602 4.31813059017603e-05
0.0661283 -2.21056 -1.25961 4.59503946250844e-05
4.31517 -2.8975 1.55341 0.176982035667795
0.46189 -2.87226 1.20607 0.150878599113261
31.7498 -1.29664 0.0652101 0.00565334301463778
21.2372 -2.00801 -3.13239 0.0290622306932176
2.36456 -1.97333 3.06909 0.0356005247711854
6.29563 -1.99407 -3.04329 0.084632869909366
6.6105 -1.98334 -3.0963 0.0474068074311655
7.3946 -1.90707 3.04254 0.134745219626561
10.2471 -1.99504 3.0577 0.0721278165116418
