0.441802 9.66853 -0.610138 0
0.219453 -2.58602 -0.497945 0
0.591174 -4.24167 -0.834943 0
1.72364 -3.69589 -2.8065 0
0.19348 -3.93238 -2.79475 0
0.699858 -1.93123 3.01632 0
0.242581 -2.26433 0.0515643 0
0.506502 -5.53304 2.21196 0
0.889714 -3.51045 0.496897 0
4.36323 -3.43526 0.303119 0
0.871104 -3.80858 1.15321 0
2.23831 -2.15617 -0.0389956 0
0.2314 5.66998 0.608387 0
0.0704488 7.41646 -0.54533 0
0.281635 4.6004 1.26912 0
0.171835 6.07031 0.0348757 0
1.4447 -3.44377 -1.2784 0
0.259532 -3.13779 -0.403608 0
0.899092 -1.623 -0.834941 0
0.747782 -1.28922 -0.0893438 0
0.755645 -1.32867 -1.08639 0
0.29279 -3.016 -3.10595 0
0.301322 -1.46347 -2.57935 0
1.63506 -0.767558 -1.96879 0
0.0330878 -2.27605 -1.61013 0
1.68619 -4.01932 -2.9855 0
0.305895 -3.54644 2.31559 0
0.35935 -3.74105 3.03817 0
0.482808 -4.78287 -2.25591 0
0.586241 -4.24936 -0.287202 0
0.923283 -4.98277 -1.80395 0
0.410575 -5.94907 -1.85293 0
0.0533745 -6.74722 -0.342027 0
0.301549 -7.68366 0.879807 0
0.205488 -0.476596 -1.51487 0
1.99159 2.81128 -0.877966 0
0.221486 2.68933 0.808659 0
0.164117 2.06018 -3.04003 0
0.493485 0.957589 -1.19211 0
1.44197 1.33982 0.787916 0
1.76342 1.90294 0.593233 0
0.285369 -3.31479 1.27759 0
0.890986 -1.3273 1.27974 0
1.20947 -1.22347 1.56063 0
1.02431 -3.83932 -1.79491 0
0.5004 -1.75954 1.49901 0
0.405428 -1.50806 2.88125 0
1.22751 -0.618729 -3.02952 0
0.192912 0.113967 -0.151881 0
0.511282 0.310444 3.07815 0
0.384732 1.52762 -2.8604 0
2.17079 2.18728 2.86013 0
0.137007 2.22163 -3.07058 0
1.67381 3.14296 1.9104 0
0.29764 -1.58066 3.09947 0
0.386416 -1.61792 2.13664 0
0.217669 -5.20555 0.949332 0
0.276032 -5.26815 -2.78322 0
0.474844 -5.50963 -1.60368 0
0.158168 -7.20939 0.0370167 0
0.341647 -6.4928 1.91018 0
0.681887 0.696485 -0.274689 0
0.215247 -4.66436 2.30726 0
0.531383 -4.46083 -0.0709842 0
0.861889 -4.08539 -1.13422 0
0.998083 -2.93613 0.25152 0
0.167496 -3.79973 -1.06365 0
0.0630896 -5.31438 -0.476617 0
0.107809 -4.38701 0.104623 0
0.6362 -3.44917 0.828469 0
0.354808 -4.38603 1.29469 0
1.19943 -3.74108 2.29723 0
1.65705 -3.45895 0.455121 0
4.70681 -3.36616 -0.0889288 0
0.594879 -2.44344 0.687774 0
0.83306 -2.7556 -0.2705 0
0.231825 5.64866 -2.82963 0
0.529537 6.08561 0.491689 0
0.151383 4.8186 2.30401 0
0.324821 5.98951 2.3129 0
0.234118 4.02089 1.27675 0
1.19867 -3.03358 -1.10473 0
0.454392 -2.35164 -0.587173 0
0.624932 -2.24234 -0.832591 0
0.655973 -2.39535 -1.87361 0
0.215627 -2.36795 2.50131 0
1.84626 -1.40897 -2.15726 0
0.0623848 -2.34847 -3.02927 0
0.356638 -1.14114 2.90369 0
0.069768 1.14007 -1.28405 0
1.17029 -0.690646 -2.52287 0
0.903582 0.158468 -1.4875 0
0.388972 -0.657637 -3.06036 0
2.47614 -4.03363 2.89526 0
2.69924 -4.21023 3.13591 0
1.23185 -4.01135 -3.07316 0
1.4668 -4.45294 -3.06532 0
1.99545 -3.93606 -3.01089 0
0.124963 -6.17504 -2.22093 0
0.60387 0.111895 -2.86874 0
0.148347 4.21194 1.30962 0
0.175066 2.26811 -1.99586 0
0.490624 3.38881 -1.41692 0
0.854146 1.90462 -1.22887 0
2.69675 2.004 0.518785 0
0.380736 -0.377032 2.10479 0
0.503652 0.335247 -0.312119 0
0.190011 -0.429902 2.7862 0
0.446571 -2.03809 -1.13084 0
1.06606 -0.447834 -2.75915 0
0.284041 -0.947862 2.64182 0
0.747826 -0.406508 3.03215 0
0.0932212 1.58696 -1.86441 0
1.49542 4.22467 -3.12691 0
1.54696 4.46448 -2.93883 0
0.576097 4.48979 -2.67699 0
1.29874 3.95392 -2.67297 0
0.243705 3.46497 -2.16844 0
0.405834 3.79404 -2.32263 0
0.180889 2.81257 1.2989 0
0.165037 3.0577 1.23217 0
0.443404 4.41163 -0.61735 0
0.249242 3.61682 -1.49036 0
0.35173 1.92193 2.08483 0
0.655712 0.441984 3.03016 0
0.326746 -3.09755 -2.44684 0
0.520092 -7.06582 2.87799 0
0.25883 -7.40698 -1.03682 0
0.227449 -6.80042 -0.142644 0
0.112023 -4.5089 2.29873 3.21069835665453e-08
1.0641 -4.42895 2.25465 3.24086561110998e-08
0.16097 -1.38276 -2.77856 0
0.313503 -1.98178 -2.46132 0
0.0506796 -2.07345 0.343229 0
0.481535 -0.542724 -0.665896 0
0.014457 0.179304 -3.01315 5.21659224796176e-05
0.408268 0.210645 3.07548 5.29071462970849e-05
0.218436 -4.96677 -1.49734 0
0.412422 -5.18478 0.0982843 0
0.451592 -6.91097 1.30205 0
0.471737 -7.06253 0.810367 0
0.309893 3.01625 -1.63129 0
1.23645 2.93614 -1.46448 0
0.120949 2.55911 -2.81443 0
0.21238 1.88586 -0.923309 0
0.0829044 2.58738 -1.96174 0
0.167095 0.897538 2.09073 0
0.346351 3.89872 -0.157716 0
0.120152 4.27663 2.51997 0
0.228031 1.19003 -2.6796 8.01651757579958e-06
1.01089 1.05566 -2.73046 6.04834125623981e-06
0.234865 3.8089 2.86278 2.18417147285475e-07
0.35146 4.28839 -3.06563 4.74563103012531e-08
0.186258 -3.54798 -0.868057 0
0.135664 -3.85388 -0.329588 0
0.197344 -5.72638 1.54458 0
0.281953 -6.19935 0.565941 0
0.169502 -3.86683 -2.13301 0
0.145549 -5.81917 3.11031 0
0.332718 -4.69036 3.07093 5.25131978187278
0.471639 -4.04055 -2.39416 7.12517518931586
0.114941 -2.77917 -0.581065 15.5685618137526
0.333094 -2.25915 2.58208 8.9745177041228
