49.3711 -1.30266 -1.64726 8.12108862614007e-13
2.13024 -0.00586631 1.12278 0
12.0697 -0.086188 1.09597 0
1.7077 -0.424308 0.557602 0
3.17803 -0.506377 0.559444 0
1.89652 -0.604693 0.395864 0
3.54452 -0.267245 0.10619 0
0.285669 -0.873211 -1.66342 0
0.448105 -1.5949 -2.84467 0
0.486173 -1.95416 -0.0755427 0
1.04866 -2.45514 2.88525 0
0.649611 -0.308948 1.09859 0
0.157892 0.25975 -0.00536617 0
1.2697 -0.894682 2.28231 1.28990895785629e-13
1.0459 0.197427 1.58078 3.23606335205876e-13
0.716066 0.226736 1.4975 3.36471440125791e-13
0.797633 1.55716 -2.71679 0
0.293842 0.716001 0.23229 0
0.515382 1.45478 2.00782 0
0.669466 2.30322 0.24032 0
0.817231 3.04405 1.76977 0
0.116613 -9.18056 2.92139 0
1.34288 -1.06079 -2.32232 0
0.978636 -0.492328 -1.07631 0
0.0305007 2.80319 -0.820954 0
1.07927 0.0485304 -2.08107 0
0.209686 1.00041 0.911222 0
0.188737 -0.411802 0.926268 0
0.42118 -3.09414 2.36745 0
0.493142 5.66525 -1.92039 0
1.09626 2.00733 2.62208 0
1.57835 1.57845 2.30506 0
0.626473 1.89314 3.05351 0
1.13501 1.6778 2.38614 0
1.1171 0.862438 2.3879 0
0.0664657 2.02497 -0.604509 0
0.246361 -0.53238 -2.6382 0
0.817331 0.168256 -2.07487 0
0.429629 0.916057 2.31442 0
2.09142 -0.0581228 -1.95153 0
0.443002 -1.00736 -0.228967 0
0.650647 -0.72192 -1.24702 0
0.448742 -0.771858 -0.965193 0
1.57682 -0.667061 -0.626563 0
0.928326 -2.34934 -1.5238 0
0.0465974 -2.62196 -0.638047 0
1.63153 -2.59388 0.101982 0
0.325024 -1.11956 1.4003 0
0.400485 -3.32155 -0.372449 0
0.145944 -2.6594 0.738332 0
0.183355 -2.68125 -1.87869 0
0.247108 -3.56099 2.46252 0
1.29827 -3.44008 1.3474 0
1.22497 -4.50749 1.67964 0
1.07391 -4.56558 0.839641 0
1.20334 -5.2394 1.50138 0
1.46371 -5.58524 -1.19652 0
1.06956 0.0316688 0.356383 0
0.921837 -0.464748 0.655012 0
3.6668 -0.541608 0.642409 0
7.81406 -0.433716 0.560824 0
1.35179 -0.616149 0.58401 0
1.4642 -0.219245 0.66145 0
2.82689 -0.276684 0.590901 0
1.66564 -0.440352 0.584128 0
0.29126 -0.0552214 -0.357067 0
0.446715 -1.22693 1.56611 0
0.848602 -0.897104 0.528359 0
0.648338 -2.55176 2.85866 0
0.0992118 -4.22716 0.0866843 0
0.227426 -2.61336 -0.768956 0
0.692744 -0.891846 1.17935 0
3.3716 -0.435232 2.40446 2.53116465022521e-14
0.26452 -0.950979 2.66007 1.41908369332207e-13
2.08468 -0.151202 2.24845 1.34329426236599e-13
0.876318 -0.757278 2.54062 8.59155589409166e-14
1.76588 -0.288323 2.211 1.07055041487628e-13
0.440962 -0.444818 3.00778 1.72227718896647e-13
1.37776 -0.595642 2.02321 1.40999213398599e-13
0.495308 -0.472089 1.62531 2.48808803077272e-13
4.01567 -0.130699 1.54451 2.94295674917836e-13
1.16978 -0.0395666 1.81542 2.50696084802519e-13
1.0034 -0.111113 2.32569 1.35184904806266e-13
0.764388 -0.168941 2.33624 1.15400045250178e-13
1.464 0.210075 1.84789 2.87188745053121e-13
4.20358 0.302157 1.6632 3.24643525198493e-13
1.73206 0.0416892 1.76224 2.74085338340557e-13
0.795205 -0.138226 1.51583 2.99048626598381e-13
5.46358 0.0888896 1.67703 2.96114529646683e-13
0.320988 -5.45983 -0.0967931 0
0.478143 -5.73293 -2.3584 0
0.396272 -5.91595 -0.736263 0
0.200632 -5.70344 -2.59922 0
0.810049 -2.73765 0.236643 0
0.180872 0.0718168 2.49904 0
0.262097 -1.02696 0.864788 0
0.68714 1.87212 -2.2217 0
0.346567 2.88961 -1.24194 0
0.238236 3.49906 -0.940975 0
0.550873 8.15242 1.17413 0
0.998914 -0.534238 -2.42414 0
1.0908 -0.875518 -2.16778 0
0.430613 -0.504091 3.01349 0
0.107044 -1.02138 2.03722 0
1.54454 0.344386 -1.66948 0
0.391086 0.124787 -2.52699 0
0.404639 0.402393 -1.97352 0
0.243353 1.06876 -0.652535 0
0.383148 -2.35326 -1.57325 0
0.629603 -2.482 2.37825 0
0.677441 -2.27989 -1.0983 0
1.09362 5.36808 1.58837 0
0.361657 4.78074 1.5092 0
0.124179 6.98906 1.10418 0
0.41658 5.08986 0.593419 0
0.316871 5.84994 -0.203785 0
0.167435 4.74808 0.0688907 0
0.796777 5.84249 0.301974 0
0.146263 4.45328 2.11945 0
0.48269 2.54248 -2.51342 0
0.886557 1.85245 -2.27291 0
0.130015 2.12887 1.61415 0
0.588146 0.838903 2.72179 0
1.57724 1.46633 1.94093 0
0.742774 0.340423 -2.00307 0
0.339557 -0.375286 -0.996746 0
0.594314 0.431187 -2.42874 0
0.930666 -3.99788 2.07288 0
0.653438 -4.10393 1.53547 0
0.937144 -4.29519 1.50292 0
0.098899 -0.392229 -2.19681 0
0.326735 -1.28887 -0.470688 0
66.208 -0.433783 2.46409 0.22919282896078
21.5567 -0.44848 2.47174 1.17543887517702e-14
10.821 -0.453751 2.49313 1.36399524201474e-14
0.397785 -0.718344 1.27364 3.08626649163904e-13
0.121383 -0.4025 2.17651 9.89202072669025e-14
20.727 -0.828408 -2.14849 0.0564306253615739
0.471723 0.143595 -1.76668 0
0.561824 0.510552 -2.69292 0
0.599797 1.18701 2.41711 0
0.386553 0.918695 2.96096 0
0.772212 -3.68129 1.45189 1.07720749782647e-07
1.92039 -3.74398 1.58726 3.1509371459836e-08
1.5028 -4.32893 1.47056 3.90799378023068e-08
1.11107 -4.19544 1.54245 6.86554621944159e-08
0.497767 -5.04785 1.42184 0
0.352496 -4.19894 1.37153 0
0.516136 -4.44503 0.760461 0
0.42219 -3.90299 1.23411 0
0.206417 -4.64547 1.36389 0
0.308938 -5.81773 0.590331 0
0.298107 -0.191994 2.02698 1.41928580137899e-05
0.0504754 -0.2212 2.03227 1.52507789620118e-05
0.413417 3.62229 0.469708 0.445003177041193
0.187521 2.95261 1.56753 1.91198299318922
0.48426 3.93902 2.79013 2.71107548692906
0.109457 3.36461 1.94647 21.4040962409687
0.362488 -1.47018 0.692551 1.39527799889642
0.143392 -1.92817 2.76411 2.29797149130926
8.28594 -0.896857 0.70426 0.803497725940124
0.375326 -0.817391 -2.09618 0.0338675961105666
2.22934 -0.989217 -1.91209 0.356140003661786
0.411413 -0.10292 -1.66084 1.53907852401333
5.89419 -1.16407 0.992177 1.22074497482465
1.96376 -1.07732 0.685834 1.06652237845168
