0.38095 -9.45923 2.2599 0
0.152384 7.31101 -0.563444 0
0.244172 9.12628 1.29982 0
0.300404 7.05467 2.40084 0
0.132725 7.53746 2.9234 0
0.815477 6.97058 1.47436 0
0.803327 3.56819 -1.13303 0
0.246449 4.32216 0.934533 0
0.353412 2.88684 -2.08537 0
0.594612 2.36985 1.5232 0
0.453628 -1.82286 -1.18793 0
0.843781 -0.507483 -1.05678 0
1.80533 -1.36166 -0.70506 0
0.0576972 -8.712 -0.725278 0
0.0790349 -8.30619 2.12193 0
0.0927047 1.51629 0.752843 0
0.219589 0.629536 0.609714 0
0.339949 1.88139 -1.04197 0
0.0591257 9.21341 -2.62751 0
0.239197 -8.53256 -2.3272 0
0.243719 7.00803 -2.87989 0
1.09653 4.82699 -2.0263 0
0.581835 5.01045 -1.47829 0
0.768542 2.05213 0.14803 0
0.268703 2.59971 1.96449 0
0.364278 1.45218 -1.30224 0
0.379747 -8.26011 2.20433 0
0.277441 -8.8287 0.345998 0
0.569629 -3.99532 3.11411 0
0.374853 -3.17508 -2.40401 0
0.604946 -0.202363 2.16743 0
0.484354 -0.11358 2.58812 0
0.361896 3.32618 -2.69575 0
0.217165 4.49575 0.749727 0
0.149385 -8.16864 1.37854 0
0.125991 -8.22339 -0.846046 0
0.471194 -0.141172 -3.02685 0
0.113832 -2.1927 0.860608 0
0.121323 -0.0896501 1.45264 0
0.428363 -1.01482 2.71388 0
0.48213 -0.995334 -0.491565 11.8399682209692
0.557094 -0.842303 -1.29273 11.4693756246217
0.948555 -0.693257 2.6458 14.445015209102
0.625289 -0.731693 2.11067 21.4295147366151
