0.367647 1.94153 -1.64369 0
0.922231 2.0841 -1.19213 0
0.37592 2.48072 1.10309 0
3.93809 2.45995 0.100094 0
0.398924 2.30722 0.602909 0
1.17368 2.30956 -1.6646 0
0.282816 -3.48156 -2.71633 0
0.374698 -6.25268 0.801242 0
0.46327 -7.79837 -2.27844 0
0.330556 -6.363 0.905113 0
0.21217 -4.75751 -0.900121 0
0.331246 -5.43965 -2.28636 0
0.350883 -3.58088 0.574716 0
0.770497 -4.29652 2.37314 0
0.326582 -4.34804 3.10639 0
0.249319 -2.83162 -3.00714 0
1.7175 -3.30907 -3.07164 0
0.482765 -1.53314 -2.72584 0
0.484305 -0.20081 1.87697 0
0.409959 1.41631 -0.780756 0
0.218627 5.6784 2.20632 0
0.999959 7.79345 -1.41224 0
0.191387 10.3827 0.337829 0
0.299431 6.18966 0.249148 0
0.170129 3.71171 0.670472 0
0.642319 2.33146 -0.553694 0
0.26741 3.00824 0.321175 0
0.383271 1.06303 -0.484021 0
0.066364 3.31425 -2.34931 0
0.631212 3.00159 -2.25561 0
0.0106551 3.7825 1.59178 0
0.280478 1.20047 -1.63565 0
0.231475 -4.0936 2.85303 0
0.407867 -5.6204 2.23229 0
0.438722 -5.77942 1.21404 0
0.728703 -6.72299 0.699401 0
0.223454 -7.6915 1.8634 0
0.122647 -5.07203 -0.686343 0
0.61499 -5.88142 3.08746 0
0.115011 -3.94679 3.02237 0
0.590648 -1.47039 1.8232 0
0.299145 -0.718207 1.32284 0
0.695894 -0.19009 2.6861 0
0.237606 -0.922511 0.709479 0
0.416126 2.17065 2.34772 0
0.454343 5.9365 0.910232 0
0.353253 5.35654 2.76892 0
0.229428 6.40243 -0.750838 0
0.0947121 7.84505 3.1327 0
0.111234 -4.53628 -1.96718 1.02169227393946
0.430697 -1.0983 2.6053 0
0.468129 -1.35272 1.97437 0
0.208301 8.053 1.44502 0
0.0887188 7.4536 2.91541 0
0.627582 -0.8144 3.0829 8.31257685184599
0.50983 -0.326388 2.55216 13.1178872371646
0.58458 0.681755 1.37232 14.0758906572698
0.0543337 1.90452 0.825083 54.6519263500541
