0.146973 -1.30575 -0.903328 0
0.79683 -2.32182 -0.388793 0
0.248175 0.141052 0.785177 0
0.139377 -10.5852 -3.10685 0
0.0731107 8.32432 3.05518 0
0.163943 2.39429 -1.96747 0
0.493935 1.18816 -1.32768 0
0.709537 2.45328 -2.89341 0
1.60855 2.19116 -1.30306 0
0.471499 2.10497 -1.69748 0
0.640983 2.4374 0.250399 0
0.66113 2.78958 1.98817 0
1.32424 2.82614 0.534287 0
0.442782 2.79566 0.623869 0
1.30615 3.68894 1.4835 0
0.834083 4.11279 0.931066 0
0.954531 7.24672 -2.94871 0
0.549625 6.2984 -2.67929 0
1.03703 6.86233 -1.92666 0
0.306198 7.74508 2.71356 0
0.265654 6.85758 3.09695 0
0.585343 7.20518 2.03097 0
0.925098 5.27347 1.06668 0
0.249163 2.54974 0.204249 0
0.721074 1.40206 -1.72256 0
0.384097 0.56342 -3.02258 0
0.352257 -0.968793 -1.72054 0
0.805554 -0.600885 0.817958 0
0.189644 -0.591675 -3.03008 0
0.10583 -1.55037 2.27901 0
0.732227 -2.27905 0.922306 0
0.55224 -1.19546 0.645802 0
0.646302 -8.0372 1.70089 0
0.1368 -8.66372 -1.84081 0
0.696546 5.99094 -1.04554 0
0.261022 5.73095 -2.39314 0
0.173976 7.74228 -2.00851 0
0.520518 6.80542 -0.503579 0
0.117013 9.17006 -1.45998 0
0.421522 1.60864 -0.835175 0
0.195927 3.29019 0.794418 0
0.625159 2.58523 -2.58249 0
0.734146 2.46395 2.8792 0
0.690272 3.5878 1.2439 0
1.23537 7.09013 -2.8033 0
0.350888 6.39251 1.11587 0
0.625169 6.01542 2.65094 0
0.293993 5.54981 -3.08261 0
0.383958 5.36621 -2.68448 0
0.0820023 -2.58276 0.85198 5.40035955695912
0.208598 0.956928 -1.41309 0
0.186624 1.60924 -1.91805 0
0.139924 0.592805 -1.62773 0
0.245996 0.574264 2.12186 0
0.0516213 3.24054 -0.0591154 0
0.742487 2.20976 3.05489 0
0.756377 -0.282744 -1.83029 2.39346553615996
0.0370454 -0.259782 -0.354528 49.3090882829653
0.155557 1.74148 2.66455 14.6812441134828
0.465601 1.994 1.2232 3.86859918449988
