1.64469 0.0774325 -2.78895 0
0.182024 7.15645 -2.1019 0
1.81565 -1.39307 -2.68619 0
1.02223 3.12676 0.846634 0
0.592172 -3.5621 2.82423 0
2.01175 -3.90025 -3.06032 0
0.0323534 1.60479 -0.197727 0
0.0301295 2.68213 2.34108 0
0.588864 2.5617 2.91153 0
0.587513 2.37118 2.47137 0
0.205311 -0.348776 -0.133915 0
1.36977 -0.15594 -0.448221 0
1.02339 -1.29309 -1.39249 0
0.695509 5.86285 -2.06771 0
0.670477 7.00356 -0.420895 0
0.38832 2.9688 -1.6409 0
0.360922 0.646603 0.432446 0
0.527168 0.402093 1.74823 0
0.631692 0.027236 -1.33903 0
1.09379 -1.01594 0.999255 0
1.82321 -2.05136 0.785156 0
0.277766 -3.35206 -1.9639 0
0.406288 -4.52246 1.40657 0
0.475782 -4.11462 2.9636 0
1.73933 -3.7407 2.52259 0
0.345299 -4.62087 -0.347103 0
0.187789 -4.59689 -1.10841 0
0.0841929 -4.49069 1.4675 0
0.470441 -3.19807 -3.04314 0
0.689136 -2.95234 -1.52153 0
1.4668 -1.30621 -1.69676 0
0.230427 -0.691782 -1.91319 0
0.663144 1.55436 -2.24556 0
0.921633 1.43783 -2.52525 0
0.428719 3.68715 2.61365 0
1.00049 4.63502 -2.70019 0
0.432684 0.538918 1.98547 0
0.581158 -0.157695 0.753229 0
0.467153 -2.74911 -1.76655 0
1.9019 -2.18662 -1.16767 0
0.332848 5.66509 3.06596 0
0.0782077 6.49245 1.65507 0
0.299852 5.65648 -0.655407 0
0.391474 6.10271 -2.75366 0
0.671999 5.48164 0.12775 0
1.15584 4.82544 0.236765 0
2.16278 -0.00469158 1.86331 0
0.096059 -2.59518 0.314272 0
0.466893 -0.295846 0.663466 0
0.194965 -0.883901 0.0583932 0
0.585182 -1.75017 2.44238 0
0.932661 -2.71998 1.81971 0
2.29313 -3.28794 0.209047 0
0.946211 5.94573 0.168236 0
0.250943 6.38729 -1.30061 0
0.17634 6.91208 1.25443 0
2.76844 2.14436 1.88507 0
0.535036 1.72378 2.19593 0
0.132106 3.48797 2.73183 0
5.31487 3.26467 0.337861 0
1.04105 -4.33387 -2.46393 0
0.273274 -3.51012 -2.20595 0
0.287154 -1.08065 -1.6486 0
0.273781 -2.05375 -0.306103 0
0.513976 -1.88861 2.71641 0
0.877955 -0.599553 1.55438 0
0.344879 0.634646 1.84953 0
0.155311 1.3443 -1.21748 0
1.28996 -2.98123 -0.483669 0
0.356886 -1.52224 -1.67866 0
0.417178 0.899103 -0.0035272 0
1.4026 1.13663 -1.62129 0
0.582362 5.17197 -2.50885 0
0.547259 -0.325306 0.576116 0
1.99225 0.37917 1.35646 0
0.382607 1.66166 -3.08262 0
1.13608 0.703451 1.75487 0
0.743046 1.11197 1.602 0
0.879522 -0.67056 0.698964 0
1.14076 -3.96332 2.32021 0
1.39496 -4.21981 2.92942 0
0.184585 -4.37947 2.18893 0
0.178942 -2.71026 0.498126 0
1.11282 -1.42173 -0.314121 0
0.650044 2.32972 -2.0632 0
1.00047 2.53327 -3.00123 0
0.602975 2.95195 2.9046 0
0.692103 4.05453 -3.01171 0
0.192323 3.8323 1.76153 0
0.254604 -2.19731 -0.406684 0
0.281753 -0.99777 3.03712 0
0.476768 -2.32733 -0.524092 0
0.782387 -2.5418 -1.05128 0
0.311216 -2.64939 2.44183 0
0.577108 -2.99542 0.886948 0
0.0808874 -1.51016 0.777225 0
0.573747 0.709443 0.376451 0
0.61981 4.54737 -0.616923 0
0.743685 3.93322 -1.55825 0
0.540433 6.21911 -0.620755 0
0.570085 5.85443 -2.15608 0
0.416791 5.38844 -1.25736 0
0.0907019 8.46626 1.4566 0
0.27334 6.49048 1.48444 0
0.176401 6.22511 -1.98636 0
0.699213 5.59535 2.55251 0
1.33054 5.38348 -3.09302 0
0.082414 5.84266 -1.26466 0
0.28004 5.94198 0.229339 0
1.18439 4.76301 1.54655 0
0.607854 4.15491 2.17357 0
0.648332 4.71709 1.50821 0
0.333696 4.32531 0.567172 0
0.335301 3.02484 0.780367 0
1.05795 2.79431 0.068688 0
0.227749 2.07776 0.0811029 0
0.262183 1.29495 2.65714 0
0.309107 2.20131 -1.05793 0
0.736942 -0.890789 -2.81972 0
0.37567 -2.07728 2.91109 0
0.353829 -2.67526 0.566228 0
0.371842 -1.74461 -2.90195 0
0.511824 -7.44877 -1.48872 0
0.162148 -10.1348 -2.43641 0
0.417299 -7.63357 2.80877 0
0.483014 -7.32125 -0.555518 1.24171557028117e-07
0.448024 -7.23518 -0.825189 3.32247281720862e-08
0.0467896 -2.83303 1.6178 0
0.216761 -1.24409 -0.57686 0
0.300008 3.8365 1.63356 0
0.388276 3.28652 2.61612 0
0.337307 1.81596 -1.52548 1.52740806848173
0.267497 0.57159 2.01685 0.865249088837449
0.158922 -0.123064 0.454948 3.78960222330077e-05
0.228564 0.0134157 0.578927 1.38071885823561e-05
0.444818 2.18953 0.109872 0
0.181806 2.79408 1.83543 0
0.548427 0.595368 2.86694 3.84686784447172
0.0280301 -3.56419 -2.18126 0
0.418939 -1.12324 0.0894696 0
0.0110333 -5.94266 0.220485 0
0.589195 -2.46379 2.42156 0
0.432589 -2.64096 -0.986622 1.45475927366499e-07
0.884391 -2.72586 -0.812019 2.86099773274404e-08
0.901994 -2.55435 -1.59973 0
0.446369 -2.37161 -1.45769 0
0.459819 -0.818158 -1.91929 0
0.374169 -0.951583 -1.30648 0
0.195738 5.51694 1.10343 0
0.0694006 6.49291 -1.3026 0
0.0592108 2.7294 -1.28669 0
0.428902 0.573495 -1.31693 0
0.583591 -2.14567 -1.48444 0
0.292611 -2.73798 -1.35103 0
0.791943 5.33109 -1.2143 0
0.227331 5.6044 -0.594267 0
0.123514 6.84137 -0.537237 0
0.318798 5.49303 1.64717 0
1.08412 6.06893 0.747926 0.114935109749152
0.205732 1.42385 1.02838 2.11307344800374e-09
0.394004 0.668559 0.884054 3.32702069694257e-09
0.228058 -3.41468 0.477295 0
0.41486 -3.34769 0.443109 0
2.12069 -0.1878 -2.20965 28.789144768758
1.5387 -0.121696 -2.42682 40.0936875530514
0.349428 -2.27579 1.8422 27.2780250761707
0.448834 -1.83081 2.81663 32.6535858415942
0.283523 -2.19015 -2.59506 8.8688396894087
0.555871 -2.96612 -2.21638 2.1134389632301
0.146558 1.33234 -2.10764 36.8163988284249
0.663642 1.87744 -2.74198 4.92441228118905
0.125861 -3.61884 -2.72325 10.6644748354697
0.505088 -3.16628 -1.06656 4.16987384258062
0.246858 2.18491 2.21917 26.1082528380223
0.488188 1.71268 1.07492 20.7436786738134
0.312346 5.90471 0.551401 0.011632656391078
1.62518 0.636731 1.77773 3.7007698006181
0.079288 1.04319 1.79511 57.5805472633312
0.133814 1.32672 1.49055 31.1765241409983
0.732487 0.638135 0.470358 9.49726771283196
0.56127 2.43414 -1.3611 0
0.392648 2.869 2.78738 0
0.359948 6.16783 2.25426 0.288483829396924
0.322427 5.89384 0.174606 0.249716901576183
0.785842 4.95551 0.769312 0.0597986020131924
0.206395 4.99879 0.632024 4.59423944275051e-06
0.0471674 5.00133 0.62679 4.52375797569984e-06
0.489552 5.64599 0.635972 0.0121970782104505
0.281681 5.92111 3.08416 0.0742876230476734
