0.251808 8.02914 2.47791 0
0.955075 -5.89518 -1.63207 0
0.602889 5.94449 -2.59549 0
0.652946 5.87081 2.1501 0
1.05506 5.1354 -2.82615 0
0.566273 5.14788 -3.05565 0
0.741869 5.68514 2.62433 0
1.00774 4.14449 0.81252 0
1.05273 4.51953 -0.479143 0
0.809051 4.80424 0.710724 0
0.324508 2.30078 -0.931972 0
0.183234 4.07636 1.13599 0
0.321675 2.98573 0.667052 0
1.52187 2.90668 1.3733 0
0.798929 3.24156 0.517739 0
1.52822 2.84853 1.76584 0
0.377581 2.29877 0.64954 0
1.86767 3.09109 1.44453 0
1.41185 2.38446 -1.28042 0
0.0486128 5.58817 -2.01735 0
2.41047 -0.800794 1.54928 6.85045499483203e-14
2.94577 -0.213403 1.8034 8.5937538317582e-14
5.43276 -0.50174 1.13361 1.42311224360293e-13
3.05284 -0.625781 0.944766 1.69229164833035e-13
2.65898 -0.903725 0.759116 1.89740550564724e-13
3.26612 -0.882291 0.762389 1.89570388419894e-13
4.73796 -0.937085 0.725034 1.93364397660205e-13
4.20024 -0.918637 0.443129 2.21795450881436e-13
4.38823 0.656809 -0.0763079 3.93913444702981e-14
1.17354 0.280768 -0.198194 4.09451579152185e-14
5.61489 0.478673 -0.0256927 3.71584485162533e-14
0.444803 1.09309 0.237421 0
1.35348 0.204811 0.545923 0
0.473972 1.59284 0.74677 0
1.87966 2.58532 -2.34223 0
0.672385 1.73144 2.11938 0
0.615363 -0.399963 1.89674 0
0.698658 -0.688011 1.00287 0
8.73075 -0.278762 0.749159 0
0.097887 -1.26963 2.08001 0
0.21446 1.14631 2.97289 0
0.590365 4.01516 0.797631 0
0.270126 5.73574 -0.30749 0
1.86527 5.34466 -0.0162207 0
0.0621827 5.96188 0.286965 0
0.159524 -8.70169 -1.44288 0
0.202799 -4.74765 -2.34835 0
0.694663 -2.79116 2.37002 0
6.5132 -0.224613 -1.70628 0
5.58998 -0.338406 2.11179 0
16.0763 -0.398294 2.09191 0
0.824828 0.0775158 2.377 0
0.399715 -0.204682 1.52933 0
9.1419 -0.39001 2.03334 0
1.24666 -1.13569 2.11312 0
0.681687 -0.894732 1.28914 0
2.98368 -1.77214 2.5952 0
1.98816 -1.62549 2.66349 0
6.22119 -1.6891 2.94172 0
0.2414 -3.22827 0.129718 0
0.313177 -2.68335 -2.52666 0
1.71404 -1.91167 -2.28359 0
0.185212 -2.79085 2.48552 0
1.13331 -2.3527 -2.14038 0
1.696 -2.36593 -2.91293 0
5.15813 -2.33208 -2.64041 0
0.200645 -2.67536 -1.8568 0
0.72889 -2.24457 -2.78802 0
0.571674 -2.41268 -2.39211 0
0.591206 -3.57836 2.19469 0
0.286453 -5.35947 1.53177 0
2.60029 -4.83703 0.588689 0
0.821431 -4.0051 0.458291 0
3.37561 -4.63086 0.605758 0
1.67973 -4.52036 0.70913 0
1.57145 -4.23662 0.189968 0
0.426129 3.55825 -2.37167 0
0.342176 -1.99656 1.33465 0
0.472644 7.92508 -0.138413 0
0.0864855 1.88847 1.04115 0
0.640545 4.33214 -3.13779 0
0.137472 4.56319 2.2071 0
0.759573 5.30043 2.79226 0
0.933072 5.7896 -1.99522 0
0.410621 4.36521 1.15888 0
2.41688 3.11584 0.468905 0
2.59585 2.38867 -1.67473 0
0.858517 2.61773 -1.19712 0
2.408 3.25972 0.767108 0
0.473003 3.9523 0.750307 0
1.18703 2.55339 1.27894 0
1.66864 2.54427 1.1227 0
0.471459 3.83544 1.02166 0
0.0146781 5.05365 2.5728 0
0.716868 1.79706 -0.116526 0
0.741267 2.51939 -0.847914 0
2.22474 -0.730549 1.34559 9.8932962509186e-14
5.672 -0.714907 0.536396 2.18846003423299e-13
23.4085 -0.10799 1.59043 3.30404986675941e-14
2.62856 -0.105654 1.69257 3.61740768107615e-14
2.13926 0.624178 -0.463034 4.5606696377931e-14
0.455955 0.519654 0.892741 0
1.11897 0.631265 -0.0107783 0
0.551973 2.82418 0.511121 0
0.419161 1.15167 -1.20595 0
0.9224 2.72622 -1.95146 0
0.864832 2.40994 2.75874 0
0.974984 2.28295 -3.12064 0
0.225479 0.890557 -2.88709 0
1.83072 1.71125 2.93338 0
0.4473 1.27039 2.71993 0
0.662023 0.192332 2.69888 0
0.677861 0.403765 -1.89749 0
0.185102 -1.29394 0.255451 0
0.214848 0.682918 0.98988 0
0.473485 -0.431218 1.59955 0
0.555388 -0.915429 1.11949 0
0.745414 -0.341094 1.252 0
3.42787 -0.329916 0.809781 0
0.0774938 -7.67497 2.26911 0
1.49315 -5.66805 2.56016 0
0.387049 -4.05865 -1.35329 0
0.476631 -7.86074 0.753451 0
0.0768362 -6.30518 -2.40508 0
7.71199 -0.450341 2.12217 0
1.26817 0.13351 1.98919 0
0.760444 -0.674486 2.18315 0
3.68844 -1.48724 2.98104 0
0.696247 -2.28617 2.93556 0
0.521182 -1.64877 -2.71342 0
0.574242 -2.07254 1.42108 0
0.224512 -3.08917 -1.03815 0
0.035833 -4.69497 -1.88788 0
0.881999 -2.1383 -2.1455 0
1.36774 -1.72823 -2.8866 0
3.40483 -1.79797 -2.68233 0
0.262311 -1.70526 3.05311 0
3.36474 -2.17449 -2.20814 0
0.271679 -2.04849 -1.78849 0
0.236951 -4.31191 -2.00208 0
0.0886304 -2.40583 1.9075 0
0.548144 -4.96588 -2.48883 0
0.882504 -4.45574 0.4219 0
0.801129 -4.65118 0.304662 0
0.777126 -4.98853 1.11523 0
1.07778 -4.33064 0.815255 0
2.13086 -4.73202 0.638206 0
0.904681 -5.1409 0.782506 0
0.242869 3.6445 2.53361 0
0.469877 3.16425 -2.3284 0
0.0765325 0.719161 -0.034241 0
0.684911 -3.24676 2.25259 0
0.852311 -6.00182 2.21142 0
0.621311 4.80706 0.401138 1.05649722120926e-08
0.529473 5.18424 0.206087 1.18227676059877e-08
0.0311365 4.85226 -1.72985 0
0.557677 3.38223 0.615572 0
1.65916 3.20609 0.833378 0.0659628893744253
1.49555 2.29654 -1.5749 0
0.184202 2.84689 -1.93676 0
0.183694 3.27586 -2.00277 0
0.618469 4.60519 -1.06397 0
1.28558 4.6662 -0.991634 0
0.676746 4.80519 -0.530104 0
3.11288 3.13709 0.653003 0.00863489243674979
0.546974 2.61268 1.90768 0
0.826272 2.99619 1.454 0
0.138616 2.04677 2.61104 1.71858974626312e-08
0.161407 2.0084 1.94704 8.13516439521112e-09
1.47417 -0.366669 1.47807 8.90557414305183e-14
0.810035 -0.480074 1.03761 1.60367068246957e-13
1.39596 -0.481637 0.725139 1.95585373100726e-08
0.58943 -0.370499 0.734412 7.2753978211934e-08
0.208374 0.648338 1.56306 72.2921767115634
5.32366 0.469889 -0.272686 1.86991935734404
4.85343 0.595281 0.0227239 0.103214767627075
0.1823 -0.0099009 -2.69437 5.33281422959134e-08
0.115181 0.683371 -0.508918 7.10523905983496e-08
0.425774 -0.843334 0.576089 0
0.179567 0.285769 2.09588 0
0.308005 0.21278 -2.5796 0
0.152964 0.363004 -2.99245 0
0.106465 2.09255 0.479543 0
0.0171418 5.87863 -2.03642 0
0.492856 -6.88889 -1.6145 0
0.310104 -7.75931 -2.04537 0
0.166307 -5.19078 -1.36357 1.33284173694908
0.248652 -2.30349 -2.28231 17.4749377575021
0.215274 -0.909323 -2.27337 4.33368984899267e-08
0.631549 -1.18341 -1.87849 5.71799885704775e-09
9.65542 -0.206046 -1.7622 0.766355069833225
7.37249 -0.213952 -1.77809 4.22983917608814
33.7724 -0.209671 -1.75791 0
10.9488 -0.199727 -1.75343 0
40.5993 -0.194259 -1.74604 0
13.0462 -0.195263 -1.75713 0
38.951 -0.204323 -1.76053 0.000381162152093432
22.1306 -0.203229 -1.74064 0.00829384546796291
1.48187 -1.63752 3.05931 10.8274504596075
0.320587 -1.82746 1.24645 2.60253859127633e-07
0.485552 -2.10677 1.19927 9.54782386533382e-08
0.762233 -2.07494 -2.58647 0
2.15366 -1.88758 -2.46267 0
0.342948 -2.7036 2.9302 0
0.219066 -2.22279 -2.81934 0
0.269404 -4.74308 0.495085 0
0.17849 -5.64478 0.390466 0
2.02632 2.15621 -1.48598 1.55785634245086
2.7568 2.04654 -1.35099 1.27340581791292
0.10042 4.18125 1.67949 19.6367715296595
0.390482 3.96315 -0.787363 6.29196446490504
0.427193 -0.420794 3.04681 29.8573465737275
0.922928 -0.45577 2.40446 13.5932883197402
0.730409 -1.74359 2.8336 6.35756710949893
0.974831 -2.03465 -3.06777 3.61703713728227
0.0484156 1.51817 -1.55626 6.70282075908924
0.384506 -0.682765 -2.12121 1.61832030338717
0.365689 -0.459113 1.38708 27.5921976471749
0.372674 0.14279 0.416021 29.6316751494361
1.80497 3.05909 0.702693 0.0448737790920172
0.923083 -0.656442 1.84194 0.987488400762016
19.0556 -0.224515 0.833709 0.247726073948965
8.09253 -0.391655 2.1077 0.317062116433419
4.20537 -1.64371 -3.09676 0.710428341432721
0.378811 -1.52567 -3.0129 8.7631322627021
10.5058 1.98144 -1.51174 0.597104489747733
17.5467 1.99461 -1.54541 0.284094059834624
3.38129 2.04547 -1.48861 1.32528282069664
1.19389 2.90553 0.727362 0.132499782903378
0.528569 3.34532 0.787926 0.120458194679033
27.3095 -0.237583 0.809881 0.581320839812088
6.31259 -0.368922 2.08558 0.722863239634022
15.5509 -0.420378 2.11979 1.28358209877702
17.5428 -0.366071 2.12187 0.845127078999109
26.9432 -0.366181 2.08996 0.662752340527419
5.17529 -0.454323 2.08188 2.28450228873961
31.0313 -0.216305 0.800959 0.519768851465341
14.5812 -0.208939 0.83059 0.382681897295624
7.30264 -0.386079 2.11973 0.602231851546773
