0.268987 -7.9499 -1.98196 0
0.826092 -1.64129 2.63293 0
1.10414 4.8691 -2.61866 0
1.13389 3.03471 -1.17546 0
0.704408 1.87897 -2.26834 0
1.35466 3.505 -2.38261 0
0.926338 3.50514 -1.95864 0
3.88028 3.39042 -2.40574 0
0.801815 3.21589 -1.8771 0
0.216073 3.48615 -1.2197 0
0.16107 3.81541 2.90636 0
3.3115 5.56953 1.92911 0
1.64755 4.10593 0.0464798 0
1.81885 4.54368 0.0233465 0
1.53108 4.78879 0.0370668 0
0.862969 3.81787 -0.37804 0
0.98017 5.21772 -0.813274 0
1.52975 5.39195 -1.22932 0
0.206076 -0.702272 0.0589962 0
1.12244 -0.493702 1.41402 0
1.26532 -0.930792 0.345195 0
0.177679 -0.604774 -0.110555 0
0.530615 0.971446 -0.614944 0
0.525474 0.690394 1.5499 0
1.94219 -7.20122 -0.0332413 0
0.397883 -3.99072 3.09246 0
0.298192 -4.46724 -0.523984 0
1.39679 -3.14583 2.55111 0
0.0648591 -5.43479 2.72203 0
0.142735 -2.64287 -0.412511 0
0.499219 -4.57277 -0.46974 0
0.194182 -4.44922 2.90264 0
6.577 -3.9023 2.62296 0
5.23094 -3.97231 2.41392 0
1.01335 -3.94484 2.27733 0
0.0144789 -7.38852 0.400467 0
0.234446 -3.40894 0.997585 0
1.14228 0.211608 0.222271 0
0.498812 -1.40592 2.99342 0
0.374624 -1.49006 1.85417 0
0.662748 -1.26885 0.398101 0
0.526387 -2.44151 -0.0469433 0
1.64772 -2.40003 -0.794651 0
2.22899 -2.47234 -0.881704 0
1.0099 -3.30459 0.421143 0
0.833258 -2.79733 0.50084 0
1.13531 -2.66006 0.462717 0
4.37856 -3.75117 1.25229 0
4.74302 -3.70879 1.25517 0
0.950032 2.97332 -0.711882 0
0.129791 -3.84853 -1.77516 0
0.116861 -3.15458 -1.64946 0
1.54948 1.88861 1.10479 0
0.915124 1.28138 2.22224 0
1.81265 1.47084 -2.13789 0
1.59461 0.936866 -1.45121 0
1.44011 1.01306 -1.67174 0
3.83749 0.560938 -1.81765 0
2.18312 0.776816 -1.79885 0
0.47533 1.4821 -1.4731 0
0.377832 0.411613 2.83779 0
0.511981 -0.422935 -0.251861 0
5.67679 -1.68021 -1.04799 0
2.72623 -1.66063 -0.881163 0
2.69304 -1.03374 -0.767779 0
0.115874 -3.08999 1.24242 0
0.32736 6.8984 -1.19735 0
1.22008 5.94287 -1.81501 0
0.62413 6.53515 -2.38081 0
0.944468 6.21928 2.63384 0
1.70968 -3.1393 -1.63986 0
0.148082 -6.98791 -2.1286 0
0.64825 -4.32815 -2.48253 0
0.408835 -3.56015 2.56872 0
0.250698 -2.52514 -0.916006 0
0.8041 3.90405 0.773981 0
1.58738 5.73011 -2.78542 0
0.278068 7.53116 0.922727 0
0.266677 -4.13962 1.81457 0
1.12081 5.02582 -2.02878 0
1.53444 5.08041 -2.35967 0
0.305906 4.98959 2.93948 0
0.845422 3.26903 2.4539 0
1.0545 2.29134 -1.35034 0
0.32118 1.59348 -0.847461 0
3.59314 3.3706 -2.62373 0
0.51907 3.33161 -2.17044 0
1.20745 3.16551 -1.48874 0
0.964729 2.68526 -1.95134 0
2.03094 3.02172 1.18666 0
2.43229 3.34998 1.87587 0
0.178591 3.27499 1.9389 0
1.31989 3.56623 1.51126 0
0.0390054 5.46516 -1.7368 0
0.979239 -3.82837 -3.0615 0
1.39516 -2.59466 2.88022 0
1.35245 -1.82478 2.91818 0
0.135133 -1.57247 -1.90442 0
2.23698 5.23289 1.9747 0
0.666312 5.8162 1.86662 0
1.80442 5.40912 1.50265 0
0.8874 5.39392 0.598291 0
0.105056 5.98737 -2.18889 0
0.613135 -0.766422 0.749874 0
1.18825 -0.506405 0.0618757 0
0.671235 -1.45346 0.718585 0
1.1635 -0.814749 0.257674 0
0.958693 -0.0239776 0.777984 0
0.680234 -5.06908 1.67222 0
0.377327 -5.2866 0.283753 0
0.134378 -5.41804 2.77524 0
1.00574 -4.40858 1.5787 0
0.101809 -4.19987 -0.0304991 0
2.08639 -4.41972 1.96612 0
2.65286 -4.12945 2.49465 0
0.614034 -4.1981 1.93699 0
2.01996 -3.8589 2.68618 0
1.07948 -3.04983 1.24289 0
0.134746 -2.15961 0.178429 0
0.0889075 -1.57945 -1.99304 0
0.22579 -3.32384 2.31237 0
0.192888 -1.48621 -0.0378146 0
1.26515 -3.03535 -0.548357 0
1.80791 -2.78033 -0.412748 0
0.120439 -3.85804 -2.20864 0
0.216963 -2.89362 0.35474 0
3.81333 -2.49772 0.0393047 0
1.84821 -2.34836 0.155615 0
0.56767 6.39914 -0.326525 0
0.616787 5.33617 -2.43034 0
0.32287 1.29449 -3.01301 0
0.552966 2.1786 1.94053 0
0.481993 0.857165 1.3947 0
0.265697 -0.413431 2.48397 0
0.3162 -0.959788 1.40404 0
0.262504 -1.9699 0.140442 0
0.88911 -3.71675 2.48881 0
0.914754 3.10977 0.720445 0
0.671579 2.8509 0.399494 0
0.616249 2.94362 0.310471 0
1.45479 2.18451 0.807962 0
0.822434 2.18926 1.82065 0
0.142885 1.23791 0.482238 0
0.446027 -0.764978 2.16749 0
0.329338 -1.25139 -2.46591 0
0.375112 -1.22972 -1.3999 0
0.394827 -1.46949 -0.520839 0
0.0741601 -3.10966 -0.604937 0
1.69351 -1.64965 -0.905569 0
0.282387 6.79154 -0.694637 0
9.43511 -2.68959 -1.76708 0
8.53599 -2.74017 -1.89714 0
1.10154 -4.28405 -1.42782 0
0.521618 -3.5747 -1.52947 0
1.11808 -4.27755 -2.61597 0
0.414342 -5.29556 1.77263 0
1.96436 -4.83387 2.76429 0
0.30535 -2.38066 0.891007 0
0.446529 -0.977123 2.73471 0
0.465482 0.36656 -1.46071 0
0.151558 2.13751 -0.349307 0
0.156467 -8.73502 -2.67829 1.36344225346505e-08
0.237823 -8.31567 2.51414 3.58869107634286e-08
0.358152 2.4027 2.75087 0
0.165157 3.31904 2.26392 0
0.489219 2.24289 -1.36124 0.00707864333519782
0.397918 2.37099 -1.38557 0.00755317900895948
0.863635 2.76799 -2.30377 0
0.677834 3.35653 -2.45696 0
1.15716 3.91237 -1.81987 0
0.436532 3.69568 -1.96477 0
0.616498 3.86326 1.65874 8.39042521153144e-09
0.497022 4.16858 1.55336 1.08158986938997e-08
0.173043 -0.120742 1.78064 0
0.0362163 -3.11932 -1.84035 0
0.0162151 3.78531 1.36925 1.63322089740788e-10
0.537439 -2.5789 2.16239 0
0.278377 -1.98513 1.83742 0
0.204815 -5.51376 1.45821 0
0.721938 -4.70763 1.0416 0
0.0885573 -4.01444 1.65197 0
0.579722 -3.87898 0.86523 0
0.231935 7.44988 -1.21718 0
0.0946965 6.79967 2.52122 0
0.921903 3.4598 0.570944 2.77721966393344e-07
0.964296 3.13416 0.51334 3.24450024938343e-07
0.384947 1.10984 2.65784 0
0.134106 2.29309 -1.92069 0
0.654229 0.73796 -1.55862 2.92955658430279e-08
0.486207 0.803279 -1.94396 4.433718604031e-08
0.748873 1.08685 -1.68316 0
0.839804 0.567917 -1.67229 0
0.351742 0.16281 -2.72552 0
0.0595781 -0.683108 -0.276216 0
1.03812 -1.43555 -1.57314 1.73216218379502e-07
0.337382 -1.50579 -1.37175 8.46341705633857e-08
0.405291 -3.78924 -1.76623 0
1.37061 -3.5507 -1.52383 0
0.291224 -1.09447 1.77462 0
0.0303963 -3.27748 -2.88535 0
1.5322 -1.74109 -0.896495 2.49789820976616
0.214896 -1.49571 -0.49282 22.3480078091616
0.194892 2.71087 3.08468 9.19003199534856e-08
0.214778 2.79115 2.00293 1.37816467707608e-07
0.290098 2.02212 -1.46507 0.00599070640990739
0.629192 1.87498 -1.3885 0.0109300643966614
2.35472 2.03443 -1.86517 0.0972608973510123
0.611725 -1.74843 -3.06038 0.0177378713679632
0.929511 -2.09715 -2.72267 0.0269762380422269
0.0859941 -2.92671 -2.58024 0.0892536951501343
0.450488 2.21822 0.756274 0.0101213668636231
0.674821 1.69892 1.75422 0.0350134709279664
0.0307616 -1.19198 0.0332698 1.33830773367535e-06
0.010013 -1.17384 -0.0588599 1.41743873864197e-06
0.696978 -1.12322 -3.1111 0.158504334794758
0.307413 -1.12194 -1.95402 0.205239264204222
0.852277 -1.27667 -3.02714 0.0164107839911529
