6.88863 -1.71048 -1.92416 0
1.98445 -1.91745 -2.20157 0
0.591389 -1.48004 -1.9883 0
0.31259 5.59369 -2.33378 0
0.288896 2.77383 -2.913 0
0.134099 -2.72167 -0.979433 0
0.836568 -3.07801 -2.37979 0
0.591583 -1.80436 -3.07613 0
0.408849 -2.99194 -0.909654 0
0.162527 -0.874872 2.0833 0
2.87246 -1.50905 2.06518 0
0.615136 -0.814371 0.161235 0
1.42421 -0.257488 0.823429 0
1.44206 -0.616949 0.0514072 0
0.778262 -0.762365 1.40809 2.14436734720627e-13
1.2578 -0.93617 2.13183 1.69199485461568e-13
1.35261 0.0742447 2.61034 5.76678572461705e-14
9.6069 0.146105 2.67165 7.91121918379894e-14
0.945338 0.285525 2.70701 1.06811480793656e-13
0.345883 -0.859803 -1.57933 0
0.315054 -3.10662 0.214874 0
0.608051 -5.85893 -2.08733 0
2.22917 1.74859 2.31445 7.84595327934175e-14
0.0718261 2.50145 1.72583 2.77102380636459e-14
0.220146 -1.76995 1.23475 1.52859439526308e-13
1.59304 0.137147 2.26858 2.7293052089185e-13
0.849728 0.715621 0.684828 1.91066097751923e-13
2.23089 0.137431 1.10349 2.65390728039235e-13
12.0359 -3.44666 -2.49625 0
0.369557 -3.12678 -2.76281 0
4.36786 -3.34806 -2.60703 0
1.36825 -3.40593 -2.37644 0
1.7685 -2.48336 -2.89066 0
0.175559 -4.18982 -0.00369897 0
0.710129 -3.86204 0.824108 0
0.340326 -2.99764 2.6537 0
0.61277 -2.86922 0.507018 0
0.948408 -2.3305 0.0678129 0
0.199406 -1.91732 -1.55495 0
0.280441 -2.993 0.767021 0
0.975385 -0.867714 -1.72414 0
0.191997 1.03368 -2.07665 0
5.67728 -0.00357708 -1.05371 0
0.507739 8.61054 1.4467 0
7.34329 -1.67742 -1.93556 0
1.53083 -1.6922 -2.24424 0
1.38895 -1.73316 -1.77377 0
0.696655 -2.65523 -2.35825 0
0.15756 -1.35948 -1.49046 0
0.371335 -2.3777 1.8721 0
0.957433 -2.14306 -1.09974 0
0.863829 6.24546 -3.11563 0
0.318564 6.29859 -1.84975 0
0.24727 4.22671 3.01637 0
0.385968 2.85418 1.27409 0
0.26014 2.6207 -2.27937 0
0.340016 1.93122 2.44805 0
0.445743 -0.998676 1.69962 0
2.273 -0.848917 2.64355 0
0.67765 -1.046 1.96738 0
0.78673 -0.857712 0.207252 0
0.32002 -1.16396 -1.36288 0
0.278344 0.602926 -0.107082 0
0.744738 -1.01966 2.65848 1.74920691397281e-13
11.5308 0.142869 2.67722 7.95240849321799e-14
0.792403 0.0156437 2.75584 8.04528027208238e-14
0.358979 -3.09398 2.27711 0
0.366569 -2.17175 0.509123 0
0.625318 -8.16879 1.52369 0
0.150446 -8.58086 -1.49523 0
1.19372 1.4614 2.61705 1.20528730505092e-13
2.11605 1.9183 2.60134 8.54414490723785e-14
0.628909 0.0427988 -1.57468 2.78895244768406e-13
0.304018 0.728869 2.72589 2.17236353218114e-13
0.498007 0.595997 0.91567 2.03760735108318e-13
0.280298 1.38248 0.130919 1.27078361123628e-13
1.00373 0.465842 1.00092 2.23233777391044e-13
1.09613 0.32397 1.15411 2.42627588168375e-13
0.637213 -0.239656 1.21671 2.83690383936001e-13
3.34425 0.473912 1.09323 2.20644518228308e-13
6.4476 -0.0196727 0.971379 2.7833359002564e-13
0.426868 -0.429268 0.621034 2.75468268909193e-13
8.61957 0.0831821 0.995876 2.71084387179205e-13
13.8905 0.0325142 1.04156 2.74697471911044e-13
8.06401 0.0584803 0.986003 2.73122280006977e-13
0.726012 0.242105 0.0761258 2.71218238667552e-13
4.85404 -3.3214 -2.54916 0
0.0559739 -5.03735 1.73988 0
1.5745 -3.03648 2.63269 0
0.579025 -2.90564 2.38626 0
1.46342 -4.04897 1.77064 0
0.445813 -4.72673 2.75231 0
0.634383 -5.20252 0.292386 0
0.994327 -4.2904 0.207492 0
0.157926 -3.40283 1.16583 0
0.0872121 -6.31774 -1.70455 0
0.304438 -0.775272 1.18636 0
21.4564 -0.0278489 -1.0999 0
2.62655 0.0562085 -1.22717 0
6.41266 -0.0706447 -0.880677 0.181756962376422
0.13624 9.07469 1.91786 0
0.236357 8.81967 -0.748599 0
0.975531 -1.72851 -1.97531 4.87595938676871e-08
0.235712 -1.75521 -1.97816 6.34888383337459e-08
2.59177 -0.113775 0.480856 0.0677513105808943
0.00675476 -3.42663 1.82886 8.17377414093207e-05
0.0459249 -4.00807 -3.13883 3.53507161655177e-05
0.612869 1.58382 2.48524 1.01620421599803e-13
0.599395 2.10652 2.66161 7.98964233374287e-14
0.117209 -0.260885 -0.731963 2.64637304935122e-13
0.358414 0.225377 2.8912 2.76487840513033e-13
0.172055 0.638881 -0.655825 0.0347304458185482
0.384256 0.631511 2.36407 0.0339581971606999
1.20917 -3.36158 -2.34274 1.70358917981496e-08
4.9825 -3.37501 -2.33577 5.98140138017204e-08
0.190301 3.95016 -2.53721 13.7000376251835
0.360224 3.18973 -1.03413 15.4376048229154
0.64547 0.0605526 0.650676 0.299479571563341
0.996281 -0.627685 0.499228 0.584444278041728
3.22165 -0.167178 0.525379 0.0442210168782029
2.20626 0.012605 0.508644 0.194021368039863
0.844202 1.00281 0.449863 0.0131449349274446
0.519317 1.50905 1.21509 0.00580160059539703
1.84494 -0.3185 -0.765731 10.5194028712564
0.373053 0.0102289 -0.79521 54.6218340338459
5.96351 -0.0793076 0.644811 0.189419703023127
15.4671 0.162295 2.69526 0.0716666592456189
6.15651 0.169298 2.6795 0.11604125764364
2.89244 0.192422 2.66993 0.260072668675414
8.4595 1.9367 2.41226 0.123927218895442
1.59833 1.93822 2.38056 0.171626478961933
0.00852546 1.91322 2.9091 1.1468194926531
0.0163169 2.73551 2.66061 1.48363104137383
3.78172 1.84099 2.42064 0.179478818750273
