0.0716016 -5.27227 -0.13247 0
1.41349 5.15675 1.00423 0
0.100871 6.51147 -1.77281 0
0.126032 4.17002 -2.82081 0
0.487077 -5.53239 0.690973 0
0.222557 5.80292 1.1756 0
0.339531 4.96867 -2.18555 0
1.55648 4.29091 -1.97121 0
1.16425 3.90418 -1.16942 0
0.609604 5.67883 2.70688 0
0.120919 4.8881 2.90071 0
0.404678 2.91451 -0.878883 0
0.406915 2.91293 1.54306 0
0.256547 2.58599 -0.449113 0
0.202887 1.43978 2.47132 0
0.260127 1.87557 2.8925 0
1.08721 -0.65933 -1.43181 0
1.64494 -0.725931 -1.66963 0
0.959477 -0.713767 -2.0587 0
0.296772 -2.42401 2.68286 0
0.421384 -1.45132 3.10931 0
1.00237 -1.77123 -0.400624 0
0.584329 -2.86277 -0.534177 0
0.362902 7.04556 -2.73655 0
0.0122062 8.86254 0.667562 0
0.637295 1.3254 2.66725 0
0.325205 2.76999 -0.576315 0
0.315796 0.39061 0.64745 0
0.28372 0.88297 -0.365492 0
1.18026 -1.30186 1.46442 0
1.02046 0.125107 2.45917 0
0.308423 1.63188 -0.186982 0
0.10282 3.26457 -1.87257 0
0.428922 2.67865 -1.56135 0
0.311319 2.89798 3.07216 0
0.495607 4.19788 0.765937 0
0.917243 3.90986 -1.83349 0
0.288438 3.98005 1.45662 0
0.600942 6.28129 -2.47141 0
0.704835 7.21918 -0.76977 0
0.316462 5.4011 2.09269 0
0.362812 -0.041283 -0.230011 0
0.687479 -1.9609 1.81654 0
1.17361 -3.71798 0.0847969 0
0.215469 -1.68359 2.24825 0
0.575837 -1.22163 -0.354818 0
0.627285 -0.789503 2.75045 0
0.790124 -0.425982 2.28265 0
1.90957 0.593003 2.16221 0
0.732341 1.97314 2.83181 0
0.204571 -7.81201 -1.526 0
0.413099 -3.45567 1.4388 0
0.257002 -3.09319 1.81087 0
0.199563 3.07469 1.33347 0
0.532069 2.59894 1.02077 0
0.635642 -2.44763 1.47151 0
0.330745 -1.76217 2.51662 0
0.546479 -2.72843 1.28091 0
1.10591 -3.94176 -3.02118 0
0.704727 -4.47006 -1.22816 0
0.467307 -5.25614 2.54424 0
1.11542 -6.48774 2.76249 0
0.167097 -6.8855 -2.931 0
0.245104 -6.8132 -1.12813 0
0.281134 -6.28674 0.641436 0
0.423968 -4.82147 -1.14221 0
0.182113 -2.75819 2.57787 0
0.439803 -3.46252 -0.922029 0
0.718542 -1.19459 -2.00086 0
0.106259 -0.415658 0.679502 0
1.34469 0.324921 1.73115 0
1.24832 -0.346037 2.02166 0
1.01344 0.090552 -0.95449 0
1.97494 1.9047 -1.95371 0
0.618308 2.49215 -1.6951 0
0.297957 1.05189 -2.60008 0
0.429113 3.15227 -1.36633 0
0.245931 5.52474 2.95716 0
0.60061 -3.42426 -3.1166 0
0.170413 -4.80054 -1.48502 0
0.166641 -4.00877 0.204883 0
0.082393 -7.68699 -2.72113 0
0.463926 -7.77325 2.80383 0
1.2089 5.33874 2.0535 0
0.377967 5.93626 2.67197 0
0.264902 5.84245 -2.45813 0
0.574201 6.78545 -1.41147 0
0.817345 5.9506 -1.1506 0
0.591843 3.00804 0.567253 0
0.626531 1.5166 -1.01472 0
0.167982 -0.252152 -2.62939 0
0.722322 -0.0828013 0.640146 0
0.366076 4.01777 0.0685469 0
0.95681 3.09525 -0.497796 0
0.543966 3.03423 0.813612 0
0.460952 2.40215 2.50431 0
0.532443 1.57071 -1.7508 0
0.11784 1.13541 -1.53213 0
0.10167 2.51812 -2.74529 0
0.409576 0.544525 0.824807 0
0.140516 -2.04395 -1.54544 0
0.908527 -0.898889 -2.15559 0
0.502487 -1.18378 -1.27344 0
0.484788 4.73347 -2.3964 0
0.343376 1.95792 0.496025 0
0.12915 -1.92186 0.69131 0
0.690146 -0.441785 2.44323 0
0.338335 5.76333 -2.99021 0
0.23709 6.78909 -0.114465 0
0.249198 5.2385 2.89247 0
0.113952 5.34387 -0.379485 0
0.427504 3.1001 2.45693 0
0.247347 -0.650751 -2.88172 0
0.215748 -2.95078 1.45261 0
0.267951 -1.41302 -3.07761 0
0.629832 -2.6977 -1.15107 0
0.764428 -3.1861 1.00709 0
1.05892 -1.70012 -0.52456 0
0.434651 1.00663 0.592444 0
1.32117 0.456147 1.83799 0
0.371065 0.601639 -0.570666 0
0.476513 -7.2316 -2.36383 0
0.271835 -3.78061 -2.45339 0
0.486731 -2.37704 -0.884324 0
0.0895552 -3.38944 -1.60946 0
0.535844 2.83377 0.329869 0
0.328447 2.21666 1.82265 0
0.512532 -2.81484 1.93831 0
0.719831 -6.29128 2.80674 0
0.0982006 -7.80011 -1.09608 0
0.196322 -5.56567 -0.584395 0
0.094306 -5.68915 1.11548 0
0.677529 -3.47297 -1.08873 0
0.295356 -2.39412 -1.04453 0
0.184249 -0.517108 -2.73427 0
0.177623 -0.179679 2.71225 0
0.756586 -0.36493 1.55304 0
0.306664 1.19185 2.79913 0
0.488252 0.784779 -0.733277 0
0.939142 0.437572 -1.30013 0
1.30021 0.974995 -2.4107 0
0.570482 2.49745 -1.59644 0
0.570149 2.98577 -2.5905 0
0.574488 1.81956 -1.89395 0
0.413478 -6.15797 3.07688 0
0.0819239 -7.88929 -1.59859 0
0.490711 1.7108 -0.342161 0
0.410474 1.92361 -0.857031 0
0.131304 0.847521 -0.0633738 18.4463995313491
0.25857 -0.569243 0.892483 8.77968716427989
0.0711904 -1.9852 3.11828 0
0.599514 -1.36967 1.58485 0
0.131636 -2.61341 0.133486 3.69844277136349e-07
0.273497 -2.46517 2.19211 1.23004956144736e-07
0.948118 6.31643 -2.88301 9.99210035556681e-09
1.23617 6.34462 -2.63582 6.02635228598775e-09
0.29124 1.6956 -0.139373 0
0.12396 2.63359 1.72295 0
0.101932 -2.5294 -0.358678 0
0.114569 -1.54887 -0.292737 0
0.28376 -5.69659 -1.34424 5.00243407679518e-08
0.34723 -5.96197 -0.948935 1.07918095066248e-08
0.2137 1.82703 -1.68732 0
0.337137 1.61635 -0.350558 0
0.335479 -0.57293 1.26232 4.62538549980471
0.161321 0.210109 2.81094 7.9250806550712
1.63533 3.61432 1.77492 1.681141261133
0.222563 4.09014 1.47989 7.69071163799627
1.22539 0.0225374 2.13121 29.4974366103798
0.249596 -0.604707 2.03787 121.469699400321
1.39409 0.00883638 0.345342 21.0115914682804
0.14074 0.497474 0.734016 174.136683083467
0.0984472 1.18754 2.64452 0
0.855519 -0.451393 -1.99723 0
0.303412 -3.93691 1.65978 1.71771577534105
0.108033 -3.78988 1.07829 5.57135004266321
0.396789 1.02323 -0.027599 0.011904563646469
0.334709 1.26891 -1.50113 0.0684452764715411
0.281753 0.836392 0.0748058 0.0165643570485675
0.363357 1.20443 -1.6687 0.0753788877826883
0.159164 2.16614 1.86174 0.0897034023745055
