3.058 4.02166 0.352011 0
4.76072 0.844029 -0.465281 9.63267159992197e-14
13.8867 0.723371 -0.477527 9.7168107372859e-14
3.22954 0.563482 -0.716131 9.67660397734606e-14
0.318354 0.173635 -0.206934 8.82062003886405e-14
0.254804 2.51826 -2.18753 6.24554082408048e-14
5.67185 4.03895 0.432072 0
0.151447 -1.69823 2.53237 0
0.121953 -1.83183 0.355072 0
1.21372 -4.06688 -0.655242 0
0.436335 -1.85771 0.0820936 0
2.42316 -0.885421 -1.5688 0
0.204395 -0.734894 -0.569696 0
3.33563 0.221562 2.80345 0
0.482546 -1.11427 -1.41434 0
2.56239 -0.530551 -1.97115 0
0.680768 -1.91991 0.545978 0
2.21696 -1.74439 -2.41219 0
0.83145 -6.52091 2.02618 0
0.581031 -5.55761 -1.89251 0
0.43508 -6.99821 0.619353 0
0.241501 -5.96899 -2.8767 0
0.287651 3.55427 -0.108899 0
1.11045 0.783918 1.65668 0
0.255072 0.516848 -0.147114 0
0.425672 -2.50637 2.09667 0
0.363415 -2.02912 2.23802 0
0.523056 -3.02345 -2.98 0
0.182424 -5.71869 1.33317 0
1.21873 -4.21287 0.136063 0
0.166666 -6.1563 -2.02307 0
0.236207 -4.22421 1.08657 0
0.859423 -1.25644 1.0433 0
0.331386 2.58876 -1.73765 0
0.303175 6.20813 1.48056 0
0.538785 -6.81648 -0.575789 0
0.446221 -4.14488 1.95128 0
0.308668 -1.6084 -2.08096 0
0.343836 -1.09644 -1.03434 0
0.835751 0.507424 -1.67769 0
0.478738 2.51192 -3.05249 0
0.377644 2.22621 -1.7729 0
0.422088 4.03121 -3.03901 0
0.202502 4.99815 1.34564 0
0.549589 6.70828 -1.40772 0
0.137753 6.7135 2.01411 0
0.889751 8.56747 -2.25927 0
0.0794828 8.6037 -0.0343801 0
0.888159 3.97071 0.771602 0
3.94595 0.803954 -0.556199 9.59682246610044e-14
0.557447 1.26411 -0.113274 9.4351733414521e-14
2.26864 0.96695 -0.400976 9.56185385095049e-14
1.49717 -0.4634 -2.6571 9.03561929810122e-14
4.01166 -0.695188 -2.48255 9.59568388396632e-14
5.94188 -0.740135 -2.54271 9.64826848293297e-14
2.92947 4.08325 0.516879 0
0.58319 4.61548 -0.0361495 0
0.138601 3.17739 -3.04486 0
0.63455 3.42766 0.270723 0
0.480502 2.78104 -0.7382 0
0.718503 -0.747758 0.116136 0
0.1074 -1.62877 -2.50255 0
0.59777 0.155079 1.00632 0
0.984385 -4.58436 2.29214 0
0.181642 -4.38953 -0.294735 0
0.54207 -1.22892 -2.37106 0
1.11292 -1.74893 -1.3785 0
0.9754 -1.24389 -1.9375 0
0.131503 -1.73195 1.24184 0
0.595651 0.695191 2.55213 0
1.01487 0.00101925 2.62196 0
0.342211 -1.25653 -2.70542 0
0.582278 -1.26479 -2.52408 0
1.28469 -6.72497 1.72804 0
0.283255 -7.89608 -2.80035 0
0.388736 5.01531 2.02565 0
0.387628 -1.25235 1.09893 0
0.677658 -1.78517 2.7826 0
0.231205 -2.37206 2.31095 0
0.157546 -4.36808 -1.06487 0
0.15081 -5.11507 1.32854 0
0.38887 -3.41573 -1.60293 0
0.290217 -2.49008 -2.64969 0
0.494905 0.982056 -1.62291 0
0.321636 1.32853 2.34173 0
0.396138 2.76676 1.08297 0
0.227597 2.48029 -0.694242 0
0.29584 3.8113 -1.57572 0
0.592293 -5.12326 -2.40765 0
0.579991 -5.20724 0.148153 0
0.533648 -6.50807 2.2792 0
0.268144 -1.28976 -1.4255 0
0.861233 0.0961633 -2.08042 0
0.344886 1.01736 -1.14408 0
0.279486 4.74075 3.07608 0
0.0396385 2.53449 1.41409 0
0.160034 2.09116 -2.57634 0
0.0930672 -1.89632 -0.973025 2.37238193341437e-08
0.103839 -0.382001 0.73307 2.15925271475639e-07
0.310141 -0.657614 -1.78106 0
0.170868 0.522253 -1.78901 0
0.0793765 -2.80214 2.05887 0
0.142216 -3.6072 -1.85903 0
0.286037 4.82417 1.61554 1.49449378172114e-07
0.132965 5.8094 2.40889 8.11671863850673e-08
0.129465 -0.528908 -1.10322 0
0.447568 0.770471 -2.80674 0
0.0580328 6.09471 1.05884 0
0.435486 -2.46813 1.13634 0
0.0123875 -5.34106 2.44772 0
0.225871 0.769426 -1.947 0
0.139114 -1.04898 1.37042 0
0.279497 7.59883 -1.6456 0
0.260019 8.53509 -2.81336 0
0.0654974 -0.170711 -0.342522 8.30218424350646
0.297253 -1.51056 -1.92755 0.781458911814955
1.43502 -1.407 -2.21719 8.67492084116431
0.197129 -1.15908 -2.48488 77.7735934331542
0.63691 -0.710833 -2.58317 7.18963139561246e-09
0.660832 -0.939003 -2.47083 3.32524763292383e-08
0.0890087 1.86992 -0.945197 1.13109825534483e-07
0.154436 2.3635 1.53203 3.01856383468456e-08
1.52688 0.151464 2.87114 0.0751272176480516
1.92939 0.368294 2.73858 0.0331564477863886
17.3346 0.345893 2.80997 0.0133246072815731
1.87088 0.235638 2.74898 0.0393976773739411
2.51517 -0.475413 -0.090497 0.0144589542649254
3.45587 -0.480842 0.0389757 0.0113093562790678
0.0714855 3.18016 -2.85109 0
12.9196 0.279209 2.81663 0.041110115559911
4.58537 0.395106 2.80076 0.0886348149124778
1.48247 -0.526552 0.0954086 0.0163638673863876
1.3914 -0.354019 -0.30703 0.0426893414283579
1.27386 0.292215 2.79178 3.30264366774578
