0.60805 -9.85369 2.14309 0
0.171224 6.98217 3.04105 0
0.972136 7.08508 -2.48454 0
1.42128 -2.92173 -3.13864 0
0.214827 -3.50984 -0.732329 0
0.535532 -3.27361 -2.86031 0
0.157575 -2.84748 -1.29529 0
0.420919 -1.18482 2.82068 0
0.0388278 7.44177 1.29591 0
0.388777 6.0407 -0.324338 0
0.274117 5.77242 3.09213 0
0.489204 2.81485 -1.44837 0
0.719935 1.69953 -2.65685 0
0.191983 3.55469 -1.71904 0
1.75004 2.07118 -1.11305 0
3.27115 0.366493 -1.26922 0
1.09224 -0.799607 0.0852007 0
0.274372 -5.10633 0.768311 0
1.45479 -5.6393 -0.188529 0
0.62092 -5.42746 -1.88242 0
0.155326 -4.00112 -0.439077 0
0.110094 6.56138 3.12177 0
0.272262 5.35059 -2.76809 0
0.680258 9.27051 1.96267 0
0.341098 8.25687 0.695393 0
0.488453 -3.63748 2.70303 0
0.509948 -1.55677 -2.50367 0
1.12762 -1.29636 2.28631 0
0.500071 0.0615109 2.45991 0
0.323012 0.145788 2.9376 0
0.0569646 2.37834 0.750671 0
0.486229 2.8162 1.28721 0
0.545929 1.11906 2.00902 0
0.327775 2.21471 -0.992573 0
0.673119 3.41932 -0.499648 0
0.561285 2.92879 2.20934 0
0.250684 1.93169 -1.54835 0
1.13635 2.49617 -0.719929 0
1.14186 1.51716 -0.165822 0
0.279219 1.72968 -0.627675 0
0.641791 0.594772 -2.44879 0
1.48433 0.869243 -1.46206 0
0.361152 0.784426 -0.541701 0
0.0569947 -5.4239 0.188402 0
0.5005 -5.3654 -0.72565 0
0.370655 -7.37973 -0.0922152 0
0.582065 4.2261 2.58456 0.437719458670878
0.546573 -5.18322 -2.398 0
0.172845 -6.3541 2.83232 0
0.521647 -0.750362 1.84492 0
0.468683 -0.220191 2.22122 0
0.296749 4.84479 -2.92604 0.606383163497806
0.717099 4.09137 2.88011 0.473260224189433
2.31498 4.35899 2.31442 0.181945521274681
0.235533 2.02808 -0.805952 42.0141030839163
0.774447 1.84643 -1.64001 10.1530946899687
0.497973 0.264683 -1.47988 0
0.782836 0.0779071 -1.22366 0
0.303503 -0.912347 -0.0593921 0
0.406967 -0.296874 0.693502 0
0.26637 -2.04192 1.30551 9.98437796449789e-08
0.172763 -1.53489 1.3794 1.97132607483786e-07
0.118401 -5.67274 -2.1876 0
0.352172 -4.81172 2.32975 0
2.10887 4.2989 1.67797 0.083425824307496
1.53718 4.293 1.75954 0.0420795914000562
