1.46769 0.413898 0.297728 0
0.362999 -0.126807 -1.68653 0
1.06054 1.44808 0.319038 0
0.771288 -4.10144 0.563698 0
1.03865 -4.40062 -0.987226 0
0.280969 -3.72224 -2.92454 0
1.44716 -3.97928 -0.640878 0
0.259106 -6.18577 -2.33483 0
0.535082 -4.89891 -0.737801 0
0.298075 -5.06066 1.02197 0
0.853892 -8.60029 -1.28451 0
0.798633 -0.259427 -0.631505 0
0.810053 -1.59604 1.13529 0
0.382177 -1.7352 -0.56631 0
0.713324 0.752648 1.36852 0
0.586578 0.455049 -0.30798 0
0.802302 1.12765 -1.37327 0
0.38406 2.49707 1.33016 0
0.832464 5.57019 -2.34898 0
0.205838 4.63947 0.535047 0
0.357612 7.76066 1.03807 0
1.6216 7.931 2.90974 0
3.56169 -4.3373 -0.850404 0
6.40844 -4.41558 -0.874527 0
2.44895 -4.19663 -1.08106 0
0.46818 0.0591674 -2.3461 0
0.295662 6.45814 2.13998 0
0.644955 2.05162 -3.12819 0
0.295712 -0.943576 -3.07131 0
0.282061 0.546655 0.516125 0
0.311648 -1.32084 -1.99492 0
1.16517 -2.07433 0.972784 0
1.35472 -1.66145 -0.791804 0
1.81556 -1.94254 -1.03433 0
0.269949 5.00325 -1.40163 0
0.474189 -2.07536 -1.50643 0
0.174583 -5.23932 -1.76375 0
1.02357 -5.11387 -3.00329 0
3.36257 -5.85464 2.27517 0
0.965108 -3.88632 2.37171 0
4.61493 -3.84923 1.99811 0
2.39481 -4.2042 2.28187 0
1.49581 -3.42899 2.68653 0
0.167741 -3.48611 -0.933567 0
0.561083 -3.41038 2.07919 0
2.43315 -3.03448 3.0668 0
0.94894 -2.84701 -1.60938 0
0.763548 -5.59687 -1.61379 0
0.654759 -7.15438 0.554411 0
0.219309 -7.63321 1.0289 0
0.321864 -4.28403 2.77576 0
0.108678 -0.107033 1.56102 0
0.897727 -1.49275 0.840327 0
0.531485 -1.62615 -2.31034 0
0.140266 -0.743953 -1.53979 0
0.467456 1.10285 0.210496 0
0.257671 1.80933 0.251187 0
0.137436 2.24551 -3.10076 0
0.363063 2.69161 -0.621138 0
0.398199 3.02943 2.92248 0
0.493433 7.75099 -3.12059 0
0.418145 -1.31753 -0.970503 0
0.41524 1.59993 -0.0423906 0
0.313572 1.39096 2.00422 0
0.339238 2.8223 0.466783 0
0.38094 3.30928 -1.98842 0
0.650492 6.16377 0.660559 0
0.928857 5.09076 0.336783 0
0.206228 6.19753 1.37823 0
0.637081 3.79127 0.846762 0
0.728749 3.3863 1.24859 0
0.12347 3.75093 -2.24158 0
0.0641519 -2.83934 -2.86362 0
0.717581 -0.845184 -1.19569 0
1.58619 -1.66023 -2.33242 0
0.819864 -1.80518 -2.35914 0
0.311918 -2.39105 -1.55614 0
1.1919 -2.41134 -1.44822 0
0.0788275 -2.38558 1.1872 0
0.482463 4.46151 2.5977 0
0.476269 -0.119222 -2.78296 0
0.208045 -1.09861 1.10221 0
0.309506 -2.93359 2.22127 0
0.144721 -5.198 1.5288 0
1.11471 -5.21213 2.47279 0
1.21425 -5.83278 2.34234 0
1.01941 -5.66095 2.48682 0
0.118226 -5.18557 1.55264 0
0.648685 -4.27795 2.46591 0
0.232583 -3.8706 -3.12684 0
1.4418 -4.47746 2.32832 0
0.696369 -4.55078 2.03942 0
0.105038 -4.52533 -0.480077 0
0.238825 1.58101 0.488565 0
0.107602 2.25267 0.439082 0
1.512 0.798152 0.197893 0
0.312653 0.94411 0.406936 0
0.199439 -5.17401 -0.00183303 0
0.67375 -4.05071 -0.420478 0
1.20724 -1.77596 -1.88382 0.803977026786152
0.731342 -6.09359 2.44144 0
1.57534 -5.79259 2.15547 0
0.437214 -3.42342 2.7512 1.17179623219553e-07
0.51812 -3.89929 2.50448 1.00006565310622e-07
0.289906 6.1149 2.23549 2.59360712508576e-06
0.0659317 5.93874 2.20487 1.82075997866677e-06
0.441261 -4.9685 1.30841 1.58400768862204
0.13961 -4.42466 2.52409 8.6709401557017
0.686706 -3.08932 -1.12202 3.03169605615349
0.0864586 -3.4726 0.212096 16.3761805009979
