0.116132 -0.430915 -1.92876 0
0.69409 0.335504 0.859902 0
0.483086 -0.302556 2.25273 0
0.536364 0.441827 -0.105302 0
0.892475 0.0522903 0.264959 0
1.17189 -0.498544 0.289743 0
0.988269 0.00236594 -1.1885 0
0.624677 2.03105 1.60392 0
0.157731 3.49981 1.31169 0
0.333989 1.67375 1.49766 0
0.322744 2.71174 1.57839 0
0.160386 2.97242 2.63419 0
0.990269 -0.368697 1.88926 0
9.81079 -0.278034 2.05552 0
5.06312 -2.24707 -1.79088 0
1.85414 -1.9898 -1.58928 0
0.26295 3.4933 0.366703 0
0.682436 4.04534 -0.071997 0
0.23188 5.14648 2.91455 0
0.357711 5.60755 1.28619 0
0.165535 8.00206 -0.198424 0
0.247668 4.43613 2.30092 0
0.590425 5.13584 2.0592 0
0.234669 3.90107 1.7871 0
0.210461 5.04943 -2.50582 0
0.34274 3.60933 -2.7302 0
0.184664 0.965527 1.00758 0
0.106622 3.34919 -1.50667 0
0.603197 -1.44163 -1.10699 0
0.524238 -4.51351 1.80849 0
0.348951 -4.73972 -1.16663 0
0.756489 -6.10807 0.939409 0
2.09344 5.86941 2.05253 0
0.962581 6.24693 1.72475 0
1.63464 5.51635 1.88107 0
0.863386 3.57019 -1.83256 0
0.386188 1.15622 0.472529 0
0.188872 0.00961736 0.675136 0
0.621241 -3.97194 -0.430452 0
0.334849 -2.27121 0.877696 0
0.0688872 -3.11209 0.158775 0
0.863024 -5.78728 1.96519 0
0.364684 -4.33263 -1.44926 0
0.474801 -3.48697 2.32921 0
0.178496 -1.97981 -3.00004 0
1.64269 -1.94 -2.61494 0
0.209699 -0.0872144 -3.10607 0
0.538878 0.263796 -1.53955 0
0.653233 -1.29031 3.01855 0
0.121057 -0.697115 2.34347 0
0.558014 0.162216 -0.812569 0
0.361942 1.8419 2.55513 0
0.927535 3.90793 -1.83721 0
2.55517 3.45881 -1.1309 0
1.15989 3.39066 -0.935046 0
1.00743 3.05312 -0.651375 0
0.612954 2.24932 -2.70108 0
0.687894 2.24077 -1.01134 0
0.211857 0.974401 -0.179188 0
0.339614 2.01316 2.28098 0
0.784379 1.75564 -0.783326 0
0.459921 -3.53204 1.54955 0
0.523412 -2.39688 -0.165698 0
0.694187 -5.49887 -1.67294 0
0.26362 -2.97952 -1.27061 0
0.0635753 1.40807 -1.30471 0
0.42704 -0.808213 -1.40687 0
0.254836 1.98131 -1.97075 0
0.0943946 4.14619 1.64997 0
0.598924 4.58208 0.359117 0
0.341748 5.00038 -2.73561 0
0.128849 -0.868275 -2.85424 0
0.931172 0.789476 -0.559763 0
0.567413 2.56573 2.88112 0
0.43833 1.50048 -0.325189 0
0.502939 -0.410468 2.79649 0
1.16591 0.106623 1.81239 0
1.16297 -0.278174 1.77516 0
4.23296 -0.49446 2.1156 0
0.20548 4.1083 1.44116 0
0.463121 6.76699 -0.735805 0
0.307241 6.53047 0.260299 0
0.431563 6.1718 -2.3487 0
0.0638167 8.52956 1.21801 0
0.194243 2.46811 -1.32725 0
0.362217 -0.00681011 -3.07804 0
0.100157 -1.60421 -2.08112 0
0.549747 -1.73029 -0.319347 0
0.33575 -7.11524 2.74562 0
0.146387 -6.86036 1.57141 0
0.160338 -7.84963 -1.49332 0
0.161952 -7.80588 -0.670778 0
0.213919 -6.61942 2.39851 0
0.311998 -7.95923 -1.7781 0
1.43852 5.65698 1.75886 0
0.618144 5.05575 0.560381 0
0.326406 4.72972 0.460483 0
0.430679 4.5926 2.42631 0
0.230909 0.266819 -1.94987 0
0.156611 -2.96978 0.615507 0
0.0931233 -4.41627 -1.17876 0
0.50168 -3.37972 -0.783306 0
0.0858509 -1.89145 1.43903 0
0.135507 -8.61179 -1.67218 0
0.145563 -5.30851 2.3508 0
0.299412 -3.88784 -3.11677 0
0.859317 -4.1113 -2.64008 0
0.167907 -5.38864 -2.05984 0
0.224173 -4.05706 -3.10219 0
0.485193 -2.48131 -0.995523 0
0.33965 2.39861 -0.40197 0
0.699801 3.69328 -1.71921 0
0.461444 3.17875 -1.39601 0
0.241235 3.63378 -3.05532 0
0.480436 2.68464 -0.664392 0
0.481937 2.36915 0.899862 0
0.282331 -3.38232 -1.12294 0
0.195966 -4.3698 -1.54797 0
0.842822 -5.76931 -2.64201 0
0.374135 -2.05314 0.237006 0
0.316742 -1.8524 -2.72346 0
0.2242 -0.684926 1.83561 0
0.283213 5.56727 -0.0799773 0
0.217334 4.15546 -1.57627 0
0.421603 5.12586 2.02822 0
0.349514 4.34627 2.2176 0
0.447253 6.26266 -0.346665 0
0.196559 8.52826 0.400271 0
0.835237 1.6317 2.28777 0
0.61454 0.98511 3.07722 0
0.266114 -0.546711 1.98437 7.35734168547142e-07
0.881174 -0.164731 1.40872 2.75255318593944e-07
3.27729 -2.37591 -1.62907 0
2.03926 -2.21508 -1.70656 0
0.409262 -1.7641 -1.23215 36.8591464323548
0.175545 -1.20502 0.966718 34.9414943299246
0.207812 3.42455 2.34031 0
0.393366 2.78336 1.1311 0
0.166684 -3.24418 -3.12684 0
0.177989 -2.58524 -0.677914 0
0.392354 5.97127 1.69523 0
1.60363 6.04084 1.61451 0
0.116395 2.22959 -0.664201 0
0.154946 -0.0949251 -0.898102 0
0.17125 3.02828 3.02578 0
0.246386 2.79038 -1.73941 0
0.239305 3.66534 0.141262 0
0.117482 2.55017 -1.39201 0
0.415324 -2.69017 -0.852467 0
0.457822 -2.98303 -2.75133 0
0.266803 -2.05461 1.93349 0
0.235409 -3.0776 1.93872 0
0.44118 0.107272 2.26463 7.19944513666066
1.01831 -0.416378 2.01892 2.88543364273186
4.67907 -0.236853 -0.473578 8.2606701046244
1.00262 -0.193919 -0.324178 38.8849511781806
0.300992 1.75706 2.59771 8.015832562856
0.182174 1.02578 2.72728 25.408089521624
0.256382 0.895211 2.04582 0.378834311178009
0.196542 -0.269896 0.604051 0.681754721475594
0.760467 -3.19075 1.96346 5.72093810850045
0.0734437 -4.39401 2.95628 17.7212124523876
0.0224182 2.44583 -2.61754 2.65966532925095e-06
0.135359 2.62189 -2.79732 1.80123734565659e-06
