0.835372 -3.25708 1.97973 0
0.414279 -4.20946 1.43929 0
0.59703 -4.80568 1.55536 0
0.190274 -4.76661 -2.03556 0
0.198855 -3.58544 0.295765 0
0.482088 -5.72455 2.63442 0
1.10765 -4.00131 1.48347 0
0.254354 -3.14511 2.31652 0
0.536824 -2.91408 1.02053 0
0.792407 -3.44671 -0.160068 0
1.77205 -1.75968 -0.202752 0
1.23249 5.67819 -0.922014 0
0.669796 -0.80845 -0.788698 0
1.06809 -3.1125 0.553227 0
0.875151 -1.8981 0.371587 0
0.519255 4.57737 2.13771 0
1.9447 5.65324 -2.79096 0
0.460192 6.463 -0.106092 0
0.784549 4.7335 -1.51121 0
1.11742 -1.29874 -2.85758 0
0.13838 -0.68136 2.44739 0
1.23425 0.243111 -1.59459 0
0.422234 -1.18719 0.700942 0
1.31011 0.902339 1.80016 0
0.534041 0.382511 1.9513 0
0.333019 0.709637 -2.39439 0
0.622353 3.95287 2.48877 0
1.55181 4.83975 -0.389924 0
0.925615 2.0666 1.73916 0
0.240996 1.05037 -1.88926 0
1.0303 2.58703 -1.65678 0
1.206 1.68456 -1.19924 0
0.16606 4.96375 -0.853934 0
1.61496 3.44552 -1.96522 0
0.479492 4.25515 0.228767 0
4.53153 2.95367 -0.56638 7.47438211823061e-14
0.175902 4.44037 -1.4489 1.6037515275781e-14
1.9055 2.60658 -0.544525 1.06377160368696e-13
0.890157 2.70273 2.32727 1.00803080883003e-13
0.983834 2.60894 2.74574 1.10414383740015e-13
2.6114 2.48441 2.65837 1.24579210446282e-13
3.58089 2.08976 2.70456 1.82300211179882e-13
0.831188 4.25777 2.69879 0
0.360609 4.96267 -2.59678 0
0.770291 3.12307 2.81125 0
0.207915 4.34942 -0.617802 0
0.533083 -2.0669 1.31778 0
0.461668 -3.76541 -2.0369 0
0.373335 -0.927143 -1.92075 0
0.548418 4.45269 1.81201 0
0.378894 4.26464 -2.02261 0
0.296792 1.94524 -0.728097 0
0.200475 3.6054 -1.54005 0
0.421363 -2.92631 -1.68248 0
0.719926 -2.51215 -2.14015 0
0.501026 -3.22195 1.49776 0
0.0973836 -4.13796 0.83076 0
0.233186 -5.27626 2.90495 0
0.833684 -7.24626 2.10324 0
0.715809 -5.56227 -0.299849 0
1.52479 -4.56046 0.387818 0
0.727139 -3.52738 1.52884 0
0.283852 -2.91582 1.07611 0
0.583898 -2.81797 1.97513 0
0.464438 -6.12625 2.07703 0
0.334254 -5.20574 0.187937 0
0.337249 -6.98398 0.90763 0
0.487699 -7.54832 2.09866 0
0.101535 -4.83187 0.0206224 0
1.09145 -6.59238 1.99416 0
0.75391 -6.3209 2.79609 0
1.70503 4.78708 -1.02818 0
0.475726 5.22685 0.37857 0
0.29748 6.7153 -0.182271 0
0.132337 5.41417 2.46171 0
0.209482 7.54609 -0.0727553 0
0.27086 7.39603 -2.61494 0
0.112432 8.23696 -1.58198 0
0.935789 -0.88766 -1.13802 0
0.0494162 1.08456 1.99278 0
0.101666 4.73562 -2.35039 0
0.521246 3.72018 2.49517 0
0.325559 3.8358 -1.6792 0
0.946234 6.28015 -1.8587 0
0.759525 6.26449 -0.90319 0
0.180969 7.66556 -0.222922 0
0.16458 5.28396 -0.0848112 0
0.354736 6.14843 -1.13396 0
0.434583 5.80447 2.06427 0
1.39053 -1.7437 2.97315 0
1.63475 -0.734622 2.54127 0
0.119892 -1.90975 1.21744 0
0.542014 -0.735726 -1.20147 0
0.141515 0.8144 0.711732 0
0.285446 0.940865 2.76105 0
0.60964 0.841077 -2.65575 0
0.256685 1.28448 -1.01032 0
0.498547 1.57214 0.364515 0
0.389352 1.73859 1.81896 0
1.28362 1.77842 0.334579 0
0.553705 0.894907 0.431979 0
1.10293 0.0724611 -2.53643 0
0.5199 0.542496 -2.91443 0
0.304264 5.22492 -1.08289 0
0.646737 3.79437 -1.31059 0
0.756527 4.54597 -0.135073 0
0.343415 4.74645 -0.774886 0
0.891182 4.52876 0.258307 0
0.254798 2.8803 1.26098 0
2.52547 1.99259 2.60458 0
0.561802 2.59594 -3.00458 0
0.283962 1.93884 0.829075 0
1.36864 3.47719 -1.85238 0
2.11305 2.95845 -2.09022 0
0.294905 3.84828 -0.229216 0
0.772281 3.59298 -2.20152 0
0.374364 4.99974 -0.704519 0
0.589172 3.81455 -1.29596 0
0.131642 2.8153 -0.799594 0
1.23867 3.62273 1.36844 0
2.3244 4.29409 1.0982 0
1.39388 2.88633 2.48207 8.44435627658264e-14
0.179162 3.08784 1.11891 6.76654967036783e-14
1.03613 3.02003 2.47467 7.41886907658526e-14
3.27305 2.3442 2.65545 1.42712926632306e-13
0.416039 2.86048 2.94085 8.64347301516998e-14
3.0264 2.33194 2.58974 1.44433563280153e-13
2.7012 2.05264 2.52618 1.88946632750188e-13
3.97988 2.09748 2.4668 1.8101175691058e-13
1.49486 -5.39178 -2.81751 0
0.125528 -4.20539 -1.05862 0
0.859825 -4.40092 2.33588 0
0.709588 -0.544192 -1.66595 0
0.268732 0.508611 1.05695 0
0.1601 2.98693 1.70226 0
0.357971 5.53758 -2.30299 0
0.606998 5.34741 -0.671649 0
0.466165 -1.2412 -0.964137 0
0.303211 -2.21853 -2.92358 0
0.0827977 -2.34992 1.49516 0
1.59755 -2.70766 -0.13777 0
0.0635272 -3.23533 -2.3692 0
0.983984 -3.4583 -1.69979 0
0.185042 -5.83031 -2.81769 0
0.474599 -4.27763 -2.71037 0
0.626987 -4.71308 2.32412 0
0.0189055 -7.41463 -1.15706 0
0.191201 -7.74589 -2.94406 0
0.35498 -6.20482 -0.818503 0
1.8791 -4.39022 -0.513538 0
1.31246 -4.33612 -0.5924 0
0.115464 6.76593 1.34896 0
0.0823872 5.79657 -1.28273 0
0.224812 -2.59913 -2.50943 0
0.2705 -2.15342 1.15808 0
0.0578385 0.827935 0.456454 0
0.329115 0.353589 2.46424 0
0.522898 4.42852 -0.527065 0.976847918269811
1.19588 2.29278 0.804811 0
0.834155 2.16107 0.388108 0
0.146108 3.69985 2.0414 0
0.456703 3.16622 0.493647 0
9.37181 3.04729 -0.615328 0.00674455083755752
1.34549 2.91109 -0.640525 0.118774416798886
1.96207 3.0312 -0.624128 0.0186856887902423
7.93247 3.1139 -0.585555 0.0541420692127147
0.450888 2.89824 -0.451668 7.91913106633113e-14
0.694395 3.55433 -0.79203 4.00954394548612e-14
0.376119 3.50273 2.58687 0
0.326719 3.31021 -2.89859 0
0.938563 2.39091 3.07861 2.52786652822221
0.0866713 3.14845 2.52409 12.8273206017319
0.244715 0.385401 0.821968 0
0.553958 -0.581139 0.999943 3.79032511015377
0.233753 -0.542028 0.856346 8.97277783971888
0.208567 -1.72212 2.39813 0
0.279351 -1.50196 -0.241593 0
0.342248 -2.25823 -0.168666 0
0.20478 -2.63946 -2.26445 0
0.227979 1.81358 1.88918 0
0.0494342 3.45784 -2.57612 0
0.098009 0.445563 -0.791508 0
0.242147 1.24834 0.297867 0
0.347628 -2.67699 -0.434159 0
0.0856711 -2.81056 2.46349 0
0.344289 -2.22216 -0.458072 0
0.360704 -3.46687 -1.14559 0
0.394337 -5.76124 2.30618 0
0.753993 -5.08383 3.02732 0
0.240407 -6.53916 -1.87707 0
0.184559 -5.17916 2.10626 0
1.09919 2.10368 2.847 0.390749113229279
1.71783 2.38959 2.80346 0.188543351200456
0.276824 -1.82962 0.0845134 3.01351128069346
0.291849 -0.892444 1.14334 6.41586406797644
0.802987 -1.28794 2.29698 8.61307737337556
0.0950919 -0.573001 2.1923 52.6439075949153
0.444279 -1.6445 3.05991 28.3455869411453
0.165472 -1.08057 -2.44871 79.9847892012016
0.0824877 3.05483 -0.0312968 0
0.442504 0.547815 1.56829 0
0.283027 -0.532098 -2.0263 0
0.188878 -4.30211 -2.84482 1.82020578473851e-07
0.0729213 -6.02556 2.10406 9.64365466370618e-08
