0.480179 9.78621 -3.04936 0
0.0204524 7.30811 3.06613 0
4.00006 0.400482 0.792078 0
0.180352 -0.046987 2.01396 0
1.07814 0.519594 0.553934 0
0.379381 2.79603 2.9326 0
0.152318 -8.51478 2.19961 0
0.0243238 -8.27436 2.61431 0
0.624487 -7.34921 2.60221 0
0.811056 -5.26039 -3.11187 0
0.863997 -4.66851 -0.268167 0
0.238718 -3.5608 -0.703614 0
0.573904 -0.566028 -2.69893 0
0.163809 -0.101523 1.00121 0
0.349285 0.0434872 2.61976 0
0.614557 -0.587124 1.35633 0
1.04868 -3.07818 2.93143 0
0.652057 -3.69176 1.56614 0
0.749212 -5.11603 -1.29942 0
0.23742 -3.53205 1.02784 0
0.480218 -2.47678 -2.51992 0
0.140766 -4.38041 1.29299 0
0.367991 0.196756 -2.65391 0
0.296247 -0.176506 0.568239 0
0.912287 -0.0535328 -3.06114 0
0.271567 -1.55917 -2.41614 0
0.516985 0.113915 -0.994442 0
0.388113 -1.51747 -1.83918 0
0.848093 1.87653 -2.88314 0
0.0570712 5.66094 -1.37903 0
0.541995 4.58467 -1.2863 0
1.35586 5.48521 2.44188 0
0.207987 8.01999 3.07405 0
0.335605 5.52242 0.032825 0
0.802757 1.96901 -0.821363 0
0.252181 -9.22863 1.81199 0
0.648603 1.96775 1.47214 0
0.396891 1.06029 3.11655 0
0.678732 1.4798 0.865852 0
0.619509 1.8641 0.0278518 0
0.271781 -6.86951 2.24953 0
0.202294 -7.92133 0.749882 0
0.401909 -7.48683 -2.36544 0
0.391182 -7.02726 2.90294 0
0.115765 -4.91844 0.064079 0
0.500886 -6.08984 -0.154687 0
0.606314 -5.39337 0.818664 0
0.195072 -1.75605 -2.5016 0
0.102162 -3.05038 -0.580365 0
0.482011 -3.13623 -1.13156 0
0.2141 -4.59047 2.08145 0
0.744993 -4.28693 -0.80641 0
0.556995 -4.71165 0.415463 0
0.192686 -2.95906 -0.0835119 0
0.207312 1.92969 0.217542 0
1.07458 0.630559 -2.1167 0
0.342213 -0.171287 -2.93589 0
0.160781 1.04573 0.474989 0
0.528574 -0.423094 -1.60968 0
1.51184 -0.449156 -2.43741 0
0.153364 -1.50697 0.577545 0
0.451784 -1.81858 2.73047 0
0.271736 -2.67778 2.46919 0
0.371052 2.45677 -2.28036 0
0.40717 2.2183 2.56141 0
0.250346 3.51179 -1.63377 0
0.273405 6.32098 -1.36102 0
0.0470945 6.58653 -1.32922 0
0.330575 6.2351 -2.40715 0
0.314965 3.7007 3.10775 0
0.449081 2.18781 1.133 0
0.216403 1.14886 -2.89668 0
0.200069 0.348281 -1.59296 0
0.134176 -2.60446 1.22028 0
0.164708 -7.0195 -1.88542 0
0.775863 4.15873 -0.463739 0
0.651488 4.57849 -0.581439 0
0.247347 -2.80439 2.75376 0
0.246289 -1.77834 -1.08856 0
0.483334 -3.34466 -0.04325 0
0.107847 -3.56175 -1.13555 0
0.0664045 -0.741071 -1.41063 51.6586026073709
0.208394 0.148146 2.39471 0
0.702683 0.398155 -2.71198 0
0.110031 -2.43585 0.873283 0
0.497752 -1.80393 -2.78789 0
0.844007 0.889741 0.660326 39.7926443459363
1.35128 0.692739 0.330395 28.3184494551414
0.0607058 3.36662 -1.59444 3.95278353977847
0.296641 3.71767 1.15299 0.567158707041403
0.0307914 -5.69691 2.78332 1.7087542491794
0.113051 -2.81888 -0.559694 42.0862555911456
