0.730939 6.26557 -1.62861 0
0.649669 4.34368 -1.07161 0
11.261 -1.36966 1.70645 3.02167794014938e-13
21.3381 -1.33826 1.77872 3.32671378828714e-13
7.18161 -1.4242 1.74672 2.75299469914172e-13
6.02476 -1.40063 1.79973 2.98859835259413e-13
6.97265 -1.31322 1.80862 3.53779093776516e-13
1.49646 -3.70489 1.83157 0
0.888487 -3.62793 1.17377 0
1.84631 1.66741 1.94865 0
0.629032 2.13435 1.78368 0
1.36062 -4.00762 -2.19878 0
0.521026 -2.19923 -3.03484 0
0.475778 -3.14797 -2.62717 0
0.329886 0.201845 0.722317 0
0.141472 -6.14936 0.635663 0
1.43565 -5.70047 -2.85717 0
5.37709 -1.66932 -1.99746 1.45294360853675e-13
2.18624 -1.95188 -2.20358 6.69332730872374e-14
4.83231 -1.68555 -2.37637 1.43009297989153e-13
0.614254 -1.63315 -3.05716 2.43937579524427e-13
1.75555 -1.66415 -2.71834 1.85796271989739e-13
0.622529 -1.9437 -1.66197 1.1905782670881e-13
2.02273 -1.24588 -1.8754 2.9934649104515e-13
1.56673 -1.76678 -2.31436 1.1695327299318e-13
1.42036 -1.34202 -1.94884 2.57334165620803e-13
1.27625 -1.69535 -2.88736 2.02402910526207e-13
3.26299 -2.15769 -3.0033 1.44191837245706e-13
4.58876 -2.27471 3.04261 1.68990986108813e-13
1.92453 -2.36489 -2.87428 1.10371020872378e-13
1.14273 -2.20668 -2.94444 5.21399311624064e-13
0.657575 -1.8775 0.313846 4.47899166398347e-13
1.85164 -1.2327 1.84904 4.13929443235811e-13
11.7728 -1.48394 1.73392 2.39173235169071e-13
0.469712 -2.37814 0.279109 0
0.307962 -4.64863 -1.84205 0
0.219305 2.51391 -1.8979 0
0.505602 0.757002 0.828858 0
1.61898 4.88572 1.99235 0
0.65746 3.69086 0.818108 0
0.0337706 4.15584 1.35691 0
3.71956 3.31647 2.41352 0
2.92759 3.24042 2.71068 0
2.83546 3.0385 2.69911 0
0.603657 3.43758 2.74388 0
1.13216 3.26519 2.87027 0
0.313311 1.04293 -0.0973774 0
0.420792 0.774936 -2.36872 0
0.283272 0.959189 0.190356 0
0.1104 -0.796028 -2.43948 0
7.04265 -1.05235 -0.54218 0
0.831252 6.70427 -0.844872 0
0.6053 3.82289 -1.9607 0
0.492934 4.67177 1.17903 0
0.285664 -0.0854541 -0.40108 0
0.445629 -0.410932 -3.04481 0
0.177809 -1.54589 -1.07745 0
0.659185 -2.37384 -2.43505 0
0.625752 -3.1225 0.961174 0
0.136315 -4.95037 2.0581 0
0.0167681 -2.24674 2.00628 0
0.346234 -1.87714 -0.129803 0
0.223724 -1.35759 1.54634 0
0.496246 1.81168 -0.582533 0
0.563131 5.54967 -1.40438 0
0.589926 8.02035 2.41032 0
0.625014 3.42516 3.05937 0
0.363936 4.32674 2.77247 0
0.105258 5.18824 3.13776 0
0.474122 2.47521 -1.35378 0
0.554047 3.82372 -1.9851 0
0.820446 1.41762 -1.27723 0
0.353947 0.8384 2.03425 0
0.496744 -2.35512 0.154505 0
0.463847 -3.32901 -2.36215 0
0.46632 -4.88182 1.00411 0
0.400686 -6.48019 0.1236 0
0.458823 -5.58538 3.10442 0
1.28409 -3.96678 -1.01437 0
0.0862897 1.34979 -1.07113 0
1.92683 0.447079 -0.14005 0
1.21596 1.45522 -0.639258 0
3.76572 1.85339 0.0221707 0
0.708654 7.17507 -0.950857 0
0.303188 5.05358 1.26177 0
0.454876 6.4788 -1.83852 0
0.540441 3.82748 2.5423 0
0.442179 0.44953 1.32149 0
0.549708 2.22398 -2.48737 0
0.192428 -4.29701 2.86186 0
0.192613 -4.09223 0.337552 0
1.0594 -4.63395 -1.59692 0
2.70481 -3.48428 1.69631 0
0.398131 0.67866 0.940875 0
0.381008 0.59597 1.55048 0
1.03046 -1.57451 2.20809 0
1.08914 -3.83665 -0.34743 0
1.26943 -4.43349 -0.809447 0
0.201149 -7.237 -2.39928 0
0.291107 -5.83032 -1.52015 0
0.272555 -7.52356 1.6732 0
2.13184 -1.7724 -2.36432 1.18655290122859e-13
0.415115 -0.0485074 -0.979144 7.3076755243746e-13
0.174735 -1.16737 2.33886 4.60991987133398e-13
0.680381 -3.02058 -0.29658 1.77842049697063e-13
0.346331 -3.94684 -1.83208 1.19759554820313e-13
2.39426 -2.0042 -2.76392 1.23794661073532e-13
0.353553 -2.51208 2.87058 1.74673278635734e-13
1.13202 -2.74149 -2.85248 1.06651134050715e-13
0.142894 -2.00358 2.9319 2.1723248141315e-13
12.2415 -2.38803 -3.12492 1.4501063078657e-13
1.25037 -2.51311 -2.93383 1.14899760412682e-13
4.67527 -2.39515 -2.98558 1.25247229379879e-13
0.444485 -2.97945 -2.69239 1.02061981916296e-13
11.3195 -2.55865 1.0459 2.21918572490787e-13
4.02997 -2.39817 1.05575 2.01131791739723e-13
2.56491 -1.35723 1.84188 3.33228959655971e-13
0.106341 -7.92044 1.53277 0
0.190277 -4.83897 -2.83802 0
0.536819 -4.41672 0.508676 0
0.221511 -3.88816 -0.982152 0
0.500508 -3.08466 -2.91328 0
0.210284 -1.31115 -0.482679 0
0.45658 3.03565 -1.70475 0
0.672917 4.04621 2.45019 0
0.497089 4.73229 2.89264 0
1.6616 3.13419 2.30242 0
0.709705 3.42356 2.18691 0
0.846273 2.97405 2.9152 0
1.15986 3.71039 2.53332 0
0.250146 1.89988 -2.3256 0
0.659679 0.0928242 -1.30631 0
0.169089 0.387992 1.50618 0
1.51355 -0.409773 -0.863306 0
0.12974 -0.168527 0.439823 0
4.08946 -1.09736 -0.555794 0
1.36582 -1.40942 -0.473111 0
0.355972 -0.449767 0.0480165 0
0.281472 -1.17143 1.97266 0
0.501351 -1.33949 -0.000773444 0
0.34257 -0.164039 -2.63864 0
0.0892725 -2.55638 -1.80433 0
0.102873 7.30865 2.55823 0
0.454302 6.06982 -1.05356 0
0.402617 4.09717 -0.582664 0
0.577253 3.62083 -1.07131 0
0.731539 1.80845 2.17631 0
0.252031 1.01729 -0.380757 0
0.265383 -2.1428 -1.14277 0
1.17683 -4.08288 -0.628175 0
0.186136 -3.13978 -2.74179 0
0.288485 -1.42825 -2.1292 0
0.207072 1.78225 -0.438376 0
0.310296 0.724817 -3.00669 0
0.0646522 3.92946 -2.90123 0
0.422289 4.95942 2.57068 0
0.3071 4.28187 1.2071 0
0.0733372 2.13568 -0.912209 0
0.843209 2.6372 0.310045 0
0.553854 2.49101 -0.381416 0
0.401675 6.32423 -2.30131 0
0.207864 4.61944 -2.40153 0
0.182689 4.84879 -2.72691 0
0.344431 6.08332 -0.155696 0
0.918127 5.51689 3.06423 0
0.549051 4.31026 3.09071 0
1.02465 4.21383 -2.85586 0
0.310378 5.22129 2.54028 0
0.38079 4.16584 0.0467261 0
0.369104 3.95837 -2.39139 0
0.502286 2.91709 -1.03257 0
0.0920869 2.84329 0.809354 0
0.762366 2.91877 -0.894277 0
0.90671 0.803605 -1.0417 0
0.436981 0.660403 0.755495 0
0.711294 -0.651594 -2.91724 0
0.377839 -1.8542 -1.67155 0
0.277774 -2.8941 -1.32807 0
0.344144 -2.79527 -2.06244 0
0.772925 -5.10463 -1.6109 0
0.465683 -4.51471 -0.733007 0
0.696908 -4.27075 -0.385445 0
0.115935 -5.49228 1.75487 0
0.375553 -3.31301 -1.35696 0
0.293567 -3.015 1.91224 0
0.84924 -2.80448 2.6722 0
0.0621318 -4.09391 -1.8464 0
0.538363 -1.04103 1.8893 0
0.501879 -0.653237 -1.48276 0
0.389153 0.950302 0.151188 0
4.73069 1.98285 0.230098 0
3.11516 2.04843 0.335703 0
7.36062 2.08506 0.197952 0
1.39112 2.10525 0.438531 0
0.491138 8.11386 1.66315 0
0.140386 6.82131 -1.92415 0
0.514188 7.38383 1.97888 0
0.287118 6.97737 0.866568 0
0.348399 4.67485 -1.26394 0
0.193218 2.9689 -2.73668 0
0.146168 3.88326 1.14121 0
0.150403 -1.50163 -1.00003 0
0.301303 -4.0865 -0.821995 0
0.417765 -3.1889 1.71866 0
0.252249 2.31629 2.37543 0
0.733724 1.76423 2.29068 0
0.224189 -3.49584 -1.8849 0
0.138626 -4.19412 0.865737 0
0.623051 -1.93249 -2.42501 8.69613116797173e-14
0.67107 -1.97848 -2.26647 6.33732050388567e-14
0.529869 -2.3752 1.01654 2.34165048658677e-05
0.104952 -2.47197 0.99675 5.16044857948428e-05
0.617657 -2.80231 0.985479 2.57743546670043e-13
0.373169 -2.43679 1.76625 1.61071564274836e-13
0.893974 -2.21507 0.880737 2.33782204848041e-13
0.156485 -3.41147 0.595996 3.36378523492774e-13
0.173069 -1.968 2.9414 91.9766767298352
0.209529 -0.126033 2.67246 1.11142881079634e-07
0.104664 -0.226778 -1.88685 2.34258815128246e-07
0.700601 4.85289 3.10195 0
0.829329 4.89363 2.59524 0
2.31121 -1.07493 -0.270224 0
0.76732 -0.908201 -0.490308 0
0.291294 3.57488 0.932597 0
0.357531 3.1799 1.81379 0
0.0380076 6.40382 -2.1429 0
0.121946 7.20024 0.48062 0
0.119092 -0.541063 -0.326178 0
0.209314 -1.37865 -0.0567503 0
0.436384 -1.25266 1.32785 0
0.207623 -1.26814 2.51503 0
0.668825 2.30639 0.106418 9.66800617771955e-08
0.578387 2.02491 0.314419 9.8505509068977e-08
0.596878 3.90846 -2.31197 0
0.0962898 3.98053 -0.640663 0
0.596736 2.5568 -1.29697 0
0.171282 2.55336 -0.45131 0
0.435896 2.9576 -0.654724 0
0.156568 2.41971 -1.9448 0
0.421224 -4.3893 -2.40597 0
0.134808 -4.80823 -0.212335 0
0.297713 -2.05651 -0.491619 0
0.304338 -0.934729 -0.140719 0
0.326621 0.147992 0.208461 0
0.271899 -0.963889 -0.198954 0
0.46071 -0.82406 -1.31455 2.13828888001467
0.122993 -2.08447 -2.45659 2.65906660730419
0.633723 -0.850947 -2.18399 63.0197058254758
0.243278 -1.69975 -2.76543 80.6310444065063
4.02485 -1.76322 -1.91622 0.0412293178203598
0.397191 -2.94326 -1.58128 1.32414812559648
0.160503 -2.35593 -2.37475 5.86783748752245
0.03177 6.1585 2.05476 3.70637833926906e-06
0.0338019 6.16467 2.07095 3.70212304885447e-06
2.71379 -1.70765 -1.99941 0.101334806434204
8.62065 -1.78763 -1.98155 0.0581982890524174
1.1058 -0.831096 -0.846704 0.226315231589754
3.64957 -0.818717 -0.775878 0.109511711560443
3.05623 -0.69789 -0.437884 0.52685354373812
0.622374 -0.760036 -0.738026 0.0997688829458553
1.31622 -1.0253 -3.0567 0.168580557926296
2.68142 -0.752273 -0.764971 0.175761942189193
1.53613 -0.791167 -0.466346 0.671643646818694
4.34223 -0.774731 -0.631265 0.217627633631635
1.87887 -0.756666 -0.863745 0.438478704111589
0.392524 -0.670659 -2.96471 0.341566584051999
0.263047 -0.361591 2.90465 10.5559161089006
0.263074 0.0668307 -1.67485 12.0785922175965
