0.727234 2.15621 -0.025748 0
0.311996 4.76642 0.300415 0
0.387903 9.10236 0.307467 0
0.828911 7.04952 1.69284 0
0.61937 6.31541 -2.73333 0
0.256326 5.2227 1.10019 0
0.435558 5.51957 -2.01656 0
0.757443 3.58946 2.06285 0
0.817764 -0.125941 -1.83322 0
0.671739 -2.23087 -1.05403 0
0.476254 -1.49322 -1.85687 0
0.381581 -3.69245 -2.04293 0
0.17612 -4.72318 -2.21629 0
0.430567 -4.22062 -1.90551 0
0.532896 -3.42896 2.55586 0
0.286055 -2.78519 0.808155 0
0.47047 -0.82887 -0.914416 0
0.14455 0.48951 2.3646 0
0.217158 1.80743 -1.38646 0
0.0811897 2.94095 -0.954887 0
0.492033 3.73328 2.96441 0
0.468321 3.12406 -1.12749 0
0.20534 9.25782 2.9943 0
0.488054 7.84269 -0.815142 0
0.627584 5.30365 -1.16877 0
0.404182 4.80855 2.49452 0
0.238448 7.20936 1.12259 0
0.400462 3.54496 1.17084 0
0.0392644 5.08773 -2.45577 0
0.279869 1.27276 -0.412852 0
0.919918 -1.69213 -2.82615 0
0.375251 -1.10012 2.74533 0
0.867204 -4.57585 2.15592 0
0.221943 -6.79986 -0.0300515 0
0.258144 -4.49122 1.32681 0
0.40136 -7.10835 -2.4626 0
0.0728291 -1.12483 -2.33251 0
0.155773 -2.17365 1.85606 0
0.469224 -0.152059 1.09075 0.117598328444144
0.0471561 -0.80185 -1.18775 0.891655275897971
0.103294 -3.42731 2.35422 16.3625622272193
0.464856 -2.52814 -2.09799 8.9093164667735
