0.342936 7.4191 1.19906 0
0.255046 6.55656 1.27192 0
1.08755 -2.86771 1.22441 1.39056698323959e-13
1.53411 -2.82829 0.458005 1.1157323257601e-13
2.41042 -2.94505 0.484031 9.89015132141406e-14
1.13542 -3.59619 0.387163 4.58986113479816e-14
0.528122 -2.95097 -2.23625 1.33843887042265e-13
0.363697 -2.94169 -2.27267 1.36375164203742e-13
3.35018 -3.7749 -2.28818 7.59326297583419e-14
0.0634367 -4.24189 -1.90849 5.13558926138771e-14
12.8579 -2.366 -0.720836 1.69100295565159e-13
5.27115 -1.85328 -2.42901 4.70937581475185e-14
3.26821 -1.68359 -2.22427 5.99271212887507e-14
3.90114 -4.357 -1.84959 1.89392090208425e-14
2.63881 -5.12832 -2.10888 1.80778843204613e-14
0.539861 3.75984 -2.52003 0
0.847239 2.57199 -0.252588 0
0.17842 -4.23955 -1.0108 0
0.404718 -1.87511 0.571087 0
0.81652 -3.43558 -0.872877 0
0.470107 -2.3128 -0.622493 0
0.232639 -1.88578 2.51857 0
0.31415 -2.05349 -1.74517 0
0.178384 -2.19605 1.17374 0
0.296595 1.74802 -1.34349 0
0.241708 0.488543 -2.4038 0
0.363575 5.22025 0.664898 0
10.0433 -0.778848 -0.408784 0
7.48363 -0.824746 -0.414081 0
2.92737 -0.644643 -0.313364 0
4.27528 -0.792283 -0.456574 0
1.47266 -0.476013 -0.75282 0
0.509156 -0.270045 1.31082 0
0.663186 0.225096 -0.137917 0
0.302998 1.42536 0.395768 0
0.274307 3.57665 1.63474 0
0.864517 4.07022 2.04871 0
0.460605 3.90722 -0.14437 0
0.11707 5.22736 -1.80374 0
0.276083 6.14371 0.728518 0
0.180587 6.52397 -1.59526 0
0.673255 6.65892 0.515188 0
0.0266512 9.96955 -0.281162 0
0.394146 5.71152 0.873101 0
0.791168 2.43551 -1.63483 0
0.787329 2.65261 2.0025 0
0.53956 2.63571 -1.85606 0
0.195073 1.06636 -3.00899 0
1.53132 -1.93916 1.20847 0
1.1744 -1.8018 1.58294 0
1.42806 3.4098 2.53661 0
0.822262 4.26212 2.85704 0
0.581921 3.04391 2.40259 0
1.27357 1.95871 -2.26083 0
0.499708 -4.081 -1.34377 0
0.0885296 -5.36928 1.27573 0
0.417067 -5.72953 -0.444118 0
0.157956 -4.71592 0.140966 0
0.103048 -8.39058 1.37577 0
0.334616 2.94617 1.97676 0
0.743455 -4.20508 -2.52059 6.66104437388648e-14
0.0326085 -4.20925 1.26881 5.83763147654225e-14
0.199006 -3.52162 1.98886 1.03678068600147e-13
0.535501 -4.13731 -2.02761 5.67323872309797e-14
0.758354 -3.2022 -2.82174 1.26485733571722e-13
0.65767 -4.0108 -2.06395 6.10092049163283e-14
1.11289 -3.98024 -1.78747 5.31903475009923e-14
0.418057 -2.37562 -1.62737 1.95653745376571e-13
0.170948 -2.01228 0.0971962 2.61196460193964e-13
0.884246 -2.84605 -1.021 9.71577890636065e-14
0.652182 -2.09499 -1.96721 4.45897003158218e-14
0.172173 -2.83889 -0.337432 3.93971485640312e-14
2.54511 -3.95837 -2.19223 1.71709344899259e-14
1.24323 -4.13509 -2.48365 1.55994811465801e-14
0.285118 -3.88939 -2.46038 1.52299098054175e-14
10.2758 -4.55793 -2.01746 1.81655088852412e-14
0.814093 -5.25435 -2.02469 1.82864447538957e-14
0.279888 2.93031 2.46929 0
0.996037 -0.556178 0.900545 0
1.19345 0.113138 1.71016 0
0.0704686 -2.36431 -2.81167 0
0.993498 -3.20053 0.982083 0
0.26165 -2.4614 0.784459 0
0.0603053 -5.59921 -0.487665 0
0.666333 -3.62506 0.778526 0
0.822894 -2.68296 0.122913 0
0.38149 0.959341 0.349121 0
0.34467 3.72699 -0.28943 0
0.329993 3.45017 -1.54191 0
1.00536 -0.275556 -0.845037 0
0.535184 0.638689 -3.037 0
0.517491 1.07387 2.14456 0
0.24377 1.618 0.454069 0
0.800331 1.97996 2.96467 0
0.451579 5.42616 -2.78066 0
0.0736506 5.08172 -2.76058 0
0.402572 5.06077 1.55233 0
0.210823 3.55821 -0.275769 0
0.0340646 6.87801 2.77179 0
0.702398 7.06339 -0.814866 0
0.122402 8.18722 3.13275 0
0.323666 6.98559 -0.384235 0
0.58116 -1.71175 1.73567 0
1.83662 -1.84822 1.63281 0
7.93381 -2.16962 1.54181 0
2.64642 4.48799 2.72628 0
0.697216 3.04882 2.73969 0
0.502294 1.78512 2.78686 0
0.161376 1.80755 -2.87819 0
0.682598 0.78453 0.605903 0
0.13461 -2.49375 2.05761 0
0.672241 -0.432599 0.545573 0
0.161185 -5.43274 -0.690027 0
0.623929 -8.06779 -1.6493 0
31.5269 -1.90328 1.47851 0.0242112862985961
15.3643 -1.90271 1.47775 0.0239356320899025
22.755 -1.92919 1.45691 0.0387419489194237
0.399175 2.69989 0.170464 0
0.0454147 3.31703 2.64113 0
0.310774 -3.7239 1.52795 8.19112276059282e-14
0.950353 -3.28203 0.835469 8.34788701168022e-14
2.38704 -2.39771 -0.892845 1.65831742209797e-13
6.22045 -2.50526 -0.745027 1.42468419790006e-13
0.898359 -2.25393 -2.73153 2.52912721276805e-14
0.255821 -2.19702 -2.12828 3.79283664040763e-14
0.0272265 -5.71067 2.9692 0
0.25252 -2.87148 1.37676 0
0.429948 -1.35579 -1.81754 0
0.718657 -1.76765 -1.36638 0
6.74685 -0.749839 -0.397894 0
9.65325 -0.788752 -0.424283 0
0.620568 -0.755193 -0.468765 1.80545721149374e-08
1.8225 -0.664861 -0.382264 4.96081845864504e-08
1.40223 -0.755491 -0.497944 0
0.886309 -0.70303 -0.115657 0
0.412915 -0.848754 -0.167442 1.44184237405616e-07
1.15245 -0.631039 -0.278776 5.78419596167663e-08
0.632428 -1.29146 1.21713 0
0.20612 -2.09085 2.41743 0
0.292198 4.33323 3.0592 0
0.154495 3.16231 2.78375 0
0.46026 -3.51362 1.2816 6.93877036512244
0.353952 -2.93325 2.08095 16.1195033836222
0.271694 3.29534 -0.755412 1.38949422414037
0.0649659 2.80122 2.24942 9.55446388940198
7.21239 -2.3668 -0.697321 0.0957759795303333
2.82324 -2.50612 -0.689105 0.0355339099767184
7.14487 -1.75128 -2.31795 0.213623223649644
7.87662 -1.8924 -2.28132 0.171125758387805
0.267992 -1.44953 -2.18686 6.84907926066119
0.993626 -2.0734 1.61393 0.359952379128553
26.9017 -2.06164 1.55541 0.197765199221064
4.66315 -2.18463 1.45892 1.27326826069459
3.67984 -1.87679 -2.3211 0.431175623264813
5.56739 -2.04278 1.49253 0.722022449295583
1.32625 -1.96993 1.75186 1.91277588086848
