0.90186 0.857225 -1.48466 0
1.9841 1.16111 -0.684422 0
0.716419 0.498074 -0.869878 0
1.64322 0.111414 -2.22843 0
0.169677 1.15045 -2.96657 0
0.430396 -0.386757 -1.11129 0
0.958721 -0.236679 -2.91109 0
0.496493 1.91921 1.04609 0
0.337263 2.83877 -0.0490847 0
0.270999 5.83541 0.0350119 0
1.23015 2.67777 -0.700957 0
0.138312 1.35262 -0.476042 0
0.16308 -1.40742 2.83613 0
0.208313 -1.2575 -0.746563 0
0.238773 -2.2729 -0.712564 0
0.651089 2.86823 2.18768 0
0.659049 4.34201 -1.05333 0
0.302487 8.40147 2.55688 0
0.312342 6.92936 0.00456812 0
1.62435 1.70522 2.14363 0
0.970047 2.51228 2.38492 0
0.660663 -2.41356 -0.067975 0
1.01845 -3.37009 -2.95848 0
0.230607 -2.53486 3.11433 0
1.24661 -1.54865 1.79695 0
1.00697 -0.576808 1.35156 0
3.75344 -0.522443 1.7167 0
0.360312 -0.583982 1.36412 0
1.36279 0.043333 1.97906 0
0.196371 2.83709 2.11048 0
0.159879 4.02269 -1.4244 0
0.20693 5.76203 -3.04794 0
0.509783 5.61225 3.08803 0
0.471021 4.44936 2.25991 0
0.333368 4.71262 2.29247 0
0.276313 0.491793 2.77316 0
0.22079 1.09236 2.98387 0
0.716021 -0.942665 -2.16882 0
0.372399 -2.97049 -1.28251 0
0.359738 -7.63096 -1.67105 0
0.585608 2.93379 2.44552 0
0.734258 2.93648 2.8442 0
1.28613 4.57393 -1.31173 0
0.0807412 4.88736 -2.67843 0
0.790112 0.556715 2.74401 0
0.329443 1.62628 -1.92148 0
0.561201 -0.130789 -2.42643 0
0.686225 -1.83465 2.62707 0
0.483008 -4.3491 0.690039 0
0.149393 -6.70918 2.68111 0
0.654249 1.1383 -0.994633 0
0.445088 -0.0454533 -1.63585 0
1.58936 0.745495 -0.986415 0
3.14082 0.551838 -1.12874 0
0.390831 0.145064 2.55937 0
0.948747 -0.478771 -2.1535 0
0.832668 -1.28458 1.44195 0
0.848517 -0.747897 2.11677 0
1.64234 -1.31822 2.04359 0
0.149732 -2.20676 0.992442 0
0.237265 -1.244 1.33149 0
0.499538 1.07596 -2.72706 0
0.819181 4.8067 -3.13508 0
1.33635 4.87278 2.82325 0
0.193583 4.3311 -1.44627 0
0.382115 -1.48569 0.199859 0
0.258444 -0.0984584 1.15949 0
0.659172 3.4354 -0.0749648 0
0.158534 8.26266 -0.487152 0
0.294786 6.39851 -0.478419 0
2.06841 2.0231 2.24407 0
0.793937 1.9982 1.27981 0
0.155021 2.21817 2.01234 0
0.752436 2.6939 1.65983 0
0.0429684 5.76849 1.3612 0
0.197792 2.72584 -2.93474 0
0.717631 -1.76737 -1.97842 0
0.14898 -2.58166 1.68895 0
0.530735 -2.73091 1.44488 0
0.458239 -2.04537 2.09536 0
0.0715087 -4.77153 1.04726 0
0.322828 -2.7525 0.601331 0
3.24452 -0.656224 1.34604 0
0.965456 -0.452079 1.66488 0
3.02729 -0.679905 1.53233 0
0.122336 -0.956478 0.877974 0
0.53767 1.91993 2.87043 0
0.318719 3.78992 -0.0552425 0
0.17525 2.13689 2.69421 0
0.204268 4.4692 2.22005 0
0.824744 6.0595 2.55773 0
0.143831 5.4729 2.16943 0
0.810922 4.74908 3.1404 0
1.12501 3.91036 -1.71118 0
0.775433 3.59779 -1.49838 0
1.05565 3.86771 -0.473626 0
0.162289 -0.850114 1.32146 0
0.268857 0.347433 3.03085 0
0.183531 -2.8218 1.76244 0
0.372067 -4.66077 -0.280915 0
0.398861 -3.1575 -2.45332 0
0.322499 -5.89324 -2.09879 0
0.925913 3.15805 3.04912 0
0.984792 3.13091 2.59812 0
0.154758 4.16556 0.607552 0
0.10105 4.63016 3.13332 0
1.20472 5.33142 -0.816471 0
0.0826911 6.3821 -2.53706 0
0.414812 2.00367 2.05272 0
0.483164 1.35291 1.9927 0
0.171062 0.36467 -0.0808646 0
0.156048 -5.06923 -3.0214 0
0.431004 -5.87935 -3.08987 0
0.554783 -7.567 -2.33583 0
0.462199 -8.5926 -1.16083 0
0.11481 -8.49986 1.59438 0
0.873774 0.663563 -1.45492 0
2.21088 0.565804 -1.40203 0
1.44654 0.450942 -1.11298 4.36419742788502
0.224418 0.831061 -1.41183 22.7573801477018
0.0532658 5.34782 1.25014 0
0.0690594 4.08377 1.92137 0
0.309465 5.30944 -2.964 3.36082202526236e-08
0.409331 5.86121 2.88238 1.08321170678781e-08
0.577556 -1.33268 0.830099 0
0.710454 -0.386056 1.40258 0
1.02516 0.250937 1.32519 0
0.138424 -0.701643 0.973503 0
0.169829 -6.16055 2.70011 0
0.289634 -5.64597 -2.62239 0
0.0836002 2.20598 -2.56273 2.28607320643499e-08
0.154205 1.63303 1.74368 3.23729087534662e-08
0.229036 1.05188 1.77267 2.0578042801434e-05
0.298416 1.04781 1.77566 2.13992423726419e-05
0.0810403 1.9218 2.29146 1.43393347787686e-07
0.39092 1.04936 2.31428 4.502225557016e-08
0.271293 1.15219 -3.08701 0
0.0951887 3.26356 2.4604 0
0.490044 -0.985942 -1.05568 0
0.269892 -0.138536 -0.845098 0
0.468712 0.614297 -0.641213 9.72984716341433e-06
0.16686 0.576719 -0.778697 2.04937551930125e-05
0.153408 3.64324 1.62259 10.4233202665388
0.270559 3.4763 -1.39361 6.97775530582518
0.154731 2.82087 -0.339462 0.86594855097901
0.142041 4.44326 -1.88194 0.18590368619187
0.630015 -0.250656 -1.31008 12.3587110320124
0.0823016 -1.73786 -0.779696 33.3371748805001
0.484696 1.98046 1.85416 10.6129226508838
0.290951 1.47247 0.92868 28.3098416456884
0.382011 0.622755 -1.73 4.84318647379075
0.404664 1.57153 -1.51097 2.18797636980394
0.271295 2.44354 1.5838 1.03704716838773
0.469798 2.59756 0.408348 0.512797742378466
1.00919 1.05278 -2.96083 0.667008916937471
0.258138 0.531671 -2.80378 3.66364226777952
