0.186158 -0.679239 1.36794 0
0.423881 0.895775 0.96546 0
1.84736 -0.605791 0.632742 0
1.67787 -0.4243 0.949331 0
0.240149 6.29208 2.85076 0
0.319476 0.239227 -1.14673 0
0.336636 -1.07583 1.39814 0
0.512744 -1.13519 -0.308969 0
0.207626 1.33554 1.69009 0
0.589148 5.18414 1.37965 0
1.16111 5.0055 1.4672 0
0.980562 4.33284 0.661437 0
0.771504 4.48454 0.144305 0
3.33092 3.18765 -0.20008 0
0.468484 -2.38215 2.47357 0
0.959398 -4.23443 -2.16179 0
1.4934 -3.72075 -1.95275 0
1.20986 -3.50559 -2.20855 0
1.13766 -3.07398 -0.252371 0
0.502948 -3.5993 0.198406 0
1.18717 -3.69514 -0.964059 0
0.877931 -4.67147 -2.78661 0
0.185442 -5.0904 1.53728 0
2.98946 -4.27615 -1.97315 0
1.95936 -4.47942 -2.45604 0
0.612001 -4.02346 -2.79688 0
0.122969 -5.08479 0.778875 0
0.727287 -4.37713 1.83123 0
0.983102 -4.1775 0.439103 0
0.444286 2.83326 2.67958 0
0.335122 2.37142 -0.692718 0
0.565485 -3.27499 2.04087 0
2.93637 -1.84148 1.80785 0
0.766686 -2.68446 2.37895 0
0.861783 -2.34454 1.42455 0
0.536222 -1.6018 -0.301801 0
3.04937 -1.12366 0.22913 0
0.0474627 -2.59363 0.736661 0
0.126615 -2.56568 -2.5894 0
0.740694 3.59722 1.25149 0
0.719302 0.922713 -3.08495 0
0.435372 0.260447 2.93758 0
0.338128 -1.53324 2.02457 0
0.469656 -3.1398 -0.247471 0
0.780333 1.00502 0.00420859 0
0.212181 1.08192 -1.85497 0
3.33052 0.365655 1.81914 0
0.788968 0.867505 1.99986 0
0.23436 0.662849 1.27842 0
0.377635 2.97503 -1.91457 0
1.49681 1.82324 -2.5831 0
0.368716 3.47222 -2.59384 0
0.840167 2.11465 -1.37182 0
0.623062 -0.118849 -0.589546 0
0.171144 0.705873 -1.46902 0
0.248048 -7.43615 -1.47901 0
0.475656 -5.69225 2.47026 0
0.669504 -3.73425 1.54437 0
0.18981 -3.8159 -0.713763 0
0.584547 -3.92881 -1.66754 0
0.77919 -3.43103 -2.68389 0
0.625824 -2.36245 -3.12961 0
1.34744 -0.995274 3.12861 0
2.41573 -1.65348 -2.76172 0
0.626912 -0.875329 -2.25484 0
6.0499 0.223344 -2.08472 0
2.31169 0.265506 -1.96777 0
1.52363 0.380887 -2.10565 0
0.343374 -4.17498 -1.03658 0
1.0596 -2.03387 1.24659 0
0.290508 1.67589 3.06572 0
0.498798 3.83775 0.414426 0
0.43298 5.72392 2.83082 0
0.09358 8.26824 -1.51623 0
0.506869 -2.87279 2.54844 0
0.649702 0.488874 -0.255154 0
1.0708 -0.0273549 0.57686 0
1.22346 -0.329132 0.0558559 0
0.24677 6.56843 0.328578 0
0.92401 6.35029 -0.589792 0
0.808958 -1.31267 1.99075 0
1.68508 0.21289 2.31751 0
0.334505 5.84914 -1.29402 0
0.174021 3.81869 -0.909319 0
0.214328 5.80907 2.59383 0
0.279736 5.9812 1.39599 0
0.481164 3.4807 2.68927 0
0.25193 3.79763 0.50776 0
0.671539 3.28769 -0.373484 0
1.12541 -3.15283 -1.89932 0
0.440081 -3.90608 -2.95549 0
0.276246 -3.75118 -2.39826 0
0.326957 -2.4177 -1.8634 0
1.42152 -4.4987 -0.450104 0
0.925056 -3.48989 1.76703 0
0.629096 0.158187 -0.459565 0
0.305812 -1.51336 -2.99638 0
1.5771 -2.19805 1.58261 0
0.725751 -2.394 1.33258 0
1.43105 -1.9234 1.95477 0
0.297359 -1.50899 1.82539 0
0.373109 -0.21915 -0.149144 0
1.29678 3.33359 2.08453 0
0.65649 3.73637 -3.01584 0
0.173333 4.16476 2.37771 0
0.25778 0.206607 2.35932 0
0.230783 -0.12481 -1.5171 0
0.813995 -0.879663 0.514303 0
0.21976 -0.933666 -1.21494 0
0.385606 -2.20897 -1.26952 0
0.402623 -4.46847 -1.62003 0
0.313659 -4.14757 1.54352 0
0.560388 1.30552 1.03363 0
0.426168 1.88125 -0.459787 0
1.16547 2.57359 -3.11916 0
0.613372 2.95929 2.9837 0
0.498288 1.15372 0.818788 0
0.213813 -3.02238 -0.277649 0
0.218952 -5.62872 1.88199 0
0.621891 -2.6159 -2.36444 0
0.302171 -1.78124 -1.23922 0
1.13063 -1.78695 -2.95959 0
0.366726 0.27227 -2.48116 0
0.425697 -1.0975 2.5811 0
1.91378 -0.386266 -2.78443 0
0.467586 -0.450214 -0.68541 0
3.45642 -0.0749235 -1.81598 0
1.55304 -0.165805 -1.61188 0
2.50608 0.372579 -2.14722 0
0.157915 -5.00698 -1.01607 0
0.501354 -5.30465 0.757832 0
0.278633 -4.91933 -1.37353 0
0.537106 -0.236903 -1.83944 0
0.322405 3.50329 0.0390368 0
0.320128 4.75325 2.87822 0
0.283683 4.04584 -1.63518 0
0.262254 7.88343 -1.41461 0
0.884211 7.74927 2.19367 0
0.219133 6.43643 -2.30501 0
0.0264138 -3.2296 -0.457425 0
0.672678 -2.34083 -2.98767 0
0.143102 7.9896 2.24435 2.18480297863876e-08
0.534117 7.47175 2.09832 3.18567230659168e-08
0.183011 -1.5604 1.74961 0
0.255058 -0.690496 2.09974 0
0.938629 -0.0297962 2.56359 0
0.302291 -0.574364 2.70433 0
0.172544 0.700668 1.91847 7.76840392791521e-08
0.681785 0.664005 2.12574 1.04257673500548e-07
0.0758342 5.66737 0.274285 0.103478175737332
0.748372 -3.27346 -1.2954 0
0.590911 -3.46512 -0.69298 0
0.0438368 -3.39196 0.0844055 0
0.42922 -2.16512 -0.0732795 0
2.05788 -4.4898 -0.655751 0
1.03981 -4.33739 -0.559283 0
0.699422 -3.71479 1.83313 0
0.873856 -3.90239 1.77589 0
0.415329 -1.41029 1.3188 3.40452635156814e-07
0.531249 -1.9116 0.997791 1.82095584465646e-07
0.0548001 -3.40819 0.983378 0
0.804435 -1.70792 1.49746 0
0.111778 1.60296 1.93227 22.5549662849676
0.205023 -6.54475 2.55727 0
0.578058 -5.28155 -1.80218 0
0.0251619 -7.01623 0.734316 0
0.090479 -8.06716 0.904124 0
0.231623 -3.8522 -1.89382 0
0.544114 -2.74266 -2.04916 0
0.154672 -1.10984 -1.52004 0
0.179669 -0.00227086 2.74345 0
1.13687 3.63756 -0.706514 0
0.576107 3.54785 -0.199813 0
0.170279 2.14105 -2.50575 0
0.547845 1.59201 2.13634 0
0.0625905 2.06518 3.00164 0
0.218623 2.96726 -2.06881 0
0.56747 -7.1488 0.123493 0
0.128649 -6.86536 0.905559 0
0.305418 -6.26669 2.23796 0
0.351699 -5.75335 2.10176 0
2.46794 0.417574 -2.10859 0
0.908514 0.606509 -2.08347 0
0.47854 1.712 -0.188615 0
0.327901 1.69956 -1.306 0
0.997721 1.23897 1.22939 0.115212359682338
0.908197 3.5482 0.218182 2.78979659020592
2.37159 3.57197 -0.0447652 1.03997828042575
0.179289 -0.994382 -3.08868 33.5960806443207
0.254028 -1.79991 1.33209 11.7377973287935
0.220711 -3.00934 -1.42633 17.9997535189245
0.281149 -3.47589 0.320274 8.92126929537318
0.563422 3.59957 0.283896 1.28062838918067
0.476694 2.96506 -0.127206 2.84769080141638
1.98435 0.997082 0.42014 0.0197883687198906
2.51162 0.95622 0.568525 0.0834234603256297
3.03353 0.969908 0.199747 0.105562743555031
0.261077 -3.33578 -1.73185 0
1.33707 -2.63446 -0.575048 0
0.00598025 1.55549 -0.0725221 2.97816857168242e-05
0.14655 1.51804 -0.0465959 3.63999700573448e-05
0.0587493 6.21481 -1.75135 0.0207053112913756
0.496327 6.95459 -0.668631 0.011913513787003
0.727368 4.6089 -3.06164 0.0262894960384164
0.22397 3.91678 -1.57901 0.130195668093267
