0.419814 4.18314 1.25142 0
0.546794 0.0983198 -0.99533 0
0.408248 -1.67864 -1.2043 0
0.678117 -0.800842 2.71105 0
0.207865 -3.25039 0.190378 0
0.548761 -3.1691 -2.72464 0
0.572818 -7.00418 2.44262 0
0.13922 -8.66574 1.32938 0
0.41755 -5.54211 2.00029 0
0.679686 -5.50532 -1.66732 0
0.487589 -4.31689 1.27826 0
0.575626 3.31334 -0.48858 0
0.575453 9.3916 -1.44175 0
0.734756 3.5993 1.29416 0
0.799237 3.32455 2.18543 0
0.159832 4.8322 1.23432 0
0.930451 4.14577 1.36332 0
0.141357 4.8294 -2.9428 0
0.735533 -3.95642 -0.632089 0
0.835147 -6.97242 -1.58134 0
0.618019 -6.96531 -2.2939 0
0.167807 -1.52205 -0.901025 0
0.642445 -0.0120374 1.20293 0
0.471785 -0.730197 -1.78927 0
0.346177 6.82922 0.918372 0
0.284302 7.97562 0.270091 0
0.171549 -0.257054 1.53776 0
0.540744 0.502007 2.31147 0
0.405104 -1.27907 -2.68747 0
0.357991 -1.15375 0.14216 0
0.177533 -2.44146 -1.41109 0
0.18967 -1.33627 0.958124 0
0.52572 4.71314 -1.21442 0
2.06242 4.73239 -1.68822 0
0.11768 1.81229 -3.00146 31.2997936506006
0.134566 3.65743 -2.66144 4.43811064418623
