3.34082 4.36906 -2.6968 0
0.578404 -0.0617241 1.15486 0
0.237368 -2.13405 1.28209 0
1.85138 -1.51352 1.45377 0
2.34839 -0.802603 1.5524 0
2.53644 -0.624486 1.78856 0
0.50465 2.21539 1.54466 0
1.9305 -2.18825 -2.08652 0
0.261323 1.99114 0.430363 0
0.621101 2.96872 1.57675 0
0.259997 5.19002 -1.79569 0
0.49548 4.57321 -1.96212 0
1.02744 -5.17856 -2.3978 0
0.24142 -4.51712 -0.724487 0
0.405466 -4.36802 0.608163 0
0.329329 0.985677 -2.1769 0
0.19652 -0.838726 -0.966335 0
1.24667 4.47026 2.42174 0
0.143284 3.02551 -2.43086 0
0.452784 3.45041 -1.86505 0
1.69927 3.24837 -1.48143 0
0.101838 2.8529 -1.90269 0
1.38882 3.17902 -1.44497 0
2.08834 2.64671 -0.97847 0
0.524768 2.52852 -2.34556 0
0.61164 1.93342 -2.87573 0
0.912989 3.50735 -2.60901 0
0.825785 1.59521 2.60435 0
5.92523 -0.313066 -2.48174 3.54581025068165e-14
3.5025 -0.461843 -2.52726 2.35989398648602e-14
1.41255 -0.0965481 -1.81182 9.15686022782533e-14
2.42894 0.0850586 -0.880459 1.45126617063529e-13
2.40529 0.337579 -0.952678 1.45054488669182e-13
2.91939 -0.359836 -1.31183 1.19133327783137e-13
1.16778 -0.162323 -1.30789 1.26079753499277e-13
4.21898 -0.414179 -1.51594 1.00811394238803e-13
3.65774 -0.360952 -1.49784 1.04339064916017e-13
8.71594 -1.79832 1.49521 1.87034022173513e-13
4.01825 -1.73655 1.57324 2.09197340681952e-13
5.03353 -1.77027 1.31799 1.52889883637761e-13
0.389806 0.335434 -2.82173 5.74285532309351e-13
1.31805 -0.0976009 -0.505544 6.93652335064155e-13
0.475613 6.54251 -0.613196 0
0.80423 2.06612 3.0356 0
0.623339 0.625213 2.70326 0
0.0856128 -1.65924 0.0647973 0
0.183111 -1.4107 1.97351 0
0.214137 7.19311 3.04622 0
0.224401 8.01998 0.190993 0
0.241081 8.44631 1.369 0
1.72926 -0.489644 -2.89936 3.4400109190715e-14
0.147572 -0.537991 -3.01031 4.16895709173929e-14
1.02772 -1.28202 -2.37472 4.5034394341221e-14
1.83813 -0.847059 -2.67653 1.97139927985768e-14
0.474476 -1.49606 -2.49764 5.31844502586754e-14
1.20951 -0.443017 -3.11336 5.26675172878966e-14
0.465001 0.845371 1.85887 8.66040689657747e-14
0.00110062 -5.20929 1.54172 8.7318471027502e-14
0.546456 1.39626 -0.700104 8.40562005212528e-14
1.15671 1.0676 -0.749403 8.75241403813684e-14
0.905393 1.85353 1.74266 8.08021840833029e-14
4.62088 1.89425 1.36259 0
1.50924 2.31457 1.54133 0
1.14808 2.5416 1.18524 0
0.935421 3.43961 1.37015 0
0.996857 4.56029 0.179919 0
0.236545 8.07503 2.66864 0
0.821379 0.623914 -0.0539568 0
0.224417 0.557055 2.04443 0
1.18468 0.267679 -0.589556 0
0.992638 -1.16738 2.99102 0
1.47027 -2.30326 2.38976 0
1.65871 -2.18217 2.49697 0
0.445545 -3.35028 0.284972 0
0.487983 -3.94222 -2.2766 0
0.527482 -2.37638 3.06433 0
1.82442 -4.7525 -1.22696 0
0.243792 -6.00455 0.369287 0
2.00401 -4.69495 -1.99583 0
0.545721 -6.06244 0.247966 0
2.7359 -5.55842 -2.04096 0
0.671906 -7.27441 2.77906 0
0.284137 -7.89649 0.274251 0
0.449876 -6.23697 -2.97852 0
0.380261 -1.94364 0.0251417 0
0.700959 -1.32261 0.300375 0
1.16117 -1.85857 -1.13774 0
0.778295 -0.744875 0.247242 0
0.41738 -1.33502 0.977784 0
0.319877 -1.09192 -0.815913 0
0.102312 -2.47941 0.719337 0
0.0573926 0.48148 2.37122 0
1.54817 -1.35057 -0.078475 0
0.331345 -1.85597 0.257246 0
1.42766 -1.50556 0.276771 0
5.77239 -1.62568 0.0130412 0
8.90305 -1.6684 0.0966866 0
0.248127 -2.72051 0.357611 0
0.994799 4.45434 3.11523 0
0.254137 2.39986 0.849387 0
0.41779 2.72091 -1.58676 0
0.0755805 -2.20428 -1.32615 0
0.441707 0.287209 -0.41022 0
0.0957605 -2.61881 -0.473527 0
0.813191 4.74131 -0.824681 0
0.346303 -3.69327 -2.25445 0
0.333148 -3.77989 -2.4525 0
0.439107 -1.41148 -1.48751 0
0.297077 -1.42856 0.386508 0
0.741503 1.99973 1.01412 0
0.775602 3.85867 -2.78891 0
0.496457 3.39029 -0.727281 0
0.570325 4.21784 -1.80799 0
0.0831572 3.69264 -1.64041 0
3.70281 3.05965 -1.11774 0
0.567447 1.99938 -0.911908 0
3.68035 2.63375 -1.38245 0
0.388835 2.46738 -2.01592 0
1.25705 2.87671 3.13189 0
0.548323 3.56785 -2.6513 0
0.49785 2.10619 -1.61299 0
0.321273 1.73235 -2.06929 0
0.201296 1.73732 -2.84932 0
5.06025 -0.39298 -2.5568 3.22884349210006e-14
3.51039 -0.193889 -2.61049 5.74430438116863e-14
0.258916 0.764222 -1.22324 1.44941956153058e-13
0.183196 -0.0361926 -1.75974 1.00224531532143e-13
1.07938 -0.106301 -0.936721 1.43026222239556e-13
1.21496 0.578038 -0.821619 1.40632600322066e-13
0.562272 0.574202 -1.00744 1.44269704217271e-13
5.31409 0.130525 -0.682792 1.4317606579959e-13
2.86041 -0.394006 -1.33226 1.16580973609169e-13
5.8111 -0.366172 -1.37504 1.14220800144607e-13
3.45437 -1.76522 1.42116 1.75036990357623e-13
1.0012 -1.38526 1.6914 2.9397239602439e-13
1.30013 -1.42553 1.30091 2.03179198111896e-13
0.207949 -0.726264 0.477478 3.93176430763698e-13
0.144558 -1.79465 -2.49404 4.30577706498631e-13
0.950821 -0.467307 1.73945 5.97675335073711e-13
0.153551 0.0429266 -1.56784 6.92241963855171e-13
0.118883 5.91293 0.346734 0
0.364161 3.89581 -0.309053 0
0.136291 0.185451 -2.22163 0
0.0783303 -1.53338 -2.42618 0
0.00893997 2.76693 -2.70008 0
0.598834 -2.04688 3.119 0
0.528974 -0.366187 3.01693 0
0.425961 -1.14318 -0.127029 0
0.23319 -0.425132 -2.83938 0
0.440867 0.21654 2.89667 0
0.149175 2.46029 0.608978 0
0.752564 4.06798 0.956199 0
0.244444 7.3167 2.07374 0
0.544993 7.21378 -0.179368 0
2.20715 -0.629071 3.05827 5.60664445581069e-14
0.948073 -1.40513 -3.07171 5.85506477780155e-14
2.38921 -0.897362 -2.86275 3.21740665955527e-14
2.05402 -0.598813 -2.67642 1.22827783400237e-14
0.529793 -1.11626 -2.34895 3.7350943379287e-14
0.953736 -0.814947 -2.20153 3.1150191347686e-14
1.79794 -0.933679 -2.76903 2.87714240420679e-14
1.3015 -0.327105 -2.72435 3.37153630505795e-14
0.322247 -0.530946 -3.11065 4.95832188141298e-14
0.937813 0.035424 -1.97292 7.82297553617076e-14
0.203208 0.506171 -1.78878 1.01858894084612e-13
0.275466 0.73094 0.856788 2.30833347970283e-14
0.541943 0.0424484 -0.874497 1.05061247091205e-13
0.627431 2.27756 1.20855 7.62111699451354e-14
1.35045 2.01321 0.997706 7.02787244066492e-14
0.37781 2.34798 1.1689 7.66164703344793e-14
0.98961 2.28685 1.15336 0
0.302506 1.49909 0.549929 0
2.60811 2.57151 1.10542 0
0.264795 2.0279 0.726855 0
2.13487 2.05734 0.538129 0
0.63846 2.55196 0.228086 0
0.173499 2.849 2.91006 0
0.184065 7.65595 1.15258 0
0.528809 7.42538 0.977896 0
0.465136 5.48684 -2.64913 0
0.80122 -2.15168 2.04343 0
0.845536 -2.23999 -3.03553 0
0.533391 -3.70327 -0.787369 0
0.403706 -6.44212 -1.30517 0
0.844954 -6.08952 2.45111 0
0.301982 -8.8913 0.117358 0
0.188534 -7.91785 -1.55859 0
0.384916 -5.83965 -1.05419 0
0.268131 -7.45388 0.00278581 0
0.233741 -6.05298 -2.17604 0
0.404156 -3.72567 -1.58639 0
0.3189 -4.95372 1.98965 0
0.659085 -2.61372 0.548442 0
0.222289 -2.0422 2.99119 0
0.0949259 -3.65044 2.48352 0
0.331806 -2.65278 -0.680075 0
2.29039 -1.76603 -0.508 0
0.904516 -0.951667 -0.0907468 0
0.174791 -1.97899 1.99468 0
0.518362 -0.413185 0.197988 0
0.261642 -1.03472 -2.1826 0
2.14636 -1.52456 0.0549892 0
1.94837 -1.45342 -0.0647826 0
0.603506 -1.47802 0.6371 0
2.78886 -1.74538 0.161544 0
2.58686 -1.67673 0.44698 0
1.39685 -0.432928 0.424889 0.00295615575508392
0.759605 -0.331733 0.0481687 0.0306244279317485
0.231147 0.78639 -2.53297 0
0.362302 1.00717 -1.80056 0
0.315409 1.04447 0.529258 0
0.175181 0.789199 -1.17038 0
0.357608 3.50666 -1.35839 0
0.137018 3.72345 3.07571 0
10.3279 -0.705499 -2.86931 0.154300886926039
0.210735 -0.819889 -3.07994 4.48376033841468e-14
0.72498 -0.531018 -2.33289 2.12932190246564e-14
1.4209 -0.731788 -2.49437 8.53290944564382e-15
0.460019 -0.713172 -2.94083 3.36040818004071e-14
0.76751 1.1486 -0.455158 7.55497195160477e-14
0.382631 1.90102 -0.569862 8.14044957144784e-14
1.00686 2.40268 0.854731 0
0.439983 2.77838 1.24305 0
0.781389 2.60513 0.335348 3.61788755501148
0.190191 3.62866 1.46247 5.40557225679041
0.215191 2.12575 1.2096 0
0.26129 2.95045 2.75952 0
0.0516914 8.76368 2.00952 0
0.201012 7.85308 2.43996 0
0.229695 6.06126 1.91176 0
0.145229 6.34 -2.48513 0
0.0986781 5.2259 2.35974 0
0.354112 5.18555 2.99386 0
0.0486184 -0.137295 2.54971 0
0.721847 0.000856574 0.201164 0
0.201121 -0.418319 2.8759 0
0.235808 -0.209728 0.250245 0
0.308523 -5.49484 -3.13295 0
0.957052 -5.77452 -2.34519 0
0.136858 -8.57043 -1.14697 0
0.285601 -7.00414 -2.51957 0
0.119563 -6.42563 -1.52801 0.565484962383056
0.605229 -4.74526 0.304221 0
0.0460303 -6.29878 -0.199502 0
0.828024 -1.61552 -0.827439 0
0.0549275 -2.78451 -0.809771 0
0.239564 -0.864626 -1.58162 5.53641097544556e-08
0.607364 -1.01794 -1.12378 5.08672913605519e-09
0.277679 -0.0685288 0.352117 14.0610321796433
0.598701 0.646191 -0.277207 5.36913444547652
1.24624 -1.87103 0.277736 1.69466609919381
2.54515 -1.6855 0.146667 0.986576493964039
0.135907 -4.85849 -0.968595 4.97756826385066
0.18249 -3.01586 -1.27722 23.4042796077167
0.0774484 1.12439 -2.00872 0.0642754571867707
0.508693 -0.347233 0.800459 0.0336003620919118
0.370697 0.504514 0.772017 0.0211200747874086
0.490936 0.557607 0.869889 0.0276675392616287
0.344899 0.678637 1.20893 0.0461637212060335
0.200276 1.17266 0.397331 0.275560800259003
7.93788 -0.782706 -2.90055 0.114030522058678
2.75688 -0.841097 -2.9502 0.184326731947629
0.164593 6.83203 -1.6369 1.07901573834566e-07
0.151944 6.25073 -2.42615 5.95618000152643e-08
4.70587 -0.329664 -2.61079 0.0118428545867134
8.39172 -0.272584 -2.59602 0.226715500417248
10.0106 -0.682524 -2.96111 0.137077525329225
3.65014 -0.694699 -2.99523 0.153723047812587
11.455 -1.67352 0.462326 0.260866655947361
13.8636 -1.72911 0.402582 0.115476584149357
9.72767 -1.68024 0.389455 0.0476283680954919
15.7377 -1.67891 0.393618 0.445159963106229
26.9518 -1.68213 0.400149 0.4168596944601
4.39974 -1.74628 0.391388 1.84337744392598
