0.0768335 -8.91016 2.46892 0
0.220967 5.07431 -1.63386 0
0.467729 2.96704 -2.64234 0
1.95046 4.88716 1.88367 0
0.607667 3.29769 -2.83844 0
0.32076 1.44859 1.26584 0
0.322533 0.99662 -2.01292 0
0.836462 -1.64761 2.30084 0
0.470002 -0.871976 -0.949183 0
0.662298 -2.18488 -0.428072 0
0.162306 -3.20252 2.57964 0
0.487147 -1.59627 -2.70531 0
0.596428 -4.9341 -0.375209 0
0.63648 -2.3699 1.7821 0
0.597444 2.55887 0.525838 0
0.504061 -2.50929 2.40627 0
0.78688 -1.21663 2.50191 0
0.995141 1.50734 1.12695 0
2.90047 0.846524 0.462313 0
0.230683 0.59946 -2.48214 0
1.28543 0.451167 -1.83773 0
0.300012 1.50053 -2.21962 0
0.336686 1.21339 -2.51484 0
1.93774 1.65346 -1.44913 0
2.69337 1.64934 -1.50497 0
0.275823 1.17757 2.89772 0
0.301597 0.72838 -2.4392 0
0.0660995 1.4067 -0.570919 0
0.357532 4.06652 -3.07836 0
0.531571 2.50905 -0.807468 0
0.767435 -0.0087346 1.8274 0
0.439043 -0.203167 -1.48507 0
0.848516 -1.95435 0.0951442 0
0.868358 -2.75541 -0.428611 0
1.17477 -2.24156 -0.044728 0
1.31826 -2.89044 0.476903 0
0.688402 -4.16685 0.307237 0
0.310878 -2.91559 -2.39134 0
0.626718 -4.20136 -0.572077 0
1.08001 -5.21142 1.8926 0
0.860815 -2.66858 2.79714 0
0.407596 -2.08107 -3.10132 0
0.946725 0.764815 -1.01304 0
1.35571 1.95249 -1.94425 0
0.288888 1.8636 -0.811638 0
0.919482 1.57881 -2.48534 0
0.56096 1.82824 -2.62404 0
0.623079 2.77339 -2.59936 0
0.268312 2.12518 -2.69461 0
0.385051 3.25259 -2.43615 0
0.56571 2.36599 2.88104 0
1.19997 6.23379 -1.80948 0
0.0850746 5.25828 -2.31195 0
1.81713 5.97781 -0.734261 0
0.212206 6.49926 -0.779512 0
2.17572 5.74008 0.194688 0
0.18611 6.66716 0.984883 0
0.248217 4.03183 -0.992319 0
0.246963 4.96917 -2.07206 0
0.639408 2.2867 1.74348 0
0.219492 -0.426941 1.44743 0
0.960964 -0.0750703 -0.197899 0
0.815063 -1.37579 0.328715 0
1.50016 -2.80305 -1.14736 0
0.565875 -4.45228 -0.740842 0
0.619328 -3.83482 -1.01168 0
1.09433 -3.70626 -0.397862 0
0.152543 -5.97834 -0.149341 0
1.34945 -6.13785 -1.3378 0
0.724133 -5.19234 0.251511 0
1.58867 -2.27288 -2.98126 0
0.291312 -1.41497 2.97383 0
0.215512 -1.78552 -2.81935 0
0.145592 1.97699 2.88266 0
0.423083 0.26906 -0.508809 0
2.36374 0.0832878 -1.82876 0
0.470521 8.34679 1.70494 0
0.443583 6.20638 0.0790499 0
0.200212 2.77327 2.32937 0
0.258061 2.80116 0.417297 0
0.229102 -6.49365 2.74401 0
0.758017 -6.27693 1.25567 0
0.36775 -3.73622 1.81081 0
0.578541 -3.66803 -1.51189 0
0.112281 -3.17803 -2.08425 0
1.23581 -1.40215 -3.03838 0
0.413547 1.56083 2.22762 0
0.152261 -7.48401 -0.807397 0
0.278012 -7.73031 0.817918 0
0.408101 3.70633 2.99136 0
0.829342 4.14259 -2.15946 0
0.162896 2.91739 0.348052 0
0.279832 3.79664 0.809237 0
0.510556 4.39075 2.74009 0
0.505523 5.37141 1.85254 0
0.591145 1.0717 1.28876 0
0.54637 1.75883 1.55312 0
0.221209 -0.760949 2.18145 0
0.176632 -2.23457 -1.01193 0
0.323541 -3.94934 0.504927 0
0.396277 -3.56913 1.04703 0
0.704054 2.94925 2.76071 0
0.215942 2.02682 -0.0398934 0
1.16716 2.73601 1.95984 0
0.199462 2.50988 -0.216877 0
0.479814 3.17908 2.6736 0
1.03494 2.10244 1.74841 0
0.195059 -4.10588 2.475 0
1.20342 -1.28106 0.281161 0
0.305372 -1.02285 -1.28977 0
1.22491 -0.199673 0.576727 0
0.0664293 -2.00617 2.46138 0
0.175276 -0.728209 2.92811 0
1.02177 1.36295 0.209983 0
1.69644 0.973317 0.128769 0
0.707814 1.39568 -0.363009 0
0.815577 0.175369 -2.33652 0
0.248826 1.22386 1.74413 0
0.532771 0.559181 -1.66794 0
1.9576 0.813976 -2.25961 0
3.54519 0.929765 -1.55541 0
1.59557 1.53631 -1.24663 0
3.01821 1.4716 -1.33417 0
1.54746 1.65396 -1.5164 0
0.333743 1.87756 2.87826 0
0.364178 0.784469 1.48993 0
0.169691 0.644366 0.836295 0
0.653723 0.688497 1.95189 0
2.16646 0.997336 2.51205 0
0.235416 2.48276 -2.77999 0
0.39556 1.38107 -0.368863 0
0.314633 0.461267 -1.71025 0
0.2298 -2.00841 -0.789383 0
0.0946357 -4.43937 2.92061 0
0.610222 -6.68045 2.67361 0
0.39336 -0.786974 -2.46329 0
0.21903 -1.70913 -1.08134 0
0.365563 -0.349408 0.0198789 0
0.5454 1.78266 -0.720621 0
0.316569 1.61576 2.46021 0
0.407903 2.16274 -0.857605 0
1.17056 6.10356 -0.349428 0
0.741227 6.16137 0.23763 0
1.60303 3.71547 0.416966 0
0.819604 3.38808 0.00870045 0
0.271641 2.04565 1.30409 0
0.934387 3.32371 1.20347 0
0.2038 2.47747 -0.102053 0
0.710371 2.56966 0.798871 0
0.409011 3.19724 1.62589 0
0.482248 0.357487 -0.715289 0
0.150757 -3.43053 2.54375 0
0.158434 -2.32843 0.687862 0
1.32355 -4.27483 -0.989625 0
0.128827 -4.84454 -3.12436 0
0.048669 -3.5728 2.02975 0
0.196397 -4.33465 -1.62543 0
0.544278 -3.21313 2.57535 0
1.31196 -2.86889 3.01036 0
0.499807 -2.41146 2.54494 0
0.977156 -2.03111 1.88884 0
0.80981 -2.30392 2.61381 0
0.420783 -1.98381 2.03899 0
0.706937 -1.92574 2.97634 0
0.478935 -1.75792 2.40497 0
0.553557 -1.38002 2.90835 0
2.58896 -1.85682 3.05323 0
2.5285 0.301221 1.87672 0
0.769365 -0.022893 1.39853 0
3.32094 0.0953425 -1.69348 0
0.374744 0.138899 -2.16626 0
0.429746 0.52993 -0.739521 0
0.275485 2.67941 -1.3549 0
0.26658 7.06958 -1.77489 0
0.249552 6.31793 3.13111 0
0.442835 5.60182 1.98907 0
0.294844 5.13505 -0.857876 0
0.641453 3.24935 -0.279981 0
0.394401 2.98765 3.12824 0
0.378859 1.81145 -1.33148 0
2.19866 -5.97707 1.61912 0
1.4738 -6.19839 1.96641 0
0.926884 -6.22484 1.94462 0
0.0440401 -7.7724 -3.13207 0
0.415308 -5.43319 3.10192 0
0.474367 -4.00041 -2.54395 0
0.446391 -2.87455 1.87786 0
0.254821 -4.75204 -1.98132 0
0.157139 -5.71092 -2.82694 0
0.364803 -1.65655 0.111709 0
0.494547 -1.23903 -1.03552 0
0.60097 -2.22292 -2.63772 0
0.220651 -2.00074 -0.986471 0
0.675415 -0.285815 -1.68526 0
0.16051 -1.92705 -1.78202 0
0.409013 0.293968 2.85401 0
0.70227 -3.84595 -0.133917 0
0.0591685 -5.7831 0.677202 0
2.77112 1.93302 3.03116 0.0611837174954887
0.420303 3.13327 1.48743 0
0.0800398 3.59239 -1.20523 0
0.224049 1.40304 1.51855 2.94671263601051e-08
0.584235 1.46269 2.3292 1.0251720973037e-08
2.1723 -2.41785 1.79255 0.0783744489578672
0.304618 -0.000480114 -1.43422 3.8467089534373e-08
0.293958 0.485506 -1.72627 2.96844819792542e-08
1.79284 1.0178 2.93195 0
0.547147 0.821006 2.97358 0
0.158912 -1.17757 -0.653591 0
0.215229 -1.5324 2.79059 0
0.017635 -6.02998 -2.13845 0
0.229774 -4.41909 0.899301 0
0.0163001 6.00395 1.08188 6.40296021876186
0.387138 -4.2318 -2.1151 0
0.0978559 -3.72965 -1.47588 0
0.0768838 -4.68355 -0.483617 0
0.890175 -4.84086 -0.214157 0
0.570577 -5.34355 1.91377 0
0.177815 -6.37094 1.45767 0
0.0607615 -3.75824 -2.95584 8.1483544276901e-08
0.295083 -2.98673 2.68816 1.0294195162863e-07
0.368099 -0.0847916 -1.05986 0
0.170914 1.59802 -0.133222 0
0.097488 6.97504 -2.85226 0
0.0598905 8.82703 -0.466483 0
0.0356682 -5.76786 -1.99124 5.05573120269775e-09
0.26061 -4.21216 2.79238 3.1548502823654e-09
0.330023 -5.13949 -1.68379 0
1.0209 -4.72014 -1.33519 0
0.0739915 -4.67761 2.965 0
0.159017 -6.01629 -3.08878 0
0.0254018 4.5235 1.01051 3.11921903180117e-05
0.000676773 5.09479 -0.779242 4.18737829339851e-05
0.651823 1.68434 2.3382 0.993284750483211
0.0677561 1.64713 -3.03116 9.86703687074778
0.112333 -0.997071 2.71132 39.393093687812
0.426243 -1.90505 2.06812 4.69058155072232
0.335651 -0.404274 -1.55914 1.55751970359356
1.44248 -0.0973524 -1.97481 0.390646514803525
0.303303 0.648082 -2.59784 91.7528508471502
0.916166 1.25154 -2.80237 19.533976653589
0.552241 -2.15695 0.083608 9.06673321261517
0.207378 -2.83305 1.12516 12.4321574258679
0.842046 2.53731 2.96223 0.0148372377525106
0.566553 2.02079 3.05472 0.128082442118537
0.657443 5.41857 1.24237 0.448970699238485
0.0785349 5.50213 2.58815 3.47471312228952
0.727006 -3.56928 0.164278 0.00270336959328709
12.0483 -2.48681 1.9602 0.00620504567080707
