3.20542 3.51757 -2.36009 0
2.49154 3.43144 -2.53121 0
0.46638 -3.95916 -2.27719 0
0.767258 3.40388 -2.51412 0
0.680893 3.95414 -2.97013 0
0.84807 7.80571 -2.0923 0
0.529245 4.34915 1.82068 0
0.0905927 5.16062 1.17386 0
0.635388 1.16794 3.10551 0
0.509861 2.46591 0.478593 0
0.443611 -2.02745 2.45876 0
0.837591 -3.82394 -2.4475 0
0.582804 1.54116 1.79111 0
0.382424 0.46431 0.842754 0
0.562895 1.2754 -2.89774 0
0.35192 0.606907 0.660742 0
0.860319 2.9362 1.1661 0
1.92102 2.24089 0.433811 0
0.947902 1.75718 0.241362 0
0.654185 -4.90899 -1.96324 0
0.358864 -5.19342 1.40145 0
1.32713 -4.54692 0.0686416 0
0.748068 -4.48563 -1.49415 0
0.223084 -5.48759 -0.660725 0
0.44874 -4.26258 -1.06253 0
0.420961 -6.09106 -2.21522 0
2.45606 -4.4383 -2.45655 0
1.27726 -4.77496 -2.48208 0
0.541207 -2.35065 2.11237 0
0.383763 -2.40567 0.97106 0
1.91844 1.1941 2.23151 0
0.495338 1.26175 2.78109 0
0.287086 0.501044 2.84188 0
1.0242 1.53078 1.25618 0
0.637149 1.61221 2.59297 0
0.945743 3.10567 -2.1978 0
0.451768 5.65311 -2.68773 0
0.54229 8.61284 -1.11746 0
0.101062 -3.00007 0.717158 0
0.333543 -2.93356 -1.42094 0
0.668616 -3.28753 0.352646 0
0.109667 -5.80844 -2.79607 0
0.282212 -7.10188 -1.77504 0
0.617704 -6.0355 -1.66558 0
0.928413 -6.29641 1.30623 0
0.587025 -5.84702 -2.10024 0
0.679193 -7.92946 -2.49436 0
4.45389 3.26021 -2.38589 0
3.71172 3.3743 -2.32653 0
0.231091 3.59948 -2.80386 0
0.91806 -5.93166 -0.393909 0
0.776707 -6.14293 -2.39573 0
0.528974 2.85427 2.71106 0
0.259856 3.47915 1.25933 0
0.615912 3.0754 2.92615 0
0.287156 4.42986 2.33515 0
0.681176 -2.36962 1.13713 0
0.32572 -1.09107 -0.806449 0
0.214813 -2.31205 -3.0161 0
0.524202 2.43707 1.06829 0
0.415577 -4.04576 -0.0813376 0
0.661136 -4.06273 1.98577 0
0.208591 -4.54452 -1.47301 0
0.204662 -3.885 -0.433902 0
0.444266 -1.982 1.45092 0
0.294474 -2.05956 2.6903 0
0.247929 -1.01213 -1.6519 0
1.19494 1.3438 1.87376 0
0.376485 1.3166 2.73288 0
0.404541 2.12483 2.10714 0
0.18975 2.89038 1.26609 0
0.502994 1.18935 2.56293 0
0.187608 2.85902 1.4484 0
0.209952 1.43826 -1.90972 0
0.234433 1.85085 1.63299 0
0.241369 3.90024 -0.150205 0
0.422731 4.58834 -1.69958 0
0.527286 4.17018 -0.334903 0
0.433321 7.25116 0.940137 0
0.208287 4.32885 1.60504 0
0.38679 5.2859 -1.32984 0
0.0514176 -2.57066 -1.77481 0
0.333822 0.978192 -1.85749 0
0.30342 -4.03766 1.30046 0
0.727436 -6.23236 -1.72772 1.37857100944222e-08
0.075752 -6.76268 -1.76262 1.9779670459816e-08
0.30718 -6.78614 -1.66477 0
0.287534 -6.28845 2.20415 0.0544419096070278
0.439238 -5.49794 0.112941 0.321682018843056
0.191822 -4.6524 0.010368 0
0.0931044 -3.70383 2.24814 0
0.205158 -4.79696 -1.90863 0
0.294387 -4.69622 2.43804 0
0.199721 -4.67977 -0.549911 0
0.780167 -3.99382 -0.505546 0.701713696180249
1.23749 -2.71306 0.397885 1.45046719129715
0.365975 -2.04219 0.931425 0
0.136339 -2.19147 2.25665 0
0.289478 8.53602 0.379194 0
0.28596 8.78656 -1.18745 0
0.159705 4.4714 -0.248541 1.20187179049221e-07
0.371419 4.84069 -0.742253 6.36594669273722e-09
0.217526 -1.37399 2.61938 9.41234234869778e-10
0.50576 -1.05195 -3.10723 1.37029007948675e-09
0.0503984 -6.89326 1.94262 3.93740660151434e-08
0.308557 -5.53237 2.92524 5.23656909818551e-08
0.217611 -9.01225 3.0632 0
0.163686 -8.4334 -0.661729 0
0.00869201 5.39632 0.934389 13.1584909933948
0.58457 3.28064 -3.12834 1.63589301693209
0.063865 3.47517 1.51336 16.1309294678978
0.465913 3.1329 -2.43256 3.09845051656924
0.507952 1.87677 0.644044 20.4687030346216
2.46015 2.12548 0.724493 3.33958821113612
0.817144 -6.45733 -0.947974 0.121335148574294
1.68338 -6.44492 -1.13217 0.0681550752493419
0.587126 -4.60623 0.214393 0
0.822479 -6.51501 -1.46156 0.132228760218505
