0.291763 6.38302 -2.84936 0
0.526361 7.59629 0.72879 0
1.56455 1.77764 2.15941 0
0.356475 -4.0932 -0.394602 0
0.36575 -6.90056 -1.38594 0
0.268397 0.834236 -2.96354 0
0.279557 3.3798 -2.27613 0
0.994728 0.96965 -0.230775 0
0.386216 2.62019 -0.196794 0
1.66412 2.24716 -1.99012 0
0.786104 -2.88105 -3.09358 0
0.481591 -4.38027 -2.16953 0
1.92605 -3.6651 0.678569 0
1.18347 -4.02822 2.01076 0
1.32293 -4.24571 2.63229 0
0.384151 -3.81366 2.08141 0
1.50133 -2.67678 2.60768 0
0.844578 -3.92853 2.41644 0
0.201195 2.68471 -2.42965 0
2.4962 1.15235 2.76846 0
0.285775 1.3668 -2.52565 0
0.439032 1.90791 -1.63533 0
0.408645 0.404837 -2.89954 0
0.798062 1.14535 -1.24888 0
0.851971 -2.72245 2.60294 0
0.142025 -3.82623 -3.02654 0
0.527439 -0.942422 1.34598 0
0.83569 -0.944746 1.01733 0
1.59068 -0.463371 -0.175225 0
1.43808 -1.07131 -0.202901 0
1.07714 -1.7147 -0.234458 0
1.23819 -1.80017 0.818913 0
1.05425 -1.30813 0.228071 0
4.17317 -1.66534 0.590616 0
0.573668 -2.21003 -0.504583 0
0.672073 -1.32372 -1.94699 0
1.79143 -1.3527 -1.46681 0
0.217575 -1.00326 1.8267 0
0.926126 -0.138885 -2.4688 0
0.130195 0.866639 0.485543 0
1.33057 -0.132887 -2.9535 0
0.127036 2.13532 -1.52922 0
0.364935 0.511116 2.07468 0
0.599978 -5.40572 0.926174 0
0.19863 -4.71676 3.03196 0
0.226877 -5.57202 3.07543 0
0.625036 -6.98554 1.17762 0
0.885868 -6.73359 0.33857 0
0.416303 -6.37323 -1.47789 0
2.98108 -6.61694 -0.407712 0
0.58374 -4.94879 -0.0487082 0
1.88621 -5.04283 -2.92955 0
0.159428 -4.62092 -2.11519 0
0.170087 -3.35962 -0.288114 0
0.428719 -4.00521 0.80968 0
0.875252 -3.494 -3.10485 0
0.891998 -1.99136 -2.78111 0
0.256256 -5.93676 -1.11449 0
0.728272 -4.9376 -1.33384 0
2.40223 -2.92356 -2.32636 0
0.614432 -3.57538 -2.24154 0
2.61511 -2.98276 -1.57134 0
2.46628 -2.74827 -2.08948 0
0.773368 -3.47117 -3.00088 0
0.470877 -4.90331 2.69975 0
0.726031 1.48642 0.166663 0
1.73296 1.5428 0.408917 0
0.136141 3.24314 -1.64789 0
0.205881 2.79299 -1.65857 0
1.57921 3.13826 -1.00645 0
0.53023 3.8805 -2.8906 0
1.63851 3.93375 -1.52295 0
0.878112 4.2937 -2.66153 0
0.730209 3.45281 -1.64497 0
0.164651 2.00527 -2.70601 0
0.19212 3.12472 0.886939 0
0.930329 5.19277 -0.469805 0
1.05217 4.84896 1.47972 0
0.108949 5.33499 -0.232466 0
0.658123 5.12432 0.494546 0
0.493933 5.82329 1.16865 0
0.441508 6.53765 2.48493 0
0.275614 4.47601 -1.3559 0
0.0977589 3.47002 -2.25409 0
1.40887 4.36095 -0.535357 0
0.967255 3.78363 0.541366 0
0.23706 4.75892 0.087693 0
0.341034 3.02257 1.50064 0
1.25541 3.32214 0.112602 0
1.27526 2.79811 0.996624 0
3.04916 2.74935 0.541248 0
0.66343 -2.19272 -0.532099 0
0.626196 -1.52776 2.94992 0
0.436793 2.43147 0.572795 0
0.686949 7.53019 -2.80854 0
0.429053 7.37296 2.60536 0
0.369954 5.94712 -1.2303 0
0.605971 5.05105 2.91316 0
0.298024 4.07536 2.64348 0
0.235184 4.92367 -0.882587 0
0.507876 5.00994 2.15386 0
1.63232 2.42107 1.50163 0
1.12155 2.02649 0.910326 0
2.12099 2.27073 0.944994 0
1.8769 1.22312 0.256457 0
1.15328 1.27499 0.717042 0
0.644773 -2.03019 2.27314 0
0.297798 -2.29725 0.600365 0
0.832948 3.08227 -1.97361 0
0.0491628 4.69252 -0.838824 0
0.501988 2.01086 1.98694 0
0.590271 5.75921 -1.61416 0
0.465476 -6.38226 1.43701 0
0.377539 -0.31012 -2.38568 0
0.231092 -3.86595 -2.01616 0
0.252226 -3.98248 2.5865 0
0.358323 -3.76865 -1.03361 0
0.925559 -3.82793 1.87471 0
1.90672 1.82771 2.94805 0
0.7527 1.33812 -2.64789 0
0.409076 1.46431 -2.29848 0
1.36927 1.55508 -3.12852 0
0.145942 2.16993 -0.233873 0
0.545613 0.571052 -2.54411 0
0.446643 0.599953 -0.382042 0
2.00413 -2.22788 2.74094 0
0.311637 -4.15039 -1.79404 0
1.29832 -6.16949 -1.72351 0
1.23166 -0.678737 1.6789 0
0.170743 -1.21922 -0.550755 0
0.379406 -0.629964 0.167472 0
0.107372 1.36539 2.55362 0
1.15503 -0.743684 -0.203842 0
0.407762 -0.484541 0.699686 0
0.32587 -1.79839 -0.751457 0
0.610109 -0.865055 0.494597 0
0.0868515 -2.70963 2.43819 0
0.942699 -1.52036 -0.808588 0
0.941544 -1.82381 -1.94766 0
0.138595 -1.6119 0.703623 0
0.413061 -2.45668 -2.76859 0
0.584234 -0.325161 -2.13945 0
1.07486 -0.983662 -2.47586 0
1.96125 -0.367628 -2.11981 0
0.342992 0.392451 -0.125129 0
0.0859623 2.33141 -1.81011 0
0.632755 -4.89365 1.87159 0
1.15427 -5.09189 2.69746 0
0.348237 -6.19247 1.53397 0
0.527007 -5.02693 1.09694 0
0.336234 -5.41163 -1.46069 0
1.12118 -6.10846 -1.06033 0
0.225561 -7.22247 -2.0826 0
0.327454 -6.18438 -1.12511 0
0.226679 -5.68744 -2.42088 0
0.240749 -4.36499 0.959352 0
1.45221 -2.52338 -1.69294 0
0.064662 -3.95973 2.05583 0
1.03079 -2.72628 -1.97627 0
0.154809 -5.05784 -2.27863 0
0.0738019 0.727236 -1.43957 0
1.20524 2.34505 -1.07292 0
0.782317 3.89165 -0.747579 0
0.596692 3.89683 -1.41191 0
0.424396 3.88989 -2.78497 0
0.346372 4.00017 -3.0783 0
0.30513 4.15048 0.901541 0
0.763931 4.13157 -1.48407 0
0.131489 3.41167 -2.42572 0
0.217486 4.82264 1.68638 0
0.656301 4.85306 1.69984 0
0.263034 4.24883 -0.79155 0
1.11478 3.4833 -0.0460723 0
2.81358 3.09498 0.355068 0
0.140284 -3.60843 0.255699 0
0.463902 -1.85798 -2.42699 0
0.766962 -1.29273 0.850929 0
0.314346 -2.12365 -0.466842 0
0.418549 1.70717 -2.18077 0
0.491651 3.41632 1.11948 0
0.338598 4.53393 -0.176649 0
0.68751 5.73795 0.390251 0
0.15105 6.99997 2.2086 0
0.887859 7.49157 -1.54804 0
0.46938 6.59805 -0.282067 0
0.707205 3.13617 0.831658 0
0.338735 2.913 -0.759552 0
0.9454 2.19643 1.5318 0
0.190815 2.36288 -1.17445 0
0.0815208 2.36609 1.31926 0
0.115335 0.905278 0.150473 0
0.297741 -1.26508 0.648531 0
0.366659 0.306239 -2.68844 0
0.173675 -7.43111 2.48132 0
0.229148 -6.71679 -1.69586 0
0.182314 2.0896 0.398205 0
0.0656298 1.48439 2.44434 0
0.324234 2.69007 -1.88974 0
0.989381 2.61078 -2.24011 0
0.325507 3.20272 -2.98931 0
0.753018 2.351 -2.87586 0
1.081 -4.35865 2.25346 2.86043268029791e-09
0.104596 -5.10781 2.37273 1.02661810989046e-08
0.114961 -3.35359 1.10742 0
0.294837 -3.59206 -2.10017 0
0.709994 1.78123 3.10244 5.18800222412637e-08
0.229443 2.15024 -3.06094 2.1428970123335e-07
0.775219 -1.4246 -0.150009 0
0.505857 -1.13632 0.5626 0
0.240128 1.12922 0.586093 0
0.30242 1.93254 0.982485 0
0.202309 -2.70181 -1.82672 0
0.618255 -3.30493 -1.9924 0
1.21774 -2.77426 -1.84885 0
0.558421 -2.76058 -2.08788 0
0.213948 -3.2395 1.3588 0
0.2864 -4.26367 3.12094 0
0.0697572 3.93472 -2.15662 0
0.47319 3.89551 2.28727 0
0.643536 4.28113 -1.7214 7.18569974653609e-09
0.376915 4.19624 -1.81706 3.49697764610163e-08
0.341488 5.40771 1.86863 0
0.235827 6.22652 1.76565 0
0.184632 4.73197 1.30088 0
0.607153 5.40863 1.40878 0
0.457059 5.56498 0.662153 0
0.0809281 6.46012 -0.804562 0
0.0332089 0.15095 0.748222 5.66245113443768e-06
0.0281388 0.172695 0.808519 5.90606285588289e-06
0.192545 1.00835 2.27264 50.4235959505897
0.184786 -5.9892 -2.5905 3.92765129909914e-05
0.0788503 -6.39186 -2.07605 2.37280137223925e-05
0.346407 4.50211 0.524345 4.28930768459127
0.238035 5.42134 -0.568562 2.48827944128105
0.300079 -0.900468 -1.75401 3.23393682735974
0.130855 -0.267308 -2.86399 10.3146849256233
0.13311 3.91792 1.28899 9.16954509890294
0.331365 2.62977 2.80176 13.2668176326287
0.024011 -4.23631 2.01024 5.06119371748197e-06
0.220759 -4.23096 1.99377 5.12426925407866e-06
