1.21984 -4.13832 -2.3008 0
0.617303 -5.58889 -0.838765 0
0.687409 -6.93005 -2.91434 0
2.61045 -2.07044 -2.70671 1.64047710937748e-15
1.73998 0.35598 1.12802 4.27647483937191e-15
0.450778 -3.57017 -2.03932 0
0.550801 -4.29274 1.29651 0
0.0667622 -1.31931 -2.22717 0
0.593982 -2.71011 2.98856 0
0.258873 5.80309 0.500756 0
0.622231 5.30907 3.12214 0
0.446825 5.22015 1.24214 0
0.21092 6.90773 -2.17786 0
0.167473 6.87528 -1.79073 0
0.605557 4.0691 -0.160122 0
1.25404 8.09108 -2.32968 0
0.450302 7.40176 -0.291646 0
0.81691 4.85624 3.07694 0
0.0824208 -2.99501 -0.129284 0
0.258515 -8.88533 1.33401 0
0.231118 -5.07228 2.38302 0
0.995131 -5.61594 -2.38814 0
1.10395 -5.76867 2.972 0
0.366327 -5.12807 -2.39068 0
0.151574 -6.50322 1.49625 0
0.289741 -1.60402 -1.96704 2.55659907499788e-15
0.262392 0.331634 2.90641 4.27304156420034e-15
2.20127 0.748115 1.07806 3.82171825859136e-15
0.153517 0.105502 2.45398 4.2759176371571e-15
0.588377 -3.46188 -0.443068 0
0.0662586 1.92236 -1.61431 0
0.838804 -1.55204 -1.31353 0
0.509561 -0.726074 -1.5115 0
0.85566 -1.07075 -1.09581 0
0.215029 5.15458 0.644858 0
0.578969 5.25536 -0.59271 0
0.238892 4.41106 2.49126 0
0.620215 5.74963 -0.410924 0
0.616817 8.14977 0.804664 0
0.713386 8.44414 2.45389 0
0.319884 5.67805 -0.465892 0
0.530555 5.68347 -2.50122 0
0.456206 2.69109 -2.68516 0
0.459941 2.02563 1.18585 0
0.506324 0.863531 -1.10103 0
0.62776 1.23034 -2.36121 0
0.475007 2.46142 2.62772 0
0.224555 -3.88663 -2.53458 0
0.380048 -5.81145 -0.843217 0
0.701847 0.923361 1.00599 3.51022269558559e-15
0.425627 1.37451 1.15295 2.86233695461193e-15
0.53004 -1.05031 0.104595 8.7090295096846e-10
0.238146 1.87192 -2.44053 0.163028860231657
0.189069 2.64698 -0.280885 0.479129743382266
0.249554 1.85381 -2.06695 0
0.151215 1.91151 2.5683 0
0.0705006 6.47231 -0.38222 0
0.207306 6.46156 2.54742 0
0.0878011 7.58973 -2.53054 0
0.357463 6.30275 0.906172 0
0.259555 4.41375 0.686291 2.37913704299878e-07
0.238376 4.78625 0.587195 1.58343564941823e-07
0.536842 -2.59136 -2.44764 0
0.229512 -3.50572 -2.40922 0
0.161882 -7.65143 -1.711 0
0.294793 -7.28405 2.4811 0
0.129155 -2.42866 3.0539 13.6433189767527
0.608028 -2.90498 -2.47871 1.80977064127453
0.408249 -0.181924 -1.63012 12.6201507546777
0.0418958 2.23732 -1.91735 26.3831459662325
0.608979 -1.29649 0.165599 0.00320265808176711
2.6788 -0.988055 0.228167 0.00143115239915458
