0.44197 5.4868 2.53966 0
0.429175 5.65625 -2.6287 0
0.484191 2.59653 -0.719683 0
1.06027 -0.884426 -1.67271 0
1.1358 -0.117856 -0.166105 0
0.888388 1.07131 0.0259579 0
0.981257 1.48152 -1.55778 0
0.48539 0.804475 -0.148144 0
0.443552 -5.15021 2.83308 0
0.231508 -6.22651 1.15613 0
0.242168 -4.97098 2.15779 0
0.354874 -4.08998 2.25793 0
0.878815 -2.75077 1.42538 0
0.789638 -5.24865 2.60084 0
0.105478 -6.02188 0.491879 0
1.78843 -1.2613 -0.0155195 0
0.13192 -1.97747 1.75677 0
2.29374 -1.21584 0.0323786 0
0.599049 -2.37227 -2.98073 0
0.49193 -3.08895 -0.890736 0
1.7037 0.844875 0.922581 0
0.247761 2.08476 2.52898 0
0.0740031 4.41794 1.75071 0
1.10121 3.76956 2.64014 0
0.559996 4.35557 2.93139 0
1.53418 3.27168 -2.21798 0
0.583607 2.75108 -2.66176 0
3.03666 4.06912 -2.29335 0
0.68184 8.52594 0.766703 0
0.84877 7.31673 0.793189 0
0.37678 8.25429 -2.60795 0
1.9975 6.76009 -0.405024 0
0.881536 5.08406 -0.080264 0
0.237774 3.58558 -0.665095 0
0.898439 3.21372 0.226589 0
0.640289 -3.30597 -0.454828 0
0.386465 -0.674337 1.83682 0
0.615778 -0.741747 1.02329 0
0.987243 -1.70069 2.49933 0
0.608468 -0.536264 2.84419 0
1.35324 -1.88401 2.06054 0
0.581666 -2.10829 -0.186771 0
0.858431 -1.43987 1.68984 0
1.61043 -3.10689 2.14489 0
1.3386 -2.39201 2.27727 0
0.890002 -2.91651 0.675947 0
0.390741 -2.42174 0.913109 0
0.47702 -1.77248 0.608954 0
0.542353 -2.76055 0.993036 0
0.758228 -2.33369 1.22136 0
1.89411 -1.92686 0.279127 0
0.157857 -2.37795 -1.77833 0
0.74066 -2.31502 0.28726 0
1.1636 -1.81124 -1.74229 0
0.269333 -2.85433 -0.822718 0
0.657052 -2.32006 -2.21427 2.24166287074822e-13
0.615707 -2.14569 3.01047 2.6287577093327e-13
0.857969 -1.3539 -0.764721 5.83501845652176e-13
0.264726 -0.26056 2.7452 1.14764088249928e-12
0.221451 -1.42359 0.685861 5.4979318989579e-13
0.439191 -0.291103 -1.14381 1.14241268582634e-12
2.07544 -2.07829 -0.496186 3.03250484404476e-13
1.74771 -1.59529 -0.279385 4.74203334050935e-13
0.11217 -4.4173 1.90875 0
0.232155 -2.15791 -1.80294 0
0.323 -1.62443 0.334305 0
1.05766 0.65595 -0.375893 0
0.384283 2.279 -0.234214 0
2.59783 2.10289 -0.9967 0
2.01474 1.57697 -0.920744 0
0.829997 1.69428 -0.744754 0
0.970973 1.2614 -0.783112 0
1.66798 1.26713 -1.37113 0
0.636989 1.33173 -2.51225 0
1.4487 1.8392 -3.02866 0
0.366822 0.861095 -0.807609 0
1.16283 1.57767 -3.02643 0
1.09654 0.0497052 1.49801 0
0.385328 -0.697275 -0.178581 0
0.0895089 -1.67288 -2.74742 0
0.602956 -0.365433 -2.77913 0
0.12195 0.73735 2.90082 0
0.473638 1.10237 0.871116 0
0.343271 -2.38261 -2.30431 0
0.0936832 -4.11997 2.38838 0
0.310265 -4.29119 0.238524 0
0.819794 -3.59268 2.51159 0
0.205971 -3.16303 -0.642189 0
0.0977136 -4.96807 -0.131998 0
0.790121 -0.332321 -1.34744 0
0.157425 -4.31377 2.77315 0
0.8627 -3.22216 1.33696 0
0.201858 -3.17911 -1.64359 0
0.490997 -4.45611 -0.745017 0
0.495091 -6.11291 1.78384 0
0.0809892 -4.55929 -0.737722 0
0.448384 -5.38029 0.922921 0
0.350487 -5.07765 -0.611398 0
0.30342 0.617387 2.80964 0
0.188282 -3.70705 3.04466 0
1.21852 -3.96016 2.82703 0
2.02572 -3.72243 -2.24669 0
0.121545 -3.47333 -1.09019 0
0.14894 -5.17123 -2.50115 0
0.527776 -3.80259 -0.765856 0
0.501026 -3.29021 0.108826 0
1.57082 -3.91971 1.13772 0
0.67682 -6.20586 -2.21419 0
0.491681 -6.26915 -2.85729 0
2.45528 -6.14556 3.12538 0
0.419039 3.16039 0.762832 0
0.265648 -2.64169 2.17844 0
1.18732 -3.69114 -1.03798 0
0.216136 6.20746 0.455289 0
0.902338 6.42297 -1.18829 0
0.141914 7.11953 -1.43028 0
2.69127 3.50116 0.88229 0
0.286422 3.86521 0.286227 0
1.17225 3.86305 0.916041 0
0.27486 3.24382 0.0165028 0
0.304745 -1.93877 -2.28421 0
1.16705 0.106996 -0.592511 0
1.48304 1.16233 -0.106208 0
0.115129 -3.90657 -2.96666 0
0.739883 -3.42257 -2.51007 0
0.476842 -2.88803 -2.23601 0
1.34382 -2.87304 2.68047 0
0.263328 -2.84433 1.70985 0
0.903155 -0.206865 0.366218 0
2.05298 -0.642087 -0.0159917 0
1.48993 -1.56404 -0.0530042 0
0.107181 -0.29943 -1.95474 0
0.360073 2.02113 1.43094 0
2.13802 0.405489 0.48778 0
0.883363 0.0201062 0.227257 0
0.237683 4.09099 -3.12488 0
0.653227 3.73832 -1.64558 0
0.222904 3.28334 2.86827 0
0.397628 2.93651 -2.8542 0
1.3726 3.34055 -2.903 0
0.187107 2.45796 -2.4618 0
0.22949 5.08365 0.423769 0
0.554614 4.82587 -2.18162 0
0.657924 -4.29592 -2.18228 0
0.125081 -6.19603 2.08532 0
0.315636 -2.07333 -2.77647 0
0.302057 -4.60523 1.0741 0
0.235372 2.18069 0.746713 0
0.729156 -1.07789 -2.75489 0
0.757121 -0.794825 2.78482 0
0.635017 -0.874396 2.57719 0
0.192171 -1.79625 0.725292 0
0.134893 -2.55583 -2.98033 0
0.371696 -1.46373 0.525654 0
0.43672 -2.66232 0.165059 0
1.0749 -2.45235 0.100313 0
3.67739 -2.19603 0.0168834 0
0.520027 -1.87203 -0.057445 0
1.12487 -2.74084 2.29559 1.4587492720247e-13
0.74879 -2.45823 1.96846 1.98571972186182e-13
1.06815 -0.760273 -1.41419 9.13784786986079e-13
0.231085 -1.3343 3.1381 5.7580755259372e-13
0.605702 -2.32544 -0.0134461 2.42388093336576e-13
0.97584 -1.96697 -0.477406 3.36576102307096e-13
2.79975 -2.02595 -0.74829 3.16674137706419e-13
7.59564 -1.94912 -0.538208 3.41835648598361e-13
0.0251453 -5.03952 -1.26254 0
0.454393 -4.91472 2.69856 0
0.325699 -4.09029 -1.26798 0
0.788399 -1.37803 -2.72295 0
0.232535 -2.75756 -1.30472 0
0.140655 -1.75073 -1.84195 0
0.993467 -0.838254 2.55674 0
0.187559 -1.98864 -2.3873 0
0.106645 -2.66091 2.26886 0
1.71968 -0.775853 2.46899 0
0.274293 -1.06889 -0.432069 0
0.405545 -0.833135 0.430515 0
0.405339 -1.15794 2.93335 0
0.157173 1.74507 0.525822 0
0.777951 1.62312 -0.887144 0
0.755225 1.53624 -0.953156 0
0.367429 1.17938 -1.35935 0
1.33594 -0.231422 1.23633 0
1.0378 -0.55154 1.4374 0
0.594727 -0.885955 2.53509 0
0.473982 -1.54299 3.08311 0
0.180791 -1.92588 1.29479 0
1.06794 -0.769086 -2.38063 0
0.338357 -1.26363 2.77459 0
0.304091 -1.37783 -2.6187 0
0.859615 2.90789 2.75912 0
0.133669 1.6173 1.61356 0
0.648479 2.43053 -2.25433 0
0.215472 2.85398 -1.16467 0
0.592984 -5.58549 -2.74495 0
0.0907149 -5.92625 -2.02448 0
0.493889 0.552187 2.89038 0
0.100082 -1.56919 1.22821 0
0.112849 -2.50817 1.11367 0
0.669685 -5.17863 1.94045 0
0.205112 6.58068 1.34847 0
0.779753 2.20257 -2.88749 0
0.115367 -4.59447 1.19591 0
0.61464 -3.82635 -2.41521 0
0.338297 -2.77747 -0.775094 0
0.21644 -5.67114 2.40646 0
0.159573 -5.91679 -1.0338 0
0.666981 -4.55446 -1.31725 0
0.464622 -4.30853 0.599195 0
1.39216 -3.9477 -0.213645 0
0.105991 -3.93621 -1.12763 0
0.196554 -5.1229 1.42362 0
0.271221 -5.0586 -0.338418 0
0.638782 -5.50286 1.73231 0
0.470589 -5.32218 3.10592 0
0.372192 -5.37257 -2.44804 0
1.34934 -5.21345 -2.27374 0
1.29734 -5.68577 -2.5638 0
0.334164 -5.93042 1.45374 0
0.272154 -5.43675 1.94369 0
0.263666 -3.50281 1.29319 0
0.295783 -6.23492 1.66122 0
0.732194 4.81776 -1.68757 0
0.109783 1.46376 2.39668 0
0.338795 -4.04149 0.135361 0
0.249986 7.21025 -1.03128 3.2108777756575e-08
0.355123 6.9592 -1.64519 2.29251372018301e-08
0.126001 -4.12053 0.186683 0
0.149497 -5.9784 -1.86178 0
0.202836 -0.136628 0.9637 0
0.99206 0.725657 0.790387 0
0.474579 0.181049 0.744571 0.720668658238397
1.33842 3.30105 -2.3382 0
1.28547 3.00323 -2.04128 0
0.703413 3.37965 -2.06503 4.32042810740616e-08
1.64083 3.2677 -2.07844 1.0952494782669e-08
0.394292 3.92336 -0.352315 0
0.625505 3.52147 -0.642697 0
0.0306175 -3.41477 0.534585 1.89960646120454e-07
0.208257 -2.99715 2.98971 4.26458440656793e-08
0.300497 -1.63225 1.75691 0
0.362031 -1.98665 3.04028 0
0.841114 -2.1785 1.48442 4.33759425113094
0.189316 -2.38305 1.06882 15.8115599405052
0.604553 -3.67242 1.5685 0
0.270417 -3.10706 1.49636 0
9.0936 -2.84883 2.6831 0.0292223820789966
0.261128 -1.76462 0.092896 4.07375885651966e-13
0.0873927 -2.52031 -0.378174 2.00355648374122e-13
0.124711 -6.45225 -1.46917 5.74329822187271e-08
0.100939 -6.47381 -2.86534 1.27296445370505e-07
0.453416 -1.09009 -2.87255 0
0.225763 -1.18817 -2.61997 0
0.649746 -0.0715978 -1.01104 0
0.30743 -0.675385 -0.221124 0
0.60602 -0.273432 -0.765926 17.4338156310264
0.0923415 0.837223 -0.575569 86.7622295917405
0.418846 0.257569 -0.442932 0
1.63047 0.453083 -0.538136 0
0.107023 -2.89498 -0.785637 8.53458078429927
0.226686 -2.5947 -0.802527 3.75523643475818e-08
0.0429606 -3.70171 -1.08508 4.83091273276328e-08
1.42409 2.79342 -0.502699 0
0.643421 2.63603 -0.419912 0
1.92929 1.25062 -1.79715 0.107880016504822
0.637841 1.23806 -1.80523 0.319317515098637
0.0415385 3.17436 -1.72486 0
0.268802 1.85671 0.920393 0
0.330314 1.45456 1.92295 0
0.195685 0.839933 -2.77797 0
0.298988 4.08113 0.959185 0
0.172982 3.46757 -1.59494 0
0.179062 -3.84025 0.357733 0
0.443355 -4.75833 1.30504 0
0.416564 -5.69234 2.3972 0
1.24411 -5.69119 2.96012 0
0.0148013 -0.825998 0.323579 0.000100846719422715
0.21863 -1.10949 -0.487502 4.64908047690878e-05
0.288375 -1.2868 2.95398 20.0197105736623
1.91937 -0.896707 2.73874 4.10134992174043
0.079735 -3.56564 2.00658 4.97864494954587
0.542238 -1.90443 2.67856 3.77682158610478
1.16946 -1.92661 -0.438819 13.2663276502125
2.27598 -1.91668 -0.685188 6.87677882770097
1.11567 -0.650746 -2.81548 4.30001876634327
1.89109 -0.628444 -3.09467 2.57126747053014
0.00982473 -3.66283 -0.231414 2.8982858205968e-05
0.0259382 -3.82157 -0.805732 3.66829980501382e-05
0.176378 0.86717 -0.461971 15.8335583029431
0.253457 -0.489967 -1.85518 13.7530034713934
0.317449 -0.926586 -2.69119 13.9029989988069
0.118126 -2.479 -1.37258 9.06626922692711
0.58545 0.833466 -1.13711 0.0319248855101333
0.0345639 -3.20451 -1.0818 1.03658121103812e-08
0.142489 -1.65023 1.34929 5.84177500377739e-08
0.553569 0.134477 -1.26222 0.101102701290882
2.90669 0.61501 -0.982033 0.018616636936704
0.633622 0.932665 -1.3475 0.0611257318649763
