1.16596 -1.63895 1.4191 0
0.362622 -2.81834 1.02682 0
0.207586 -7.92118 -2.44612 0
0.964285 -8.78949 -2.15862 0
8.31562 1.1549 0.0726184 1.34467829812324e-13
0.0124397 4.33092 -0.37564 5.85180256111905e-14
5.99212 2.30603 -1.5093 5.19806422325067e-14
0.80365 1.47892 2.91292 1.31838765566808e-13
1.15586 2.32236 2.21554 4.45589760773126e-14
3.06422 4.09145 1.53844 0
1.38563 4.07645 1.39388 0
1.88835 4.5019 1.59754 0
0.495 4.87972 -1.15754 0
0.996401 5.18922 -2.90241 0
0.236532 5.55737 -2.92435 0
0.207181 6.30779 -2.9114 0
1.09642 4.33498 -2.97788 0
0.623634 4.58029 2.74027 0
0.533267 2.9916 -2.75962 0
0.548056 2.86467 3.05517 0
1.08415 1.22218 2.307 0
0.66154 1.77138 -2.72494 0
1.10308 0.862097 2.34033 0
0.503891 -0.674261 1.08007 0
1.0109 -0.858753 1.12179 0
0.579324 -1.05434 2.20754 0
0.23532 1.4053 -0.0258505 2.36730373731596e-14
0.328272 1.16843 2.14366 1.41149297812784e-14
0.596737 -1.61796 1.74433 2.80306002932133e-14
0.538379 -0.464234 -1.53648 2.91792963976076e-14
0.824846 -1.87035 0.88561 2.38545747654838e-14
1.13052 -5.28692 2.03009 1.45494844411862e-14
0.693548 -3.4566 2.46694 1.59052815983745e-14
0.887646 -1.3315 1.39688 3.15542737245243e-14
0.40577 -0.847053 -2.57063 2.64629270441183e-14
2.64755 0.802215 -2.41065 3.69294219052238e-14
3.32303 1.15163 -1.97197 3.35767811354659e-14
0.157456 -6.80823 -0.314465 0
1.32916 -6.88044 -1.38845 0
0.787303 -4.08546 -1.05102 0
0.425152 -0.662748 -0.345439 0
0.0876933 -0.214672 -2.03855 0
0.473861 0.462731 2.27851 0
0.268934 4.07141 -1.16446 0
0.533878 6.21251 1.53003 0
0.243638 9.64213 1.47319 0
0.523704 -5.33298 -0.102954 0
0.335452 -7.26724 -3.02072 0
0.283146 -5.45466 -1.22538 0
0.347996 -7.56862 -1.04497 0
0.66668 1.32689 -0.185238 9.82363953741444e-14
4.8064 1.09458 0.175501 1.48571078923688e-13
6.49717 1.12266 0.10708 1.40912440735456e-13
4.84677 1.08451 0.146898 1.48596184169989e-13
0.38784 1.33197 0.453965 1.32788924714271e-13
1.02236 0.947763 0.153774 1.70037397192096e-13
5.22041 1.25782 -0.0498239 1.13868152867546e-13
0.307398 0.771224 -0.0196743 1.92163518855816e-13
0.202645 2.88639 -1.58551 5.34582949365748e-14
2.75609 2.51166 -1.50611 4.98289448098385e-14
3.99125 2.18745 -1.44836 5.08574625953637e-14
15.7412 2.33913 -1.45239 4.83483134287168e-14
0.476604 1.14643 1.40502 1.34323857677862e-13
0.341487 1.11155 -0.700084 2.83064928065192e-13
0.900066 1.01635 1.34938 1.62453136084403e-13
20.5694 0.793562 1.38931 2.05623434208641e-13
0.409868 4.6034 2.80458 0
0.0510271 6.49074 2.54292 0
1.49872 4.44157 -2.68327 0
0.416896 4.06938 2.65863 0
0.650329 -2.21115 1.59766 0
0.17809 -0.752728 -2.13442 0
1.32643 -1.2347 1.28415 0
1.91633 -1.85948 1.02148 0
2.44583 -1.80596 1.14148 0
3.7188 -0.101245 0.563767 4.15806455846127e-14
1.23057 -0.0779389 0.610417 4.14444009390681e-14
0.330431 -4.21489 -1.56246 1.30245873706048e-14
0.339053 -3.59836 0.692099 1.55666334573005e-14
0.350154 -4.68356 -2.82749 1.40098522836222e-14
0.706172 -1.94204 -2.16864 8.46642240814405e-15
0.176296 -1.27746 -2.97478 2.34768883083234e-14
0.42715 -3.79435 2.2622 0
0.317755 -1.9399 2.29061 0
0.34429 -0.039749 -2.73058 0
0.446173 9.00301 1.0528 0
0.166972 8.43403 -2.02735 0
0.0817625 -7.03934 -0.145927 0
0.0984652 -6.4323 -2.65535 0
0.126314 -7.69488 1.22281 2.71944634534575e-07
0.146568 -7.79643 2.19616 1.12548246477584e-07
1.10757 1.55841 -0.348595 6.32628046990107e-14
0.960755 1.89724 -0.422981 2.86012901225004e-14
0.832575 2.28176 2.75577 3.63788676613154e-10
1.81688 2.25993 2.73835 4.16029720275095
0.14989 0.821023 -3.07673 2.56086037613455e-13
0.483458 1.29238 2.73146 1.37080043006257e-13
0.396037 0.695916 1.41335 2.25638169876877e-13
0.627293 0.739366 1.76216 2.03234109638476e-13
0.205877 0.934973 -3.01579 0
0.278518 0.729483 2.29011 0
0.240875 0.82719 2.18146 2.76244122646755e-07
0.405398 1.35367 1.81978 1.40198406419999e-07
0.306561 0.498169 0.479704 43.6757043922693
0.416263 0.834186 0.849378 28.2071408643018
0.950514 -0.11421 0.903463 0
1.52383 -0.347025 1.01423 0
0.393073 -0.668567 1.52127 0
0.344561 -0.390708 1.13349 0
0.322059 -0.700334 0.730248 3.82964615066939e-14
0.611812 0.14505 1.07996 3.77326483889588e-14
0.0236211 1.31216 0.888715 1.1507981803112e-07
0.297583 -0.290209 0.511637 4.62802884096457e-08
0.185982 -1.02895 -0.91196 1.78971415217971e-14
0.260054 0.406619 0.717839 3.45566165779245e-14
0.200576 -6.48877 1.89691 0
0.227057 -5.54593 0.0381356 0
0.166914 8.59581 -2.65835 0
0.395983 7.57844 -0.913951 0
0.0546304 -0.535271 1.51852 8.22978977239741e-06
0.330182 -0.537769 1.51682 8.22978977239741e-06
3.79283 -0.308281 0.814247 0.579121333965681
9.79522 -0.269142 0.459068 0.34324008162449
4.82733 2.28143 2.68051 0.0112394058929654
5.36789 2.27368 2.77185 0.00772048950278096
2.85994 2.40842 2.8382 0.0272579629348983
1.21436 2.10985 2.57671 0.0509900045899038
3.85158 0.88808 -2.02582 0.11445400521934
13.45 1.05718 -2.07298 0.0882264315501484
17.2541 0.975007 -2.12707 0.039928276888008
5.73541 0.971994 -2.03867 0.0531849791337787
6.49243 0.965481 -2.10906 0.0220651510442009
6.57828 -0.381768 0.68904 0.328843067402668
0.844631 0.745217 -2.16296 21.2119881064263
3.46748 0.932067 -2.10058 4.45961385712643
0.0314571 1.34409 0.00881311 76.7618455945176
0.84654 0.0600027 0.367905 4.55276774377543
