0.521845 -7.77379 2.87392 0
0.593866 3.46696 -2.00996 0
0.793097 -2.55402 2.36953 0
0.110483 -6.30869 0.822928 0
0.245682 -7.83297 -3.10146 0
1.1738 1.6225 -2.03916 0
0.730868 0.989524 2.8858 0
0.729871 2.09226 2.37888 0
0.171933 2.52444 2.36781 0
1.11779 -2.76338 -0.982251 0
0.391827 -3.85985 0.96921 0
1.8552 -2.60304 -1.11188 0
3.3648 -2.5429 -1.41218 0
0.702999 -1.67852 -1.83032 0
0.136296 -2.79576 -2.60308 0
5.69816 3.66238 0.455287 0
6.58096 3.56686 0.280171 0
0.153464 4.43003 -0.865353 0
0.872628 3.8618 0.244921 0
0.777261 4.53876 -0.191599 0
0.0612855 5.09579 -2.45503 0
0.498478 4.16535 0.43423 0
1.78706 4.23783 -0.90107 0
0.553329 2.56157 1.90742 0
0.476491 2.59774 1.34112 0
0.195479 -6.01779 -1.2234 0
0.550311 -5.92173 -0.922599 0
0.290141 -4.32053 -1.17921 0
0.570813 -3.56576 1.43092 0
1.51127 -2.75532 0.407759 0
1.68586 7.22039 1.83234 0
0.733425 5.814 0.278318 0
0.117914 4.92925 2.68459 0
0.696763 3.95981 1.99905 0
1.11076 4.68833 0.3684 0
0.489316 5.11592 0.893938 0
0.319313 3.13467 0.00321769 0
3.34065 1.8503 -0.516916 0
0.260206 2.7349 -1.98686 0
0.246641 1.96838 -2.65341 0
0.349465 2.60649 -0.344061 0
0.102494 -0.496645 1.76999 1.69955054541406e-14
0.411402 -0.26542 1.41576 1.7725440013307e-14
0.145815 2.99799 -0.0883923 9.34456553558968e-15
3.13175 1.3536 -2.7533 2.48071804512255e-15
0.287622 7.54677 -0.725483 0
0.154631 6.99582 -3.01112 0
0.260606 7.04768 0.474911 0
0.398244 3.36183 -1.60296 0
0.168298 3.42106 2.4906 0
0.728325 6.26186 -1.31883 0
0.0847542 -5.39411 -3.03573 0
0.579533 -3.36845 1.94576 0
0.0576278 -1.53113 -0.24836 0
0.224926 -1.50554 3.03663 0
0.407116 -0.400741 1.73392 0
0.37762 4.3993 1.17957 0
0.700436 5.5197 0.233654 0
0.0245019 -9.18377 -2.48489 0
0.796195 2.16028 3.13713 0
0.777183 1.26871 1.55397 0
1.15043 0.141053 -2.98797 0
0.443168 0.702108 -1.0811 0
1.76288 0.120201 -3.13444 0
0.733993 0.457034 3.06931 0
0.726937 -0.202054 -2.41153 0
0.0612915 -4.39779 -1.2003 0
0.37554 -2.60504 -2.05429 0
0.446479 -2.82029 -1.21299 0
0.317199 -1.78199 -2.41868 0
0.461617 -2.1257 -0.415322 0
0.720435 3.28738 2.10167 0
1.44021 2.50229 1.25776 0
1.42166 2.93849 1.54779 0
1.42599 2.51354 1.48029 0
1.91189 2.48429 1.53378 0
2.98032 2.47535 1.83894 0
0.141652 -8.41835 -2.63222 0
0.798073 -6.54193 0.28304 0
0.302715 -7.1777 1.62643 0
0.333116 -7.08986 -2.62163 0
0.78604 -6.7094 0.31679 0
0.369195 -5.94756 1.3607 0
0.368052 -3.67977 2.1488 0
0.383994 -3.70356 -0.311615 0
0.641037 -2.01189 -0.213482 0
0.878138 -2.15043 0.9725 0
0.111414 8.37116 -3.05262 0
0.165272 1.91975 1.69946 0
0.69725 2.9406 -1.95285 0
1.74758 1.34861 -3.0044 4.03367757478234e-15
3.22884 1.31088 -2.70398 2.70695667732368e-15
4.17651 1.3805 -2.71213 2.08397121117187e-15
0.261816 7.08072 -0.502153 0
0.140225 7.83341 -1.95755 0
0.0755825 6.76165 -2.11964 0
0.426623 6.41394 1.13578 0
0.416271 -4.30479 1.19951 0
0.476741 -2.85433 1.55875 0
0.305681 -4.33872 1.99062 0
0.334941 -0.981124 -0.066836 0
0.372036 -0.279433 -1.7452 0
0.318134 2.83317 0.298392 0
0.774759 2.01602 -1.3328 0
0.210875 -1.35435 -0.872695 0
0.591369 -1.2526 -0.38828 0
0.0867394 4.65793 -1.86932 0
0.143212 5.80706 -3.13201 0
0.261967 0.898358 -2.32568 2.52806332730205e-07
0.607876 0.669477 -1.65099 1.37297479404189e-07
0.429483 4.47036 -0.611529 0
0.337256 3.82531 -0.340421 0
0.0698179 4.07955 -1.83095 1.05141602977738e-07
0.311499 3.69728 -1.20677 3.77634506841954e-08
0.118853 -5.75323 -0.710827 0
0.339709 -5.21298 0.329027 0
0.603679 -0.804898 -0.0811058 0.0633932745611483
0.16525 2.5176 -2.97121 5.04534028008133e-15
0.287451 1.70151 -1.68541 6.61905562083302e-15
0.960584 2.44229 2.58786 0
1.1349 2.55064 2.40676 0
0.137979 6.6974 2.97013 3.1456633475445e-08
0.104288 6.03513 -2.8658 2.1062630466091e-08
0.0477649 5.15299 -2.80642 2.75583045460943e-05
0.00628884 4.81724 -2.9793 3.69676222254355e-05
0.412249 -2.91124 -0.174065 18.8427015178614
0.145208 -3.12452 -2.02446 43.3560173785693
0.557911 -1.15574 1.91443 0.0255596253425672
0.244394 -0.878343 0.230615 0.0926464883473585
1.26373 -1.27598 0.327627 0.00905893946257773
1.10783 -1.27253 0.220416 0.00852758690733762
3.11447 -1.14511 0.236642 0.00734050184977801
1.00784 -1.13311 0.241671 0.00829823011480036
