0.867836 5.63635 0.878285 0
0.493591 5.962 1.2812 0
0.114254 -3.20762 0.271524 0
1.32108 -0.20558 3.02773 0
0.504273 9.58923 2.82042 0
0.437931 5.92894 -2.41876 0
0.355615 5.97347 -0.162009 0
1.87107 -0.640187 -0.089891 0
0.430217 -1.13437 -0.310569 0
1.02562 -0.998189 0.2056 0
4.00133 -0.483027 0.958609 0
0.118285 2.19159 -2.87273 0
0.603254 3.71792 0.642171 0
0.9075 -5.30217 -0.344443 0
0.168166 -3.67832 2.23653 0
0.655515 -7.82245 3.06256 0
0.0413187 -11.6038 1.02421 0
0.143259 -6.15925 2.36734 0
0.185751 -4.2256 -1.91372 0
0.689883 0.0380423 2.48975 0
0.23968 0.239499 0.710086 0
0.335106 0.207963 -0.08913 0
0.62975 3.02918 0.912542 0
0.941119 2.62142 -1.23149 0
0.590673 2.5911 0.110236 0
0.628554 4.97179 -0.902643 0
0.489943 2.68037 -2.30934 0
0.319633 2.17256 2.96484 0
0.277802 3.57228 -1.64445 0
0.25401 -0.140312 -1.43777 0
0.932481 -1.24182 1.4632 0
0.310582 -5.50518 -0.0452931 0
0.222505 -6.83887 1.21728 0
0.892477 -3.40713 -2.748 0
0.177672 3.63253 -2.42809 0
0.2818 4.37917 2.12828 0
0.0882732 -2.56518 0.599544 0
5.40003 1.23179 -2.40009 0
1.58679 1.14341 -2.49207 0
1.17161 1.63208 -1.86138 0
0.288749 2.75473 -2.13545 0
0.365946 -6.22141 1.02097 0
0.0422201 -6.56226 0.81859 0
0.929902 -3.54 0.410862 0
0.301877 -1.84494 -2.22186 0
0.382594 -0.178978 -2.60733 0
0.364243 3.35126 0.195002 0
0.210382 4.75362 -2.05807 0
0.711136 1.80439 0.21464 0
0.233499 3.89909 -0.277491 0
0.896506 2.93587 1.10855 0
0.663999 3.52681 -1.77566 0
0.451124 3.92355 -2.96234 0
0.539267 0.10778 -0.716324 0
0.444663 -3.69085 -2.38159 0
0.3683 -5.04352 2.68111 0
0.36446 -4.78761 -1.35868 0
0.727325 -1.20005 -0.919224 0
1.16473 -1.62366 -3.015 0.00421911877283816
1.43234 -0.952303 0.399594 9.14271568180983
0.204169 -0.477794 1.10286 0
0.109914 -3.54859 2.78337 0
0.0680815 -3.84924 -0.695132 0
0.09356 0.638612 -0.245889 1.79036473626998e-08
0.369872 0.545319 -0.435335 9.81785537666619e-09
0.281647 1.62479 0.724767 0
0.0849201 2.58571 -1.40616 0
0.0990247 2.52481 -2.29692 1.10888078323692e-07
0.145349 2.8651 -0.518469 8.82660521249268e-08
0.0625771 -5.65238 -1.64366 0
0.468459 -3.70972 0.49187 0
0.110212 -3.51912 1.33945 0
0.190551 -1.93136 -1.88214 0
0.228814 1.95337 0.678445 39.6211991088229
0.129211 3.50555 2.32794 15.1657713388173
0.0217609 6.70844 0.252752 1.54177134178274
0.443379 3.97665 -2.88693 1.16298908935296
0.421611 -1.88898 1.83422 0.0112577830704788
0.732933 0.269563 1.53929 0.00344254346957471
0.340499 0.748164 1.50498 0.0177534472351519
1.2936 0.086445 1.60913 0.00364152761723094
0.811922 -4.66756 1.54978 0.129583260504662
0.0943912 -1.71971 1.01825 4.03877465349643e-08
0.283045 -0.87215 1.28101 5.16257694836326e-08
0.145264 0.104167 -0.674271 0.0111720529665658
0.247592 -0.283364 0.260543 0.0124851186462481
0.25185 -2.28886 2.27667 0.00719321599576132
1.06332 -1.46686 -3.11118 0.00523139857579788
0.498142 0.518145 1.81723 0.014308698705333
0.310902 -0.348962 1.03646 0.0237668965701646
0.160056 -3.47457 -0.22178 0.538944672270218
0.346797 -3.8648 0.0370672 0.313099891640069
