0.378654 1.87102 0.939974 0
0.359593 2.52797 -0.42654 0
2.65312 2.0429 -0.316659 0
0.849582 1.66752 -0.688226 0
0.41505 1.3357 -0.467174 0
0.667073 -4.99638 2.922 0
0.517704 -7.68487 1.49901 0
0.0926769 -8.57329 -0.61787 0
0.169216 -8.18907 -0.404085 0
0.346921 1.71456 3.01226 0
1.11637 -2.13056 -1.614 0
0.779638 -2.95858 -0.262574 0
0.402261 -4.46839 1.17282 0
0.720803 4.97931 -1.82344 0
0.335174 5.14105 -0.467148 0
0.879167 2.47299 1.67924 0
0.190487 1.75403 -1.38218 0
0.75068 -7.80275 -0.053912 0
0.414371 -2.97241 -1.69082 0
0.301295 -0.696605 0.411079 0
0.120517 3.88711 -2.31449 0
0.736653 3.21936 -0.638985 0
1.17268 3.59069 -1.16271 0
1.13661 4.99397 -1.31543 0
0.268757 5.73389 2.83198 0
0.436505 5.04316 -1.08821 0
0.617365 1.22424 0.475203 0
0.760111 1.66536 0.423461 0
2.18241 1.72589 -0.496599 0
1.73097 1.93121 -0.465396 0
0.441587 -6.13648 0.649689 0
0.239907 -7.94936 -2.01477 0
0.17892 -8.12032 -2.30454 0
0.216729 -7.19382 -2.58341 0
0.292847 1.10327 -0.920142 0
0.756527 0.464155 -0.808741 0
0.779369 -2.35484 2.73437 0
0.558711 -3.27682 -2.09084 0
0.0610213 -6.15036 0.258132 0
0.144774 8.28462 -1.33615 0
0.372211 6.5904 -0.597901 0
0.0873257 -6.88755 1.82825 0
0.300535 -4.51529 1.78124 0
0.188229 -1.92696 2.48466 0
2.48095 -1.33208 2.69867 0
4.07901 -0.9975 2.70074 0
1.43906 -0.601939 2.61911 0
0.065776 -1.0859 0.0281018 0
1.88047 -0.440778 -3.04415 0
0.832071 -0.378251 2.53404 0
1.00493 0.365695 3.11842 0
0.193252 4.8238 -0.752389 0
0.63942 4.87695 -2.15384 0
0.320208 8.68077 -0.913649 0
0.381039 2.16105 0.91889 2.77181673232797e-08
0.285941 2.41948 0.896736 4.28282419904057e-08
0.257308 2.79014 0.796065 0
0.441646 1.9206 0.0601088 0
0.275025 -4.76019 3.08785 0
0.59323 -4.85946 -2.52054 0
2.02852 1.06304 0.714017 0
1.353 1.01602 0.643793 0
1.6024 -0.258929 -2.81512 0
0.227239 -0.0988577 -2.56642 0
0.598169 0.238129 2.49307 0
0.673283 0.147346 2.84985 0
0.271673 1.64156 2.51439 3.73962615231595e-08
0.465596 1.30351 3.0242 6.34837302006074e-08
0.484517 3.1857 -1.5555 0
0.557059 2.97668 -1.23689 0
0.1602 4.30157 -1.61226 0
0.490594 3.27154 -2.19968 0
0.176968 6.50704 -1.0727 0
0.348454 6.03099 2.93152 0
0.821881 1.36249 0.880816 10.0892899042841
0.109856 1.04202 1.46313 98.6457507314355
1.80339 -1.49597 2.5938 1.91969449279073
0.71046 -1.25086 2.36998 6.02667170786802
