0.765633 3.2857 -0.877958 0
1.94832 -1.96297 -0.841953 1.8919252856247e-13
12.8212 1.54569 0.091591 0
2.82377 1.62765 -0.041379 0
1.42894 1.01502 -0.0960636 0
0.583049 0.507768 0.811473 0
4.06038 1.95142 -1.61067 1.49050856494679e-13
1.98076 1.76093 -1.22376 1.48990483066338e-13
0.994698 1.63958 0.0171412 1.47173000827998e-13
3.59247 0.427179 1.09751 1.02561356733989e-13
1.21474 0.418902 1.71306 3.07019592040154e-14
0.725022 -4.62659 -0.553824 0
0.240217 2.8457 -0.122287 0
0.66992 4.17953 -1.23908 0
0.573296 6.61645 0.573148 0
0.635653 -1.92453 -3.03136 9.73375146120352e-14
0.863362 -3.15065 -3.04725 9.40994775477596e-14
0.49078 -2.68218 3.00107 1.01102899916413e-13
0.278582 -1.23766 -1.6811 8.67224231415116e-14
0.121339 7.7091 2.4113 0
0.758677 6.85325 -0.55539 0
0.566894 6.73209 -0.897362 0
0.456385 6.55982 2.39298 0
0.365233 4.60045 1.9103 0
0.284899 1.19555 -1.59261 0
0.427281 1.76791 0.362674 0
0.999517 1.35416 0.310377 0
0.377145 2.22871 -0.843001 0
0.221922 -1.53476 2.25547 0
2.40954 -0.130191 2.74521 0
2.69112 -0.207137 2.54884 0
0.858623 3.15646 3.06336 0
0.34756 1.4145 2.91011 0
0.631355 2.20615 -1.19441 0
0.576413 0.117743 0.252628 0
0.386551 -2.90995 -2.6139 0
0.410791 -2.15403 -1.90308 0
0.215786 -1.03842 2.65061 0
0.825343 2.68392 0.998669 0
0.572701 1.45947 1.2575 0
0.778204 2.79942 -0.000621991 0
0.819039 2.8961 -0.0210186 0
0.832014 3.23445 -0.0707268 0
2.38195 3.62274 -0.876907 0
0.286508 2.43137 1.78938 0
0.0913677 -2.26456 0.483784 0
0.586307 -3.5941 -1.82083 0
0.601145 -5.33278 -3.08449 0
0.89993 -5.10251 -2.53509 0
1.15669 -5.70703 -2.06806 0
0.274726 -4.12793 1.79138 0
1.09234 -1.56564 -0.345487 0
4.89289 -2.21725 -0.356293 0
0.212343 -1.42689 -0.628134 0
5.23392 -1.9277 0.470587 0
3.65041 -1.8049 0.170297 0
7.55843 -2.02994 0.274254 0
4.58949 -1.91147 0.399258 0
5.80587 -1.75818 0.403767 0
4.28547 -1.66841 0.296957 0
0.445587 -1.63188 0.290543 0
2.15155 -1.41064 0.264088 0
0.286405 -0.71532 2.89568 0
0.601576 1.87559 -0.787645 0
0.536016 1.17806 -2.87365 0
0.428323 0.918117 -1.04452 0
1.09483 1.8656 -1.27037 0
1.97804 1.98021 -1.70075 0
2.9471 2.74813 -1.7135 0
2.53289 2.1287 -0.750124 0
0.867477 2.37122 -0.960648 0
1.62461 2.88407 -0.0572825 0
0.191283 3.0941 2.66106 0
0.354204 0.478865 0.518956 0
0.205901 5.3872 0.975528 0
6.54249 -1.35019 -2.27927 8.63029306888441e-14
2.14902 1.33507 0.463368 0
1.02737 1.318 0.236161 0
1.3896 0.509444 0.289753 0
1.33735 1.45928 -0.0132623 0
0.738564 0.818435 -0.633015 0
0.199889 0.902771 -2.75443 1.4688039524139e-13
0.0936519 0.329926 -2.96669 1.44981816144358e-13
1.0297 1.19399 0.777234 1.31370716548266e-13
1.18862 -5.76765 -0.82028 0
0.347557 -4.12166 0.372614 0
1.20827 -5.14154 0.561465 0
0.231124 -4.16955 0.923523 0
0.193489 -4.71697 -2.3297 0
0.39565 -6.17802 0.264803 0
0.081364 -6.83614 -0.768257 0
0.586358 -6.72052 0.0913285 0
0.131858 -9.67947 -2.72397 0
0.236853 -8.01244 0.237994 0
0.544585 7.39089 -0.267439 0
0.468606 8.19338 0.84974 0
3.02975 -2.5324 -1.48523 6.54103499651574e-14
2.73027 -2.06627 -1.60013 4.31560183399487e-14
0.512173 -2.29139 -2.12682 4.20699404627625e-14
2.47438 -2.26076 -1.85216 4.029767167547e-14
0.948092 -2.69187 -2.71915 7.79646791853518e-14
0.236938 -3.4102 -1.20931 9.09035618307775e-14
2.45967 -2.50238 3.13225 9.59773983882271e-14
0.0296868 -4.17535 -1.20638 9.77938506077904e-14
1.89282 -2.38403 3.13665 9.6511208910139e-14
1.89409 -2.45652 2.84311 1.10883067835145e-13
1.07114 -2.40783 -3.12335 9.50279607362473e-14
0.452518 -0.86795 0.765836 2.8993561960926e-13
0.415294 6.65967 1.48678 0
0.261093 3.27337 0.572081 0
0.797561 3.30878 2.81316 0
0.329994 3.75693 1.74626 0
0.151716 2.03642 1.24203 0
3.09081 1.36024 0.053311 0
4.13673 1.46354 0.266848 0
0.529118 2.13149 0.384156 0
0.768353 1.73905 1.41585 0
1.33626 0.236005 1.01888 0
0.926851 -0.232753 1.71234 0
0.144637 0.156905 2.51554 0
4.26812 -0.347919 2.37807 0
2.41344 -0.245925 2.55416 0
4.33507 -0.0226766 2.37235 0
5.43591 -0.125217 2.38603 0
0.183872 2.95699 1.60037 0
1.26741 2.5896 2.27677 0
1.35403 3.10011 2.61661 0
0.103506 3.55424 -1.79217 0
0.154625 2.7221 0.635766 0
0.0771664 3.40847 -0.912595 0
0.388744 0.586042 -2.76725 0
0.252783 1.67635 -2.99261 0
0.505862 0.871008 0.465418 0
0.16091 2.01572 0.609504 0
0.314205 0.0211477 1.38833 0
0.177392 -1.96754 -2.8377 0
0.201611 -4.66647 -2.90018 0
0.524135 -1.06987 -2.36059 0
0.523064 -1.35882 -1.47554 0
0.453464 0.0595825 1.38535 0
0.44761 1.90869 1.5295 0
0.203593 0.115347 2.94431 0
0.24331 2.31253 1.39222 0
0.271919 0.398675 0.899114 0
0.102464 2.0309 -1.28631 0
0.83719 2.38021 1.79927 0
1.15337 3.82202 -1.05963 0
1.04209 4.12906 -0.698773 0
1.12362 3.99372 -1.10445 0
1.34075 3.90921 -0.721124 0
1.10125 3.92881 -1.16765 0
0.230064 2.79918 -1.99951 0
0.769775 3.68314 -1.22048 0
0.238286 5.28984 -0.406027 0
0.23347 3.56919 -2.53278 0
0.245995 4.05767 2.34641 0
0.539732 2.42878 -0.0708705 0
0.622215 1.12559 -2.71982 0
0.283051 -0.35124 0.0515448 0
0.256948 -3.42128 0.652044 0
0.567799 -5.89896 -1.92304 0
0.208535 -4.93517 -2.76626 0
0.0978985 -3.45781 -2.38813 0
0.184177 -1.61816 -1.57136 0
1.37385 -2.31981 -0.510146 0
1.43534 -2.13945 -0.240268 0
1.56983 -1.91004 -0.186389 0
2.53551 -1.87523 0.397975 0
0.658806 -2.60788 0.077237 0
1.09915 -1.79049 0.134055 0
16.1295 -1.96595 0.304155 0
0.368842 -2.25146 0.792718 0
2.00446 -1.6857 0.372319 0
0.070022 -2.82156 2.42232 0
0.297494 0.405386 0.29693 0
0.905098 1.47603 -0.458733 0
0.797173 1.70318 -1.14762 0
0.404272 1.58887 -0.35845 0
0.433724 1.52724 -2.20065 0
0.538328 2.45836 -1.16202 0
0.226682 2.56981 -0.161215 0
3.3215 1.97247 -0.66257 0
1.51362 2.72813 -1.27664 0
0.0966893 3.81747 0.177077 0
1.27269 2.7399 -0.121209 0
2.05656 2.51907 -0.801416 0
0.898546 2.32238 -0.622483 0
0.559481 2.64266 -0.657053 0
0.21341 -5.58958 1.72612 0
0.263955 -1.5707 1.16207 0
0.232228 -1.16105 2.36225 0
0.158167 1.69391 2.59751 0
0.117483 3.53862 -2.63297 0
0.295071 5.70584 0.998593 0
0.823732 5.55653 -0.414752 0
8.5226 -1.2409 -2.31387 1.15609325818284e-13
5.60734 -1.27325 -2.31346 1.0782762580651e-13
5.91283 1.46431 0.055529 1.45431632905361
1.85467 1.42938 0.0561176 4.78855448579678
0.673357 -0.128501 1.98286 0.740600527166234
0.255846 -2.32271 2.57032 1.27427108810149e-13
0.0712584 -1.15367 -2.99442 1.56675983443446e-13
0.207884 3.04913 0.728626 0
0.184554 3.08972 2.6763 0
0.605342 1.50319 0.633306 0
1.14873 1.61705 0.758088 0
0.602282 1.33985 1.74574 7.74418275247732e-08
0.449557 1.11472 1.92906 3.02814413748811e-07
0.166502 -0.0557025 0.647619 0
0.466007 0.315414 1.18298 0
0.176315 3.05431 -2.08401 0
0.158424 2.31933 -1.31116 0
0.0912072 -0.533608 2.43668 3.9738229853359e-07
0.0705371 -1.35942 -2.42079 3.3585000282334e-07
0.25853 -0.472167 -2.16332 0
0.226811 -1.10707 -0.0292004 0
0.228977 -2.41433 2.62496 0
0.0442845 -4.55091 -2.19281 0
0.100012 -3.42009 -1.21372 0
0.491705 -2.33733 1.29688 0
0.678187 1.65537 2.16825 1.70487417296518e-07
1.04752 1.35194 1.97546 2.25655958194548e-07
0.235003 2.32118 0.975939 0
0.528643 1.64851 1.43212 0
0.55765 2.61747 1.81305 0
0.23019 2.55053 0.441008 0
0.60677 0.792152 1.03031 0
0.147703 1.60362 2.29725 0
0.159904 -1.57568 0.202421 0
2.23625 -1.64525 0.341233 0
0.672194 1.97147 -1.75654 0
0.584411 1.99138 -0.927926 0
0.158465 -3.51472 -3.11122 11.4574828039032
0.103728 0.00416866 -1.62505 0.56758838739434
0.407646 0.107137 2.33048 0.143518091958241
0.137417 -0.0352667 -1.4572 42.7910149669254
0.284687 1.13509 -3.10057 12.004944992229
0.414731 3.11981 -0.751658 7.37151543219085
0.374475 4.07408 -0.87217 3.14636285367205
0.338344 2.13306 -2.89503 34.5937664810114
0.158419 2.39076 -0.797505 57.5543743959356
5.51782 -0.290852 2.49718 9.24792913103414
1.38669 -0.360896 2.38842 35.9555063334803
13.0189 0.176941 1.59037 0.0139468873495527
4.8749 0.251762 1.59166 0.00638943404398595
15.3246 0.209592 1.66483 0.00243694887453334
19.4787 -1.27902 -2.24699 0.235373710896268
0.0862041 2.61787 -2.44626 3.04281594131889e-06
0.0391656 2.49103 -0.94175 6.70524992216593e-06
1.66413 -2.63816 -1.93828 0.356020510677952
0.0166027 -3.92022 2.01475 2.09270620945477e-05
0.0135203 -3.76328 1.59105 2.50157726101982e-05
0.880768 0.763957 0.220053 49.4684514986923
0.874569 1.17983 0.0134503 36.4981311003807
2.07894 -0.138521 2.50154 25.6400773371972
0.647997 -0.319755 2.23037 79.3124926419315
12.4334 0.022122 2.4492 0.319227884658318
0.0189516 2.46413 -2.46666 8.35650027159603e-05
0.327271 1.9768 -2.51307 5.47058853809023e-05
0.207894 -4.17422 -2.00135 8.84692908735628
0.304103 -3.98775 -0.106051 7.26873247037641
1.75795 0.242802 1.61108 0.0045291479434567
73.7605 -1.27412 -2.27973 0.0426238665774616
8.74754 -1.27841 -2.30402 0.239704072915378
11.2161 -2.44153 -1.68186 0.169007423528641
9.39727 -2.28825 -1.61088 0.16494794784341
2.7126 -0.0547807 2.35365 0.427653618631371
12.53 -0.0417184 2.34038 0.495672641718024
1.09294 0.0186494 2.34409 0.525007519753152
2.7792 -0.0986466 2.40202 21.4963249989944
6.49043 -0.0216053 2.35049 9.18161793873394
