34.7509 -0.179698 2.2139 3.70000423590011e-13
0.142395 0.457344 1.54358 0
0.115901 -1.13222 2.71542 0
0.632416 -5.73656 2.34482 0
0.188514 -3.6617 1.21771 0
0.150441 -3.3333 -2.34621 0
0.464025 -4.7042 -2.89683 0
1.45418 -5.32521 -1.61913 0
2.02647 6.80456 0.967898 0
0.47463 3.07072 2.60352 0
0.264464 1.26602 2.31447 0
0.296708 3.07796 0.918286 0
0.339076 -7.51634 -3.02218 0
0.606972 -4.22883 -0.439461 0
2.59398 -4.29173 -1.39221 0
1.94354 -3.57791 -1.2093 0
1.61139 -1.0561 3.06328 2.87242318932425e-14
0.373285 -0.145333 -3.11691 4.40225301339296e-14
1.1657 -5.01968 1.73966 0
1.20038 -4.57113 1.95877 0
0.566863 -3.61874 2.05599 0
0.567577 -1.09812 -2.32722 0
0.335405 -1.891 2.22714 0
0.380897 -0.807885 1.5002 0
0.150246 -2.65279 -2.30484 0
0.116259 -1.49374 -0.253598 0
15.7201 -2.67359 -2.61846 0
0.330105 -2.45416 2.83593 0
0.585444 -2.1279 0.573293 0
0.352255 -1.67334 -1.63864 0
1.14358 -1.18468 -0.382968 0
0.867932 -0.110701 0.690381 3.09425270633854e-13
0.895287 -0.578795 1.83439 2.32204644426079e-13
0.741124 1.43885 1.59778 2.19560252356349e-13
0.423069 -0.630549 2.09254 2.34095179802546e-13
0.771419 -2.90838 -1.16745 1.17991118847914e-13
0.246097 -4.66769 2.11458 8.53288280704654e-14
1.33442 -5.67136 -1.20468 9.11411029873037e-14
0.578892 -5.32664 1.71312 0
0.0296354 -2.97641 -2.04448 0
0.233612 -3.67714 2.63839 0
0.497316 -4.07115 -0.300128 0
0.431259 -2.8728 -1.9148 0
0.850549 -1.53385 1.28179 0
0.266382 0.799358 -1.0495 0
0.348199 -0.797362 -0.0997782 0
0.440653 5.54534 0.652561 0
0.945045 -0.685746 -1.25139 0
0.768933 -1.56341 -1.10652 0
0.546906 -2.43847 -1.13844 0
0.56268 -5.3061 -2.36786 0
0.908982 -4.99744 -1.10141 0
0.195355 -6.34552 -1.39846 0
0.0998322 -6.06711 2.65607 0
1.46208 -4.7909 -1.28884 0
0.499171 -5.06147 -0.165757 0
1.09235 -5.19255 -1.59281 0
0.243039 -7.13373 -1.26987 0
0.414271 -5.66762 -1.77776 0
1.8741 -5.99477 -0.807104 0
0.411218 6.06211 0.408232 0
0.339467 6.30478 1.87539 0
0.290352 4.17035 2.0715 0
0.184887 -5.10593 2.44501 0
0.293623 -6.85998 -1.05275 0
0.385139 -5.90186 -2.06539 0
0.314552 -5.02587 -0.361034 0
1.23834 -4.34485 -1.18084 0
0.660696 -3.85989 -2.14852 0
0.0806769 -3.15553 -1.97425 0
19.8493 -1.42981 -0.967093 1.48211466014428e-14
1.03945 -1.42079 -1.03887 1.46031594412875e-14
1.87967 -1.08252 -0.669132 2.36011651592073e-14
0.414186 -1.51526 -1.30474 1.17889565597089e-14
0.311521 -1.66737 -1.14947 9.88881586016282e-15
0.292298 -3.13295 -1.68536 3.93797724249538e-15
0.653243 -1.6042 -2.96034 1.74176611932122e-14
1.32557 -1.51206 2.78253 2.21156093150336e-14
0.269268 -5.97449 0.689479 0
0.151613 -2.11932 1.63139 0
0.89324 -1.7035 2.77985 0
0.430664 -0.329747 -1.15893 0
0.493525 -0.862985 0.547791 0
0.0688192 1.26036 -3.04803 0
1.00923 -0.310358 -0.897995 0
0.450289 -2.46984 1.98357 0
0.141852 -2.41244 0.960448 0
0.736184 -3.69637 -0.0350003 0
0.390482 -3.51244 2.6937 0
0.562688 -1.80229 -2.11315 0
0.439085 -2.2749 -1.61568 0
0.326177 -2.95152 -2.90656 0
0.317468 -2.4133 0.156812 0
0.278964 -2.7567 -2.26734 0
0.784086 -3.6015 1.16483 0
0.492556 -2.18914 -1.78515 0
2.64482 -0.881176 -0.494813 0
0.85337 -0.328773 1.75681 2.75513331070998e-13
1.00126 -0.601235 1.35286 2.17414569250106e-13
1.12088 0.18393 2.03209 3.27153584776182e-13
0.524305 -0.614563 2.94737 2.80905103074188e-13
0.0426359 0.140456 1.23651 3.24302792738994e-13
0.343891 2.15815 1.1104 1.58046024044018e-13
0.347064 -0.309245 3.07234 3.17682851420682e-13
1.00523 -0.916915 0.00296235 2.18386988957707e-13
0.361097 -1.02163 0.137981 1.92836984326799e-13
0.321102 -2.04517 -2.05215 1.65678584283383e-13
1.08691 -2.96549 -0.322557 9.70955217964867e-14
0.25291 -3.83214 -0.957034 0
0.32416 -4.9395 2.22432 0
0.356961 -3.09487 -2.11334 0
0.4044 0.435989 0.471435 0
0.320087 0.26312 3.02686 0
0.113124 1.03088 -1.80708 0
0.484364 7.74038 1.78406 0
0.090657 6.40745 2.50837 0
0.652688 8.097 3.10137 0
0.367493 9.56256 -2.66345 0
0.306103 8.00997 2.90703 0
0.517281 -0.478862 -2.52645 0
0.1769 0.330252 -2.13891 0
1.07138 -1.64586 -1.16661 1.01503736917496e-14
0.921126 -1.69462 -1.00334 1.03396961379784e-14
6.40357 -1.4711 2.95076 0.0694606220479475
2.18717 -5.43428 2.2411 0
0.884886 -5.36864 2.01776 0
0.249591 -4.34884 2.8595 4.93221118769597e-08
0.151752 -4.1886 -2.87676 1.28778684593102e-07
0.436133 -2.95896 2.34537 0
0.275506 -3.34882 0.724809 0
0.0717254 -3.09529 1.59467 6.92173675831044
0.485827 -1.93885 2.60326 0
0.334153 -2.40411 2.23503 0
0.0867574 0.568257 0.029231 0
0.33194 -0.888161 -0.898085 0
0.102719 -2.73603 -0.289981 9.92966519007929e-14
0.468161 -1.98394 0.463341 7.31023556363766e-14
0.0348875 -0.909625 2.1634 1.87276348595156e-13
0.686443 0.200008 1.78214 3.26879990397319e-13
0.342902 -0.370415 1.37334 2.62764319104445e-13
0.109692 0.0411477 2.46726 3.26567563386074e-13
0.183127 -5.43399 0.0596522 2.00459666876223e-09
0.153629 -5.09342 1.69963 5.19139284732416e-09
0.372845 -5.46794 0.799181 0
0.425739 -4.7733 -0.151835 0
0.188388 -3.54517 -2.4104 0
0.266967 -3.19127 2.55431 0
4.39455 -2.67749 -2.57406 0.532956094681728
0.979485 -2.79395 -2.44878 2.11985324778523
0.672716 -1.31193 -0.553299 12.9766446790133
3.59149 -1.09163 -0.562026 2.92450192419225
0.710514 -0.0617049 2.31541 9.43815556765185
0.228201 -0.48845 1.42562 26.1623570933167
0.15142 0.479668 2.41865 8.38658487275607
1.64894 0.608431 2.27129 0.700449736730578
1.71354 -0.574602 -0.46254 0.029524856743863
9.77472 -2.32521 0.162871 0.0129965421030685
3.43127 -2.25909 -0.0714913 0.0063666142900451
1.42918 -2.27386 -0.0181697 0.0033891172886167
1.32346 -0.795913 -0.594144 0.0692498152604208
38.5165 -0.856152 -0.549465 0.0113156441943067
0.440114 -2.36784 -0.176559 0.0683208048855877
8.52407 -2.29396 -0.135727 0.0442797621863955
4.49811 -2.37086 -0.0232365 0.0421699449801266
