0.586007 3.15716 -1.67865 0
0.94858 3.39795 2.54214 0
5.13467 2.05437 2.95705 0
0.448526 0.828379 -2.42908 0
1.52835 2.32443 0.433769 0
0.568108 3.34192 1.09095 0
3.17115 2.72576 0.761146 0
0.655002 -2.27405 -2.81322 0
0.754025 -3.45586 -3.02243 0
0.390254 -3.15785 0.864301 0
3.22741 -5.66131 -0.7605 0
0.869689 0.882025 1.16814 0
0.523529 1.3692 2.28129 0
0.686531 2.00994 1.13649 0
3.87343 2.04741 1.14404 0
5.93608 2.02254 1.23368 0
0.570404 4.03102 -2.22145 0
0.120743 3.39466 -0.152969 0
1.17936 4.08099 -2.52702 0
0.83762 2.91872 1.22993 0
0.977099 3.16935 2.58239 0
2.20306 2.7702 1.74228 0
0.158769 6.2669 -0.0737588 0
0.508554 5.94362 -1.4042 0
0.331207 4.84396 0.673586 0
1.00331 6.51479 -0.937694 0
1.44234 3.95199 -1.94937 0
0.365492 3.56495 1.79262 0
0.0998439 -1.63723 0.945794 0
0.852253 -4.45407 0.793182 0
0.275525 -4.80164 -2.82838 0
0.890533 -6.37006 2.99754 0
0.417968 -5.52586 1.80626 0
0.306037 -2.23031 1.73538 0
0.27735 -3.65976 2.0886 0
2.08391 -1.58968 2.89407 0
0.223339 -0.401815 2.21549 0
0.647205 -0.55744 -3.11246 0
0.920181 -1.53943 -2.87013 0
1.1074 -0.8233 -1.2428 0
0.9107 -1.78156 -0.883672 0
1.04683 -1.2283 -0.818743 0
1.49658 -0.918223 -0.376049 0
0.166238 -3.8385 2.09654 0
0.0577067 -4.62204 -2.76651 0
1.65417 -2.04164 0.223777 0
0.0362089 -4.1275 -2.07927 0
0.266755 -1.66483 -0.0653847 0
1.69683 -3.19407 0.0519726 0
0.354336 -3.0095 -0.837102 0
0.762013 -2.39935 0.600109 0
0.861434 -2.31193 -2.74009 0
0.763923 -0.899923 1.33712 0
0.482708 1.54439 -0.871258 0
0.760245 0.545371 2.16177 0
0.948433 1.35323 -1.30309 0
0.205049 -4.17146 2.24415 0
0.261037 1.18651 -0.364018 0
0.638015 2.60792 2.92655 0
1.37421 5.25713 -0.827162 0
1.50744 5.59754 -1.75103 0
0.450347 5.45661 -2.52128 0
0.882064 5.1654 -1.75288 0
0.209976 3.72439 -2.17603 0
0.905366 2.72726 -0.169049 0
0.477293 3.3767 0.519118 0
0.281085 2.9891 -0.255275 0
0.684142 2.48093 -0.770754 0
0.925402 2.27544 -0.423629 0
0.538694 1.57219 -1.49085 0
0.458101 2.29039 -1.18732 0
0.184707 -0.510143 -0.944166 0
0.623516 0.976601 1.97083 0
0.388063 -0.0398471 -2.84573 0
0.246532 0.603043 -2.58131 0
0.59851 -0.207071 -2.04849 0
0.935077 -0.0319027 3.05589 0
0.517161 0.433421 -2.3076 0
0.36733 0.00796148 2.39343 0
3.07718 -0.663197 -2.46939 0
1.0694 -1.00699 -2.10313 0
2.01307 -0.871623 -2.5725 0
0.159796 -1.7219 -2.81548 0
0.742868 -0.671143 -2.02907 0
0.536182 5.01583 0.913856 0
0.23368 5.04152 0.696413 0
0.166828 3.22552 -1.33501 0
0.215463 2.79114 2.1362 0
0.804819 5.45492 1.6371 0
0.413572 4.55399 0.307158 0
0.207757 6.88479 -1.72453 0
0.529337 4.16356 -2.35902 0
0.308078 4.82571 -0.0360964 0
0.527989 3.8051 1.54783 0
1.34807 -2.77363 1.73568 0
2.06357 -2.00734 1.58356 0
0.0501167 4.97795 0.223933 0
0.709287 2.57222 -2.39805 0
0.461824 2.94415 -2.84806 0
0.514528 2.53132 -1.58538 0
0.501216 -4.45346 -0.982168 0
0.445098 -6.35739 0.674623 0
0.437729 -4.10914 -1.25392 0
0.953143 -1.7467 -1.0616 0
2.86549 -0.568844 -1.22211 0
3.31434 -0.378158 -1.19889 0
7.67385 -0.338139 -1.41207 0
2.36092 -0.239863 -1.51613 0
1.56277 -0.273891 -1.59676 0
2.56537 1.37017 2.93114 0
0.974922 1.6409 -2.83123 0
3.63836 1.32622 2.88517 0
0.522016 2.05892 1.87208 0
1.09888 2.03479 2.22114 0
0.135224 4.55026 -1.9418 0
0.220974 -6.07788 -2.80447 0
1.00926 -6.88918 1.9182 0
3.33365 2.36012 0.835495 0
0.66263 -3.97346 2.72946 0
1.6403 1.77717 1.52686 0
0.112943 3.96013 3.02918 0
0.667059 2.15833 1.01435 0
5.42208 3.9002 -1.86888 0
0.430544 4.16959 -1.59125 0
1.00493 4.44395 2.39567 0
0.748825 5.15629 2.20325 0
1.14416 5.82271 2.3586 0
1.49745 5.33387 2.12064 0
0.0499191 7.1345 1.86844 0
0.408959 7.60506 0.291991 0
0.305815 2.37757 0.590395 0
0.640173 1.98125 1.91941 0
0.232352 -2.59826 -1.58069 0
0.475676 -4.14423 2.93387 0
0.624789 -3.67021 2.8046 0
1.09258 -3.83403 2.72153 0
0.525068 -4.68492 2.74402 0
0.130895 -5.37587 0.363072 0
0.620045 -8.00725 2.4101 0
0.202164 -0.969845 1.51119 0
0.324801 -1.31684 2.40165 0
1.41032 -1.64168 -0.588992 0
0.278954 -1.65371 -1.65524 0
1.39383 -1.05758 -0.813027 0
0.365896 -2.71455 -1.831 0
0.0789766 -3.78635 -3.11732 0
0.0604661 -3.5896 1.21887 0
0.975359 -2.20902 -0.316074 0
0.559727 -3.07662 0.2485 0
1.03108 -2.72627 0.272065 0
0.803956 -2.07471 0.160095 0
0.761504 -3.66367 -0.762381 0
0.254658 -5.41743 -3.04486 0
0.727119 4.4767 -0.552415 0
0.0831259 3.62247 -2.10847 0
0.225846 3.21734 0.747901 0
0.208699 -3.97915 2.35952 0
0.474252 -1.84252 2.406 0
0.24903 -2.43945 -1.8069 0
0.44993 -1.78908 0.529583 0
0.456748 2.34196 -2.44952 0
0.286472 2.07161 1.39733 0
0.25323 3.28755 2.16759 0
1.0064 2.16795 -0.599353 0
0.229588 3.25323 0.14362 0
0.432561 2.55645 -2.3779 0
0.299339 1.47965 -1.8687 0
0.824232 2.59682 -1.29423 0
0.135072 2.47177 2.26215 0
0.332915 1.91709 -0.621756 0
0.485346 0.334692 -0.803889 0
0.508334 -0.150381 0.117893 0
0.812427 0.85069 -0.507997 0
1.59673 0.232416 2.74569 0
0.282751 -0.597682 2.92749 0
0.738258 -0.118803 -2.04093 0
0.300519 -0.502342 -1.40107 0
1.78788 -0.453652 -2.46575 0
0.719989 -2.28963 -1.99515 0
0.469923 -1.16151 -1.12988 0
0.243689 5.67738 -2.10755 0
0.32233 3.31887 -1.39669 0
0.260367 5.10494 0.561831 0
0.426688 -0.80626 0.79688 0
0.425581 -1.18646 2.81914 0
0.231381 -2.29961 2.03081 0
1.67448 -2.09462 1.26471 0
0.985788 -2.20412 2.04549 0
4.64879 -2.15325 1.3884 0
2.72932 -1.96461 1.01868 0
1.20266 -2.18382 1.45347 0
0.378684 -1.75558 0.383551 0
0.241222 1.45676 2.62978 0
0.193243 0.266375 -1.5079 0
0.487096 2.68212 -2.62469 0
1.09934 2.3185 -2.69693 0
1.2793 2.84018 -2.29709 0
0.131575 -6.81463 1.13752 0
0.992263 -3.60286 2.87299 0
0.497196 -2.02392 -2.4422 0
0.206135 -2.79127 -0.0777362 0
0.87844 -2.52303 2.18396 0
0.327537 -1.05481 -1.81361 0
0.944417 0.78664 -2.80278 0
0.191634 0.798129 0.0693489 0
1.19513 1.04508 -2.79929 0
0.406534 1.47548 -2.84347 0
0.161693 3.22159 1.19055 0
0.75922 2.4039 -0.069865 0
0.225528 1.61298 0.267736 0
0.0518916 4.91453 2.77371 0
0.408685 4.84974 2.07588 0
6.18135 3.06109 1.74234 0.139969512093241
1.14981 2.36474 0.622125 0
1.30644 2.17689 0.851298 0
0.766696 -0.707328 0.898817 0
0.506748 -1.63805 0.182428 0
0.449598 -5.0331 -1.03793 0
0.147624 -4.41696 0.255203 0
0.160758 3.05078 -2.35014 0
0.200571 4.01218 2.85332 0
0.151546 6.69452 0.989899 1.03710124808676e-08
0.256353 6.75184 2.16091 6.62195830977457e-09
0.627473 2.33608 1.76418 3.36727380291128
0.0110635 3.52436 -2.62273 0
0.396645 1.30858 2.12472 0
0.304442 -1.30039 -0.375476 0
0.348837 -1.03815 -1.04874 0
0.262494 -1.50376 0.372757 0
0.286629 -1.02417 -0.419936 0
0.369057 -4.86374 2.74733 0
0.203378 -5.65668 2.71963 0
0.223284 2.23247 0.36907 0
0.313275 3.26621 0.443333 0
0.821438 2.51847 0.248351 0
0.719735 2.18355 0.0281275 0
1.06919 -0.363987 -3.07622 0
0.61964 -0.0465076 -2.98381 0
0.208163 -0.239623 1.6467 0
0.150035 0.1937 2.59746 0
0.114341 -1.96051 1.74933 0
0.427738 -0.223084 2.66848 0
0.997794 -1.55597 2.02297 0
0.321603 -1.74474 2.21739 0
3.56621 -2.15878 1.41282 0
1.7381 -2.26389 1.43938 0
0.087525 -3.43369 -2.64809 4.56267907952011e-08
0.170862 -2.62883 -0.115153 3.4249492604903e-08
0.873626 -0.893934 -1.58109 0.825159162097946
0.0979576 -0.469399 -0.810267 9.47474495296412
0.505109 -0.424792 -1.34319 1.76023548418521
0.881611 -2.00527 1.42461 20.1173561212232
0.0576354 -3.48098 1.62138 71.4826771525222
0.14315 -1.85766 2.47583 19.5638598653225
0.290105 -1.8212 -0.311387 9.98584251615726
0.631807 2.36616 -0.62775 1.01176622485329e-05
0.505353 2.37167 -0.672454 1.3659429588379e-05
0.202371 -1.1726 2.9637 69.4971913498219
0.351474 -1.0822 1.23253 43.2286012644886
3.81002 2.7775 -2.6498 0.049425605542276
0.398245 2.32032 -2.55721 0.234120956710601
0.802246 2.6279 3.11373 0.0994540652501233
0.0252572 -2.35593 2.10374 8.65857649223857e-05
0.0249142 -2.23035 2.35999 9.2616179623396e-05
1.55142 -0.0189219 -1.36361 8.75172144441096
0.32339 -0.2468 -1.65622 30.695350802164
