0.584769 2.39627 2.64145 0
0.4949 -0.340144 0.896141 0
1.5066 -1.22658 1.55775 0
0.870719 -0.718019 -1.7128 0
0.121913 -1.64958 -2.37204 0
0.153832 2.44147 0.564592 0
1.03162 0.457691 1.86566 0
0.271326 0.324541 1.85055 0
0.721174 2.47615 -0.585358 0
0.385323 0.594767 -0.587006 0
1.22913 -1.80121 0.780651 0
0.713289 -1.83576 0.558616 0
0.0561677 -6.06105 -0.911467 0
0.237933 -4.34028 -2.09552 0
0.442182 -2.59265 -1.17377 0
1.07125 -1.36664 -1.5827 0
1.18273 -1.16179 -0.423529 0
0.459379 2.04545 -1.90246 0
1.5728 0.248906 -0.747547 0
2.54451 1.13527 -1.33177 0
3.79621 0.811412 -1.27499 0
0.784525 0.953543 -1.93911 0
2.49443 0.688735 -1.39204 0
0.566866 -2.76759 -1.75548 0
0.142727 -4.34988 -2.1077 0
1.1136 -3.39467 -0.899136 0
0.2944 -3.20017 -0.669045 0
1.40138 -4.03856 -1.0703 0
0.617764 -4.39692 -3.08896 0
0.357387 -5.5296 2.01798 0
0.625178 -5.39381 3.04581 0
0.180952 3.20862 -0.405525 0
0.257919 4.93514 -0.0170924 0
0.640875 7.01844 -2.32877 0
0.371098 4.71531 1.34415 0
0.530862 3.12437 -0.521216 0
2.63949 1.85889 -1.3429 0
0.745457 1.55456 -0.471399 0
0.362879 1.88184 -2.08008 0
0.356812 4.11025 -1.98304 0
0.329433 -1.7949 0.429771 0
1.12759 -3.62606 1.16776 0
0.3219 -4.31262 2.78679 0
0.670582 -3.06936 2.7283 0
0.503821 -2.78991 -0.0808996 0
0.0730085 -7.66681 -2.40228 0
0.370568 2.45048 -1.22702 0
0.6091 -0.813096 0.0422841 0
0.403086 -3.18848 -3.0795 0
0.856316 -2.76888 0.0502538 0
1.55867 4.76966 1.80735 0
0.436746 5.83783 1.47755 0
0.502038 4.07259 -2.74382 0
2.50045 4.20713 2.54931 0
0.43794 6.7566 0.201712 0
0.734412 5.11995 1.06114 0
0.254193 6.26955 -2.89539 0
1.83867 6.12058 -0.796692 0
0.325848 5.90086 1.95724 0
0.450639 0.244433 0.815462 0
0.246124 -0.329547 2.02709 0
0.47225 -3.19407 2.81157 0
0.620853 -4.00717 -1.94066 0
0.620375 -3.20274 -2.93911 0
0.262043 -4.07679 2.62666 0
0.490108 -1.78196 0.0147012 0
0.0923954 -2.97483 -0.582626 0
0.544885 1.10487 2.16596 0
0.641316 6.32569 1.40398 0
0.166339 6.36074 -0.524014 0
0.293274 7.15692 2.37258 0
0.0165111 2.72295 -2.06348 0
0.0791912 2.41924 -2.63174 0
1.05725 1.84426 1.44876 0
2.54338 1.8385 1.98094 0
1.6457 2.15816 1.90813 0
0.906734 -1.63609 0.887785 0
0.626307 -1.56516 0.9768 0
0.515172 0.561418 -2.87795 0
0.70948 0.369135 1.70347 0
0.850223 0.346343 1.17758 0
0.403587 1.5468 0.246145 0
1.91527 2.01576 -2.61475 0
1.13725 1.59189 -2.56121 0
0.94466 -4.19677 1.50704 0
0.811384 -4.05227 0.458819 0
0.43758 -1.11163 2.95811 0
0.813598 -1.1523 -0.665382 0
0.151826 2.36965 0.608099 0
0.855222 1.58885 -2.68338 0
0.744532 1.90102 -1.77394 0
3.06449 0.285603 -1.21664 0
1.83456 0.459911 -1.47116 0
0.513132 0.827229 -1.29554 0
0.676296 -0.116048 -1.38837 0
0.547274 -0.387139 -2.58713 0
0.326423 0.486565 -2.38811 0
0.0883254 -2.79931 1.84597 0
0.487937 -1.36071 -0.0706824 0
0.8682 -1.96414 1.24273 0
0.36465 -3.52563 -0.386361 0
1.92259 -2.96922 -1.32346 0
0.29794 -5.86324 -2.71191 0
0.292589 -4.24743 -1.91776 0
0.300915 -6.27835 -2.95076 0
1.31998 -5.71783 -2.09222 0
0.0493459 -5.85537 2.59994 0
0.983378 -3.96193 1.58751 0
0.27781 -3.32355 2.50393 0
0.211107 -3.61129 0.380532 0
0.02802 -3.7567 1.86614 0
1.89395 -3.0247 2.1015 0
0.689947 -4.93817 -1.07585 0
0.365323 -4.39419 0.432702 0
0.227385 -5.03461 1.87428 0
0.352443 -6.07613 0.847113 0
0.447335 -6.45241 -2.73251 0
0.443164 -8.16858 0.483145 0
0.181413 -6.37874 1.25348 0
0.331352 -2.75104 1.69114 0
0.179881 -1.24778 3.114 0
0.276996 3.5307 1.46669 0
0.198612 7.24259 -1.74581 0
0.584281 5.05582 -0.786413 0
0.148244 3.45165 -1.27559 0
0.214579 1.81745 2.79877 0
0.102692 0.683983 2.05486 0
0.611275 -3.90573 3.14038 0
4.09129 -4.64488 1.73523 0
0.130327 -5.05719 1.77361 0
0.591269 -2.69111 -0.365612 0
0.592678 -2.97493 0.599964 0
0.130099 -5.98143 0.586986 0
0.119856 -2.80212 1.20648 0
0.173535 3.47829 0.559455 0
0.337686 1.80585 2.44605 0
0.349992 4.31763 1.30748 0
0.321621 4.50153 -1.3242 0
1.16566 -2.14956 0.819607 0
0.0969687 -0.966149 -1.65774 0
0.210281 -1.20802 -1.64352 0
0.261259 -0.481751 1.34064 0
1.43777 -0.70168 -1.10497 0
1.48099 -1.03577 -0.546276 0
0.607178 -5.40556 2.65715 0
0.229356 -7.10126 2.0506 0
0.492663 2.4809 1.14684 0
0.460645 2.77519 3.00734 0
0.428084 2.5129 -3.08381 0
1.13047 3.08437 2.10962 0
4.59898 3.27299 2.0617 0
0.0828568 4.96585 2.11812 0
0.256857 7.25812 0.173162 0
0.13872 5.3561 2.10703 0
0.174582 3.45568 1.97153 0
0.398212 4.9703 -1.99916 0
1.07239 4.49751 -1.32787 0
0.4953 -0.192073 1.29194 0
0.125738 -1.56755 -0.715472 0
0.68533 -7.46124 2.67406 0
0.517773 -6.64216 2.8984 0
0.450109 -5.92185 -2.52872 0
0.313569 -5.5379 1.10625 0
0.394889 -3.30374 0.418167 0
0.267884 1.36464 -0.400681 0
0.184343 6.9804 -1.25367 0
1.52918 2.00652 1.75001 4.71878650313829e-08
1.2908 1.86652 1.66639 1.01801676023119e-07
0.24238 -0.487338 -2.39383 0
0.192204 0.451044 0.197366 0
0.314764 -4.89794 1.81497 0
0.197293 -4.24066 -0.459001 0
0.375243 -4.16954 -2.58057 0
0.110154 -4.07713 -0.799959 0
0.24859 -2.30174 -2.3036 4.65963335814814e-08
0.139007 -2.29112 -2.30749 4.58933132460942e-08
0.683188 -1.92031 0.0596197 6.98477208942607
0.0553965 -2.28221 -1.44694 60.4425867359444
0.92661 1.15874 -0.835344 28.497783006482
0.154744 1.15088 -1.60982 171.411794730745
1.2524 1.16327 -1.16302 0
1.37882 0.974929 -0.986379 0
0.389975 -1.86454 1.50528 1.28802019999613e-08
0.758359 -1.85656 1.44541 1.65391562562366e-08
1.36868 -3.94475 -1.03998 0
0.655894 -4.02235 -1.49038 0
0.23048 -5.45784 -2.31766 0
0.226077 -4.48518 2.20074 0
0.361353 -2.20606 2.03701 0
0.402091 -1.30342 2.38061 0
0.366303 -1.09559 -1.83578 0
0.373306 -0.543852 2.95663 0
0.319378 2.52253 0.291151 0
0.232291 2.35244 1.35854 0
0.684228 3.47532 0.267286 0
0.200571 3.60358 -3.09674 0
0.206331 1.12265 -0.485267 0
0.20143 0.301511 2.19071 0
0.227011 0.0381569 0.896273 5.72598232666142e-07
0.15682 -0.608283 2.19122 3.96717248154758e-07
0.102105 -3.80806 -1.89833 1.8225838391138
0.312132 -2.87342 2.77557 0
0.501379 -3.01265 1.41082 0
0.333686 -0.816624 -2.98138 6.66542920586575e-08
0.276923 -1.26178 -2.79565 2.43772297566035e-08
0.202288 -3.19676 -0.414746 0
0.495607 -3.76954 0.0633929 0
0.170483 5.44165 0.760598 0
0.815524 5.38664 -1.69207 0
0.105535 5.74388 -1.71789 0
0.310397 5.06678 -2.57704 0
0.118785 4.27782 -2.27978 0
0.144398 5.61889 3.10147 0
0.18107 6.48228 2.16282 2.95591114580776e-07
0.0388988 8.06603 0.503111 4.99144300167674e-08
0.136618 7.11799 -1.76497 0
0.329896 5.72167 -0.718904 0
0.251911 4.26621 0.671429 0
0.209979 3.18785 -0.473374 0
0.0698041 2.79274 2.44465 0
0.212769 2.62154 1.15738 0
0.0846278 5.22833 0.345301 0
0.574719 4.07735 2.06218 0
0.522825 0.256873 -0.526587 24.6511938518796
0.600671 0.573161 -1.19904 19.0036180479804
0.129747 -1.30857 1.86802 4.40955076783066
0.37656 -1.13559 -2.24655 1.75870649435901
0.541007 -0.910978 -0.719533 0.00637515012373014
0.421549 -2.24121 2.28384 6.65350199639001
0.0842121 -2.34947 0.810893 25.4150608997025
0.274495 -0.272754 0.246354 0.00839259136476222
0.734397 0.142706 -2.26337 7.61788002897633
0.488564 -0.485704 -2.50907 10.3344725149075
1.93475 -0.8207 -1.10024 0.00753042524961584
0.178316 -1.34608 -1.01943 0.0062425282719876
0.00439687 -1.35508 -0.90638 0.00736028546187197
