0.297101 -8.17131 -2.5725 0
0.467691 4.06095 3.10059 0
0.420398 5.19144 3.14048 0
0.579076 -4.48797 1.42721 0
0.574062 -3.84893 -0.782718 0
0.572797 -2.84917 0.628568 0
0.139774 -1.48253 1.90894 0
0.443445 -1.63051 -0.897934 0
0.913802 -2.0793 -1.29397 0
0.118378 -2.72209 -1.0926 0
0.711846 -2.61676 -0.99506 0
0.156808 -6.95703 0.52557 0
0.279053 -7.64889 -0.557028 0
0.115242 -8.44765 1.86804 0
0.881876 7.0444 -1.2937 0
0.343647 7.64202 -1.48696 0
0.703843 6.3952 0.628689 0
0.332868 4.46267 -2.69889 0
0.217456 5.74046 -2.12006 0
0.280759 4.25759 0.808124 0
0.341713 1.39358 -2.47106 0
2.06424 0.753355 -3.07018 0
0.310833 -0.148368 0.762631 0
0.621601 -0.139762 0.393522 0
0.0238559 0.587293 2.10159 0
0.314778 0.141692 2.05643 0
0.960716 0.461483 0.25488 0
0.71451 0.93406 -0.717492 0
0.304429 6.21619 1.08587 0
0.184644 8.57669 -1.70737 0
0.710716 -6.80085 0.0159409 0
0.318242 -4.44095 2.74357 0
0.41411 -7.15442 3.00867 0
0.540364 -5.17157 -0.842366 0
0.177266 -6.02245 -2.96124 0
0.364712 -2.78391 0.386263 0
0.313845 -0.38512 -2.99198 0
0.157352 0.956295 -2.80114 0
0.0928263 2.22727 1.69053 0
0.34937 2.94788 1.37007 0
0.0648673 5.10062 -0.136757 0
0.354259 4.8357 3.06079 0
0.718453 -6.27568 0.875752 0
0.40075 -6.61285 -2.06695 0
3.46478 5.10075 2.758 0
0.264147 6.39373 1.09086 0
0.390621 -7.76245 -1.05709 0
0.353816 -2.52361 1.3171 0
0.539648 -2.53874 2.53728 0
0.686903 -2.64544 -0.726984 0
0.405153 -4.01555 -3.1043 0
0.401595 -4.61198 -1.98797 0
0.219302 -7.62524 -1.7435 0
0.165336 -6.02668 -2.5034 0
0.319569 7.10185 1.0521 0
1.20651 7.39077 -0.219213 0
0.493068 3.78591 1.16653 0
0.18785 3.17493 -2.41764 0
0.367312 3.23033 3.12863 0
0.268358 2.74541 1.21394 0
0.258805 2.3848 1.88568 0
0.350381 1.09931 -2.23636 0
0.526108 0.905563 -2.35037 0
0.297901 0.316984 -1.56277 0
1.42472 0.0663256 -0.59982 0
0.652473 0.489804 -1.14532 0
0.199202 2.5215 -0.863364 0
0.466405 2.51411 0.303402 0
0.463537 2.21121 0.974995 0
0.192701 4.4571 -1.28668 0
0.242764 4.95654 2.23883 0
0.289332 4.45169 1.70149 0
0.550778 4.89767 -2.13734 0
0.126271 3.0621 2.36573 0
0.453404 5.77907 0.880935 0
0.445453 4.6496 -0.287151 0
0.263836 -3.60181 0.945069 0
0.459897 -1.1161 -2.00196 0
0.393326 -1.30174 -0.496155 0
0.0909144 1.11756 -1.27491 0
0.407439 4.87984 0.70198 0
0.354 4.84771 -1.15938 0
0.0443299 -2.47446 2.68891 1.26407248530551e-05
0.0128035 -2.0308 1.82254 1.65913930303963e-05
0.269693 -2.93834 2.16719 0
0.0685879 -5.30291 -2.77675 0
0.0211351 7.13099 2.80514 0
0.134329 5.47361 1.25247 0
0.267189 2.7057 0.749872 0
0.279455 2.36858 -0.325153 0
0.200176 7.07284 -0.260992 0
0.055857 8.33642 2.69686 0
0.161096 3.12946 0.716383 15.1211222611473
0.236696 2.34115 -1.88533 22.4504040026574
0.0995606 -2.78344 -0.435475 1.40699311391629
0.308226 -3.37773 -2.41544 0.250979095224118
0.555213 -3.02351 -0.162745 3.70360494901124
0.0849717 -3.57148 -1.95867 13.9988322496938
0.0405124 7.48332 -0.957831 1.1958991519242e-08
0.208487 6.19283 -0.826984 9.80799731855859e-09
