0.459515 8.96497 2.67653 0
1.77565 3.50252 -0.709614 0
0.44349 4.21164 -1.90344 0
0.431658 4.49145 -1.52289 0
0.394997 1.88885 -1.15759 0
0.297219 -0.589197 -0.445121 0
0.435988 -0.108519 2.20948 0
0.351916 -4.33993 2.44427 0
1.67783 -4.50918 1.11358 0
0.793424 -4.05481 2.37315 0
0.0987209 -9.37335 0.0950237 0
0.168761 -9.82535 2.95256 0
0.555053 -3.70971 -0.826634 0
0.23333 -3.463 2.74848 0
0.237596 -3.92686 0.112889 0
0.597191 0.91846 -1.30601 0
1.77572 2.17802 -2.9472 0
0.0757703 0.438786 2.89735 0
0.375318 2.72009 1.40386 0
0.166166 4.92614 1.45823 0
0.110946 4.4591 2.7226 0
0.139192 8.80979 -0.133021 0
0.420455 9.07234 -2.7835 0
0.197667 8.31163 -3.03428 0
0.861816 -0.365817 0.340153 0
0.025064 -5.71593 2.54675 0
0.0863765 -8.12037 -0.227616 0
0.154298 -6.29717 0.28566 0
0.153428 -2.01388 2.36757 0
0.111963 -4.21649 -1.3844 0
0.33172 -2.94116 3.11327 0
0.653027 -2.19381 -1.92391 0
0.308389 -2.84462 2.12361 0
0.538467 -0.963078 -1.66239 0
0.20036 1.20357 -0.700331 0
1.3876 2.18254 -2.43038 0
0.664916 2.68649 3.13551 0
0.416762 2.74262 0.575 0
0.420407 2.55026 -0.60283 0
0.515428 2.80496 -0.0455272 0
0.323712 4.14256 0.58233 0
0.548134 8.30183 -2.4492 0
0.130446 3.1102 0.127783 1.4921327537198e-07
0.134257 3.1067 -1.80007 1.10452171952453e-07
0.197393 3.41204 3.0373 0
0.0556009 5.08966 -0.500527 0
0.165992 6.22611 0.703733 0
0.1231 6.07394 -0.188308 0
0.347802 2.25351 -0.442806 27.1392039374727
0.152338 3.80013 -0.762672 13.3617306102142
0.895455 -4.10639 2.20131 2.54090218479308
0.758039 -4.5444 1.97074 1.94046729063164
0.261797 2.53705 -0.00144654 49.4520532283439
0.21685 1.79779 1.63017 122.293136481938
