6.95718 -1.816 2.0074 2.51623279950257e-14
0.380876 -1.70577 1.82419 2.93835665602732e-14
0.435638 -2.25931 -3.04492 2.50429912633686e-14
2.59528 -1.26916 -0.271492 6.88865296116601e-14
2.49511 -1.7921 -1.0893 5.07223954137773e-14
1.15756 -1.73974 -0.50186 5.0262207345968e-14
5.04341 -1.7075 -0.867289 5.32563320060438e-14
1.421 0.0912802 -0.306364 3.83014855678772e-14
5.38082 -0.0426155 -0.133293 6.14627509399971e-14
3.40645 0.197702 -0.707968 1.31282715935896e-14
0.668189 -6.69608 -1.01671 0
0.437692 -7.08175 1.77623 0
0.521134 -7.02027 0.382472 0
0.755977 -7.26484 -2.56642 0
0.418759 -4.73769 2.28083 0
1.41787 -2.11565 2.5054 0
1.17532 -1.76278 2.3427 0
3.81498 -1.44459 2.31108 0
0.513793 0.708506 -2.80737 9.8343138190718e-14
1.65449 0.254287 -2.24472 1.04844130199413e-13
0.15563 3.12017 2.20171 1.04659964439657e-13
0.147295 9.83344 -1.99225 1.03748978429345e-13
0.429475 4.88006 -2.24218 0
0.40446 5.4636 -1.42148 0
0.746361 3.35443 -1.89337 0
0.461409 2.87285 -2.6858 0
1.87647 0.486814 3.00237 0
7.26632 0.553775 3.11425 0
4.07773 0.448293 2.92311 0
1.53663 -2.12962 3.09935 0
0.531081 -2.98903 2.75032 0
3.83549 -2.4996 2.56275 0
3.45376 -1.8937 1.94542 2.22973566023634e-14
5.82467 -1.81532 1.93958 2.50900850563583e-14
2.73361 -2.09634 1.85483 1.5925749710906e-14
0.208787 -2.33717 1.76155 1.00268550841461e-14
0.640905 -2.10564 -0.623641 3.95446456424907e-14
0.616301 -1.4465 -1.249 6.4599398228658e-14
2.74432 -1.9722 -0.924868 4.45382174714803e-14
15.4917 -0.014787 -0.10178 6.3691154396197e-14
15.6169 -0.010582 -0.0681951 6.69751391011174e-14
2.9577 -0.136111 -0.205059 5.91399533698019e-14
3.07348 -0.0968032 -0.269733 5.07376411391801e-14
0.267104 -0.625443 -0.66594 8.29119845167804e-14
1.79713 0.156489 -0.723982 1.32171229055483e-14
3.11632 0.145356 -0.741111 1.51913496412124e-14
4.3547 0.207213 -0.815868 2.54917103938442e-14
0.365765 -9.31777 -1.54404 0
0.248542 -6.79499 1.95201 0
0.320564 -5.48992 -1.04252 0
0.632843 0.227457 -3.12875 7.17184761324164e-14
0.518567 1.19989 -2.01189 1.01964817613505e-13
0.405119 4.48199 2.00097 1.04030816353266e-13
0.297059 4.12276 -1.64615 1.03468082809298e-13
0.372428 5.26545 1.66748 1.03853072416767e-13
0.3034 9.21433 -2.32268 1.03749652490001e-13
0.856426 8.63445 -2.86365 1.03752584805577e-13
0.860605 4.82909 -1.17043 0
1.05792 4.66506 -2.53901 0
0.18401 1.80989 -2.1253 0
0.0752786 2.8484 1.65207 0
1.61047 0.586341 3.10381 0
6.58006 0.545862 -3.10403 0
2.20515 0.664357 -3.13194 0
4.27657 0.597515 3.03714 0
2.80913 0.556714 -3.1134 0
3.56559 0.432697 -3.0181 0
1.26363 0.307916 2.79777 0
0.566879 -2.36857 -3.0973 0
1.39315 -2.53672 2.51818 0
0.275411 -1.85401 1.98822 0
2.09373 -2.55732 2.66662 0
0.639521 -2.75341 -2.61817 0
0.674677 -3.70675 1.75803 0
0.423255 -3.03786 2.25723 0
0.715164 -3.83569 -3.08748 0
0.123373 -3.08255 -2.71775 0
0.445793 -4.14857 2.71267 0
0.0689707 -9.56906 1.84222 0
0.203936 -6.20731 0.663853 0
0.315053 -6.61077 -0.883758 0
1.74607 0.228928 -0.866092 3.19248749030856e-14
3.94307 0.265988 -0.87331 3.42806502020274e-14
16.1851 0.237928 -0.805637 2.57284646609425e-14
19.3429 0.213983 -0.839243 2.83760887920239e-14
0.13787 -2.75082 -0.421535 0.00019764308203605
0.0384011 -2.67274 -0.502277 0.000239545458178979
11.9368 -1.5277 2.27737 0.0309760497573202
21.903 -1.47548 2.30252 0.0321185048626207
15.942 -1.50191 2.24079 0.033146304716064
35.3794 -1.50224 2.27587 0.00718557205628067
0.13694 1.38201 -2.13906 8.80452258486498e-08
0.176022 0.10265 -2.22783 1.61678951618193e-07
0.140143 2.45513 2.98264 2.60277346127671
0.260175 4.39381 -2.27754 0
0.511395 5.0987 -1.85363 0
0.339193 2.22757 -1.98082 0
0.0788345 3.76087 -0.476482 0
0.688923 3.04292 2.56335 1.63333544705319
0.121024 2.72509 -2.75605 12.7546272886319
0.196281 -3.01194 2.28901 0
1.22034 -2.46958 2.45582 0
0.104767 -3.25132 2.16501 0
0.523799 -3.15166 2.79215 0
0.0549839 -5.89361 -1.40434 1.03444851956677e-07
0.132682 -5.41146 -1.11421 1.54311568350657e-07
0.104452 -8.98394 1.90961 3.52670951590724e-05
0.028259 -9.31407 1.90745 3.47010280485402e-05
6.48753 -1.74881 -0.862466 0.160800871594584
4.78791 0.160783 -2.33419 0.117850523706093
11.0159 0.1709 -2.55219 0.314756182933785
1.09817 0.107683 -2.32296 0.170180579557068
9.47611 0.184012 -2.23704 0.330849278391229
3.18925 0.0338291 -2.36777 0.268509951282956
