42.9919 2.07745 -1.17006 2.1988545174442e-13
0.419015 9.13798 1.22957 0
0.822196 -7.13368 -2.15801 0
0.526239 7.16522 0.417843 0
0.398953 -0.195478 1.33987 0
0.586646 -2.94762 -0.348216 0
0.0863559 -3.3202 -1.82134 0
0.0872108 -6.06789 -0.145277 0
0.396255 -3.37626 1.21925 0
0.56485 0.171434 2.29658 0
0.257874 -0.573488 1.51268 0
1.95947 -0.916719 1.99272 0
0.988316 -1.99793 1.48814 0
0.192985 -5.03118 0.72973 0
1.13137 -1.53824 -2.19774 0
3.31228 1.34131 1.04422 0
2.19283 1.26151 1.11051 0
1.15289 1.43407 1.04935 0
8.93627 1.07328 1.11459 0
1.1303 1.27716 0.987428 0
2.01051 0.178335 0.623285 0
0.722948 -0.0178074 1.83089 0
0.929399 -0.414138 0.0307073 0
0.516156 4.04539 2.67833 0
0.599404 4.72758 -2.84567 0
1.02699 3.14322 1.86283 0
0.39443 1.24247 -2.29953 0
0.261588 0.0937214 1.71546 0
0.567874 1.24363 -0.290425 0
0.145048 -2.369 -2.51781 0
0.26801 -1.67836 3.1412 0
0.741781 -6.12054 0.937526 0
0.165783 -6.38918 -0.325517 0
0.44246 -7.9218 0.21929 0
0.534695 -7.51915 1.82506 0
0.981739 -1.7695 -2.30133 0
0.144305 2.9287 -0.00776853 0
0.3199 3.42489 -2.36849 0
0.373959 2.15771 2.01594 0
0.671805 8.12365 2.87118 0
2.23921 4.34979 1.13967 0
0.478163 6.88831 -0.515119 0
0.196729 5.9853 -2.98086 0
0.542585 -0.859967 0.764514 0
0.0737604 2.87936 -1.70274 0
1.11209 1.28846 -0.519395 0
0.217624 1.33158 -0.580904 0
0.70903 0.655256 2.47047 0
0.526665 -0.0583033 -2.72008 0
0.442364 -0.349102 1.90658 0
3.64722 -0.760384 2.14997 0
0.265726 -2.06302 1.07418 0
0.405977 -2.23378 2.59522 0
1.93336 -1.75364 1.82749 0
0.453469 -3.03632 0.717779 0
0.316926 -2.7495 2.45344 0
0.2939 -5.47161 -0.25779 0
1.27464 -5.67554 -2.6834 0
0.264711 -6.07175 2.2488 0
0.305796 -3.61288 -1.89285 0
0.230452 -4.2238 2.78002 0
0.294454 -1.51098 1.09369 0
0.140588 -2.52214 -1.38246 0
0.691308 -1.74634 -2.81115 0
0.259725 -0.874489 -2.25188 0
2.93092 1.18923 0.85378 0
9.42543 1.12429 0.966319 0
0.433335 0.262953 -0.186084 0
0.746193 -1.32905 -1.94819 0
0.762101 -1.29755 -0.584641 0
1.099 -1.08079 -0.966041 0
0.439134 -5.11865 3.09121 0
0.187615 -7.28777 0.0218326 0
0.177081 -9.15952 1.2345 0
0.727453 -7.82506 -0.386577 0
0.306216 -2.95848 0.205793 0
0.393634 -1.1782 -0.333711 0
0.730962 1.18414 1.79793 0
0.517022 3.35362 -1.93911 0
0.190421 6.69648 -2.32449 0
0.682571 6.29644 1.05024 0
0.653918 4.38896 -2.7195 0
0.191006 5.05956 -0.550532 0
0.303982 4.66209 0.493232 0
0.324283 3.9548 -1.33564 0
0.955585 3.97051 1.50336 0
0.324848 -8.23736 0.546606 0
0.263777 -7.36915 1.61834 0
0.0316006 -0.342295 -2.09438 0
0.270047 -0.170209 2.22225 0
0.181915 -6.42903 -0.778323 5.19124992596288e-08
0.360949 -6.75296 -0.0656825 2.45215428574973e-08
0.0137788 -2.18621 2.92213 8.59357439529426e-05
0.0838261 -2.16034 2.84549 7.79100257905089e-05
0.259523 0.218296 0.656524 0
0.370477 -1.239 0.74416 0
0.297651 -0.71968 -1.92995 0
0.0776307 -1.90709 0.265556 0
0.313924 -2.38293 1.72633 0
0.262441 -1.67975 1.76711 0
0.204823 -3.89047 0.217525 0
0.164965 -4.99875 -1.37504 0
0.497166 6.25949 1.84549 0
0.32831 5.36224 0.1675 0
0.0691407 5.64715 -0.125537 2.50165696851882e-08
0.266304 4.942 0.0688692 2.97286269454883e-09
0.285812 4.88672 2.1742 0
0.370777 4.08952 2.54386 0
1.04706 4.02806 1.23333 0.0178067637984856
0.171227 4.98977 1.54698 0.020078755117898
0.633154 1.34365 -0.37555 25.358005241479
1.07056 0.974941 -0.0401729 20.3058148060258
0.237736 2.11525 -2.60496 13.6128926052994
0.195704 1.47631 -0.534614 30.2099636626785
