1.82241 0.90593 -2.31008 0
0.431934 0.866216 2.89035 0
0.838366 0.490949 2.14448 0
4.5294 1.85775 0.0763537 3.27250791974018e-13
2.58055 1.91106 0.0275971 3.12053444136091e-13
0.0804232 6.68693 -0.348301 0
0.538314 4.47689 1.96537 0
0.930483 2.61849 -0.9477 0
0.251183 4.26015 -0.55521 0
0.180011 1.82724 0.122076 0
2.72879 1.10229 0.237618 0
0.516929 2.07802 1.39903 2.37567766662804e-13
0.688002 0.793777 0.572629 8.5899390923911e-13
1.37975 1.35715 -1.10932 6.10241504495503e-13
1.27975 0.948637 -1.07711 8.32867996555771e-13
0.0881183 2.78828 1.37788 8.9073197525193e-14
1.15884 0.912143 2.16973 8.15706300100372e-13
0.463742 2.00352 -1.68957 3.77254503319638e-13
0.561739 4.07173 2.21404 6.9084959173401e-14
0.428798 3.01172 1.9376 9.90518874936434e-14
2.05397 3.61974 1.86823 5.96531657953001e-14
0.797341 3.00812 1.67497 8.14649237880228e-14
0.537404 -7.65565 2.32332 0
0.614406 -1.17097 -0.718752 0
0.0700968 -3.51418 -0.828415 0
0.241907 -0.956211 -1.09937 0
0.733387 1.92578 -0.273399 0
0.380141 4.17404 -1.35534 0
0.406391 4.34853 -2.78893 0
0.442062 4.04435 -1.93618 0
0.385289 6.39406 -0.700548 0
0.380951 7.41098 2.39742 0
0.128465 7.80179 1.31454 0
0.599672 -2.46325 -1.25278 0
0.699959 -2.54293 2.09105 0
0.163289 -2.56655 -2.92051 0
0.332902 -4.82032 -1.33905 0
2.01197 -2.04832 2.93822 0
1.24684 -1.39241 2.28475 0
0.8245 -2.73344 3.01394 0
0.846136 -3.59382 -1.24465 0
0.0918623 -5.16382 -2.63174 0
1.49186 -5.03687 -0.551312 0
0.903082 -3.00757 1.45048 0
0.560445 -1.97595 0.23659 0
0.529935 -2.66769 -1.18402 0
0.31294 2.48348 -0.690032 0
1.13648 6.31124 -3.13494 0
1.57158 3.49095 -3.01611 0
0.420904 2.94732 -2.9641 0
0.816092 6.7805 -1.44731 0
3.14127 6.40231 -0.915716 0
0.247162 5.62185 1.76377 0
0.134831 3.02341 -2.44462 0
0.500683 4.64857 -1.40587 0
0.116852 2.59117 1.0326 0
0.717388 1.09027 -2.79256 0
0.99174 -0.901298 2.26964 0
0.947051 -1.56554 -1.22049 0
0.301802 -3.59029 1.11544 0
0.43272 -6.95047 2.19674 0
0.481839 1.22693 -2.39765 0
0.358705 2.38507 -0.460344 2.18428691703296e-13
0.758239 2.73264 -1.50546 0
0.562262 1.88597 -1.95012 0
0.309099 1.37317 -1.10402 0
0.479545 1.97873 1.04016 0
1.2184 1.69392 0.47835 0
1.57214 1.90819 0.306744 2.9816851634992e-13
0.191867 2.42036 1.50906 1.59143342430406e-13
0.195391 1.8544 -0.491778 3.63595968594675e-13
1.0421 1.19519 -0.455303 6.59049746909938e-13
0.220595 2.53016 0.8674 1.2214756854115e-13
0.611036 1.90174 -0.026761 3.18341695711902e-13
0.566033 -5.19475 2.12021 0
0.118424 8.51573 -3.12018 0
0.333 3.95473 -1.60564 0
8.71514 3.92261 -1.93326 0
0.688452 4.63955 -2.26377 0
0.187705 6.27414 -0.0522582 0
0.390638 4.9477 -2.88472 0
0.660938 3.1862 3.12826 0
0.416748 2.95129 -0.947841 0
0.248457 0.588241 -0.833659 0
0.278392 -0.918377 -0.143256 0
0.702234 -2.26068 -0.495592 0
0.517766 -7.23282 0.973413 0
0.387709 -2.8533 -2.8381 0
0.182683 -3.37803 -0.372606 0
0.035837 -5.68742 0.24539 0
0.613124 -5.27679 -1.97882 0
0.233708 -4.42282 2.82835 0
0.792872 -4.83907 -2.25157 0
0.407689 -5.63501 -2.30332 0
0.409798 -3.7669 -2.20447 0
0.510099 -3.70745 1.20123 0
0.910265 -4.63902 -0.582237 0
1.28697 -2.92745 0.802066 0
0.481837 -2.94248 1.70275 0
0.276285 1.65982 0.905267 0
0.158997 -1.54243 1.85903 0
0.230185 0.935622 -2.19975 0
0.504575 6.14094 2.4938 0
0.195195 3.99607 3.07478 0
0.568466 5.48157 -2.53724 0
0.496662 5.91857 3.03487 0
0.690389 3.2661 -2.62596 0
0.748423 4.27596 -0.592325 0
0.217452 5.052 2.0079 0
0.25201 0.53942 1.6427 0
0.673382 0.658642 0.933589 0
0.23207 -5.04819 0.588916 0
0.14686 -6.20284 -1.0981 0
0.249756 -7.6411 0.662555 0
0.414224 -6.03655 2.53562 0
0.218143 -6.14309 3.0182 0
0.731756 -8.0534 1.02758 0
0.134459 -8.50507 1.92236 0
0.298072 -7.31884 -2.8539 0
0.130737 1.24922 -0.955339 6.74709049067567e-08
0.742915 0.498746 -1.78935 2.14951161928655e-08
0.430046 0.907044 -1.41373 0
0.312829 0.830771 -0.875102 0
0.211888 2.51681 0.185707 5.16563396560577e-10
0.74921 1.9621 -0.230564 3.11599689603179e-13
0.903859 2.05789 -0.342706 2.90439445194511e-13
0.117222 3.40819 0.553947 0
0.255445 2.29265 -0.0685014 0
0.322286 1.00205 -0.296249 7.61516574737176e-13
0.0763175 2.77823 -2.93376 2.05373860856823e-13
0.247813 2.45646 1.48485 1.50329476053904e-13
0.364873 1.43694 0.406942 4.88115998751271e-13
0.273634 2.5191 0.815057 1.24864484292855e-13
0.513936 2.54057 1.47845 1.34189421737558e-13
0.419425 3.47698 1.79187 5.91494998032272e-14
1.27326 3.23473 1.70633 6.53447299676521e-14
0.553253 4.42571 -0.851284 0
0.0144306 7.39526 -1.00925 0
0.172751 0.400634 1.3874 0
0.121725 1.11113 -2.36499 0
0.230644 -1.47202 -0.0476039 0
0.377139 -1.61898 -0.741627 0
0.458551 -4.76001 2.78725 0
0.236184 -5.41219 -3.10985 0
0.160683 -5.04214 0.50513 0
0.200186 -4.64166 2.84025 0
0.374498 -0.588568 3.04504 0
0.962329 -1.16973 2.79559 0
0.628759 -2.9533 1.31991 0
0.382472 -2.57834 1.85594 0
0.211021 -2.4811 0.928615 2.0218509584316e-08
0.710203 -2.48619 0.768239 2.82431394844738e-08
0.389911 2.10122 -3.09969 8.88677560645866
0.131184 0.93537 3.06517 75.2994580347291
0.0419384 7.10627 1.77273 6.04465800276862e-07
0.491354 5.53663 2.16263 1.67165991362472e-07
0.559467 4.36405 2.68969 0
0.759118 5.00268 2.64327 0
0.0476184 2.32659 -3.07623 1.26589872548819e-05
0.303864 2.57142 -2.80416 5.33271140761374e-06
0.347659 3.80083 -2.64554 0
0.572823 4.2537 2.9298 0
1.43337 6.27139 -1.38241 0
0.337806 6.3929 -0.876304 0
0.233253 2.01682 -1.2519 4.4444829725804
0.615921 1.90288 -2.33482 1.87826937734228
0.13957 3.53012 0.610425 0.09751051007108
0.378587 2.05828 0.494819 0.102259948059223
0.758875 2.58186 0.120727 0.0167874330984729
0.980245 2.21443 -0.288375 0.0633864282813843
