1.41539 4.49052 -0.775842 0
0.561606 7.16585 -1.01278 0
0.64526 7.23487 -0.811279 0
2.0668 3.74544 -1.50576 0
1.63159 3.23032 -1.06286 0
0.466179 -3.38816 1.2654 0
0.459779 -6.96482 0.474021 0
0.206586 -8.72291 2.23446 0
0.485638 -7.72009 0.142163 0
0.600062 -2.22224 -2.48255 0
2.72094 1.41737 -2.12991 0
0.421459 2.76953 -0.882944 0
0.355816 2.30227 -1.93267 0
1.0874 4.13474 2.84659 0
0.947221 4.03248 1.44019 0
0.393239 5.11007 2.50797 0
3.05291 0.209316 1.8186 0
0.353931 0.863976 0.360205 0
0.135499 2.5352 -2.25993 0
0.173095 2.8479 -1.05803 0
0.622541 2.75856 -1.8642 0
0.395384 2.45431 -2.93226 0
0.374099 1.70434 -2.67975 0
1.67051 3.79229 2.78925 0
0.729915 3.71492 2.00572 0
0.538982 3.33256 1.76937 0
0.709887 2.47475 -2.67003 0
0.699907 3.00491 -1.55509 0
0.347553 2.52571 -0.0446259 0
0.158415 1.9308 0.485533 0
0.98516 2.85097 -0.607551 0
1.01399 2.14685 -1.37263 0
0.629095 3.43036 -0.622406 0
0.28446 6.29856 -0.857614 0
1.22844 1.97148 -1.79353 0
0.738053 1.07929 -2.17907 0
1.29765 -0.488107 -2.76109 0
1.97562 -0.698027 2.73053 0
0.893001 -2.28227 -2.15696 0
0.627721 -5.00783 1.25499 0
0.128965 -5.16915 -0.555671 0
5.3477 3.41642 0.743905 0
6.56121 3.15404 0.783145 0
1.13963 3.04804 0.609814 0
0.967741 2.30501 1.02828 0
0.701472 1.93402 -2.31198 0
1.97046 0.988665 0.893995 0
1.19808 -2.83895 -1.17407 0
0.63297 6.63599 0.971276 0
0.289073 2.00821 -2.76451 0
0.208208 2.04399 -1.67536 0
0.369599 2.18103 3.03604 0
0.0208931 7.50871 0.206678 0
0.0448402 8.18591 2.29841 0
0.521179 3.88476 2.69112 0
0.0809231 -5.85367 -2.62004 0
0.471873 -6.06514 -2.40799 0
0.188865 -6.73514 -1.35355 0
0.194696 -6.15628 -1.2573 0
0.60528 -8.15484 -2.09602 0
0.609085 2.78341 -1.51316 0
0.976613 2.41889 -1.73901 0
0.550881 3.40336 -1.68481 0
1.18427 3.70437 -1.35212 0
2.19666 3.71209 -1.15762 0
0.554866 -4.50154 -0.0505981 0
0.287867 0.816959 -3.09744 0
0.210678 2.44539 -0.415334 0
0.122506 3.45202 -2.93904 0
0.230508 3.22513 -1.22371 0
0.646968 2.60209 -1.46637 0
0.469198 3.52201 2.30822 0
0.481068 3.49856 -0.178076 0
4.10367 4.11656 2.5777 0
0.294459 4.28225 3.11649 0
0.417702 4.51323 -2.76903 0
0.722639 -0.187793 1.53188 0
0.495928 -0.333863 1.68121 0
0.399127 2.00465 1.7026 0
0.438829 2.17598 2.80865 0
1.65923 3.29637 -2.86482 0
0.806917 3.23214 -3.09704 0
0.494469 4.08354 -2.64741 0
1.26203 3.67444 2.52664 0
0.0674221 4.52121 -1.56877 0
0.327938 3.30243 -1.0268 0
0.189048 3.11232 2.51757 0
0.408145 2.01959 2.93889 0
0.285773 3.33059 0.0602944 0
0.354888 4.12403 1.67091 0
0.288448 4.81629 -2.77687 0
0.135785 1.99445 0.463242 0
0.473293 0.30528 2.1168 0
0.67415 1.16713 1.25723 0
1.09689 -0.465028 2.68894 0
1.56146 -0.282995 2.92294 0
0.248961 -0.606116 2.15099 0
0.187931 -2.46124 1.07308 0
0.769006 -1.42854 -2.55801 0
0.513445 -5.34043 -1.34336 0
0.713348 2.80096 0.859881 0
0.567189 3.35203 0.811471 0
1.02594 2.84399 -0.0654197 0
0.286868 1.65843 -1.53127 0
0.314324 1.65126 0.746262 0
0.568102 0.495883 0.978685 0
0.386538 -2.58555 0.670072 0
0.7814 -2.45193 0.179763 0
0.425899 -2.89632 -1.77476 0
0.543453 -2.8331 0.707469 0
0.883146 -1.94866 -0.0275971 0
0.125441 -3.45559 0.911389 0
0.2453 4.75967 -1.89443 0
0.332474 3.35612 1.73873 0
0.393055 0.788045 -2.67829 0
0.170299 -0.121057 1.79602 0
0.32234 6.95777 -0.270582 0
0.517556 8.25432 -0.922621 0
0.485434 5.21118 -2.33979 0
0.355136 2.79636 0.371475 0
0.223988 2.53519 -2.5292 0
0.524976 1.57933 1.02648 0
0.105986 -3.6642 -0.295194 0
0.522833 -5.51342 -0.235218 0
0.988748 -7.5286 2.89389 0
0.324543 3.75377 -1.72302 0.0771970276563175
0.230961 3.10741 -1.48407 6.5647530433186e-11
0.169034 8.38986 0.818507 0
0.32272 7.29348 -1.40953 0
0.390968 2.5686 3.06133 0
0.188071 2.64696 -1.4594 0
9.89527 0.267944 1.64144 3.46021783258802e-09
1.33717 0.276443 1.65074 8.06942814837583e-09
0.53142 3.95197 2.73481 0
0.165111 5.14421 2.52406 0
0.161383 3.92813 0.197789 0
0.32125 3.90184 1.86794 0
0.271857 4.88086 1.71335 0
0.214411 3.57784 0.9611 0
0.26308 -0.00413767 2.59442 0
0.747961 0.517795 2.86756 0
0.935675 -1.82628 0.570891 6.35107044088469
0.129505 -2.31418 1.10474 28.7551762708996
0.159587 4.76792 2.05048 0
0.257482 5.03327 -0.943289 0
0.159657 -0.129811 -1.63765 0
0.136483 1.02651 1.52638 0
0.263857 -6.04122 -0.899212 0
0.237452 -6.92474 -0.313697 0
0.406813 2.08505 -2.19243 33.1919020918599
0.294476 2.26351 -0.936301 38.5896984912157
0.389896 1.89492 -2.70506 13.3313588067826
0.373427 2.08056 -1.58513 11.6657234234068
0.725857 0.0528485 0.742465 1.3133798809666
0.133928 0.161404 -0.416563 7.03014446597024
0.0746874 -1.51567 2.55751 6.10526818511247
0.199267 0.776386 -1.46885 4.14920028664005
0.188 -1.79332 0.986333 47.8633042915329
0.715025 -2.18426 0.205798 8.63296600478629
1.41905 0.582641 0.558246 58.5237354372451
1.32685 0.364237 0.353038 68.9790192633611
0.538476 3.83064 -1.65796 0.0544721746938125
1.13698 3.83199 -1.39786 0.0279754062875987
0.545969 4.4905 -0.619474 2.28688160392765
0.942444 3.94548 -0.778803 2.28829993771046
0.437556 -0.98222 1.4038 1.33547369070663e-05
0.0728869 -0.989474 1.4068 1.36813779598911e-05
0.615019 2.02499 -0.192278 0.021244096576085
0.384564 1.42187 -0.894473 0.0913107024384072
0.799067 2.32731 -0.547191 0.0519653592867947
1.01284 3.77204 -1.3613 0.0433208066834365
1.66073 3.87174 -1.41719 0.0187815861469946
0.687862 3.47021 -1.4526 0.179994638459645
1.87454 3.12529 -1.68152 0.0517744349084058
0.755688 2.38084 -0.676939 0.0427743526463902
0.122785 1.74693 1.56034 0.458913293655007
0.495218 2.92507 -0.98957 0.991541043981565
0.981969 2.61924 -0.48544 0.64634916675604
