0.331743 3.77063 0.650766 0
1.36965 0.833346 0.906421 0
0.328864 1.27557 0.531168 0
0.36683 -5.95433 1.28813 0
0.469093 -4.82609 -2.91512 0
1.40265 -4.06933 -2.76509 0
0.435028 -4.6897 2.30911 0
0.691894 -2.73207 2.7584 0
0.728896 -0.815596 0.299453 0
1.25199 0.713573 -2.94547 0
0.721115 1.68205 0.789027 0
0.54695 3.51897 -0.811633 0
1.07026 1.89204 -2.3013 0
1.25101 0.998186 -2.06993 0
0.561421 1.1055 -2.66667 0
1.94787 1.79079 -2.56687 0
0.378997 1.83011 -2.09252 0
0.640821 1.10229 3.05593 0
0.301484 -1.20974 1.61723 0
0.911185 -0.551849 -0.203986 0
2.39456 -0.0795771 0.745233 0
1.11696 0.252299 0.259147 0
3.31551 0.463176 -0.186162 0
0.550065 0.950616 1.91678 0
0.648103 0.265112 0.66851 0
0.311797 -0.114351 0.272779 0
0.429004 0.310228 0.536338 0
0.27912 -1.32311 -0.950032 0
0.194789 -2.07328 0.0819521 0
0.266943 -1.5153 -2.39873 0
0.25829 -2.35058 -0.166525 0
0.713958 -3.55237 2.08614 0
0.470879 -4.72335 -0.178318 0
0.741762 -3.97392 2.76936 0
0.465935 -8.436 1.52047 0
0.338768 -2.39046 2.10493 0
0.624854 -3.44351 2.67801 0
0.395641 -3.31299 -1.31582 0
0.302799 1.45755 0.102427 0
0.322234 2.90507 3.04419 0
0.410827 4.16972 2.00527 0
0.731764 4.68837 -0.944971 0
0.21155 9.39866 2.63343 0
0.651643 6.33597 3.02566 0
0.417301 5.63963 2.13556 0
1.01425 5.2764 -3.04428 0
0.061211 0.722942 -1.79193 0
0.326526 -6.19431 2.78599 0
0.507197 -4.8847 1.77858 0
0.203696 -5.17523 0.986091 0
0.972548 -4.65623 2.56117 0
0.224186 -3.59137 1.76404 0
0.26429 4.50772 -1.61185 0
0.964679 1.81353 -1.256 0
1.5035 1.98863 -1.58538 0
0.758129 1.47994 -2.07349 0
1.06001 1.20247 -2.70468 0
0.214084 0.293679 -2.53597 0
0.809382 -0.314236 -0.904193 0
0.441818 -1.1203 -0.19479 0
1.01095 0.49336 0.905024 0
1.11739 -0.00721006 1.91748 0
0.528313 -0.933183 2.95568 0
0.361637 -2.84429 -0.0660403 0
0.467659 -1.9926 1.01601 0
0.372897 -4.53807 -0.924631 0
0.729942 -9.06566 1.82764 0
0.166617 -8.98509 -0.844335 0
0.64297 -6.50898 0.853048 0
0.488056 -5.29759 -1.50586 0
0.431011 -6.23773 2.3893 0
0.513733 -1.39468 -2.41519 0
0.0957294 0.116716 1.53739 0
0.616274 8.49649 -2.40556 0
0.155863 7.48174 -0.635887 0
0.861364 -0.501114 -0.224473 0
0.281832 -1.30146 -0.908325 0
0.45532 -0.207666 0.728496 0
0.148569 -0.687649 -1.11286 0
1.90344 0.993326 0.00452409 4.46886156461635
0.325292 -2.28658 -0.84068 7.02262051276392e-06
0.17336 -2.29583 -0.846979 6.45363281449915e-06
0.146231 -7.42911 -0.748646 0
0.282492 -6.5466 -0.814792 0
1.273 0.976987 -2.52012 2.23506500895224e-06
0.408574 0.980113 -2.53366 1.94055768764568e-06
0.33703 3.28496 -0.250171 0
0.299758 2.03295 2.74279 0
