1.10934 2.40334 -1.08093 0
0.545915 2.75771 1.80792 0
1.59304 2.55303 1.40395 0
0.189125 -1.82046 -1.17409 0
0.149178 -2.80929 -0.881106 0
0.0910617 -3.99898 -1.57509 0
0.173244 -4.62181 1.85484 0
0.284101 -5.00024 1.30254 0
0.232605 -7.56904 3.07144 0
0.364357 -1.95797 -0.575064 0
0.685573 -2.25327 0.0923319 0
0.619702 -3.00947 0.589702 0
2.29352 -2.21905 -1.32103 0
1.14517 -2.76394 -1.76201 0
1.23824 0.451461 1.7483 0
0.16533 2.36812 3.0422 0
0.879435 -0.925567 1.57601 0
0.856627 0.0765018 -1.88236 0
2.23203 3.70621 0.169955 0
0.827791 4.29494 0.318531 0
0.41962 6.69821 0.309751 0
2.21637 6.19946 -0.534809 0
0.617698 6.22684 -1.38395 0
4.07199 -3.23672 -2.24162 0
5.14766 -3.07961 -2.63984 0
1.86737 -3.44228 -2.49363 0
0.466855 -6.0032 0.204169 0
0.214106 -3.73968 2.46279 0
1.70125 -5.02822 -2.54294 0
3.81521 -1.48234 2.82351 0
0.62072 -0.715339 2.91672 0
0.217579 -1.12715 0.765976 0
0.767037 -1.64084 -0.200946 0
0.137756 -0.294429 -2.07683 0
0.265581 1.10895 -0.189103 0
0.177797 0.847141 1.12719 0
2.27186 2.40913 -1.81802 0
1.70993 4.92 -2.83478 0
0.908589 4.68315 2.65087 0
2.42909 3.57634 2.32271 0
0.261956 3.71544 -3.06051 0
0.551649 1.57017 1.56892 0
0.529628 2.93471 -2.85106 0
1.29937 2.01345 1.42713 0
0.987689 -0.444176 2.13876 8.97230885195125e-14
6.7967 -0.494139 2.35123 8.95724204601124e-14
2.2974 -0.364769 2.14366 9.25180618588179e-14
0.0821797 -0.594167 -1.70569 9.02373215309954e-14
0.173293 -0.794663 -0.656421 7.19490833042391e-14
3.21815 -2.40033 2.6501 3.06641131006453e-14
0.369543 -3.69866 -2.51838 2.38478095568698e-14
0.295022 -3.62924 -1.98458 2.36800543911983e-14
1.09099 -3.58122 3.02838 2.32568577402045e-14
0.427885 4.60707 -2.95011 0
0.565782 2.84569 0.65347 0
4.82651 3.41426 1.31299 0
0.123185 3.46295 -1.471 0
4.69008 2.41305 -2.82298 0
1.40757 2.43708 -2.74695 0
1.41701 1.98919 2.72084 0
0.410436 0.56512 -2.74348 0
0.346234 0.826842 0.661171 0
10.6018 -0.68258 -0.0550018 0
0.802732 -5.81175 0.172943 0
0.54751 -2.60843 0.363385 0
0.0694227 4.26739 -0.292195 0
0.558819 4.72188 -0.623653 0
0.716189 6.42656 -0.874438 0
0.339487 7.10377 -0.365031 0
0.488873 2.3365 -1.54476 0
0.410838 1.97126 -0.595541 0
0.731522 3.06188 -1.08361 0
0.274095 3.46897 -0.559775 0
0.0500397 -3.10899 -2.85583 0
0.11553 -6.34862 0.683773 0
0.0850037 -6.2104 -2.57435 0
0.258554 -5.29199 2.99792 0
0.238836 -4.17675 -0.254941 0
0.407775 -5.17775 -2.36392 0
0.101092 -4.01876 0.746838 0
0.0752565 -0.171162 -0.178182 0
0.307264 -2.29068 -2.83217 0
1.06898 -2.71466 -0.245325 0
1.49102 -2.76236 -0.619812 0
1.44919 1.52938 1.43995 0
0.707975 2.90582 1.93832 0
0.809644 2.08252 1.33933 0
1.20006 5.08402 -0.15099 0
0.19725 6.21907 1.46203 0
0.673828 6.43859 -0.995331 0
5.31408 -3.47684 -2.43067 0
3.15283 -3.46487 -2.24155 0
0.408499 -4.33698 2.28221 0
0.428284 -3.33166 -2.89552 0
0.295508 -5.58185 -0.912774 0
0.238667 -10.2705 0.0657329 0
0.202782 -1.0149 -0.0683031 0
0.584671 0.186382 -0.897545 0
0.0797951 1.60659 1.59596 0
0.390588 -1.52921 -0.715386 0
0.147623 0.604741 -1.72928 0
0.380505 0.623589 2.8107 0
0.213915 3.88582 -0.602126 0
0.304917 2.29011 -2.52505 0
0.475318 2.50281 -2.12797 0
0.106968 3.94935 2.02068 0
0.501545 4.0184 -2.76949 0
1.34093 4.05453 2.82059 0
0.414657 4.14819 1.91567 0
0.901453 4.15405 1.72769 0
0.128953 4.53142 -2.70505 0
1.20332 3.81182 1.65174 0
0.710494 3.42754 0.927428 0
0.825882 3.32543 3.01239 0
0.348521 1.4848 -0.733589 0
12.1053 -0.444274 2.3207 9.11163722836033e-14
4.85135 -0.457076 2.2081 8.97985062794814e-14
0.922494 -3.8697 2.72293 2.13096763638421e-14
0.50892 -3.264 -2.49078 2.64258311205751e-14
1.37292 -3.61719 -2.81688 2.40380725240318e-14
0.530416 -4.14795 -2.38695 2.21041487566834e-14
0.551641 3.89545 0.0012066 0
2.07833 2.96343 0.792401 0
0.754454 2.98329 1.31109 0
0.382427 3.16526 1.87148 0
0.628577 2.26869 -2.80132 0
0.15427 1.28411 -0.838771 0
0.508523 2.82476 -2.60699 0
0.521032 -5.48625 -0.131254 0
0.220588 -6.3898 1.08741 0
0.630842 -2.17732 3.11264 0
0.438332 -1.95923 -1.91748 0
0.284711 -2.25246 1.96233 0
0.28196 -2.31469 2.72047 0
0.199086 1.28982 -1.2605 0
0.232101 0.117289 -3.10361 0
0.750833 0.290229 0.361983 0
0.223942 1.822 1.51103 0
0.0444474 4.46236 2.39755 0
0.429551 7.33339 2.25311 0
0.325419 7.86405 1.90915 0
0.307711 3.30443 -0.738419 0
0.185286 3.96503 -1.19985 0
0.0724776 0.944727 1.50341 0
0.141781 -1.51276 2.23585 0
1.36493 -3.40005 -2.29762 0
6.34626 -3.34744 -2.32659 0
0.50951 -4.78312 -3.1276 0.95332507495544
0.144708 -3.95564 2.56108 7.6345930324053
0.782065 -1.47744 3.04268 0
0.129077 -0.88391 -3.04213 0
0.44954 0.28501 0.370776 0
0.133864 -0.0545045 -0.884761 0
0.60732 3.55228 1.42404 0
1.05158 3.45404 2.01162 0
0.16879 -0.48415 1.36765 0
0.329104 0.00497421 -0.131398 0
0.403648 -1.5864 -3.03579 5.40649307015991e-14
0.19496 -0.43583 2.55199 9.2890390450189e-14
0.213711 4.54389 1.24847 2.60917373762805e-07
0.149344 5.6512 2.17832 1.24941976702836e-07
0.363173 2.35114 -2.95387 0
0.79978 2.09351 -2.56797 0
2.82576 2.25814 -2.71034 0
0.267002 1.88249 1.38786 2.16369168429559
0.0967075 0.0714761 2.63028 0
0.253312 -0.214135 -0.68089 0
2.88829 -0.65857 -0.0571519 0
0.11292 -3.44963 -1.34094 0
0.113174 -3.99797 3.06081 0
0.26251 -3.21652 1.69765 2.15327440567184e-06
0.0149877 -3.31591 1.72624 1.46511686748809e-06
0.441573 -0.00868375 2.18349 6.51430321110298
0.0542723 1.5213 -1.82609 22.0864142635132
0.00406138 1.29457 -2.67822 2.47612802657844e-05
0.0597243 0.668793 -1.90221 4.63581045815022e-05
0.883759 4.42228 0.423741 0.407635873071541
0.707983 -1.6396 1.99548 0.0431637534174469
0.765965 -1.31605 3.10428 0.0659655970724296
0.268501 -1.05589 0.737088 0.168076632167275
0.00237495 -8.89969 -1.68765 0.0162434159727523
0.0857751 -2.44743 -0.909281 0.105895136324387
0.232797 -3.36331 1.45004 0.0637947565774478
0.770471 -3.53275 -1.60409 0.0241311006425611
0.462603 2.74153 -3.12099 0.812358604887826
0.649833 1.82026 1.59321 6.09077840052627
0.272601 1.42791 1.58818 23.1993525736651
2.44612 -0.722812 -0.106883 0.00864026580109493
1.71394 -0.721781 -0.0996991 0.00819973754422373
4.56671 -0.626136 -0.107104 0.0189114598406071
1.3045 -0.73248 -0.119047 0.0387587618239449
2.04309 -0.701388 -0.100543 0.0210147647305378
3.80741 -0.721441 0.00705574 0.0309794918992991
8.59036 -0.701761 -0.134161 0.00963136915806287
0.603444 3.31792 -1.80675 0.388061874058923
5.81384 -0.683888 -0.0724455 0.0746339728983757
