0.259243 7.70218 -2.79539 0
0.257337 7.69496 2.32373 0
1.01508 6.23195 -1.42117 0
0.578524 5.21456 0.704915 0
0.0778724 4.14023 -0.70432 0
0.0531584 7.30588 2.17599 0
0.2631 3.67339 0.478228 0
0.396094 4.93936 0.149724 0
0.322289 3.69878 -1.70723 0
0.389772 2.16286 -1.80846 0
0.254093 2.52305 1.6161 0
0.657046 -0.948968 -0.748236 0
0.532584 -1.28947 -2.77117 0
0.502304 -6.13549 -0.0123138 0
0.0776761 -7.18072 -1.388 0
0.637399 -7.35015 -1.81003 0
0.449756 -8.94465 2.31222 0
0.516603 -3.05509 2.67219 0
0.541812 -3.76906 -0.202873 0
0.469849 -2.16753 -2.64112 0
0.479997 -0.134227 1.16745 0
0.170534 2.07978 1.71087 0
0.379098 2.60966 0.119978 0
0.0299843 3.20199 -2.42239 0
0.640973 4.36179 -2.71943 0
0.490109 6.27174 -0.733979 0
0.100451 7.24222 0.0198838 0
0.159162 9.15912 -1.37688 0
0.319873 9.31097 -0.807793 0
0.326965 8.93058 2.46638 0
0.405119 7.25825 -2.72862 0
0.240194 5.64888 0.432155 0
0.151552 1.9757 -2.34617 0
0.18701 3.03695 2.72347 0
0.967891 2.63923 0.961956 0
0.332018 -3.63857 -1.64283 0
0.341391 -3.499 -2.28574 0
0.0713077 -5.17495 -2.82881 0
0.313607 -6.14306 2.04317 0
0.358293 -8.4212 -2.3832 0
1.08436 -7.80231 2.2614 0
0.299801 -7.10047 0.301203 0
0.0672767 1.98771 0.95976 0
0.389863 -0.67072 -2.30102 0
0.203574 1.33693 -1.52831 0
0.233124 3.37384 0.125264 0
0.516934 3.16926 -2.60125 0
0.269077 5.00399 -0.787412 0
0.123644 6.12637 1.84088 0
0.337126 5.72093 -1.76312 0
0.247183 0.113042 0.488641 0
0.113355 1.66772 1.02943 0
0.195258 -6.2857 1.6213 0
0.37493 -5.52119 1.65312 0
0.119469 -6.03345 -0.841604 0
0.059355 -5.05754 2.618 0
0.567585 7.27701 -3.05414 0
0.113236 7.01365 -1.84028 0
