0.649468 -7.87762 -2.89659 0
0.460249 3.15946 -2.9801 0
0.255165 4.69255 -0.355987 0
0.420557 6.76874 2.38983 0
0.477656 6.3572 2.74138 0
0.595952 8.55953 0.860622 0
2.48318 -1.02475 -2.52513 0
1.73735 -1.29808 -2.17862 0
0.894743 -1.80988 -1.8531 0
0.58552 -1.11484 -2.15833 0
0.580382 -1.95455 -1.82815 0
0.579976 -1.59403 -1.27244 0
0.554875 -2.22387 -2.32096 0
1.27879 -0.425479 -2.17439 0
0.48284 7.02643 -0.0127278 0
0.680106 7.2825 0.873274 0
0.156976 1.35434 -1.32513 0
0.154358 -0.533755 -0.633135 0
0.889675 -0.102339 1.45134 0
2.01851 -3.45304 -0.497635 0
0.612757 -2.97649 -0.936385 0
0.453786 -2.40093 0.832826 0
0.591611 -2.0025 -1.35088 0
0.601887 -0.0142745 2.05575 0
0.341258 0.726529 -0.183104 0
0.796422 -0.963586 0.790904 0
0.335508 1.03652 -2.26604 0
4.37745 1.21059 -2.72475 0
0.633234 0.185968 2.43073 0
0.338227 -2.55751 -0.0579453 0
0.0771407 -6.73635 1.17338 0
0.485039 -3.05611 3.03332 0
0.266566 -3.95419 1.32693 0
0.794177 -1.52743 -1.50628 0
1.01412 -0.410704 1.4115 0
0.289682 1.12017 -0.981303 0
0.356629 4.10304 1.59386 0
0.334642 7.47178 0.656665 0
0.393396 -7.5538 -0.671821 0
0.222746 -7.33406 -1.97523 0
0.473515 -5.91876 -1.18932 0
0.329326 -2.59985 1.53711 0
0.78704 -1.98 -2.70759 0
0.259372 -1.10444 -1.16721 0
0.798028 0.489595 -1.35786 0
0.653558 1.23043 -2.58544 0
2.13685 2.01493 -3.04568 0
1.30638 2.60869 -2.66656 0
0.499197 3.70882 0.994922 0
0.381353 3.15186 2.50347 0
0.515478 4.15223 1.20075 0
0.250019 7.41665 1.78841 0
0.577725 6.46605 -0.485243 0
0.84395 -1.04663 -1.9985 0
0.410793 -1.63106 -2.8597 0
1.2359 -2.14864 -2.09802 0
0.635328 -1.64533 -2.0264 0
0.269361 -1.73859 1.34543 0
0.290248 -1.34438 -1.11942 0
0.54102 0.0299662 -1.44974 0
0.893232 0.238993 -2.53358 0
0.0799773 2.08479 -1.1806 0
0.085665 1.2428 3.03165 0
0.314876 4.28241 -0.0519142 0
0.544352 4.27827 2.6348 0
0.546644 4.82214 -1.86856 0
0.722528 4.82716 1.68384 0
0.538864 4.02577 -1.90919 0
0.264495 2.2574 1.27892 0
0.295004 -0.329963 2.36259 0
0.596474 -1.23634 1.73517 0
0.421907 -1.07912 -1.04515 0
0.68436 -1.06652 1.55488 0
2.07899 -0.5936 1.84245 0
0.791779 -0.482684 1.29661 0
0.721567 -0.860508 1.98267 0
1.34553 -1.23057 0.9877 0
0.925642 -0.574435 1.02549 0
0.323132 -1.89593 0.408887 0
1.549 -1.79667 0.818739 0
0.955862 -0.719027 0.96918 0
0.328 -3.10812 1.73655 0
0.207005 -0.917444 0.385066 0
1.00406 -2.76899 -2.00735 0
0.40439 -3.71637 -2.18376 0
0.327382 -3.27801 0.747966 0
0.463357 1.17894 0.555287 0
0.73043 1.26312 0.0164415 0
0.331116 1.07022 1.59642 0
0.579515 0.417484 -0.134405 0
0.283742 -0.0544846 -0.151015 0
0.206761 -1.44997 -1.66612 0
0.743184 -0.0901511 -0.458333 0
0.248652 -2.92705 -2.69229 0
0.331094 0.121548 -1.95603 0
0.502224 -2.73216 1.13724 0
0.198743 -6.59766 1.5136 0
0.636511 -3.99153 0.0241763 0
0.450414 1.48414 1.29367 0
0.46773 3.60025 0.0200723 0
0.557409 -5.38431 0.394587 0
0.280399 -4.21232 -1.61961 0
0.594234 -3.49034 2.52837 0
0.503025 -0.534867 -3.08952 0
0.190604 -1.19794 -0.194936 0
0.290878 -1.20497 1.99307 0
0.259807 2.76695 1.30042 0
0.445728 1.12153 2.96615 0
0.0536139 9.02301 -2.70111 4.75948721102477e-08
0.17097 9.29787 -0.999063 1.53997029763887e-09
0.35137 -1.66928 -2.76658 0
1.13456 -1.79351 -2.48141 0
1.45334 0.71879 -2.52343 1.82287411433365
0.0787456 1.03116 -2.93091 27.3786872737844
0.384801 -0.554937 -1.19396 0
0.177774 0.15579 2.73219 0
0.909847 6.45641 -0.209148 0
0.536147 6.45442 0.10534 0
1.85473 -0.774299 1.51293 0
0.272745 -0.768073 1.20787 0
1.06305 -3.22178 -2.3211 0
0.0655135 -4.21164 -1.76336 0
0.174828 -3.55013 1.70202 0
0.261194 -4.01079 -1.36241 0
0.282764 -2.02651 -0.573073 0
0.106909 -1.3611 1.7343 0
0.544674 -0.523236 0.59076 0
0.297363 0.00170814 -0.231683 0
0.213082 -1.87674 -0.0321394 3.86520144702878
0.180093 -0.199495 1.74507 0
0.0428898 2.71254 2.5611 0
0.0962367 -8.56253 1.81611 0
0.253213 -6.47434 -2.4393 0
0.160535 -3.28272 -2.57322 0
0.160039 -1.52754 -2.77988 0
0.206123 -2.47812 -2.62302 0
0.3037 -1.43482 2.3555 0
0.209145 -1.62016 -3.06065 5.37895992077506
0.146657 -2.69733 -0.135012 2.70494250078762
0.0260234 -0.899323 -1.56977 8.56015798953333e-05
0.0667223 -1.28449 -2.18779 2.29710309724582e-05
0.174602 -6.95663 -2.39781 0.428807359154102
0.838385 -7.23547 -1.68901 0.0678469739290013
0.970637 0.983925 1.599 0.0108622278032461
0.130798 0.658801 -3.08165 0.0171007914465878
0.93731 0.865468 2.69334 0.0292851789337823
0.0731656 1.12576 -1.94181 0.153844743460511
0.33389 0.624618 2.31517 0.0565952461990792
0.144541 -1.304 -2.86966 0.168708760363821
