0.465808 -0.101403 2.75726 0
0.615719 0.299922 1.48106 0
0.692808 0.85643 -0.353489 0
1.10544 1.153 0.0478361 0
1.76374 1.63633 -0.864635 0
1.4377 1.65214 -1.1227 0
0.265418 0.847171 -2.932 0
0.743539 2.45623 -1.95941 0
0.506043 2.5072 2.86178 0
0.638111 2.44924 -2.66264 0
0.485742 3.09183 -2.90236 0
0.713333 1.54854 2.09447 0
7.15264 -1.47376 2.42483 1.00615084251979e-14
0.267311 0.683862 -3.08986 1.75735518116675e-14
1.65386 0.470683 -0.383305 2.13646380440749e-14
0.221722 -6.16361 2.67216 0
0.203527 -5.13423 -3.14003 0
0.287292 -3.27827 0.0374731 0
0.498311 -1.58163 -3.12824 0
0.788636 1.34124 -1.56543 0
0.165707 2.6203 2.53053 0
1.84075 1.98764 -1.19417 0
0.262824 0.557045 -2.32821 0
1.0578 0.706225 2.29168 0
0.662667 0.734162 -2.13138 0
0.128546 -0.614675 -2.96953 0
0.481755 1.96726 2.22853 0
0.141531 1.02657 2.04863 0
0.901865 1.87851 2.84908 0
2.97829 0.1522 -1.40499 0
0.418495 -0.516131 -1.58247 0
0.0697146 -4.36174 2.61122 0
0.853411 -2.62459 -1.90611 0
0.679541 -2.23364 2.09687 0
0.518116 -5.85187 -3.07277 0
0.209355 -7.57128 -1.69378 0
0.392899 -6.32997 1.93945 0
0.131699 -6.96762 -0.199959 0
0.483203 -4.94409 -2.10622 0
1.12284 -0.62314 1.87315 0
2.26002 -0.892734 2.39309 0
1.57067 -1.01938 -2.97052 0
0.250966 -2.79464 -1.16256 0
1.55995 -3.2639 -0.588897 0
0.886476 -1.65798 -1.08316 0
1.12774 -2.28298 -1.39928 0
1.07744 5.9651 -1.18237 0
2.27648 6.45703 -1.22512 0
0.266377 6.0293 -1.07141 0
0.461515 6.67723 -1.1807 0
0.490881 3.90043 -1.71029 0
0.921172 4.02632 -2.89034 0
0.498576 0.815812 1.72287 0
0.658739 1.45602 -1.24421 0
0.608571 -1.2129 -1.92474 0
0.253878 3.82918 0.892512 0
0.729325 2.94816 1.11807 0
0.302749 4.6967 -0.38208 0
0.19277 5.96561 -1.4001 0
0.76026 5.01932 2.64046 0
3.95821 1.12004 -0.459333 0
0.413612 3.12703 2.0831 0
0.296319 4.14362 2.32057 0
0.44222 2.75745 -0.00727632 0
1.75119 4.2133 1.55907 0
0.602977 6.98695 2.16375 0
0.632566 5.45269 -2.82729 0
0.578542 3.3656 1.38353 0
0.491308 1.5518 -0.872946 0
0.412323 0.356352 1.21294 0
0.133618 -2.1271 -0.896081 0
0.522638 -3.16943 1.92631 0
0.865648 -3.27699 0.818843 0
1.41335 -3.31217 0.638187 0
0.540783 -1.48398 -0.406359 0
0.394768 0.110296 -1.79016 0
0.180805 -0.572493 -2.39826 0
0.650072 0.394896 1.29008 0
0.465533 1.30007 0.835851 0
0.380822 6.33 -1.0237 0
0.184471 8.54653 1.06361 0
0.127039 -5.56622 1.95891 0
0.939017 -7.1318 -0.208576 0
0.677825 -2.7641 -3.11408 0
1.12543 -0.557223 -3.09699 0
0.435458 -0.0829979 -1.68932 0
0.237779 2.4531 -2.5732 0
1.52142 1.09153 -0.33443 0
0.869149 0.989368 0.0804135 0
0.173573 1.13632 -1.13821 0
1.9109 0.655873 -1.65634 0
1.15775 1.10608 -1.96259 0
0.416225 1.42816 -0.705609 0
0.605082 1.17987 -1.34741 0
0.557613 1.07803 0.0135629 0
0.784645 2.69355 -2.30518 0
0.145787 3.40312 1.885 0
0.278411 1.35209 1.46642 0
7.92738 -1.39344 2.55125 1.13658680865594e-14
0.433142 -1.42105 2.40224 1.03368929955707e-14
1.45217 -0.0116823 -3.11421 2.34207669751459e-14
0.343804 -5.65121 -1.05352 0
0.244033 -6.00123 3.13682 0
0.653811 -2.19118 1.60529 0
0.423992 -1.90517 -0.0665069 0
0.253352 1.00612 -1.77069 0
1.59694 2.40891 -1.88269 0
0.148264 1.57941 0.952349 0
0.66758 1.92831 -1.72208 0
0.395022 2.10134 -1.94453 0
0.800998 -0.0918891 1.65486 0
0.476596 -6.2307 -1.71009 0
1.069 1.67164 2.80056 0
0.0636967 2.62463 0.623066 0
0.307218 -0.416505 2.85879 0
0.45295 -0.26233 -2.04274 0
0.476294 -1.64344 -1.06173 0
1.14001 -2.60669 1.63569 0
0.453446 -2.70141 0.610427 0
0.275796 -5.1253 0.0807116 0
0.708285 -5.57868 -2.38574 0
0.198272 -5.18273 -1.72247 0
0.579786 -4.00063 -2.95508 0
0.0340654 -3.50308 -0.630585 0
0.181707 -1.34655 1.15209 0
0.51005 -2.28232 -2.59827 0
0.765805 -1.5511 2.98046 0
0.488139 -0.356633 3.13396 0
0.390031 -0.758369 1.22564 0
0.461148 -0.655558 -3.13729 0
2.33775 -0.890084 2.53811 0
0.70903 -2.84294 2.87102 0
0.214888 -2.81149 2.13095 0
0.282446 -3.21859 -1.00987 0
0.968767 -3.67958 -0.723899 0
1.17491 -2.70282 -0.762045 0
2.36283 -3.14411 -0.679571 0
0.920478 -2.9277 -0.705748 0
0.159785 -3.74621 -2.28445 0
0.608304 5.40466 -0.919488 0
0.14073 4.53088 2.80833 0
0.356084 4.33903 2.59947 0
0.389754 4.94025 2.74351 0
0.264486 5.48016 0.792801 0
0.287303 3.14024 -2.10327 0
0.376407 1.80473 0.80269 0
0.360523 -2.86908 -1.10629 0
0.805427 -2.65095 2.14813 0
0.251016 -3.8025 -0.831624 0
0.776647 3.75417 1.36373 0
1.12114 4.00184 0.803882 0
0.286028 3.35137 1.78776 0
0.510943 5.27309 1.74697 0
0.255159 4.47737 0.505185 0
0.34527 5.84226 1.33618 0
1.43149 5.83598 1.40529 0
0.217853 2.33916 -2.35684 0
0.114196 4.25222 0.0602896 0
1.01525 2.66585 1.35245 0
0.642183 4.21865 1.23438 0
0.317297 5.38512 -1.62067 0
0.304377 5.93302 0.481982 0
0.388257 2.36187 2.87008 0
0.15359 -3.20747 0.041385 0
0.764008 -2.02747 0.729015 0
0.0980938 -4.42616 1.50342 0
0.73133 -3.10869 0.85339 0
0.0980634 -1.81711 -1.16038 0
0.34419 -0.636879 2.53251 0
0.334598 4.94376 2.43429 0
0.116489 6.18486 -1.39131 0
1.22244 -7.36256 -0.191588 0
0.0956033 -6.88064 0.389451 0
0.658391 -3.52765 0.730642 0
0.273043 -2.98318 -0.824458 0
0.195374 2.04703 -0.175748 0
0.339177 1.79798 -2.89185 0
0.441791 1.83471 0.985568 0
0.516296 2.82887 1.53267 0
0.421203 4.4129 0.497448 0
0.128367 4.53781 0.891231 0
0.298761 5.04104 2.98925 0
0.609904 5.31328 -0.0598097 0
0.10237 5.44616 -0.157043 0
0.264077 0.388849 2.82254 1.37093974661428e-07
0.461626 0.163893 2.55036 1.04452606691084e-07
0.287784 -1.02425 -3.06287 0
0.130792 -1.20905 -0.0919276 0
0.857492 0.497552 -2.02111 0
1.44144 0.749468 -1.99693 0
0.204528 1.35164 -0.548996 0
0.298194 0.030845 -0.819129 0
0.129808 1.45195 -1.20628 0
0.67901 1.08718 -1.19957 0
0.309431 0.967782 -0.704738 0
0.186011 1.12935 1.09996 0
0.166563 1.71212 2.85954 3.42382293109322e-05
0.16892 1.72077 2.86553 3.30374210729044e-05
0.686118 -1.19857 2.21269 1.12767174652662e-14
0.778693 -1.56654 2.56114 1.01330574769205e-14
0.184706 0.131375 0.444269 1.31142057016891e-07
0.263756 -0.360328 0.714682 4.90315944686653e-08
0.372724 0.226164 2.01277 0
0.899534 0.699014 1.96915 0
0.224695 -6.53516 2.44939 0
0.171338 -5.15868 -2.88208 0
0.263841 -0.837628 -1.84065 0
0.184968 -1.90928 -0.0623865 0
0.420613 0.251292 -1.71517 0
0.188684 -0.19795 3.11105 0
0.17073 -2.60828 0.134549 0
0.175513 -1.71959 1.64398 0
0.322279 -6.18594 -3.0982 3.16754787629763e-09
0.516282 -5.67032 3.05869 1.14740216444188e-08
0.259469 -5.69856 2.1668 0
0.277822 -6.02314 0.817427 0
0.297089 -2.89085 -2.65598 0
0.449293 -2.70358 3.03717 0
0.200877 -4.07278 2.80563 0
0.116331 -4.92187 0.272148 0
0.280195 0.407546 -1.05383 1.11292719768965e-08
0.0767559 1.28198 -0.423463 8.29741074262144e-09
0.30446 2.35133 0.438499 0
0.177502 2.81012 -1.94951 0
0.172747 3.32225 -2.21877 0
0.712923 3.53089 -1.178 0
0.28983 -3.34458 0.0262827 0
0.276901 -2.52232 1.13439 0
1.30998 -3.01775 1.3135 0
0.214929 -3.5099 1.25822 0
0.470607 -2.84094 1.10734 0
0.0364826 -3.56608 -1.71614 0
0.336294 8.47446 2.82765 0
0.11809 9.14776 -1.57881 0
0.339379 0.572837 -1.046 2.36063308832284e-07
0.105041 1.83957 -0.658889 4.63626895160169e-07
0.158699 -1.79175 -2.54474 2.94458216347109
0.211771 -2.61722 1.24669 0.989059583085964
1.36232 -1.83917 -1.94156 1.02918305002766
0.835105 -2.19292 -1.79197 1.19040528287779
0.056617 4.15507 2.15809 11.6999049605265
0.153022 1.65216 -0.427215 50.9777466147497
4.85572 0.26245 -0.130832 0.0426153400964073
10.8863 0.231847 -0.126349 0.0242984153854083
3.25593 0.115361 -0.138476 0.140897377253012
0.0539307 -6.48492 0.591055 3.57414289054479e-08
0.227563 -6.40892 -0.277496 5.27635769286241e-08
