0.164092 9.05085 1.04216 0
0.430977 10.0209 -1.61139 0
0.431319 -6.35226 2.36393 0
0.963703 4.22192 1.75867 0
0.107392 2.29423 0.208754 0
1.04643 3.66317 2.31049 0
0.421762 4.32843 2.39111 0
0.835296 4.16692 3.08911 0
0.278057 -4.0153 -2.72158 0
0.162616 -8.72515 -2.73697 0
0.36695 1.82222 1.32375 0
0.721545 0.939617 -0.480062 0
0.244959 3.59908 -1.15558 0
0.623421 6.52992 -3.01978 0
0.426886 4.25121 0.356741 0
0.297243 -7.27948 0.209146 0
0.429976 -6.17564 -3.05154 0
0.170722 2.61537 -1.28921 0
0.36336 1.65718 1.01946 0
0.189553 2.6878 1.18679 0
0.207857 3.50936 3.06808 0
0.430524 3.69233 -2.82133 0
0.31827 4.10806 -0.237864 0
0.362577 -3.79175 2.77338 0
0.411049 -3.97275 -1.06272 0
0.461392 -4.7843 0.759225 0
0.385396 -6.89474 2.17634 0
0.249937 -5.25546 -0.00469535 0
0.244946 -8.80702 2.52864 0
0.092599 8.07846 -1.52029 0
0.375901 3.06291 -1.39575 0
0.480719 1.57556 -2.39004 0
0.181198 3.19349 -0.165078 0
0.56519 0.726173 -2.888 0
0.525336 2.05441 0.386572 0
1.03375 1.97502 -0.366677 0
0.461408 3.70443 -1.1831 0
0.500052 2.7987 1.64692 0
0.390388 4.03625 -1.47478 0
0.313164 2.0546 0.471783 0
0.259475 0.475963 1.14096 0
0.0834499 -1.18834 -0.168481 0
0.504618 3.28031 -1.32846 2.66769434979445
0.0632044 4.18132 2.53228 8.65279869480048
0.274852 2.34348 -0.891299 4.9713301475686
0.0503315 1.71117 1.01369 49.9400274595875
