0.163089 6.98059 2.75302 0
0.326138 7.33941 -1.91355 0
0.103943 -6.27183 -0.265455 0
0.236836 6.47082 0.785497 0
0.281485 4.60125 -0.307942 0
0.889356 2.97147 -1.98536 0
0.48411 2.40057 -1.04757 0
0.087886 0.271205 1.38047 0
0.419379 -1.48272 -2.27542 0
0.540842 -2.00574 1.84828 0
0.350678 1.27536 -0.91093 0
0.195482 5.44117 1.86752 0
0.187689 4.63713 0.379233 0
0.0781399 6.61865 1.62681 0
0.942568 5.82488 -2.04019 0
0.296781 2.31704 -0.306502 0
2.50516 3.52905 0.877986 0
1.56632 4.22046 1.41919 0
0.934694 3.55968 -1.74048 0
0.405565 4.96032 2.42019 0
0.234337 3.28854 1.09917 0
0.522885 2.09259 -0.432691 0
0.833426 -0.147349 -1.13944 0
0.824736 0.399269 -2.09436 0
0.717762 0.620404 -1.86692 0
1.02709 -0.262152 0.824832 0
1.04423 -1.47383 -0.775583 0
0.685655 -1.77937 -2.20359 0
0.499964 -2.77541 -0.556771 0
0.640709 -2.04421 -1.10123 0
0.642975 -2.2498 -0.654297 0
0.341776 -3.33434 -1.64979 0
1.08747 -2.66829 -2.02603 0
0.96327 -2.96343 0.512919 0
0.311646 -6.22645 2.89472 0
0.589987 -7.13545 -0.209759 0
0.263423 1.58333 0.319353 0
0.611389 1.69454 -1.07947 0
0.546296 3.0193 0.0111597 0
0.201352 3.12173 -2.03853 0
0.194412 3.60425 -2.21916 0
0.608843 4.77758 -2.57672 0
0.518403 4.59809 -2.4096 0
1.41006 3.50399 2.20731 0
1.07209 2.55859 1.1622 0
0.775867 1.62398 1.00349 0
2.61283 2.74225 1.0026 0
0.466728 1.87761 -3.14043 0
0.763368 2.51188 2.08532 0
1.06383 1.50648 1.9265 0
0.506227 0.86625 2.54164 0
1.02141 1.04806 0.110214 0
1.46334 -0.211477 -1.29292 0
0.257142 1.2168 2.61794 0
0.315192 1.04976 -0.203025 0
0.593284 0.258233 -0.198408 0
1.76395 -0.360005 -2.45814 0
0.55757 -1.52023 1.37721 0
0.671617 -3.13785 -2.82574 0
0.276366 -1.99864 1.30263 0
1.65849 -2.61349 -2.89731 0
0.656055 -1.15144 -3.0171 0
0.306326 -3.19284 -2.08009 0
1.68455 -1.62613 -3.09443 0
1.21383 -2.25298 -2.71523 0
0.222023 -1.21801 -1.73454 0
0.330873 1.05654 -2.51593 0
0.346225 5.01973 0.110359 0
0.400305 5.41707 0.679783 0
0.244679 5.22009 1.20036 0
0.532855 5.28452 -2.51477 0
1.59426 4.5494 -1.73756 0
0.378668 4.32114 -0.847919 0
0.357653 4.03461 -0.845185 0
0.149546 2.0759 1.2467 0
0.436905 2.87136 -1.66165 0
0.56604 1.78356 2.77613 0
0.765512 6.19868 -1.60062 0
0.492567 5.12368 -1.30881 0
0.127303 8.74856 1.96673 0
0.484837 -5.72221 1.29903 0
0.893845 7.05232 1.27988 0
0.530482 -0.354026 3.05614 0
0.188697 3.33847 1.78385 0
0.272417 -1.08587 -0.196977 0
0.151753 1.28986 -0.827614 0
0.889931 0.513199 -0.752628 0
0.119796 0.0445793 -1.09141 0
0.341205 2.57709 -0.379344 0
0.502478 -1.14938 1.32786 0
0.186221 -2.70252 0.918704 0
0.0941952 -2.50018 -0.981429 0
0.816508 -3.38346 0.875144 0
0.250349 -5.54498 2.09901 0
1.04118 -5.45837 -0.160226 0
0.594994 -5.97742 0.267032 0
0.23113 -6.25929 -1.48528 0
0.502789 -5.62653 -1.32133 0
0.561704 -4.66685 2.65447 0
0.63966 -6.17076 2.90924 0
1.07469 -5.40951 1.08753 0
0.161853 -8.38406 -1.74128 0
0.441331 -7.08788 -0.678337 0
0.228697 3.77308 0.18202 0
0.460454 2.33229 -0.986132 0
0.432736 4.93927 -1.51833 0
0.266851 4.60173 2.14332 0
1.11377 4.92145 2.82335 0
0.212988 2.78052 -2.82745 0
0.905557 2.96624 1.46344 0
0.759659 2.6703 0.560923 0
1.798 2.78149 0.756115 0
0.468579 2.98738 -0.87954 0
0.201796 1.7073 0.455315 0
0.582332 2.03447 3.1008 0
1.2313 1.34801 -2.82188 0
0.810481 2.22576 1.65164 0
1.22365 -0.0244889 -1.33852 0
0.876919 0.966613 0.486633 0
0.598502 -2.09358 1.66205 0
1.60359 -1.3463 2.52675 0
0.791174 -1.21909 -3.00366 0
0.663125 -1.21668 -2.89049 0
0.841978 0.118057 -2.87357 0
0.889164 -0.631083 2.99861 0
0.139062 0.946368 2.52211 0
0.228815 4.74633 0.883989 0
0.566696 4.81372 -1.4549 0
0.406589 7.59942 3.08909 0
0.251918 7.43033 -2.6143 0
0.537063 7.04639 -0.159419 0
0.252727 6.87655 2.03075 0
0.828904 3.60422 -1.62487 0
0.104642 7.36898 2.2904 0
0.268386 6.30437 2.65114 0
0.243446 2.61113 -2.83463 2.00643428007128e-07
0.0569047 3.98194 2.36393 9.72755969444017e-08
1.91782 -2.58134 -1.19797 5.95873478861204e-09
1.36337 -2.6914 -1.15899 7.74693348474744e-09
0.366302 3.43574 2.01388 0
0.183798 4.07476 1.52962 0
0.327822 4.24692 -2.85692 0
0.234889 4.331 -1.95438 0
0.394048 2.28333 0.783555 0
0.522064 2.73878 0.396517 0
0.441911 1.84597 -1.01783 0
0.181365 2.57106 0.775789 0
0.21798 2.58219 -2.12728 5.85523087868054e-05
0.245971 2.58731 -2.11575 5.46670626859374e-05
0.683552 1.8628 2.30966 2.80861802430479e-08
0.503616 2.32955 2.33184 2.05508441040599e-08
0.119386 1.62982 1.49547 15.4567300913273
0.213986 -0.530108 1.67154 0
0.119112 1.0004 0.181816 0
0.0828565 5.43693 -0.831276 0
0.713312 3.7484 -1.85754 0
0.290695 -4.69408 2.91961 2.9670366806595
0.0948311 -6.19097 0.599142 2.02872822449442
0.0631407 3.42836 0.724509 52.6548823724842
0.809807 2.38221 -0.366915 11.6116065244183
0.711802 0.168825 -1.76836 8.16639250355196
0.106141 -0.80867 -1.71774 41.0556788482498
0.297115 -2.07161 0.454613 16.0037828047948
1.31862 -1.52617 0.733644 6.02015972013564
0.246626 -1.29684 -1.70021 5.24393117506849
1.29084 -1.50477 -1.22171 0.83350683172986
0.083223 6.72877 -3.03281 1.15840420885158e-07
0.0648921 8.27528 1.77081 6.63068290105999e-08
0.130695 -0.961515 -2.43646 5.19560213990219
0.0960902 0.463074 2.4841 9.92515419288946
