0.617889 5.20607 3.03619 0
0.99291 4.5356 0.442681 0
0.0998999 3.62919 -0.968574 0
0.701681 4.92207 1.9701 0
1.0441 2.48957 -2.08194 0
0.254153 2.48951 0.0111102 0
0.493936 0.829683 -0.505159 0
0.211232 -0.633265 -2.1793 0
1.30485 0.308412 -2.63283 0
0.694268 0.504383 2.23767 0
0.648196 -1.89432 -0.801833 0
0.628592 -0.79885 -0.298014 0
1.31189 -0.844045 0.124681 0
0.155717 -1.83532 0.113728 0
0.586786 -7.29547 -2.44977 0
0.482187 -8.51344 2.53724 0
0.11618 -9.3108 -0.486774 0
0.116865 -6.19974 -2.24321 0
0.239339 -5.75915 -1.19591 0
0.192362 -5.86111 -0.0458696 0
1.07408 -4.43526 1.11751 0
0.236651 -4.72155 2.5297 0
0.261185 -2.86148 -1.12708 0
0.681297 0.279764 -0.821504 0
0.354152 3.53504 2.78678 0
0.825711 4.35884 0.362053 0
0.522602 7.99355 -2.57517 0
0.82797 5.45336 -2.52007 0
1.24143 4.33472 0.905395 0
0.456915 4.65018 1.62144 0
0.198588 3.02157 -1.7418 0
0.206342 1.10574 1.17673 0
0.530234 -0.900338 0.001743 0
0.22823 0.185875 2.01787 0
0.0837625 -2.60758 -0.721547 0
0.867485 -1.57154 -0.608074 0
0.368491 -2.56344 -2.03139 0
0.778614 -4.23895 2.90395 0
0.0889123 -3.97725 -1.21339 0
0.195908 -6.99203 -0.277976 0
0.187959 -7.0844 -3.03326 0
0.557506 -3.41845 1.77816 0
0.630797 -3.23221 0.487128 0
0.342131 -1.07151 0.807305 0
0.17787 -1.7171 0.34878 0
0.480459 -1.16399 -0.949054 0
0.227657 -0.891075 2.04163 0
0.377805 2.35112 3.11813 0
0.389689 6.15138 2.24323 0
0.414569 8.04337 1.44995 0
0.29391 7.73879 -2.22467 0
0.385141 4.82473 -0.312072 0
0.362509 5.58715 -0.688108 0
0.172963 3.47618 -1.63747 0
0.259053 1.86691 -0.281417 0
0.0647798 1.76615 2.907 0
0.489081 0.142577 -3.04287 0
0.02363 -2.8967 -1.21059 0
0.161087 -2.61176 1.6627 0
0.475825 0.495832 2.91013 0
0.161046 1.19276 1.92455 0
0.111105 -5.55185 -3.10021 0
0.260556 -3.91757 -0.585613 0
0.181332 -4.88196 -2.64714 0
0.29934 -4.28003 -1.4682 0
0.216308 -3.49662 -0.374977 0
0.388343 -3.84374 1.53828 0
0.243276 2.31458 2.26246 0
0.13784 3.27716 -2.21386 0
0.200061 3.66288 -0.728467 0
0.106516 3.54195 2.86293 0
0.149975 7.65966 -2.45917 1.21030118208166e-08
0.0984893 6.7183 -1.64212 9.14876985182401e-08
0.368904 -1.61785 0.752965 43.4794870586411
