3.38092 0.849164 -0.445463 2.86519090092264e-14
1.34978 0.181939 -0.851797 1.00150923263246e-13
4.67208 -0.58365 -0.422135 5.65495221105507e-14
10.7811 -0.328519 -0.432719 7.33531465744517e-14
0.673446 -0.543913 -0.734597 4.24377355413874e-14
6.47875 -2.4338 2.7383 0
0.0763728 -3.4449 0.151649 0
0.200501 -0.715105 1.43861 0
0.329506 -0.156578 -1.71931 0
1.55503 -1.30361 1.59889 0
0.394719 0.166494 0.0399971 0
0.294864 1.00529 0.269189 0
3.22386 0.904498 -0.58321 0
0.685534 1.03873 -0.0444706 0
0.955701 0.919139 -1.80577 0
1.10344 0.955643 -2.57059 0
0.380953 -3.82733 -2.38654 4.61896607735925e-14
0.24678 -6.82588 0.507302 4.68130341378483e-14
0.603591 -7.01582 -2.33389 4.67779789391062e-14
4.80121 0.533118 0.576776 0
7.60842 0.638479 0.591995 0
1.86533 0.683658 0.679011 0
1.53028 1.11275 1.66661 0
0.647511 0.953333 2.00142 0
0.412723 1.48137 3.11651 0
1.36355 3.7906 2.41209 0
1.82204 3.74927 3.0283 0
1.08838 4.41997 1.93304 0
0.378537 4.24051 2.77263 0
1.00188 5.71163 1.80913 0
0.450484 8.27138 -2.08495 0
0.604445 -5.47843 -3.01408 0
0.668102 -5.18646 -1.91391 0
0.318249 0.524932 1.84645 0
0.184061 -0.607479 -0.0456396 0
0.0526265 3.78528 1.70219 0
0.335523 1.98856 -0.00639664 0
1.18174 3.78337 -0.0248815 0
0.344725 1.6423 -2.23208 0
2.15773 2.16113 -2.00841 0
0.416501 0.924988 -2.75573 0
2.0016 0.330193 2.16285 0
0.15993 1.27747 2.32807 0
1.10512 0.0681387 2.10577 0
10.0343 0.283366 2.05818 0
0.53939 3.74662 0.700587 0
0.768978 1.15 -1.33009 0
0.685979 1.456 2.36516 0
1.34849 0.516917 -3.05386 0
0.59221 -0.0222994 -2.24805 0
0.605779 -7.4781 -0.0176499 0
0.722717 5.0453 -1.435 0
0.283518 6.27955 2.84577 0
0.542587 5.69205 0.400735 0
0.575779 5.8252 2.17074 0
0.282026 4.36922 -0.868157 0
0.564054 -2.93384 -1.33464 0
0.853159 -1.05621 -0.419861 0
0.71119 -0.693814 -1.06425 0
0.512078 -1.48992 -0.303598 0
0.901178 0.0673971 -0.169836 0
0.671511 0.562075 -0.0859568 0
0.618549 1.25573 1.72312 0
0.635776 2.50325 1.17245 0
0.42856 4.64817 1.16151 0
0.652285 4.59028 -1.74649 0
0.437046 4.96499 3.11418 0
2.05052 -0.757771 -1.20026 2.67122303332125e-14
1.18046 -0.115213 -0.827603 5.34209239569999e-15
0.290816 0.425429 0.0421823 2.87861148389108e-14
0.466816 -0.527879 -0.898674 1.7643008176865e-14
0.551518 0.518134 -0.171148 2.59706009014164e-14
1.75763 -0.16528 -0.570459 6.12174309719372e-15
1.11637 -0.736901 -1.54912 5.04167805717315e-14
1.7137 -0.983076 -1.36757 3.01633969911162e-14
0.350417 -0.742656 -0.434141 4.73040661653224e-14
2.69679 -0.423094 -1.73581 7.88236404466674e-14
2.93681 -0.415395 -0.576976 6.00049984901927e-14
25.2917 -0.300665 -0.521396 7.1522250687175e-14
1.71661 -0.293311 -0.592948 6.9283707401361e-14
9.13677 -2.41105 2.78795 0
2.26834 -2.55929 2.80566 0
0.670742 -2.38198 -3.01515 0
0.326716 0.217746 1.69148 0
0.231412 -2.74907 1.35624 5.31883358148299e-14
0.377626 -1.87383 -2.82513 5.39635490726324e-14
0.513455 -2.21197 2.35477 5.96598948951571e-14
0.222886 -2.93792 -1.03544 3.95618147347576e-14
0.59124 -3.27939 2.00127 5.16345630512649e-14
0.356098 -4.01781 0.253898 4.62684891196476e-14
0.321199 -7.32601 -2.2719 4.67822244265247e-14
0.351798 -6.05574 0.0746007 4.66834270975517e-14
0.934086 -8.39651 1.33347 4.68348022418826e-14
0.467671 -7.50901 -0.90497 4.67413050459159e-14
0.52855 0.527278 -2.71765 0
0.312428 -0.225953 2.47536 0
0.533361 0.585742 1.7021 0
0.1237 -1.38378 1.89945 0
1.75395 0.53699 0.785286 0
5.9806 0.54655 0.448356 0
5.3452 0.458114 0.549514 0
5.64001 0.490659 0.498545 0
1.31801 0.747357 0.329893 0
0.788147 0.507024 0.212523 0
0.366325 2.48069 0.845865 0
0.117203 1.62617 -2.16752 0
0.534234 5.22745 -2.3375 0
0.256106 6.38434 2.51657 0
0.311563 6.53798 -1.57276 0
0.640815 6.20597 2.60459 0
0.501942 6.29147 1.79821 0
0.909592 -3.54922 2.09493 0
0.157533 -3.10281 -1.77833 0
0.564941 -0.468022 -1.23487 0
0.563807 2.14815 1.44121 0
0.657788 4.24255 0.148022 0
0.170808 4.59973 -2.43023 0
0.41273 4.21671 -1.4718 0
0.439363 1.67775 -2.39473 0
0.262176 2.14013 2.51886 0
0.466798 0.122017 -2.59791 0
0.317368 4.41485 0.299005 0
0.150458 0.971385 2.24391 0
1.57527 0.302496 -2.96739 0
0.761708 -0.51452 1.72486 0
1.18041 -0.928677 2.89392 0
0.081167 -3.44845 -2.36665 0
0.75384 -1.71538 2.9491 0
0.347042 -5.3396 2.87496 0
0.141203 6.22928 0.315489 0
0.857049 6.9488 -1.73885 0
0.898536 6.05565 -2.11969 0
0.518923 5.20587 0.756812 0
0.414031 4.20723 -1.63395 0
0.580274 3.91132 1.2034 0
0.496562 1.88686 -1.14384 0
0.618638 2.55437 -3.07092 0
0.153014 3.92658 -0.0692391 0
0.338446 2.09662 -2.33863 0
0.230779 1.1028 1.3827 0
0.494243 0.72092 2.94892 0
0.353074 -1.99254 0.99958 0
0.531488 -2.24547 -0.0301976 0
0.288235 -3.10408 -1.46957 0
0.896016 -3.01591 -0.0212608 0
0.178209 -4.74472 -0.507771 0
0.076543 -2.42831 -1.36558 0
0.301226 -2.38397 -0.548406 0
0.546245 -2.45146 -0.429357 0
0.275592 -0.643471 -1.73207 0
0.213815 0.100424 0.615829 0
0.5101 2.50849 0.457479 0
0.948619 2.5872 1.35026 0
0.211958 3.98167 1.08396 0
0.785291 2.3591 1.27124 0
0.931141 3.25431 1.22513 0
0.372702 3.80106 -2.838 0
1.16972 4.37314 -0.741117 0
0.21558 3.62056 -1.38187 0
0.191187 5.61733 1.47821 0
0.309716 4.78061 0.820673 0
1.02083 0.398089 -0.330723 2.06417449763638e-14
0.816969 0.286665 -0.792976 1.3283596308681e-14
4.89946 -0.731373 -1.64349 0.0470395785271871
1.51667 -0.505265 -0.521831 5.59265021603872e-14
1.46583 -0.495978 -0.771264 4.5342134197966e-14
6.34702 -0.498766 -0.564237 5.4115791229197e-14
6.04748 -0.529612 -0.53714 5.33038051591639e-14
4.87143 -2.37928 2.93529 1.30781221314298
1.16471 -2.40807 3.02389 5.29411438362145
0.128734 -1.96149 2.72702 3.70178359611311e-07
0.387841 -1.64016 1.32345 1.93970831350333e-07
0.434394 0.228985 2.69733 0
0.267274 1.22727 -3.07305 0
0.46226 0.647923 0.75172 0
3.45058 0.585793 0.542413 0
0.159697 2.40772 2.17854 0
0.105956 2.38701 1.24863 0
0.154754 4.00862 2.61313 0
0.564472 3.51333 2.44795 0
0.520725 3.43451 2.56346 0
0.10138 4.56507 1.77373 0
0.150008 0.901 2.21029 1.14379281548069e-08
0.140611 0.271094 2.01679 1.99382899239948e-08
0.0594634 4.0287 -2.89069 1.4335672683263e-07
0.241704 2.73 -2.22964 4.06990952190052e-07
0.128542 3.96941 -0.672467 1.05292250652818e-05
0.123199 3.99005 -0.72034 1.16220959826882e-05
0.417172 2.30632 -1.49176 0
0.235679 1.70339 -0.961929 0
0.23512 2.63067 -2.06906 4.35115748665265
0.158714 1.73753 -1.75058 15.4135878787181
31.538 0.292131 2.1093 0.298116962783133
0.89907 1.84321 -1.62546 4.79448553608883
1.07369 1.77408 -2.58327 5.95230402551725
0.259109 -0.477747 2.08144 0
0.64793 -0.688674 2.25317 0
0.184367 -5.18546 1.76159 3.01129271336739
0.0462057 2.30403 2.85497 0
0.18456 1.21456 0.348394 0
0.13018 -3.97176 -2.73242 0
0.419407 -3.38962 -1.32951 0
0.285429 -0.56855 -1.57916 0
0.485474 -0.740667 -0.513842 0
0.24028 4.55812 -0.887427 0
0.147363 5.57316 0.963227 0
0.367471 0.438226 -0.0806033 3.79149037242775e-05
0.732152 0.405661 -0.166842 4.30123946342636e-05
0.403758 0.233134 -0.140032 4.44614823558275
0.142116 1.51812 -1.21829 5.4246169575245
0.0749678 2.04394 3.13538 10.4900024415028
0.1463 3.58002 2.14982 1.17447914250891
1.48583 0.303675 0.0538796 11.5881609093885
1.14786 0.61627 0.0823213 13.1044269026821
0.0981397 5.14202 -0.424239 4.48417290116112
0.408646 3.61385 -1.69021 4.96339906721895
2.67825 -0.859865 -1.86222 0.0287932261950553
0.4219 -1.89431 -2.85924 0.889279928329778
0.0181997 -2.73608 1.94886 5.72786182562629e-06
0.00590455 -3.47497 1.43897 7.3104197094226e-06
1.90919 1.06293 0.556438 0
0.847801 0.553183 0.641139 0
0.246556 -1.1827 1.20953 27.3310569660682
0.417742 -2.10253 1.80134 6.88314750635527
0.627333 3.85248 0.667079 0
1.05265 3.40361 -0.0585301 0
6.60394 0.22296 2.16706 0.465746270554767
17.2834 -1.02244 2.8568 0.0763949412347073
1.13657 -0.688276 2.92713 6.36152523003824
0.812371 -1.11169 2.96941 5.8767730864073
