0.796805 -3.80545 0.735429 0
2.69762 -2.60383 2.01376 0
1.38126 -4.55984 2.4276 0
2.75742 1.78338 2.06877 0
1.71981 2.80694 2.49339 0
2.00285 0.370007 -0.449563 0
3.65312 1.40529 1.41029 0
1.72324 -1.34112 2.69164 0
0.483507 0.0313636 2.92523 0
0.363955 -0.564015 2.35237 0
0.777267 3.06053 -2.99068 0
0.664395 4.02538 -2.28442 0
0.785593 2.30248 -2.5669 0
0.911151 2.56458 -2.45518 0
0.65324 3.02799 -1.92788 0
1.64895 2.89172 -1.18028 0
1.88007 1.70085 -0.797519 0
0.884658 1.62639 -1.36724 0
0.248236 1.64267 -2.52278 0
1.2195 1.48296 -1.37578 0
0.465764 2.34052 -1.38454 0
0.309416 0.196618 0.278277 0
0.0468971 -5.67159 -0.314315 0
0.0936739 -2.02365 -0.185337 0
0.229605 -4.00295 -0.689554 0
1.83728 -3.90517 -0.962745 0
3.62991 -3.01099 -1.02026 0
0.19681 -4.39987 -0.271553 0
1.09723 0.647023 -2.92376 0
0.940647 0.664483 2.79448 0
1.03342 0.365609 -3.03612 0
1.89784 0.473895 -2.24684 0
2.57347 0.112714 -1.24427 0
1.05819 0.385467 -0.924927 0
1.24178 -0.669962 -1.64231 0
0.891544 -1.16012 -0.0507313 0
0.664056 -0.50262 -0.882019 0
0.634326 -0.0357166 -0.500186 0
0.955397 -1.25382 -0.92889 0
0.0910896 -1.52408 -2.33103 0
0.556344 -1.23965 0.467857 0
0.284274 7.78667 -1.99187 0
0.303536 6.84711 -0.780999 0
0.416366 4.62166 -2.94746 0
0.313799 4.95331 -0.170588 0
1.53931 4.42671 -0.237048 0
2.58222 4.40771 0.823981 0
1.18732 5.17239 0.727428 0
0.792199 5.35432 1.09031 0
0.832313 5.95794 -0.880243 0
0.159589 6.34174 -0.993795 0
0.115135 5.27215 0.890022 0
0.67498 4.11133 1.24366 0
1.11154 4.28786 1.48714 0
0.277408 3.6073 -1.24643 0
0.185228 3.25969 0.566356 0
0.467368 1.15494 1.2247 0
0.876357 -2.64038 0.471121 0
1.94984 -1.573 0.939681 0
2.87016 -2.07221 1.25696 0
0.20132 -3.24451 -3.04776 0
1.14205 -2.64876 -3.06069 0
0.734742 -1.78417 -2.62345 0
1.4359 -3.15851 -2.04381 0
0.234691 -4.0338 2.73946 0
0.330374 -5.87882 -2.32018 0
0.466856 -5.7935 0.956654 0
1.06391 -3.5187 1.78139 0
0.357969 -1.84365 -2.22621 0
0.449127 -0.0420172 1.94704 0
0.900848 0.989458 2.22479 0
0.454332 1.46242 1.25262 0
0.180611 -0.178117 1.40919 0
1.35519 1.80848 1.44151 0
0.547689 2.61557 0.193895 0
0.122344 4.15693 -1.36654 0
2.02842 5.08181 -0.907528 0
0.680535 3.61658 -1.79281 0
0.523813 2.61918 1.03003 0
0.67896 0.99366 -2.26129 0
0.264628 -0.839951 1.88045 0
0.126163 -4.61522 1.81957 0
0.533174 -5.50476 0.0984144 0
0.336087 -5.3463 -1.07544 0
0.075191 4.56471 0.228933 0
0.482912 6.16646 2.26874 0
0.534865 4.96013 3.03452 0
0.313366 6.03696 0.893737 0
0.401696 2.84746 -0.795716 0
0.166077 1.88205 3.06651 0
0.730588 -1.24889 0.340248 0
0.168637 6.74818 -1.79903 0
0.30636 3.17131 1.47009 0
0.624555 0.464303 1.66445 0
0.70646 1.21227 -2.19179 0
0.421135 -3.90777 -0.877145 0
0.79445 -6.36627 2.22477 0
0.239259 -4.70198 2.68115 0
0.193809 -6.65513 -0.366416 0
0.282074 -6.53735 -1.66887 0
0.520529 -7.19015 0.771961 0
0.357966 -6.5664 2.91238 0
0.671365 0.895168 0.574053 0
0.555766 -0.380948 1.51887 0
1.00646 -0.731288 -1.42444 0
0.659709 -5.34054 1.74455 0
0.527685 -5.67423 3.13655 0
0.358435 -6.09584 -1.818 0
0.378886 2.66492 2.16189 0
2.40711 2.41855 2.5612 0
2.41186 0.134149 -0.347868 0
0.354096 1.16312 2.21863 0
2.02008 -2.38407 3.07984 0
0.426775 -2.16684 2.28659 0
0.703538 -2.03657 2.28885 0
0.320962 -2.20341 2.26613 0
0.825329 -2.15349 2.56679 0
0.295943 -1.92206 2.02441 0
1.01595 -0.45314 1.76553 0
1.13556 4.28825 -1.94677 0
0.961532 3.29272 -2.39257 0
0.874877 2.77073 -1.62408 0
0.361578 2.25678 -3.04057 0
0.144202 2.57198 -3.08652 0
0.53524 1.07269 -0.927156 0
0.728783 0.778853 -1.82948 0
0.984863 1.3725 -2.10306 0
0.721062 1.94576 -2.15014 0
0.683283 -1.20073 -1.70208 0
0.298579 -0.777741 0.567919 0
0.277141 -2.61328 -0.318488 0
0.29026 -1.94906 -2.96653 0
1.09364 -3.35709 -0.338534 0
0.574542 -3.92755 -1.69125 0
0.208935 -2.96348 -0.713978 0
0.84619 -1.4994 -1.10037 0
0.826911 -1.82653 -1.48589 0
0.389475 -1.48224 -2.89134 0
2.17762 0.296049 3.08089 0
0.124147 1.28052 -2.71775 0
4.08043 0.427466 -2.77673 0
0.618181 1.22487 -3.11941 0
0.0778814 1.88521 -0.0293311 0
0.6941 -2.43335 -0.278871 0
0.502479 6.44568 -0.0924343 0
0.527046 6.80927 -2.3886 0
0.120298 6.72769 0.915488 0
0.375883 4.93727 0.840473 0
0.262 3.11521 -2.52497 0
0.7743 3.06258 -0.244275 0
1.00456 3.50401 0.146273 0
0.755618 4.67563 -0.134253 0
0.941909 5.46246 0.557256 0
0.166818 6.56423 1.11548 0
0.435032 5.77776 0.290693 0
0.574484 5.41814 -0.037175 0
0.221082 3.61598 -2.58184 0
0.119346 6.69206 -2.43089 0
0.41711 5.01336 1.0274 0
1.63495 5.15649 -2.95571 0
0.139706 4.59809 1.16794 0
0.213442 3.55975 -1.30891 0
0.357353 0.465629 -2.49853 0
0.37252 -1.18086 -1.90077 0
0.486373 -2.90761 0.00424484 0
0.102124 -4.08632 2.82026 0
0.645357 -3.41057 2.10276 0
0.158103 -2.78895 1.06096 0
0.283797 -3.26298 1.46359 0
1.76357 -3.66239 2.18921 0
0.313148 -2.93386 0.29542 0
2.15978 -3.12386 -1.85793 0
0.742946 -1.96857 -2.25531 0
0.656575 -3.01114 -2.5991 0
1.65429 -3.67973 1.65208 0
0.12299 -4.31893 1.34286 0
0.371706 -4.84539 -1.89187 0
0.202888 -3.58448 -2.62916 0
0.833787 -2.09501 -1.16181 0
0.187951 -1.79397 3.0112 0
0.308123 -3.3741 -2.62687 0
0.193783 -1.3209 -1.12085 0
0.714519 4.10602 1.22677 0
1.10896 1.29567 2.55537 0
0.327908 1.6491 1.31344 0
0.514255 5.48026 1.43275 0
0.452473 2.974 -1.37354 0
0.614504 4.04155 -0.6459 0
0.151477 4.64663 -0.713445 0
2.04861 1.75559 -2.14861 0
0.692554 1.52086 -1.48728 0
1.47003 1.31711 -2.27554 0
0.432162 -1.38055 -2.7224 0
0.466229 -1.04006 -0.525566 0
0.387531 -1.21204 -0.540633 0
0.325896 -1.20258 2.8991 0
2.14516 3.08443 1.15922 0
0.621505 3.63765 2.01199 0
0.86159 2.73492 1.15956 0
0.655125 4.51912 0.108458 0
0.211364 3.63619 2.35691 0
0.315363 5.25966 -1.62449 0
0.498123 5.05015 0.666507 0
0.505123 2.23957 2.57405 0
0.29491 0.683569 2.93488 0
0.427898 0.296186 0.275774 0
0.18517 -3.32945 -3.09081 0
0.215461 -6.57296 -1.30694 0
0.842979 5.2586 -2.81854 0
0.219503 5.63673 2.49073 0
0.374404 -4.39134 -0.615165 0
0.154688 -2.6096 1.71212 0
0.165574 -8.06447 2.10298 0
0.922053 -6.82577 -2.98752 0
0.337334 -8.31013 2.4583 0
0.120299 -7.51924 -2.03011 0
6.59109 -5.63866 2.03874 0.00382311423489822
0.864722 -5.33758 2.03201 0.0443245928244214
3.70657 -5.59061 2.05283 0.00331706924099028
0.566568 -4.24922 1.28832 0
0.0125356 -5.93979 -2.31337 2.67853833683273e-05
0.146838 -5.94252 -2.33605 3.10900375054146e-05
0.58952 0.318468 -1.56722 0.480097069815565
0.211104 2.43355 0.827216 0
0.173486 1.42894 -1.27163 0
0.436308 -3.12114 -2.58758 0.0618803494759245
0.694548 -0.0683525 1.32559 0
1.2256 -0.48298 1.64912 0
0.279116 1.3217 -1.2804 0
0.18996 1.16808 -0.114118 0
0.117995 -3.00825 -1.17049 0.236548179940093
1.02782 -2.12514 0.124504 0
0.0923707 -3.17982 -3.12756 0
0.136926 4.27715 0.833285 3.7395220794531e-08
0.166014 4.17017 2.15204 1.88484653759557e-07
0.197653 4.38027 -2.18679 0
0.169969 5.25746 1.33712 0
0.672398 4.47869 1.13893 2.69010587098739
0.19943 -1.14953 0.647434 17.5555540130866
0.0587417 -4.21452 0.507888 0
0.595922 -2.06149 1.24328 0
0.513452 -3.35733 -1.83525 0
0.0885517 -4.78916 2.75311 0
0.0216351 6.96186 2.0367 0
0.526722 5.31279 1.85263 0
0.191417 4.60284 -1.81187 0
0.138981 3.86689 1.73302 0
0.0811415 2.87221 0.0125073 9.54556100023371e-08
0.111788 3.33165 -0.0265347 5.43885217725466e-08
0.205558 -3.24378 -2.75939 0
0.145646 -4.08843 2.27659 0
0.197984 6.36006 1.94494 0
0.109674 5.15274 -1.77134 0
0.268196 4.87265 -2.39498 0
0.0893366 4.77641 -0.507158 0
0.242042 -2.59201 2.66408 0
0.276718 -3.3767 1.33779 0
0.287047 6.11174 2.39455 0
0.039894 7.69609 0.000335584 0
0.112051 3.13419 -1.77352 0
0.167885 4.52295 -0.531543 0
0.0350109 0.707732 0.792139 0
0.352544 0.12962 -1.23683 0
0.941595 1.85185 1.53467 1.0235083562796
0.243405 1.82807 1.99296 4.06161468857456
0.171279 -3.81751 -1.46188 2.67054447456476
0.501641 -2.53792 -1.76759 3.25344684294464
0.242492 1.4331 -1.69529 0.428733503809934
0.0443636 -0.587722 2.12255 4.3232688468338
0.25325 3.18182 2.29803 19.9214884940139
0.15286 2.79591 -1.28176 48.7044767808372
0.315958 0.793994 2.14074 3.25341889533394
0.882658 0.450886 1.4644 1.40900989718571
0.496385 -4.14641 1.903 0
1.03578 0.69131 -1.05121 0
0.4978 0.195875 -0.263458 0
0.220337 1.91639 -1.35346 0.0188309254976775
0.364469 2.02276 -0.772516 0.0974660636678715
0.507315 -1.15916 -1.36968 31.5125319784759
0.903641 -0.561015 -1.34894 26.7051753950514
