1.26477 -3.62341 0.00865133 0
0.0738092 3.80144 1.6272 0
1.00171 0.766309 0.808213 0
0.141435 -0.703315 0.108481 0
1.50457 0.748773 -1.51218 0
0.705114 1.44078 2.82572 0
1.02438 0.978232 2.84943 0
0.0828559 2.62986 -2.05003 0
0.675786 5.28948 1.25629 0
0.72874 4.66812 -0.0798667 0
1.32058 4.51689 1.04271 0
0.480601 6.33379 -0.504698 0
0.61122 -0.474009 2.16744 7.9484920869265e-15
0.122451 -1.49634 1.28249 1.14047714997893e-14
1.42273 -0.885858 2.36847 2.6964995044769e-15
0.304663 -1.10527 2.35505 2.888854197719e-15
0.149581 -2.6202 2.53307 1.19985440609258e-14
0.483797 -1.44852 -2.69635 1.48257547111006e-14
0.550717 -3.03563 -2.48876 0
0.713802 -3.87796 -0.309629 0
0.885708 -2.75346 -0.888061 0
0.299872 0.428651 0.684273 0
1.00141 -1.47269 0.291652 0
3.75407 -0.0423106 -1.21351 0
0.831087 -0.252752 -1.40872 0
0.120383 -0.658219 0.106609 0
0.718758 -5.97253 0.917789 0
0.820673 -5.40191 -1.01748 0
0.905933 -5.13133 -2.65851 0
0.442722 -4.19808 -2.44197 0
0.35049 1.87563 1.2528 0
0.157764 0.453057 3.0891 0
0.510152 -1.23263 0.770487 0
0.355564 -2.05007 -2.48066 0
0.0484077 -2.77834 -0.411108 0
0.974517 -1.19969 -1.33304 0
0.733072 -0.833767 -0.510376 0
1.65283 -2.21898 -0.486649 0
1.45843 -2.58724 1.8586 0
0.416766 -1.89973 2.69141 0
1.19312 1.1055 1.16796 0
0.500893 0.0132739 1.26141 0
0.277335 -1.18366 0.321943 0
0.096253 1.96469 0.91622 0
1.31863 -0.382021 1.85177 0
0.913733 -0.782176 2.6962 0
0.647959 -1.61164 2.00039 0
0.599374 -2.42837 2.82902 0
0.782291 1.14663 -0.0395694 0
0.864334 0.399894 -1.83236 0
0.158086 -0.100578 1.28991 0
1.77771 -2.43212 0.9905 0
1.64436 -2.7674 -2.59742 0
0.420162 -4.46653 0.894984 0
0.952541 -4.07278 -1.32525 0
1.81355 -2.9724 -1.19107 0
0.190109 -2.39025 -1.5084 0
1.06495 -3.09485 -0.590968 0
1.9925 -3.27543 -0.758867 0
0.953426 -2.68858 0.433104 0
1.42895 -3.46856 1.71418 0
1.48738 -3.33869 1.19533 0
0.188989 -2.52154 3.07212 0
0.510015 -0.810272 -2.3901 0
0.608626 -0.690584 -1.89132 0
0.851413 -0.77041 0.33417 0
0.824366 -0.186581 -2.25427 0
0.586355 1.34876 -0.995988 0
0.38136 -3.15862 -1.08532 0
0.577288 -1.702 3.13702 0
0.291563 -1.10468 -0.172528 0
3.37838 2.99704 2.44765 0
2.23518 3.17285 2.06648 0
0.991865 3.31664 1.97191 0
1.01135 3.19784 1.05683 0
0.886912 4.23813 1.06949 0
0.821091 3.73136 -0.0547085 0
0.121407 5.99558 -2.57472 0
0.276911 3.55517 0.0971946 0
0.429893 0.466281 -2.7018 0
0.83766 -0.213878 0.955984 0
0.422954 -4.07755 2.67745 0
0.949079 -4.2542 -2.64255 0
1.30341 -3.76572 -2.62739 0
0.191413 -4.17008 2.9334 0
0.277849 -3.29957 1.95023 0
0.172684 4.71363 2.45228 0
0.12125 5.58121 -1.44819 0
1.31261 2.17542 -1.19906 0
0.608711 1.57162 -0.942893 0
0.337072 0.865106 -0.343096 0
0.298786 1.78618 -1.33434 0
0.494065 1.94577 -1.42334 0
0.344212 2.75424 -2.8182 0
0.484593 2.86084 0.307013 0
0.19294 3.71598 3.01193 0
0.323116 5.59113 1.93446 0
0.716631 5.64191 1.19423 0
1.11243 5.49703 -0.252695 0
1.70214 4.93556 -1.07644 0
2.48278 5.22858 -0.62081 0
0.721947 4.18073 -2.17191 0
0.93768 4.11897 -1.53416 0
0.676401 4.56254 -1.832 0
0.810846 4.38539 -2.24573 0
0.208562 1.60649 1.74362 0
0.540334 -0.215437 2.55017 0
0.619581 -2.86718 -0.264186 0
0.0939275 -3.7137 -1.20898 0
0.535649 -4.20772 1.20068 0
0.313596 -3.65039 -2.20983 0
0.170845 6.8787 0.839881 0
0.441254 2.65049 -0.605681 0
0.79911 -0.537624 0.277285 0
0.127974 1.18766 -1.27195 0
0.904271 -3.27306 2.0226 0
0.245823 -2.44871 0.161545 0
0.358205 -4.00604 -0.00432294 0
0.314098 -4.72201 3.04365 0
0.323487 -7.49811 3.08779 0
1.22144 -2.24933 1.04251 0
0.266956 -3.26953 1.1709 0
0.972472 0.990792 2.71814 0
0.46125 1.9306 2.26667 0
0.18106 3.0363 -3.13511 0
0.193522 3.44148 -0.128398 0
0.345303 4.86831 0.295728 0
0.180334 -1.44587 -0.135741 1.89730542661926e-14
0.945 -0.998318 -3.11605 1.24838762362176e-14
0.221125 -4.72303 0.4359 0
0.634202 -4.32225 -3.08336 0
1.19244 -1.35417 1.36921 0
0.427723 -1.9492 0.755583 0
0.661506 -0.536513 -1.37929 0
1.09331 0.435881 -1.22033 0
1.98245 0.324148 -1.80871 0
1.14076 -5.60361 0.0993581 0
0.270019 0.613626 3.11129 0
0.189253 1.36836 0.777175 0
0.597684 0.914973 2.32195 0
0.276392 0.951364 1.75812 0
1.04401 -1.28346 1.05845 0
0.522884 -0.815784 2.07296 0
0.353043 -0.443618 1.80418 0
0.531942 -1.59988 0.758005 0
0.59671 -1.69523 -1.68697 0
2.40114 -1.26921 -1.16704 0
0.377604 -1.35305 1.19721 0
1.04039 -2.15169 0.674351 0
0.0905083 -4.15726 -0.576799 0
3.09429 -2.06878 2.35417 0
1.34153 -2.08002 2.85364 0
0.832617 0.692344 0.311053 0
0.0279527 3.39965 -2.30192 0
0.520781 -1.01044 0.651539 0
0.135935 0.358814 -1.7899 0
0.45736 -1.3317 2.02069 0
0.302188 0.386441 -3.05257 0
0.679243 -0.407514 2.54573 0
1.04292 -0.560177 1.88139 0
0.492524 -1.24486 1.54015 0
1.23345 -2.04114 2.11207 0
1.62133 -1.84168 2.8721 0
0.304224 0.665409 -2.85987 0
0.800419 2.56123 -1.46882 0
0.0595359 4.76356 -0.760477 0
0.497327 -0.93059 0.2981 0
0.230173 0.246383 2.58047 0
1.90125 -2.95173 -1.19979 0
1.53567 -3.20378 -1.28574 0
1.03706 -2.94883 0.646276 0
0.0873625 -4.30244 -0.971442 0
0.713761 -3.3328 0.0107312 0
0.0388989 -6.45859 -1.43506 0
0.206168 -4.60441 1.34313 0
0.510842 -2.12485 -2.6499 0
2.15205 -1.86293 -2.48067 0
0.97024 -1.2918 -2.32748 0
1.46307 -2.07239 -2.37735 0
0.180454 -1.66768 -1.66365 0
1.13123 -1.01003 -2.30125 0
0.218422 -0.472685 -0.936551 0
2.81677 -0.815975 -2.15264 0
2.82892 -5.94896 -0.230872 0
0.547261 -5.06454 2.47237 0
0.152957 -3.86774 -1.64055 0
0.89449 -4.27519 -0.221382 0
0.446354 -2.27465 3.00038 0
0.484533 -2.90525 -1.03087 0
0.267564 1.18497 -2.37735 0
0.702702 -1.51952 0.321183 0
0.177295 -1.8012 -3.11858 0
0.546753 1.53815 -0.774037 0
0.718786 3.71482 2.19165 0
1.1341 2.81793 1.58942 0
0.931184 2.97667 2.05199 0
0.624806 3.28312 -0.838205 0
0.206021 -1.82589 1.38255 0
0.441368 -3.95016 -2.52293 0
1.51013 -3.74061 -2.47072 0
0.258612 -5.33056 -0.753622 0
0.399714 -0.583951 2.04958 0
0.125554 -2.629 -1.20618 0
0.294432 0.925135 -2.76225 0
0.4308 2.99646 0.405161 0
0.300411 4.15181 -1.95046 0
0.292209 6.52602 1.02157 0
0.568435 6.24992 -2.55786 0
0.365 8.15361 -2.87934 0
0.266038 7.64642 -2.33622 0
0.164622 3.47136 0.160096 0
1.18053 1.99506 -1.32772 0
0.764424 4.35276 2.11272 0
0.236628 5.09036 -0.0187839 0
1.08775 5.23315 2.73814 0
0.701703 5.64669 -3.06372 0
0.822165 4.38389 -0.310788 0
1.14756 4.71563 -1.69752 0
0.105905 6.40835 -1.52785 0
0.170786 5.11347 -2.37287 0
0.342063 2.13845 -0.778553 0
0.309243 0.919061 -3.06007 0
0.294861 0.53038 1.94218 0
0.296719 -3.20022 1.43621 0
0.292328 -3.62108 2.41955 0
0.347659 4.91747 1.59061 0
0.406048 -2.79595 -2.51489 0
0.241717 -2.11098 -1.06411 0
0.327533 -3.65703 -2.68781 0
0.35221 -4.52509 0.782915 0
0.393684 -3.25108 -2.27437 0
0.0398868 -5.30661 2.8648 0
0.633082 -5.96101 -2.56944 0
0.263752 3.95196 0.621023 0
0.26942 5.36511 -0.117022 0
0.199097 7.79204 -0.678741 0
0.150146 6.50002 -1.25329 0
0.309083 -3.03838 -0.563274 0
0.294927 -2.31141 -1.90044 0
1.0599 -1.22751 1.48979 0
0.30429 -1.00486 0.805655 0
1.38023 -6.603 -0.200296 1.29918149717389e-05
0.301317 -6.59692 -0.20069 1.149858916303e-05
0.169852 -5.09372 2.58161 1.00985292623196e-07
0.366926 -5.4981 2.18761 5.14091121824276e-09
0.415966 2.2838 2.25915 34.9916527055571
0.274676 1.44411 1.41244 32.6314312036378
1.19438 0.525698 1.95007 0
0.748448 0.202661 2.26449 0
0.418589 -2.56395 1.85947 14.7003351452916
0.120341 -2.30355 -2.58567 4.21774696775928e-09
0.0814245 -1.56171 -1.20974 5.1906902682389e-08
0.151495 0.77334 -0.982055 3.64170053977802e-10
0.582552 -3.25248 2.27203 0
0.131863 -2.92622 1.79601 0
0.0858325 -0.805782 1.6175 0
0.122942 -2.51341 1.16708 0
0.358524 3.21655 2.43481 1.5036866850155e-08
0.142757 3.25774 2.40684 1.57697638465152e-08
0.0865825 4.61982 -0.514037 1.38308787653721
0.662996 -3.993 -2.41955 0
0.307063 -3.88826 -2.22977 0
0.218182 2.83599 0.479526 0
0.149022 1.53596 3.13221 0
0.156342 3.60077 -2.67543 0
0.257408 4.29369 2.35737 0
0.301501 2.27498 -0.69827 6.82200897784909e-08
0.168681 2.19307 0.306017 1.00882946687794e-07
0.185768 5.41042 -2.96173 0
0.133352 5.09723 0.81436 0
0.257361 5.13495 -2.493 0
0.313257 4.00792 -1.64658 0
0.112541 0.976122 -0.940558 0
0.144316 4.83207 0.665167 3.04287323611762
0.0551418 4.50088 -2.41783 11.0544561590142
0.275527 -2.37923 -1.93534 0
0.533964 -2.18739 -0.80028 0
0.136722 -1.41309 -0.142603 46.7066597545947
0.340121 -1.32165 -2.46476 20.3488112156711
1.94761 -0.51091 -0.976807 2.94699687298797
0.27047 -0.635293 -0.606711 19.9384178386991
0.248531 -1.8406 0.674111 5.14803762165222
0.106986 -3.36518 -1.5705 2.66854627715392
0.492383 4.0112 0.290525 5.01241406429363
0.540333 3.71029 -0.464458 6.17096958736643
0.47093 -0.594706 0.230821 14.5491184461812
0.118683 -0.213839 1.90473 66.9279452315874
0.882117 -2.07473 -0.442978 0.0552385072241294
0.394501 -1.59955 -0.712411 0.250891093677894
0.312461 -4.50353 -1.33864 0
0.330617 -6.36323 -2.15901 0
0.0027024 1.7138 2.82172 8.87126037404683e-05
0.0122685 1.89345 3.09367 9.16389966081917e-05
1.9583 -2.70797 2.2386 0.391886414242657
0.456088 -2.56597 2.48164 1.93223850780061
0.69405 0.213005 -1.40918 0.187646501958596
1.06435 0.171535 -1.18322 0.145665446042733
0.0859851 3.95212 -1.72664 19.7674593795385
0.102684 1.99081 1.09731 101.689655662405
0.285859 -2.17012 0.595638 9.81101850682253
0.186233 -2.31338 -1.57977 13.0732565999771
