2.33789 3.39606 -2.72502 0
0.796153 -1.08128 0.680368 0
1.0737 -1.43907 -0.224371 0
0.364517 -1.86592 -0.643349 0
0.845951 -2.09808 -0.322886 0
0.0684803 -4.61785 -2.14857 0
1.16811 -2.24844 -0.577495 0
1.82657 -2.67216 -0.99245 0
1.17019 -2.41863 -1.369 0
0.583116 -3.08759 -2.03773 0
7.16815 -4.32832 -1.08465 0
1.60335 -4.10357 -1.15075 0
1.05763 -4.10861 -0.936187 0
1.06348 -4.24895 -1.65463 0
1.67877 -4.67361 -0.0742234 0
0.602604 -4.47486 -0.959472 0
1.27411 -5.0054 0.674653 0
2.23421 -4.38446 0.849645 0
0.692779 5.56757 -1.15044 0
1.87545 2.03007 -1.90781 0
1.81865 1.89507 -1.67072 0
1.31498 1.82629 -1.63407 0
0.333986 1.96621 -2.13642 0
0.247484 1.25737 0.373613 0
0.740217 0.910663 -1.89414 0
0.211435 -1.94364 -1.81151 0
0.792177 -0.650929 -1.52896 0
1.08199 -0.729719 -1.33558 0
1.10892 -0.989827 -1.84423 0
3.11034 -0.394061 -1.61282 0
0.0456109 -5.22072 0.602942 0
0.524909 -2.92954 0.402394 0
0.376538 -3.76044 2.09422 0
0.118209 2.20449 0.217619 0
0.0352456 4.31931 1.7013 0
0.31003 1.01163 0.634618 0
1.15739 -1.12213 2.73484 0
0.0697626 -4.11811 -2.86656 0
0.293328 -1.4737 -1.28844 0
0.404357 0.481318 -1.84546 0
0.450366 -0.283635 2.55573 0
0.470921 1.59855 -0.312947 0
1.11892 3.95087 0.139363 0
0.999514 -1.52271 2.96304 0
0.156153 -2.3628 -2.89254 0
4.16261 -1.55302 2.36678 0
0.264126 -1.37465 -0.770109 0
0.913627 1.48222 1.41922 0
0.118165 3.37018 2.97841 0
2.1156 1.42758 1.25616 0
1.26395 1.36405 2.67473 0
0.122934 1.88798 0.414164 0
0.486807 -0.404816 -2.85787 0
0.522409 -5.18064 -2.46698 0
0.206179 -5.57423 -2.82428 0
0.437793 -6.32336 2.058 0
3.19717 -3.57049 2.06528 0
1.17862 -3.27589 2.44466 0
0.776178 -2.1709 -0.373873 0
0.826871 -3.20882 -2.4924 0
0.321745 -4.05829 -0.238849 0
0.661504 -3.23299 -2.34616 0
0.0999127 -4.26321 2.23933 0
0.501609 -4.73231 -1.72154 0
1.25014 -5.2702 -0.57497 0
0.495209 -5.81369 -1.13489 0
0.351835 -4.67183 1.66283 0
1.11177 -0.535862 1.06479 0
1.71893 0.278124 1.37202 0
4.4413 -0.257651 1.21378 0
4.03294 -1.75857 1.99235 0
0.479158 -3.37479 1.05586 0
0.0151689 -6.9372 -1.68323 0
0.275601 -2.14244 2.58777 0
0.192035 -5.28879 -2.62654 0
0.13399 -5.21919 -3.05297 0
0.641136 -3.58626 -1.62061 0
0.909456 -2.97696 0.0114863 0
1.60878 -2.71194 0.421267 0
0.43988 -1.29243 -1.19451 0
0.926237 -1.38067 -2.15111 0
0.0943709 2.89871 -3.10725 0
0.430034 0.607131 -0.321741 0
0.495514 0.468499 -2.89593 0
0.0440124 2.1605 0.632625 0
0.255461 2.61944 -1.16675 0
1.18847 1.50278 -1.88133 0
0.247859 -0.14016 2.66115 0
0.100091 -2.87866 2.33452 0
0.311891 -0.686827 0.525471 0
0.554558 -2.47086 2.67178 0
0.255838 -3.49369 -3.05186 0
0.334294 -3.965 0.754983 0
0.472622 7.38515 1.65719 0
0.268932 6.55516 2.60008 0
0.741607 6.17402 -2.79343 0
0.335413 7.3943 0.415133 0
0.406459 5.49453 2.95619 0
0.277895 7.26238 -2.63214 0
0.381014 5.63885 0.368091 0
0.532502 5.71638 2.15663 0
0.705408 5.30465 0.320595 0
0.831228 5.00251 0.659368 0
1.22524 2.73428 1.60808 0
0.287682 1.71808 2.60498 0
0.871754 4.09271 2.73762 0
0.175018 5.39606 0.2573 0
0.671195 -0.0786806 0.767667 0
0.813104 0.554493 0.507942 0
1.54396 -0.784292 0.409533 0
1.50854 -1.79814 1.417 0
0.393217 -1.92191 -2.18183 0
0.15109 -3.46926 -0.587275 0
0.593435 -4.2394 -2.65213 0
0.722536 -4.93883 1.52282 0
0.913862 -4.51789 1.66147 0
0.990833 -3.87991 -0.78546 0
0.508361 2.03929 -1.68616 0
0.442682 1.61937 2.25584 0
0.396642 -8.11379 0.227113 0
0.705581 -3.16879 -2.49576 0
0.200011 -0.659913 -2.24528 0
0.254405 -0.0381736 -1.70955 0
0.188277 -0.926406 0.742893 0
0.51342 2.30902 -1.66606 0
0.477083 3.70572 0.599199 0
0.121773 -0.905063 -2.59136 0
0.52725 0.535907 -2.99056 0
0.472269 -2.29235 0.316823 0
0.716731 -1.30208 -0.645754 0
0.727185 -1.58639 0.114182 0
0.535194 -2.23852 -0.440598 0
2.15427 -1.9493 0.256841 0
0.907401 -1.57695 0.444398 0
0.1309 -3.02622 0.734968 0
0.480433 -2.88908 -0.488653 0
0.729334 -2.31303 -1.76422 0
0.568862 5.46041 -3.07356 0
0.498473 4.47931 0.284673 0
0.178472 5.03211 -1.79343 0
0.135575 2.73851 -1.2809 0
0.634354 0.0782137 -2.0882 0
0.404884 -3.85422 0.313542 0
0.906135 -4.25529 -2.86205 0
0.513929 -1.91296 -1.27864 0
0.345359 -1.99507 0.731036 0
0.126377 1.36745 3.14053 0
0.107092 2.09237 -2.47057 0
0.0471845 1.95953 -0.0547734 0
0.475986 0.705985 2.08117 0
0.231176 -2.46626 1.62152 0
1.06231 -3.147 3.01073 0
0.58248 -0.754562 2.20485 0
0.888496 -0.180147 2.42153 0
1.27275 0.974995 -1.91531 0
0.729258 0.354658 -2.18444 0
0.364427 -0.818352 -1.29299 0
0.116187 1.94323 2.3739 0
0.342031 3.93624 0.244027 0
0.850643 3.48729 0.490306 0
0.361212 3.70297 -0.953748 0
0.509135 4.01483 -3.03266 0
0.777527 -1.89718 2.04411 0
0.466418 0.141638 2.36885 0
0.315627 2.33284 1.56042 0
0.826253 1.97833 -0.266877 0
1.03766 1.37459 2.89487 0
0.0832271 2.85463 0.592417 0
0.592642 -3.8538 1.86605 0
0.410377 -4.07552 2.60458 0
0.875217 -2.97284 1.95201 0
1.31282 -3.85175 2.24397 0
0.264126 -2.36991 0.82533 0
0.989566 -3.29867 -2.43711 0
0.635268 -3.3804 0.0691666 0
0.222938 -3.03406 -1.77417 0
0.286524 -2.84075 -0.89282 0
0.996836 -4.48701 -0.0605222 0
0.140651 -4.8371 -2.63908 0
0.991594 -4.13598 -1.42908 0
0.422453 -1.24105 2.47139 0
0.341814 -1.63792 -0.744032 0
0.80316 -0.81346 2.16194 0
0.77926 -1.31822 1.72439 0
0.0314235 -1.84143 -1.95543 0
1.79471 -1.7163 1.59086 0
0.0508996 -2.87702 -0.612931 0
0.143806 -6.23536 -0.889818 0
0.383172 -6.34156 -2.14208 0
0.284208 -5.66721 -0.215445 0
1.86139 -4.29484 -2.05775 0
0.302473 -4.1452 1.38293 0
0.0794129 -3.02491 -2.67036 0
0.174517 -4.12261 -1.3612 0
0.558804 -3.22909 3.12043 0
0.498216 -2.28664 -2.7234 0
0.365666 1.49719 -2.65848 0
0.411907 0.590914 0.0877579 0
0.078962 3.16629 -1.6468 0
0.235588 2.19701 -1.71305 0
0.959062 1.93612 2.96591 0
0.719546 -2.3051 -0.106074 0
0.104254 8.42654 -1.74608 0
0.246396 4.6814 0.737186 0
0.761193 1.70396 1.85084 0
0.200192 0.318694 -3.08773 0
0.0619495 6.53377 0.168845 0
0.431198 3.64201 1.02124 0
0.162665 6.74112 -1.82837 0
0.165412 4.45331 1.01101 0
0.728357 5.82041 -0.240144 0
0.266853 5.52047 0.9203 0
0.702292 -1.10899 0.60246 0
1.1018 -4.19151 -2.5584 0
0.421597 -4.87563 2.04253 0
0.211385 -3.60525 -2.23954 0
0.901534 -4.29202 3.08634 0
0.394123 -3.81883 -1.51871 0
0.597251 -3.26709 -1.46143 0
0.179752 -3.17075 2.45735 0
0.502459 -0.764842 -2.28966 0
0.377834 -0.889367 -0.89587 0
0.0641339 -2.13051 0.0697971 0
0.254508 1.25061 -0.245655 0
0.071141 -1.00019 0.574297 0
0.0725448 6.64857 0.920087 0
0.0836123 -0.382614 -0.443674 0
0.238756 -1.22261 0.349794 0
0.0526036 2.52025 -1.69267 0
0.730479 2.0733 1.67709 0
0.109125 3.45064 0.0125835 0
0.704799 -1.63797 0.356002 0
0.446401 -2.08142 0.269972 0
0.280351 -4.72759 -0.810986 0
2.03451 -4.4415 -1.04312 0
0.0763082 8.92646 2.45381 0
0.305627 7.22516 -0.507693 0
0.344174 2.72848 -1.43316 0
0.186094 2.43724 0.535285 0
0.256084 2.20736 -1.64814 0
0.951052 2.29086 -1.92065 0
1.00229 -1.3212 -1.77247 2.11416841949198
0.917778 -0.896256 -1.9795 13.8309632224184
0.0471584 2.91224 1.41491 0
0.331765 1.20888 1.35717 0
0.0417353 -3.25438 1.15218 0
0.586547 -1.63719 1.891 0
0.964388 -1.98483 2.77295 0
0.891805 -2.13234 -2.94303 0
1.36051 -0.224253 -2.15128 0
0.300104 0.316416 -1.7203 0
0.982504 2.69304 -1.23188 0
0.516684 2.43545 -0.758529 0
1.29349 -2.85047 1.87911 0
2.1182 -2.7978 1.73165 0
0.998003 -2.34512 2.8445 9.0853830792628
0.316146 -1.87589 2.88801 45.1026730510311
0.153591 -2.67472 -0.596566 2.24608287195709
0.384028 -4.69946 2.88911 0
0.272753 -3.91733 1.94018 0
2.94416 -2.52314 1.74168 0.581837529103262
0.676243 -2.47642 1.56977 2.64694337685127
0.127924 -4.16539 0.717771 1.53060926504758e-07
0.246198 -3.11715 1.40903 4.63559562601903e-07
0.341147 -3.46632 0.866343 0
0.240358 -2.18702 0.995121 0
0.114543 -1.30474 2.85627 0
0.305769 -1.84461 -2.33583 0
0.873301 -2.20314 -2.11439 0
0.496811 -1.92976 -2.57178 0
2.55951 -1.22491 -2.25793 0
1.39085 -1.06731 -2.10802 0
1.54225 -1.312 -2.38898 0
1.84377 -1.37168 -2.10439 0
0.0294373 -4.93464 -2.85353 0
0.427742 -2.66376 -1.41272 0
0.522346 6.22466 -2.58064 0
0.469226 5.5684 -2.95157 0
0.332169 5.21202 1.49384 0
0.18329 5.20185 0.979069 0
0.917718 5.12819 0.316434 0
0.788239 4.9759 0.559964 0
0.0972999 4.037 2.55018 0
0.19385 4.06893 -0.372231 0
0.230185 1.71072 0.989615 0
0.53906 1.33179 1.8693 0
0.156494 -5.67317 2.35259 0
0.459746 -4.02944 1.91238 0
0.380414 -2.72825 0.917909 0
0.133754 -2.88056 -2.61472 0
0.612152 2.71053 -2.56574 0
0.303244 2.59292 2.63998 0
0.115681 0.509762 0.525054 4.30438355453852
0.0683103 -2.41295 -1.39912 1.46366484787563
0.432809 0.249102 -2.40225 6.84129098595631
0.330033 0.902247 -1.50942 6.44552945141047
0.196896 -3.80591 2.10383 0.690349157576225
1.0248 -3.4825 2.85574 0.182648262039416
0.915408 -0.574804 -2.01099 0
0.441641 -1.6034 -1.70565 0
0.30764 -0.77127 2.34373 1.76408914484113
0.0321222 -0.757138 2.372 1.8837884245645
