0.342175 7.87952 -1.48339 0
0.525563 7.44123 -2.02706 0
0.792321 -4.45381 -0.57513 0
0.0728202 -3.41979 0.760003 0
0.451234 -0.987284 -0.217795 0
0.819463 0.049327 2.43007 0
0.201395 2.63426 -1.7186 0
0.537667 1.07028 -2.62788 0
0.659047 2.09666 1.81379 0
0.387084 1.53128 2.69787 0
0.159164 6.98342 -0.254487 0
0.632057 6.11168 3.07612 0
0.479601 5.23799 1.08647 0
0.314895 4.06432 2.06573 0
0.533932 4.19551 1.72824 0
0.504001 2.12199 0.745955 0
0.411898 2.34291 -2.7808 0
0.393002 -1.50192 0.452266 0
0.680405 -4.32015 0.316734 0
0.81324 -7.55813 1.48222 0
1.08933 -8.97307 0.735938 0
0.186741 9.26801 0.435883 0
0.346557 -3.4214 1.22035 0
0.265404 -2.94261 -2.44418 0
0.691839 6.52898 -0.918296 0
0.53173 5.39265 -2.48405 0
0.162899 5.009 -3.06849 0
0.376457 2.12124 0.598479 0
0.354648 2.52249 -2.31313 0
0.397577 1.03865 0.92534 0
0.11863 1.903 -2.51666 0
0.852407 -2.6895 -0.766763 0
0.452048 -5.43833 1.9986 0
0.391379 -6.76918 -0.572707 0
0.634041 -6.13508 -1.59582 0
0.184178 -6.38348 2.87551 0
0.406148 -7.76935 0.533345 0
0.352846 -7.92046 -2.63503 0
0.751477 -1.12376 -2.82677 0
0.0615215 -2.13691 2.1534 0
0.0117303 -3.84066 1.77357 8.36795298090271e-05
0.070634 -3.90085 1.85814 8.14513918633136e-05
0.312635 -3.72799 2.57368 0.89082066517487
0.456342 -4.65227 2.65471 0.241777157538884
