0.542386 5.9508 -0.928346 0
1.45549 0.797469 -2.2885 0
0.704419 3.62283 2.75495 0
1.88942 1.00335 -2.7642 1.61442584640692e-13
12.7128 1.07604 -2.8702 1.11632713485921e-13
4.11174 4.92472 -2.32686 0
0.901012 4.47049 -1.78226 0
0.456604 4.54544 -0.922278 0
2.36968 4.96978 3.06786 0
1.08688 6.17431 -2.52344 0
1.9097 1.83968 0.85487 0
3.35794 1.14947 0.441427 0
3.86137 1.15316 0.767562 0
1.00112 3.15166 2.11974 0
1.30727 3.20043 -2.39504 0
0.114974 3.96998 -1.94869 0
0.600018 -4.39838 -2.14206 0
0.422753 -6.22667 -2.87389 0
0.106908 -6.00155 0.30676 0
1.28419 -1.1425 0.218529 0
0.82474 -0.53733 0.865947 0
0.878255 -0.215744 1.22065 0
1.25062 1.15387 0.77803 0
0.366659 5.18782 -2.16186 0
0.873796 1.42672 1.1644 0
0.390616 0.686853 0.371273 0
0.668462 -5.25702 -1.94666 0
0.381703 -5.84264 -2.9079 0
0.533201 -5.44596 -2.19001 0
0.48757 -3.32236 -0.594382 0
1.97268 -1.98737 -1.6763 0
0.936442 -1.61275 -1.52343 0
2.52607 -0.970849 -0.224038 7.29895976256198e-14
1.07797 -0.585169 -0.753098 1.56097506597804e-13
3.48791 -0.680083 -0.280055 1.24720012328092e-13
1.44207 -0.627425 -0.254065 1.35060993173512e-13
0.198585 -2.63494 2.93596 1.49709008827593e-13
3.0582 -1.3816 0.327759 7.75958657224443e-14
0.517181 -0.901166 0.721783 1.61148698133006e-13
9.54009 -1.77163 0.000983102 4.493624921168e-14
1.1815 -1.82283 0.0159644 4.85104302009427e-14
1.83213 -1.69678 0.142582 5.39408992461477e-14
28.983 -1.79996 0.0602632 5.0535665246447e-14
1.7188 -1.36013 -1.4741 4.73184827303328e-14
0.242503 -1.72452 2.63203 8.82299750509391e-14
0.485084 -0.867702 -0.728777 4.13846027914333e-14
3.51276 1.35607 0.812493 0
3.96757 1.79668 0.970809 0
14.5697 2.01555 0.971955 0
1.07156 0.776774 2.00099 0
0.304424 1.10711 0.131893 0
1.74954 0.787502 2.95146 0
1.49514 1.20699 -3.0214 0
0.0574098 0.599107 -2.10151 0
0.110001 5.14832 -2.4586 0
0.205713 3.77572 -2.06329 0
0.997813 4.88639 -2.37164 0
1.01296 4.05041 -2.14895 0
1.29249 -4.08352 2.16824 0
1.91553 -2.67663 2.39109 0
1.87976 -2.52622 1.8951 0
0.146718 -0.365622 -1.23547 0
1.15099 -2.19717 0.981021 0
2.94832 -1.05337 -0.350075 0
0.627641 1.02914 1.41957 0
0.236051 0.508487 -1.64233 0
0.580944 1.42376 -0.814927 0
1.08311 2.83509 2.11891 0
0.454452 4.14143 -2.89138 0
0.112873 4.02887 1.27568 0
0.0598448 -2.75255 2.87493 0
1.40825 -2.80025 0.672461 0
1.15165 -2.79705 0.136734 0
0.31512 -3.73166 -0.349268 0
0.145852 -2.83379 -1.96429 0
0.413431 -3.91326 -2.15445 0
0.498575 -4.6401 -1.5722 0
0.375126 -2.30966 -1.70104 0
0.683184 -4.69961 -1.32213 0
0.499375 -3.79239 0.274039 0
0.44036 -4.49674 -2.16168 0
0.155001 -4.23062 -0.473406 0
0.325317 -3.59674 0.431043 0
0.553345 -2.32331 1.07339 0
0.638322 -1.63206 0.51106 0
0.669124 -1.86332 -2.04874 0
0.58256 -1.66415 2.67186 0
0.683065 -1.07869 0.476227 0
0.5419 -0.58161 -2.22343 0
0.314074 -0.495398 0.976971 0
0.261065 0.920426 -0.412699 0
0.332377 3.67609 -0.602481 0
0.0590701 6.28806 -0.902868 0
0.274998 4.52938 -0.0626821 0
0.0868092 5.53152 -0.904051 0
0.0404817 4.2704 0.0623898 0
0.200502 5.50021 0.261289 0
0.600883 4.92073 0.265465 0
0.553364 4.45566 -3.06031 0
1.23391 4.9483 1.2443 0
2.72038 4.38209 0.0779785 0
0.598687 3.2235 -0.951461 0
1.16062 3.41925 -1.31728 0
0.862397 3.09029 -1.25326 0
1.67565 2.39213 -0.396356 0
0.903253 2.98351 -1.76273 0
0.430565 0.982798 2.96514 0
0.918843 0.788931 -1.69046 0
0.0478665 1.47268 -0.331626 0
1.11409 -2.21656 2.51512 0
1.03429 -2.42749 2.22892 0
0.352522 -2.74696 -3.07994 0
0.223414 -3.32016 1.16758 0
0.995799 -3.8487 -0.387559 0
1.13479 -3.57968 -0.581192 0
0.229221 -0.250978 2.13715 0
0.403944 4.94446 -2.12721 0
0.480145 -5.06783 -2.8361 0
0.193001 -7.43307 -2.29191 0
0.137206 5.24054 -0.66096 0
0.0375349 7.57336 -0.710598 0
0.416904 4.30894 -2.06773 0
0.477774 4.25328 -0.0173533 0
0.462321 4.57602 -1.28681 0
0.710986 5.43474 -2.15401 0
0.535195 5.72985 -0.438721 0
0.724537 5.74613 -3.01782 0
0.602709 6.34193 0.919202 0
0.0728486 9.03915 2.58354 0
1.91882 1.73031 0.352698 0
0.619199 1.64476 0.749516 0
0.70756 0.872726 0.719065 0
0.318508 3.12746 1.27115 0
1.22494 2.27558 1.82537 0
0.111644 4.18523 -2.0811 0
0.292181 4.74053 2.79236 0
0.444609 3.6788 -3.02926 0
0.133596 4.5372 -2.4146 0
0.405073 3.17939 0.421314 0
1.05989 -2.39742 -2.97969 0
1.03679 -2.19814 3.03125 0
0.416087 -3.86398 1.8693 0
0.193151 -3.5596 -1.92596 0
0.545826 -6.0457 2.46916 0
1.40819 -5.92676 -3.0889 0
0.282543 -3.26443 -0.847815 0
0.559965 -0.801173 0.272232 0
0.648356 -1.74204 0.377979 0
0.707743 -0.820111 0.815616 0
0.773029 -0.390759 1.49718 0
0.514614 -0.244648 0.338865 0
0.458916 0.686091 -0.0994591 0
1.04767 1.21908 0.731549 0
0.724333 1.82464 1.39036 0
2.55066 1.98706 1.2934 0
0.536678 4.56411 -0.647828 0
0.393761 -0.0843518 2.69391 0
0.708426 -1.74613 1.49315 0
1.13084 -7.36432 2.70765 0
0.627688 -6.69897 3.12429 0
0.5724 -6.68254 -2.84146 0
0.160621 -5.49162 -2.45956 0
0.969067 -6.42621 2.7985 0
0.190049 -6.32356 -0.418855 0
11.9248 -0.816977 -0.340317 9.89162576580336e-14
2.48685 -0.750203 -0.335289 1.1125067280691e-13
0.466158 -5.50758 -0.918102 5.29741984414176e-14
0.412552 -4.66011 1.36892 5.46342595312946e-14
0.207269 -5.25239 -0.810923 5.26946761801122e-14
0.602399 0.995198 0.463787 0
3.15556 1.91821 0.975502 0
13.2376 1.97274 0.98677 0
2.03783 1.94198 1.415 0
0.345442 2.1727 1.00907 0
0.410094 0.927071 0.913988 0
0.998316 1.75733 0.657146 0
0.728353 1.35649 0.994564 0
0.0523731 -2.04829 -0.847235 0
0.584879 0.512671 2.68314 0
0.77071 0.611011 3.12841 0
0.144712 0.910723 -2.22729 0
2.60615 1.12045 -2.90436 0
0.347361 3.96566 0.103083 0
0.419113 3.0021 -2.53338 0
0.216695 2.80484 1.31334 0
0.353386 0.991187 -2.69511 0
0.293395 1.79827 -2.34401 0
0.523786 0.594779 2.37934 0
0.250158 -0.19516 -0.554793 0
0.426714 -3.21464 1.23097 0
0.75915 -3.50007 1.51062 0
0.2857 -6.98145 2.65144 0
0.248718 -3.6753 -1.64944 0
1.03826 -3.40363 -2.46097 0
0.472641 -3.67496 0.299379 0
0.149458 -4.74705 2.34259 0
0.459694 -2.59987 0.999424 0
0.483981 -2.06585 -0.718419 0
0.577504 3.32281 1.98785 0
0.5873 4.2201 -2.8802 0
0.274956 0.234489 1.30534 0
0.62598 -2.37537 1.43726 0
0.349352 -4.18655 -1.22671 0
0.154979 -2.53688 1.64288 0
1.92284 -3.78722 -1.94158 0
0.151951 -2.79229 1.28156 0
0.694092 -4.3195 -1.65617 0
0.366527 -3.42222 -2.7319 0
0.452263 -3.78151 0.0716492 0
0.12354 -0.979196 -0.32438 0
0.471227 -1.547 -0.0146099 0
0.341243 -2.28619 2.10334 0
0.508586 -1.42777 -0.492837 0
0.285282 2.1913 3.12244 0
0.3592 2.72321 1.94128 0
0.328987 2.43324 -0.245987 0
0.706057 7.30317 -0.806102 0
1.02614 3.99654 -0.706391 0
1.45851 4.1221 -0.842807 0
0.601838 3.71077 -0.910938 0
0.192043 3.57679 -2.53805 0
0.704714 4.23477 -0.973391 0
0.305118 3.0328 -1.12545 0
0.228169 2.42801 0.366771 0
0.48816 0.548798 -1.2883 0
0.415995 0.347781 2.91367 0
1.08076 -0.0334888 -2.9552 0
0.464659 -1.42496 1.81594 0
0.0667398 -1.41793 1.06516 0
0.804356 -2.88959 1.70685 0
0.518464 -3.61616 1.26581 0
0.866868 -2.46849 0.487314 0
0.156747 -3.24066 -1.12022 0
0.216881 0.596183 0.898486 0
0.317387 0.185576 1.21158 0
0.303349 -0.47665 -2.65562 0
0.406163 -0.672683 1.05273 0
0.547509 0.414246 -2.1344 0
0.259559 6.85571 -1.78637 0
0.806652 5.09142 0.934447 0
0.268578 -8.26095 -0.454253 0
0.392135 -7.00296 -0.162706 0
0.533141 -7.33861 0.529032 0
6.57244 0.358799 2.36492 0.0369741809911802
0.327972 7.16842 2.71506 0
0.28628 7.11031 -1.94394 0
0.809165 1.65207 0.589058 0
0.510029 1.89126 0.00214715 0
0.766804 3.39163 0.367797 0
0.0796336 4.34229 1.38833 0
0.0571585 3.76117 -0.436114 0
0.228015 4.32411 1.18408 0
0.758046 -1.40492 0.774176 0
0.229005 -1.16736 1.54639 0
0.246777 -0.370144 0.0320344 0
0.941838 -0.0160508 0.766369 0
0.110344 0.338591 -0.47604 2.5131995946115e-07
0.428632 0.295347 0.564883 7.16400443305749e-08
0.189281 2.39196 -3.04548 0
0.319006 3.16128 -2.57936 0
0.0674885 3.08952 1.10465 2.67090665115958e-08
0.165132 2.71852 2.0747 1.65153140731528e-07
0.352594 0.461323 2.73053 0
0.384278 0.425587 2.52726 0
0.551606 -0.735397 2.15387 0
0.51511 -0.367385 2.52297 0
0.403023 -3.04557 1.75508 0
0.207275 -4.24599 1.00889 0
0.266136 -1.61875 -2.74409 0
0.596901 -0.784868 -0.851111 0
1.50455 -1.15232 -1.27165 4.42615972555589e-14
2.04595 -1.14635 -1.36071 4.89071641201779e-14
0.580592 2.23415 1.05436 0
2.8518 2.13807 1.07842 0
0.127714 0.533197 2.3869 1.29263343495174e-09
0.651144 0.572898 1.9219 2.58219793968992e-11
0.355216 0.34203 1.42068 0
0.227318 -0.357917 1.81757 0
0.466473 -0.00148209 1.65951 1.6745319245125e-06
0.142163 0.00433073 1.66547 1.75548297429518e-06
0.638688 0.591702 2.20299 0
0.355989 0.359909 2.12439 0
0.0695441 -1.38816 -0.67793 8.25342050003551e-08
0.257472 -1.17379 0.00258729 4.73855828550011e-08
0.135061 -6.15942 -0.85311 0
0.20883 -6.91408 1.97613 0
0.448738 4.04992 1.56523 0
0.211075 4.40228 2.18813 0
0.178957 -3.56218 0.353607 0
0.964425 -2.58683 0.36366 0
0.116772 -1.53487 -2.65942 2.07150563258493e-07
0.0734951 -1.84184 0.639081 3.73955218504669e-07
0.746239 -1.57832 -2.39597 0
0.286699 -2.10931 -2.77479 0
0.377862 -0.319222 -0.817509 0
0.282777 0.780477 -0.215784 0
0.275998 0.572487 -0.241331 0
0.112396 -0.990917 1.09839 0
0.0549064 4.36389 0.940404 0
0.153274 2.914 -1.78376 0
0.0194003 2.42642 -1.25377 1.75421181124014e-05
0.0102102 3.98614 1.74466 5.58037244671818e-06
0.109141 -3.73125 1.10981 0.551879817946036
0.149677 7.26658 2.22632 1.2564187421778e-05
0.206554 7.27069 2.22455 1.25698639848088e-05
1.35166 -1.20789 0.0238228 12.5286020950421
0.269284 -1.13829 0.480954 66.7355070884946
0.324536 -1.50086 -1.38658 10.7539547500614
0.317328 -1.38358 -0.00130957 12.2106262553812
0.274482 -3.3184 -1.21573 17.6561618245404
0.21083 -2.30262 -0.0607623 62.5885225220998
0.778352 2.50461 1.23753 7.34579038262895
2.11623 2.39732 1.5238 3.00924270659401
0.35578 0.0974366 -1.87254 59.8903204108395
0.160797 0.98994 2.80163 87.1281753444705
0.0543255 3.53357 1.82027 4.90377218322358
0.372469 3.55359 -0.580636 0.69659403915109
2.20384 0.922222 -2.86719 0.338381509481178
1.17058 1.04129 -3.0751 0.027670998490499
12.5272 -0.821191 -0.286229 0.00258647618965177
0.0799084 -2.77517 1.39965 8.34044084727762e-05
0.0344981 -2.36931 1.22105 6.86043434664488e-05
0.978475 -2.95233 0.520282 1.0520940571398
0.222573 -2.53733 0.0620699 6.97372465274642
0.294765 -2.22179 -0.0678003 19.9194301026149
0.128427 -0.961161 0.552708 142.092561791161
1.73273 1.91272 1.19953 4.98188905006312
0.159376 1.98037 1.66849 50.8527658422086
10.7522 -0.85224 -0.283268 0.0313430812481572
17.4071 -1.10858 -1.35772 0.390605402493988
0.90697 -0.832074 -1.45348 1.1740048968769
17.5945 -0.97174 -1.31198 0.35788548219826
18.9728 -1.03491 -1.36622 0.09687017775616
2.38874 1.09092 -2.98621 0.419083135073137
17.5225 1.02773 -2.95747 0.0365685077942785
