0.0616365 -5.50328 2.21665 0
0.258638 -2.91077 1.5141 0
0.50634 -0.297331 3.04564 0
0.738988 5.81044 -1.11565 0
0.574539 0.402128 -1.41407 0
0.71789 0.468088 1.58362 0
0.864157 2.1308 -1.27598 0
0.337182 1.26646 -2.74048 0
0.307778 4.07191 1.26072 0
0.151645 7.91039 -0.279268 0
0.172557 -3.40243 -1.74236 0
0.180337 -4.14423 -3.06414 0
0.636903 -2.84654 -1.40272 0
0.334569 -4.59631 -1.54698 0
0.407887 8.01841 -0.739346 0
0.925438 7.33298 -1.95195 0
0.0464554 -4.80818 -2.87006 0
0.360175 -6.68841 1.89791 0
1.25055 -4.04282 1.83803 0
1.1265 -4.34742 2.18557 0
0.614625 -2.13046 2.3504 0
0.506342 -1.95023 -0.162048 0
0.518886 5.69654 2.19038 0
0.344421 2.67176 1.44426 0
0.132851 -4.57318 0.177422 0
0.817175 -3.89 -1.02656 0
0.738563 -5.83371 -1.27784 0
0.330193 -5.18208 -2.33244 0
0.568369 -7.12841 1.23039 0
0.100598 -4.99216 -1.66613 0
0.782149 -5.70829 1.6665 0
0.0201355 -7.22419 -2.47935 0
0.304507 -5.18186 -3.04757 0
0.131741 8.36008 1.45198 0
0.123599 5.79117 -1.57328 0
0.277022 1.68313 -3.02428 0
0.2765 -0.351373 0.364071 0
0.25525 -6.30131 -0.94328 0
0.423136 -6.15055 3.09311 0
0.658373 -8.00347 -1.18789 0
0.572575 -9.45782 -2.18981 0
0.120117 -7.6724 -2.18705 0
0.194411 4.44384 0.352913 1.51114497925594e-08
0.0344214 6.07695 2.00332 7.9157386520679e-09
0.186163 -3.79625 -0.45602 0
0.245901 -3.81703 -3.04255 0
0.112002 9.05994 0.343173 0.150210054458089
0.279408 -2.83615 -2.46486 0
0.378817 -2.40038 3.03569 0
0.0195219 -3.93512 -2.22676 1.49833213778288e-05
0.219942 -3.77371 -2.1838 9.81883650301938e-06
