0.347812 3.22732 -2.9888 0
0.318019 -4.93768 2.87658 0
0.87639 -2.85531 -2.07506 0
0.290527 -2.35876 0.568395 0
0.131571 -3.17033 -1.45722 0
1.0237 0.345991 0.99484 0
0.198672 1.23353 -2.95279 0
0.210737 1.82305 1.17798 0
0.482495 0.498483 -2.55834 0
0.259703 4.34935 -2.37287 0
0.114456 2.73155 2.13388 0
0.322035 3.33351 -0.890325 0
0.539604 2.81187 2.0341 0
0.92619 3.95886 0.725245 0
1.36824 4.61198 1.00159 0
0.459672 4.18212 0.39496 0
0.777824 4.93817 0.724218 0
0.0959784 4.77951 -2.77351 0
1.49951 4.88976 -0.684815 0
0.0539491 -5.00473 1.92412 0
0.113119 -3.30113 -2.57855 0
0.327346 1.60121 -0.940591 0
0.416893 0.219437 2.03661 0
0.825574 2.12929 -2.15717 0
0.390758 2.76824 1.66589 0
0.57653 4.144 -2.24246 0
0.0172072 4.51912 -0.264572 0
0.316219 -1.88838 1.97891 0
0.875159 -3.0365 -0.537966 0
0.81195 1.01946 0.340483 0
0.10008 1.24769 -2.1042 0
0.577765 -0.252101 -1.88595 0
0.411289 1.4744 1.26076 0
0.224679 1.18578 -0.217618 0
0.390592 -8.23211 -2.61906 0
0.532525 -5.139 2.38266 0
0.554016 -2.08421 -3.008 0
0.145776 -2.96195 2.24732 0
0.484703 1.73341 1.08225 0
1.12893 1.97807 1.01001 0
0.039011 -10.4929 3.06843 0
0.506028 -7.19107 0.702589 0
0.171436 -6.0921 0.191443 0
0.724982 -4.60737 -0.526008 0
0.884359 -0.491089 -2.33007 0
1.39238 -1.15105 -0.883291 0
0.614973 -1.89063 0.647483 0
1.10542 -2.03207 0.521624 0
0.92487 -2.3215 1.50372 0
0.420473 0.0838422 0.344832 0
0.198201 1.4409 -2.57912 0
0.498926 1.32461 3.13873 0
1.13804 5.32722 2.43825 0
1.673 6.26458 1.94676 0
0.736005 8.44624 1.85038 0
3.60941 -6.60841 2.52209 0
0.488092 -5.33003 2.06214 0
0.421858 -1.70753 -1.76158 0
0.399861 1.79411 2.8501 0
0.498373 4.80013 1.40429 0
0.309001 3.07387 -1.35254 0
1.24497 0.803609 -3.0325 0
1.94541 1.19994 -3.07856 0
0.273032 6.13818 -1.92184 0
0.133959 4.27699 -1.63971 0
0.21869 -3.92895 -2.81255 0
0.300976 -3.96626 -1.5574 0
0.170603 -3.7647 -2.05769 0
0.394246 -2.16793 2.00394 0
0.350729 -1.14894 2.60342 0
0.755147 -1.71071 1.63372 0
0.619906 -1.97574 2.16728 0
0.252759 -1.68405 -0.418073 0
0.147405 0.136367 2.37217 0
0.29158 -1.18754 -2.2566 0
0.0425536 3.77828 -2.7272 0
0.0891415 -0.166657 -0.878694 0
1.0726 1.38105 -1.91472 0
1.13401 3.94009 0.78233 0
0.247654 5.21609 0.237558 0
0.479119 4.37188 -0.750929 0
0.132565 5.62342 -1.34433 0
0.493486 -5.21718 2.94194 0
0.264578 -4.02593 2.28597 0
0.763898 -2.08501 0.415519 0
0.356084 2.26334 -2.6664 0
0.165064 3.3841 -2.44669 0
0.186341 3.06956 -1.04552 0
0.5483 0.149313 0.318621 0
0.431732 0.848022 -2.80184 0
0.613364 -4.22415 -0.612573 0
0.111634 -5.2691 0.840988 0
1.82053 -5.1252 -0.756701 0
0.194591 1.61417 -0.620835 0
0.944582 0.40758 -2.0173 0
0.86796 0.777673 -0.909682 0
0.234511 2.31612 0.958094 0
0.870879 1.50177 0.212654 0
0.297644 -7.76302 -0.322065 0
0.685994 -4.43298 -0.580522 0
0.154149 -3.83275 -2.82623 0
0.286096 -0.864437 2.21354 0
0.133482 -3.4658 3.08732 0
0.144242 -1.59482 2.05004 0
0.0787782 2.16975 -0.53985 0
0.648225 -6.87227 -0.0476297 0
0.296805 -5.45397 -1.93878 0
0.637724 -5.86017 -0.530155 0
0.134474 -4.80225 -1.50535 0
0.542127 -3.90891 -0.545989 0
0.367147 -3.85892 -0.718123 0
0.718767 -2.42386 -2.64627 0
0.188143 -3.23939 -0.89403 0
0.286676 -1.39046 2.02833 0
1.17027 -1.9209 1.02358 0
0.257732 -2.53956 0.423151 0
1.78954 -1.76357 1.12029 0
0.577895 -1.54011 0.597114 0
0.222957 -2.2636 2.97774 0
0.378611 6.14582 1.43052 0
1.62398 6.28958 2.30727 0
0.160174 8.11282 -0.609763 0
0.0788427 5.51453 2.46678 0
0.521442 -5.23337 -1.14615 0
0.250768 -0.669818 -0.937186 0
0.281146 3.4045 1.74295 0
0.623301 3.73034 -2.89049 0
0.233157 -4.9304 3.09341 0
0.888933 -3.99123 -3.08608 0
0.447488 -3.34155 -2.87514 0
0.19578 -3.52687 2.34229 0
0.0719458 -2.068 1.87713 0
0.62483 -0.373617 1.74923 0
1.12491 -0.260661 -0.152238 0.0739660155431813
0.530585 5.43079 0.789986 0
0.777266 5.20502 0.470344 0
0.202596 -2.46681 1.69061 0
0.0474254 -3.70085 -1.10953 0
0.170713 1.01098 1.89599 1.20051138325671e-07
0.0429951 0.862641 2.49035 1.72565949980151e-07
0.137131 -0.676131 2.79268 32.5352499092139
0.864017 -1.84478 -2.0802 3.33405559768264
0.219993 -1.21773 -1.90718 23.1121423923646
0.197512 -3.46513 -1.23183 0
0.0768084 -5.7867 -1.24334 0
1.55057 1.07997 0.645701 5.81282723933588
0.209254 0.808896 0.253689 52.4100926154518
0.267424 1.35779 -0.470479 0
0.136086 1.46471 -1.49619 0
0.288634 -4.27169 -0.534239 0
0.125268 -4.33112 2.41539 0
0.276905 -1.56257 -0.781874 8.08519839466914e-08
0.575095 -1.67608 -0.84722 4.62827018751398e-08
0.199655 -0.137317 0.732969 0
0.192178 -1.95714 1.50023 0
0.0407878 2.82625 2.33255 1.72148803224718e-09
0.168021 1.32165 2.35115 2.54715167880205e-10
0.511897 1.13072 -2.4731 0
0.314322 0.637433 -2.06274 0
0.243466 -4.94771 0.987542 0
0.100379 -5.00764 -0.308687 0
0.163014 1.61116 2.68304 5.14448527768402
0.34528 0.25186 -2.63879 6.12219080106138
0.442482 0.685244 1.40093 16.2728101201024
0.336126 0.954477 0.315479 17.9420628971115
0.432034 1.53729 2.43936 12.8981071460488
0.16784 1.10107 -2.44761 48.3701770697234
0.14517 0.0224152 2.84053 75.689618474102
0.431124 0.966207 -2.33036 16.9361437549775
0.257005 -3.71519 0.194348 3.73768977400996
0.428179 -2.77336 -0.568747 5.73538062788778
0.148539 -0.0718821 1.44228 0.0415267853241502
0.331695 0.932561 2.04955 0
0.166131 -1.39595 -1.4085 0
0.260527 2.25598 2.6383 0.0119399922494397
0.519132 1.51589 -1.46666 0.013770035894972
