0.145735 3.81344 -2.24285 0
0.596293 1.69878 2.89563 0
0.0774174 -3.73208 -0.748786 0
0.218524 -2.09028 -0.942194 0
0.201211 -2.84419 -2.92443 0
0.53134 -3.29469 -0.893329 0
2.31074 -5.15935 -0.398323 0
0.115848 -3.82983 1.77679 0
0.442476 -6.21388 -1.59243 0
0.330467 -8.93357 -0.0707196 0
0.840048 -6.73117 -0.777286 0
0.694979 -7.93881 -1.15253 0
0.248464 -6.71747 -1.51635 0
0.395617 -5.50051 -0.159579 0
0.211362 -3.99639 -0.614464 0
0.197726 -4.99197 0.366506 0
0.129408 -3.13312 0.7692 0
1.11604 -4.12297 1.59169 0
1.17889 -2.34336 3.13738 0
1.96197 -0.351994 1.68952 0
0.465106 2.98702 -0.631121 0
0.526953 8.51005 1.75177 0
0.708514 3.11593 -0.979278 0
0.124671 4.0908 2.4213 0
0.240089 1.68771 -0.0566019 0
0.232487 -0.270282 -1.78949 0
0.259118 -3.52235 -1.00661 0
0.0753699 -3.28885 -1.75235 0
0.254171 -5.35165 0.440923 0
0.328682 -3.69906 0.132612 0
0.386794 -5.71736 -1.22112 0
0.742233 -5.04681 0.172344 0
0.345864 -5.89206 1.16519 0
0.979963 -5.76044 -0.463653 0
0.198045 -5.68491 -1.09795 0
2.25436 -6.36637 -0.846049 0
0.387449 -8.65413 1.48988 0
0.309634 -7.92066 -1.86534 0
0.125675 -7.07586 -2.95859 0
0.664116 -4.28021 1.60307 0
0.609571 -4.96121 2.7588 0
0.620468 -3.81285 -3.11866 0
0.170358 -0.697006 -0.345573 0
0.267339 0.875313 -2.09982 0
0.248035 5.36214 -0.441622 0
0.501865 8.30018 -1.93189 0
0.265593 7.74276 -0.277883 0
0.288341 9.6528 1.09555 0
0.628834 8.60324 -0.0775772 0
0.117012 1.44938 -0.221017 0
0.303924 1.98398 -1.18645 0
0.375893 0.964329 0.334967 13.9502199015852
0.0990595 0.66813 1.89133 64.6878966022426
0.0583517 -7.88123 -1.52863 3.09671902768583e-07
0.349958 -7.23429 -0.00507224 4.34782175404371e-08
0.253598 0.648429 -2.89084 3.3446866087266
0.158045 4.37146 2.38785 1.3123144015562
0.220781 2.90664 1.06016 4.06167917031164
0.658372 2.05934 3.00903 0.533173765949759
0.384942 2.34506 2.22612 0.687476722972494
0.263961 -0.756101 -2.7948 12.1731388785595
0.24134 -1.99773 2.67607 4.59353624159126
0.929899 0.241407 2.0509 3.26873464626979
0.129179 -0.531973 1.61098 21.1700046583244
0.152596 -4.09276 -3.14102 18.155422672022
0.74042 -2.96362 2.91868 11.5711349966505
