68.5298 -0.563914 2.67871 3.64159920333817e-13
1.45135 7.08982 2.85509 0
0.671825 1.6501 -2.7878 0
1.08023 0.289475 2.06859 0
2.76962 0.413309 1.87524 0
0.11803 2.11635 0.463423 0
0.410462 6.80234 -2.53299 0
0.657084 4.97057 -2.57337 0
0.244203 2.18532 2.22809 0
0.696842 2.35971 2.91227 0
1.74414 1.26051 -2.41421 0
0.281318 -4.86193 1.08291 0
0.600932 -2.39938 0.631071 0
1.03293 -1.36046 2.07272 0
0.25793 -1.20758 -1.59866 0
0.435536 1.18014 -2.66435 0
2.99356 1.07102 -2.86855 0
0.89277 1.27699 3.05025 0
0.279697 1.31218 -2.7233 0
0.399995 3.35289 1.57238 0
0.593581 1.61577 -1.93122 0
0.514533 2.04223 2.41433 0
0.123571 5.64858 0.120775 0
0.608336 3.66389 2.8504 0
0.687529 5.38495 -1.16248 0
0.400379 6.94106 -1.70346 0
0.324211 7.81531 -2.8402 0
1.11876 1.23694 0.191603 3.31631106284928e-13
5.72949 0.847457 0.0787069 2.99159803888071e-13
2.26754 0.879485 -0.376477 8.17443867069823e-14
2.09019 1.00663 0.0841299 2.88822432663028e-13
0.771937 -1.22485 2.91964 1.78674815559197e-13
0.363554 -1.79786 -1.40309 3.89889357527396e-13
0.248645 -2.92712 -1.34071 2.98177325434983e-13
1.45134 -2.57448 -2.32596 2.67298263417964e-13
1.01859 -2.24728 -2.71298 2.40004776807827e-13
0.329532 -2.27448 2.0548 1.45774808722993e-13
0.442931 -5.9933 -1.62223 2.51654039409183e-13
0.161909 -8.27282 3.04208 2.49640366031892e-13
1.22735 7.58609 1.52448 0
0.221571 6.97497 0.730536 0
0.0649098 -0.859563 -2.88787 0
0.53091 5.99819 -2.24087 0
0.478227 4.5573 -1.04882 0
0.186601 3.56064 3.03178 0
0.181945 2.12009 -0.651288 0
0.0654817 3.3875 1.95528 0
0.591073 -4.61129 -1.10819 0
0.2437 -0.540237 2.5883 0
1.05896 -1.2225 1.70835 0
0.902205 -0.209795 -2.48404 0
0.258994 1.16104 -3.07479 0
0.167119 1.27202 -1.67424 0
0.333565 6.12769 1.24566 0
0.284681 5.98159 -1.75817 0
0.071409 10.0626 -1.87964 0
2.96855 0.881448 0.0454114 2.80336121665697e-13
0.564129 0.421836 -0.0772215 3.60831686229931e-13
1.66965 1.18153 0.158983 3.18412010108488e-13
0.349354 0.673891 -0.74077 1.576812985421e-13
2.94236 0.861752 -0.681056 7.19360545951318e-14
1.67709 0.408234 -0.569202 2.7412477797404e-13
0.0210174 0.907187 0.211988 3.39500882893459e-13
0.917785 0.709062 -1.01243 2.59111875691538e-13
0.428154 -1.81487 -1.64225 3.74019653206465e-13
0.254288 -0.957282 1.69229 2.4313479712794e-13
0.185248 -1.17052 -1.24712 4.92076086978606e-13
0.669724 -2.25767 -2.41039 2.70815288397199e-13
3.36158 -2.22666 -2.56348 2.56496072570749e-13
0.270089 -1.94934 -2.94264 2.14779651815693e-13
2.82942 -2.10251 -2.56765 2.6035652874e-13
0.277201 -1.63326 -2.34002 3.25072994711124e-13
1.02874 -2.24061 -2.32161 2.8008605499214e-13
3.03874 -2.04407 -2.69387 2.47086017576101e-13
0.751588 -3.06174 2.83191 2.08478995835637e-13
0.615382 -3.43817 3.13191 2.28258217252057e-13
0.45858 -4.2816 -2.0499 2.55101299159134e-13
0.345524 -4.37369 0.288721 2.55800178292631e-13
0.348577 -4.52805 -1.8804 2.55568056981075e-13
0.396096 -6.74656 1.78213 2.4878831916152e-13
0.46287 -6.91491 -1.93187 2.50302295474184e-13
0.167968 -1.10533 -2.89188 7.48052093697068e-09
0.147945 -1.06224 -1.62856 2.14681245812044e-08
0.359623 3.34096 -2.897 0
0.159428 4.95922 2.48598 0
0.889244 0.938057 0.0382354 1.48149381362028e-07
0.994732 0.813867 0.1207 4.60050894675972e-08
26.6938 -1.49251 1.88192 0.00416179488033892
13.3671 -1.47025 1.859 0.0334103657283528
8.46409 -1.458 1.90119 0.044155792378734
0.668032 -1.67597 1.78202 1.2704666737198e-13
1.03705 -1.23286 2.12606 8.47223579044598e-14
0.196794 -1.99861 1.24362 6.90749832874533e-09
0.0307322 -3.42619 1.69 2.07379101147111e-08
0.119598 -2.29333 -0.261774 3.3810089281975e-13
0.232464 -2.20329 2.46424 1.33446223391522e-13
0.123503 -2.17127 -3.02552 7.51194373453861e-06
0.586569 -2.19123 -3.01105 8.29639953053362e-06
0.448058 -2.4534 2.78808 1.49158919815016e-07
0.206466 -2.94822 2.54633 4.76260086839595e-07
0.317781 -8.26023 2.02579 2.49580298547092e-13
0.0270311 -10.2815 -2.27839 2.49841533860086e-13
0.510888 1.00376 -2.56026 15.0803410566448
0.349168 0.802726 -1.58288 25.5525295758148
1.24946 0.603044 -0.802231 29.3190895556841
0.532907 0.896021 -0.405735 57.3148549861841
0.218995 -3.59094 -1.3368 16.600529804197
0.182576 -4.05219 1.90716 12.5314196953205
2.6196 0.927448 -0.0178693 12.097848399805
3.68035 0.896997 -0.146287 8.79156727946659
1.73941 0.283044 1.95652 0.966762208383127
3.89737 0.521717 2.01856 0.273743272640118
0.427759 0.556539 2.62974 2.43641759088723
2.26214 0.393342 2.1004 0.792407772389337
5.21894 0.590634 1.93198 0.162852587731312
19.0769 0.619422 -0.847469 0.0208284944389132
11.008 -1.47034 1.86772 0.03684149958613
2.02509 -1.57618 1.97486 0.25007228916678
