0.497986 7.33224 -0.337668 0
1.20882 4.20027 -2.78991 0
0.868199 4.17392 1.87955 0
0.688477 1.94896 -2.85015 0
0.0348217 5.27194 0.542426 0
0.297749 1.21619 -2.42046 0
0.0838075 -6.76563 -0.387708 0
0.502617 -4.33208 -0.515533 0
0.369499 -1.84977 2.95156 0
0.647308 -6.80656 1.97709 0
0.125604 -6.4629 -1.93912 0
1.0182 -1.51044 -3.12255 0
2.24046 -1.98296 2.9099 0
0.193411 -0.147765 -0.122791 0
1.16087 -1.29718 -1.37694 0
1.02277 -1.35602 -0.344315 0
1.12033 -0.50841 -0.348738 0
0.496454 -1.79055 -1.73865 0
0.473054 -0.868515 -1.65692 0
0.839629 -0.698363 -1.82185 0
1.59748 -1.13566 -2.99186 0
0.435928 -1.04083 -2.875 0
0.193227 0.323608 -2.90668 0
0.93291 0.848012 -0.305868 0
0.515401 1.59323 -0.0189367 0
1.00381 0.938308 0.919543 0
0.394093 -0.00580414 0.615515 0
0.540086 1.94803 1.86448 0
0.275744 9.27727 -0.868503 0
0.281112 7.87635 0.180303 0
0.524452 3.60862 0.813783 0
0.325025 1.65014 -2.6161 0
0.810388 0.630865 -1.61019 0
0.797317 1.00777 -3.03489 0
1.61818 -0.171572 -1.3733 0
0.261046 1.18552 -2.71598 0
0.162289 -1.98577 1.23423 0
0.758777 -1.45328 -1.34774 0
1.5666 -2.78669 -0.718961 0
0.610172 -5.27073 -1.71974 0
0.02545 -5.91003 -1.0755 0
0.270398 9.75631 1.01369 0
0.277515 1.68871 -2.31867 0
0.499275 -0.558326 0.514241 0
0.727801 -1.78553 0.847305 0
0.119147 -3.74637 2.45575 0
0.114632 -3.6278 -0.299609 0
1.08331 -2.068 1.96056 0
0.937371 -6.42035 -1.06733 0
0.46445 -5.99216 -1.71812 0
0.969636 -3.84246 2.50473 0
0.290938 -2.5233 1.94123 0
1.1486 -2.62339 2.53011 0
0.779821 -3.30634 2.92226 0
0.706405 -1.71765 2.72166 0
0.430338 -3.12741 2.6979 0
0.371002 -1.74292 -2.24659 0
0.519347 -1.17575 -0.335015 0
0.906228 -1.42425 -1.40867 0
0.899847 -1.46695 -2.71136 0
0.261112 -1.21661 2.67733 0
1.23439 -0.257347 0.315183 0
0.133297 -1.80804 1.68753 0
1.17392 0.269584 0.700162 0
0.86089 0.906195 0.42463 0
0.439325 7.92672 -1.92995 0
0.361727 3.90774 0.368452 0
0.424723 3.14125 1.33171 0
0.30266 2.95142 -2.99986 0
0.553972 0.232909 -1.96527 0
0.100852 0.939151 1.00618 0
0.623931 0.617336 -3.03401 0
0.185255 1.42986 -0.983341 0
0.340372 -0.890721 -1.01624 0
0.260105 -5.6678 -2.95519 0
0.47201 -5.27784 2.89583 0
0.185044 -9.05678 2.18798 0
0.157957 3.13681 2.05919 1.15460354830838e-08
0.130057 2.88317 -1.85296 1.44209168744512e-08
0.343262 0.63714 0.620438 4.44884318230521e-08
0.0585711 0.114831 0.820062 7.70613158691016e-08
0.548278 1.46325 1.02354 37.5761371208981
0.286478 0.410337 -1.17233 0
0.47153 -0.714011 -1.38977 0
0.170178 -9.43185 -0.834741 0
0.12347 -8.20452 -0.136859 0
0.205754 1.13269 2.9003 2.33657720382319
0.0589467 -1.55543 2.35581 5.65664609214803
0.384295 0.768914 0.705727 5.78289159394455
0.0831892 0.582201 -2.42876 29.6570498846239
0.852611 -2.69531 3.12336 0.373507290131654
0.137561 -3.46202 -2.3472 1.08251628862476
0.293441 2.54801 2.47023 0.73542847484049
0.0513712 1.86783 -2.93654 8.02910678212385
2.89487 1.38756 0.412316 4.85384821824043
0.809388 1.24299 0.403127 19.6914452726967
