17.1643 -1.31984 -2.73712 1.42395371948437e-13
12.254 0.931253 -1.52584 4.36003761829536e-13
0.639057 -7.07799 -0.985412 0
1.98173 0.104796 -1.65469 0
0.491766 0.646377 -2.25986 0
0.377618 1.09242 0.498163 0
2.23967 1.19458 -1.68156 0
0.893607 -4.27991 -2.8909 0
0.301898 -4.75526 2.2046 0
0.404623 -3.02575 1.86375 0
0.508019 1.21991 1.27168 1.33518122648504e-13
0.493483 0.104245 -0.544357 1.00290319262171e-13
0.328295 -8.13401 2.27843 0
1.36652 -4.50341 -2.50396 0
1.07947 -2.35834 -3.05013 0
0.108244 -5.09612 0.413049 0
0.443405 -5.52182 2.79929 0
0.404902 -4.41352 -2.20935 0
0.228922 -4.81673 0.482033 0
0.127012 -3.58132 -1.14345 0
0.536171 1.11452 0.507963 0
0.767228 5.60737 2.35123 0
0.485464 8.04413 2.22655 0
4.84746 0.924022 0.106615 0
2.59245 0.974831 0.0289633 0
0.246496 0.338171 0.413134 0
1.96099 -0.053617 -1.00067 0
1.3752 -1.6255 -1.00067 0
1.6944 -2.87541 2.49301 0
0.403994 -2.11652 1.30639 0
0.786913 -1.33872 1.16463 0
0.365604 -7.29075 1.87117 0
0.136874 -5.37981 1.57316 0
0.500592 -6.87586 1.02216 0
0.533348 -1.46428 0.489677 0
0.556571 -3.96417 -0.315863 0
0.2976 -4.48252 1.98727 0
0.770759 1.2915 2.7326 0
0.451656 2.69083 0.403732 0
0.593888 3.73341 -0.323723 0
0.908156 3.23231 -0.312695 0
0.491008 3.55535 1.6687 0
0.518284 3.98005 0.532543 0
0.578661 3.74183 0.859384 0
0.772393 3.97867 -2.55979 0
1.29891 5.5085 2.53577 0
0.179135 5.07278 -0.783082 0
0.263016 5.43492 -2.30886 0
0.666382 6.51881 0.268709 0
0.127851 6.9674 2.52405 0
0.253047 6.84729 -1.35132 0
0.846569 5.44757 1.3673 0
0.799873 6.26659 -0.896902 0
0.578062 2.52716 -1.5289 0
0.315201 -1.11962 3.01672 0
0.701326 -0.96526 -0.425303 0
1.09284 -4.7821 2.49146 0
0.524117 -4.52177 -0.0776149 0
1.19629 0.309562 -1.81677 0
0.544564 0.332513 -1.78508 0
0.986793 0.777049 -2.71104 0
0.392824 1.53892 -1.14104 0
0.224793 0.955368 -1.02288 0
4.13739 -5.44181 0.41089 0
0.535901 -4.73816 -0.0957123 0
0.353641 -5.24862 -0.550747 0
0.151893 -4.59382 -2.30265 0
0.396705 -3.01579 0.625981 0
0.207576 -4.24982 -2.88913 0
0.0463297 -2.47783 0.253419 0
0.192721 -2.41466 2.37841 0
0.578993 -2.67989 -2.04893 0
0.411219 -1.65092 -2.72066 0
0.152726 -4.11727 1.44896 0
0.524966 -1.18726 2.91687 0
0.516251 -2.94172 -2.2499 0
2.12231 -0.700079 0.0671025 2.51084509486386e-14
0.819847 -0.0041072 0.164492 6.14095601638122e-14
0.269981 1.56874 0.902647 1.34246685575573e-13
0.54464 -6.10495 0.252173 0
0.229198 -4.53789 -2.32677 0
0.463402 -0.626299 -0.463094 0
0.215989 -3.8294 1.41682 0
0.970937 -3.7671 1.228 0
0.823081 -4.18362 2.06595 0
0.347051 -4.0932 0.538509 0
0.541309 -1.40014 2.33983 0
0.611789 -1.51448 1.65047 0
0.202588 -2.66304 -2.89958 0
0.84515 1.36297 -2.49277 0
0.996703 1.41972 3.05519 0
0.474938 3.57209 2.65825 0
0.195987 3.81198 1.36236 0
1.52244 -0.0649669 -0.932863 0
0.940436 0.411218 -0.786453 0
1.13362 -0.508691 -0.446663 0
0.926934 -0.0820572 -0.876356 0
1.55733 -0.90202 -0.78221 0
0.736121 -1.38913 -0.978552 0
0.914738 -3.42613 2.71787 0
0.0913595 -2.68951 -0.974586 0
0.384902 -2.03444 2.60594 0
0.367184 -2.3883 2.99344 0
0.461265 -2.99965 0.797588 0
0.754147 -4.78293 0.118454 0
0.446466 2.74098 0.761889 0
0.144297 4.2737 -0.934934 0
0.770982 3.51384 1.57213 0
0.496652 4.1072 1.63686 0
0.252859 3.94507 2.43763 0
0.377654 3.45494 0.620091 0
0.181182 2.24723 -2.81831 0
0.988427 4.41634 2.83063 0
0.345778 4.40066 2.10199 0
2.59409 4.67903 2.81212 0
0.290208 6.55289 2.76462 0
0.824047 5.58013 -2.46943 0
0.726215 5.58084 -2.19336 0
0.323155 5.30866 -1.73613 0
0.343903 6.22898 -0.781628 0
0.698185 5.54385 0.0607387 0
0.758182 5.04032 -0.502009 0
0.647961 2.58583 0.714481 0
0.457061 -4.96808 0.832454 0
0.445655 -5.41326 1.33798 0
0.374974 -6.23611 1.23097 0
0.318995 -7.15672 0.656535 0
0.323865 -4.50971 -2.68539 0
0.265054 -4.49252 -2.82937 0
0.197782 -7.4021 0.619083 0
0.505829 -6.86455 0.997855 0
0.214768 -0.226062 2.78143 0.713031852127286
0.992284 1.50504 2.89282 0.0436073476979953
0.641413 0.929996 3.04165 0.0389446040336349
2.55051 0.879215 0.0792651 0
2.15579 0.791394 0.235618 0
0.515267 1.13401 0.127138 0
2.06674 0.88253 0.332891 0
0.201603 -3.0069 -3.12432 0
0.121352 -2.28392 0.853418 0
2.01719 -1.58394 0.655455 1.4782905640593
0.370606 -1.29149 0.498867 10.4012916586402
0.8513 -1.26239 1.24131 0.0437340635871686
0.476445 -4.05194 0.663598 0
0.106592 -4.74575 2.58874 0
0.66004 -4.53678 0.121336 0
0.206176 -4.28123 0.476742 0
0.280261 4.77648 -2.3159 0
0.134553 5.69095 0.0187777 0
0.0750495 1.43507 1.12253 0
0.348767 2.14153 -0.308857 0
0.220339 1.15038 0.658277 3.50566447296255
0.387753 -1.99341 1.46567 4.06421070744948
0.0492625 -1.90998 -0.73603 34.5905064933868
0.245401 -0.412641 0.426054 104.515243536881
1.17549 -0.124645 -0.166346 23.5937662674462
0.00284485 4.31747 2.70263 9.57855280503679e-05
0.0615523 1.84138 1.51077 9.94566639096249e-05
1.46489 3.31051 1.2968 0.105531125440201
0.435517 3.3761 1.34461 0.338045278899799
0.130473 0.751728 -2.06341 1.18378605165216
1.18815 0.84033 -1.54317 0.122651140827246
2.1807 -0.637534 0.157623 14.7679195606331
0.977457 -0.560779 0.416945 34.3188863627002
0.864016 -1.49453 2.70007 0
0.228407 -2.59097 -1.56958 0
0.7584 -1.53774 -1.83999 0.254860866102849
0.164449 -2.07531 1.82949 0.257878364390917
4.10672 -1.8802 2.30829 1.66538447983017
0.157589 -3.77539 2.26672 0
0.579305 -2.69279 -1.40038 0
0.449493 -2.68936 1.34747 0.021599124834254
0.868446 -2.09232 1.01266 0.00742535861005275
2.12798 -0.599808 -0.0289061 3.66313600738615
37.9825 -0.547226 0.105716 0.386320452177818
5.88748 -0.584378 0.0107083 1.17175486474215
23.4457 -0.538851 0.110003 0.334416449543181
12.1402 -0.542312 0.141482 0.56622834885634
10.945 -0.566597 0.0804152 0.211197772772541
15.9211 -1.47647 2.2695 0.281641698074351
5.28382 -1.42321 2.34276 0.748642847236988
2.51271 -1.59898 0.910907 0.237512750531727
6.75925 -1.52699 2.2308 0.308162402688143
6.24505 -1.44654 2.29008 0.474985233249108
