0.787065 4.03171 2.68889 0
0.716863 6.27742 1.1756 0
0.912666 6.25566 2.22354 0
1.38461 8.41326 -0.587004 0
0.136688 -8.56047 -2.40834 0
0.12479 -3.50027 -1.94353 0
0.164481 9.53408 2.67513 0
0.804962 7.55652 -0.737358 0
0.548094 6.21564 -1.1213 0
0.135486 3.76492 0.971575 0
0.23071 7.12913 -0.654728 0
0.968535 4.54156 2.42069 0
0.295747 4.74256 1.01435 0
0.36247 3.64329 -2.16516 0
0.478375 2.78498 1.73612 0
0.363649 4.23803 -0.300733 0
0.433519 1.76972 2.99767 0
0.43676 0.793095 1.95751 0
0.141526 -3.14408 1.50141 0
0.420921 -2.66125 1.64305 0
0.146691 -5.29357 1.37526 0
0.435881 4.59212 1.59682 0
0.366005 3.40946 -0.0272839 0
0.269231 -8.39944 -1.64543 0
0.548551 -8.06146 1.53356 0
0.265147 -6.39695 -1.85806 0
0.337555 -5.42063 0.062076 0
1.30021 -2.02049 -1.33283 0
1.48101 -1.32693 -1.66561 0
0.984806 -1.54983 -0.843788 0
0.470645 -1.94325 -1.05386 0
0.309404 -1.53224 2.80163 0
0.884114 -0.313122 -1.19035 0
0.488602 -0.777081 0.300596 0
0.348008 2.22782 2.09239 0
0.325929 3.09523 -0.708005 0
0.504983 5.26342 1.7854 0
0.828579 4.94899 2.1822 0
0.43164 2.80732 0.709811 0
0.57007 2.5671 2.30264 0
0.232341 -1.72964 2.45299 0
0.208556 -3.45156 3.10313 0
0.0445096 -5.74306 0.0253752 0
0.347496 -5.81122 -2.25222 0
0.219031 -3.24722 0.327863 0
0.327328 -6.66453 -1.03367 0
0.136771 6.9867 1.6902 0
0.102215 6.47891 -3.0155 0
0.156516 1.4386 -0.0834489 3.82872541384268e-09
0.742695 1.42583 -0.549855 1.36099011467608e-09
0.321301 5.2626 1.03665 0
0.235046 4.78397 2.09698 0
0.399938 -8.50412 0.587889 0
0.101825 -8.16774 -2.66791 0
0.365469 -2.72402 -2.33594 12.4808814603762
0.159238 -2.71668 2.0357 28.7568385432754
