7.89887 -1.29545 2.03781 1.44654988063298e-14
0.640783 0.617572 -1.50751 0
0.252894 1.4309 -2.24576 0
0.503904 1.593 2.84494 0
0.482975 0.930357 -2.24731 0
0.0372363 -2.327 2.07535 0
1.09149 0.614105 -2.88528 0
1.21404 0.0595227 1.57234 0
2.42516 -1.12442 1.97487 0
1.81259 -1.41402 2.35358 0
0.33391 -1.4666 -1.59272 0
0.734216 -2.06114 1.83552 0
0.666481 -3.09324 1.91081 0
0.206809 -3.24226 1.96313 0
0.536603 -1.51178 1.59069 1.19145476828843e-14
1.13407 -1.04009 2.25786 1.78372497679884e-14
0.447036 -1.46803 1.78169 1.24162940201683e-14
2.12924 -1.18235 -1.17147 1.58173946217906e-14
0.99401 -0.668477 -0.948116 2.29315703864951e-14
0.412692 -5.53594 0.0218628 0
0.767513 -4.60209 -1.91597 0
0.881488 -4.84522 -1.10915 0
0.902368 -6.19321 -1.69975 0
0.714059 -7.82043 -1.338 0
0.517255 -1.88963 -3.00177 0
0.150038 7.87029 1.82087 0
0.790392 4.00773 -1.19635 0
0.358528 4.71273 2.17592 0
2.40969 1.90385 1.09984 0
1.06905 1.95393 0.353055 0
0.832371 1.73032 0.678134 0
0.299213 3.09568 1.51897 0
0.508806 1.44475 0.112057 0
0.155161 4.82756 0.187906 0
0.165836 4.65679 -0.186277 0
0.579844 4.83185 -0.237514 0
1.20119 7.45276 -0.661694 0
0.794022 4.81218 -3.07016 0
0.0907973 4.64431 -2.3487 0
0.601105 3.12208 -3.05936 0
0.612986 2.49041 1.51598 0
0.262348 3.74061 -1.58959 0
1.44277 1.24451 2.06854 0
0.458127 1.70439 1.08414 0
5.45049 0.209759 1.82638 0
0.842657 0.319265 2.40247 0
0.570239 2.5828 -2.63796 0
0.674641 3.77369 -0.897589 0
0.633999 -4.6068 1.30728 0
0.298173 -3.9701 2.19471 0
0.207242 2.5643 2.00073 0
0.231824 5.73603 1.2373 0
0.398288 7.31696 2.78876 0
0.671949 3.4908 1.8289 0
0.848663 3.45112 -0.0898137 0
0.489056 3.15993 3.1006 0
0.383132 -1.39358 1.66137 0
0.947385 -1.29072 1.58743 0
0.305614 3.73098 -1.95422 0
0.77722 2.76015 -1.76595 0
2.33624 -0.299525 -0.8622 0
0.680594 -7.96589 -2.40226 0
0.370475 -7.84405 2.75868 0
0.398481 -0.360948 2.39677 0
1.24587 0.190094 -2.09415 0
0.156933 3.48091 2.86696 0
0.296477 1.1778 -2.6403 0
0.701806 1.29154 1.7642 0
0.276106 2.03133 -0.856855 0
0.710444 1.28801 -1.26135 0
1.12562 1.12745 -1.47951 0
0.345569 -2.70419 1.95386 0
0.0751572 -2.58941 -2.21045 0
1.37668 -3.18769 2.04943 0
0.871915 -4.24749 0.780914 0
1.03032 -4.49763 0.891543 0
0.574566 -4.17855 0.556295 0
0.0871003 -6.28933 -2.04965 0
0.434401 -4.49297 1.26123 0
0.490607 -4.09987 -0.200672 0
0.157193 -5.35958 0.673237 0
1.46176 -5.34491 -0.755167 0
0.388133 -7.14316 -2.2168 0
2.86235 -0.876387 0.456881 0
1.96623 -0.977332 0.0689847 0
0.366006 -0.879454 -1.36071 0
1.55217 -2.16941 -1.4507 0
0.63669 -1.66515 -0.994988 0
1.53313 -1.54761 -0.924341 0
0.19737 -1.01256 -1.22652 0
1.14622 -1.93117 -1.08413 0
1.53196 -2.83998 -1.41626 0
0.293623 -4.33 -2.02789 0
1.66909 -3.25774 -2.33474 0
0.78302 -2.84741 -2.17792 0
1.78403 -2.60499 -2.80026 0
0.238888 -3.40278 -2.24089 0
0.401764 7.15744 2.46161 0
0.311166 3.07921 -1.8042 0
0.302462 4.62093 -3.11633 0
0.685502 3.78365 2.23259 0
0.392319 3.04621 0.176158 0
0.906359 2.91694 2.19177 0
0.446291 1.3275 0.811053 0
0.209868 -2.93058 2.01494 0
0.405538 -2.1004 -0.739323 0
0.335063 0.668971 1.22546 0
0.157719 6.79151 0.942772 0
0.189177 7.66375 -2.19233 0
0.730373 0.91556 0.97274 0
0.5215 -0.0863855 -0.966418 0
1.09625 -1.92182 2.21076 0
0.454964 -2.28676 1.30077 0
0.286016 -0.56792 1.7273 0
0.533336 -2.00108 2.69085 0
0.0548475 -1.50529 0.274026 0
1.99762 -0.542031 2.95644 0
1.59229 -0.715522 2.47315 0
0.139663 4.85209 2.90615 0
2.55433 -0.371046 -1.07169 0
0.651598 -0.0924384 -1.63969 0
0.466908 -2.63355 -1.37629 0
0.293322 -2.97908 -0.688509 0
0.144288 -5.1414 -2.95694 0
0.258896 -1.1439 2.11017 0
0.108135 -0.984186 -2.92899 0
0.999451 -1.3405 -2.30588 0
0.570271 -1.42304 -2.87945 0
0.541203 -0.825329 -1.49794 12.9033076346374
0.128209 -0.922216 -2.49243 50.8131282049592
21.2459 -0.980958 -0.988039 0.0226447192370374
0.3754 -1.86447 -1.2338 0
0.83122 -1.1963 -0.723527 0
0.332557 -2.59046 -2.21561 1.05133933744616e-08
0.129731 -2.4828 -2.42825 1.97164025727055e-08
0.0691583 3.75288 -2.57927 0
0.123158 2.77086 0.440229 0
0.205992 1.93594 0.674643 0
0.257294 2.60457 -0.996141 0
0.292554 2.33968 -1.3769 0
0.380479 3.43816 -1.96175 0
0.178463 4.07918 2.2085 0
0.159547 4.22047 -2.76054 0
0.584246 4.55226 3.01547 0
0.267492 5.41908 1.98803 0
0.0712 7.06888 3.1184 0
0.170193 7.30901 -2.36498 0
0.287613 2.08571 1.23781 26.0603154064602
0.131075 4.76963 -2.12157 0
0.0816268 2.74552 0.700106 0
0.165726 5.42109 2.02335 0
0.182491 4.56433 -2.767 0
0.0565737 -2.36787 1.68897 2.58592443231334e-07
0.0359099 -2.39649 1.79347 2.50648360878908e-07
0.514222 -1.6818 2.26901 0
0.276218 -2.73617 1.77571 0
0.521303 -2.03493 1.43599 0
0.709919 -1.7013 1.67225 0
1.09135 -0.491059 2.99148 0
0.052983 -2.07824 2.00867 0
0.271347 1.00143 -1.82967 0
0.142339 1.23683 -0.467729 0
0.0576997 -3.32038 -0.794247 0
0.322428 -1.30775 2.09645 0
1.40715 -1.92549 -0.99141 0
0.311821 -1.80752 -1.42091 0
0.129379 -2.31677 -1.45932 0
1.66092 -2.13806 -1.57736 0
0.170857 -8.49499 -1.43698 0
0.075088 -9.34669 2.83911 0
0.666876 -2.36689 1.57104 15.5935492915657
0.662623 -2.04308 2.10031 21.5402389333503
0.714247 -1.29697 2.30092 1.44513401112787e-14
2.17519 -1.28175 1.95216 1.46319959831908e-14
0.267575 1.9428 -1.58426 52.9470568244149
0.319167 2.16442 -0.0619865 35.7127891352229
0.227035 7.07502 -0.818736 0.277230290139111
0.161508 5.77936 -0.542145 1.41718549679071
0.38925 -0.963199 -0.937026 22.5471845615165
4.05906 -0.939469 -1.01246 2.25834511164438
