16.9694 0.508959 -3.05766 6.39582926379115e-14
1.34566 0.182392 -0.953585 0
0.481601 -7.46541 2.87965 0
1.2769 4.89644 2.25734 0
1.66617 0.205825 -0.817953 0
0.162138 -1.27342 -1.60058 0
1.40956 0.512194 -1.44217 0
0.85519 -5.10642 -1.89897 0
0.220082 -1.8068 -1.49486 0
2.54326 1.0203 0.0380748 1.46368233291904e-13
4.09911 0.880236 -0.339747 8.68893404097182e-14
0.23703 -0.0973502 -0.692896 2.21247364532083e-13
0.990793 -0.0800881 0.124472 2.2885679099622e-13
0.820249 0.305609 0.412359 2.20267356040962e-13
0.289572 1.60264 2.80519 0
1.92561 0.254466 -1.63625 0
0.522231 0.623639 -2.71999 0
1.52971 0.381519 -2.44564 0
0.64972 -1.08277 -1.19457 0
0.695453 -0.632739 -0.646018 0
0.238547 -0.467739 -2.41755 0
0.698433 -0.895635 0.792559 0
0.39772 -0.817326 -0.300805 0
0.507642 -1.4912 2.53545 0
0.443334 -2.12082 0.587776 0
0.329703 -1.45256 -1.80411 0
0.6796 -4.57347 -1.60131 0
0.227258 -2.66293 -2.26473 0
0.997835 -0.624336 0.746906 0
1.11013 -0.430638 1.03079 0
0.106558 0.64132 -1.15284 0
2.32548 -2.07607 0.947128 0
0.409752 0.446718 2.45381 0
3.29481 1.03343 3.07103 1.351746159566e-15
17.0194 1.13556 3.03796 1.16560672485621e-15
5.25675 1.15241 -3.08731 1.27499930723888e-15
10.5524 1.10714 3.12369 1.27866657242826e-15
4.67067 0.979796 -3.01972 1.59175355326835e-15
8.05271 1.19722 3.13833 1.16250720442629e-15
0.28002 -0.824012 0.247036 1.94363916440228e-15
0.145754 7.11045 -0.15031 0
0.436229 4.17826 1.65748 0
0.549721 2.93916 1.86561 0
0.906572 2.79439 -1.05087 0
0.222031 2.6484 -1.80706 0
0.515754 3.35914 -1.96043 0
0.171661 3.63671 0.615556 0
0.886487 3.78016 -2.73037 0
1.99715 3.73015 3.05358 0
1.63537 3.96992 -1.87463 0
0.446346 3.1034 -1.54184 0
0.497115 4.85079 -0.49198 0
0.615513 6.08498 -2.48372 0
1.14639 5.03417 -2.45992 0
0.991526 0.0759363 -2.99032 0
0.419334 -0.41473 -2.07098 0
1.35505 -0.794909 0.795615 0
0.936735 -1.48668 2.51552 0
2.31743 -2.35085 2.13068 0
1.3051 -3.32492 1.33773 0
0.836406 -3.94842 1.96458 0
0.929493 -5.00858 -0.0230568 0
2.62665 -4.02917 0.783507 0
1.87932 -3.7762 0.250287 0
0.477234 4.89216 -2.74636 0
0.305162 2.92745 2.86935 0
0.58568 3.43553 0.871478 0
0.211754 3.85808 -2.87254 0
0.5002 3.26147 1.24842 0
0.806456 3.66514 1.34196 0
1.36565 3.39362 0.962562 0
0.532878 2.86828 1.45059 0
0.717535 2.12318 2.17942 0
0.532911 1.59624 0.545843 0
0.449001 1.25075 2.13786 0
0.210588 2.52491 -1.0986 0
0.229959 -1.51827 -2.10436 0
2.4536 -0.527165 1.54523 0
0.519965 3.45045 -1.77127 0
0.274219 4.28078 -0.690055 0
0.400358 5.15517 2.76801 0
0.103706 3.03291 -0.812649 0
0.908792 3.40891 0.924084 0
1.03832 2.73117 0.0517517 0
0.403361 1.60046 -0.413965 0
1.62027 0.789985 -1.14136 0
2.37365 -6.47756 -2.75868 0
0.519501 -3.55874 -1.05053 0
0.28841 -4.40066 -1.78656 0
0.683886 -0.0472105 -1.04448 0
0.389083 0.30778 1.89284 0
0.705332 -2.11041 1.0235 0
0.0721516 -2.00795 -1.98474 0
0.474859 -3.03437 0.0474022 0
0.137378 -5.9025 0.211936 0
0.176265 -4.95399 -1.98328 0
0.39214 -5.95135 0.26302 0
0.319067 1.03744 1.94613 0
0.73727 -2.48656 -1.34592 0
0.349016 5.49629 -1.63441 0
0.772347 5.17492 -0.336046 0
0.502114 4.26131 -0.28717 0
0.451603 3.35288 -0.318374 0
0.702716 4.07187 1.48613 0
0.157775 2.06931 0.250063 0
0.165084 2.40961 -3.08001 0
0.250889 -0.122768 -2.46881 0
0.213104 -3.16314 -0.186174 0
0.0717411 -1.20558 -0.378286 0
0.602522 -4.02704 -1.02046 0
0.565643 -3.63471 1.69212 0
2.40022 3.9991 1.99531 0
0.626477 2.12049 2.06077 0
0.355998 -0.415578 1.50827 0
0.526665 -5.47328 -0.493196 0
0.230879 1.20829 2.76478 0
0.095586 5.36933 2.22349 0
0.409466 1.06707 -1.75297 0
0.72392 1.24406 0.820991 0
0.41597 -4.29419 -2.3075 0
0.589148 -5.18062 -2.92058 0
0.760858 -5.78592 -2.60616 0
0.734507 -5.54579 -0.922111 0
0.288315 -6.10781 0.87612 0
0.612163 -0.639712 0.0293921 0
0.392969 0.369502 -2.45631 0
0.0825162 -2.11189 0.960641 0
0.852014 0.0498421 1.77728 0
0.315174 0.211579 -2.8875 0
0.19457 -0.942821 2.10767 0
0.215096 3.85417 -1.66631 0
0.149775 4.26651 -1.01896 0
0.605214 3.40115 -1.41606 0
0.632258 3.2865 -1.10711 0
0.353387 5.97074 1.24687 0
1.63293 0.00752315 -0.740716 0
0.353132 -7.48919 2.71377 0
0.205459 6.12193 2.2928 0
1.31426 -5.12289 -2.38605 0
1.31859 1.22807 -0.944312 0
0.123462 -0.14217 -0.570351 0
1.76708 0.91491 -0.89399 0
0.169677 -3.7587 -2.53133 0
0.160048 -4.13727 -2.99334 0
0.629302 -2.82524 2.52285 0
9.1935 1.00615 -0.0748712 1.29801903966464e-13
3.11971 -0.0829362 -0.44 1.95651919116186e-13
3.30372 0.0149779 -0.37003 1.65530004116856e-13
1.52825 0.735673 -1.31203 0
0.552023 -3.0787 -2.59445 0
0.217741 -2.55341 0.0344395 0
2.81108 4.33924 -1.62818 0
0.24105 -1.63317 -3.04184 0
0.524854 -1.90012 2.2868 0
0.554246 0.368759 2.27495 0
1.76652 1.68038 -2.27879 0
0.16496 2.26604 0.648645 0
0.225612 1.97774 -0.965753 0
0.900727 2.09458 -0.720506 0
2.01993 1.27535 3.04506 9.77023233388542e-16
0.459717 0.587127 2.87823 2.0688836879384e-15
0.177727 5.61767 1.98318 0
1.22435 6.40631 1.79837 0
0.458377 6.8067 2.00929 0
0.218595 6.04372 -1.20706 0
0.515872 6.06448 2.30184 0
0.240118 4.41818 2.98338 0
0.142269 7.13693 1.19205 0
1.85376 4.33528 1.92346 0
0.42502 2.22547 -1.20947 0
0.962866 3.40798 -2.20315 0
0.395042 4.69875 -0.811817 0
0.86808 3.45222 -1.17126 0
0.313664 4.05311 -1.56963 0
0.0313023 4.69622 -1.35036 0
0.323472 4.3547 -2.00536 0
0.286696 -2.55342 -2.50985 0
0.275652 -1.74516 0.353124 0
0.273396 1.14233 -2.66051 0
0.696847 0.0389984 2.38102 0
0.80779 -1.37027 0.392978 0
1.3135 -1.13057 1.20273 0
0.579218 -1.18931 1.44406 0
0.388679 -2.95008 2.4197 0
0.9162 -2.87909 2.23033 0
0.607343 -2.00958 2.24755 0
0.284498 -4.9339 -1.21371 0
0.500789 -4.55146 0.265938 0
1.80448 2.0726 2.62003 0
0.736841 1.74218 1.51651 0
2.16875 1.18914 1.51683 0
0.563941 0.971365 0.988404 0
0.576044 -0.0465403 1.49107 0
0.929841 3.98119 -2.47899 0
0.103878 3.56752 2.54017 0
1.96497 1.32082 -0.721834 0
1.028 1.91358 -1.23883 0
0.357972 1.10459 -0.591718 0
0.704158 1.26844 -1.09434 0
1.34734 1.46059 -0.950327 0
0.900968 -0.201324 -2.66967 0
0.513657 1.77855 -1.05558 0
0.280979 -1.73157 2.46727 0
0.807505 -1.62144 -2.62405 0
0.270444 -2.18114 -0.245871 0
0.22122 -5.00352 3.08896 0
0.551036 -4.79372 -0.526811 0
0.280429 -4.91793 -0.29185 0
0.285359 -4.2477 -2.27053 0
0.317802 2.09643 2.38417 0
0.480936 -0.317639 1.36453 0
0.50369 -2.42213 -0.799547 0
1.03298 -2.53032 1.86176 0
0.285704 5.60096 -1.90868 0
1.30158 5.11907 -0.573343 0
0.1454 2.77282 1.8139 0
0.263579 0.653286 -0.691911 0
0.494984 1.31119 -1.40709 0
0.485541 0.410268 0.951511 0
0.142146 -0.822698 -1.01303 0
0.843357 -4.1232 -1.03932 0
0.132663 -4.07838 2.66188 0
0.210652 0.869682 -0.724738 0
0.423531 -0.463134 -2.18433 0
0.577443 5.3827 -0.14459 0
0.396095 1.30486 -2.94832 0
0.301395 -0.0241902 -0.684074 0
0.341621 -4.30407 1.87764 0
0.1861 -5.56576 -3.02973 0
0.68209 -3.41664 -1.57563 0
0.455185 -3.66485 0.0296956 0
0.060573 -3.06168 -1.18359 0
1.02186 -1.09129 1.65237 0
0.381798 -0.0472276 1.92447 0
0.350846 -0.656535 -2.03784 0
0.19185 -0.461002 -1.43802 0
1.11625 -0.193029 -2.60002 0
0.575869 0.732924 2.89817 0
0.308541 0.466163 0.598792 0
0.594496 3.75394 -1.30595 0
0.929287 3.61509 -1.62769 0
1.78399 3.39067 -1.4088 0
0.913548 4.23445 -0.695454 0
0.311492 4.42505 0.0254663 0
0.643533 4.76886 -1.71092 0
1.36939 1.12088 -0.00261693 1.55381915465599e-13
0.161725 1.24633 0.38883 2.1485947241926e-13
0.350011 -0.312363 -1.97001 9.83223522118008e-09
0.0453183 -0.288395 -0.831883 2.15765142606197e-08
0.198018 7.71788 0.207424 0
0.298427 7.60742 -1.47701 0
0.53709 -0.447013 0.618318 0
1.00299 -0.460302 0.522307 0
0.0891152 -2.97271 -0.42296 0
0.852062 -2.16759 0.765525 0
0.0757547 -3.16985 -2.92592 0
0.260663 -1.60167 -0.211353 0
7.02343 1.14325 3.12563 0.0689830145619313
0.522462 1.06296 2.78904 1.11425153014746e-15
1.14598 0.751069 -2.95621 2.02198600253168e-15
0.1858 7.14988 1.612 5.2115637590688e-08
0.083697 6.89542 3.12284 1.43458013531107e-07
0.282224 4.75184 2.33173 0
0.186381 4.56099 -2.3775 0
0.814568 4.49044 1.82114 0.591814584796116
0.273964 3.9379 1.95474 3.0614811863064
0.97668 2.43648 -0.741749 0
0.273521 3.23061 -0.253326 0
0.493994 3.46593 -2.47082 0
0.388282 3.77481 3.0875 0
0.18385 0.616076 -2.39029 4.396312305675e-09
0.260069 -0.16928 -2.98326 5.0106774997375e-09
0.282271 0.716095 -1.65473 2.54159903263509
0.197166 -0.67009 2.93528 58.1258620976218
0.496815 -0.843051 1.21353 0
0.532438 -0.489253 0.683883 0
0.566035 -0.953499 2.5578 1.7259261768262e-07
0.175456 -0.935648 2.56525 1.81982550047006e-07
0.750965 -2.61393 1.99601 0
0.337245 -3.30706 2.54248 0
0.291246 -4.04687 1.26424 0
0.728751 -3.80696 0.843319 0
0.171058 -3.2794 1.62802 0
0.67974 -3.15572 1.01524 0
0.359672 -3.09219 1.10044 5.58196009288411e-07
0.154815 -3.18414 1.05669 5.45419417173265e-07
0.168416 0.304422 -0.876753 0
0.329927 1.61204 -2.23289 0
0.245649 1.09611 -1.06833 47.6217168155872
0.122444 1.85211 1.54976 16.4632076525854
0.192894 3.8891 -1.18237 5.56819694422556e-08
0.136672 3.21957 -2.42264 9.30931955864057e-08
0.226806 2.73393 -0.699366 0
0.331202 2.73634 1.41797 0
0.926139 0.788308 -0.144808 8.63991148094853e-08
0.314686 1.23802 0.0509676 1.6367738827473e-07
0.547104 1.53271 0.0496245 0
0.389398 1.83793 -0.409938 0
0.0862153 -5.50299 -0.909925 2.63264499338298e-10
0.110379 -5.4748 0.647368 3.11234845632043e-09
0.353716 -5.47288 0.371045 0
0.688089 -5.96616 -0.622181 0
0.542363 -5.27134 -1.40754 0
0.992251 -5.11043 -0.863265 0
0.105881 -0.777543 1.55867 0
0.605806 -0.291547 2.85447 0
1.31455 -0.152396 -3.0675 0
0.504271 -0.0486505 2.96948 0
0.386159 -0.332143 -2.70497 0
0.355273 -0.565136 1.91643 0
0.0643556 2.28961 -0.151778 0
0.207895 0.799476 1.60454 0
0.0937259 2.39168 -1.89456 0
0.265833 1.78879 1.53572 0
1.61096 3.35775 -1.34098 0
1.20025 3.46861 -1.57152 0
0.70892 -1.38031 1.49451 11.4074321348151
0.489227 -1.95064 1.09991 9.73227289993636
0.251684 2.41845 -1.25621 25.9923468691272
0.782479 2.09857 -2.11167 11.4328601187704
0.435128 1.52654 -1.07455 20.0804006966248
0.541912 2.0975 -1.66194 9.37538092494021
0.967598 1.64749 2.5139 2.83060748324103
1.1797 1.81968 2.17058 1.97621326702419
0.343814 4.2378 -0.299636 3.78239959538472
0.316943 4.15601 -1.64135 4.44662953185232
0.465092 1.94104 2.48711 30.5985974126024
0.0666739 3.2156 -1.50942 60.9606453669463
0.0711685 -2.11964 1.0424 5.49338285781888
0.387047 -0.13289 0.185764 4.2234839695565
0.126598 -0.0836443 0.726475 1.33770124865355e-05
0.098667 -0.0915363 0.725184 1.36142788127689e-05
0.23473 -2.26349 -2.43685 12.3011365581633
0.366837 -2.22653 2.30997 8.15758615858967
0.328427 -0.0674818 0.264365 16.1303368430914
0.192635 0.0807366 -1.60728 27.452026589019
0.242474 -1.92359 1.57939 3.53241451587591
0.123364 -3.77415 2.02525 1.11506466122893
0.18015 2.20505 -3.13433 9.22911673214962
0.305187 2.52049 1.20603 4.00386395028678
1.04387 -0.15586 0.207682 0.0438074389784087
1.70113 -0.00166108 0.310154 0.0826027210900936
12.4578 -0.000251225 -0.491197 0.0890047821803086
2.20232 1.15988 3.10727 0.162126297831889
1.39265 1.11432 3.01805 0.297997482904244
2.69629 0.926786 3.07614 0.446814594422812
8.07773 1.01912 -3.10939 0.190330975409842
2.40942 1.14882 -2.83924 0.46311266137401
2.88879 1.16351 3.06519 0.170904841345355
0.494545 -0.0285095 1.28484 34.3832488788231
0.211578 0.588187 2.41767 68.4699238098985
8.28178 -0.155769 -2.54237 0.294228016730412
0.260272 -5.65383 -1.82913 3.16230472825415e-08
0.489971 -6.00875 -2.14852 1.71617398806513e-08
10.07 -0.0118706 -0.477669 0.0470030605577348
19.0337 0.00611611 -0.46029 0.0415727122352419
16.0292 -0.0174377 -2.36194 0.383544709723561
