1.70519 8.35453 -0.782594 0
1.05834 5.00031 -2.68297 0
0.70891 -2.49891 -2.58544 0
0.760522 -4.09957 -1.2252 0
2.0224 -3.11163 -3.1055 0
1.20436 2.00971 2.78533 0
1.09624 1.21721 -2.05265 0
1.18344 1.60769 -1.76397 0
2.13529 1.33469 -2.09731 0
1.22829 2.99602 0.169405 0
0.412145 5.54595 -0.781797 0
0.392768 4.99178 0.289682 0
0.176374 3.9424 -1.69453 0
33.1851 2.51967 1.89484 8.20999096214485e-15
0.438037 3.12627 -1.08191 5.20451385860471e-15
1.79917 2.79088 -0.840746 7.00344032477316e-15
0.649089 2.43325 -0.784577 9.79252210609876e-15
10.9248 2.65049 -1.19942 8.0986837908615e-15
0.296131 -5.10035 1.64329 0
0.366145 -4.26903 -2.02446 0
0.160112 -1.97214 -1.47118 0
0.326167 0.938636 -0.176751 0
0.314234 0.533655 -2.49525 0
1.69404 0.894389 -2.71137 0
0.797687 1.00366 2.50368 0
0.323196 -0.798893 -0.58124 0
0.703624 -1.73726 2.08867 0
0.766116 0.340983 -0.590875 0
0.773968 4.25639 -2.32076 0
0.668203 3.17841 -2.45958 0
0.644886 4.57896 -1.02938 0
0.696822 2.79196 -1.01714 0
0.319438 2.78869 -0.995464 0
1.11831 2.47 -1.45933 0
1.02636 0.297758 -0.975398 0
0.332636 0.110154 0.312691 0
1.04801 0.312651 -0.837586 0
1.97634 -0.157533 0.709479 0
0.701785 -1.28132 0.00738542 0
0.589031 -1.27479 0.672224 0
0.572472 -1.94328 0.476345 0
0.825255 -2.9401 2.0931 0
0.908687 -3.908 1.14683 0
0.837806 3.23681 -1.36903 0
0.632071 1.23115 2.08476 0
0.335932 -3.58733 -0.264315 0
0.189668 -4.51289 -1.91663 0
0.221557 -5.62332 2.64193 0
0.212798 -10.2684 -2.15639 0
0.612872 5.58587 -0.357235 0
1.23212 -3.51768 -1.4425 0
0.803846 2.40705 2.80339 0
0.0385383 7.1732 -2.36702 0
0.260164 7.72256 -0.712127 0
1.3354 2.82018 2.19403 6.06232474052908e-15
0.326341 3.15636 -1.02371 5.04989136443247e-15
0.354696 2.96959 -1.51203 6.07695545304503e-15
5.02268 2.55208 -1.22506 8.8820626881191e-15
1.87944 2.63697 -1.03914 8.16018228965413e-15
0.289172 -5.49439 2.19782 0
0.87039 -0.719034 -2.40565 0
0.462021 -4.85561 -1.36396 0
0.307457 -3.40718 1.44914 0
0.607707 1.88769 2.69489 0
0.373842 2.225 -0.541741 0
0.684459 4.3426 0.598482 0
0.307236 5.7269 1.49247 0
0.29005 3.94689 -0.785114 0
0.493463 3.87616 -2.8136 0
0.385304 3.81151 -0.929614 0
0.780546 2.36063 -0.833309 0
1.58716 -2.86197 1.00037 0
0.254971 5.68711 -2.23751 0
0.154709 4.46534 -1.51954 0
0.260899 2.69756 -0.4084 0
0.377416 -3.34975 -1.86635 0
0.118342 -3.40663 1.10835 0
0.425933 -3.99348 0.69894 0
0.410096 -3.28864 -2.9525 0
0.192896 -6.59859 2.80589 0
0.187179 -8.8871 1.00129 0
0.450917 -7.18695 1.00439 0
0.0732541 -8.96702 -2.45031 0
0.251079 6.30064 0.078715 0
0.495562 6.12334 -0.718157 0
0.901154 2.54857 1.90652 0.543548855626875
0.0837082 3.21321 0.74083 3.9758110476066e-15
0.0392686 5.03996 -1.78223 1.22201480413033e-15
2.27011 2.56633 -1.11352 8.73879493180664e-15
1.0164 2.75968 -1.15279 7.30797670144414e-15
0.216347 -6.95784 -2.72489 0
0.391177 -6.65665 3.04321 0
0.359588 -2.15544 2.92731 0
0.193427 -1.7838 -1.26693 0
0.107353 -1.87595 -0.692799 0
0.288651 -0.992153 2.28648 0
0.246687 -0.775312 3.09661 0
0.0754756 -1.34019 -0.421776 0
0.0718106 -1.29122 0.162922 0
0.114428 -3.30512 1.14665 0
0.192468 -3.17131 2.20181 0
0.0761145 -5.231 1.09504 0
0.859446 1.39374 1.89726 35.9104056071066
0.630721 1.07141 1.45093 63.8950381580386
1.36578 1.87066 2.04722 0.575142370587905
0.0981884 2.34185 1.81022 5.12303652905985
0.0645503 2.49065 -2.12469 2.83851616055392
0.625804 1.15756 2.77831 1.0176373032672
0.089976 -4.25842 1.54115 24.3085078493198
0.349461 -3.01195 -2.22405 21.7227667667986
