0.706718 1.52209 2.62527 0
0.370384 2.35014 -0.207477 0
1.88124 -3.67563 3.02793 0
0.438296 -6.14202 1.28097 0
0.263417 -6.04895 -0.59404 0
0.564654 -5.33399 0.766139 0
0.379403 0.178807 1.53296 0
3.02539 1.05014 2.14569 0
1.3295 1.43437 2.1418 0
1.79203 0.669133 2.12361 0
0.978439 -2.01516 -0.744383 0
0.720275 -2.03787 -1.15425 0
0.70633 -1.46806 -1.57956 0
0.219739 2.30339 -2.22162 0
1.69951 -0.763067 -1.50934 0
1.85052 0.260655 -0.0797662 0
0.293392 -0.927503 0.403801 0
0.727116 -0.0384952 1.01959 0
1.41378 0.14475 0.698722 0
1.28896 1.2852 1.10354 0
3.82489 -1.27292 -1.60184 0
0.799271 -1.52756 -2.69394 0
0.970059 -1.97394 2.87468 0
0.795845 -2.06909 -1.77667 0
0.756369 -1.57562 0.128211 0
0.594184 -0.0380663 0.208572 0
0.103536 -1.07399 -1.26788 0
2.70008 -1.17042 -2.61288 0
1.10549 -1.24172 -1.53887 0
2.93019 -1.5422 -2.50166 0
0.400321 -1.75687 -1.83438 0
0.140976 -1.4653 0.165222 0
1.03566 -1.38785 -1.53337 0
0.38366 -1.80409 -2.75085 0
0.505946 1.60666 -0.988601 0
0.584324 1.1171 -0.268103 0
0.118586 0.644458 1.21421 0
0.722408 1.39628 -0.172951 0
1.83402 0.915219 -1.98602 0
0.82808 0.410168 -1.11043 0
0.189965 2.20959 -0.747741 0
0.745816 0.539417 -1.37598 0
1.70669 0.060299 -1.13081 0
1.20906 3.4116 -0.252784 0
3.83524 2.11089 0.435597 0
1.60902 -1.95362 1.87044 0
0.377272 -2.51496 2.00066 0
0.624668 -1.68343 0.0359772 0
1.09908 -3.64211 -0.270457 0
1.53409 -3.8509 0.339348 0
1.02861 -4.3018 0.410818 0
1.38826 -4.40016 1.36387 0
0.324858 -4.06148 1.2551 0
0.0757696 -2.26557 1.86845 0
0.74039 -3.15749 2.45051 0
0.533596 -2.94607 -2.27985 0
0.463579 2.18882 0.214067 0
0.8337 4.53868 -1.93499 0
0.253572 -4.15121 0.150364 0
0.740021 -3.96811 1.45659 0
0.878454 -1.99659 1.06979 0
0.391566 0.925671 0.134005 0
0.377056 1.43449 -1.01668 0
0.37482 2.83306 -2.96867 0
0.473914 -2.40106 1.43278 0
0.403879 -0.860456 0.267631 0
0.371076 2.64956 -0.250881 0
0.353288 4.46598 0.890692 0
0.470027 -3.0001 2.87268 0
0.0330699 -3.21143 -2.46445 0
0.730826 -0.743989 2.50776 0
1.24184 1.50909 -2.58576 0
0.963853 2.41225 -2.60602 0
0.30047 2.07484 2.28859 0
1.719 2.51835 2.60583 0
0.537887 1.73775 -2.68124 0
0.114103 2.31663 -1.69487 0
0.972995 3.50404 2.74983 0
0.296417 3.25148 -2.84067 0
0.838989 3.38016 2.53085 0
0.754454 4.89513 0.97273 0
1.10426 4.60064 2.16121 0
1.14507 5.3594 1.60698 0
0.277583 7.75971 2.95271 0
0.228722 5.60666 1.6235 0
1.1876 6.46534 2.37244 0
0.518162 6.10835 1.5593 0
0.555381 4.4559 -1.74551 0
0.156482 2.97574 -0.804012 0
0.164315 3.68572 1.56152 0
0.779449 -6.20483 2.36599 0
0.331723 -6.45823 2.64799 0
0.272454 -3.39396 0.423093 0
0.590214 -2.89857 -0.0413268 0
0.319618 -2.98301 3.00924 0
0.244054 1.88017 -1.2721 0
0.658376 1.6814 0.164873 0
0.714657 2.61407 1.44518 0
0.961786 4.26326 1.93135 0
0.427443 -6.49021 -1.52334 0
0.0927274 -5.54331 -1.45012 0
0.415933 -3.83914 -1.94939 0
0.591145 -2.80607 1.68777 0
0.379763 -1.63749 -0.105325 0
0.836747 -0.70279 3.06972 0
0.690649 1.75468 0.77087 0
0.241366 2.39793 -2.45683 0
0.613669 6.34307 -0.53774 0
0.456196 6.90221 1.01607 0
0.222893 2.23005 2.77337 0
0.581843 2.41231 0.598901 0
1.06895 1.90155 0.0633181 0
0.673777 -2.52096 -3.004 0
0.595545 -2.85493 1.78229 0
0.641345 -2.54032 2.80526 0
0.38125 -2.45254 3.03173 0
0.470278 0.703618 0.535152 0
0.257341 0.561033 1.12105 0
0.679163 3.82539 -1.3003 0
0.21308 4.39939 -0.346164 0
0.355393 5.42725 -2.44366 0
0.327813 7.28091 -0.684741 0
1.33092 2.87723 -1.40588 0
0.43684 -2.74037 -1.83394 0
0.911495 -1.60252 -1.88724 0
0.450233 -3.51963 2.65433 0
1.37224 -4.17313 3.03518 0
0.120039 -4.05769 1.38531 0
0.445438 -4.26565 1.3664 0
1.98248 -3.74837 1.71407 0
0.234191 -3.45398 2.55479 0
0.444236 0.335605 2.90408 0
1.01901 0.380588 1.73299 0
0.423691 0.616397 2.32099 0
0.56949 -1.77605 -0.28546 0
0.33105 -1.70024 -1.49026 0
0.604017 -0.45529 -1.05926 0
0.178201 4.58798 0.0496421 0
0.3755 0.240461 1.41868 0
0.0187405 4.00122 -2.29131 0
0.653287 -0.0513842 -0.179832 0
1.27167 0.633503 0.113281 0
0.702399 0.772336 1.75798 0
0.180661 -3.41952 -2.55789 0
0.682779 -3.17839 -0.558234 0
0.439075 -2.5036 -1.57587 0
0.218893 -0.547999 0.99751 0
1.50611 -0.324974 -0.51565 0
0.72228 -1.5586 -2.64173 0
0.484678 -2.05596 -1.15108 0
1.37973 -1.86512 -1.1935 0
0.730361 1.62434 -0.890324 0
0.785761 1.31208 -1.57228 0
0.890392 0.676735 -1.77371 0
0.634096 0.485452 -1.42802 0
0.814381 -0.162675 -2.44402 0
0.0695121 0.724692 -0.179743 0
0.770776 3.49784 -0.14814 0
0.416186 1.98613 0.628456 0
0.146994 0.669356 -0.814548 0
0.989867 1.21899 -1.03801 0
0.393099 -0.962979 2.85795 0
0.319026 -1.04155 -2.88749 0
0.358521 -0.976782 2.18417 0
0.82641 -1.80631 1.79423 0
0.131861 -0.633337 2.67372 0
0.527806 -1.0299 1.25568 0
0.597474 -0.86271 1.8528 0
0.497572 -1.07305 2.23523 0
1.84584 -1.98948 0.854047 0
0.358194 -2.54271 1.39675 0
0.554234 -2.99248 0.468214 0
0.48315 -4.34651 -0.0674899 0
0.548528 -4.77198 1.39746 0
1.58205 -4.93254 2.8986 0
0.777236 3.54548 -1.01306 0
0.575642 -3.84616 -1.78899 0
0.394328 -5.00335 -0.559756 0
1.36321 -1.38607 0.449609 0
0.338928 -1.53831 -0.545456 0
0.861021 -0.52117 -0.290297 0
1.4839 -0.520167 0.270086 0
1.72776 -0.861376 0.0609752 0
0.337074 -1.42407 0.159534 0
0.228599 0.530695 1.60999 0
0.409188 1.70056 0.0763355 0
0.48785 3.702 -2.04377 0
1.20445 6.05804 0.760003 0
0.210145 4.94447 0.535631 0
0.798664 5.07063 -0.155554 0
0.316322 5.54084 0.842167 0
0.468708 6.10448 1.02088 0
0.412498 4.18189 0.79176 0
0.169747 -4.61321 -0.0162231 0
0.348427 -5.21397 -0.277231 0
0.366101 2.61671 -2.79721 0
2.27817 2.58846 -2.43309 0
1.30127 2.87635 -2.30727 0
0.313477 -1.97192 -1.7731 0
0.548001 -0.13322 0.522415 0
0.213112 1.90845 2.34235 0
0.544266 4.15265 -2.65604 0
0.338592 -1.72342 0.419399 0
0.146469 1.25318 2.50422 0
0.983206 0.676547 -2.73262 0
1.9895 1.75289 -3.03928 0
0.211359 3.30744 -2.10089 0
0.510778 3.85345 2.33365 0
0.190148 2.38021 -2.53398 0
0.308746 4.04545 1.86933 0
0.423532 4.94604 1.99691 0
0.305414 5.5832 -2.69578 0
0.215913 6.18617 -2.49 0
0.475742 6.68768 -1.26378 0
0.413882 7.71378 -2.74387 0
0.260312 4.04384 -2.78648 0
0.60518 2.0895 -0.843564 0
0.0975085 -4.16546 -2.59416 0
0.721493 -6.52452 1.93005 0
0.0676212 -7.93538 -2.9837 0
0.570194 -4.23507 -2.35788 0
0.340945 -4.6865 -0.105367 0
0.829114 -3.65901 -3.06023 0
0.526861 -0.111922 -1.47505 0
0.913128 2.52887 2.74953 0
0.135781 3.95006 -2.74325 0
0.316058 1.14928 1.81898 0
0.369635 -4.25512 1.01972 0
0.211024 -4.91587 -0.301617 0
0.287455 -5.06882 1.3962 0
0.375055 -3.25999 1.59663 0
0.203916 -2.24492 0.888728 0
0.718937 -2.25272 -1.90237 0
0.370695 2.26985 1.56389 0
0.31284 3.31422 -2.09694 0
0.341196 3.57827 3.0991 0
0.285001 2.50013 -0.942496 0
0.299215 5.36711 0.429252 0
0.428998 4.15772 2.82087 0
0.462538 2.99094 -1.29482 0
0.600609 -2.12998 0.338528 0
0.271397 -1.03907 1.30961 0
0.528942 -2.94089 2.4082 0
2.359 -3.22251 1.91928 0
0.574478 -3.31773 2.66848 0
0.298884 -2.40217 -0.457854 0
0.510848 -3.04135 2.63773 0
0.0923338 -4.19909 -2.86646 0
0.234533 0.985907 0.198924 0
0.293099 1.34388 -2.72101 0
0.536709 1.51488 -2.45884 0
0.190549 1.16847 0.938821 0
0.206667 3.43042 -0.694548 0
0.261115 8.23577 1.71056 0
0.205161 7.18202 2.94492 0
0.0532816 -4.91027 -1.02195 0
0.431716 -4.45036 2.98308 0
0.592317 -3.43367 2.66044 0
1.0776 -3.879 2.51391 0
0.331259 1.43658 2.09389 0
1.07951 1.87845 2.33846 0
0.105259 2.47622 0.639176 2.72368828945123e-08
0.315573 1.37318 -0.161595 3.36722532745183e-08
0.891231 1.23505 0.925871 0
0.992588 1.4196 1.10256 0
3.65632 -1.33638 -2.68287 1.64985463720357
0.189522 -2.01943 -1.7385 1.42725184532021e-07
1.93662 -2.1358 -1.74261 1.32035023656739e-08
0.254436 -1.0135 -1.04842 2.90099716129169e-08
0.124056 0.18322 -0.292875 8.35756484029581e-08
0.370149 1.80179 0.243365 0
0.113099 2.68474 -1.24484 0
0.176054 1.54522 -0.405577 0
0.473204 0.70947 -1.66557 0
0.411859 0.242396 -2.54661 2.13601137972254e-05
0.0718185 0.200475 -2.69601 3.82451042196117e-05
1.19641 2.97398 -0.805933 0
0.367552 3.29309 -0.486129 0
0.3225 0.38652 -0.233196 0
0.0484235 2.73762 -1.36091 0
0.172727 0.681006 1.75411 7.10506070835774e-08
0.0930618 1.80702 1.56537 4.21584372432385e-09
0.110836 -5.0981 -3.13716 0
0.208258 -3.34089 -1.14659 0
0.110695 -5.40411 2.77747 1.56316499408409e-07
0.659301 -5.13907 -2.21441 4.16060728983587e-08
0.077273 -1.59101 -2.56053 0
0.380618 -1.47514 1.37575 0
0.298402 -0.480838 1.00076 17.1683348581927
2.86225 1.53295 -0.962931 0
3.17506 1.50013 -0.880491 0
0.280827 -1.82643 0.957788 2.57928019904386e-08
0.139176 -2.26577 0.274545 1.95049312837281e-08
0.23778 2.24449 1.86313 0
0.166422 1.5869 1.94611 0
0.848921 2.89881 2.81605 0
0.0971546 4.31125 3.06673 0
0.440507 1.13955 -2.86818 0
0.0160971 2.64343 0.337267 0
0.2398 -5.55964 0.921289 1.3290931100018
0.226149 -0.588546 -2.62209 0
0.13117 0.485771 0.793873 0
0.192728 -2.19599 0.284589 0
0.10913 -1.10641 -0.318071 0
0.0972571 -5.63179 -1.40856 0
0.222767 -5.33407 1.61776 0
0.016096 8.10445 -2.40629 0
0.311365 4.54967 2.3539 0
0.225122 0.634209 -1.26801 0
0.316907 -0.147082 -2.53176 0
0.222332 0.169151 1.63281 1.04498361782294
0.0640125 0.916477 -1.88401 2.544314245759
0.200673 6.51881 -1.78969 0
0.214784 6.86823 3.00296 0
0.2 3.21883 -2.7804 2.80623602134537
0.528665 3.07856 -1.48804 1.22493177485138
0.465919 -2.56195 -1.40728 11.1998834605544
1.57682 -2.28781 -1.04525 4.3407587467603
0.246006 -0.281514 0.0815116 20.7410788512228
1.80493 0.0814204 -0.117162 2.92816043379337
1.05839 1.8563 0.0726115 16.0149406618647
1.00993 1.46433 0.0780731 24.2260138494242
0.340916 -1.90852 -3.06137 6.99297806681466
0.497308 -1.48395 -2.12294 7.10165742140663
0.436317 0.403258 2.0145 5.97493802255359
0.151929 0.634199 -2.55575 15.3667353639634
0.274368 2.25352 -2.19855 0.042652836817983
0.229696 1.01874 -2.83949 0.156020957279427
1.02271 -0.248607 -0.489379 16.6227584201734
1.28678 -0.0418474 -0.195991 13.5774882658128
0.0986989 3.53153 1.83275 29.378070537089
0.536514 2.71187 0.164852 12.1875687121001
0.263372 2.90543 -1.86125 4.09966123087924
0.126461 2.45275 1.15206 13.4339723235916
0.0355101 2.43633 0.29299 9.83754818415574e-05
0.0285675 2.43081 0.288412 9.76875990372147e-05
0.662947 -0.552417 2.63164 38.7534100060576
0.160584 0.200218 2.30339 223.467699131313
0.0266886 -1.99531 -0.10069 9.49661215151314e-05
0.00395288 -1.78452 -0.278022 0.00013138464809173
0.553765 -2.05298 0.0926317 2.81027902214616
0.116792 -2.29381 0.878019 10.5327171462375
0.867068 -1.49703 2.82178 4.89684124599513
0.198436 -0.82225 2.85696 36.9610066937032
0.491981 -0.936724 -0.764662 0
0.0711809 1.55065 1.28345 0
0.84342 -0.926429 -2.91259 1.67827573148989
0.321146 -0.794863 -2.87068 12.5726515416885
