0.107624 7.37061 -2.84675 0
0.544151 3.76504 -1.66746 0
0.516436 2.98625 -2.08429 0
0.828314 -0.646911 -2.10689 0
0.0796489 -9.58594 -2.74541 0
0.431025 -6.33193 2.86792 0
0.235352 -6.92629 -2.44219 0
1.0719 -4.92031 0.968951 0
1.28394 -4.37759 0.969571 0
0.0628663 -5.32232 0.364263 0
1.21161 -2.64314 2.50268 0
0.222991 -3.4562 -2.71962 0
1.48849 -4.40426 2.4232 0
1.5549 -4.5132 -2.93283 0
2.3284 -4.19195 2.77381 0
0.642788 -0.111936 1.54484 0
0.465866 -0.398815 -0.989622 0
0.703122 -1.54609 1.72366 0
0.480883 -4.12091 -0.456687 0
0.308649 -4.92651 2.71968 0
0.14171 -2.80449 2.66804 0
0.0845738 -5.56424 0.875104 0
0.303557 -5.48683 1.0116 0
0.361982 -8.55483 1.33731 0
0.36628 3.40936 1.4054 0
0.538978 3.37576 -1.16242 0
1.20782 -2.44528 -2.56562 0
0.0883942 -4.38799 2.56121 0
1.35552 -0.800407 0.956955 0
0.951133 -0.845194 1.0962 0
0.646427 3.52203 2.00366 0
0.311525 7.52684 2.94338 0
3.50199 -4.36302 2.89748 0
1.13737 -4.87617 3.09905 0
0.462949 -4.91919 2.3031 0
0.326298 -1.47378 2.20855 0
0.119233 1.22573 2.76766 0
0.927982 0.888729 -0.277738 0
5.62094 1.2621 -0.641027 0
0.254332 0.952366 -1.03565 0
0.873713 1.75299 -0.395161 0
0.667805 2.31522 1.53504 0
0.772828 2.44218 1.98735 0
0.77011 2.25093 -2.57592 0
1.82834 2.00692 2.07792 0
1.01955 1.8775 2.32875 0
1.22025 2.12415 -2.70264 0
0.365443 2.71932 2.71369 0
0.601015 3.31866 2.84606 0
0.903184 3.9931 2.88173 0
0.426001 7.52015 -1.77692 0
0.102564 8.81566 2.07688 0
0.526494 6.5638 -2.85284 0
0.460591 6.37355 -1.61481 0
0.887763 4.10311 2.3461 0
0.259558 3.21426 -1.68817 0
0.164437 3.04568 0.8923 0
0.296209 0.793557 2.6133 0
0.257706 3.03582 -0.994295 0
0.548217 -1.67602 2.57287 0
0.587849 -2.02323 -1.34676 0
0.631041 0.461684 -2.7965 0
0.738937 -0.441721 0.334107 0
0.0798003 -2.84982 2.72725 0
0.1505 -1.52012 2.07076 0
0.142174 -2.91371 -3.00079 0
1.28473 -2.89308 1.61363 0
0.0462076 -3.32594 2.44595 0
1.511 -2.91296 2.19831 0
0.974843 -2.44765 1.61703 0
0.604643 -4.20339 2.13355 0
0.26961 -5.12572 -2.30782 0
1.14288 -3.49313 -3.0759 0
0.554905 -3.96558 0.464595 0
0.352899 -4.93452 -0.837219 0
0.300775 -4.86547 -2.68441 0
0.106118 -7.00254 2.93118 0
0.298964 -8.01631 -2.3737 0
0.0651866 -6.52485 -0.441439 0
0.259552 3.32161 -0.251313 0
0.145965 5.54362 2.82514 0
0.614546 3.26595 -2.11693 0
0.467681 3.04219 -2.79533 0
0.593155 2.56516 0.792435 0
0.553851 1.88418 -1.77436 0
0.26546 -0.774849 -0.671801 0
2.51655 -1.67599 -0.346493 0
0.983189 -1.91438 -0.633877 0
0.547929 -2.46375 1.9348 0
0.0823761 -4.9234 1.54642 0
0.285367 -6.41651 2.0022 0
0.106898 -5.30959 -0.39747 0
0.105246 -2.62484 -1.17066 0
0.690019 -0.909892 1.41164 0
0.818723 -1.26943 0.473346 0
0.802759 -0.936708 -0.00798544 0
0.95645 1.32178 -0.304201 0
0.45552 1.95566 -1.0978 0
0.682243 3.29963 -2.46391 0
0.179901 5.41642 -1.79319 0
0.73651 4.58066 2.01216 0
0.441437 6.17495 -1.60059 0
0.353967 6.62171 -2.99583 0
0.656152 -3.50131 1.5142 0
0.444779 -4.63911 2.33673 0
0.911823 -1.45497 -1.50119 0
0.118112 -0.326625 -2.621 0
0.246545 -1.93531 -3.13211 0
0.410121 -0.300346 -2.35924 0
0.454719 -0.557088 0.264943 0
0.623506 0.723589 -0.331367 0
2.80249 0.651388 -0.811615 0
0.659229 0.615994 -0.267619 0
1.34982 1.29889 -0.787545 0
0.231849 3.38216 2.55041 0
0.83635 1.47457 2.4454 0
0.332376 0.96213 1.27528 0
0.71035 1.14332 2.79626 0
0.137419 3.67648 -0.120465 0
0.0932441 0.876341 1.99798 0
0.351364 4.48832 -0.290547 0
0.431614 5.37249 2.88915 0
0.521398 9.13738 -2.23342 0
0.373315 7.65754 2.31482 0
0.143465 -1.22059 -2.90439 0
0.229957 -1.02563 0.511665 0
0.0609819 -5.22099 1.299 0
0.425664 -3.59211 1.52861 0
0.152627 -0.132408 1.82186 29.6154176708544
0.100682 -2.22802 0.034126 15.9659056907122
0.105395 -5.76386 -1.70694 0
0.157272 -4.28775 -0.744121 0
0.132079 -3.1796 -2.34722 2.29249810220445e-09
0.332025 -3.24118 -2.54453 1.43139620063858e-09
0.715663 -2.8587 -0.475127 0
0.0300477 -4.25886 -0.820421 0
0.257757 0.372062 1.60759 1.85782855198271e-10
0.374437 0.834694 0.973984 6.36461766419072e-11
0.518905 -4.43227 -3.06429 1.39769240453865e-07
0.391317 -4.65859 2.70727 1.16848204860527e-07
0.215878 -3.11755 -2.5025 2.65414038961608e-07
0.198717 -4.42269 3.03336 1.12252841037786e-07
0.0734634 -4.1619 2.47549 0
0.183261 -0.859543 -1.16792 0
0.936204 0.559416 -0.722828 0
0.30609 -0.19229 -0.111868 0
2.23869 1.03567 -0.363614 0
0.467755 1.27458 -0.44331 0
0.439195 1.66797 -3.07312 7.79996855029835e-08
0.632746 1.25902 -2.79993 5.26270872683151e-08
0.362897 1.70759 2.78156 0
0.237612 2.47574 -2.27047 0
0.199407 7.66609 1.49063 2.69284392086062e-08
0.165301 7.64035 0.657608 9.58322777713176e-08
0.706285 -1.9294 -2.21588 39.4314634153906
0.166541 -3.01012 -2.58139 57.9580185038679
1.41809 0.176487 -0.700793 3.09765132329863
0.437202 -0.180694 -1.01518 9.96300195740361
0.202672 1.73788 -0.19277 0.554444546238894
0.250068 1.62232 2.10624 0.500247187632927
