1.82758 -5.7314 -0.577733 0
1.19917 -3.17204 -2.50793 0
1.56438 -2.3581 -1.56553 0
0.613996 2.75759 2.87474 0
0.741303 1.42262 -0.00784714 0
0.28419 2.34486 2.36654 0
1.26409 5.16129 2.50708 0
0.374362 -3.28498 0.576138 0
0.434752 -3.3419 -1.62739 0
0.154882 -3.63255 -2.05232 0
0.906817 -1.86296 -1.51657 0
0.496185 -3.61515 -0.373303 0
0.379337 -3.57894 -1.5455 0
1.06554 -3.62671 -0.408153 0
0.235526 -4.93565 0.802073 0
0.825832 -5.91951 -1.5132 0
0.555083 -6.54986 -2.55964 0
0.111314 -7.55139 -2.72087 0
0.294627 -6.93626 -0.958096 0
0.884374 -5.83933 -0.528652 0
0.175496 -5.72707 -0.567249 0
0.392355 -5.52249 -1.24097 0
1.46077 -6.56152 0.0911862 0
0.926641 -5.40413 0.161842 0
0.569269 -4.86312 1.57923 0
0.441617 -5.33177 0.380428 0
0.279443 -4.6928 -1.30452 0
0.300002 -4.52884 0.158238 0
0.740609 -3.38348 -0.106042 0
0.457641 -4.05617 0.458554 0
0.931492 -3.81917 -0.00557316 0
0.79752 -2.63035 -1.92739 0
0.743328 0.763702 2.16227 0
0.29387 1.46988 -2.41275 0
1.02612 1.11859 -1.04831 0
0.472531 1.85424 1.14763 0
0.57749 4.08547 1.26562 0
0.415447 2.7208 -2.06175 0
0.525008 5.62833 -0.273529 0
0.0584172 9.10397 -2.87041 0
0.283468 1.36641 2.7763 0
0.240803 -4.04355 1.24258 0
0.22211 -3.16127 -2.39213 0
0.723599 -2.9281 -0.701758 0
0.121646 1.26587 -1.83538 0
3.83292 -3.07386 0.678989 0
0.210816 -3.82736 -0.215903 0
1.60634 -3.27109 0.594263 0
0.378561 -2.42767 1.48393 0
0.808101 -3.72822 1.87777 0
0.482638 -2.54663 1.64495 0
0.376782 -2.29698 -3.06757 0
0.888537 -1.11236 2.9167 0
0.472758 -0.492107 -2.09337 0
0.407336 -0.327632 -2.39653 0
0.54055 0.196087 2.9124 0
1.93038 0.470378 -2.94849 0
0.701729 0.263206 1.37576 0
0.246617 0.46392 -0.800506 0
0.752647 0.948898 -1.08978 0
0.465834 0.553432 0.53987 0
0.811385 -1.64416 -2.34368 0
0.741697 0.351505 -2.48611 0
1.04416 0.3002 1.43939 0
1.40869 0.984615 2.33343 0
1.47606 1.9131 2.15228 0
1.6893 2.25306 -2.11581 0
2.34976 3.04897 -1.89717 0
0.523002 3.52929 -2.69835 0
0.472264 3.62823 -1.6901 0
0.706282 3.72486 -3.11328 0
0.480858 -0.0957089 -2.5895 0
0.504908 -1.67962 -2.1509 0
0.546465 -1.69755 -2.61698 0
0.361528 -5.36815 2.00375 0
0.144374 2.14854 -1.89779 0
0.78847 2.58848 -0.0743228 0
0.650626 -0.372301 1.5497 0
0.389327 -3.49068 -2.51306 0
0.167238 -4.43901 2.28433 0
0.541175 -4.16483 1.53714 0
0.703664 -3.79989 2.10656 0
1.15359 -1.74012 2.36012 0
1.05816 0.441902 -2.80132 0
0.2262 2.1263 -2.38794 0
1.34146 0.741963 -2.30399 0
0.766109 1.31644 -2.46352 0
0.267601 2.44232 -1.73926 0
0.284639 1.73667 -0.544836 0
0.575934 -0.367273 0.720333 0
0.150588 -7.01568 -0.62251 0
0.183207 -8.49913 -2.11923 0
0.674066 -5.57448 2.71734 0
0.220783 -6.30532 -1.5034 0
0.361922 -6.46062 -1.78326 0
0.170656 4.3072 -2.38279 0
0.595754 5.20941 1.69326 0
0.718042 6.59788 2.66317 0
0.249505 4.88557 -0.697922 0
0.647078 4.63849 0.6672 0
1.04813 4.71997 -0.566474 0
0.146341 4.07141 -1.88198 0
0.722474 2.55352 -0.488719 0
1.06334 2.38805 -0.281089 0
0.600661 2.17025 -1.63344 0
0.914386 -0.600382 -0.313322 0
0.789 0.0101339 -0.879742 0
0.932142 -0.373224 0.496798 0
0.955048 -1.71773 1.32251 0
0.255591 -1.94451 3.13949 0
1.97043 -1.8808 1.19691 0
0.168625 -4.02195 -2.11714 0
0.482338 4.59676 1.56574 0
0.464828 4.85414 0.495811 0
0.443895 4.642 1.28552 0
0.227962 2.11479 -0.394839 0
0.687104 2.68589 -2.70282 0
0.764309 2.28946 2.19704 0
0.234718 2.48418 0.2515 0
0.334825 0.557516 2.80113 0
2.10698 -2.47498 -1.57433 0
0.983402 -2.52585 -1.07305 0
1.65182 -2.3693 -1.53675 0
0.873173 -2.76114 -1.09458 0
0.623428 -2.07284 -1.02776 0
0.149431 -0.291373 -0.154909 0
0.405263 -2.93911 1.18028 0
0.291636 -2.51553 -2.6511 0
0.241594 -5.72077 1.15466 0
0.549096 -4.78368 -2.17039 0
0.181604 -4.96329 -3.0658 0
0.469218 -6.13381 -2.99418 0
0.335099 -3.41148 2.34578 0
0.29329 8.17815 -1.7844 0
0.290346 7.7704 2.28973 0
0.20487 2.38186 2.18872 0
0.257521 -0.40402 2.3896 0
0.284313 -3.18007 1.82661 0
0.138373 -3.53886 -0.535785 0
0.457411 -5.40741 -0.951202 0
0.171734 -5.45732 -2.82065 0
0.413464 -2.7177 -1.46133 0
0.412394 -0.273306 3.00703 0
0.325251 1.58116 1.03033 0
0.234493 0.0124253 -2.62219 0
0.179324 2.72686 -2.27206 0
0.378835 0.900906 -0.301034 0
1.59952 -3.18728 1.21648 0
0.449308 -1.8066 2.89857 0
1.0476 -1.63565 2.99359 0
0.425519 -0.640647 -2.82548 0
0.742741 -0.436939 2.8933 0
0.0849263 -2.10082 2.35209 0
0.679815 -0.556877 3.09994 0
1.65896 -0.637933 3.12335 0
0.989239 0.618914 -2.35856 0
0.862729 0.74488 -2.2554 0
0.495955 0.485483 -1.65924 0
0.401791 -0.791233 -1.40568 0
0.344853 0.358998 -1.18194 0
0.302524 -0.976828 0.777804 0
0.72721 0.0494814 2.15809 0
0.384581 0.741425 0.875932 0
0.259002 -0.467892 1.45269 0
0.844311 -0.424496 1.43478 0
1.09276 0.29003 1.52262 0
0.929184 -0.125038 2.01904 0
0.119366 0.149894 -2.89326 0
1.51049 1.61036 2.24663 0
1.0949 1.24996 2.4839 0
0.936617 1.68176 2.88623 0
0.343828 1.00144 2.60379 0
0.503758 2.64478 -2.27054 0
0.612312 1.986 2.71393 0
0.814869 2.62134 -2.83481 0
1.94593 6.8226 0.925796 0
0.258557 2.03597 -0.790548 0
0.299519 2.55657 0.0486454 0
0.308681 -1.66114 0.526389 0
0.496899 -2.44279 0.821571 0
0.578598 -4.21114 -0.549016 0
0.629409 -4.55749 -1.9638 0
0.203876 1.5933 2.57523 0
0.216333 -1.11559 -2.57702 0
0.654412 -2.96382 0.112531 0
1.03817 -4.51953 -2.31919 0
0.518925 -3.17842 -2.68097 0
0.158006 0.325131 1.27506 0
0.610626 2.31946 -2.07461 0
0.618117 0.249315 -2.56037 0
0.18582 2.25642 3.08593 0
0.497101 -6.57104 1.22753 0
0.206222 -1.67303 3.1132 0
0.309947 4.29284 -1.79976 0
0.621554 4.90744 -2.12607 0
0.223312 5.81183 -1.907 0
0.701383 5.50671 2.02604 0
0.0280626 6.8869 -2.46567 0
0.323956 2.90547 2.14095 0
1.70725 1.49108 1.4885 0
1.46683 1.98047 1.56622 0
0.480618 1.83172 1.23085 0
0.623862 2.54861 2.14236 0
0.158786 2.76063 -1.96851 0
0.359407 1.77891 -2.37223 0
0.140246 -0.670392 -1.34969 0
1.18274 -1.31583 1.44639 0
0.609023 -2.15759 0.637946 0
0.27089 -2.53472 0.67168 0
0.50129 3.85196 1.68769 0
0.397264 4.3629 1.69432 0
0.204315 -2.34621 0.729142 0
0.320049 -1.86979 -2.01138 0
0.29814 -0.951086 -2.5071 0
0.257345 -1.76122 -1.72106 0
0.0569613 -4.07693 2.88123 8.64051842971127e-08
0.173916 -3.81837 -0.341886 5.37992616744629e-08
0.244223 -7.05323 0.442764 0
0.260508 -7.19486 -1.3411 0
0.1632 4.11987 1.70293 0
0.0631861 5.26823 -2.06945 0
0.199909 -4.49952 1.18968 0
0.197143 -5.47493 -1.16388 0
0.138953 -5.72665 -2.91683 0
0.258186 -5.59993 1.33662 0
0.144298 -5.02043 -2.72861 0
0.358557 -5.14242 0.238228 0
0.506743 -5.65267 0.390799 0
1.18766 -5.70569 0.0865595 0
0.164653 4.24179 -1.74891 0
0.385655 3.80542 2.04296 0
0.038477 -3.75355 0.765839 7.14511956113683
0.527271 -2.15785 -2.86666 1.15167591284784e-07
0.463444 -2.33183 -2.47854 5.24401659171216e-08
0.750054 -1.15508 -2.60143 1.27045934055406e-08
0.475578 -1.49464 -2.58214 1.10032493932512e-08
1.57543 -0.275806 -2.10139 4.92729627614084
0.123042 -0.750678 -1.7569 50.4221768035488
0.354088 -0.815059 1.42377 2.93790531673184e-08
0.341975 -0.220719 1.82628 3.57797590350009e-08
1.2427 1.31498 2.07469 9.61100302203168
0.134993 1.73292 2.64327 60.5725955652415
0.252308 2.03524 -1.0949 0
0.210082 3.16286 0.43889 0
0.230944 -3.55116 -1.10265 0
0.0977555 -2.86419 -0.157419 0
0.507551 0.941702 -2.28642 0
0.192668 1.49196 -1.8218 0
0.150387 -0.203286 -0.97232 0
0.320286 -0.0610013 -3.00545 0
0.0488884 5.39343 -0.624014 0
0.589128 3.70455 -0.326019 0
0.137421 2.53037 -1.02235 0
0.61742 2.01604 -0.359744 0
0.379063 -1.80461 -0.0403407 0
0.13858 -1.82976 -0.305121 0
0.170915 -3.97911 2.4068 6.16592275937354
0.288382 -3.08966 0.559925 8.85941903840586
0.627387 0.26429 -2.71546 4.68119086215784
0.227341 -0.177225 -2.79026 13.2085287980914
0.56411 0.475406 -1.42628 15.8889043790126
0.0558 1.94278 0.174962 50.2694577481199
0.0862904 1.25206 0.260672 13.8669367107319
0.327241 -0.4949 -1.18238 6.15518156201001
0.450706 1.15563 0.174536 3.51327843869112
0.112731 -0.149738 0.270125 24.2228158891689
0.20146 0.539591 1.27781 6.97321308018165
0.0939004 -1.80949 1.88079 5.49383173828303
0.364164 -0.12514 -0.881949 60.3559552095513
1.03961 0.472351 -0.786112 19.1127569320348
