0.523685 1.95899 -0.751638 0
1.22877 -6.1617 2.83053 0
0.862567 1.11663 2.58657 0
2.79633 0.900837 1.02138 0
0.669409 0.235079 -0.804866 0
0.787849 -4.23643 0.206439 0
0.255834 -5.00546 -1.97374 0
0.549137 -2.56814 -1.53533 0
2.96545 -4.76664 0.774669 0
1.85032 -5.12574 1.41934 0
0.18884 -6.40552 0.413208 0
0.192024 -7.91075 2.45896 0
0.70387 -5.79401 1.42409 0
2.75305 -4.1406 1.63848 0
0.500412 -4.09495 -0.0156321 0
1.00719 -3.5316 1.23786 0
0.944874 2.4837 1.95764 0
0.465369 3.13149 1.84855 0
0.882806 1.80597 1.67063 0
0.53015 3.21896 1.55608 0
0.602419 3.93872 1.74662 0
1.17468 3.41533 2.05726 0
0.324797 3.12726 0.498526 0
0.7351 0.157715 -0.138995 0
1.69687 0.0812815 -1.58634 0
2.13156 -0.0118682 -1.73848 0
0.210325 -1.57542 -0.960327 0
0.844465 -0.456253 -1.49853 0
0.318581 -1.21793 -1.24652 0
0.529188 -1.96789 -2.17223 0
0.474232 -0.556209 -2.10207 0
6.0872 -0.523246 -1.70235 0
1.74157 3.15429 1.2411 0
1.04299 4.03519 1.7549 0
0.9547 3.57089 1.33399 0
0.321953 4.86721 1.59439 0
0.903557 5.3587 -3.04914 0
0.986834 7.13264 -1.38996 0
1.06274 6.79262 -1.03633 0
0.561815 5.90384 -1.32035 0
0.559581 5.27518 -0.132054 0
1.01071 2.55174 0.0165713 0
0.101347 3.35765 -1.83352 0
1.39982 1.52401 -0.40932 0
0.422135 2.24593 -1.55063 0
2.4162 1.69183 -0.532739 0
1.37669 -2.55522 -1.32675 0
1.5607 -2.27337 -1.70774 0
0.73044 -2.46635 -0.741489 0
0.600427 3.00463 2.35614 0
1.10675 -4.63006 -2.04221 0
0.442016 -3.26512 1.60418 0
0.536902 0.886567 -3.09854 0
0.562772 4.39687 -3.138 0
1.55772 3.49058 -2.50338 0
0.691171 2.6815 2.51813 0
0.457512 -0.000293457 -2.30264 0
0.355808 -2.51101 -2.83375 0
1.269 -3.2295 -1.20822 0
0.39862 -2.48289 -1.2394 0
0.270478 -0.677229 1.02628 0
0.601341 -1.60969 -0.941761 0
0.329813 1.17108 -2.36274 0
0.768795 3.05547 2.37423 0
0.554127 0.982404 -0.846012 0
0.200523 0.013515 -2.73587 0
0.166881 -1.06224 2.13327 0
0.626144 -1.6095 -3.06977 0
0.599743 -1.49966 2.86266 0
2.60042 -1.11466 2.57937 0
0.24751 -2.15455 -1.39872 0
0.756294 -0.910839 2.86565 0
1.01532 1.5074 2.26109 0
0.388147 6.241 -1.3118 0
0.506746 4.18206 1.24291 0
0.273641 4.42756 0.916805 0
0.317571 2.83953 -3.00868 0
0.636632 2.53412 0.818357 0
0.689875 0.73857 -1.48765 0
0.664492 1.82192 0.588945 0
0.676617 -0.817116 0.120555 0
0.45506 -1.20797 1.67898 0
1.93254 -2.34632 0.0340673 0
1.23004 -2.67971 0.138251 0
1.61955 -3.80809 -0.139164 0
0.922778 -3.91597 1.10351 0
0.751275 7.0268 1.9581 0
0.332541 6.71532 -0.660789 0
0.0694059 0.956862 -0.570074 0
2.45695 -0.0818224 -0.551577 0
0.9703 -0.889479 1.9082 0
0.745887 -1.29767 1.1431 0
0.915261 0.781152 1.9584 0
1.25398 0.364501 1.34183 0
0.262991 1.04042 -2.85086 0
0.615271 -0.560466 2.30138 0
0.297653 -4.52817 -0.767192 0
1.47389 -3.11552 -1.0265 0
1.33267 -3.08402 -1.68128 0
0.527015 -3.41583 -0.717095 0
0.390752 -3.61192 0.508349 0
0.636978 -4.74633 0.526891 0
0.550114 -4.46978 0.129364 0
0.407384 -4.78557 2.18486 0
1.77253 -4.08329 0.387295 0
0.176452 -4.54454 3.04937 0
1.5329 -2.37365 3.07155 0
0.284159 -2.99394 2.20716 0
0.0649124 2.79432 -2.85631 0
0.852341 2.21387 2.30156 0
0.185589 3.05966 2.98721 0
0.737264 3.47533 2.67997 0
0.483119 4.13225 -2.83812 0
0.246025 3.9933 -0.279351 0
0.787956 -0.543375 0.862555 0
0.503469 -0.138533 -3.00544 0
0.876716 -0.713087 -1.38036 0
0.785986 -0.872287 -1.03388 0
0.408035 -2.09257 -0.898804 0
1.18946 -4.46222 0.0992788 0
0.812799 -3.45408 -0.912664 0
0.249969 -2.26054 -1.44539 0
0.257776 -3.723 -1.42282 0
0.218187 -2.47196 -1.49624 0
0.434887 -4.0787 1.76403 0
0.578567 -2.85611 -1.83128 0
0.318328 -1.1538 -2.59381 0
0.342369 3.69776 2.97012 0
0.502273 3.34969 0.612771 0
1.03769 4.51069 -1.62743 0
0.120771 8.88745 -1.30235 0
0.494442 5.96278 -0.916221 0
0.734546 4.18833 -1.60879 0
0.260882 3.034 1.20252 0
1.69934 1.82953 -1.46425 0
0.071332 -0.100222 1.84846 0
0.975568 -1.16576 -1.52263 0
0.518775 0.508779 0.239965 0
0.520617 4.57221 0.102703 0
0.169277 4.82975 -2.09298 0
0.300631 -3.90834 0.450597 0
0.797174 -4.3802 -2.40326 0
0.0781412 1.3618 -2.37098 0
0.310579 -0.862568 -2.44996 0
3.37527 0.241711 -3.0352 0
1.19637 0.395162 -2.7557 0
0.638823 2.4744 -1.96502 0
3.52468 -1.72992 -1.68659 0
0.928753 -1.70289 -1.34927 0
2.33614 -2.25196 -1.55191 0
0.347175 -1.76611 -2.02826 0
1.70116 -3.31457 -2.12107 0
0.637449 -3.75581 -1.36176 0
0.158842 -2.33621 0.521882 0
0.116352 -5.12283 2.12448 0
0.552273 5.29379 0.362186 0
0.191123 5.89903 -2.57665 0
0.320301 3.95668 1.83327 0
0.143925 0.18184 -0.205011 0
0.458342 -1.79876 1.47273 0
0.712338 1.60837 2.9122 0
0.175363 3.80809 -1.21048 0
0.481352 3.78451 -2.09253 0
0.32821 3.54191 -0.32793 0
0.415088 4.12226 -0.179714 0
0.582396 -2.31166 0.0624095 0
0.661374 -1.17183 0.602079 0
1.00593 -4.06856 0.624118 0
0.236976 -3.83766 -0.463954 0
0.121842 -3.49782 1.00105 0
0.341473 -0.615409 -1.19253 0
0.215715 0.92267 3.10559 0
0.430794 3.60083 -0.821486 0
0.0378337 7.66617 2.68229 0
0.50585 5.10053 1.74923 0
0.774864 6.26591 0.164166 0
0.583085 0.735868 1.95014 0
0.535537 0.619198 1.44255 0
0.662484 0.359667 2.08035 0
0.465135 0.739335 2.75402 0
2.22429 2.92715 1.72174 0
1.51387 2.90716 1.64183 0
1.32347 0.558727 1.7495 0.0902192611680049
0.116343 0.880571 -1.01926 0.260170981067264
1.10451 -1.28715 -0.536078 0
1.19958 -1.2623 -0.82538 0
0.285165 5.16108 0.401398 1.12323601778544e-09
0.260796 4.50954 0.574673 4.40281681566182e-09
0.192724 4.82338 -0.797621 1.71615300468969e-07
0.227121 4.58931 -1.94241 1.6972919489143e-07
0.0798946 4.50789 -2.65242 0
0.135935 3.4015 -2.31834 0
0.150877 3.37729 1.13579 0
0.537405 2.98777 0.114782 0
0.631367 -2.23759 -1.79445 0
0.102262 -2.97105 -0.374129 0
0.123368 1.4047 2.27199 0
0.0590387 3.6003 -1.58899 1.99782732605324e-08
0.194873 3.25266 -1.44852 3.86575199851273e-08
0.127399 5.85455 -0.80282 0
0.4479 5.30398 0.199876 0
0.0769799 -8.22282 2.044 0
0.385505 -7.31758 1.69199 0
0.197639 -4.00172 1.44002 0
0.139472 -3.44482 -2.40283 0
2.25239 0.369547 -2.73728 0
1.1666 0.279912 -2.54031 0
0.161588 1.92474 2.16016 37.7788130826118
2.68387 -1.88139 -1.45213 0.120987954773293
0.380344 -1.51485 1.31573 0
0.134727 -2.26421 0.0196173 0
0.474258 -0.365773 1.9116 0
0.0794341 -0.538752 1.95812 0
0.39809 4.47646 -3.09881 8.64442007801014e-08
0.0949998 5.47695 3.08857 8.15590830808758e-08
0.115697 6.2614 1.25608 7.66537620334645e-08
0.172547 5.10269 1.4364 1.56637561810252e-07
0.948952 5.41828 -2.16989 0
1.74535 5.30379 -1.85778 0
0.290274 0.759606 -0.94803 0
0.552695 0.400704 -1.14718 0
0.762362 -1.91756 0.58424 0
0.877415 -2.13731 0.560321 0
0.329805 2.69134 3.09722 0
0.261453 3.2443 -2.81338 0
0.752191 0.482214 2.92642 0.033885871266054
0.466768 0.798578 2.30184 0.0456633453651339
0.247722 -3.72367 1.81758 2.53088563955428
0.982286 -2.93822 1.95541 1.40153690361269
0.497698 -1.73518 -0.999264 16.5995021700282
0.198551 -1.44728 -0.586855 53.671709608386
1.86399 -0.790179 -2.14308 2.02296715512053
0.829731 -0.638974 -1.8666 4.9959040314945
0.270443 0.919724 -1.11889 20.3470225117529
0.685372 1.60804 -1.50425 4.47688826685538
0.270725 0.703069 -1.24041 3.95498405104887
0.476866 0.316445 -0.1126 2.68903291970622
0.252929 0.97543 2.24253 44.2385941566265
0.119784 2.22754 -1.42463 30.2185076058704
0.145814 -0.440599 0.115438 5.57853860665958
0.247735 0.475102 2.68983 3.23581558703352
2.1213 -1.96518 0.494663 12.3894822515896
2.59165 -1.95865 0.670075 10.2297894045842
0.150449 -2.90718 2.44675 12.2345790929127
0.424838 -3.19635 -2.28854 3.25502750189219
0.0177632 0.624342 1.80274 6.86343495618407e-05
0.0426622 0.60803 1.80474 6.71699230175791e-05
0.434842 -0.0894707 -3.09445 19.2064896030183
0.479243 -0.0935758 2.25305 17.2261274322511
0.375656 1.81385 1.3587 0
2.95937 0.378422 3.08842 6.24298663961444
0.234813 0.469284 2.85759 76.0367036517718
0.530661 -0.00623002 -2.59021 1.45119020966982
0.166655 0.45512 -3.10594 4.17242956226711
1.19171 -0.0506578 1.58381 0.0950802554812271
0.791441 -2.66411 0.215485 7.79827501406696
0.83588 -2.20245 0.402318 11.5993437324114
3.35752 -5.46335 3.09581 0.65971990173396
0.143632 -6.3076 2.42414 0.771596420203324
0.0912812 -5.70436 1.5923 0.309155806101487
0.251757 -5.20382 2.72913 1.25447165671986
1.47588 -5.6447 2.89954 0.271288705358268
0.809019 -5.13383 2.20443 0.672598037855555
0.375311 -6.17709 2.52182 0.448296040304614
0.32173 -6.30219 1.835 0.971919728985942
0.776286 -5.86533 2.54332 0.395441014108997
0.923543 -5.27286 1.14858 0.621524060946847
0.311402 -5.66774 2.18654 0.52008256926661
1.124 -5.11349 1.896 0.388313196024586
0.420763 -5.09298 1.93707 0.44463955056968
0.185016 -6.94285 2.38884 0.897875152167086
