3.3438 -1.93779 -1.79306 0
2.62137 -1.5451 -1.80058 0
1.0031 -2.04992 -2.61082 9.41022264332904e-14
3.95965 -1.86934 -2.96293 1.28146466087762e-13
2.42805 -2.09303 -2.4139 7.85134446414042e-14
0.460757 1.14524 0.554841 0
4.52922 0.889464 1.7187 0
1.47431 0.781613 1.90044 0
0.738904 6.75531 -0.853312 0
0.547085 6.412 -1.79101 0
0.18473 5.81341 -1.69991 0
0.951087 4.50978 -1.7135 0
0.707369 -0.639218 1.07786 0
0.0448373 -3.7521 2.26214 0
1.82799 -2.63538 1.20166 0
2.348 -2.4148 0.914856 0
34.2631 -1.80028 -0.79237 6.54220854094635e-14
2.44619 0.903578 1.82903 0
0.838578 1.0277 1.8384 0
4.27841 0.271921 2.28744 0
0.485876 0.194208 1.80876 0
2.55428 0.432889 2.09583 0
2.51703 0.549871 2.13356 0
0.753019 0.511026 -0.128404 0
1.54854 0.192201 -0.0832217 0
0.240817 -0.169545 0.996059 0
0.320662 0.786275 1.3116 0
1.29262 0.938549 -1.5511 0
0.0852553 -8.96543 1.33372 0
0.197807 -6.62845 -2.51138 0
0.412015 -3.30091 1.18881 0
0.456191 -4.16427 1.41317 0
0.433021 -1.86024 2.31505 0
0.512405 -1.41128 -0.401149 0
0.0651089 -2.90306 0.932438 0
0.534888 -0.264388 -2.67824 0
0.354247 -2.76016 2.55712 0
0.669379 -4.96161 1.59474 0
0.163934 -2.31756 -1.78004 0
2.71849 -0.831506 -1.51039 6.11795275886869e-13
0.3832 -3.08525 -2.84881 1.76973012461155e-13
0.464194 -2.45211 -0.677182 3.43043629658842e-13
0.244398 -1.99439 0.138679 4.71578571971222e-13
0.297132 -3.14195 -1.45787 2.39817968375339e-13
0.935702 -1.50187 1.38109 5.47171072235734e-13
9.83095 0.207844 1.97877 9.89368327101805e-13
3.94976 -0.321712 1.95271 9.45314139238472e-13
0.841025 -0.184423 2.11447 9.69931865912177e-13
5.31748 -0.373912 1.97687 9.26178897589862e-13
2.72658 -0.35305 2.15798 9.14316006670512e-13
1.32641 -1.76618 2.23439 3.32367334865502e-13
0.418144 -1.11576 0.561838 0
0.396063 -1.91135 -0.157326 0
0.298629 -0.250162 1.42097 0
0.249914 -0.456982 2.96087 0
0.226496 3.27418 2.96697 0
0.216722 1.68258 1.53158 0
0.493093 2.19301 -0.431508 0
0.260316 4.018 -0.0991098 0
0.00807282 7.13017 -0.589182 0
0.185394 3.75203 -0.440561 0
0.820075 3.88187 -0.572522 0
0.46939 1.75298 -0.947106 0
0.570325 -0.62841 0.835746 0
1.3445 -0.101627 1.33817 0
4.80825 -0.375515 0.725314 0
1.19451 -0.311969 0.921382 0
4.78485 -0.238808 0.974128 0
1.34662 -0.298156 1.05295 0
1.69195 -0.467145 1.01077 0
0.449964 -2.27198 -1.10447 0
0.470212 -1.59252 -2.73453 0
0.0783444 -4.01684 2.98294 0
0.443566 -1.92795 -2.71938 0
0.35173 -2.01427 -2.25603 0
0.587029 7.16566 2.76189 0
0.309224 6.05311 1.34894 0
0.859969 0.851017 2.70903 0
0.646714 0.950621 1.95257 0
0.660822 -4.34549 0.183958 0
0.121611 -4.25445 -2.35068 0
0.530899 2.43593 2.64826 0
0.510086 2.92987 -0.273 0
0.325144 2.8017 -2.25202 0
0.128509 7.50575 -0.477616 0
0.314643 -1.09154 1.89182 0
0.621638 -0.286493 -2.39874 0
3.20231 -0.33345 -1.98002 0
0.928462 0.436088 -3.00972 0
0.236404 3.1185 1.43103 0
0.744725 2.83636 1.0459 0
0.640016 2.41265 1.06182 0
0.915734 2.44606 0.251242 0
1.08103 1.3313 -2.44558 0
0.31428 2.80771 -2.65463 0
0.841195 1.475 -2.10789 0
0.537741 2.30776 2.83415 0
0.662827 1.74485 -1.98081 0
0.363049 5.4229 2.1905 0
0.655305 3.91271 1.44749 0
0.362791 5.68161 1.23789 0
0.808058 -2.05747 -0.804662 0
0.792665 -2.76537 -3.1244 0
0.0482461 -4.66656 -1.50184 0
0.330621 -5.3654 0.538578 0
0.343107 -4.32133 2.071 0
0.431551 0.224883 0.480984 0
1.25065 2.0801 0.795045 0
6.39484 1.40815 0.348897 0
0.679488 1.29298 0.0248078 0
1.45921 1.28427 0.599046 0
0.260329 0.661796 2.68735 0
0.286553 -6.59728 -1.21337 0
0.527747 -2.36664 1.9566 0
0.282791 3.81568 0.285906 0
0.670666 3.93478 2.50506 0
0.445506 -6.67356 -1.6906 0
0.520228 -3.6282 2.71453 0
0.161834 -1.55324 3.01903 0
0.60795 0.153025 1.15454 0
0.487041 -0.996725 -2.81344 0
0.465073 -0.496023 -0.115571 0
0.501056 6.46975 1.48977 0
2.68555 -4.13845 -2.14577 0
0.945695 -6.06977 -2.08062 0
0.369851 6.70034 -1.42938 0
0.628909 4.72757 2.29513 0
0.41021 4.10782 -2.1618 0
0.277245 3.74979 -1.74315 0
2.48416 -1.7081 -2.40903 1.01737457841379e-13
0.774224 2.14504 1.53944 0
0.389227 1.37306 2.34382 0
0.365953 5.59593 -2.28402 0
0.770378 3.86932 -2.49452 0
0.6553 4.35346 -2.4093 0
0.7478 -1.88785 0.611352 0
0.964853 -1.37375 0.897362 0
1.39772 -2.25623 1.47231 0
1.53474 -1.84397 -0.650802 7.36809308213756e-14
1.60482 -1.46811 -0.407519 1.27402322593401e-13
5.27196 0.789219 1.75622 0
2.23508 0.78734 1.76093 0
0.346052 1.04361 1.29309 0
2.61057 0.269084 1.76576 0
0.345099 0.108676 2.25212 0
4.38413 0.393479 1.72016 0
2.88425 0.550556 0.578116 0
1.44694 0.196831 0.438847 0
0.716988 0.195807 -0.310697 0
0.496841 -0.361334 -0.537423 0
0.364428 0.135158 -2.26859 0
0.767321 -6.10336 1.30704 0
0.167802 -7.11612 2.76865 0
0.215813 -4.31593 2.10115 0
0.371662 -3.13502 -1.17892 0
0.506924 0.469351 0.973549 0
1.27246 0.942522 -1.14438 0
0.303622 -1.77533 1.1038 0
0.220852 -0.458744 -1.39057 0
0.281937 -3.45057 -1.74035 0
0.394186 -2.95765 2.82282 0
0.528861 -5.12968 1.57317 0
1.76945 -0.966218 -2.03333 4.4967045029887e-13
4.16816 -1.05102 -1.63963 4.89471436297356e-13
0.90988 -0.859982 -1.85421 5.34023032591076e-13
1.27576 -1.24567 -1.21226 5.05387383947482e-13
0.221713 -0.916492 -2.1818 4.50986681705054e-13
2.21226 -2.73812 1.15783 3.47123766176861e-13
0.649702 -3.10707 0.621596 3.30864500493842e-13
1.38074 -2.98658 1.5921 3.02856861248713e-13
0.824908 -2.60702 2.15931 2.71050440027235e-13
0.421771 -2.06933 2.64759 2.21769999605822e-13
0.37824 -2.13456 1.6016 3.84180067063415e-13
0.389313 -1.21812 -1.11168 5.34434968973368e-13
1.37518 -0.159203 1.98228 9.83051285544268e-13
0.223696 -0.833231 1.17507 8.44881850366459e-13
1.73921 -1.13895 2.02152 5.82460844349148e-13
0.614678 -2.31661 2.49413 2.15223396984842e-13
0.42451 -1.52715 1.63411 5.21440827919872e-13
0.435525 1.74684 1.53434 0
0.12387 4.04739 -1.92085 0
0.18721 0.334587 -3.08787 0
0.287951 3.23112 1.61006 0
0.647317 1.96277 1.53745 0
0.877612 2.57256 0.30361 0
0.0988135 -0.631889 2.58445 0
0.73747 0.112638 0.412386 0
0.644004 -0.301364 1.72302 0
0.409743 -0.106693 -0.374155 0
1.16321 -2.24152 -1.44842 0
0.486341 -2.07388 -2.54273 0
0.908455 5.43785 2.77898 0
1.07091 4.32486 2.91955 0
0.442103 4.28272 -1.1796 0
0.576495 3.79449 1.49305 0
0.315762 3.53726 -2.9207 0
0.288298 2.93013 0.787297 0
0.35599 4.02648 2.58759 0
0.037945 4.52641 -0.374576 0
0.274762 -1.97583 0.138755 0
0.248163 -2.10178 -1.83513 0
0.822872 -2.32064 0.268285 0
0.585817 -3.31822 2.82498 0
0.482538 -2.27402 -2.38701 0
0.546365 -2.08192 2.1658 0
0.673029 5.40089 -2.49498 0
0.834461 -1.37003 -3.09762 0
0.601247 -0.89075 -2.11028 0
2.64071 -0.200754 -2.12152 0
0.501604 -1.00262 -2.06323 0
0.778543 0.172684 -1.61959 0
0.528674 0.955812 2.89746 0
0.706427 1.06015 1.31386 0
0.877138 1.31297 2.26321 0
1.44701 1.04022 1.62287 0
0.107037 1.33994 -2.7186 0
0.450411 3.43722 2.24504 0
0.146294 1.93677 1.06894 0
0.922188 2.04146 -0.183296 0
1.17737 2.70789 1.01964 0
1.4048 -5.0746 1.37743 0
0.265828 -2.75837 -1.78612 0
0.658775 -1.81624 1.7707 0
0.331976 -1.5327 -0.774407 0
0.4003 2.82159 2.79259 0
0.332114 2.116 -0.839666 0
0.370094 1.66003 1.42084 0
0.889252 1.25242 0.345062 0
1.26269 2.01153 0.108718 0
5.40793 1.29097 0.211264 0
4.46259 1.26943 0.325214 0
2.38279 1.27341 0.323303 0
0.130324 -7.14092 1.47663 0
0.575569 -5.3178 2.19351 0
0.18357 -4.59963 -2.46595 0
0.378559 0.729289 0.722528 0
0.265564 -0.19247 -2.57909 0
0.263874 6.30946 2.20653 0
0.404808 5.6031 -0.27184 0
0.388131 -7.91616 0.8912 0
0.22934 -4.267 0.488348 0
0.676638 4.04401 -0.541884 0
0.598436 5.42605 -2.30095 0
0.345468 7.24907 -0.93261 0
0.441594 6.0233 -1.18199 0
0.260759 -5.44507 2.78519 0
0.501536 -6.3457 -1.90692 0
0.305941 -6.92739 0.445761 0
0.436249 4.33188 -0.343279 0
0.228752 2.54578 2.08407 0
0.549069 3.02317 -0.315703 0
0.144971 2.16354 -1.01103 0
0.764212 1.75992 2.49539 0
0.0753043 -2.26653 3.06126 0
0.471936 -0.477959 0.135262 0
0.202959 -4.12284 2.92678 0
0.452256 -2.78343 -1.07787 0
0.448585 -4.63121 3.10973 0
0.293209 -4.68793 1.80932 0
0.448503 -7.72902 -1.28333 0
1.17822 1.59058 1.13746 0
2.14351 1.68838 1.18499 0
4.27444 -1.77425 -2.28813 8.69264590679057e-14
5.2465 -1.81932 -2.28296 8.32176424609673e-14
3.22866 1.03821 1.67835 0
3.61351 0.962943 1.68703 0
2.14273 -1.81842 -0.923348 5.375691260351e-14
0.190969 -2.43042 -1.10817 3.09488304136554e-14
0.59191 0.437483 1.4218 0
0.992601 0.931278 1.75889 0
0.43848 -0.407738 -0.419898 0
0.062386 -1.43358 -0.986341 0
0.0761832 -5.73934 0.0599832 0
0.0616185 -7.27214 2.25824 0
0.0588208 -2.4313 -2.26622 0
0.42177 -2.82124 2.5533 0
0.101342 -2.37572 0.683187 0
0.0557759 -3.60626 -2.34017 0
1.18201 -0.912206 -1.95919 4.89292765989351e-13
0.240115 -1.0368 -1.29888 5.64695101482471e-13
0.581601 -0.858703 -1.45319 7.42025734132068e-08
0.407326 -1.22812 -1.17786 1.25377699895189e-07
0.184892 -1.92047 -2.44594 5.83085500407997e-14
0.348293 -1.02667 2.98011 4.17863922982995e-13
0.480647 -2.73563 1.90533 2.91717574283237e-13
0.608911 -2.52102 2.71514 1.99908353878274e-13
3.02853 -0.0295928 1.95633 0.427291646016628
0.988157 -0.0512047 1.94388 1.35167761616799
7.10728 -2.31858 2.75635 1.64950618571427e-13
2.68593 -2.38675 2.80503 1.58882138684094e-13
0.287074 1.37484 -2.61727 1.50901420141161
0.180571 2.03592 -3.01188 14.9032310075739
0.175674 3.53613 -2.27029 0
0.258165 3.34279 1.59359 0
0.992505 4.01935 -0.804558 2.57815364618013e-08
0.786268 3.92069 -0.511733 3.38219659476376e-08
0.626436 0.762083 -0.117156 18.7790978107585
0.163861 0.131391 -0.705499 92.2472644024489
0.0940179 -1.66404 1.10876 0
0.283819 -0.90958 -0.392452 0
0.310366 -0.312039 -0.157007 0
0.869722 -0.435156 0.647301 0
0.0930448 4.72999 1.80671 0
0.124829 5.87702 2.6904 0
0.297645 5.87304 1.02438 0
0.352577 4.99825 2.1694 0
0.235236 -3.1388 2.94198 1.89953001465618e-08
0.140797 -2.70078 2.06685 8.81592765545259e-08
0.341348 -1.64769 2.88343 0
0.238707 -1.56372 1.1768 0
1.59673 0.043732 -1.58713 1.75948756687102
0.688689 2.34298 1.67731 2.37900335252789
0.459201 2.86772 1.73737 2.12276366568044
1.40552 1.67526 -2.00252 7.78749211507117
0.524611 3.54013 -0.259156 1.39620894464454
0.146538 3.66382 -0.0216652 4.47862952857931
0.40677 -5.31975 -1.0217 0
0.457159 -4.64488 -1.95914 0
0.148078 -2.84827 -0.992097 0
0.376766 -1.63871 -1.25704 0
0.219754 3.12695 3.13902 0
0.263173 3.66706 -1.91845 0
3.55139 1.55501 0.430645 0
3.02281 1.40732 0.391794 0
0.481866 -3.71842 2.08379 1.11114588052071
0.161549 1.37403 0.516566 99.0020991845506
0.0675575 4.23396 -0.991843 0.508549885858017
0.0833557 2.72796 2.64344 1.84221106646914
0.242309 -4.12261 -1.96119 0
0.563509 -4.52682 -1.32924 0
0.210657 -1.79078 1.80513 20.7358781140782
0.976745 -1.20446 1.18797 7.58791564569847
0.191389 -1.79354 -0.809582 6.44963012839444
0.225318 -1.51355 2.71881 7.07658784892654
0.12857 -1.58362 1.28997 9.6059270131454e-05
0.00914006 -1.60711 1.30573 9.65085366766876e-05
0.37403 1.21567 -0.319417 10.9275872458338
0.18412 2.36542 -1.33921 7.58978443922341
0.214365 -1.96304 0.863176 6.95351237282631
0.462865 -2.29616 -0.372831 2.33359712138304
0.152452 -2.15099 0.294815 35.638979027645
0.228123 -2.72597 -2.97687 13.5128030153031
1.07457 0.219454 -1.6239 0.389330872666831
0.972395 0.306077 -1.22789 0.420847787201629
0.0417724 -4.61765 -1.82555 1.46895497995926e-05
0.021259 -4.00987 -2.37748 4.45366308578325e-05
0.229437 0.876845 -2.03109 67.4994626059426
0.372734 0.0492784 3.06277 58.4946731223048
0.142195 -6.16829 -0.335477 4.01859345736751e-06
0.0564963 -6.06713 -0.426919 1.28469362629973e-05
0.177239 1.02572 -2.81521 7.64099349002274
0.344417 1.08753 1.57813 3.72868031054006
0.172085 -3.25548 0.719753 4.01955055520511
0.206662 -2.03984 2.53997 11.1118749668847
0.333955 1.48316 1.95944 42.1778432573156
2.12158 1.46115 1.61177 6.73909062368498
0.825315 -0.757307 2.18963 29.832364440416
0.665977 -1.30037 2.11832 24.3229726804704
0.495185 -1.26315 2.63005 3.478111157898
0.292153 -2.07045 1.92352 2.79519785637314
0.250691 -1.78039 -0.718346 29.1906102377152
0.605745 -1.10309 -1.53521 21.9839150380544
0.36809 4.16383 2.48899 0.980533154976665
0.164225 3.1086 2.15201 6.29879168759207
0.0524851 1.68017 -2.70515 34.8966734339796
0.527235 0.546436 1.21946 8.33465161717551
0.679887 1.7751 0.208416 8.22336496900661
0.264458 1.06745 0.538276 39.6141800664946
1.56377 -2.13951 -2.49587 0.0305844385553609
4.61433 -1.89984 -2.35923 0.00600117802168441
2.46453 -0.957954 -1.98683 0.179078064136888
0.245831 1.58151 -0.422849 5.86861988428114
0.0233082 -0.746897 -2.12196 33.0468424483259
0.105015 2.34062 -2.28494 4.21011283099287
0.0546642 -0.24637 2.18554 41.4110607912821
1.10503 -0.20972 -1.69513 1.84020599128881
0.105091 -0.995065 -1.95001 12.7758167107681
1.05193 6.3992 1.07848 0.0716286869970244
0.337289 -0.0425084 0.120076 0
0.168461 -0.351616 -2.67248 0
2.76555 0.750725 -1.16371 1.06318565948824
4.02958 0.455551 -1.372 0.22506463179673
1.1736 0.738753 -1.33786 0.307091987625081
1.89602 -0.972293 -1.92052 0.914905617422505
3.12879 -0.943614 -1.79835 0.228964062615294
0.521217 -1.2011 -1.99521 0.120299222513292
1.50315 6.38637 2.66043 0.450086850359829
0.151108 7.13204 -2.33647 0.472314149057218
0.309082 6.66691 1.0893 0.075392727988799
0.965994 5.85939 0.587902 0.304125973829205
1.31907 0.557135 -1.37166 0.200958805249175
0.622619 0.690257 -1.16295 0.25260809370691
1.66113 0.324419 -1.18766 0.371715401906239
1.1689 0.205452 -1.19423 3.027597818172
1.66727 0.160484 -1.48482 3.34256833042842
6.24356 -1.12295 -1.94048 3.41637430426744
1.26375 -1.06997 -2.04274 18.1863479131404
