3.52044 0.50985 -0.520043 0
1.92478 -0.896559 -1.22961 0
0.591016 -4.11083 -0.239756 0
0.618874 -4.50238 3.00918 0
0.678018 -4.9235 2.04078 0
2.20415 1.23176 -1.54137 3.38963844987169e-13
1.79773 1.26289 -1.75227 3.23448218976203e-13
1.88002 0.826261 -1.04576 6.44247096017889e-13
2.21353 1.19997 -1.36364 3.70956052095821e-13
32.8468 1.01169 -1.08631 5.2197184466383e-13
3.35503 0.921059 2.57845 2.07253198924745e-14
1.54879 0.92267 1.98812 8.76348742962981e-15
0.0452233 2.76711 -2.2765 2.50806658004801e-14
0.740773 1.3581 1.36154 7.99244263388148e-15
2.50549 1.45512 -2.75382 4.43779796283068e-13
1.57085 1.33919 -2.54591 4.36301381306982e-13
3.16317 0.295188 -2.83078 1.02825548813691e-12
0.383325 0.543704 2.60408 1.02255271963347e-12
0.262156 -1.35197 -2.00087 0
1.36544 -2.35313 0.332829 0
1.40524 -1.03932 0.412727 0
0.656049 -0.656743 -0.190174 0
0.888746 0.395502 1.01739 0
0.0297338 3.94671 0.984317 0
0.0561929 -0.383076 -0.098592 0
0.0939651 -3.90092 -2.63169 0
0.267234 -4.84723 2.47716 0
0.628127 -2.45436 1.61698 0
1.37799 -2.00313 2.71701 0
1.16868 -1.50309 -2.92481 0
0.926217 -2.86895 -2.63336 0
0.336643 -2.39354 2.55261 0
1.60136 -2.78943 -2.34223 0
2.36508 -2.38513 -2.18724 0
0.423156 -0.751334 -2.52686 0
1.92966 0.127506 2.97205 0
0.278323 2.21491 -0.376576 0
0.595752 2.62392 -1.89049 0
0.829348 2.5885 -2.34497 0
0.246739 4.60126 3.09148 0
0.40713 3.52699 -0.994083 0
0.509874 3.59236 -2.67869 0
0.343217 4.27598 1.03614 0
0.107453 4.63713 2.87211 0
1.45933 4.08071 2.01083 0
0.388429 7.25583 -0.0480223 0
0.216956 6.81288 0.749064 0
0.326651 4.76257 -2.0655 0
7.79984 0.561099 0.502982 4.34374065469935e-14
1.3036 0.602722 0.524421 3.70286627085846e-14
3.93411 0.52814 0.459193 5.39381722080255e-14
1.20848 0.425357 0.539512 5.43362376855289e-14
2.29853 0.734064 0.620935 2.57776198910841e-14
0.307848 -1.02187 2.81419 1.66138878992299e-13
0.511554 -0.295304 1.97069 2.3098835829933e-13
0.312361 -0.362435 2.37171 2.23715815321525e-13
1.53128 -0.893875 -3.06185 1.15588138334528e-13
0.954047 -5.78861 1.69728 0
0.624168 -4.77977 -0.189859 0
1.06406 -4.20915 -2.06377 0
0.23102 -3.0887 -1.25757 0
0.372141 -4.13775 1.84106 0
0.761793 -3.09756 1.11947 0
0.381436 -2.30527 0.0785706 0
0.774407 -3.30996 1.8593 0
0.558413 -4.17012 2.29808 0
0.510187 -1.14516 3.0815 0
0.160853 2.72789 -2.34211 0
0.863254 -5.28473 -0.598758 0
0.227051 -4.36377 0.870757 0
1.09589 5.22749 0.703965 0
0.455257 4.36355 -2.01799 0
0.0998606 1.45861 1.37424 0
0.749184 3.55743 -2.30671 0
0.717537 -1.06588 0.0960085 0
0.977527 -0.5443 2.14279 0
0.527405 -2.53694 1.11148 0
0.0485605 5.4497 3.03017 0
0.2948 3.59297 0.154191 0
0.35641 -6.83602 2.63888 0
0.532855 -5.81514 -1.10923 0
0.49273 -6.39586 2.50774 0
0.119378 -8.03694 -0.889324 0
0.133675 4.11204 0.160977 0
0.383197 2.93039 -1.64128 0
0.451089 3.14734 1.39973 0
0.66543 -4.48177 -0.856492 0
0.629442 -6.17854 1.07481 0
0.424374 -4.99135 0.832216 0
0.511696 -4.12872 -0.315148 0
0.874579 1.37128 -0.285737 0
0.152533 0.607961 -1.76753 0
0.502584 -0.99911 -0.673764 0
0.703239 -4.62697 -1.79667 0
0.899174 -3.85392 -2.44424 0
0.198871 -4.21489 -0.59986 0
0.270096 -4.52992 -2.53285 0
3.84383 0.831286 2.43076 1.89867472232991e-14
0.841026 0.789162 2.17509 1.45444466564467e-14
1.22463 1.50644 -2.86572 4.53767865884033e-13
3.93043 0.420661 -3.08811 1.00724733544037e-12
0.430928 -0.296063 -2.95284 1.07799720738767e-12
1.44825 0.751954 -3.07121 8.48253725701837e-13
0.416011 -1.5311 -0.753871 0
0.990646 -1.15735 0.0341998 0
1.54107 -0.92826 1.03588 0
0.969951 -1.16914 0.631955 0
0.919913 -0.935129 0.312589 0
0.437514 0.496798 0.695534 0
1.61917 1.41739 0.750342 0
1.37118 1.27465 -0.237733 0
0.262878 2.10008 -0.660021 0
0.524261 -4.81184 2.01349 0
0.0457942 -4.14746 2.47719 0
1.05093 -3.35854 1.91405 0
0.302156 -2.22618 0.383877 0
0.554787 -1.52059 -1.97479 0
2.57232 -1.95035 -2.40419 0
0.648879 -2.21905 -2.60942 0
1.92928 -1.97403 -2.69084 0
1.26571 -2.81822 -1.94381 0
1.91561 -3.17478 -1.75643 0
0.829194 0.483927 -1.14734 0
0.305531 0.605004 2.39014 0
0.0584159 4.26894 -2.55169 0
0.341691 4.27902 -0.562846 0
0.537839 2.9238 0.239382 0
0.153524 3.37827 1.79261 0
1.57419 3.48315 0.915942 0
0.331793 2.4691 2.00152 0
0.26999 4.36717 0.926689 0
0.534741 4.37434 1.02447 0
0.158023 6.10016 2.9624 0
0.403638 7.28931 2.08721 0
0.420873 7.06835 -0.139989 0
0.435876 6.47051 0.906344 0
0.290792 5.83354 -2.28955 0
0.439735 7.38739 0.0195559 0
0.314109 6.60204 3.08448 0
6.48667 0.508124 0.477694 5.26115069144068e-14
22.4326 0.497009 0.515315 4.75822088641609e-14
3.03385 0.560195 0.537147 3.73648696661298e-14
1.08872 0.710658 0.286837 7.97989629634579e-14
3.90844 0.700996 0.642903 1.87087109722445e-14
2.12703 -0.271958 -3.07384 1.43247108892321e-13
0.630905 -0.734408 3.03657 1.41700384458381e-13
3.03149 -0.761926 -2.90596 8.91049061428235e-14
1.70525 -5.91099 -2.02558 0
0.21798 -6.4212 -0.90362 0
0.628845 -6.22721 -2.63149 0
0.848126 -6.18198 -2.36466 0
0.167285 -6.48249 -1.31813 0
0.251303 -5.61057 -0.320746 0
0.148912 -2.20882 -0.316361 0
0.301978 -1.35186 1.99868 0
1.31257 -2.23381 2.07588 0
0.225395 -3.62915 0.360889 0
0.349181 -2.02857 0.258599 0
0.738121 -3.11406 -0.222835 0
0.85488 -3.74657 -1.27682 0
0.287788 -3.09499 0.159857 0
0.210082 -2.38194 -2.09916 0
0.139029 1.53855 0.515071 0
0.354825 2.60936 -0.0493574 0
0.828327 8.15896 0.159216 0
0.652242 6.16937 -2.89879 0
0.126073 6.73309 -1.77212 0
0.20291 -1.57039 2.43069 0
0.331199 -3.7428 0.677189 0
0.148377 8.25948 2.64254 0
0.416733 5.8472 -1.97663 0
0.150973 -1.3873 2.73708 0
0.187081 -0.826858 -2.03582 0
0.25006 1.54231 -1.02681 0
1.50034 5.14327 0.107628 0
1.79395 4.36619 -0.861093 0
0.242258 5.52593 -1.96994 0
0.320305 5.71909 -3.04813 0
0.229531 1.12722 -1.82314 0
1.2073 -4.75007 1.12191 0
1.24099 -4.36993 1.14043 0
0.0888184 -7.91819 -2.88053 0
0.259918 -4.96404 0.460248 0
0.527699 -7.10305 -2.27089 0
0.8609 -5.86359 -0.161716 0
0.155629 -6.46768 1.91489 0
0.290831 -5.15872 1.6515 0
0.118775 -4.63826 -0.376462 0
0.156366 -3.81281 2.51221 0
0.190188 -4.32613 -0.500695 0
0.0670702 -5.37121 2.041 4.70790332609876e-05
0.0712948 -4.74191 2.23794 3.20610482059715e-05
3.13407 0.810187 2.63773 2.30637345167606e-14
4.13047 0.728332 2.57086 2.29831212179012e-14
4.72288 1.52596 -2.67272 3.97849713947124e-13
3.47452 1.35463 -2.61923 4.48557508626219e-13
0.95797 -1.93773 -0.218334 5.86490365332191
0.313927 -1.48777 0.0441365 48.6111900832266
0.107945 -2.39536 -0.0270791 13.282664380337
0.135369 1.35357 0.0231271 0
0.224764 -0.0716248 0.718553 0
0.861075 0.80359 0.804957 0
0.667381 0.310828 0.798897 0
0.791744 -1.96174 1.44981 0
0.24007 -2.2536 2.29299 0
0.246919 0.0825228 -1.31491 0
0.220772 1.58177 -1.51605 0
0.745501 2.13026 -0.683518 0
0.808727 2.63374 -1.47555 0
0.785218 2.69609 2.83941 0
0.503033 2.72936 -2.81236 0
0.204429 3.24084 0.917434 0
0.665435 3.76218 1.16176 0
0.365451 4.39136 -2.01116 0
0.0710488 6.00244 1.81559 0
2.66002 0.575593 0.476577 4.73957275579718e-14
1.22812 0.646148 0.650499 1.24817965432522e-14
0.210493 -2.27736 -2.56837 0
0.357841 -1.73103 1.22866 0
0.258072 2.29233 -1.98375 0
0.0675499 1.04074 1.3686 0
0.378704 -2.2625 2.97637 0
0.129592 -2.20241 -1.64481 0
0.149262 5.05498 -1.47412 0
0.128885 5.9013 -3.10167 0
0.286475 -6.62102 0.807774 0
0.24697 -7.28644 1.67188 0
0.353872 -4.36084 0.427709 0
0.038262 -4.71179 -2.16341 0
0.200221 3.9046 0.886687 0
0.10431 4.45345 -1.97464 0
0.262843 6.01513 -0.575373 2.10810868279564e-08
0.202676 5.67982 -1.44444 2.79718577069288e-08
0.0942337 6.5302 -0.341596 0
0.323981 5.30517 -0.814492 0
0.282659 3.4634 1.2264 0
0.063622 4.84405 2.79419 0
0.364299 0.966386 -1.15204 0
0.213421 1.06439 -2.58654 0
0.0362898 -5.86169 3.11256 0
0.162799 -4.33315 0.48885 0
1.7857 0.843343 2.41829 20.6603890271239
1.22442 1.07479 2.26507 25.362768805736
0.171421 -3.18518 -2.98583 35.933207962094
0.331468 -3.04191 1.27505 21.4575636071589
0.190665 -1.61306 0.921644 3.45237750875181
0.15524 -0.0354971 2.45793 11.0610699129442
0.967716 2.65044 2.56407 2.46158120194682
0.269213 2.35399 2.14339 11.783979399725
1.25774 -0.585246 -2.89873 10.5770621859434
0.943476 -0.780543 3.06014 12.6184391422853
0.609767 -2.78484 -0.851378 0.00295718934984278
9.66625 1.03358 2.27073 2.34009219066002
0.40619 -2.09257 -2.62212 0.00361293048470156
12.4071 2.9136 -1.44643 0.685067286262551
0.231525 5.65543 -1.95762 1.26171096444523e-08
0.144698 4.80182 -2.2858 7.25186745549924e-08
0.203857 -5.07529 -0.49435 1.78410934063503e-08
0.145547 -5.51069 0.605825 5.37837137150175e-09
8.4657 0.964748 2.45114 1.03816760539705
13.1189 0.820125 2.38185 1.42989790982631
0.373864 -1.85214 -0.995315 0.00650133377829158
2.9605 2.99268 -1.29918 0.353029508929719
0.256258 3.50849 -0.796324 3.84123214147108
