5.80749 -0.773347 2.46074 0
0.241424 -2.35977 3.0741 0
0.479217 -3.67037 -0.948531 0
1.46141 0.908597 -1.41535 0
0.704992 1.55056 -2.01439 0
0.240082 1.26664 0.970923 0
1.07889 1.00276 3.13857 0
1.99584 -2.42671 0.23951 9.19154307237669e-15
1.14436 -2.90601 0.462866 5.75849059257135e-15
1.44183 6.92341 -2.59635 0
0.458922 4.91991 2.38035 0
1.08572 4.36671 -0.867136 0
0.324595 4.2654 2.59609 0
0.650922 8.10232 0.313408 0
0.552018 -3.28462 2.45627 5.04238914317374e-15
1.65908 -2.32013 1.13895 1.1049937861636e-14
0.520431 -2.98167 -1.18899 4.74554864402982e-15
1.05109 -2.7643 -2.40606 7.04233779987718e-15
0.461228 1.23067 2.30109 0
0.60548 5.80012 2.80553 0
0.309563 2.2171 0.362804 0
0.879918 2.10709 -0.557453 0
0.171532 3.15849 1.16355 0
0.27561 -1.38964 3.11591 0
0.992293 -1.23133 2.19273 0
0.919391 -1.86271 1.70523 0
1.28115 -1.5577 2.3999 0
0.182886 1.64746 -0.975654 0
0.289434 2.13658 -0.943494 0
0.873439 1.14231 -0.211529 0
0.642312 0.820958 -1.97543 0
0.2469 -2.31359 -2.81476 0
0.63486 -1.67082 -1.77301 0
0.565699 -1.77611 -0.718746 0
0.176997 -2.60388 0.188501 0
1.17541 -3.79281 2.45358 0
0.612525 -4.65048 2.78597 0
0.795572 -3.97368 -2.91913 0
1.09874 -6.03313 3.04425 0
1.13955 -5.96033 -1.23497 0
0.448044 -4.57179 1.02954 0
0.0974646 -5.17069 1.92109 0
0.561269 -5.34892 -1.24287 0
0.388836 -3.21529 0.427222 0
1.05532 -1.24387 0.729549 0
1.51984 -1.46663 0.429472 0
0.548488 -2.00771 0.823069 0
0.235467 -1.26187 3.06334 0
0.587432 -1.06365 0.787332 0
0.455237 -1.40325 0.372405 0
1.01882 0.473655 -0.724236 0
1.50591 2.25448 -1.19584 0
0.417323 3.58415 0.719307 0
0.106078 1.01667 0.401593 0
0.449912 -1.62825 -0.959994 0
0.109712 -3.70455 1.5801 0
0.844786 -2.21085 1.08541 0
0.363668 4.0105 1.55999 0
0.180929 3.25543 -1.12088 0
0.198433 1.19665 2.46753 0
0.4416 -1.06382 -3.0359 0
0.362913 -3.6319 0.601412 0
0.53016 -2.87939 -1.92899 0
0.889791 -2.68461 1.12335 0
0.0954991 -8.61045 -0.0200561 0
0.492433 -6.73452 0.877682 0
0.255323 -7.31842 0.0544879 0
0.805388 -5.54604 -0.787353 0
0.680069 -4.51543 2.65099 0
0.671242 -2.01172 -0.143434 0
0.225419 -3.20504 1.66322 0
0.210583 -2.52417 -2.4638 0
1.12655 -1.34497 2.67285 0
0.336749 -2.35001 -1.92262 0
1.42084 0.543902 1.90468 0
1.26402 4.18853 2.25254 0
0.926677 4.07733 2.46933 0
1.01475 5.13057 0.884642 0
0.950682 5.66897 -0.356397 0
1.22364 4.49138 0.512874 0
1.62288 5.15933 -0.122919 0
1.64317 5.13667 -0.833314 0
1.83571 5.12967 -0.402058 0
0.348556 -7.99668 -1.36897 0
0.220902 -8.6513 2.58592 0
1.69326 -0.635736 2.79173 0
0.544265 -1.25632 2.67519 0
0.570749 -3.42931 1.76198 0
0.318377 -2.40594 3.13482 0
0.236034 -4.04343 2.36198 0
0.362942 -3.5737 -1.07119 0
2.01781 0.238039 -2.99394 0
2.79334 0.6855 -2.82726 0
8.56214 -2.59328 -0.0198918 7.53654193161472e-15
3.90972 -2.39494 -0.0416423 9.29030915812338e-15
0.309215 6.66494 -2.88473 0
1.22168 7.07867 -2.01603 0
0.234421 7.04871 3.02435 0
0.346834 5.98746 0.841545 0
0.890437 -2.75765 0.158387 6.43847436756483e-15
0.329279 -2.10388 -0.573465 1.23685843847822e-14
2.52724 -2.93774 0.943438 6.01433661320559e-15
1.07212 -2.4079 0.347216 9.46054615309279e-15
1.1451 -2.66064 -3.06116 8.30365550316699e-15
0.139741 -1.33194 -0.0597143 0
0.207658 0.984201 -1.48519 0
0.104621 3.02682 2.54677 0
0.83682 3.12094 -0.294661 0
0.306414 4.53146 1.08248 0
0.398446 4.15881 -2.03898 0
0.610904 5.55186 -1.20545 0
0.538603 2.18472 0.943252 0
0.439726 4.29407 -0.110559 0
0.202529 2.89495 1.06964 0
0.868039 1.86412 -0.906847 0
0.747354 0.975664 -1.12041 0
0.353263 2.43236 -0.932169 0
0.292946 1.24042 -1.72114 0
0.241898 2.89989 2.29479 0
1.02727 0.699726 1.02931 0
0.707215 0.0955818 -0.522634 0
0.3852 -0.550521 0.857286 0
0.57893 -3.34891 3.072 0
0.222742 -3.01448 -0.140362 0
0.597535 -3.53715 3.13674 0
0.296326 -3.84004 -0.461908 0
0.821498 -3.91132 2.19959 0
0.422627 -4.57135 1.89059 0
0.148447 -7.72581 1.67376 0
0.296867 -2.11803 1.81729 0
0.381666 -1.51242 -1.59376 0
0.564109 -0.971318 -0.221904 0
0.432618 -1.22138 0.0438416 0
1.23257 -1.6636 0.672686 0
0.205712 -0.356782 2.50707 0
0.111373 2.6465 0.703375 0
1.29297 3.05627 1.49093 0
0.957415 3.20588 -1.94508 0
0.673734 1.82505 -2.84352 0
0.29786 -2.73026 0.17096 0
0.539041 -2.00817 -2.20141 0
0.651274 -1.79187 -2.86684 0
0.190421 -0.461162 0.816304 0
0.469488 -1.6316 3.01549 0
0.709013 -1.06091 2.93343 0
0.604053 -1.26836 1.90862 0
0.415856 0.955127 -0.494845 0
0.23463 0.324665 -1.04594 0
1.01956 5.67126 -2.49573 0
0.203335 -1.20917 -0.497732 0
0.162017 -4.47759 0.157991 0
0.733574 -7.1621 -0.508437 0
0.652389 -7.47596 -1.59016 0
0.199211 -5.63515 -2.03776 0
0.33527 -6.76005 -0.838775 0
0.497108 -6.51273 1.28199 0
0.575278 -5.6834 0.504401 0
0.133316 -4.38664 2.16044 0
0.116409 -5.84828 1.6956 0
0.342088 -4.67637 0.495817 0
0.605747 -3.94144 -1.0651 0
0.0960746 -4.16709 0.509291 0
0.328418 -1.15297 0.701692 0
0.509464 -2.22831 1.92752 0
0.446926 -1.81876 -2.89609 0
2.02107 -0.268595 2.73226 0
0.369287 1.33381 2.71719 0
0.269876 2.05664 -2.33286 0
0.395561 1.4404 1.05536 0
0.975048 1.32476 0.595388 0
1.19126 2.14314 3.04735 0
0.374245 0.957561 2.28294 0
0.303575 1.95566 0.825384 0
0.994534 2.66721 -3.13296 0
0.439879 2.75066 2.68992 0
0.340161 3.71466 1.59938 0
0.85212 3.62423 -2.7989 0
0.415524 3.97316 -2.41366 0
0.157537 2.40797 -1.65109 3.91879971906082e-08
0.0763195 1.96202 -1.8079 1.87000015414363e-08
0.333642 6.39805 2.85656 0
0.205227 7.00764 -2.26007 0
0.198585 4.26625 -2.22171 9.87587231792422e-08
0.30668 4.81599 -1.40929 5.64962738224684e-08
0.729955 -2.50991 -0.434095 8.02575001007087e-15
0.702509 -2.61966 -0.730309 7.05921931409962e-15
0.338386 -2.75642 0.981855 9.87613100062986e-08
0.355955 -2.48502 1.28016 6.5435853325947e-08
0.574293 -2.44834 -2.3409 13.8551087177433
4.41981 -2.38544 -2.59884 0.0990959825010166
3.90815 -2.44657 -2.8065 0.0471171567346573
15.2009 -2.36871 -2.78911 0.0241171619343062
0.104008 2.79668 2.04511 0
0.172541 2.2814 -0.432661 0
0.208368 -1.98294 -2.62085 0
0.346085 -1.19772 2.09143 0
0.143398 -1.12126 0.345772 0
0.485375 -1.95782 0.130397 0
0.205079 0.466229 -0.850876 0
0.234028 -0.370464 -1.74507 0
0.726409 1.10951 0.898832 0
0.16236 1.65415 -0.724775 0
0.117987 -0.835081 -0.996195 0
0.387626 0.125458 -2.69578 0
0.176228 -0.919395 -2.22287 1.54454973467816e-07
0.184045 -1.87757 -1.88585 6.06363023325399e-08
0.17033 -7.21368 2.25718 0
0.260948 -6.41737 -1.24896 0
0.0687765 -2.7043 1.43831 0
0.103764 -2.26109 -0.282497 0
0.0940923 -4.20066 0.784932 1.98256244177545e-08
0.261045 -3.07416 0.00542114 1.3940212912357e-08
0.625879 -0.114378 -3.05651 2.69605161271104e-08
1.52435 -0.35488 -3.01703 7.71901019150156e-09
0.10613 1.50259 -1.94847 4.7060269718042
0.699392 0.372169 -2.71532 1.57646788193627
0.262381 -1.55537 1.6779 7.72732615385912
0.258625 -1.50375 -0.144062 8.21561302334262
0.074017 -0.0422632 -0.413085 8.64990774647558e-06
0.375334 -0.1076 -0.428658 6.10361447699089e-06
0.416368 -1.37273 -0.14309 9.45383669287996
0.94566 -1.28504 -0.511268 15.3656552421873
0.689963 -1.44253 -0.444617 45.787051911217
0.398242 -1.88762 0.21119 52.3248074613333
0.0543334 -2.41995 1.8951 3.62404596492635
0.405546 -2.26085 -0.947321 0.564998669336734
0.228649 2.64851 -0.816848 20.0384666809551
0.373308 3.31494 -1.97058 6.29349756205087
0.738848 -0.744746 3.03184 2.81984712717171
0.319122 -0.953141 2.21127 5.66308500978181
0.118557 -2.23796 0.654678 9.87175405011543e-05
0.0457308 -2.36106 0.550602 6.91008827209906e-05
