226.267 -0.101365 0.741856 1.42635859093783e-13
0.828809 7.39836 -0.96647 0
0.480374 8.57532 0.204605 0
0.381125 6.83497 -1.82222 0
0.555399 -1.92156 -0.96461 0
0.794114 -2.89265 0.57163 0
0.689255 1.11926 -1.41494 0
0.573919 2.81369 -0.117623 0
1.23073 5.19867 -2.14083 0
1.07324 4.94828 -2.7636 0
0.411445 4.30338 -2.6544 0
0.335692 3.34113 0.0309563 0
1.05178 2.64595 -0.846899 0
0.366448 2.197 -0.188486 0
3.76659 -0.537461 2.85203 1.011029621567e-12
0.891717 -0.606562 2.05724 7.9409680395194e-13
3.99996 0.426378 -2.6871 5.33923115194945e-13
1.75776 -0.0847136 -2.63913 8.50242891934479e-13
0.737273 1.00695 -2.80217 3.70144037529618e-13
0.156703 -0.346378 2.94833 1.02100980918685e-12
14.3698 0.904842 -2.53242 2.06005288535396e-13
45.1404 0.859995 -2.55712 2.32613545625767e-13
0.280827 -0.330016 0.23631 0
0.399414 0.500277 0.774013 0
2.63347 0.406827 0.847122 0
1.10013 -0.178908 1.10527 0
0.443259 -3.69408 -3.0304 0
0.28877 -1.05325 -1.38441 0
0.101571 0.1873 -2.34964 0
0.587006 -0.797953 -0.29277 0
0.760646 2.11712 2.62296 0
0.283736 1.43383 -0.506408 0
0.231252 4.19209 2.98053 0
0.62884 3.49534 -0.462693 0
0.361874 -1.81857 -0.725364 0
0.732984 -1.14293 3.00173 0
0.0931484 -4.05324 1.93624 0
0.671347 -1.6169 2.96548 0
1.96577 -1.595 -1.86992 0
0.580416 -2.39843 -2.30789 0
0.265234 -1.87237 3.10688 0
1.00641 0.971177 1.57269 0
1.1279 -0.825191 1.56176 8.87571578973207e-14
0.775144 -0.785801 3.08202 1.20590338631319e-13
0.555986 -2.85922 0.0701406 1.22088789537291e-13
0.273186 -1.66183 -2.6984 1.24198398778294e-13
0.373331 -1.85008 2.21892 1.21709679950847e-13
0.756681 -2.73867 -2.70872 1.2555872757975e-13
2.27445 -1.80724 -2.8133 1.25199927535259e-13
0.527198 -2.58775 3.11463 1.25311770337637e-13
0.164751 -3.14875 -0.0712461 1.22890602670138e-13
0.263977 -5.18117 -1.80998 1.24164470225559e-13
0.333752 1.25355 -0.765937 0
0.123285 0.80763 -1.20513 0
1.10249 4.46723 -0.206734 0
0.14213 4.52628 -2.24842 0
0.219411 5.1881 -2.44849 0
1.22305 6.02026 0.283202 0
0.539825 6.36936 -0.869947 0
0.20738 6.4633 1.17465 0
0.30715 2.00175 -2.87295 0
0.626693 1.43486 1.2346 0
0.34861 -0.207763 -0.740728 0
0.085529 2.96666 -2.83543 0
0.0484894 -4.10524 -1.84391 0
0.208991 -3.53862 -1.78105 0
0.146285 -6.92521 -1.25727 0
0.643286 -4.77787 3.06698 0
0.458088 0.55754 -1.14547 0
0.410665 4.72026 -1.35226 0
0.106859 6.24825 1.89194 0
0.368343 2.76753 -0.354035 0
0.526595 2.3336 -2.19668 0
2.06095 -0.164728 2.81853 1.0165843184616e-12
0.754472 -0.295055 2.72732 1.02077852732687e-12
1.34093 0.925528 -2.61432 2.57550389786167e-13
1.44441 0.169502 -2.80803 7.46718332395728e-13
2.51502 0.964944 -2.59564 2.41248572990394e-13
0.731417 0.487376 -2.82225 5.61345076843367e-13
1.30182 0.880049 -2.63093 2.76931088436896e-13
1.05138 0.340898 -2.7725 0
0.716557 -0.0809229 -2.91491 0
1.38444 0.0833814 -2.80561 0
0.383751 0.603151 2.49402 0
0.464074 -0.0210405 -1.55724 0
0.504006 1.06307 -0.218284 0
2.94328 0.952213 -1.48289 0
1.05626 0.606435 -1.48115 0
3.4352 0.869217 -1.61973 0
5.30777 0.981489 -1.48274 0
1.20718 0.806084 -1.63494 0
0.276488 -4.06566 -1.60484 0
0.735367 -1.90178 0.207184 0
0.158064 0.814645 2.48827 0
0.0698951 4.53437 0.922711 0
0.495692 5.67802 2.85745 0
0.803555 5.23111 -3.1105 0
1.0191 6.10092 2.7244 0
0.346803 5.64883 -2.15106 0
0.738002 -6.69723 -1.70351 0
0.899234 -5.6567 -0.435506 0
0.552167 -2.79594 3.09199 0
0.293632 -4.1187 -1.0451 0
1.12439 -2.21977 2.89589 0
1.23885 -2.18002 -2.9718 0
0.316171 -2.90635 -2.276 0
0.297619 -1.46592 -1.92061 0
0.185952 -0.728264 -2.17162 0
1.21251 0.076002 0.168373 0
0.0643895 1.71093 -1.7806 0
1.40374 -2.68296 2.44437 1.23753198638674e-13
0.25186 -2.59142 -1.74782 1.25692603333916e-13
2.35871 -2.20737 -3.04266 1.25732382312034e-13
3.46203 -1.99322 -2.87698 1.25666793497894e-13
1.12293 -2.07631 -2.90093 1.25744384684957e-13
3.44896 -2.24184 -2.67082 1.25750100328719e-13
1.16557 -1.839 -2.26645 1.24466733812501e-13
0.305448 -3.76063 -1.6699 1.24708833105146e-13
0.509944 -7.12512 -0.853171 1.23956599945586e-13
0.706877 -7.75238 -2.85791 1.2396303621864e-13
0.529058 1.58268 -2.27497 0
0.404627 3.73438 1.87474 0
0.414978 6.61519 2.15709 0
0.219087 6.35266 1.65045 0
0.503079 4.95009 2.37748 0
0.294703 1.50473 2.66465 0
0.283534 -0.286479 -2.00753 0
0.576189 -2.32897 -2.91582 0
0.762105 -5.30656 0.0886033 0
0.109799 -6.65152 2.43107 0
0.268186 -3.80644 -1.76927 0
0.182274 -3.34357 0.29303 0
0.180821 3.95901 1.6251 0
0.177639 4.70994 0.762662 0
0.634502 -0.346771 3.00973 1.01896751478293e-12
0.586731 -0.451658 2.63687 9.98448902436765e-13
0.496885 0.220791 -2.43905 6.06571266430941e-13
1.14646 0.588118 -2.62047 3.97768354682755e-13
0.814834 -0.242211 1.96947 0.333719712225737
0.270426 -0.0483077 1.63724 1.03963296907545
0.816224 0.510328 1.20123 2.04376623825675e-08
1.3304 0.606849 1.02021 4.7730289534908e-09
0.237155 0.402584 1.84314 9.3414546141216e-08
0.267997 0.771565 0.942367 1.04944347381648e-07
1.6708 1.05453 -1.6017 0
1.73612 0.790832 -1.56915 0
0.119457 -1.79116 -2.7972 4.91758765160553e-08
0.110744 -1.82595 2.39579 7.26312047584765e-08
0.776158 -2.10194 -2.79769 2.93315188358184e-07
1.63234 -2.24391 -2.58748 1.18947513590273e-07
0.137462 -2.50737 1.12497 1.18974422886425e-13
0.243506 -3.19746 2.62091 1.24127946124672e-13
0.155956 4.59321 -1.84939 0
0.0890698 5.74197 -2.00153 0
0.122659 6.74826 -0.639779 0
0.279424 5.86036 -2.57139 0
0.0521008 4.13141 1.79515 0
0.413548 3.54844 -1.51098 0
0.295563 -1.11911 -2.31146 40.80692108344
0.460201 -2.06529 -2.42162 11.1201995401776
0.233161 -4.14628 -2.98427 1.75359234658314
0.211691 -2.74435 3.02744 7.77274992974582
0.0645518 -1.83006 2.95864 1.29926021744612e-05
0.0496957 -1.91455 3.06759 1.20163152605534e-05
33.8708 1.0643 -1.65903 0.0603053668380238
18.846 0.996721 -1.61466 0.0788766914372702
3.6027 -1.20269 2.14325 0.0343940523127087
2.7482 -1.00579 2.25409 0.0843847945456699
0.631334 -1.07944 1.94581 0.0946617209719002
4.21693 -1.27158 2.14676 0.0641402399072684
1.05246 -1.02545 1.96822 0.0968907584666047
0.806524 -1.10071 2.04054 0.309265338819903
0.534047 -1.27564 2.42907 0.701837306538174
5.8165 -1.09629 2.11536 0.131024679201203
