0.591533 4.0918 2.13321 0
0.939867 4.90925 1.82537 0
0.449915 7.97491 0.54415 0
0.428236 -5.82443 2.88718 0
0.215374 -6.50838 -1.73332 0
0.310014 -6.32779 0.478186 0
0.0622095 -7.42115 -0.658679 0
0.23018 -4.7843 -2.15096 0
0.218878 -2.37322 0.0972022 0
4.01678 0.636372 -1.73495 6.35912207886445e-14
0.871462 0.766468 -1.32136 5.96642848393367e-14
1.23189 2.17258 2.93923 1.42581229505018e-14
0.447757 2.20963 3.08092 1.41448842812046e-14
1.92503 1.817 1.44104 2.11207397216238e-14
0.811327 -0.0923219 2.8702 0
0.280226 3.87143 2.14409 0
0.327746 2.55896 -2.39617 0
0.462098 4.8772 1.45905 0
0.303548 7.0358 2.45883 0
0.113048 9.54396 -0.636431 0
0.605893 8.20048 -1.15817 0
0.444076 -6.4067 -0.136413 0
0.482593 -2.89461 1.50115 0
0.500629 0.504032 -2.89335 0
0.23847 4.2575 1.94386 0
0.14733 4.77905 2.63551 0
0.228486 1.61866 -2.40091 0
0.289074 2.57705 -1.39137 0
0.829333 2.37713 -2.77955 0
0.40945 3.20557 -1.93328 0
0.113141 0.838934 2.0404 0
1.67525 2.09746 -1.13414 0
0.079059 3.44626 0.818958 0
2.87757 1.91863 -0.265468 0
0.37945 0.764515 -0.103503 0
0.214344 -2.15971 -0.69543 0
0.440627 -0.956122 -1.24668 0
0.263953 0.41162 -2.06529 0
0.664831 -7.63566 0.0269988 0
0.274513 -7.02954 0.441588 0
0.176265 6.98865 0.267913 0
1.48767 6.87437 -0.175604 0
0.501408 5.82013 2.14263 0
0.409918 4.69897 0.497352 0
0.773858 4.06464 -2.66536 0
0.463705 2.89842 -0.50704 0
1.02475 3.07909 -2.4071 0
0.421181 2.58953 -1.49111 0
0.341861 1.40019 -0.769597 0
1.70432 -0.960217 -1.79594 0
0.716918 -1.37976 -1.0313 0
0.195515 -3.21711 2.06056 0
0.285787 -2.16493 1.03201 0
0.847572 -0.962433 -2.91792 0
0.266674 -0.640492 1.30826 0
0.456368 -3.98388 -1.0996 0
0.299113 -7.89822 0.491013 0
0.764437 -6.54728 -0.236927 0
0.0937368 -7.41535 -1.62439 0
0.873967 -5.86184 1.40259 0
0.285634 -2.03857 0.363007 0
0.369135 -2.63635 1.72322 0
0.22581 -4.47425 -0.39135 0
0.930284 -2.81878 1.61311 0
5.48831 0.605457 -1.62955 6.47304673097867e-14
3.09682 0.461109 -1.86445 6.87152907127258e-14
0.398632 0.481372 -1.75769 6.83228340965311e-14
5.54936 0.680244 -1.62383 6.22858945778688e-14
0.237598 0.42909 -1.82105 6.96132058362053e-14
0.426456 0.245568 -1.33594 7.36015027718741e-14
0.416331 0.0239314 -2.46637 7.49930566920767e-14
0.144981 -0.23787 -1.71618 7.21734934180549e-14
0.62955 -0.751637 3.11097 0
0.510331 2.15528 2.06263 0
0.691087 4.18391 2.22003 0
0.40436 3.76882 -3.10721 0
0.423579 5.29449 -0.706201 0
0.140058 -5.21385 -2.77224 0
0.804383 -6.13899 -2.09475 0
0.210978 -5.88249 0.807441 0
0.408287 -4.35515 2.84861 0
0.640128 1.54525 0.310008 0
0.15256 0.405835 -1.87738 0
0.236455 4.31692 3.0401 0
0.509658 1.93389 -2.79127 0
0.421417 2.27599 0.431032 0
0.523163 1.99438 -2.08607 0
0.318117 1.96455 -2.81088 0
0.572071 -1.84987 -0.687989 0
0.30366 -2.34775 -2.65463 0
0.135622 -2.93424 0.40703 0
0.633286 -4.03029 2.01088 0
0.362172 -6.39906 -2.25675 0
0.405467 -5.84036 0.106125 0
0.396441 -4.0081 0.155396 0
0.426444 -5.34565 -1.03071 0
0.245907 -8.2115 0.208399 0
0.0136257 -12.1971 -2.38767 0
0.252255 -8.46149 -2.18492 0
1.4285 7.25898 1.38183 0
0.176123 8.06233 1.1001 0
0.300006 4.44236 0.120523 0
0.340336 2.67202 -1.22969 0
0.461972 3.37746 -1.52385 0
0.321542 1.4682 -1.24628 0
0.627477 0.259057 -1.9011 0
0.25305 -1.58917 -2.99777 0
0.338652 -0.0445696 -1.93659 0
0.319243 -3.70818 -0.115456 0
0.107587 -5.83447 1.0698 0
0.353689 -7.07474 -2.21782 0
0.263812 -5.16105 0.479044 0
0.571339 -6.66344 -2.99276 0
0.0875643 -5.63103 1.77297 0
0.128513 7.47422 -0.614472 9.83339208403484e-09
0.202239 6.66263 -0.832132 1.13973215560494e-07
0.253209 -2.72031 3.01997 0
0.494041 -1.8848 1.69488 0
1.31087 -1.34535 0.0771799 0
0.199078 -1.29957 -0.202745 0
5.31176 1.57134 1.43161 1.45216438979869
0.30609 3.4949 1.24623 0
0.0416079 5.36721 0.371048 0
0.352129 -1.64559 -1.41058 0
0.124338 -2.95664 -1.38175 0
0.275293 2.04505 -0.0378282 0
0.383797 1.53946 -0.668361 0
0.194511 -0.282628 1.46641 2.38990693788672e-07
0.168043 -0.265177 1.56699 2.50615626440784e-07
0.144057 -0.365616 -1.96108 2.77097794128259e-08
0.167439 -0.888999 -2.16519 4.36678172572777e-08
0.476898 -1.21087 -0.832996 0
0.163204 -2.09189 -0.452213 0
0.580411 -2.09482 -2.26114 0
0.0524276 -4.28408 -2.17206 0
0.0421855 -4.02939 1.80204 1.10704462879868e-05
0.101786 -3.82634 2.11949 2.01598162679269e-05
0.392634 -1.77343 0.204581 4.93523886546258
0.0295302 -1.99894 -2.58093 53.204829414724
