47.9378 2.70118 -0.10346 1.40313742930399e-13
0.746575 5.69939 -2.51735 0
2.10325 5.3244 -2.30845 0
2.63389 5.46624 -1.4268 0
3.02796 -4.36618 1.35863 0
0.372082 -4.66679 1.04929 0
0.318171 2.25735 2.30648 2.11448183176143e-13
0.290833 0.512128 1.15336 8.35225553434729e-13
0.432191 2.36706 1.78338 2.71892659370634e-13
3.00877 -4.76726 -1.14651 0
2.94953 -5.08384 -0.727404 0
3.95198 -4.61485 -0.454972 0
5.16964 1.03749 -3.12933 1.40535563156335e-13
0.156887 1.7607 -2.24042 7.81890165322004e-14
2.7617 1.03824 -2.8469 1.05190554600599e-13
0.54911 -1.67782 1.7448 3.43512697990332e-13
0.950556 -2.23013 1.84897 2.64586701749038e-13
0.953553 -0.726288 -0.129581 5.68599234696829e-13
1.29365 -0.931231 -1.24674 6.21051486567088e-13
0.600662 0.543248 0.224298 8.45677455100561e-13
0.208641 2.97205 0.14824 2.87451470781569e-13
0.710755 0.919914 2.52727 5.31599148989956e-13
0.594235 2.08216 2.86167 1.27119779518087e-13
0.527224 -2.83685 -1.26258 0
0.872479 -0.246492 3.04143 0
1.10375 -0.455285 2.01169 0
0.189998 -1.42617 2.13186 0
0.141425 -0.6841 1.88622 0
0.295614 0.00463593 2.79574 0
8.27007 1.88136 0.957519 9.11897257719794e-14
0.282119 2.23613 1.16321 5.6364298546172e-14
0.47674 3.09879 -1.59422 1.11936889165939e-13
0.200662 1.36429 -0.395758 2.35880185646779e-13
2.71917 2.03642 -0.0956072 1.02992587246208e-13
0.580292 2.13388 0.437971 5.90300489965546e-14
2.15671 1.81104 0.166239 1.16555108669785e-13
0.706747 5.25692 -0.272485 7.10678140358594e-14
0.407803 5.42462 2.24258 7.38264703314923e-14
1.01414 4.83673 -0.283758 6.97920357443037e-14
0.624074 3.99905 0.000742075 6.07134617699598e-14
0.0990153 4.42576 -2.34896 8.66785486082951e-14
0.551771 3.67225 1.06578 4.92331499935697e-14
1.48359 1.52309 -2.70794 2.86320383893392e-13
0.347784 -3.10436 -1.41554 0
0.318121 -2.45085 1.54947 0
0.59155 -3.09869 -2.88488 0
0.391087 -0.263226 0.953249 0
0.267622 -0.645925 -2.40604 0
0.365355 0.301757 -0.777044 0
0.572686 4.06888 1.4354 0
0.121158 5.67936 0.097146 0
0.444933 -4.11957 2.38806 0
0.421436 8.08739 -0.440206 0
0.347458 6.79298 -3.01667 0
0.56607 2.32954 -0.658077 0
0.34507 2.15463 2.36919 0
0.124873 3.1118 2.65266 0
0.604685 -1.23241 0.962386 0
3.32497 -0.970414 0.102818 0
0.129347 -1.47282 1.84304 0
2.79209 -1.16409 0.514173 0
0.587625 -3.38862 -2.20644 0
0.52363 -4.05846 2.0333 0
0.144041 -7.24417 -1.06307 0
0.545119 -4.71158 -0.974418 0
0.991621 -1.81229 0.812722 0
0.696789 -0.10957 -2.4526 0
0.147288 5.92818 -2.22111 0
0.430412 3.54775 0.724679 0
2.07838 4.01913 -1.5676 0
1.18406 4.67351 -2.52337 0
0.471269 4.75803 -2.54563 0
3.13748 3.21491 2.74891 0
0.98832 1.74954 1.53568 0
0.66644 0.949231 -0.0569534 0
0.460261 1.79588 2.53765 0
1.00588 -1.51003 -1.37779 0
0.993586 -0.208248 -0.775219 0
0.37699 -3.54935 0.129677 0
0.154011 -2.70065 1.85925 0
0.469696 -3.6442 1.76216 0
0.165612 -5.03553 -1.04983 0
1.75437 -0.547324 2.3229 0
0.658581 -4.8672 0.164417 0
0.375188 -4.24777 1.41156 0
1.32036 -4.0809 1.65675 0
1.20634 -4.07463 1.14549 0
2.4873 -3.98297 1.57692 0
0.315498 1.22025 1.77038 5.2816348975721e-13
6.31122 2.45891 -2.89235 5.5233522503605e-14
0.563034 -5.99394 -1.50982 0
1.1192 -5.80251 -0.58971 0
0.393372 -4.38889 -0.639706 0
0.538107 -5.5933 -0.353601 0
1.67368 -5.49145 -2.20512 0
2.05682 1.28161 -3.10006 9.67024103276638e-14
1.76495 0.757723 -2.40993 1.81051557167201e-13
1.35783 1.26308 -2.34695 7.22948225350709e-14
0.487389 1.89762 3.01864 1.19194387900075e-13
0.296557 -4.52641 1.36569 0
0.582961 -2.28051 -0.900423 0
0.448069 -2.3634 -0.642979 0
0.92038 -2.13793 -1.15691 0
0.552 -3.0984 -1.02108 0
0.384697 -1.69053 -0.825801 0
0.228451 0.0634426 1.13001 0
0.506592 0.571024 -0.797505 0
0.15525 -0.78376 1.34292 0
2.44351 1.66142 0.694951 1.26026029621397e-13
0.113703 1.73285 -0.34863 1.62660407855796e-13
1.24721 2.07649 0.67762 5.97365414736847e-14
0.263335 1.53753 0.525708 1.53148124452215e-13
2.1673 2.1607 0.878748 5.10127128158301e-14
0.858677 2.40295 -0.685074 1.10997463197329e-13
0.30193 3.72956 -1.18317 8.58220344274775e-14
0.166015 2.23026 1.87503 1.07338677075623e-13
0.244241 3.26266 2.87015 1.01767618965921e-13
0.651874 2.13207 -0.153026 9.67349534839122e-14
2.21208 3.07021 -0.299885 6.41133871885911e-14
0.697693 4.42162 0.363583 6.21311541492174e-14
0.234068 4.46708 -2.28142 8.6003853706234e-14
0.30847 4.60881 -1.9033 8.33141732688236e-14
0.509019 4.17169 0.681574 5.75207280288847e-14
0.25219 5.26069 1.01184 6.86395559301953e-14
0.198162 3.12239 -2.84888 1.17757997595614e-13
0.465643 3.1448 -2.3295 1.1921134028814e-13
0.285141 2.52162 -0.248233 7.51049827532174e-14
0.369816 1.25041 2.23018 2.86807039137016e-13
5.54544 1.41107 -2.35828 3.10135205626624e-13
0.291697 0.328867 1.30203 0
0.293064 -0.987309 -1.51058 0
0.191018 4.28057 -1.48861 0
0.486512 -1.85281 -0.954106 0
0.20803 -1.07794 3.1074 0
0.169858 -1.34125 -1.26197 0
0.335568 0.63958 -1.43333 0
0.0943668 3.74695 0.0349876 0
0.264058 4.33958 2.85832 0
0.277568 5.69986 0.233908 0
1.23798 5.72812 2.53778 0
0.154996 7.17898 2.58303 0
0.521124 6.26027 -2.79932 0
0.0845826 6.97109 -0.749049 0
0.0653303 6.40702 1.61364 0
0.72495 0.508183 -2.68915 0
0.124453 -0.474027 0.190495 0
2.60684 -1.27711 0.374553 0
0.286531 -2.00799 2.10036 0
0.536723 -1.09403 0.0978452 0
0.10806 -3.79304 -1.41839 0
0.316081 -4.3765 1.9728 0
0.386918 -3.98191 -0.893424 0
0.209776 -4.17944 -0.489932 0
0.204892 -4.71717 -3.1015 0
0.252824 -4.70879 1.03519 0
0.267472 -7.35091 -2.4548 0
0.234361 -2.72689 -2.56131 0
0.602348 -3.22373 1.67521 0
0.12056 -2.31444 -2.10374 0
1.56598 4.1751 2.4717 0
1.38852 4.95565 2.99413 0
0.177628 3.27124 1.6996 0
0.631823 4.40379 2.96595 0
1.76063 2.8768 2.53541 0
0.623787 2.55701 -2.99137 0
0.268701 2.13025 -2.81232 0
0.943946 2.45451 1.97471 0
0.290541 0.978448 0.954087 0
0.912633 1.15375 1.56451 0
0.764441 0.797039 -3.04614 0
0.386354 0.91126 -0.0342882 0
0.338672 1.20286 2.55486 0
0.806952 1.10403 -1.19481 0
0.196935 2.09913 -1.06654 0
0.50052 -1.04659 -1.21634 0
0.695319 -0.701335 -0.392502 0
0.703782 -1.49615 0.0653482 0
0.274307 -1.44586 1.0054 0
0.282691 -3.28035 1.75263 0
0.276125 -1.67216 -2.7783 0
0.835561 -4.53093 1.95736 0
0.679754 -4.75807 2.91856 0
0.706786 -5.40656 1.17508 0
0.762819 -5.0396 2.4905 0
0.315415 -5.52205 -1.444 0
0.464685 -4.60002 2.25308 0
0.65121 -4.13827 0.612435 0
0.264416 -0.997695 -1.91843 0
0.198355 0.756534 -0.518981 0
0.375505 1.07961 1.39259 0
0.828084 0.104215 2.28313 0
0.216056 1.16641 1.45838 0
8.08138 1.75457 0.697274 0.580134933859176
0.386413 3.76869 1.44707 0.467433623655028
0.162881 3.10099 2.2156 2.14881827780059
2.54951 -4.8617 -0.86147 0
6.66769 -4.95926 -0.914028 0
0.413203 0.909909 -2.65524 1.29654107906884e-13
0.249999 1.34648 2.68882 1.73250792607308e-13
42.6886 1.10508 -2.51934 0.386075095480051
0.213884 0.291886 -2.52301 22.2023987398215
0.50471 -3.24499 -0.116213 0
1.77209 -2.95533 -0.469206 0
0.733201 1.49437 -2.14243 1.99061307083702
0.131487 0.81935 -2.66228 19.3032052899547
0.0626845 3.79975 -2.75185 9.66620376933265e-14
0.189301 3.7931 0.114467 5.59496292848951e-14
0.30753 -3.48115 1.15885 0
0.191687 -4.2096 -1.86006 0
0.758455 0.563037 -3.06815 0
0.478601 -0.104826 2.86629 0
0.456267 1.85482 0.321019 0
0.412537 1.91116 1.63759 0
0.534539 0.357846 -3.01445 0
0.0555125 0.866919 -2.07773 0
1.12352 1.35372 -2.0841 2.772788228718
0.029011 -4.9554 -1.26627 0
0.534756 -4.33892 1.74385 0
0.174349 -5.1635 1.07563 0
0.402086 -5.36184 2.61475 0
0.0653193 0.264581 1.8996 0
0.326421 -1.84497 1.11338 0
0.137507 1.70956 1.67398 3.44980717681809
0.776279 1.90483 0.82045 0.506442288480967
0.717768 -5.15303 0.35833 0.0258174875813977
0.103587 -5.08158 -0.579114 0.192222954012835
1.06431 -1.02257 -0.795115 1.61709119732926
0.0433995 -1.75676 -0.0922223 20.8279602235035
0.388 -2.42318 -0.414715 0.997578028518758
0.773297 -2.30935 -1.16012 0.558731177567489
11.2606 1.85814 0.928735 1.23494875730546
1.96245 1.91936 0.901173 6.68432664714401
0.233707 4.17299 2.43378 1.72224748593021
0.0740591 3.26376 -2.14617 13.4450616255037
0.325149 0.134482 -2.83845 3.75102981506056
0.169074 0.962154 1.70176 4.85839660002023
14.0015 1.83786 0.757298 1.01078271322577
4.20999 1.73369 0.691349 0.867475337287882
0.350933 3.34345 -2.50306 2.01072139748534
0.0790431 3.6635 -3.03615 6.53942089536
3.87133 1.0459 -2.54554 3.14003506280569
2.91381 1.09517 -2.58236 1.01565518343463
5.29399 1.12823 -2.51467 0.376550509888439
18.6011 1.74477 0.734412 0.422948972611845
11.4164 1.75095 0.736059 0.299972628595953
16.5495 1.77244 0.748254 0.289542515385619
2.64988 1.09279 -2.58566 1.19192653597962
0.840469 1.34806 -2.53572 4.16227940396162
5.48791 1.79674 0.751943 0.625336731104467
0.56529 1.82293 0.671094 4.03109108843397
