0.663926 -1.33071 2.67732 0
0.547211 -1.06643 -3.13445 0
2.90722 -2.8357 2.86372 0
0.31062 -1.84072 1.16149 0
1.08106 -1.42997 1.42955 0
0.299811 -4.57519 -0.176786 0
0.183256 -3.15996 1.67948 0
0.0217205 1.76828 1.65229 0
1.61925 1.39512 0.703143 0
1.87171 1.01745 1.36397 0
0.92942 0.305593 0.791153 0
0.445078 1.31534 -2.87169 0
0.607865 1.05512 -2.90763 0
2.34136 2.10905 2.70623 0
3.04143 2.75054 3.12692 0
0.84525 3.07686 1.88542 0
0.414887 4.05342 1.78888 0
0.895138 5.30151 -2.58734 0
1.12476 3.98739 -1.77154 0
0.581989 6.85591 -2.39238 0
1.21465 5.12567 0.976078 0
0.507052 6.78503 0.940253 0
0.426503 6.86744 -2.62049 0
0.432511 4.53001 -1.52369 0
0.192344 3.8003 2.32428 0
0.115408 5.12136 2.58353 0
0.728246 -3.52124 0.897285 0
0.4487 5.38118 -1.20459 0
1.50508 3.39191 0.00114901 0
0.142213 5.23084 1.83901 0
1.77937 3.35443 -0.381574 0
0.442597 1.15741 -2.77802 0
0.725648 -0.795723 -0.732681 0
0.0364193 -3.01573 -1.67906 0
0.730412 -2.17157 -2.61702 0
1.64036 -2.61686 -2.16568 0
1.24335 -2.94323 -2.4256 0
0.349625 -2.30261 -2.71568 0
1.34251 -0.562769 1.68869 0
0.676158 -3.979 1.95848 0
0.62325 -3.00142 0.347316 0
0.419034 -3.11632 1.76258 0
0.301626 -5.44821 -0.24795 0
0.68497 -8.05842 -1.27038 0
0.640969 -7.95997 0.0613484 0
0.531055 -6.00218 -1.29769 0
0.213818 -4.92612 -0.461896 0
0.897219 -5.06195 2.48791 0
0.663194 -5.64377 -0.322979 0
0.610019 -0.577177 2.57655 0
0.203932 -6.18082 -1.32306 0
0.178642 -4.35046 -0.635796 0
0.340509 -3.23865 -2.51524 0
0.175188 -3.21308 0.545344 0
0.450612 -2.27336 -1.55003 0
0.332507 0.779643 1.97777 0
1.5113 0.236928 1.64684 0
0.612103 0.292552 1.46622 0
0.543628 0.305067 -2.50162 0
0.248695 0.925052 1.80267 0
0.16961 -0.130365 1.80507 0
1.79273 0.96275 2.90721 0
0.53566 0.591147 1.49816 0
0.27418 1.24923 1.1944 0
1.27408 2.23099 2.60938 0
1.0034 2.27875 3.11602 0
1.23952 2.92026 2.71006 0
0.613653 3.1643 2.97801 0
0.907526 7.35686 -1.56494 0
0.583105 5.53373 1.79702 0
0.48236 7.18957 3.08701 0
0.747608 7.90131 0.902044 0
0.205746 8.20362 1.8213 0
0.653327 7.26618 -1.54386 0
0.0644125 4.64393 1.53607 0
0.250366 6.00282 1.85686 0
0.277924 4.21745 3.05928 0
0.534061 -3.37426 1.64007 0
0.198213 -2.48979 -1.05601 0
0.217645 -8.26216 2.85672 0
1.11746 2.91493 -0.25991 0
1.32401 1.72611 -1.2089 0
0.254961 0.499359 -1.39803 0
0.18877 0.964881 2.33271 0
2.02409 -1.15671 -0.32923 0
0.156051 -1.05015 -1.57758 0
1.81593 -1.44629 -0.16125 0
2.87827 -0.955119 -0.593968 0
0.207211 -1.71648 -1.10497 0
0.231989 0.22582 -2.05366 0
1.51155 -0.897588 -1.69427 0
1.12272 -1.10423 -1.35457 0
1.21401 -1.17985 -1.97753 0
0.175056 -1.43833 -1.36408 0
1.09611 -2.40223 -1.01577 0
0.650545 -2.38788 -2.03409 0
0.832211 -2.61947 -2.74733 0
0.559435 -1.49758 -1.78672 0
0.277574 -2.65814 1.15041 0
0.156379 -4.42499 -0.178574 0
0.230945 -4.59713 -2.08917 0
0.641626 -4.3058 -1.87419 0
0.198223 -3.51311 -1.58644 0
0.62653 -5.27867 3.08819 0
0.168712 -5.8731 0.791013 0
0.219096 -5.19112 2.5225 0
0.84652 -6.55176 -1.23407 0
0.353482 -4.16361 1.41651 0
0.692802 -6.92291 1.03972 0
0.166341 -6.22751 2.70194 0
0.251129 -7.44271 1.14016 0
0.122081 -3.20842 -2.45124 0
0.215961 -2.60613 1.348 0
1.17007 1.78253 1.03094 0
0.941111 1.44545 1.18957 0
0.251041 0.075057 0.854067 16.9503637414405
0.930434 6.03987 0.460624 0
0.234885 6.09446 -0.0947192 0
0.240847 3.87754 0.608648 0
0.00382719 5.76558 -0.200369 0
0.169397 -1.73828 -2.98597 0
0.44131 -1.28219 2.37532 0
0.609684 -0.294496 1.542 1.55475854525409e-08
0.370688 0.193234 1.80938 3.23385977917609e-08
0.293401 -5.52368 -3.08842 0
0.146841 -6.11699 -0.981378 0
