0.26773 -6.63515 0.837681 0
0.812527 2.00626 -2.07612 0
0.515437 3.10843 -1.28885 0
0.787846 1.44457 -1.43892 0
0.741462 -1.78441 1.32774 0
1.25178 -6.38708 1.50727 0
0.272615 -5.46219 2.20411 0
0.550144 -5.55791 -0.146459 0
5.9394 -1.75634 2.75589 0
3.32691 -5.73209 1.48541 0
0.667894 -4.75224 1.01667 0
0.236392 -4.79113 2.33268 0
0.525114 -5.10622 1.29083 0
0.402909 -4.5111 2.9824 0
0.623717 -1.23016 2.18217 0
1.04274 -1.88911 2.94502 0
0.443889 -1.18594 1.69083 0
0.151231 -0.652198 -2.59546 4.82809934088602e-14
0.438395 -1.18458 2.00274 6.21589544651684e-14
25.2836 -1.71743 2.64763 3.21358689169438e-14
0.896831 -0.936969 -2.54611 0
1.32764 -1.43244 2.35631 0
1.25593 4.92724 2.31927 0
1.48939 0.0662287 0.755001 0
0.755124 -1.73079 1.32726 0
1.24137 -0.766595 1.95397 0
2.77813 -1.14569 1.16705 0
0.109227 0.742025 1.62903 0
0.526574 -0.759777 1.10625 0
0.503644 -0.12559 1.16899 0
0.857267 -0.738881 -0.461918 0
1.49827 -0.971221 1.35602 0
1.61511 -0.467443 0.243413 0
0.791285 -1.00079 0.599239 0
0.83512 -0.267731 0.23648 0
2.5761 -0.470002 0.713415 0
1.21316 -0.681429 0.771555 0
2.93204 -0.516096 0.758663 0
5.98834 -0.679242 0.704852 0
0.504164 -1.0376 -0.289239 9.68592872714601e-14
5.19661 -1.03551 -0.10385 8.29619677099991e-14
8.17959 -0.365402 -0.345987 9.30241426139912e-14
1.05852 -0.11672 -0.752277 1.84922964082932e-13
4.01621 -0.290478 -0.380621 1.08803178906466e-13
0.186386 0.496058 0.0237096 2.12628103137575e-13
3.96278 -0.378315 -0.487506 1.1668958989989e-13
11.4787 -0.246614 -0.244183 9.5845097531801e-14
2.44724 -0.2478 -0.30567 1.03883271031323e-13
7.75579 -0.218287 -0.319497 1.10772889910982e-13
0.470875 3.41097 -1.77236 0
0.357533 2.91397 -1.46716 0
1.16998 4.73884 1.06533 0
0.5724 4.16464 2.93879 0
0.219769 5.69211 -1.15222 0
0.245914 4.65914 0.95139 0
0.950644 5.85291 3.05983 0
1.05631 4.35494 0.385929 0
0.267032 2.71203 2.53534 0
7.09611 1.65659 -1.56905 0
3.05021 1.6905 -1.55242 0
3.64468 1.61744 -1.5841 0
0.172271 1.98043 -0.902317 0
2.40897 3.02371 -2.41214 0
0.584859 2.20958 -2.19847 0
0.182394 5.40247 -1.80084 0
0.130952 4.97648 0.370169 0
0.579089 5.41923 -1.85819 0
1.06322 5.85289 2.27082 0
0.110761 7.05636 -1.52978 0
0.527499 -0.0275376 -0.527936 0
0.409694 -2.65944 -0.886741 0
0.45454 -2.84222 1.72762 0
0.517875 -2.31182 -1.64273 0
0.257068 -6.83685 -0.436927 0
1.05993 -2.10586 2.94492 0
1.53059 -1.81396 2.87415 0
3.95778 -1.68503 2.80815 0
2.57384 1.82617 0.09127 0
0.778538 1.65852 -1.05441 0
0.272255 2.05783 2.63439 0
0.562145 1.60438 0.758326 0
0.209259 3.33308 2.83476 0
0.390782 3.09147 1.14019 0
0.451811 -0.178749 2.12036 0
0.5473 0.391237 1.1357 0
0.204845 -1.14787 1.52974 0
1.38472 -1.41527 0.99455 0
0.740257 -1.12784 3.06372 1.35900789085076e-14
0.0774116 -1.77515 0.524622 5.07203735879551e-14
3.49149 -0.672792 -2.90283 4.01258916766163e-14
0.713401 -0.857176 -2.88759 3.24039350683917e-14
3.07451 0.0145514 -2.54306 7.17895603969594e-14
0.602411 0.84549 -2.53216 6.84395284727602e-14
0.232942 -0.0117694 -0.955207 7.01366630500161e-14
0.548082 0.597966 -0.723033 4.21931426201018e-14
1.51796 0.596253 -0.472905 3.87615955947978e-14
0.862186 0.590005 -0.996746 4.82522309347039e-14
2.53542 0.491818 -1.09882 5.45788669894813e-14
3.43255 0.482707 -0.80709 4.92540617497697e-14
2.53315 0.617633 -0.917873 4.52771626898553e-14
1.01661 1.89538 -2.96578 5.12018999748816e-14
0.995476 2.53174 -2.84404 4.31080947128191e-14
4.49111 2.31625 -2.94054 4.56074585479275e-14
0.632384 3.45756 2.87784 3.83672669039505e-14
0.227363 3.68121 0.373163 3.16256891192942e-14
0.890605 3.73572 2.58302 3.72683739922522e-14
1.34229 0.474 0.406747 0
0.390333 -0.189095 1.10119 0
0.148283 -2.36407 -1.44348 0
1.04293 -1.68061 0.779847 0
0.22686 -3.90226 -0.640079 0
0.458786 -1.72593 -1.03399 0
0.1547 -3.65207 -0.276581 0
0.328603 -3.06484 -0.596573 0
0.467914 -5.66347 -1.40861 0
0.694293 0.414765 -1.83821 0
0.931708 0.827027 2.92386 0
0.147231 -0.711275 -0.210243 0
0.457468 1.89073 -1.03706 0
0.419912 0.866572 -2.84408 0
0.0931562 2.88407 -1.23021 0
1.52206 5.24015 -0.39517 0
0.543443 6.10684 -0.366258 0
1.78117 5.12968 -0.755758 0
0.717034 3.52359 -2.4671 0
0.870764 3.92631 0.697476 0
1.02392 3.30132 1.23185 0
0.255608 -1.775 -2.57237 0
0.146789 -3.86202 -1.16317 0
0.455703 -3.55386 2.42057 0
0.575289 -4.34792 1.81535 0
0.40946 -4.44706 -0.778651 0
0.480092 -6.19349 1.4174 0
0.585799 -1.23719 1.53512 0
0.446679 -1.02947 -1.08809 0
0.685618 -0.991396 1.94874 0
0.270494 3.84918 -2.28441 0
0.3798 3.87341 -0.55515 0
1.32587 5.51105 -0.211216 0
0.242918 6.14674 2.5946 0
6.09303 2.8233 -1.82835 0
1.4691 2.91707 -1.91954 0
1.76433 2.62722 -1.87875 0
0.0858599 1.21746 -1.60183 0
0.480861 -7.63546 2.92387 0
0.325405 1.90113 -0.665228 0
0.474346 -0.338031 -0.0520609 0
33.4193 -0.612441 2.37559 9.30247856739039e-14
9.91638 -0.63069 2.39712 8.97533861788836e-14
8.43714 -0.637039 2.40924 8.84719076959749e-14
11.2582 -0.628819 2.34654 9.18371333993858e-14
2.54514 -0.6629 2.2605 9.11650943420578e-14
1.11579 -5.30104 2.91608 0
0.436493 -3.2603 -0.341109 0
0.406584 -4.29862 -0.444145 0
0.402472 -5.44748 0.711435 0
0.237871 -5.81771 -1.45957 0
9.31701 -1.69184 2.86971 0
17.6231 -1.6573 2.87733 0
3.21467 -1.71105 2.86053 0
7.04369 -1.66861 2.90449 0
18.4389 -1.65379 2.90111 0
0.711287 -6.22139 1.23872 0
1.54682 -5.57601 1.43735 0
2.48733 -5.36446 1.35051 0
1.3455 -5.10966 1.24871 0
4.93807 -0.944598 -2.06942 5.16799088071931e-14
2.40656 -1.27794 -3.01071 1.55780494300704e-14
1.55945 -1.41719 -2.72927 2.2938199053541e-14
0.872907 -1.02492 2.38477 4.07917661767017e-14
1.07277 -1.26741 2.78159 1.78598201138316e-14
1.44017 -1.91041 2.77488 4.53576502240905e-14
8.70219 -1.72062 2.54439 3.26358066899096e-14
0.969175 -1.69663 -3.05374 0
0.3615 -1.79759 2.66801 0
1.76834 -1.84297 -3.10923 0
0.557715 -1.45452 -2.51962 0
0.722168 -1.9161 2.75102 0
2.11482 -1.54674 2.65805 0
0.820923 -1.79938 2.69858 0
0.291088 1.35069 -1.53622 0
0.171801 2.10256 1.17452 0
0.567352 0.50994 -1.88309 0
0.712233 0.319736 -3.0096 0
1.02107 -0.591096 1.09683 0
0.649915 -0.5659 1.40509 0
0.36737 -2.22232 1.57205 0
0.475066 -0.711067 0.474389 0
9.55312 -0.612856 0.676383 0
4.42124 -1.09754 -0.119362 9.20224199374405e-14
8.33435 -1.13922 -0.229196 1.03256926788767e-13
0.612925 -1.3244 -0.329393 1.27917324640329e-13
0.583905 -1.48109 -0.131652 1.33948324643167e-13
1.65069 -0.891311 -0.0138127 5.7520171602255e-14
2.72668 -0.567899 -0.345834 7.63579408488744e-14
1.15591 -0.589193 0.0741553 1.09340823480936e-14
3.52241 -0.374143 -0.395711 1.00757585408318e-13
66.7991 -0.203763 -0.28203 1.08329180314341e-13
0.368157 4.46455 1.32557 0
0.559474 4.83716 -0.747941 0
0.596092 2.96539 -1.84868 0
2.62071 1.81369 -1.71904 0
0.696982 1.83179 -2.19784 0
1.38524 1.4636 -2.16342 0
0.530775 1.30389 -1.83663 0
0.698666 2.75375 -1.36572 0
0.566913 1.89166 -2.52771 0
0.278828 0.957583 -2.09763 0
0.608184 2.78115 0.694625 0
0.734625 5.4674 -0.685653 0
0.128498 6.06868 3.05727 0
0.403711 -0.951136 2.41503 0
0.386984 -3.72656 -0.12803 0
0.460815 -3.87738 -2.05611 0
0.567607 -5.61069 -2.93039 0
0.198203 -4.92409 1.14013 0
0.47794 -4.69242 0.417099 0
0.737524 1.39553 -1.32295 0
0.299107 2.04787 2.50274 0
0.546219 3.09442 -3.10195 0
0.124543 2.10198 -1.08005 0
0.187415 3.63844 2.17304 0
0.322115 1.69402 1.22191 0
0.439868 2.09076 -1.09829 0
0.178807 1.90449 1.00985 0
0.528031 0.193279 1.08678 0
1.03843 -1.34483 1.8518 0
2.42655 -1.67854 1.69488 0
0.865947 -1.50828 1.22189 0
2.0148 -1.94763 0.313515 0
0.402314 -2.36964 0.970442 0
0.943705 -0.169978 -3.02843 6.16134242528472e-14
0.202625 0.285055 -2.66307 7.45795826470463e-14
2.62624 0.0423339 -2.75541 7.07769319033414e-14
2.26522 0.316299 -2.6534 7.47044133756335e-14
0.503748 -0.187237 -2.37013 6.88985940561348e-14
1.13541 0.237489 -2.29304 7.47603335445313e-14
1.58256 0.146749 -2.87593 7.22376257274505e-14
3.29664 0.52165 -2.68811 7.41640670167474e-14
0.14041 0.321274 -1.99907 7.30504995722198e-14
0.654927 0.552433 -3.04857 7.45469568396897e-14
0.243667 0.0600598 -0.813956 6.68469697297534e-14
0.0785853 0.50796 -0.932701 5.02525365949233e-14
2.50648 0.632812 -0.539905 3.75813523851895e-14
1.81726 0.555913 -0.567542 4.19335142581093e-14
1.0008 0.471642 -0.991142 5.32104477538749e-14
1.06542 1.03333 -1.06343 3.3479975065835e-14
1.701 0.557426 -0.83106 4.61866348299994e-14
15.5357 0.591225 -0.978799 4.78041299606573e-14
1.21179 0.703371 -0.758325 3.7857527868171e-14
0.667807 1.68515 -1.18443 2.72358619499891e-14
0.31041 1.141 0.175775 2.02068323905486e-14
0.981205 2.40696 -3.10194 4.51657392965267e-14
0.900303 2.60133 -2.75103 4.21255487355178e-14
0.807201 1.05734 -0.580142 0
0.774959 1.58823 0.408366 0
0.133448 0.403059 0.989445 0
0.48666 0.808592 -0.680189 0
0.27412 -1.70932 -1.49189 0
1.21819 -3.5523 -0.776398 0
0.381831 -2.9963 0.659822 0
0.439016 -3.42872 -1.41054 0
0.810176 -1.50236 3.09432 0
0.722985 -0.79604 1.95367 0
0.160848 -2.9407 -2.91658 0
0.0827661 0.0920561 -1.22176 0
0.602982 1.96913 -2.34806 0
0.280556 3.45977 1.50048 0
0.875363 2.28911 -2.44141 0
1.77016 2.96125 1.69517 0
0.0789421 3.24105 0.315977 0
0.632141 3.07213 0.936321 0
0.723557 3.40348 0.113841 0
0.434799 4.06652 1.03503 0
0.109985 3.81022 -0.84711 0
0.341546 1.38243 1.67123 0
1.00396 2.16289 0.577286 0
0.441546 0.724395 0.784234 0
0.360554 3.01446 2.58655 0
0.375246 -1.46252 -0.473991 0
0.335066 -1.2274 1.94967 0
0.43199 -2.66617 -2.63192 0
0.715171 -3.94007 -1.03192 0
0.112697 -2.84998 -1.92428 0
0.813113 -3.64604 3.09326 0
0.207465 -4.33272 0.740744 0
0.318657 -1.81612 -1.83226 0
0.191992 0.556783 2.53987 0
0.674626 1.02212 -0.515001 0
0.307727 3.89978 0.499589 0
0.165681 2.62075 -1.42459 0
0.30536 5.50803 -1.54765 0
0.237049 5.42442 -2.26311 0
0.709817 6.28588 -0.26654 0
1.3816 5.91644 0.215242 0
0.40588 6.34631 -0.906872 0
1.58154 2.61056 -1.61615 0
1.2754 2.76767 -1.97992 0
0.625089 2.96491 -2.08936 0
2.43155 2.90971 -1.98813 0
2.14431 2.95678 -1.64053 0
1.45881 2.78583 -1.80113 0
3.23524 2.80406 -1.44769 0
0.17195 3.34086 0.592351 0
0.253085 2.54171 -2.42873 0
2.76658 0.104969 0.921253 0.0909777001644382
1.43423 -0.964248 -2.73811 0.0609175662193042
0.452728 -1.18561 2.36058 0
0.88448 -1.6357 2.70368 0
1.27433 -1.59263 -3.12896 0
1.80457 -1.42344 2.89434 0
1.27983 -1.41125 2.7311 0
0.127801 -1.91865 -2.61365 0
0.304912 3.099 0.170349 0
0.323448 2.37407 -0.238166 0
0.263415 1.05983 -1.77076 5.14062385129777e-08
0.105538 0.426979 -2.85632 7.29959396872615e-08
4.8246 -0.261059 -0.347165 1.07870365503671e-13
7.35281 -0.236804 -0.317042 1.07357604664468e-13
0.779095 4.73637 1.84066 0
0.36004 4.65683 1.03299 0
0.56912 2.84507 -2.3165 0
0.947459 2.91624 -2.93664 0
0.517098 3.20995 -2.73274 0
0.947795 3.83271 -2.84104 0
0.0730691 5.79803 0.632645 1.9702544266686e-08
0.0433847 7.53223 1.74853 2.73373552930502e-08
0.432865 -3.9872 -1.10063 0
0.0991536 -4.83268 0.901918 0
0.442094 -6.17127 2.15379 0
0.501328 -6.2308 2.66668 0
3.61799 -1.66407 2.6611 0.350614543589817
0.847512 -1.73584 2.56048 1.4061848992773
0.103724 0.799623 -2.16093 0
0.476313 0.650027 0.361055 0
0.242724 -1.61247 2.57277 1.02272920426374e-10
1.08705 0.230824 -2.32231 7.47699591095661e-14
3.93251 0.0800479 -2.40519 7.36864788898847e-14
0.792646 0.79558 -0.6905 3.21481511989507e-14
2.25897 0.478089 -0.760095 4.86601474848284e-14
0.570796 0.83992 -0.878151 4.44062489586632e-05
0.377663 0.837172 -0.883253 4.5059636393881e-05
0.230672 0.560836 -0.94953 4.94557701394767e-05
1.04896 0.551774 -0.948715 4.29775814309287e-05
0.0865289 3.14136 3.07191 3.97332945506559e-14
0.885854 2.7353 -2.66039 4.07276130258475e-14
0.122004 1.74107 -1.95856 9.7263462612714e-09
0.450272 1.57728 -1.29893 3.38388231232437e-09
0.343393 0.541229 1.46519 0
0.398113 0.94351 0.523387 0
0.0666729 -2.74562 -0.0354824 0
0.31996 -3.0132 -2.51334 0
0.422564 -3.33803 -1.73434 0
0.11354 -3.4916 2.58116 0
0.169748 5.60024 0.0226403 0
0.527739 5.78466 -0.312586 0
0.469344 0.211596 0.142168 11.2983231775783
0.230191 -4.46576 2.43667 0
0.131812 -5.88372 0.935581 0
0.202776 -0.995977 1.69282 0
0.0503068 -1.62462 -0.445712 0
0.503503 5.39162 0.135639 0
0.427324 5.55784 -0.0985556 0
0.329446 2.65189 1.12923 0
0.120072 2.46885 0.00848873 0
0.525954 2.96088 -0.836814 0
0.482938 2.83764 0.0204719 0
2.72496 2.78119 -1.76112 1.25851797414055e-07
0.965304 2.87087 -1.81218 1.13364496740714e-07
0.475408 3.43771 -1.89566 0
0.751933 2.73027 -2.09797 0
0.162202 -5.6704 1.25054 8.49866451920791e-05
0.503039 -5.65752 1.28733 0.000112840098722274
0.117546 -1.61505 -0.874118 0.876869526551007
0.128603 0.884394 -1.7405 1.47644817584529
0.0170599 -4.40222 -0.813584 9.89527768634526
0.535079 -1.61403 1.41561 4.94828690369974
0.28168 -0.0852563 1.58646 1.65775138819834
1.06312 -0.397218 1.00281 0.409075203841942
0.154857 -3.18753 2.17202 10.8749388537605
0.402039 -2.75345 0.375694 6.4327661020148
0.269816 -1.69957 2.64263 4.11534564026031
2.01796 -1.39196 2.92812 0.726366039716705
0.408757 -1.30716 1.73242 3.49689869612274
0.156172 -0.214166 2.48541 17.7369199665302
0.595629 -0.820837 1.2976 8.61094205933221
0.252267 -1.68579 0.714005 9.88326866229619
0.69646 -1.12167 1.90263 46.3574465602057
0.336712 -1.75534 2.46335 54.8688566239665
3.76571 0.194095 -2.41489 5.34371105119824
1.88641 0.139184 -2.55456 10.7563168062304
0.23207 3.48482 -0.0575846 5.4203077659604
0.502085 3.99872 0.913022 1.49686603004249
1.60532 -0.975121 -2.20137 0.00283717417994775
0.64443 -1.53888 2.89066 0.0202364159795777
1.07191 0.170163 1.03278 0.0067045888790403
0.14374 -1.73911 1.89378 0.00983921498644459
1.32628 -0.498171 0.697531 0.524003712779971
0.122827 3.6141 0.827991 0
0.301344 5.57653 1.46708 0
0.526481 5.30018 -0.307001 5.31734101611593e-08
0.494861 5.74493 -0.326745 2.76266198308114e-08
0.854968 -0.916023 -3.13081 36.2365789026878
2.22612 -1.1838 -3.09139 11.2634475059337
0.599909 -0.397429 0.494353 1.51475815255318
0.648554 -1.28817 2.91924 3.91135712202525
0.012489 -3.16608 -1.02224 33.2467132557864
