127.065 -0.870409 2.6932 0
0.172679 -5.86662 2.77417 0
0.114047 -6.60419 -2.5203 0
0.473738 -6.47505 1.16684 0
0.887669 -7.75115 1.45437 0
2.75535 -0.0764024 2.92979 2.20007921914178e-13
0.209647 1.10828 1.63439 1.45405942348225e-13
1.21671 1.81831 1.70149 1.29330085802388e-13
1.27739 1.81722 1.72549 1.27657126599322e-13
0.464097 2.40243 0.928686 0
0.29335 -0.684638 2.349 0
0.539956 -0.997409 0.0705623 0
0.58482 -1.64136 1.27884 0
0.450254 2.51307 -0.541788 0
0.891881 1.71401 -1.85881 0
6.1951 3.16667 0.335485 0
0.509912 2.07288 -1.85661 0
1.35145 2.42842 -2.27137 0
1.55904 2.30224 -2.52063 0
1.66737 1.79684 -2.97829 0
0.74267 1.77001 2.39885 0
0.346449 2.96381 -0.645665 0
0.167257 4.29425 -0.871516 0
0.112293 4.0255 1.50048 0
0.355748 6.36373 -1.71795 0
0.262157 6.53357 0.164586 0
0.446402 4.73507 -2.15095 0
1.27793 -4.40147 -1.01066 0
1.557 -2.55765 -0.99796 0
0.964383 -2.8144 -1.0452 0
1.88203 -2.96298 -1.02004 0
7.62721 -2.52476 -1.10452 0
1.02602 -2.89955 -0.55099 0
0.354063 -2.85625 -0.742747 0
0.601216 -2.87439 -1.6638 0
13.812 -0.897522 -0.143971 1.21552310470828e-13
5.48341 -1.2007 0.0750358 1.71231595789675e-13
0.689615 -1.66979 -0.809089 1.84932923567677e-13
4.19288 -1.37351 -0.246298 1.14487458488647e-13
0.279717 -1.74484 -0.441169 1.75800475746613e-13
1.50659 -0.778182 -0.358665 1.05423808584423e-13
3.10309 -1.02153 -0.599361 5.04958721632481e-14
3.41823 -0.67329 -1.06924 2.65462153143851e-13
7.61692 -0.887443 2.79737 0
6.8459 -0.892113 2.82859 0
3.12114 -0.114042 2.86976 0
1.58891 -0.331106 2.90622 0
0.53708 -0.00071272 -2.52398 0
2.20348 -1.06657 -1.76078 0
4.57718 -1.40971 -0.201042 0
1.99398 -1.50501 -0.782884 0
0.5956 -3.26277 1.75936 0
0.323255 -2.99731 -0.0252697 0
0.554989 -4.83777 0.802772 0
0.840105 -3.60702 0.574533 0
0.442149 -4.43134 1.08788 0
0.570002 -3.81554 0.279418 0
1.07132 -4.37838 0.318918 0
1.47241 -4.04475 0.777288 0
1.12626 -4.18389 -0.0785611 0
0.663071 -3.4373 0.239768 0
0.524845 -1.24235 -0.623063 0
0.946221 -0.7351 1.92589 0
0.816739 1.24445 -1.49548 0
0.346647 -1.11341 0.657519 0
0.44465 2.46751 2.64435 0
0.292015 2.13244 0.205582 0
0.471179 3.13856 -0.348639 0
0.315602 9.37722 1.38282 0
0.175253 3.26091 -3.11734 0
0.558819 -6.67161 -2.69755 0
0.478352 -6.81709 0.824842 0
0.193625 -2.76762 -0.632914 0
0.567283 -2.91308 -2.92831 0
0.561981 -0.452734 1.30511 0
0.447881 0.789486 0.502769 0
0.358595 0.671832 -3.01631 0
0.178733 1.65578 2.63548 0
0.144272 -3.76652 -1.76775 0
0.409984 -7.60589 1.06478 0
0.612269 -6.2943 1.51624 0
0.667395 -7.4515 -1.13298 0
1.13137 0.669895 -2.90916 1.41067479161697e-13
1.20962 0.968364 1.72215 1.42831670954125e-13
0.101209 2.01538 -2.82075 1.2316995802425e-13
0.193216 0.279643 -0.384629 0
0.632917 0.248781 0.112668 0
0.465936 0.519305 1.18437 0
2.84254 2.93456 0.214481 0
2.23894 2.9786 0.0242509 0
0.531958 2.62349 0.757921 0
1.16293 3.49979 0.632163 0
0.430206 3.60136 -0.313193 0
1.51158 3.83664 0.268829 0
1.03683 3.95564 0.774967 0
1.55357 2.66653 0.201286 0
0.305045 3.00088 1.00503 0
2.30688 2.16161 -2.10013 0
0.978319 1.6428 2.95641 0
0.51879 1.83522 2.73062 0
0.399148 1.15312 -1.74588 0
0.146813 2.6536 -0.169868 0
0.224377 -0.237653 -2.72278 0
0.844525 5.10474 -0.933792 0
0.11046 7.63589 2.80142 0
0.348048 4.98113 2.67479 0
0.302004 7.46495 -1.43226 0
0.527702 6.71813 -2.44746 0
1.04053 3.53202 -1.67831 0
1.93291 3.41091 -2.19195 0
2.38718 3.74694 -2.16462 0
1.01352 3.50795 -0.0195967 0
0.919685 4.02464 -0.609758 0
2.58941 2.97544 0.263416 0
5.46219 3.00437 0.320097 0
1.56968 -3.84878 -1.00366 0
0.0752994 -4.07425 2.87438 0
0.901946 -5.21452 -2.399 0
0.817733 -3.38387 -1.38303 0
0.31322 -2.58342 -0.201784 0
0.979879 -2.61717 -0.842944 0
0.014415 -6.50421 -0.67577 0
0.48772 -2.51999 -1.50071 0
1.2091 -1.68189 -2.1378 0
0.101385 -3.15847 -0.812727 0
1.06327 -1.14369 -0.268601 6.81379882876209e-14
0.782315 -1.07374 0.452793 2.82474847162214e-13
4.00667 -1.16961 -0.207993 8.83224197243656e-14
1.40259 -0.983506 0.142818 2.01292400950436e-13
0.351194 -1.46424 0.527688 2.82315606561699e-13
0.67168 -0.861217 -0.135996 1.31438895785752e-13
35.0257 -0.860019 -0.931953 1.81932211287656e-13
8.3529 -0.882548 2.82483 0
1.97909 -0.648758 2.88503 0
2.04816 -1.0669 2.80146 0
1.0528 -0.47697 2.2672 0
1.06362 -0.545604 2.50742 0
1.55315 -0.561429 3.08509 0
2.03249 -0.654007 2.69548 0
0.215889 -1.43776 -1.89393 0
0.0529403 -3.01303 -0.851165 0
0.619364 -1.24722 0.0923863 0
0.309892 -1.18004 -1.79908 0
0.215172 -1.3051 -1.25415 0
1.22212 -0.943465 -0.155398 0
0.0343561 -1.74335 -2.37412 0
0.773368 -1.7221 0.23117 0
0.927092 -2.03206 0.165871 0
2.18111 -1.60632 -0.295809 0
1.01268 -2.09075 -0.446714 0
2.76692 -1.58746 -0.151869 0
0.627057 -1.89441 2.46657 0
0.447484 -2.56015 2.89357 0
0.474854 -2.65642 1.55729 0
0.326352 0.965425 1.86985 0
0.333497 2.69209 -2.13289 0
0.326559 7.03875 -3.07027 0
0.518705 2.80722 2.1883 0
0.676142 3.89064 2.475 0
0.254878 4.02199 -1.93426 0
0.437257 5.07873 -0.00242226 0
0.526763 5.14614 -2.01156 0
0.202887 6.31252 1.33317 0
0.435973 5.96998 -0.204543 0
0.564646 -6.24664 2.35586 0
0.293006 -5.98963 1.91676 0
0.395977 -5.66673 2.08116 0
0.0980015 -6.31026 0.230868 0
0.311589 -5.42644 2.19228 0
0.290844 -4.07909 -2.08736 0
0.273956 2.94311 -2.81668 0
19.7095 -0.893665 2.68956 0
12.5687 -0.895815 2.66125 0
0.437522 -4.98154 1.50892 0
0.150577 -4.7944 -1.55802 0
0.29666 -5.68105 0.217406 0
0.229349 -6.77266 0.301491 0
2.44216 0.283977 3.10932 0.576202403449914
4.96008 0.0955847 3.06437 0.218867034801215
0.229612 0.343594 2.7285 2.38683747657373e-08
0.374241 0.0332175 2.78677 3.92597784480175e-08
0.018348 -0.0711407 2.53138 0
0.119802 2.45964 2.78879 0
0.108752 0.669109 -0.515958 3.66869305633896e-08
0.0561195 2.60563 2.94522 7.16560302163037e-09
0.236169 2.55806 -0.895693 0
0.228185 1.46279 -2.46065 0
0.730972 3.88709 -0.815939 8.40051484551527e-08
0.35822 4.36382 -1.06487 6.87521303522682e-08
0.0637408 -4.23057 -1.04275 0
0.985952 -3.02119 -1.43177 0
6.41938 -0.960344 -0.203182 9.62592495120114e-08
3.26661 -0.910819 -0.17991 1.35451608552673e-07
1.75839 -0.888874 2.85024 0
3.06371 -0.956723 2.87579 0
0.651884 -0.975076 -2.72522 0
0.435991 -1.30033 1.92588 0
0.359659 -3.90091 1.11691 0
0.123793 -4.32556 -1.91304 0
0.473989 3.82653 2.17957 0
0.343533 3.15019 1.91064 0
0.329684 3.66482 2.74167 0
0.317902 4.97151 -2.92388 0
0.142119 -7.31352 1.62935 0
0.139773 -6.45926 0.180062 0
0.526423 -6.69902 1.75825 0
0.210183 -6.89027 3.13509 0
0.125872 0.749676 0.403336 0
0.145724 0.792284 -0.953627 0
2.20504 2.89052 0.340793 0.59219761983669
1.38694 3.02904 0.529715 0.821094394513971
2.10398 1.70984 -3.05267 4.14816678233882
0.40492 1.92868 -2.74307 17.5046386527642
2.4036 1.67624 2.94929 6.81957767301208
1.46669 1.79596 2.76746 9.99042206503657
0.27599 2.00363 -3.04224 18.3319315972303
0.474509 2.79938 2.65846 4.8779808794158
0.427542 3.74013 -2.36844 6.64092217843039e-06
0.300223 3.64158 -2.51732 2.36463068463935e-05
1.68396 -1.00958 3.06852 9.23442966573128
4.58314 -0.938682 2.94796 3.57809457710004
0.756493 0.20577 2.54715 2.80370169383308
0.0761115 -0.431669 -2.68492 26.0214047089379
0.394328 0.267301 3.11236 0.533992933816258
0.235749 0.598907 3.09437 60.8114668013735
0.258835 0.860968 1.16904 47.1060438562761
40.7557 -0.876876 -0.186694 0.049125814167726
11.8816 -0.824045 -0.207895 0.172738754163415
0.485274 0.492304 2.50473 2.37280456020477
3.45336 0.0715393 -3.12521 0.205855989858651
0.0113198 -3.77179 0.134968 0.454251827742961
1.2598 -2.1932 2.57452 0.108072992308933
0.679347 0.454561 2.70446 15.5529472563467
0.0801556 1.01466 -2.15726 94.1745445509893
