0.798287 -8.72637 1.32004 0
3.90708 -4.70809 2.76729 0
0.364737 0.233633 0.400948 0
2.46437 1.09627 -1.57825 0
0.253015 3.47593 1.58935 0
0.289433 2.37265 0.723889 0
0.557563 -3.51013 2.9971 0
0.480283 -3.40653 -1.39711 0
0.288706 -3.82833 -0.674695 0
0.709922 -3.91424 -0.906637 0
0.575104 -3.1099 -1.55875 0
0.294444 0.0841756 -0.72356 0
0.74789 -0.051653 -2.50849 0
0.603859 2.20251 0.144003 0
0.298466 3.44002 2.41855 0
0.852051 7.98069 0.587439 0
0.759407 9.02078 0.65629 0
0.471498 -5.09967 2.12452 0
0.353955 -4.70681 -1.076 0
0.325655 -4.87498 0.0695864 0
0.193181 -2.99403 -0.630878 0
0.398129 2.54479 1.22188 0
0.328695 3.1217 2.38401 0
0.245353 2.73539 -2.04669 0
0.277263 5.57414 1.62595 0
0.283468 8.66634 -1.55759 0
2.90567 3.24248 1.8806 0
0.328586 2.44681 1.82003 0
0.190853 -0.0511089 -3.00413 0
0.418537 -6.02485 1.0096 0
0.323825 -6.47238 -1.88508 0
0.192368 -5.44761 0.878241 0
1.06975 -3.18645 -0.559382 0
0.675379 -2.97237 -1.64495 0
0.344902 -2.20979 -0.256391 0
0.519831 -4.64329 1.76526 0
0.522429 -2.53902 1.2026 0
0.517308 -2.65741 0.961585 0
0.27146 2.22672 2.68547 0
0.815468 2.42384 0.611442 0
0.516457 4.58812 0.683875 0
0.391959 4.54563 1.23321 0
0.195617 6.27709 -1.01167 0
0.378152 6.80081 -2.87298 0
0.124196 0.496002 3.02032 0
0.328517 1.7258 -1.85253 0
0.144189 4.49722 -2.30503 0
0.266822 3.94629 0.167626 0
0.170513 3.59092 -1.72658 0
0.174598 2.55257 1.95342 0
0.267773 -0.840354 0.384383 0
0.279214 -1.57644 -1.96107 0
0.0969158 -2.82205 -3.02304 6.27798017017561e-08
0.0759437 -3.03443 0.874989 1.25818676553301e-07
0.192533 -2.7297 -1.32439 0
0.242032 -3.18116 -2.7485 0
0.209539 2.91044 -0.31776 0
0.386156 1.63976 -0.609916 0
0.200078 -2.18054 -1.35066 0.207496484682241
0.161003 -3.33753 0.876226 0.0822490834894204
0.107409 3.34446 2.72702 19.9799482284981
0.22238 1.66769 0.714329 49.9986797095226
0.139772 3.02254 -0.257716 6.28791115010729
0.323924 2.24898 -2.42097 5.83053385670831
