32.7484 1.9007 -0.289494 5.02020485487186e-14
0.27145 -8.31628 2.47842 0
0.498292 -8.95515 1.55404 0
0.709483 -1.70826 0.372364 0
0.93859 -3.20431 -1.16035 0
1.56612 -3.35831 -0.545433 0
0.671238 0.310552 -2.61487 0
4.97395 0.948029 0.355883 0
0.525537 3.27421 0.0158527 0
0.231779 6.21734 0.816947 0
0.502414 5.02559 -0.805337 0
0.295437 4.99944 -2.87274 0
0.415521 2.48203 2.50088 0
0.13059 -1.45431 -2.64692 0
0.453567 -2.00859 -2.71483 0
0.229551 -6.49794 -1.97342 0
0.305734 -7.52498 1.63287 0
0.692954 -4.49871 -2.35335 0
0.591791 -4.24931 -1.16696 0
0.357501 -2.78185 0.201008 0
0.690125 0.0726848 -1.14585 0
0.59512 6.59627 2.82606 0
0.398389 8.0665 2.85538 0
0.721347 -8.14654 2.18437 0
1.02156 -1.66913 -0.130398 0
0.841837 -0.937696 1.4914 0
0.367648 -3.53507 -0.226313 0
0.318728 -1.41246 2.1547 0
2.90163 0.728817 0.590465 0
1.03268 3.6945 -0.294282 0
0.636705 2.8959 -0.595843 0
0.358239 4.26196 0.54485 0
0.979998 6.06845 -0.332328 0
0.142769 6.08269 -2.98436 0
0.162483 4.72702 2.09561 0
0.694283 3.56901 1.9833 0
0.268435 1.11218 0.826814 0
0.113343 0.060498 0.0256514 0
0.543766 3.77127 3.00061 0
0.374241 2.46003 2.60368 0
0.159274 -5.78415 -1.33115 0
0.92001 -3.90024 2.9699 0
0.591434 -3.82775 0.145509 0
0.0892707 -6.11967 1.47143 0
0.678779 -6.18175 2.49423 0
0.313776 -6.15908 -1.94057 0
0.557332 -7.09274 2.77917 0
0.161479 -6.87305 -1.15824 0
0.219886 -0.245774 2.1206 0
2.25433 0.0470511 -2.95749 0
0.322415 -1.07712 -2.50875 0
0.333649 0.401914 -2.68397 0
0.729694 3.85281 1.39966 0
0.704186 7.60556 1.55355 0
0.543222 4.96566 2.41435 0.0280106411459157
0.302668 6.83839 0.00116417 0
0.0688617 7.30212 -2.99021 0
0.0969508 6.88515 -1.18188 0
0.229689 6.49564 0.359699 0
0.200194 2.19346 2.32997 0
0.0985384 2.93664 0.184055 0
0.0978144 -1.64503 2.04959 1.06343983527059e-05
0.308922 -1.68168 2.04731 7.43867398458104e-06
0.194319 -2.31902 -0.600875 0
0.300918 -3.08118 -0.89077 0
0.304585 -4.43402 0.00948287 0
0.137737 -3.49094 1.10308 0
0.338171 1.19919 1.82062 0
0.133689 1.31643 -2.70116 0
0.0112833 -9.40794 0.529054 3.27042161567731e-05
0.0113601 -9.36547 0.323393 3.56359979904615e-05
0.0745349 1.19774 -1.65212 17.8692603322701
0.265357 2.38541 -1.30004 1.64969744507229
0.353285 -3.43207 -2.14342 18.3962975447556
0.338104 -3.66411 -0.897907 15.3053706653215
0.422527 1.63492 -1.63116 17.640843285069
0.184548 1.35527 -0.163514 52.0662398031664
0.447787 -2.90898 -0.444605 0
0.368804 -3.09177 -3.13704 0
