1.49291 5.9131 2.67093 0
0.968673 1.67721 -0.252684 0
0.583874 1.05134 -0.939097 0
3.20524 0.120488 -1.46104 0
1.72437 0.201572 -1.52388 0
1.64481 -0.289378 -1.72132 0
0.634618 0.10535 -2.5041 0
1.40179 1.01861 -1.42046 0
0.118907 -0.603577 -0.750346 0
0.674217 3.51188 -3.01307 0
0.192309 2.67404 0.716696 0
2.04099 3.34059 -2.05602 0
0.330409 1.39364 1.89649 0
1.19826 5.08781 -0.0129514 0
1.00812 0.929649 0.433099 0
0.407076 0.352922 0.572751 0
1.69653 -0.442405 0.942069 0
0.736357 2.42497 1.90568 0
1.29152 2.25686 1.73192 0
1.06622 1.69189 1.52578 0
0.654096 1.45016 1.96936 0
2.24438 1.95395 1.71827 0
0.907184 1.92628 1.24708 0
1.1029 2.14882 0.861637 0
0.874657 2.6598 1.38138 0
0.708129 3.25079 0.22367 0
0.406215 -2.6421 -0.24942 0
0.178874 0.57863 0.563198 0
0.470035 3.04771 -2.24267 0
0.366596 6.02167 0.824149 0
0.702976 6.70648 -1.15125 0
0.50551 2.28462 -0.950761 0
0.491983 1.68674 2.71657 0
0.85052 0.719512 1.87035 0
0.098624 2.13247 0.515964 0
0.334336 -0.887565 3.02399 0
0.76543 -1.6329 -2.60634 0
0.867622 -2.98633 -2.31239 0
1.25012 -2.71419 -2.12495 0
1.60505 -3.4142 -0.400199 0
2.57335 -4.86916 -1.26207 0
0.672957 -7.62274 -0.715473 0
0.6439 -6.19428 1.97804 0
0.946715 -6.50009 -1.13162 0
1.04008 -4.38936 1.03106 0
0.36394 -5.5219 0.340234 0
0.171158 -3.02378 1.31694 0
1.34731 -3.55995 0.654731 0
1.35938 -2.06324 -0.357981 0
2.2467 -1.62063 0.545363 0
0.862554 -2.08608 1.68779 0
2.23126 -2.4388 0.972763 0
0.122508 -1.05123 -0.341954 0
0.351688 -2.2696 2.61016 0
2.24342 6.15797 -2.53829 0
0.177296 0.589074 -1.41491 0
0.381189 2.12046 -1.70437 0
0.166952 0.717879 0.421436 0
1.73726 2.54734 2.94474 0
0.115143 4.34599 1.70709 0
0.844317 3.39426 -3.01918 0
0.188717 3.52754 -2.4589 0
1.34113 2.547 -1.61329 0
0.143219 2.90744 1.24426 0
1.41041 2.35556 -1.42818 0
0.254425 1.86446 -0.436968 0
0.227641 4.01266 -0.620347 0
1.30882 3.69632 -0.0758101 0
0.288868 6.07961 -2.72107 0
0.218317 4.06813 1.03159 0
0.882361 2.40902 -1.41041 0
0.345026 1.35779 -0.786481 0
0.0896898 0.69587 1.90086 0
1.19082 2.63766 0.789607 0
1.86855 1.50166 1.18658 0
0.720081 1.3428 1.13848 0
0.838883 2.0578 0.583605 0
0.592273 4.34704 1.87355 0
1.65639 4.51361 1.1079 0
1.02776 -2.86111 -0.111854 0
0.36392 -2.8705 2.36626 0
0.125747 -3.07433 1.2743 0
0.438404 -0.949166 -2.75819 0
0.314262 3.37295 -2.6276 0
0.131695 5.83043 0.31125 0
0.377589 0.923413 0.686471 0
0.233605 -0.82573 1.78082 0
0.915714 -1.44748 -2.68113 0
0.174418 -2.50594 -2.45815 0
0.124638 -2.60631 -2.13582 0
0.456324 -2.63886 -1.13479 0
0.440131 -4.55066 -0.743118 0
1.60311 -4.84442 -2.30292 0
0.674287 -5.51592 -2.23696 0
1.30191 -5.05628 -2.81624 0
0.322399 -5.68687 3.06199 0
1.9787 -4.62265 -2.97816 0
0.337808 -8.12308 1.38022 0
0.340619 -6.56957 1.97815 0
0.227549 4.27471 -1.75678 0
0.110319 -6.55938 1.11354 0
0.422264 -4.02653 2.85567 0
0.539437 -5.22542 -2.83775 0
0.667895 -5.9734 1.89305 0
3.48002 -6.116 2.53413 0
0.856067 -6.10359 2.52182 0
0.408517 -7.58386 -3.13905 0
0.104434 -6.50583 -1.71689 0
0.0814562 -6.02724 -0.639591 0
0.292974 -6.7115 2.94106 0
0.239344 -5.00678 2.21717 0
0.676004 -3.31652 -0.855849 0
0.116444 -3.53573 -2.10896 0
2.47147 -2.56104 -0.832154 0
0.464839 -2.03021 -0.50365 0
0.696678 -2.11376 1.53942 0
0.748338 -2.58659 2.15109 0
1.07644 -2.27981 1.98434 0
2.36846 -1.73153 2.09299 0
0.607084 0.558225 -2.6656 0
0.232275 0.584772 -1.84392 0
0.196903 5.15188 0.685966 0
0.190469 4.60939 -0.377873 0
0.374353 0.747551 0.683031 0
0.33964 0.121155 0.115393 0
0.709056 1.5384 1.22665 0
0.0889608 1.90626 2.20625 0
0.145934 3.86913 -0.0494695 0
0.0359884 6.73248 -0.301788 0
0.0580674 -1.13503 0.77534 0
0.111533 1.28839 -1.70455 0
0.307039 -3.09317 2.65804 0
0.248229 -3.19052 0.532653 0
0.432027 -1.85848 0.388141 0
0.400017 -2.19855 -0.579997 0
0.419882 -1.48851 3.09698 0
0.137957 -2.09075 1.78284 0
0.0391569 -1.74442 2.1158 6.44593217056171e-08
0.295822 -0.791112 2.42329 2.55497339368514e-08
0.667119 -0.969195 2.44852 1.46669894253325e-08
0.400084 -0.842984 1.95446 3.28220641968337e-08
0.169544 -0.493627 -1.13442 0.546047041998738
0.283534 1.4752 -3.09813 0.261420668646852
2.63846 -0.0306466 -1.52473 7.56931457829409
1.33035 0.100077 -1.69399 14.9274176831255
0.194415 3.64631 2.4437 19.3779763897575
0.859482 2.9085 3.06798 9.14495999560483
0.968423 1.68886 1.5548 5.72899330032193
0.316953 1.28213 2.02954 25.2424227999225
0.151583 -1.68559 -2.20166 0.51449691057728
0.292839 -1.13525 0.217431 0.43341573215978
0.212815 0.16415 -2.84067 7.86684417102399
0.214526 0.279533 -0.250727 7.61113019247128
0.398304 3.40512 3.01035 4.38820663763349
0.059572 5.23548 -1.31697 4.71029948333214
0.254985 2.0833 -0.9317 16.8663475516628
0.426407 1.5594 0.270774 16.5443047698012
0.239812 -3.05264 -1.16508 4.08769635576941
0.393653 -3.96033 -0.48895 1.00811235481815
2.25954 5.28267 1.91531 0.0474635261598326
1.51528 4.72325 1.45287 0.108824492799074
0.525153 3.21646 -0.899433 0.0348026246282748
0.767351 2.72797 1.25912 0.0485551550649708
0.166893 5.38468 0.386036 0.034729386657333
0.206338 5.62497 0.287033 0.032135094810706
0.406174 5.17228 1.12157 0.041330775957102
