8.02257 1.24885 0.962493 3.2390514258799e-12
1.71149 0.340236 -2.59557 3.64254059464342e-13
3.52934 -0.456174 -2.91114 1.92603268763266e-13
0.220436 2.1459 2.33263 2.90878925881643e-12
1.10581 2.25939 -0.949891 8.85525593530653e-13
0.84392 2.42646 0.246136 1.04778180264499e-12
1.06417 2.98405 -0.841069 1.15411159477746e-12
1.32681 1.97291 0.22425 1.02099273528733e-12
8.92684 3.41824 2.19126 0
11.8145 3.34447 2.15437 0
3.95292 2.81946 1.95854 0
19.2333 2.88685 1.99573 0
9.10542 2.88532 1.96258 0
35.0801 2.89413 1.97964 0
3.56595 -1.50347 2.6104 0
8.022 -1.67051 2.70176 0
2.67798 -1.55503 2.94 0
0.741574 -1.18281 3.00747 0
0.520895 -3.55551 -0.633428 0
0.68732 -6.60015 -0.766109 0
0.392992 -7.37545 -2.68186 0
0.84881 -7.96139 0.44098 0
0.189668 -8.53912 -3.01412 0
7.53575 -1.01018 3.06773 1.94630564426845e-13
12.1901 -0.983646 2.97122 2.19386837616421e-13
3.01398 -1.00721 3.04932 1.99249942103732e-13
1.31852 -0.974588 -0.675179 3.81252999743571e-13
3.02478 -0.424459 -1.23511 3.77085093325859e-13
12.7826 -0.535751 -1.06755 3.84567858333898e-13
7.94221 -0.551732 -1.02298 3.88105791590688e-13
0.436663 1.71535 0.832047 0
0.480852 2.87005 -0.548253 0
0.394148 1.76944 -1.58516 0
0.139131 3.57697 2.00283 0
0.0253694 3.8384 -2.72204 0
0.500487 6.73959 0.417273 0
6.12452 -1.01948 -2.73094 5.68674800122725e-14
12.6445 -0.906577 -2.57209 2.32774323854664e-14
12.5152 -0.837476 -2.55381 3.81082391840157e-14
13.8301 -0.898138 -2.56993 2.46856841967317e-14
7.12137 -0.837311 -2.66743 5.56646202894326e-14
22.7195 -0.865528 -2.5389 2.93531703759035e-14
0.989447 -1.54372 -2.53294 1.17569558611917e-13
0.606837 -0.978729 0.193436 3.87942451764613e-13
9.35532 -2.6625 1.93866 2.73847644114494e-13
1.15867 -2.49768 1.92785 2.77124135787021e-13
7.79755 2.91938 1.95962 0
1.21633 3.02846 2.40228 0
0.271362 2.64074 -2.30997 0
0.145122 1.76533 1.83165 0
0.504087 1.69495 -0.671646 0
1.03922 1.87335 -0.2459 0
18.3333 1.83215 -0.447455 0
5.54602 1.32637 0.963529 3.06452411876811e-12
0.736269 1.9298 -0.478155 1.39501496773288e-13
2.25023 2.24653 -0.820547 7.26647300602595e-13
7.53436 2.1757 -0.920215 8.29002060484858e-13
8.78289 2.25555 -0.829152 7.40702194497854e-13
1.10288 3.43136 2.51594 0
1.99891 3.46174 2.25 0
0.692954 3.50196 1.62403 0
1.24746 2.51708 1.95477 0
2.64121 2.93534 1.97566 0
0.837391 2.42878 2.15049 0
8.30674 2.86902 2.00634 0
2.33693 -1.85108 2.54187 0
0.791812 -1.70616 3.00424 0
0.216747 -1.70299 2.90033 0
2.38674 -1.71299 2.557 0
1.59986 -1.57272 2.99587 0
1.06691 -1.71895 2.9171 0
1.74256 -1.27132 2.92644 0
1.23997 -1.15127 2.54791 0
0.344273 -0.980128 2.71719 0
0.430952 -0.872587 -2.07097 0
0.761874 -1.19726 -3.11119 0
0.812841 -0.58815 2.76749 0
0.292105 -2.97575 -0.665952 0
0.749438 -3.56201 -0.0372589 0
0.310476 -2.86043 -0.993538 0
0.420128 -4.85253 0.10619 0
0.408802 -4.03314 -2.95007 0
0.493989 -9.20147 1.01528 0
2.64734 -1.10833 2.86378 2.33868968731809e-13
1.34426 -0.348655 -1.14817 3.97844354916103e-13
0.089546 2.16685 0.832263 0
0.220919 2.30262 2.5872 0
0.434343 1.18075 1.38597 0
0.21687 3.07845 2.51932 0
0.0655979 2.3826 -1.67124 0
0.589416 7.72589 0.476844 0
17.6616 -0.875674 -2.63987 4.2706824259705e-14
3.91963 -0.879659 -2.53099 2.50090564969856e-14
0.206991 -0.377286 -2.85317 2.05273555667394e-13
3.76108 -0.896309 -2.46407 2.38898069289225e-14
0.523727 -0.626394 -2.90349 1.48823052710841e-13
0.879679 -0.514705 -2.75997 1.53598164789998e-13
0.2888 -3.17716 0.779136 2.8405703905628e-13
2.25502 -2.42826 2.21562 2.64929601004567e-13
1.0605 -2.82931 1.70272 2.78378929778728e-13
1.92992 -2.83681 2.21488 2.62417589664153e-13
2.14868 2.83926 1.97789 0
10.4644 2.96009 1.99155 0
0.153803 1.08546 -0.707649 0
1.40005 0.791583 0.894953 0
3.1536 1.82883 -0.307101 0
15.765 2.12813 -0.7953 6.48338672588928e-13
5.18881 2.1585 -0.827633 7.01211870204339e-13
3.87763 2.21745 -0.852946 7.65754323063368e-06
1.71295 2.21745 -0.853363 8.70402329269642e-06
0.371571 -0.846659 -2.55108 5.38477423712671e-14
0.144098 -1.46415 -2.99451 1.54063146439911e-13
0.0993626 -2.88018 -0.571397 2.92390786005919e-13
0.0299083 -1.88086 0.710173 3.64392041388724e-13
0.151733 0.335532 0.971778 2.4007530961743e-07
0.0770393 1.64372 -3.06857 7.21960162926258e-08
0.315405 7.95065 1.94131 0
0.0777675 9.15785 0.177845 0
0.380329 -1.95948 1.3528 3.19684241659941e-13
0.533748 -2.50963 2.0097 2.73435739057627e-13
3.90484 2.93827 1.97444 0
0.991827 2.85463 2.01244 0
1.17212 2.97411 2.23379 0
0.350802 3.2155 1.84464 0
1.28996 2.8426 1.86599 0
0.188183 3.03857 2.2075 0
0.205934 1.2936 -0.359175 32.42552397604
0.2445 1.8163 0.817886 0
0.0234882 3.08252 -2.95155 0
13.3568 1.77439 -0.330039 0
1.66728 1.72441 -0.328824 0
27.7595 1.84376 -0.426431 0.126309073757895
9.19351 1.83629 -0.419456 0.156246894336756
2.46054 -1.16994 2.97439 4.66812554475115
0.766684 -1.18142 2.70064 14.883098826393
4.16935 1.77118 -0.32837 2.22180095428502
11.0192 1.73093 -0.369313 0.875788400276734
1.27756 0.887067 -2.51118 0.721355828987679
0.88918 2.14774 0.865487 0.960256185426603
0.322655 1.86809 0.680052 3.45172952507933
42.032 1.82542 -0.448053 0.0807939754088447
14.4399 1.8423 -0.454696 0.117220105599963
22.5497 1.83093 -0.425276 0.11511266492954
1.96457 -0.0558087 -3.02329 0.200755057951916
11.4702 1.85146 -0.466137 0.257435064320372
6.91983 1.84734 -0.392323 0.411316188547168
3.03135 -0.292237 -2.90004 1.61767945359887
0.517971 -0.526846 -2.99907 10.3718972516227
