1.73787 4.05756 3.0102 0
2.03334 1.55826 -2.81755 0
0.716095 1.23231 2.76253 0
2.22784 -1.93363 -0.74476 1.01236240332263e-14
1.10265 -1.24736 -0.917118 1.65449724174144e-14
10.662 -1.75367 -1.30704 5.12745568687269e-15
0.939736 -1.37573 -1.31888 1.06960745350239e-14
4.60743 -1.81475 -1.09237 6.97512305344874e-15
1.12063 -2.26117 -1.73099 2.98304264685733e-15
0.252883 -2.21683 -2.01675 4.73523978663103e-15
0.0799977 -3.10194 1.46281 1.53913212941019e-14
22.4795 -1.29145 1.57319 2.31626501314039e-14
0.812766 -1.40531 1.90254 1.11513458241845e-13
9.19658 -1.24471 1.74844 6.85478562952002e-14
1.31013 -0.248939 1.49943 3.6454887158274e-13
1.00583 0.371768 0.925436 5.23777895744587e-13
9.67667 -1.87728 -2.06281 7.17021551796965e-14
1.06063 -2.16444 -1.48514 1.81177653309855e-13
0.403342 -2.76296 -1.6773 2.05947667791177e-13
0.783962 -2.82479 -1.05072 3.02395476053127e-13
1.67034 -2.19611 -2.76322 2.58039802401004e-13
1.05111 -3.23664 -1.6408 2.66339432406958e-13
0.36269 4.14786 0.333164 0
0.53296 3.14623 1.04249 0
0.544846 4.2063 3.04825 0
0.246063 5.86337 -0.189202 0
0.202919 4.3146 -0.405484 0
0.804416 3.97008 -2.82742 0
1.19802 2.31584 -1.92796 0
3.33971 1.14016 0.133019 0
0.877002 1.79347 0.377574 0
0.818743 0.619305 1.1342 0
0.579339 -0.220931 0.369369 0
0.67059 0.323386 1.01168 0
1.82571 0.425062 1.28356 0
0.0511018 0.477759 -2.11782 0
0.459878 1.02858 0.130195 0
1.44309 -0.111541 -1.29402 0
0.209009 1.72187 0.313273 0
0.899192 -0.679332 -1.58539 0
0.792719 -0.914037 -1.15528 0
0.711997 -1.73442 0.604475 0
0.570699 -1.97885 1.42334 0
0.695144 -3.77546 3.13266 0
0.806263 -3.38319 -3.10358 0
2.58834 -4.26093 2.55466 0
1.17078 -3.69493 2.98839 0
1.02434 -4.47518 2.28623 0
0.675855 -6.08561 2.67155 0
2.2453 -6.11919 2.8884 0
0.754013 -5.59842 2.33086 0
0.933033 -2.55317 -1.11127 0
0.371683 -1.50841 2.90056 0
0.289878 -3.47486 2.80494 0
0.63779 -3.28165 -2.94539 0
0.28812 1.47934 1.86035 0
0.117337 4.19319 2.84836 0
0.485665 2.9126 -0.810761 0
0.375399 6.44367 -0.0415759 0
0.4596 9.25153 2.27701 0
0.707423 8.28941 1.22246 0
0.169211 8.96343 -2.83303 0
0.624027 2.15019 0.726384 0
0.405182 2.74013 -2.48523 0
0.108085 0.482641 2.44991 0
1.2525 -0.749899 -2.18604 0
0.795053 -1.61664 0.947132 0
0.263026 -2.2059 0.890376 0
0.28133 -4.17044 -1.31864 0
0.872449 -6.49833 -1.79345 0
0.655179 -1.96986 -2.66136 0
1.81116 -1.64064 -1.07976 0
0.350671 -1.20269 0.619108 0
1.67199 -2.08435 -0.954483 0
2.41234 -2.21973 -1.09003 0
0.391628 -2.72423 -1.26325 0
0.299324 -1.42866 -1.13532 0
0.432404 -2.83946 -2.49893 0
0.136399 -4.90492 2.4706 0
1.1298 5.80773 -1.95739 0
0.263845 1.07105 1.28923 0
0.24955 -1.38052 1.03374 0
0.721113 -4.59524 1.29837 0
0.244768 -6.78208 2.70174 0
0.181545 -0.83325 -2.4691 0
0.180722 0.473822 -2.38291 0
0.16102 2.3508 2.39241 0
0.344858 2.66062 0.792023 0
2.64356 2.36793 0.708405 0
0.76615 3.43787 -0.00572258 0
0.693766 3.37278 -1.3028 0
0.334179 0.870374 1.36824 0
0.584302 -0.242557 1.37485 0
0.636222 -0.117152 0.784137 0
1.15311 -1.97299 1.75988 0
6.24174 -1.64245 1.53334 0
6.95713 -1.75411 1.58941 0
0.133728 4.5972 -2.37682 0
1.38562 3.66334 2.19975 0
0.488507 2.4633 2.45647 0
0.686433 2.79735 0.84345 0
0.478294 2.61692 -2.12876 0
4.5941 -1.70681 -1.21484 6.58103877531197e-15
5.74704 -1.74817 -1.05996 7.89010921580826e-15
2.07425 -1.62354 -0.914345 1.08059933817842e-14
3.77938 -1.7013 -1.17858 7.02784539742436e-15
1.93272 -1.65677 -0.958434 9.94187666524045e-15
0.707782 -2.05184 -1.65006 7.49801414654969e-16
1.10762 -2.04645 -1.61669 6.23230312350465e-16
1.86611 -1.61373 -1.30518 6.86043498247456e-15
0.373607 -2.79102 -1.35975 6.76157733311909e-15
0.404451 -1.38592 -1.63486 9.47490086334943e-15
14.655 -1.32923 1.65083 4.59807730089197e-14
5.36923 -1.25805 1.65361 4.21130394301371e-14
1.33998 -1.32104 1.39818 3.50799411076753e-14
0.840443 -0.94195 1.69108 1.12422386209447e-13
0.541113 -0.750735 1.83724 1.98987285944482e-13
5.77804 -1.83756 -2.04072 8.63076440038323e-14
1.06182 -2.1249 -2.07051 3.71357258234507e-14
3.86779 -1.71818 -1.88961 1.49114634326757e-13
0.802969 -2.11082 -0.975935 3.47068033432038e-13
0.552833 -2.80011 -2.69247 2.59318917124645e-13
1.37939 -2.88968 -1.65347 2.25904878656142e-13
0.877979 -3.30534 -1.29936 2.9587988302162e-13
0.257819 4.79192 -3.0984 0
0.937135 3.61192 2.46306 0
0.224303 3.17413 -0.772601 0
0.483819 4.58251 -1.45834 0
0.558821 3.21704 -2.58386 0
0.761036 3.69915 -1.74485 0
0.40174 3.40317 -2.13434 0
2.14 0.827963 0.945148 0
2.70589 0.265533 -0.548197 0
0.924794 0.520826 -0.0503343 0
0.616496 -0.142766 -0.981405 0
1.71591 -0.129038 -1.80127 0
1.88186 -0.237178 -1.54466 0
0.346836 -1.53332 -1.03237 0
0.608489 -1.71898 0.0651207 0
0.0762885 -3.84165 0.773925 0
0.452051 -4.81068 -2.4296 0
0.0472304 -5.44727 -0.814425 0
0.315857 -4.85913 -1.12894 0
0.453683 -4.33617 2.05462 0
0.27284 -4.25796 1.60401 0
1.31976 -5.77303 2.96385 0
1.90398 -6.13041 2.99106 0
0.411178 -4.88411 -1.52645 0
0.406127 -3.53928 1.07153 0
0.282917 -1.6115 -2.78623 0
0.745952 -0.101254 2.22065 0
0.48787 -2.77099 -0.505911 0
0.271364 5.52859 -1.31194 0
0.370259 3.92199 0.82304 0
0.409007 5.30356 1.88424 0
0.146714 3.62754 2.71221 0
0.402714 5.51784 -1.98132 0
0.223559 4.54998 2.60558 0
0.549959 6.22131 0.886991 0
1.09723 5.39963 0.59145 0
0.420564 4.14544 -1.61456 0
0.0713307 -4.77166 -2.51275 0
0.444199 -3.37281 1.61887 0
0.316004 -6.25999 -2.20235 0
0.722731 -5.41611 -0.799418 0
1.34997 -1.72734 -0.505606 0
1.39598 -1.92984 -0.755529 0
0.939061 -1.8255 -0.434778 0
0.417765 -3.35227 -2.70953 0
0.366906 -4.5025 -2.90605 0
0.308391 -6.09525 -0.55859 0
0.532959 -6.43771 -2.36783 0
0.258253 2.38998 -1.92308 0
0.67242 2.42484 -0.458692 0
0.626446 -0.416047 -2.31725 0
0.335981 0.525338 3.02759 0
0.32075 0.11689 0.53494 0
0.300435 -2.15442 -0.398011 0
0.408227 -1.67103 -2.11154 0
0.420852 -2.12014 2.49235 0
0.43384 -3.30354 0.306778 0
0.237539 -4.88901 -2.0898 0
0.338349 -5.62544 -0.269811 0
0.278737 -4.23537 -2.28745 0
1.48226 -4.39054 -1.12284 0
0.33511 -3.29537 -1.85764 0
0.13751 -2.46958 -0.690944 0
1.32271 -4.12826 -1.1896 0
1.20865 -0.332693 -2.85342 0
0.679716 -0.458172 2.82047 0
2.10734 0.274389 3.09809 0
0.197001 0.556828 2.02408 0
0.502821 1.39652 -2.28398 0
0.638991 0.365215 2.96364 0
0.357191 1.33306 -1.55798 0
0.546499 2.34164 1.28618 0
0.0437663 2.05441 -0.976957 0
0.421737 2.2884 0.1259 0
0.211655 2.18522 -0.352425 0
0.364196 3.42835 0.430817 0
0.313387 3.39269 -0.673806 0
0.224282 4.96769 0.710415 0
0.157159 3.64151 2.66944 0
0.528589 4.70473 -2.7323 0
0.553195 3.43589 -2.95449 0
1.29241 1.55835 2.90097 0
0.530271 1.84104 2.05977 0
0.162078 1.49325 2.60766 0
0.608871 -0.131436 -0.0748778 0
0.123387 1.67006 -1.65582 0
0.650472 -0.401211 0.774445 0
0.213271 0.487157 2.64765 0
1.39037 -1.03931 1.46149 0
1.01307 -0.985258 0.611839 0
12.8477 -1.75179 1.58444 0
1.17001 -1.88587 -1.1534 0.796764041432731
6.86495 -1.4054 -1.00626 0.394295748780513
0.900143 -1.06519 -1.16835 1.8300328715496e-14
0.923912 -1.39749 -1.00022 1.3052550818703e-14
0.866618 -0.150577 1.02275 4.24649660935292e-13
0.765236 -0.00501824 0.688123 4.90017525514821e-13
1.26907 0.145013 0.620986 0.462258116702894
7.58138 -1.75023 -2.09226 3.1027777437666e-11
4.20925 -1.71102 -2.10355 1.51466903587705e-13
7.62833 -1.72052 -2.07859 1.44013852146343e-13
0.826585 -2.38289 -1.30514 2.36194849795917e-13
0.891423 -2.54987 -1.40026 2.23208906884922e-13
0.797891 -2.32071 -1.24644 2.5150469255402e-13
1.63313 -2.25189 -1.10626 2.93866057010837e-13
0.146272 4.90211 2.57397 0
0.391473 3.09781 2.37984 0
0.0329893 6.40679 -1.94421 0
0.631846 4.47636 -1.17498 0
0.609605 0.624094 0.189196 0
0.67898 1.2545 -0.221854 0
0.0795251 -1.37307 -2.28172 10.2486551432238
0.0195932 0.980995 1.40036 6.21826755124897
0.384113 -2.01798 2.44385 0
0.27954 -0.989971 2.33069 0
2.52813 -1.66388 1.82398 1.43938417807485
0.264748 -1.96487 1.64514 10.3162652247787
0.151549 -1.86358 1.84412 20.1170043116229
0.105075 -0.694536 0.00930328 0
0.264351 -2.29008 0.642576 0
0.350915 -4.26665 1.43358 2.55892036346872
0.11665 0.936656 -2.05809 3.90156060078295e-08
0.117721 0.864659 2.77602 2.89936651274215e-08
0.506158 -5.47128 -0.571558 0
0.100576 -6.07157 2.19887 0
0.411009 -5.37376 3.08103 0
0.074102 -7.44257 -2.77731 0
0.147474 -6.07455 3.01536 1.3643280704122e-09
0.162956 -6.67788 2.83964 5.10223765557887e-09
0.359358 -6.87296 1.26907 0
0.0755391 -7.1251 -1.91476 0
0.176196 3.11275 1.05686 7.49584336895079e-09
0.299563 3.25051 0.739606 8.72993338755235e-09
0.43494 -3.90708 0.193006 0
0.240363 -3.69838 -0.148517 0
0.349244 -2.30613 -2.09434 0.0664026344093867
0.0864428 1.61348 1.11676 2.07648415450614
0.520294 0.0787424 2.11844 1.35475749805289e-05
0.0783148 0.0731312 2.12385 1.3792106955673e-05
0.189133 2.47995 2.8892 5.68203530223364
0.335274 1.57315 1.43428 7.65496601625351
0.0924631 1.18769 -0.868138 18.1406241527405
0.764987 1.18733 0.139425 2.18574479064578
0.00749253 -3.19261 -1.90329 1.88613290215184e-05
0.084079 -2.83814 -1.9938 1.31964780604858e-05
0.29515 -3.03918 -2.76792 16.4027918711117
0.135434 -3.13088 0.331543 32.5755739630098
0.181428 -3.45139 -0.200662 7.30559061292178e-07
0.00125671 -4.43567 -0.892464 1.72012873101786e-06
0.365505 2.25747 2.36078 3.65669608136013
0.120167 2.39317 -1.58029 9.74176021370095
1.06398 -1.72896 -1.0997 22.4515048739797
2.11995 -1.76886 -1.36291 10.8152563489527
0.943974 -0.249388 1.43674 0.750460442844273
0.059026 -0.298301 2.16777 11.8543578593066
0.474581 -1.28334 1.35985 1.48799320056664
0.380476 -1.13232 0.368883 2.10515091913569
1.42085 -1.56834 -1.13953 0.186953599613545
2.14206 -1.40645 -1.06298 0.344677865186187
0.0616196 -1.64554 -1.96331 2.04835845173441e-05
0.0341715 -1.5742 -2.58634 3.43626083431231e-05
5.58341 -0.0406142 0.892934 0.307736343059183
6.7327 0.133485 0.771852 0.179305157356183
7.68815 -1.75593 -2.10208 0.0691640751177388
23.2602 -1.76934 -2.08884 0.145432791549501
0.112864 -1.9782 1.3759 3.07690061393223e-05
0.101775 -1.56087 1.33854 2.41600937092956e-05
11.6161 -1.7503 1.5953 0.214996740172475
7.46343 -1.62602 -1.10223 0.261093590885291
8.43404 -1.54003 -1.06719 0.0439765108470731
0.989906 -1.75847 1.43747 1.12679065827927
7.21015 -1.73528 1.56848 0.237086778180123
7.49428 -1.74817 1.54179 0.288254565414513
14.4387 -1.76146 1.57778 0.0423109054912342
2.34572 -1.72116 1.59642 0.441750527157373
13.1149 -1.73491 1.56658 0.266834211934096
