0.545789 -3.14797 -0.285244 0
1.81856 2.30849 2.44206 0
0.942446 1.76927 2.86968 0
2.75534 2.26254 2.77716 0
0.638902 2.88112 2.75426 0
1.10279 2.69073 2.81872 0
1.36915 1.83594 2.74311 0
0.672049 1.59401 2.66004 0
0.893576 3.80449 -3.02031 0
0.284329 4.19883 0.871693 0
0.16407 4.47833 1.00095 0
0.256504 6.17725 0.823579 0
0.645391 6.09239 1.3607 0
0.334624 9.22686 0.816884 0
0.712096 4.01386 1.94856 0
0.607346 4.00514 -2.94981 0
0.547604 5.47447 -0.155698 0
0.532858 6.54075 2.96609 0
0.849057 3.40086 0.424952 0
1.21197 3.13102 -0.286006 0
0.812458 3.85847 -0.211953 0
1.80261 3.48899 -0.647483 0
3.51649 3.36962 -0.479376 0
4.08337 3.43285 -0.469973 0
3.46784 3.34591 -0.597214 0
0.616029 3.42215 -0.340438 0
0.569091 3.1387 -0.925314 0
0.0665975 -1.45203 -3.05223 0
0.629945 -0.755791 1.86391 0
0.793087 0.507268 -1.44941 0
0.270305 1.11144 0.579758 0
0.397215 -0.108695 1.11957 0
0.654481 7.64757 0.36692 0
0.706183 4.65835 1.83503 0
0.234278 5.83774 -0.235738 0
0.190445 2.81968 2.76591 0
0.146924 3.03164 1.74907 0
1.11412 -2.20749 1.35624 0
0.733776 -2.43871 2.16533 0
0.529086 -2.89218 2.94484 0
0.489763 -4.84917 1.94252 0
0.554537 -4.53153 1.16525 0
0.483322 -5.52748 -1.31128 0
0.426273 -6.85456 -2.25045 0
0.126437 -5.37923 2.15903 0
0.21814 -7.93158 3.02359 0
0.595918 -8.74817 -0.867542 0
1.10003 2.23479 3.13414 0
0.342803 2.83221 -2.23042 0
0.670831 2.57073 2.26477 0
0.60626 5.36336 -1.69871 0
0.592717 5.36091 -2.76224 0
0.19982 6.3844 0.772939 0
0.870543 7.09004 -1.92539 0
0.234439 3.48418 1.32594 0
0.261359 2.84035 0.352864 0
0.0312664 4.35873 0.0336361 0
0.930273 5.86266 -2.25324 0
0.575435 5.17369 -2.86388 0
0.171214 5.24078 1.60304 0
0.606561 2.95805 -1.88146 0
0.377742 3.06185 -1.37897 0
0.181449 3.35008 -2.42998 0
0.377544 2.91622 -0.337431 0
0.597142 1.79716 3.08087 0
0.423776 1.89434 -1.38555 0
0.33202 2.12432 2.05543 0
0.149603 -0.385167 2.46019 0
1.02255 6.47718 -0.299716 0
0.121062 5.78539 1.79752 0
0.485187 6.50471 -2.39702 0
0.206421 2.52124 0.794824 0
0.681927 3.44382 -0.934311 0
0.402594 0.952424 -1.9701 0
0.369859 2.04223 -2.78042 0
0.378572 -9.0016 -2.05468 0
0.389935 -8.46416 0.24821 0
0.252517 -3.86272 0.675857 0
0.257668 -4.19414 -0.387804 0
1.34082 2.78981 2.67498 0
6.07663 2.63479 2.71408 0
0.296344 1.36846 1.84673 0
0.123606 0.908191 -1.78589 0
0.617323 -0.0277972 1.82584 0
0.328877 -0.359713 2.91529 0
0.380046 -2.30477 2.20062 0.215862646412024
0.164902 -1.95067 1.77658 0.694486101368033
0.106422 -4.44601 0.522599 0
0.227262 -3.05294 -1.01985 0
0.179009 -8.55069 -2.86684 2.93373011090236e-08
0.237643 -8.18459 -1.69937 3.4649180393744e-08
0.170702 2.61132 -0.140722 19.234302466968
0.323529 2.75799 -2.13634 8.76110629809949
0.186525 -0.266604 -2.66111 5.36572491882031e-05
0.105685 -0.362643 -2.6583 3.68104319117858e-05
0.608712 -0.349151 -1.29784 3.77385554240312
0.0424894 -2.00597 -2.7604 15.167865653561
0.170651 1.1427 -0.244833 3.63680368162263
0.287689 -0.510337 -0.442442 3.28949655382051
