4.19788 4.87976 -1.62816 0
1.14347 4.88544 -1.72814 0
1.93447 3.83246 -2.50515 0
1.66168 3.29242 -3.08507 0
0.625914 3.25116 -1.7691 0
0.446253 -6.53969 1.20208 0
0.612958 -5.89364 0.0285079 0
0.558765 -5.39064 -0.799269 0
0.515016 -4.95772 1.39772 0
0.200799 -4.10718 -1.80645 0
0.595532 -3.74905 0.385112 0
2.38145 -2.07056 -2.88877 0
0.288277 4.82526 0.987395 0
1.64443 5.12105 -0.0663959 0
0.267365 0.0805229 1.8188 0
0.700053 3.28395 -0.00945613 0
0.354306 0.746512 0.146668 0
0.300217 0.186462 2.18391 0
0.112633 -1.30765 -2.2101 0
0.596043 -2.04043 -0.740153 0
0.0932926 3.41509 0.872773 0
0.332324 1.16192 -0.98298 0
0.733986 1.9071 2.81072 0
0.616423 2.66281 -1.70244 0
0.291256 5.92422 1.2929 0
1.22801 7.25528 -2.70911 0
0.146867 10.0078 0.831645 0
3.69677 0.137477 1.84416 0
0.114401 1.22059 -0.540768 0
0.670495 -6.03359 0.311377 0
0.48508 -8.28415 -2.18169 0
1.78148 2.76566 1.56672 0
11.022 4.7192 -1.74569 0
5.96856 4.7772 -1.78802 0
0.33957 5.12957 -1.66853 0
1.05764 4.04447 -1.96163 0
1.30681 -3.38986 2.41949 0
0.0458463 -3.82979 -3.01124 0
0.142817 -1.83251 -1.76796 0
0.216245 -1.30126 1.74604 0
0.559062 2.09318 -0.10359 0
0.702646 5.1077 0.179021 0
0.909081 5.70931 0.583332 0
0.0236704 1.86167 2.05677 0
0.167246 2.68271 -2.00648 0
0.3268 -2.99184 -1.46648 0
0.462494 -1.56717 -0.876941 0
0.652448 -2.70366 0.380448 0
0.350474 -1.89093 -2.50937 0
0.424649 -0.968454 -2.94059 0
0.632021 1.17654 0.32745 0
0.171045 -0.513032 2.77362 0
0.545552 4.75717 0.527256 0
0.428161 8.52955 -0.207942 0
0.106016 7.2675 2.98806 0
0.864145 -0.167718 1.48299 0
0.873282 0.206623 1.67082 0
0.277135 -0.148668 3.00302 0
0.186897 -3.14925 1.73302 0
0.571858 -6.30331 0.749403 1.22618619799493e-07
0.519844 -6.55842 0.634189 1.24688511290182e-07
0.337215 -6.1789 0.786379 0
0.401506 -5.531 1.31968 0
0.265281 -4.78993 -2.94975 1.76207267070778e-08
0.0198519 -6.94772 -2.3994 1.1311844199602e-08
0.2087 -3.21162 -2.62601 0
0.187437 -2.93139 -0.21988 0
0.0520005 3.89052 -0.289102 0
0.302816 4.7463 0.349502 0
0.404733 5.85845 -0.177941 0
0.28552 2.44047 1.45411 0
0.145467 3.84368 1.13061 0
0.175564 3.92675 2.29116 0
0.140693 2.4352 -1.94787 0
0.193398 5.19739 -0.157002 1.44556990225646e-05
0.0242846 5.04953 -0.0577719 1.51478799946408e-05
4.07797 -0.175477 1.75077 3.9881003915472
1.18129 -0.1298 1.80764 13.8524752748941
0.0947043 -3.48509 0.813463 0
0.251445 -2.64613 0.809149 0
0.130977 -8.24654 2.89934 0
0.133554 -7.75118 -1.24859 0
0.479941 4.7472 -0.302102 2.40204426418998
0.759127 4.46486 0.327825 2.00861835186466
0.156489 3.11931 2.77986 0
