3.18128 -0.803557 -1.84999 9.11419836904259e-14
0.758621 -3.87445 -0.188687 0
0.342898 -3.25891 -0.85984 0
1.21973 -2.61608 -2.84496 0
0.11331 -5.95137 -2.14103 0
0.151726 -4.685 1.03055 0
0.223216 -2.07888 -2.00558 0
0.831229 -1.36501 2.20809 0
0.269643 -1.03526 -3.03207 1.28604329790065e-13
0.166851 -0.256169 -2.44727 1.84271866157407e-13
0.161995 -2.67578 2.88234 6.83298720535562e-14
4.94414 -1.42993 -0.0469669 1.07177819147266e-13
6.10279 -1.50173 0.0308232 1.0580729649694e-13
1.47317 0.350267 -1.82938 0
0.342988 -0.231778 -1.83057 0
0.120033 -1.50471 2.36309 0
1.58999 -2.3269 -2.93296 0
0.0303427 -4.88569 2.3775 0
0.79162 -2.83086 -2.9945 0
1.46387 -1.07346 -2.58274 0
1.23354 -4.57825 2.27248 0
0.536769 -5.11519 1.81774 0
0.347602 -6.05416 -1.61126 0
0.664324 -6.12 -2.05978 0
0.242143 -6.6932 0.96073 0
1.4359 -4.15289 0.211822 0
0.405503 -5.41674 0.672866 0
0.647464 -2.27122 -1.1695 0
0.529724 -3.12644 -1.26632 0
4.96013 -1.56195 -2.58269 6.6442169064129e-14
1.07403 -1.62192 2.99663 9.73218270542762e-14
0.792849 -2.50885 0.0469545 6.93779280968849e-14
5.83843 -1.7542 0.34462 1.02809059790497e-13
0.217202 -1.73644 -1.7854 0
0.76009 -4.44517 0.65506 0
0.502047 -4.88206 -0.570749 0
0.635653 -5.66824 2.21307 0
0.776195 1.8219 0.528155 0
0.328965 -2.52555 -2.64104 0
1.04913 -3.57514 -1.22975 0
0.253531 2.19789 -2.4782 0
4.55043 0.888666 3.13745 0
0.334307 -0.312855 -2.57916 0
0.448713 3.99225 -1.98135 0
1.28867 1.03956 -0.831495 0
2.27511 0.330084 -1.11628 0
0.342484 1.23067 0.570626 0
0.2574 3.32885 0.595243 0
0.758167 -1.64408 2.68998 0
0.824538 -3.07979 -1.01004 0
1.15458 -2.01772 -0.399538 0
0.243176 0.631687 1.39623 0
0.757784 3.29652 -0.874117 0
1.14065 0.22572 1.28708 0
1.87891 0.682511 1.2929 0
2.29631 3.48568 2.53793 0
0.602401 3.65377 2.69391 0
0.499585 3.32749 -1.89827 0
0.759393 1.72608 -0.908334 0
0.846952 2.28313 0.41789 0
1.22089 1.45774 0.941213 0
0.797684 4.43569 -1.39087 0
0.97001 4.27946 -2.13187 0
0.293428 4.62497 1.32873 0
3.24975 4.30392 -2.31973 0
1.15502 5.2602 -3.00398 0
1.12077 4.96865 -1.50534 0
3.06906 5.73828 -1.14287 0
0.663238 4.94151 -1.07638 0
0.98658 6.07787 -2.12218 0
0.959628 5.501 -0.601043 0
3.39505 3.12042 -0.488763 0
0.603843 3.36787 -0.362311 0
0.334497 3.18522 -2.1115 0
1.7562 2.23495 -1.80414 0
0.82754 1.58836 -2.43049 0
3.07435 2.65617 -2.27711 0
3.45119 2.25532 -2.26944 0
0.134302 2.33451 -1.40581 0
0.788892 2.16685 -2.3 0
0.925028 0.490163 -0.497316 0
0.338266 0.0032249 1.34939 0
0.465623 8.19732 0.724736 0
0.250649 5.09707 0.191287 0
0.756281 3.52455 -1.81108 0
0.412357 1.43239 1.18985 0
0.405573 0.693732 2.70297 0
0.101774 -4.90354 -3.09273 0
0.300268 -2.91349 -2.8774 0
1.31224 -3.37015 -1.89676 0
1.15438 -3.46807 -2.51671 0
0.981718 -3.49952 -2.73521 0
0.347992 -9.52251 3.13679 0
0.20006 -7.65226 0.0528925 0
4.41647 -0.72413 -2.14099 1.054812196041e-13
0.605754 -3.80381 -1.85611 0
0.213152 -4.6994 0.179047 0
1.15401 -1.92456 1.32196 0
0.180983 -0.449566 0.842585 0
1.12554 -0.458942 1.46607 0
0.323419 -0.966208 -3.06779 0
0.752888 -0.964191 1.51608 0
0.795751 -0.888546 0.646425 1.70635294452698e-13
1.00281 -1.74702 -0.0652605 8.85265224703987e-14
13.7022 -1.48011 0.0161781 1.0656551834695e-13
0.126528 1.40514 -2.43635 0
1.42873 0.718022 -1.47628 0
1.01324 0.66938 2.77336 0
1.31908 -2.21191 -2.059 0
0.5025 -1.58668 -2.15267 0
1.1638 -5.42882 2.04779 0
1.49326 -5.26593 -1.60038 0
0.0726509 -4.54325 0.430766 0
2.18493 -1.44275 -2.65825 7.77366596504562e-14
6.27816 -1.45753 -2.40629 6.30686415405606e-14
5.72158 -1.45259 -2.53152 7.02234158795785e-14
0.660382 -0.806378 -1.50424 0
2.43277 -1.56436 -0.661789 0
0.499369 -4.10806 0.171341 0
0.594859 -5.11009 2.54917 0
0.29022 -6.96409 -1.17795 0
2.13611 2.53672 0.72009 0
0.0364601 4.01454 -0.606546 0
1.0912 2.86017 1.10302 0
0.409431 -0.676326 1.04551 0
0.401929 -0.415132 -2.21194 0
0.0711298 4.13034 -1.85006 0
0.607038 2.16766 -2.63891 0
0.875862 1.77681 -3.12911 0
0.376736 0.80472 -2.26948 0
0.519237 -0.295194 2.93207 0
2.38225 0.487998 -3.00471 0
0.943329 -0.976478 -2.68193 0
0.861508 -2.10215 -2.1552 0
0.240869 6.63267 2.49845 0
0.196958 5.25838 -0.120476 0
0.192517 2.17695 1.06823 0
0.330684 0.711252 -0.26211 0
0.387181 2.76466 2.58749 0
0.396894 3.07414 0.617617 0
1.13866 -0.962134 -2.53868 0
0.329838 -2.62682 -1.13906 0
0.207031 -1.82381 2.84274 0
1.133 -1.91925 -1.47902 0
0.220549 2.62441 -0.157454 0
0.12047 2.84477 1.25972 0
0.0705931 -1.55064 -1.49251 0
1.11547 0.357463 1.56762 0
0.624062 0.0155412 1.01854 0
0.279901 0.606453 2.91898 0
1.11464 3.06935 2.69895 0
0.585147 2.88979 3.0155 0
1.66779 3.33276 2.57518 0
0.910478 2.76371 -0.947728 0
0.438223 1.09015 -1.02953 0
0.705785 1.91094 1.02137 0
0.403687 2.6553 0.480824 0
0.0269154 6.01715 -2.48661 0
0.0623805 4.63585 -1.26285 0
0.638172 3.245 1.54339 0
0.562793 3.0331 0.513377 0
0.60743 3.17582 -0.739415 0
0.128658 3.62666 2.76393 0
0.983242 3.13854 0.604435 0
0.665283 5.19668 -1.76555 0
0.486737 4.46124 0.65763 0
1.30684 5.09608 -2.84601 0
0.052667 6.69231 -1.15384 0
0.377218 5.26535 2.24091 0
0.72877 5.32751 -1.26224 0
1.39931 5.53697 0.515446 0
0.0605065 7.48057 -0.900845 0
0.94479 5.56057 1.98994 0
0.1115 6.19883 -0.361129 0
0.31319 4.37978 1.72631 0
1.35419 4.43156 1.28052 0
0.58072 0.526798 -1.56702 0
0.206694 -1.12404 2.35103 0
0.200696 1.5083 -1.47707 0
0.500084 3.19029 -2.39396 0
0.302435 2.31379 -0.921513 0
0.612314 2.09688 -2.48445 0
0.0715509 1.36768 1.18004 0
0.547539 -0.1242 -0.719935 0
0.486024 -1.34486 0.23708 0
0.494684 6.76826 0.801085 0
0.609105 5.41362 -1.04019 0
0.370222 4.73933 0.947346 0
0.39298 3.20915 1.45132 0
0.400979 3.25295 -2.68946 0
0.575394 0.304463 0.374128 0
58.1576 0.962314 1.88279 0.0228010781954577
0.313353 -7.46202 0.354336 0
0.352374 -7.17005 1.31019 0
1.18311 -0.712175 -2.47517 3.44112135114187
2.53356 -1.51993 -0.0193808 4.03488793098672e-08
6.01578 -1.58124 -0.0316324 2.5675057988356e-08
0.711091 1.24897 2.52843 0
0.177948 0.361433 2.79944 0
0.235095 -4.05623 -0.483285 0
0.194899 -3.81724 3.11282 0
0.906226 -1.44941 0.0494113 1.09896168020917e-13
2.05138 -1.69733 0.087498 9.69410298285414e-14
0.592551 -3.93178 0.488587 0
0.224585 -1.29323 -1.32729 0
0.50958 -1.22409 3.069 0
0.23289 3.30144 -3.07203 3.62308252888469e-07
0.637813 3.35884 -2.78071 1.57127741717284e-07
0.601489 0.630353 -3.04003 6.36075260782058e-08
0.629727 0.997373 -2.91306 3.08474881002827e-08
0.0929556 1.3554 2.15627 0
0.223714 0.247247 -0.155965 0
0.342821 -1.16154 -2.58706 0
0.0887189 -2.41409 0.495456 0
4.21021 0.536996 -0.970151 0
0.937632 0.394433 -1.06923 0
1.10437 -0.585355 -2.8868 0
0.0493715 -1.42469 -1.84111 0
0.0245575 -0.662903 -1.94016 0
0.455501 -1.11246 1.66604 0
0.616727 2.57867 1.47596 0
0.299379 2.53316 2.32748 0
0.136717 4.84378 0.42506 0
0.235003 5.15797 1.77222 0
0.4016 5.82528 2.98896 0
1.48745 -5.41124 2.50713 0
0.800318 -5.60205 2.21964 0
0.388365 -4.54013 3.01858 0.0764444087014636
0.100479 -0.945736 -0.297645 0
0.164342 -0.832737 -1.0262 0
0.655538 -0.0678878 -0.245809 0
0.190788 -1.05296 0.052373 0
0.132482 -0.684832 -0.521906 0
0.308478 -0.78789 -0.563167 0
0.707614 -3.58772 -2.05944 0
1.12697 -3.83336 -2.1384 0
0.413008 -3.38773 -2.5639 0
1.07163 -3.91787 -2.27225 0
2.73113 -1.4774 -2.46041 5.28024078412898e-05
0.231881 -1.47354 -2.45648 6.53095929270263e-05
1.37874 0.906337 1.5959 0.564514223876843
0.420201 0.616151 1.56365 2.21004232903487
1.03738 2.37871 -0.515063 5.21160235049542
0.0719232 3.54822 -0.334033 23.442154471312
0.257006 3.41983 1.04745 5.0910706892403
0.242682 2.29172 1.99069 16.6056033416759
0.574317 2.51822 1.34943 1.09268822890214
0.631097 3.13306 1.12461 0.541626735721717
0.686768 -0.177432 2.21801 4.61426248006383
0.786713 0.0741963 1.71274 4.08873495151849
3.4793 -0.76632 -2.19582 0.396815664370193
1.90851 -0.647292 3.05251 0
0.253564 -1.65545 -2.75794 0
0.258265 2.59482 2.33875 0.871804619609409
0.0877724 -1.47118 0.497053 2.00484043799366e-07
0.11025 -1.45256 -1.91811 1.3873787637607e-07
0.769986 0.286142 -1.60513 1.16931322874542
6.49655 -0.787878 -2.20447 0.508516634317116
12.0558 -0.77849 -2.21738 0.6304914330235
1.1331 0.623088 -0.70111 0.0824680918500087
1.94137 0.365053 -0.716515 1.68555024831402
1.50338 0.151417 -0.60835 3.31899000768559
