0.454907 -6.21035 -2.51918 0
0.598261 3.25955 0.674734 0
0.258336 9.17902 0.580828 0
0.856925 -3.70364 -1.17336 0
0.349422 -3.33535 -1.44267 0
1.01123 -3.61152 -1.97006 0
1.22752 -3.06275 -1.28282 0
0.426179 -1.71992 1.13413 0
0.329313 -2.4874 2.16514 0
1.42729 -0.64287 2.2122 0
2.01583 -0.87486 -2.96112 0
0.463739 0.421178 2.86502 0
0.334874 2.5333 2.30303 0
0.531152 3.36482 -0.489122 0
0.379477 5.87013 1.16478 0
1.11864 4.75663 1.95538 0
0.210088 1.92489 0.499243 0
0.767171 0.790163 -1.89224 0
0.276657 0.0222152 -1.18255 0
0.999547 0.843094 2.20516 0
1.01451 -1.75854 -0.700669 0
0.604911 -1.84731 2.29554 0
0.237649 -2.83469 2.25451 0
0.498841 -2.14856 -2.89422 0
0.471914 -4.926 -1.58514 0
0.140809 -5.42508 1.67921 0
0.355398 -4.49456 0.731122 0
0.229737 -6.45513 -0.194144 0
0.371177 3.00738 -2.21665 0
0.38873 5.12138 2.17505 0
0.0684889 9.61754 1.07609 0
0.66746 -1.79385 -1.28533 0
0.812561 -0.800126 2.46535 0
0.286921 -0.196133 1.8932 0
0.545467 -0.72041 -0.678605 0
0.390606 -0.525936 0.587136 0
0.629411 1.0556 -1.93714 0
0.350122 1.42608 1.25577 0
1.00642 1.81238 -1.00896 0
0.561195 3.87896 2.32832 0
0.168599 3.13362 -1.20719 0
0.574642 -4.72351 -1.8773 0
0.568228 -3.29677 1.22896 0
0.177094 -6.17582 0.572747 0
0.194577 -4.09383 -2.23493 0
0.544934 -7.19161 1.02037 0
0.663019 -9.41811 -2.71412 0
0.204719 -8.12485 -2.22107 0
0.175149 -7.25265 0.452745 0
0.141729 -9.56382 2.29445 0
0.20982 4.71443 1.44173 1.49958698657408e-08
0.166501 3.80117 2.00106 4.46865569573371e-08
0.267662 2.72143 1.09616 0
0.0777744 2.97242 -0.815756 0
0.0773638 4.62511 -1.42148 0
0.0734669 4.19742 -2.03991 0
0.449391 -3.32598 -1.10254 7.07811209562645
0.130528 -2.98265 -2.55519 34.3364726119712
0.261525 4.13745 1.07902 4.1969706593755e-08
0.11575 3.87475 -2.91095 1.63926142204878e-07
