1.03184 6.8459 2.19367 0
0.136284 1.20937 2.07628 0
0.132578 2.16238 -2.0748 0
0.632814 0.644677 -2.62314 0
1.8428 0.228637 2.73459 0
1.79313 -0.0459491 2.83717 0
0.666778 0.359979 3.08281 0
0.321982 -1.84674 2.56764 0
0.665965 -2.39273 0.2851 0
0.875582 -4.14335 -2.05897 0
0.538639 -5.89171 1.38534 0
0.38789 -5.43566 -0.61834 0
0.885962 -6.16821 -1.47759 0
0.670462 -7.15159 2.64425 0
0.865498 -6.03614 -1.13329 0
0.288568 -5.61119 -2.00574 0
0.403021 -5.25722 -2.3091 0
0.244945 -3.64075 0.590426 0
0.509498 -2.36874 -1.66582 0
0.0860132 1.26514 -1.16855 0
0.725997 1.17373 1.73071 0
0.417294 0.672621 -2.20455 0
1.46609 1.05604 1.42498 0
0.325392 0.721064 2.7166 0
1.16524 0.912357 0.36698 0
0.963136 1.36787 1.18206 0
1.90875 1.05785 0.00361636 0
2.61214 2.01022 -0.0335433 0
2.58504 1.70427 -0.0569544 0
1.15203 2.4223 0.581209 0
0.478963 5.97674 0.996798 0
0.13558 9.01836 -2.70618 0
1.13678 8.92806 -0.0993572 0
0.587712 6.24551 2.08791 0
1.45381 5.29366 1.44 0
0.207015 6.47366 -0.235674 0
0.222063 2.05254 0.865538 0
0.56426 1.7102 -2.70206 0
0.352707 -0.812458 -3.09153 0
0.209443 0.68473 -2.94326 0
0.335477 -1.69297 0.912927 0
1.03484 -4.35823 0.167194 0
0.362124 -6.06672 2.64125 0
0.220929 -5.19054 0.104229 0
0.39928 -0.14659 0.949558 0
0.55023 -1.83779 -3.11544 0
0.320254 -0.485161 -2.76699 0
0.382446 0.116369 0.946857 0
0.450385 0.769043 0.344309 0
1.73264 1.13523 0.529183 0
0.202885 0.0661301 0.874694 0
0.402532 1.63699 -0.440263 0
0.454128 1.38093 -1.11574 0
0.541407 2.15599 0.414182 0
2.32088 1.80135 0.0853188 0
1.07626 2.11652 0.350455 0
0.313092 7.03063 -0.767606 0
0.104388 7.30987 -1.01122 0
0.121385 4.83292 -1.84168 0
0.214755 4.57164 2.96936 4.54633140274653e-07
0.0980568 4.57003 2.88716 4.65145923713892e-07
0.150985 6.07826 3.10295 1.19677994252602e-07
0.0550999 7.37066 -0.455317 1.3781714732663e-07
0.109869 2.65131 -2.89777 2.59855377902518e-07
0.120819 2.56169 -1.98718 4.80265285333373e-07
0.668556 2.97171 -2.80751 0
0.0939958 2.66325 -1.19668 0
0.664509 2.48511 2.92064 0
0.0795894 3.52725 3.12825 0
0.162744 1.62469 2.41729 5.17717313606464e-08
0.348643 1.54148 -2.52918 2.76077216922515e-08
0.243511 -5.91878 -2.15144 1.53793672691339e-08
0.405954 -5.59387 -1.56949 6.92088308131241e-09
0.194826 7.10813 -2.38674 0
0.25482 7.15206 0.502501 0
0.448006 0.157641 1.40767 4.84831053850027
0.130071 -0.697568 1.34744 13.4408345591799
0.12712 3.22752 1.02798 24.0951679938398
0.377289 2.03385 2.56511 26.3192345476569
0.198524 0.959659 -2.61918 7.83833304257672
0.156612 -0.121903 0.422479 14.7651007425897
0.452026 1.88288 0.255354 0
0.626858 0.828748 -0.718868 0
