0.516832 6.98445 -3.08149 0
0.667918 8.83007 -1.249 0
3.71936 -2.91098 -1.26724 0
1.41557 1.27047 1.69326 0
0.738951 3.60226 -0.89545 0
0.638479 3.56739 -2.28316 0
0.113968 -0.783248 2.54641 0
0.661171 -2.5762 2.44078 0
1.32568 2.13316 -1.15317 0
3.31282 -1.77783 1.3692 0
1.52252 -2.54327 0.535016 0
0.193541 4.55722 -3.05061 0
1.31573 2.87004 1.63735 0
1.42194 2.92407 3.14043 0
0.347962 1.98691 -2.94936 0
2.25893 3.39399 -2.21158 0
0.239248 4.3728 -1.33246 0
1.46927 2.84099 -2.34407 0
0.246925 -1.40422 0.914759 0
0.168501 -2.49566 -1.82605 0
2.30158 -2.02452 -2.7412 0
3.95417 -2.1975 -2.71785 0
0.696384 -2.00659 -2.62903 0
0.348377 -1.36828 2.42288 0
1.22174 4.56943 -0.259764 0
0.213907 3.9898 1.14579 0
0.836795 6.29029 -0.525442 0
0.415304 4.80652 0.626722 0
0.0938636 6.92074 -2.93968 0
0.336347 5.36408 1.64749 0
0.127929 -2.3633 -0.483417 0
1.40762 -1.16696 -0.149617 0
0.789175 -1.54052 -0.311026 0
1.87269 -0.598187 -0.869921 0
0.217153 -0.379875 1.1456 0
0.889733 -0.294304 -2.2765 0
1.24195 0.0123194 -2.47362 0
1.93994 -3.70235 2.07493 0
0.274337 -3.81511 2.21762 0
1.75763 -4.14879 2.14053 0
2.13669 -3.96759 -3.03589 0
1.75105 -4.20472 2.38046 0
0.743604 -6.32201 1.29091 0
0.702712 -4.58564 -2.61352 0
0.721196 -6.39706 0.286917 0
0.117751 -5.71733 1.50241 0
0.574957 -6.96096 -1.88701 0
2.77145 -3.13282 -1.02877 0
0.540225 1.00576 2.13692 0
0.2125 2.94766 -1.65021 0
0.546995 -1.9146 2.43097 0
0.558523 -1.81993 1.88294 0
0.630866 -4.61769 0.121859 0
0.317664 -5.39665 -2.89513 0
1.43339 3.72176 0.147709 0
0.442729 -1.29894 0.445599 0
0.734505 -3.22215 0.306399 0
0.148908 -8.26931 -2.30989 0
0.236428 -5.51582 0.807108 0
0.543707 -3.60967 -0.749578 0
0.482181 -1.13146 1.96894 0
0.599892 4.03169 0.630001 0
1.03161 2.88066 1.87165 0
0.588083 3.83023 2.9897 0
0.360766 1.80201 -0.945776 0
0.166572 -1.48011 2.66498 0
0.69382 -3.51598 1.04748 0
0.189347 1.17551 -2.12421 0
1.44947 4.15322 0.133876 0
0.3409 2.22252 0.958365 0
0.37415 2.4211 -2.37499 0
0.253119 1.55294 -0.384505 0
1.45724 2.3919 -1.87565 0
0.943444 2.57806 -1.40391 0
0.164492 -2.64641 1.75177 0
0.122566 -1.64467 3.08874 0
0.433752 -1.68789 -1.84553 0
0.212907 -1.76233 0.313341 0
1.57526 -1.47659 1.11194 0
1.00833 0.0300495 2.66128 0
0.622297 0.438657 2.02566 0
0.265093 0.363779 -1.04583 0
0.0468929 -0.225171 1.83195 0
0.790096 0.873265 -2.08457 0
0.321494 1.10955 -2.17619 0
0.476645 4.62003 1.42928 0
0.549217 3.7819 2.90955 0
0.752127 3.61341 1.76779 0
1.20244 2.90376 1.61501 0
0.303897 4.23024 1.69579 0
0.465679 -2.4573 0.488259 0
1.56445 -2.05762 -3.08701 0
1.09618 -2.1835 -2.09702 0
0.308542 -2.47679 -2.62793 0
1.303 -1.7824 2.95667 0
0.244869 -1.41435 1.46045 0
0.744793 -2.39957 2.68779 0
0.563102 4.61691 1.01186 0
1.72299 4.48727 0.183964 0
0.395089 7.0869 -1.57787 0
0.589284 5.6897 0.0124196 0
0.181531 5.36572 1.4832 0
0.731857 6.39776 -2.79199 0
1.24779 6.46253 1.1823 0
1.04254 3.73182 0.924782 0
0.276632 4.65648 1.17964 0
0.0670588 -0.50289 -0.898564 0
0.659097 -0.485407 0.451611 0
3.6493 -1.0507 0.458902 0
0.657412 -0.873956 -1.28265 0
0.213243 0.738956 -2.61281 0
1.07348 -0.171266 -0.513001 0
0.441464 -0.149402 -0.215123 0
0.785353 -0.416915 -0.285734 0
0.897151 0.26003 -0.668696 0
1.25093 0.484181 -1.56595 0
0.0557938 -0.344007 2.88559 0
0.219836 -4.37972 -1.67969 0
0.153193 -8.15063 0.310837 0
0.556291 -5.52393 1.6127 0
0.198294 -8.45909 1.26403 0
0.508418 -7.45038 -0.12411 0
0.975882 -5.48737 -0.786709 0
0.194049 -5.90776 -2.45659 0
0.996145 -5.41728 -0.618959 0
0.149292 -5.113 2.72766 0
0.217857 -3.63638 -0.393479 0
0.260525 -4.62468 -2.70327 0
1.04624 -3.94543 -0.210364 0
0.847647 -2.96317 -1.12547 0
1.34269 -3.25372 -1.16651 0
0.350359 -4.09194 -0.705851 0
0.357748 0.470404 2.01736 0
0.438302 -3.61004 -2.18651 0
0.547687 4.04653 0.292916 0
0.536725 3.20993 -0.204358 0
0.93721 3.07471 1.12932 0
0.772287 -0.434476 1.84364 0
0.402902 -0.883049 -2.92309 0
0.131867 -4.06732 -2.39119 0
1.92488 1.46132 -2.21753 0
0.496966 2.07439 -2.71405 0
0.407128 1.78763 -1.77689 0
1.46572 2.7246 0.0613977 0
0.0994902 3.97182 -0.887949 0
0.88235 3.89226 1.60423 0
0.812126 3.88986 3.04909 0
0.48454 1.65038 -2.69514 0
0.243048 0.984172 0.762962 0
0.476453 0.465409 -0.796699 0
0.443246 1.32887 -2.89258 0
0.339955 -2.36297 -2.3757 0
0.243533 -0.753591 1.9383 0
0.202156 -3.4953 0.962453 0
0.372969 -3.15384 2.22809 0
0.760117 -4.81641 2.27041 0
0.20292 -5.30428 -2.67413 0
0.522466 -2.38346 0.145126 0
0.177762 -3.65788 -1.13195 0
0.0548595 2.68795 -2.65866 0
0.876958 1.4011 -2.57343 0
0.746118 3.72182 0.950756 0
0.358482 4.01196 1.69952 0
0.823708 -2.15401 -2.38926 0
0.598234 -2.49391 -2.25175 0
0.762433 -2.11426 3.10302 0
0.579845 -1.71852 -2.81165 0
1.875 4.52576 0.473583 0
1.65945 4.48969 0.342612 0
0.241137 -2.6832 -2.7729 0
0.104391 -1.38724 1.34671 0
0.316963 -0.659508 0.473805 0
0.974825 -1.23737 0.280667 0
0.505714 -0.492733 -0.429253 0
0.432165 0.107005 -0.948155 0
0.674808 0.131924 2.31081 0
0.285045 0.361568 1.39504 0
0.788758 -4.73144 -2.30849 0
0.370977 -5.18875 -2.445 0
0.0749126 -3.51053 0.903987 4.44022901960004e-09
0.239757 -3.07891 -1.04093 3.14517037122788e-09
0.32858 -2.32712 -0.486795 0
0.191969 -1.97162 1.37171 0
0.982122 0.467921 3.07094 0
0.0283188 2.26895 -1.24744 0
0.410664 -4.22117 0.898159 0
0.206776 -3.34122 0.440969 0
1.72384 -1.89461 2.8358 1.38392586494631
0.230889 -1.68747 3.02656 12.4447604168337
0.158163 1.64002 0.266214 25.674951414452
0.192765 2.53785 -2.64116 8.80575519213117
0.515737 1.74396 0.126339 4.17765653390653
0.41461 1.06718 -0.384714 9.44954936409818
0.312357 2.12351 -0.974202 7.16966202326199
0.125482 3.20384 -3.08742 6.14197608093134
0.593386 -1.79435 1.80781 3.84970358932407
1.25109 -1.34199 1.94031 2.76888058437966
0.347618 -0.889969 -1.1711 27.4400225808245
1.60373 -0.910852 -0.713692 5.84053034368661
0.376621 -3.48466 -2.68811 0.206121835295987
0.107102 -2.7115 -1.73582 1.56763840694643
0.119147 -1.15004 -2.40193 68.7024388593106
0.477083 -1.65532 2.6143 11.0053959033822
1.25208 5.59979 1.53704 0
0.565573 4.88825 1.95883 0
0.00334573 -1.39754 0.270502 2.33322652703954e-05
0.0973334 -1.51761 -0.280786 6.22946655777623e-06
0.513838 5.61234 2.29506 0.164868430320996
0.0330028 6.95682 -3.06746 0.666497477050115
