0.799644 -2.4984 2.0742 0
1.09401 -2.16474 -1.6439 0
0.263713 -2.04222 -0.0780712 0
1.79741 -1.38974 -0.00299504 0
0.319693 -0.924316 -2.80904 0
0.291786 -1.3627 -1.64322 0
1.23989 0.163915 1.47701 9.40119592300697e-14
0.140954 1.95275 1.20866 1.44066188813831e-13
0.928572 -1.26867 1.49939 2.19713555706159e-13
0.282894 -0.565073 -2.89513 1.94828324213121e-13
0.624713 -0.327467 0.770453 2.0422739580708e-13
0.320256 -1.92434 2.18201 2.06383463222164e-13
0.409967 2.17278 0.257519 0
0.562474 1.54075 -2.91378 0
0.377164 2.25533 -0.270579 0
0.22883 2.38591 -0.351609 0
0.253961 1.40897 -1.67806 0
0.403063 2.93766 -0.737249 0
1.78472 1.89703 -1.2896 0
0.942309 1.97625 -0.74756 0
0.671658 2.48511 -0.104739 0
1.70806 2.0987 -1.24478 0
0.451707 2.93116 -1.30773 0
0.606474 2.54565 -2.96734 0
1.18944 1.01477 1.40696 0
1.62739 0.712571 0.844596 0
0.136401 0.854031 0.521428 0
0.750703 -1.15217 0.304404 0
0.648103 -2.66256 0.906387 0
0.495229 -1.22934 0.863999 0
0.216484 -1.33143 -0.665341 0
3.26485 -2.06465 0.756933 0
0.450501 4.09848 -0.800974 0
0.758236 6.19694 2.88571 0
0.270134 5.47294 0.348813 0
0.573489 6.64769 -2.66218 0
1.68657 1.18125 1.3797 9.69782957912763e-14
1.98726 0.672456 1.43899 9.34003423713083e-15
1.48058 2.49576 -0.751518 0
0.943847 2.94439 -0.409048 0
1.0646 2.86486 -0.239141 0
0.494828 3.02297 -1.39623 0
0.0702524 4.35455 2.48989 0
1.13108 3.7944 0.0333863 0
0.462604 2.57784 -1.67429 0
1.48488 3.92572 1.36194 0
0.128743 3.97923 0.772565 0
1.70586 3.47471 2.32398 0
14.7725 3.25748 2.68929 0
10.1522 3.12028 2.86202 0
0.320843 5.38361 -3.0268 0
0.0907518 7.22722 -0.633207 0
0.443551 5.89773 1.47691 0
0.682647 4.79753 1.96601 0
0.242646 5.96458 -2.28373 0
1.14458 -1.7888 -3.1152 0
1.3954 -1.86631 -3.05918 0
0.477926 -1.55053 -3.0294 0
0.949823 -1.42533 -2.7648 0
0.25298 -1.93137 -2.97901 0
1.79148 -1.56566 3.06968 0
1.86761 -1.49843 -2.63908 0
2.22188 -1.52853 -2.51776 0
0.731062 -1.20372 -2.3373 0
0.208316 -1.08822 -0.0175559 0
0.0726898 0.124431 -1.07227 0
0.104988 -2.81007 -0.90429 0
1.50566 -0.762677 -0.333263 0
0.737879 -0.974655 -1.11991 0
0.206706 -1.21709 0.696991 0
5.0691 -0.668112 -1.19196 0
1.21932 -0.366179 -1.35457 0
0.238222 -3.54845 1.89877 0
0.348554 0.379259 -2.35602 0
0.188767 2.22797 -2.18422 0
0.93132 1.98423 0.490091 0
0.255242 1.99023 -0.511389 0
0.293209 2.80724 1.26338 0
0.150702 1.88478 0.378687 0
0.52966 1.1454 0.848955 0
0.430659 2.69064 1.27576 0
2.176 1.23697 1.12266 0
0.266309 2.42532 2.99819 0
0.935593 1.3082 0.175884 0
0.680779 1.13923 2.57415 0
0.731007 -1.67991 -1.58945 0
0.926204 -3.05636 -1.80195 0
1.94722 -2.95548 -2.37911 0
1.3215 -3.74736 2.81851 0
3.43372 -4.17821 2.57492 0
0.167793 -5.00298 0.578718 0
0.0783377 -3.52765 -1.60129 0
0.460188 -2.72569 1.88548 0
0.538322 -4.09206 1.01979 0
0.848152 -5.41711 0.589034 0
0.642372 -5.486 0.242546 0
2.46414 -5.96025 0.578876 0
0.553625 -6.50336 0.973625 0
0.392134 -4.38244 2.5063 0
0.220594 -3.83615 0.39446 0
1.29411 -3.43873 -2.64099 0
0.835033 -5.76628 -1.33014 0
0.449425 -5.00384 2.12394 0
0.424534 -6.4374 -1.70685 0
0.508716 -5.47912 2.36723 0
0.201409 -5.80851 -0.169118 0
1.04877 -5.51328 -2.66593 0
0.787512 -1.68161 2.25327 0
0.704771 -2.11836 1.2316 0
0.0628933 -1.39879 2.08587 0
1.60452 -1.05933 0.790091 0
0.887248 0.830788 -0.561879 0
0.935436 0.943625 -0.417304 0
1.0266 -4.71732 1.48711 0
0.270948 -5.40701 -2.03808 0
0.160042 -3.54165 1.47902 0
0.205032 -2.82873 2.89841 0
0.648106 -1.64057 0.160303 0
0.49515 1.62489 -2.93452 0
1.71687 1.93934 2.73255 0
4.23517 2.15159 3.07798 0
0.572419 -3.00555 2.58742 0
0.805945 -2.98446 -0.472277 0
0.742541 2.16225 1.79851 0
0.362151 3.50017 -0.00722105 0
0.438908 5.36731 -3.08572 0
0.259589 4.7341 -0.136675 0
0.228075 3.84492 -2.6533 0
0.293459 3.8172 -2.79989 0
0.0657249 2.90903 0.619052 0
0.503252 1.95101 -1.62192 0
0.781173 -0.335531 0.293664 0
0.590814 -1.04662 -0.968261 0
0.708702 -4.24721 2.44292 0
0.546797 -3.08851 -3.09666 0
0.648863 -2.96627 -2.9962 0
0.270094 1.19628 -0.560338 0
0.334825 3.30218 -0.705994 0
0.275639 3.39794 3.07356 0
0.955329 5.96318 2.46896 0
0.779918 1.37172 1.22033 0
0.504743 2.14916 -1.14109 0
0.263275 -1.61188 -2.3852 0
0.632564 -6.45915 -2.05621 0
0.182202 -2.52645 -1.16901 0
2.08016 0.579396 1.75068 3.55442059184761e-14
1.96607 0.488903 1.71762 3.98024824386042e-14
20.2453 0.51355 1.80101 4.94103218121569e-14
15.2101 0.541091 1.90249 6.42647314218679e-14
0.728425 0.604863 1.72636 2.99449442379238e-14
0.120607 -0.897112 0.338598 2.15242689383757e-13
0.515908 -0.623053 2.01806 0
0.216339 -0.434066 -0.770889 0
0.778745 -0.502404 1.98051 0
0.242434 0.748706 -2.74681 0
3.04934 -0.667968 2.53925 0
0.285359 2.41987 1.94308 0
0.474974 0.841706 -2.08817 0
0.159825 2.07853 1.76975 0
1.41963 1.36192 -1.25778 0
1.0994 2.39916 -2.04108 0
0.710672 2.94196 -0.493589 0
1.44611 2.35264 -0.318819 0
0.615201 2.51338 -1.28565 0
1.43383 1.77867 -1.55392 0
0.0113378 3.62461 -1.71363 0
0.735535 5.10411 1.7518 0
0.972537 4.09542 -3.00818 0
0.173814 3.8815 2.65391 0
0.933311 -0.116472 0.868362 0
0.10029 -0.842378 -1.01013 0
0.08638 -2.61638 2.87794 0
0.967394 -0.700623 0.808091 0
1.42547 -1.71826 0.881301 0
0.189621 -3.13855 1.38053 0
4.51988 2.3043 -1.82683 0
2.65962 2.14081 -1.95065 0
0.421101 4.01605 2.03351 0
0.680011 3.67583 -2.86693 0
0.355487 4.31555 2.09625 0
0.327315 5.79192 -1.64024 0
9.77552 -0.28261 -0.47324 2.54968322066077e-13
1.37082 0.0484487 -0.71992 2.54474784787625e-13
0.115154 0.278946 1.26139 9.78340233703622e-14
1.44463 0.818418 1.5153 4.19389887962961e-14
2.28117 0.730734 1.47009 2.19195279010261e-14
3.08782 0.788279 1.22674 4.62671283182389e-14
6.0153 0.621462 1.53995 3.33731683342121e-14
4.25822 0.647755 1.54335 3.27987095362247e-14
5.10545 0.828036 1.56964 5.0868160034009e-14
0.343983 2.45358 -1.39625 0
0.761312 3.1942 -0.177438 0
0.28146 4.15136 0.184398 0
0.459933 6.56346 2.08095 0
0.323726 6.16737 -2.26179 0
1.30266 6.00053 -2.03288 0
0.525431 6.04331 2.11507 0
2.39707 -1.51313 3.04153 0
4.69552 -1.50987 -2.78173 0
0.149293 0.174359 1.44881 0
1.32388 -1.02574 -2.34399 0
0.242333 -1.93564 0.294293 0
0.643471 -3.773 -1.22562 0
0.200875 -4.5666 1.47346 0
0.155723 -1.18226 -0.89344 0
0.357469 2.55418 -2.69799 0
0.544327 1.39888 1.63437 0
0.208075 0.166292 2.07925 0
0.398312 -1.8667 0.80861 0
0.456848 -1.59304 -1.25647 0
0.163151 -3.92278 0.331719 0
0.353919 -3.21135 -2.24875 0
1.10293 -3.71169 2.79723 0
0.633608 -3.41783 2.04998 0
0.142743 -3.4931 -2.49542 0
0.307397 -3.63308 3.13706 0
0.500152 -6.31303 0.0932166 0
0.335485 -4.47641 -0.302897 0
0.171641 -6.60367 1.39079 0
0.220714 -2.2299 -1.55075 0
1.3735 -0.80771 1.0144 0
0.253956 0.406931 1.50004 0
0.11297 -0.895991 -0.885811 0
1.09611 -0.389799 0.819024 0
0.0709272 0.383622 -2.66662 0
2.28148 0.496019 -1.08031 0
0.335618 1.19175 -0.663287 0
0.543349 -4.1228 1.48797 0
0.216672 -4.57502 -0.843136 0
0.503602 0.664918 -2.30989 0
0.509897 0.933464 1.95082 0
0.793206 4.76904 -1.32254 0
0.417518 -5.86724 -1.56593 0
0.378696 -5.86098 1.50963 0
0.237903 -4.11605 -2.64545 0
0.101166 -1.5575 -2.77161 0
0.212492 -0.446096 1.33254 0
0.235308 -0.373653 -0.680407 0
0.778108 6.06773 -1.77185 0
0.296991 3.39145 -2.2137 0
0.274032 1.98915 1.06864 0
0.185617 2.21748 -1.90305 0
0.620896 0.812678 2.29678 0
0.225328 -4.20721 -1.90882 0
0.580758 -3.31742 -2.67647 0
0.326903 -4.46739 -2.40614 0
0.158195 -3.47457 2.82088 0
0.170412 -1.12801 2.43584 0
0.690113 0.78022 -3.02413 0
0.653413 2.05574 -0.882223 0
0.20754 -8.05333 1.94496 0
0.102517 -9.3355 0.396578 0
48.4509 -0.643657 -0.906686 0.120606757386819
0.340716 -2.18928 -1.83069 0
0.188149 -2.77641 -2.37465 0
0.0280931 -4.27351 -2.60338 8.05243288779251e-08
0.168766 -3.32054 -1.5927 1.19761634236604e-07
0.872809 -1.59609 -0.332046 0
0.592403 -1.81741 -0.5724 0
7.6155 0.611362 1.75772 0.141781844346289
8.3003 0.624828 1.69374 0.163863509887135
5.81739 0.63116 1.60039 0.572006110819328
2.39016 0.631731 1.79899 0.300638584867152
0.324468 0.362872 1.50913 2.81879461294559e-05
0.0195778 0.369374 1.59298 1.69138014787104e-05
0.367887 -1.81773 1.59025 0.042209182323338
0.408127 2.11495 1.92817 0.0435431295350703
0.716258 -0.601076 2.49303 9.74357907426717e-08
1.24038 -0.530172 2.72986 3.45320452552534e-08
0.453835 1.64523 2.71003 0
0.993115 1.26864 2.39292 0
0.0881995 0.242294 -2.8229 1.26599672532262e-08
0.1129 -0.283411 1.15574 1.40689916845265e-08
1.05358 1.89509 -1.42117 0
0.553617 2.24931 -1.47118 0
0.184049 4.51279 2.62892 0
0.267826 3.94644 1.75891 0
1.02666 0.948919 1.0883 0
0.179578 1.43344 1.5949 0
0.693334 3.67974 2.08969 7.1304356629333e-08
0.664133 3.29183 2.14513 7.27071465176939e-08
1.25939 3.32418 2.0872 0
0.648373 3.48117 2.26703 0
0.386843 3.2861 1.90786 1.5015407871945e-07
1.22274 3.49029 2.08112 5.51273268890495e-08
0.606166 3.63596 2.03331 0
0.476174 3.33564 2.27938 0
0.323489 3.61155 2.30769 0
0.163285 3.91258 -2.91504 0
0.0330157 5.74095 0.358775 0
0.152176 5.61933 -1.11211 0
0.0911017 4.41573 2.84666 0
0.267895 3.46177 1.55327 0
1.07064 -1.89846 3.11315 0
0.863211 -1.89338 -2.73605 0
0.280309 -0.19284 -0.285066 1.54570762443135e-07
0.364094 -0.458911 -0.144655 4.52396291783989e-08
0.368554 -1.07892 -1.66054 0
0.726736 -1.4074 -1.49094 0
0.241323 -5.93528 -0.711764 0
0.569126 -4.912 0.206747 0
0.0819258 -5.05328 2.46504 2.53576724899498e-08
0.0795476 -5.47955 -2.14256 3.3142547322318e-09
0.271614 -4.07148 0.916058 0
0.153975 -4.40388 2.79836 0
0.266132 -2.41853 -1.43396 2.54032377325259e-06
0.0542196 -2.41072 -1.49023 3.18367362065998e-06
0.264985 1.72601 -2.39983 0
0.361424 1.86752 2.06734 0
0.311616 -3.48636 0.96326 0
0.173349 -4.87316 -0.0214684 0
0.0986643 -4.25328 -2.68421 0
0.429736 -2.838 -0.90616 0
0.352546 -5.48962 -0.606793 0
0.208209 -4.69684 -0.297898 0
0.272368 -3.43366 -0.688596 0
0.11915 -5.32143 0.653569 0
0.129044 -1.23782 1.92987 0
0.395458 -0.018261 1.26863 0
0.214843 3.94031 1.50407 0
0.277736 4.82829 -1.22931 0
0.283278 4.28395 1.2126 2.46302223513714
0.281852 3.76067 2.64092 0
0.214581 5.21805 -2.94304 0
0.0323367 5.12265 3.05091 0
0.144776 1.99102 -2.91655 0
0.316421 0.977654 2.22209 0
0.183642 0.794745 -1.51851 0
0.307732 3.13964 -0.425524 7.20256458923391
3.10366 3.01318 -0.288077 0.807447498426568
0.634564 3.63321 -0.603258 1.19106493421714
0.0311385 4.37287 -1.17865 11.4262181499888
1.36564 -1.02383 -1.25363 2.30258134108648
0.107787 -1.44336 -1.6136 20.5658648046741
0.972758 -0.806572 -1.48553 4.54296227168875
1.8772 -0.507055 -1.48501 2.7983950884264
0.155645 -0.654037 -0.849423 53.0158484502834
1.47847 -0.604373 -1.29437 5.6771209688447
0.287007 -1.90181 -0.0534615 0.000103096412368801
0.0184647 -1.41543 -0.338686 0.000363434114847756
1.96657 0.452792 1.62754 0.933615497597984
0.181629 -0.00755806 0.315941 0.158479844531048
0.855117 -1.20869 3.07079 0.0572907596790491
0.713603 0.593748 1.21251 11.7522973594652
0.200471 1.62175 1.15092 18.6721325895883
1.20356 -0.551992 -1.33466 0.180291584823289
0.831696 -0.560295 -1.05262 0.983429802324415
2.53157 -0.593943 -1.26151 0.271131323643221
6.28633 0.678375 1.73821 0.301260026704057
0.806117 -0.691453 -1.54029 1.32863926832901
2.14235 -0.559983 -1.24523 0.260942830216444
