0.923938 2.17144 -1.69783 0
0.663933 5.36181 -3.05318 0
0.829478 -2.54805 -1.56592 0
0.430184 -1.3802 -1.33027 0
0.280626 0.440015 0.0813117 0
1.22401 3.83084 2.78953 0
2.66133 4.13026 0.461827 0
2.57109 3.51739 1.0522 0
1.93508 3.84863 1.41852 0
1.05992 -1.05728 1.89791 1.98651031480461e-13
4.85175 -1.26503 2.04934 1.45440128548629e-13
0.73378 -4.02551 -0.269889 0
0.792933 -0.814633 -1.76482 0
0.689463 -3.14209 1.76002 0
1.76994 -2.04284 2.0243 0
3.92794 -1.93629 2.05278 0
4.02461 -1.72455 1.81127 0
3.47068 -2.0889 2.27723 0
0.520045 6.01297 0.916409 0
0.263576 6.82792 2.53506 0
0.605336 6.40932 -1.55054 0
0.14691 6.84979 -0.552875 0
0.736047 3.44195 -0.184267 0
0.179124 2.74578 1.80504 0
1.56388 3.25958 -0.32871 0
0.677185 2.05951 -0.689518 0
1.85263 2.8381 0.632742 0
0.57903 2.31429 0.0320177 0
3.30925 -3.93919 -0.861212 0
0.602256 -4.53296 -0.661404 0
2.87461 -4.32865 -0.825039 0
1.93601 -4.87269 -1.69856 0
0.463453 -5.76362 -1.38771 0
1.29366 -4.89283 3.08507 0
0.468335 1.78016 -0.0671151 0
1.04382 1.9389 -0.448832 0
0.5321 1.753 -0.897346 0
0.736696 1.80915 -0.46794 0
1.07575 2.06461 -0.622822 0
2.26627 2.08416 -1.96248 0
5.02354 2.18806 -1.82926 0
0.637482 2.65889 -1.27072 0
1.09237 2.89011 -1.34441 0
3.41115 -0.129083 2.90264 4.9045298843682e-13
10.7761 -0.361453 2.92022 4.01450064737471e-13
4.51333 -0.778674 3.05425 2.90704520619835e-13
3.7803 -1.02337 2.98204 2.16369064494038e-13
4.36529 -1.03896 2.91537 1.90482348584495e-13
1.49145 5.10162 0.74129 0
1.22222 5.38114 0.597033 0
0.22612 5.6361 0.0933596 0
0.468122 6.17564 0.708403 0
1.36177 5.69155 -0.0713813 0
0.0598006 8.515 2.12339 0
1.6454 5.94478 -2.40231 0
1.94243 6.09078 2.86771 0
0.127172 5.54838 -0.967103 0
1.29971 4.74861 -2.92447 0
1.64229 5.00581 -3.03773 0
0.721114 4.19053 -1.73111 0
0.104441 1.39235 -1.41029 0
1.54423 -0.991444 -2.0867 0
1.69248 0.928892 -1.65713 0
0.231411 1.35976 -0.908546 0
2.04024 0.443742 -2.65272 0
0.71699 -0.464979 -0.17585 0
0.673994 -0.419074 1.23141 0
0.535556 0.124127 0.391268 0
0.650469 0.244868 0.925594 0
0.660872 2.44527 1.1992 0
1.07624 2.18257 1.42062 0
2.45056 2.41229 1.03817 0
1.52599 3.19894 1.43627 0
1.19202 2.06736 2.40874 0
1.00132 1.77535 2.79877 0
1.1882 2.16488 2.67891 0
0.957769 -1.73287 -1.70723 1.21938060567215e-13
1.11632 -1.24448 -2.32122 4.28925273572302e-13
0.257843 -1.87117 -2.65579 3.94912746505802e-13
8.74493 -1.83678 -2.06449 2.35715046722446e-13
7.26356 -1.94608 -2.05692 2.33518054682387e-13
12.7946 -1.98919 -2.04156 2.30603327778583e-13
0.102666 3.18567 1.78772 0
3.33242 3.79872 2.4231 0
0.381007 2.80794 -1.42664 0
0.466685 -4.7732 -0.720207 0
0.102725 -6.40159 -1.35606 0
0.556023 -2.08392 -2.05296 0
0.69548 -3.3348 0.91169 0
0.554488 -0.829903 -1.80192 0
0.412629 4.03323 -1.75441 0
0.735154 4.57029 1.50997 0
0.958407 5.90714 1.9144 0
0.525476 -2.32243 -1.91435 1.47883366476926e-13
0.87211 -2.99628 0.619849 1.83252285362369e-13
2.23253 -4.57586 0.901967 1.80949612010177e-13
1.00194 -6.57572 -2.73954 1.78573140548847e-13
0.635254 -6.09433 1.87407 1.80176192443418e-13
0.377662 -4.27678 0.0461676 1.71830345016483e-13
0.201381 0.0168119 -2.15666 4.72311961724635e-13
0.618529 -0.89299 0.7243 3.67030827194068e-13
0.448396 4.87672 -0.417709 1.84129359298016e-13
0.811628 4.55182 -1.37933 1.86724103952463e-13
0.084104 7.44562 -1.41924 0
0.292048 5.69137 0.0592553 0
0.76532 -8.14858 -2.76584 0
0.0797817 -5.66716 -2.53909 0
0.356687 -5.37194 -1.39442 0
0.375941 -1.61541 -0.559196 0
0.455051 -2.01537 1.15968 0
0.623581 -1.15091 -1.20277 0
0.325713 4.40516 -1.69716 0
1.04759 3.259 -1.09997 0
1.04907 -1.66522 -2.53692 0
0.264988 -0.614698 -1.06165 0
1.31859 -0.889971 -2.85011 0
0.13575 2.48061 2.19848 0
2.74654 3.91261 0.171832 0
1.3074 -1.21424 1.75957 2.36980305136065e-13
0.126774 -1.63039 -2.43172 4.06406546786823e-13
7.69848 -1.25662 2.01251 1.56275139694485e-13
1.70654 -3.88822 -0.347142 0
0.106767 -4.1581 -2.66913 0
0.11627 -2.42444 -2.17644 0
0.670845 -0.33026 -0.927448 0
0.926776 0.312366 -1.58829 0
0.726529 -0.243521 -1.75208 0
0.441725 0.512372 -1.04181 0
1.16424 0.909192 -0.911549 0
2.24522 0.69312 -0.834196 0
1.2131 0.298102 -0.863486 0
1.05489 1.11561 -1.70118 0
0.0899726 -3.03947 -0.683502 0
0.413859 -1.53438 -2.80735 0
0.82843 -1.89016 1.87643 0
0.223326 -2.94824 1.20291 0
0.73738 -1.50558 2.16069 0
1.2208 -1.80749 2.25022 0
0.439211 2.93026 0.731521 0
0.169279 3.9364 -2.09314 0
0.446661 5.19017 -1.28002 0
0.376857 0.457015 0.0960065 0
0.0423514 3.20826 0.153818 0
2.84981 -4.22393 -0.769392 0
1.49072 -4.03886 -1.08446 0
0.843751 -4.15657 -1.4557 0
0.0894151 -4.04882 -2.63431 0
1.08253 -4.97053 -1.22029 0
0.95215 -4.64932 -0.903683 0
0.495315 -4.959 -1.52672 0
1.0156 2.85708 -1.29363 0
0.799303 2.91008 -2.30192 0
1.2382 2.72929 -1.95244 0
2.21306 2.90933 -2.22893 0
0.475303 2.48514 -1.81387 0
3.65662 -0.42636 3.00418 3.94769066385436e-13
1.30017 -1.26405 2.63778 9.96498839285396e-14
3.14153 -1.01368 3.09387 2.57121236296547e-13
1.27421 -1.16519 3.09467 2.43140770462247e-13
0.706939 -1.2835 2.4518 7.06425534621224e-14
1.01223 5.40179 0.0953283 0
0.11167 6.35172 1.20659 0
0.960147 5.4107 -0.050416 0
0.406205 5.0507 -1.60125 0
0.378587 4.95175 -0.386881 0
1.4906 0.240498 3.02766 0
1.84197 0.10136 -2.90042 0
0.0790634 -0.613173 -2.46484 0
2.22496 -0.139767 2.60153 0
0.685362 -0.166108 -2.98482 0
0.542495 -1.90452 -1.89574 0
0.908308 -1.75777 -0.982395 0
0.984733 -2.07281 -1.37388 0
0.188122 -1.24318 -3.07338 0
0.110527 1.08089 2.25356 0
0.534539 0.269068 -2.38312 0
0.166534 -0.005374 0.550457 0
0.570593 0.15433 0.840095 0
0.9893 3.13392 1.65548 0
4.79734 1.80963 -3.06763 0
1.04106 0.634076 2.42175 0
0.529787 0.973339 1.99113 0
1.25886 0.141369 1.71702 0
0.986239 0.439498 1.66095 0
0.861598 -0.19385 1.90724 0
0.408266 -1.211 -0.553046 0
1.4608 -0.543274 0.0164222 0
1.53213 -0.724298 -0.068251 0
0.3991 0.336158 -0.830873 0
0.680094 -1.27125 -0.740158 0
0.252068 0.00628051 -1.81197 0
0.0909467 -0.573127 -0.636187 6.88980810645645e-13
0.617983 -1.9947 -2.00637 2.22020583989464e-13
7.44348 -1.77065 -2.22275 2.86786041907321e-13
2.28038 -1.95805 -2.27605 2.91416604702157e-13
2.05 -1.94434 -2.46808 3.41054825569152e-13
0.517999 3.91776 2.86422 0
0.391021 -2.27045 -0.303992 0
0.852677 -1.54039 -0.633329 0
0.275321 -1.3684 1.34409 0
0.323378 -3.68597 -0.783802 0
0.219749 -1.21815 0.866894 0
0.490882 1.87629 1.38034 0
0.240059 5.5535 2.19291 0
0.498245 6.13597 3.10409 0
0.688345 5.26062 1.57987 0
0.373155 -1.88508 -0.154536 1.26917558657717e-13
1.83997 -3.64606 1.78048 1.99310951872151e-13
2.10334 -3.62297 1.15622 1.91137763965743e-13
0.0883146 -7.33245 0.512106 1.78224495838658e-13
0.721376 -4.06733 2.2501 1.93259774538498e-13
0.210325 -7.62315 -2.95922 1.78479571646825e-13
0.918776 -6.51322 1.85496 1.79523998030976e-13
0.222113 -3.5372 -0.903336 1.52455343193217e-13
0.262517 -3.00635 -1.92632 1.58220989860683e-13
0.668253 2.10138 2.84096 1.11423826486059e-13
0.23866 2.00393 -1.24769 2.85736568362194e-13
0.501228 4.28066 -2.65469 1.7698485201514e-13
0.264814 5.94898 2.30847 0
0.28106 3.89979 1.97254 0
0.0865369 -6.57149 2.77871 0
0.190521 -3.60879 -1.31846 0
0.236926 -3.16335 1.47685 0
0.128336 -0.886254 2.85228 0
0.737974 0.485009 1.134 0
1.2132 4.6054 2.96915 0.894902341474407
0.340833 -0.73574 -1.33799 0
0.377936 -1.88462 -1.41811 0
0.206713 4.27361 0.698715 0
0.637515 3.14913 0.399731 0
0.20295 -5.05121 -1.15537 0
0.0980785 -4.30082 -1.54913 0
3.8613 0.0290686 1.2416 0.0890368210455005
9.95172 -0.156907 1.29961 0.0139437134559464
4.6546 -0.182004 1.27396 0.0109108507176053
2.30458 -1.87155 1.95139 0
1.53299 -1.86061 2.13236 0
0.930921 -1.97455 2.08572 0
3.49396 -1.99816 2.00237 0
0.236545 2.14587 -0.575591 28.9824163159978
1.58947 1.52942 -0.883115 0.123208515864291
1.68081 1.42777 -0.377256 0.0526107481916976
0.319513 0.953717 -0.460581 0.232713838567909
1.38154 1.54954 -0.256397 0.0840444539765689
0.150904 2.38646 -0.0638874 5.08022291154701e-11
0.60566 3.57376 -1.23029 4.63369714950316e-08
0.556209 3.74144 -0.921429 4.94845834318671e-08
0.605921 3.35364 -1.93759 0
1.18527 3.3029 -1.55235 0
4.01123 -1.01869 2.92428 1.9607267919336e-13
3.19014 -0.940801 3.00527 2.37229477385444e-13
0.369165 6.63072 -2.28643 0
0.784653 6.31132 -1.6774 0
0.671859 -0.500466 3.06081 0
0.821811 -0.486346 2.7059 0
0.197451 -0.849003 -2.09355 0
0.412587 -0.26464 2.49778 0
0.365076 -2.08761 0.269243 0
0.170043 -1.91692 -1.84136 0
2.00321 -2.10134 -0.256966 0.909780508400114
0.618284 -1.71536 0.315061 3.43510032970355
0.284461 0.102388 -2.03927 73.338700837547
0.484815 0.363223 -2.32071 1.6759950243843e-07
1.55281 0.487601 -2.56209 5.70470618726356e-08
1.34065 0.256589 1.45566 1.53282386657193
0.279722 0.206733 1.89588 7.41437549299978
1.0422 -0.486157 0.234207 0
0.243838 0.262888 0.474256 0
0.994694 -1.20701 -1.87475 0
0.899013 -0.969208 -1.90824 0
5.89648 -0.605609 -1.24885 5.76373863689774e-13
5.00561 -0.679916 -1.2909 5.24263597825853e-13
0.381593 3.03829 2.32008 0
0.325543 4.01059 2.70734 0
0.0507899 5.20407 -2.88704 0
0.179291 3.59234 -2.00467 0
0.447784 -1.27311 -1.00976 7.77744868986234e-14
1.27827 -1.0797 -0.487779 1.61654249328961e-13
2.55399 -3.1567 1.35418 2.0473840355261e-13
1.36239 -3.08232 1.48745 2.10029400631324e-13
0.418906 -2.81212 1.22874 2.12088362915401e-13
0.220655 -3.26487 0.249702 1.68768114710257e-13
0.218406 0.51646 -3.07587 3.74207707199551e-13
0.0773127 1.10032 1.29075 2.24807209417113e-13
0.3337 1.84863 -2.18941 2.53909845404938e-13
0.161659 1.71152 -0.0330971 2.93017032901292e-13
0.208237 -5.15436 -2.72978 0
0.116625 -4.19354 -1.37448 0
0.127188 0.229915 0.955109 3.08671599572757e-06
0.08102 0.210983 0.652103 7.95402180727427e-06
0.322456 -3.94089 -0.462177 3.71804709920834
0.797378 -4.14443 -1.19644 1.22167365740348
0.258159 1.53211 -1.95213 0.816770310031622
0.224662 0.295239 -0.969721 2.18478610131639
0.107088 4.3366 1.66714 0.269758204185462
0.137775 2.43649 -0.0477323 1.39849271458196
0.185131 3.21062 2.13348 11.2120480247632
0.746704 2.15993 2.11614 7.85900272237267
0.310865 -2.83996 -2.26928 25.1450838110706
1.27894 -2.2392 -2.12774 11.0728461257493
0.133721 -1.01799 -0.149939 42.8344603458672
0.300519 -1.08593 2.67906 18.1109596381253
0.0394127 2.78459 -0.884342 7.73510985054091e-05
0.178178 2.74935 -0.872388 9.05568421645853e-05
0.262473 -3.11995 -1.78935 1.94237714734285e-05
0.204509 -3.4389 -1.86193 3.45079156385083e-05
0.327405 -2.47308 0.0542149 18.9507312148765
0.409269 -2.98992 -0.940958 9.08547993398238
1.11936 -0.0138475 0.223087 1.10663849434013
0.177371 0.507663 0.736635 6.17269546387663
0.303338 0.589267 1.43885 0.14749855938313
0.201039 0.340815 -0.463706 0.247620505771392
1.71691 -1.10828 -2.24424 0.0288167055065123
0.33166 0.00187866 -2.83378 0.0863224490763289
0.0721262 3.49378 1.24094 6.70382374439952e-06
0.279172 3.50765 1.21519 5.74341372133748e-06
4.74924 -0.219876 1.20448 0.0668435947594689
1.96668 -1.97344 1.97475 5.20400249146103e-08
2.67185 -1.91945 1.96281 8.94614666565126e-08
1.40307 -2.21574 2.27013 0.392308795481613
1.08185 0.625426 -1.75187 14.1553048193446
0.150548 1.18544 -2.105 92.2079770237547
7.527 -0.641066 -1.27559 0.228364027580217
2.0532 -0.79175 -1.43601 0.988224767443932
0.4735 -0.143099 -2.81163 0.113773625620394
0.219347 0.0277444 -3.00903 0.249284589122155
0.0457929 -2.53016 0.695992 1.93021644254057
1.15136 -2.14153 2.09272 0.0656413224885772
3.45206 -1.07853 -0.411767 7.23182891535428
0.87705 -1.23998 -0.357878 1.87203967111596
2.68871 -1.33635 -0.361886 12.8609190036328
7.2205 -1.29956 -0.281871 5.49796900355372
