0.270654 9.47033 -0.180613 0
1.92267 -0.298516 -0.74647 0
0.288057 -3.42406 0.640833 0
1.45933 -3.0898 1.25049 0
0.245635 -0.699772 -0.320207 0
0.555827 -2.15449 0.095085 0
0.330844 2.1334 2.06934 0
0.0102463 -3.63249 1.81635 0
0.663109 5.97757 0.119905 1.87006766661381e-14
1.71014 5.08165 2.37026 5.33386655621934e-14
0.218752 5.40235 -0.910571 3.64199672385535e-14
1.70178 1.39744 2.30405 0
2.63521 1.06467 1.78479 0
0.776117 -1.21742 0.652003 0
0.37453 -3.18543 -1.613 0
0.425183 -4.12429 2.89826 0
0.762452 -5.34171 -1.21803 0
0.480451 -6.64944 -1.35421 0
0.107533 -4.35324 -1.19886 0
0.318105 -3.94474 2.55484 0
0.277726 -2.46728 2.16424 0
0.40931 0.630815 -0.957445 0
1.0998 0.275226 2.98911 0
1.46553 -2.17333 -1.91611 0
0.225404 -3.75287 -0.824181 0
0.276627 -2.73662 -2.97426 0
0.212846 -3.26046 -2.63555 0
0.761088 -2.78355 -1.175 0
1.30462 -4.08682 0.361298 0
0.441861 -4.9447 1.31239 0
0.429964 -5.30266 -1.36773 0
0.295476 -7.08525 0.448136 0
0.606642 -8.05826 -2.49683 0
0.111306 1.62429 -0.64031 0
1.76414 1.49127 -2.22045 0
0.306856 1.73521 0.00740552 0
3.24264 2.12905 -0.883774 0
0.436752 2.27393 -0.741274 0
0.700995 3.05616 -1.12961 0
0.263967 4.60441 -1.81306 0
0.114321 6.41338 -2.33949 0
1.2391 6.94315 -0.657039 0
1.22438 6.75037 -1.00281 0
0.306291 6.99822 -2.31446 0
0.243535 4.87975 3.04579 0
1.23959 5.56557 -0.598558 0
0.458102 4.38888 0.440037 0
1.03496 4.51465 -0.749057 0
0.393713 4.27642 -3.04228 0
0.543285 3.6547 -2.92365 0
0.352175 2.24824 2.42536 0
1.18515 1.01238 1.03967 0
1.94933 1.05163 1.13944 0
1.16782 0.960845 1.62179 0
0.241751 2.70309 0.711798 0
0.182582 0.269672 1.9771 0
0.060515 -2.00696 -2.3515 0
0.978047 -3.89634 -2.15963 0
2.20141 -2.81252 -3.02813 0
0.456882 -1.39398 0.990672 0
0.805548 -1.3225 1.82102 0
0.355409 -1.17716 0.454391 0
0.579718 -1.21173 1.42108 0
0.435035 -1.21286 2.44838 0
0.177425 -1.20278 -1.93479 0
0.49365 0.230302 -2.46593 0
0.23191 -1.24321 -0.316297 0
0.635441 0.917109 0.461998 0
0.6477 0.907717 -0.347278 0
0.766583 -0.529666 -0.566464 0
0.435872 -2.06544 -2.40485 0
0.522852 -1.57233 -1.08111 0
1.08131 4.86174 1.9681 6.52114069098757e-14
0.865514 5.07526 2.65734 5.41381356028768e-14
0.345019 4.69309 2.43514 7.79691759581764e-14
1.01149 1.15012 1.79398 0
1.48335 0.701452 2.22725 0
1.57435 1.63833 -2.97386 0
0.802779 1.09248 -2.27658 0
0.33534 0.220005 -0.366959 0
0.376944 -1.17869 -0.824437 0
0.19401 -4.38789 -2.18362 0
0.389708 -4.47085 0.422354 0
0.469044 -4.69227 -2.00013 0
0.386888 -1.07374 -2.29652 0
0.59959 -0.74943 1.54174 0
5.94625 0.0986533 2.67856 0
0.159987 -3.09848 -0.520995 0
0.694319 -2.27118 -2.406 0
3.38322 -2.70276 -1.64777 0
0.168302 -3.86894 -0.725974 0
0.815145 -2.66045 -0.285475 0
0.265361 -3.59575 0.365239 0
2.43624 -2.82884 0.797935 0
2.28845 -2.8651 0.46528 0
0.828587 -3.58809 0.619639 0
0.202211 -2.32341 0.0534052 0
0.324318 -3.82156 0.425689 0
0.857095 -3.03888 0.315955 0
0.0140534 -4.95858 0.133999 0
0.669364 -4.76196 0.370034 0
0.191372 -3.51692 1.25062 0
0.307919 -7.01043 -2.97104 0
0.241852 -5.50497 -1.198 0
0.252569 -7.30267 -0.152712 0
0.695471 2.69484 -0.988361 0
0.636704 2.05304 -0.468829 0
1.47441 2.64501 -0.987997 0
0.155174 4.15698 -1.81382 0
0.596368 2.47578 -0.577087 0
0.942912 3.14519 -0.494139 0
0.812378 3.15264 -1.15027 0
0.462578 4.52694 0.593045 0
0.292666 4.05256 -0.622428 0
0.385062 5.84133 -0.0347821 0
0.305799 6.34638 -1.22737 0
0.220547 5.78242 -2.58175 0
0.198978 7.56329 0.210732 0
0.47741 5.11263 -1.03369 0
0.215426 6.40953 1.02348 0
1.36034 4.51314 -0.0659984 0
0.24635 5.07185 -1.00677 0
1.14981 4.90275 0.0662136 0
0.258683 4.59593 1.61742 0
0.201097 5.33343 2.13333 0
0.743345 3.65103 1.77715 0
1.4592 2.64729 1.83595 0
0.84036 2.4208 1.89276 0
0.258891 2.73259 2.94849 0
0.852789 2.39855 1.8345 0
0.22559 0.473915 3.10619 0
1.13467 0.658491 1.0845 0
0.41229 1.64334 1.56913 0
0.125381 1.69539 -2.60509 0
0.237446 1.64208 -1.56389 0
0.203071 1.39172 -0.330525 0
1.07928 2.31317 -1.81964 0
1.0869 2.57123 -1.93518 0
0.984691 2.67709 -1.43048 0
0.671073 -0.834045 -0.372591 0
0.0964955 -4.11664 0.165197 0
0.395736 -5.16932 -3.07705 0
0.321396 -4.35299 -0.084504 0
0.347378 -6.28072 -2.24473 0
0.338863 -5.61476 1.04225 0
0.843677 -4.29855 2.95708 0
0.598083 -3.82532 2.8161 0
0.291641 -3.43163 -1.71653 0
0.959283 -3.32626 2.88995 0
0.343968 -3.79036 -2.67031 0
0.291414 -2.62895 1.72864 0
0.157514 -2.58918 -2.61866 0
1.28826 -2.74289 2.40983 0
0.175402 -1.78693 2.49129 0
1.06899 -1.46786 2.54368 0
1.74031 -0.0747809 1.66249 0
0.37595 -0.644979 2.34985 0
0.41916 0.778869 -3.06197 0
0.295124 -0.0784257 0.263781 44.7517500336392
0.022926 9.24555 -3.07025 3.24183319914472e-15
0.150474 5.92367 2.38088 2.39517914164275e-14
0.732841 1.31809 1.76831 0
0.615396 1.28521 2.51355 0
0.656298 1.13243 3.12297 0
0.087891 2.65876 2.19058 0
1.32659 1.77508 -2.7059 0.714271328078766
0.405515 1.82903 -2.76504 2.21946852718645
0.161658 -1.26639 -1.94112 0
0.0268512 -4.43107 0.452061 0
0.147747 -5.47831 0.589244 9.4206305217238e-08
0.0443313 -5.59413 0.701203 8.80471507841452e-08
1.18893 -1.19969 -0.340332 1.38179997649853
0.117597 -2.85671 -0.0674346 0
0.494308 -2.0743 -2.23384 0
0.0124962 -4.45884 -0.493108 5.57088695663649e-05
0.0441799 -4.34354 -0.51599 5.12247009797947e-05
0.0798517 -6.35028 2.40504 1.46956338176078e-07
0.206866 -5.9633 0.913927 1.64181246932598e-07
0.0455529 4.33669 -0.993342 0
0.0570558 4.17001 -1.35615 0
0.287702 5.04137 -1.0662 6.98862058463903e-08
0.0768201 5.79238 -1.1353 5.49052844141109e-08
0.982995 3.12737 2.02937 0
0.083465 4.33154 1.389 0
1.13422 0.492719 1.23558 0
0.621892 0.191544 1.2262 0
0.245861 2.84439 2.75913 0
0.0339909 2.54537 -2.82485 0
0.170064 1.75883 2.40165 0
0.445821 2.09837 -2.07255 0
0.0319589 -2.34554 -2.16479 0
0.202305 -0.17608 -2.73989 0
0.0972535 -0.282923 3.13274 0
0.129932 -0.407096 0.740179 0
0.211897 -6.61846 2.79189 0
0.237311 -5.76654 -2.01607 0
0.0827622 -3.37209 1.26571 0
0.0557596 -4.86779 -1.82263 0
0.260494 -0.612733 1.18979 0
0.0776949 0.796764 -0.207677 0
0.40174 -0.307652 1.80345 0
0.0563262 1.38443 -2.79848 0
0.402025 2.81139 2.86313 3.79577119067338
0.0632659 3.12117 1.03346 17.5767946377254
0.42264 -2.25335 -1.9064 4.66247199458256
0.346238 -2.36215 -3.03639 5.11602197608392
0.098065 0.844276 -2.71143 6.36120670859641
1.0734 0.637826 -2.02569 0.658902265020917
0.35275 -1.16235 -1.80868 0.227495889844718
0.625064 -0.0644669 -0.27402 14.0503762172885
0.266068 -0.0417502 -0.293317 16.7597265147785
0.470595 -2.6748 -1.80271 0.578628985005022
0.835139 -3.20761 -1.42504 0.188348425048718
0.497409 -1.49759 -1.2389 2.43629627361116
0.11957 -1.53181 1.89807 2.09566110852514e-07
0.0577125 -1.87321 -1.84526 1.42206915996836e-07
0.353869 -4.04344 1.30497 0
0.0760579 -6.91713 -2.26803 0
0.215059 -1.47797 -2.45662 0.064628726566224
0.0132531 -0.666661 -1.84831 2.22050467888287e-05
0.0390527 -0.0351529 -1.83714 2.53628180510612e-05
0.289123 -0.816976 -2.94195 112.316118237587
0.669038 -1.38587 -2.33092 30.8071726022611
0.555903 -1.34935 -2.49657 0.0898095887386189
1.01666 -1.43546 -2.14121 0.121738014027274
0.378457 -2.08106 -2.91421 0.255116067043192
0.559772 -0.983889 -2.1691 0.176301814312671
0.629761 -1.50013 -2.30914 0.0599005013394123
2.33603 -1.21068 -2.37046 0.0525389089354633
0.841877 -0.568904 -2.41193 19.2552364969473
0.540663 -1.16331 -2.50646 19.2808767481423
