0.614432 0.406093 0.0626638 1.09722514219977e-13
1.98385 0.17177 1.77812 4.24648690079626e-13
0.24817 -4.69385 -0.624929 0
0.251661 -7.11564 2.14809 0
0.311653 -6.0278 1.01091 0
0.780556 -7.50489 -3.04962 0
1.96725 -2.09287 -1.46884 0
1.33663 -2.84697 -1.19743 0
1.43174 -2.00062 2.73676 0
0.297534 -3.10552 0.741135 0
0.38399 -3.50519 -2.72267 0
0.287496 -3.15431 0.693071 0
0.683825 -3.64498 2.65993 0
0.279446 -2.78444 2.97099 0
0.784609 -3.83795 1.32448 0
17.2372 -1.27328 1.98771 6.36660855959008e-14
3.17012 -1.43057 1.9759 6.30287101371541e-14
0.985858 -0.433628 -3.01101 4.99324341379943e-14
3.95904 -0.990154 -3.08129 1.05494699209324e-14
1.95725 -0.713221 3.00143 2.251764385862e-14
12.504 -0.803171 3.11487 1.54177051105538e-14
3.02464 1.625 -0.98705 3.91811291743856e-13
0.186398 2.22954 -0.643928 3.78668738470926e-13
0.0382723 3.40011 1.06656 4.20532485011626e-13
0.368503 0.585625 -0.839861 3.98528582567657e-13
4.81235 -0.184937 0.324766 4.40917408032562e-13
1.88692 -0.103329 0.20085 4.04666002512093e-13
4.3649 -0.222577 0.165697 4.47404224894416e-13
9.79107 -0.271432 0.289037 4.66739615311225e-13
0.849989 -3.7612 -1.82058 0
0.571064 -3.29916 -1.68201 0
0.262493 0.204882 -0.142368 0
1.98213 -4.0964 0.343196 0
0.524894 -3.82333 -0.940465 0
0.856859 -3.51465 1.33491 0
0.464937 -3.36851 -1.00451 0
2.14007 -2.79288 0.790305 0
0.359629 -2.86607 2.03356 0
0.439728 -2.08751 -0.0354536 0
2.60104 -2.4126 -0.943964 0
1.4367 -2.33786 -0.922127 0
0.0995921 -2.89342 -0.772061 0
1.60276 -1.83179 -0.898073 0
5.10436 -1.59808 -0.929221 0
2.36556 -1.77015 -0.876472 0
6.37861 -1.68168 -1.01124 0
0.357359 -0.439135 -2.18744 0
1.14271 -0.194792 -1.36913 0
1.08982 0.493085 2.68747 0
0.0473481 2.64948 2.78565 0
0.167506 1.15968 2.94667 0
0.704387 0.757826 2.65884 0
0.828508 0.00619555 3.12487 0
3.96821 0.278974 3.07017 0
2.27345 0.0614073 -3.10955 0
0.458543 0.423342 2.50209 0
2.2402 -0.0955366 0.349459 2.70095658908599e-13
2.06201 -0.0531248 0.378855 2.57372219144592e-13
0.605141 0.630039 1.19108 2.96184880507845e-13
1.82923 -0.0466246 0.331321 2.52965280400827e-13
0.498426 1.18566 0.517722 1.79984387719025e-13
0.447779 0.803752 -2.84382 4.1454967606074e-13
0.981825 0.581357 0.438772 6.36967887779651e-14
0.521889 3.68207 -2.86777 3.69906771717881e-13
0.529755 4.37434 -0.83718 3.55857752925449e-13
0.600201 4.74214 3.09953 3.62390647490284e-13
0.543223 4.94028 1.29735 3.56792159558079e-13
0.349774 7.65575 2.60857 3.58676658975303e-13
0.626917 7.40133 3.13367 3.5879801077941e-13
0.870965 4.804 1.64276 3.57797773426976e-13
1.92371 3.76497 1.21287 3.52135948787005e-13
0.982173 2.62797 -1.16578 3.5538597806437e-13
0.106191 3.51419 0.404104 3.4396917393158e-13
1.63962 3.20936 -0.558385 3.45384800531783e-13
0.531925 3.38206 -1.85104 3.66834522160299e-13
0.358393 1.36413 2.97666 4.26035604833207e-13
0.994756 1.18784 1.67232 3.63280713623699e-13
0.579241 -0.493365 1.47127 4.28915485572228e-13
0.896095 0.063022 -0.392996 3.08595902444331e-13
0.328429 -1.18816 1.51822 4.07785264740101e-13
0.597958 -0.469897 -1.19561 4.23557384584621e-13
0.972226 -5.1304 1.05563 0
0.217023 -0.985816 -2.88679 0
0.271605 1.30608 0.53409 0
0.316298 3.62781 2.37001 0
0.451062 4.30249 0.294607 0
0.142129 4.34575 -2.05992 0
0.380978 1.39487 -1.29383 0
0.442651 -0.523584 1.50568 0
0.588036 -2.69823 -2.05226 0
0.519685 -2.49331 2.80099 0
0.289317 -2.72852 -0.329532 0
1.24525 -4.53776 1.88255 0
1.81254 -4.5997 2.22742 0
1.3235 -3.3089 3.02325 0
0.706387 -2.51037 -2.9212 0
0.0754083 -1.73894 0.358019 0
0.121822 -2.10212 -2.47929 0
0.272325 -0.738515 -0.21271 0
0.568364 2.73396 0.0218053 0
0.536343 3.48601 1.01443 0
2.18082 4.78561 1.21838 0
1.24239 4.90271 1.28939 0
0.19474 5.08629 -2.98868 0
0.34579 5.74083 1.95441 0
0.386726 4.50111 -0.730045 0
0.321344 4.46131 -2.49602 0
0.584671 4.48558 1.39745 0
0.504664 3.49445 -0.0118192 0
0.263796 -5.66058 -2.97755 0
0.50768 -7.28679 2.69971 0
0.0558475 5.00953 -0.23466 0
0.267624 1.03383 1.91388 3.95859271530848e-13
15.2649 0.254906 1.34722 3.67096427822624e-13
0.125545 -4.3042 -0.512857 0
0.303285 -2.80791 2.64578 0
0.472109 -3.92122 2.7628 0
0.331289 -3.494 0.143345 0
5.23664 -1.29295 1.97281 6.4136335523026e-14
0.751419 -1.32399 2.06001 6.00021035799092e-14
0.889737 -0.724414 -2.73115 4.31172791695096e-14
12.577 -0.901607 -2.98398 1.92456546778998e-14
1.72485 -0.913281 -3.10479 1.09478519055655e-14
0.294649 -0.176378 -1.32558 5.64476873069042e-13
0.423843 -0.207538 -0.146836 4.5445651178263e-13
2.21288 0.324194 0.260109 2.15632589810861e-13
3.77428 -0.269212 0.293264 4.66247219541088e-13
3.32613 -0.392433 0.236586 4.98178676819987e-13
0.777644 -4.24026 -1.45004 0
0.388994 -2.66662 3.10656 0
0.494273 -3.8179 -0.223045 0
0.48353 -0.899677 1.8303 0
0.234519 1.58903 -1.57753 0
0.236638 -1.9765 1.16932 0
0.544866 -1.3401 -1.05252 0
0.541339 -2.23635 -1.20909 0
2.40508 -1.64957 -0.835585 0
1.58586 -1.63238 -1.20976 0
1.32903 -1.65893 -0.929303 0
0.365452 -0.366418 -0.381958 0
1.29031 0.643764 2.72766 0
0.455309 -0.0736419 2.13214 0
1.15793 0.436049 3.01707 0
0.120635 1.74369 2.05397 0
1.35998 -0.187663 -1.98911 0
0.779287 -0.718229 0.682411 4.13718257381143e-13
0.956249 0.013147 0.418395 2.37074254288975e-13
0.129812 2.67586 -2.43604 3.85188638838729e-13
0.311545 4.06153 0.235442 3.50198893844885e-13
0.506164 3.82085 2.64814 3.6589179199711e-13
0.384377 3.29728 0.313851 3.40143004506558e-13
0.491196 4.53189 -0.0312935 3.53601065639659e-13
0.236356 6.30003 2.52959 3.59071825278124e-13
0.231952 8.17804 -1.24382 3.58513609997889e-13
0.11035 8.80414 -1.72623 3.58550214507025e-13
0.452228 7.26033 -2.40074 3.58815692556005e-13
0.116636 7.04386 2.25929 3.58689847073977e-13
0.398884 6.12719 -1.00754 3.58220740346936e-13
0.369496 4.83321 -2.2064 3.61436744491391e-13
0.36055 5.40305 0.850414 3.56743647320639e-13
1.08793 3.36326 -0.408472 3.45440356063981e-13
0.592405 1.72691 2.08824 3.84437696853498e-13
0.505904 2.0507 2.99085 4.03743511408673e-13
0.335434 -1.26045 0.713209 4.27859599103835e-13
0.167803 0.878037 1.30418 3.11617057398701e-13
0.980942 -0.709118 -0.179548 4.13880609096872e-13
0.226037 -2.72513 1.17242 3.77010200219575e-13
0.93247 -1.85352 -0.0631128 4.11710878540786e-13
0.34122 -2.20667 -1.93557 0
0.373775 -0.499511 -1.59281 0
0.387786 -1.17752 2.48337 0
0.41016 -1.91688 0.517713 0
0.689766 5.72885 -1.90535 0
0.613422 1.3228 -0.684806 0
0.0370954 -1.18819 -2.97274 0
0.554604 -3.4144 1.93162 0
0.267183 -6.74651 -0.369607 0
0.205016 -4.69519 1.68822 0
0.162162 -6.51255 -2.43512 0
0.105818 -7.42672 -2.74135 0
1.33128 -5.02064 -0.174343 0
1.13676 -5.07293 0.831779 0
0.274375 -5.16083 1.88494 0
0.226936 -4.9838 -0.258332 0
0.121591 -3.69996 0.958549 0
0.161784 -3.24275 -2.89135 0
0.0331979 -2.29819 -2.25287 0
0.994665 -2.18277 -2.08739 0
0.504592 2.1961 -1.86169 0
0.313693 2.40172 -1.8764 0
0.702747 2.07276 -0.423806 0
0.445007 2.69386 -1.58361 0
0.639094 1.61785 -0.657544 0
0.343202 3.27591 -1.47076 0
0.0824031 4.94135 0.80768 0
0.129459 5.51429 -1.60829 0
0.704905 3.85942 2.09355 0
0.502292 3.69641 2.58616 0
0.156994 5.26014 2.95668 0
0.510831 3.7603 -1.4085 0
0.339005 -0.107503 0.455067 3.55510873847595e-10
0.101105 6.24355 -1.56558 0
0.170847 7.24613 -0.570141 0
0.409873 3.39553 0.0157683 0
0.0960577 4.82929 -2.16426 0
0.386895 0.133783 1.32051 0.00600923530895867
1.49995 -0.433581 1.22816 0.00442788139832417
0.564988 -2.23635 2.24139 1.73079336741533
0.188809 -2.14503 2.62691 5.6017248523022
0.49774 -2.25797 3.08185 1.00184564769987e-08
0.189432 -2.62461 2.76768 3.22659498378424e-08
3.01906 -1.32164 1.99533 3.0816264717003e-08
3.65423 -1.24676 1.98643 5.4826892836993e-08
0.859241 -1.50167 2.00084 6.18058709979321e-14
3.41637 -1.24191 1.92529 6.68117779309751e-14
0.252056 -1.56761 0.0686392 0
0.148142 -2.33762 1.98206 0
0.168594 -4.98092 -2.99578 0
0.125053 -5.44466 1.96687 0
0.165958 -1.9461 -0.957055 0
0.535899 -2.45765 -0.954801 0
0.44994 -2.42154 -0.80671 0
1.54535 -1.91528 -0.859733 0
3.34834 -1.65571 -0.86882 0
2.17978 -1.56467 -0.928902 0
0.642735 -1.35115 -1.0851 0
0.0607503 -3.0159 2.05917 0
1.05425 -0.0771203 -1.738 6.02041526108174
0.383159 -0.511726 -1.91525 0.733173596599065
1.68819 -0.627175 -1.76903 0.0863285767901849
0.0865672 6.61325 -0.86054 3.58253461095518e-13
0.270859 5.89331 -1.9469 3.59296407877208e-13
0.316536 5.04657 -1.2499 3.5836443228286e-13
0.0893764 4.16228 -2.25889 3.64428108418715e-13
0.739889 3.35925 -2.44911 3.72735695880705e-13
0.0701075 3.83071 0.807809 3.49620583364615e-13
0.231905 1.48295 0.105761 2.24972079260367e-13
0.107282 -4.58251 -1.11191 1.55659202149178
0.232686 4.1207 -2.99894 0
0.128582 4.8065 0.864213 0
0.25612 3.88636 -2.55185 0
0.126175 4.11326 0.204883 0
0.182298 7.05949 1.27864 0
0.0614557 6.76771 -0.656883 0
0.197996 0.699087 -2.85228 0
0.128607 1.66286 2.03204 0
0.211851 -0.357663 -2.78815 0
0.883128 0.0752515 -0.940548 0
0.483497 3.106 0.672852 0
0.738279 2.74078 0.625606 0
0.241041 4.31067 -1.9842 0
0.169211 4.61001 -0.552558 0
0.131578 4.59289 1.88364 5.04248749546509e-08
0.258083 4.37529 2.33169 5.29467010314741e-08
0.114291 4.7183 -1.42741 0
0.516156 4.14344 0.497481 0
0.451398 -3.64962 1.47193 5.7783800965322
0.779963 -3.59966 0.775637 3.5268744090484
0.561497 2.16732 -1.22972 28.2589616506441
0.675426 2.53796 -1.77755 16.3460377328439
0.464154 -1.23926 -1.04768 27.9290258054202
0.265437 -1.77248 0.0481002 30.2199812440481
0.273729 -1.46345 -1.00346 7.74666367025747
0.252148 -1.2405 0.762747 10.2127963862183
1.7262 -0.0554903 0.435648 0.67573259910051
7.54944 -0.0543704 0.480313 0.481883043464887
10.1498 -0.114322 0.555742 0.22999621921294
0.864789 -0.329969 0.161659 0.010910025343186
0.638715 0.236452 0.454276 0.0140629710152398
0.244339 1.01928 1.73504 3.77188647435669e-13
0.829604 1.05462 2.50289 4.26395392149254e-13
0.267126 -4.33393 1.58015 0
1.73497 -4.40906 2.44168 0
1.43429 -0.319195 0.548183 1.27455036865527
6.0253 -0.211134 0.496077 0.613481717817804
0.401461 0.265511 0.456308 2.4316414095314
3.6479 -0.0698223 0.564639 0.420812482261266
10.9447 -0.870633 -3.10464 0.00787493632320508
21.1964 -0.88064 -3.08196 0.00105002020794699
1.68487 1.49601 -1.24644 0.0725877766110405
5.93821 1.46466 -1.03008 0.0155081679513119
3.69392 -0.00831016 -1.69617 0.186726253758588
4.67015 0.0387389 -1.74822 0.0543395883038504
2.10335 -0.188603 0.439047 31.4499414175754
3.05545 -0.0752703 0.553802 21.8477918904853
0.950753 -0.194518 0.630444 0.799774394601945
0.0538268 0.318282 1.06948 13.5546836725619
1.93108 1.43764 -0.959474 13.3526801604237
4.87541 1.50785 -1.06392 4.95447321960478
