1.02846 -5.027 0.743385 0
0.457126 -5.60161 1.38949 0
0.213304 6.30145 -0.330111 0
2.02994 5.49067 -1.11569 0
1.23325 5.77444 -1.34348 0
1.94613 5.0585 -1.32513 0
1.76336 4.95708 -1.4399 0
2.03167 5.50675 -2.77792 0
0.701583 7.03706 -2.46053 0
2.92536 5.9107 2.78629 0
2.91119 -1.23425 2.39588 0
2.92672 -1.16049 1.43784 0
0.904009 -1.52513 1.55596 0
2.72194 -1.57245 1.29843 0
9.55103 -0.373045 -1.61581 0
0.72445 0.197516 -1.9099 0
4.87763 -1.62279 -2.10541 1.79423227400249e-14
0.820886 -1.43392 -1.73014 7.72574917988281e-14
3.47287 -1.57219 -2.12932 1.62026970572846e-14
0.356749 -0.621732 -0.864748 2.86244460487371e-13
0.291193 1.56706 0.391896 6.88581321910879e-14
5.80902 -1.22613 2.73914 7.77993233563768e-14
5.47452 -1.22981 2.60682 7.52255052452733e-14
5.78179 -1.25765 2.59639 7.28552857580294e-14
2.1799 -1.2528 2.53848 7.23052583833371e-14
1.427 -1.16643 2.84714 8.46060194751105e-14
0.0956346 0.0173515 2.49861 1.68193970013191e-13
1.46802 -1.80227 2.6279 3.87767581661012e-14
0.0889457 -2.82477 2.34608 9.66107666294661e-15
9.15951 -2.84111 -2.3199 3.71728214745126e-14
0.285625 -0.299815 -0.406884 0
0.226946 -1.78051 1.79194 0
0.778505 -0.888806 1.8922 0
0.216446 -0.711703 2.72023 0
1.66466 -1.29919 1.60283 0
2.66455 -0.207117 1.43245 0
0.105635 -0.352942 3.08031 0
0.31346 0.0253894 0.0794263 0
1.71439 1.43424 1.38456 0
0.872237 2.54032 1.69594 0
0.417141 2.07713 -1.47102 0
1.74513 2.95191 -1.54151 0
10.0835 -1.33244 1.08675 5.84828869809799e-14
14.4539 -1.40906 0.821133 5.87667357126624e-14
5.44053 -1.42659 0.940273 5.53595027904851e-14
4.60128 -1.29301 0.75953 6.71498302342369e-14
0.576323 0.745098 -2.384 1.07329774550009e-13
1.43833 0.192087 0.0446103 0
0.281969 0.344141 3.12338 0
0.540244 -1.4487 0.406157 0
0.108652 -2.71214 -0.00458715 0
0.36182 -0.109268 -2.96801 0
0.497862 -0.891855 -1.25714 0
0.623748 -0.842715 2.26378 0
1.20163 -0.653579 1.64466 0
1.59149 -1.32341 1.02643 0
1.84202 -1.36357 0.78985 0
5.69115 -1.20614 0.830647 0
5.54928 -1.22563 0.939546 0
3.44301 -1.31947 0.935499 0
1.10201 -1.70491 0.360239 0
2.65327 -1.89268 1.44816 0
1.71088 -2.11237 1.51927 0
0.147998 -3.3445 -2.68588 0
1.31672 -2.26266 2.96858 0
1.32297 -2.58195 -2.84895 0
1.42408 -3.67301 -0.585973 0
1.75244 4.61452 -2.59428 0
0.230673 4.00252 2.96992 0
1.45855 5.25796 2.92779 0
0.704275 4.32369 2.22644 0
0.193807 3.59261 -0.291867 0
1.66405 2.99487 0.404723 0
0.61627 1.27288 -0.220836 0
0.52488 1.38148 0.0276926 0
0.503372 1.48701 1.46717 0
0.492022 1.31124 1.62618 0
0.917366 0.424813 0.111113 0
1.17285 0.195759 1.26482 0
2.23598 0.0157929 3.11132 0
0.492797 -7.75253 1.27083 0
0.366835 -5.51823 2.13852 0
0.502048 -1.49416 -1.17715 0
0.697095 -1.04898 -1.19549 0
0.494159 1.61971 1.66252 0
0.314475 1.71932 2.29109 0
0.35004 2.43276 -1.03521 0
0.271693 2.73047 -2.32364 0
0.260361 2.94247 2.35664 0
1.61541 5.15922 -0.0161482 0
0.239167 5.07623 -1.14544 0
0.375167 3.5953 -0.793581 0
0.257125 2.50486 1.53294 0
0.560676 0.758537 1.5494 0
0.173753 -2.67467 -2.05627 0
0.262246 -4.72109 -2.29198 0
0.180819 -7.14757 -0.761145 0
0.423618 5.82055 3.05929 0
0.684676 4.65779 0.919507 0
0.517896 -1.02618 -2.10672 0
0.713578 0.494275 -2.17123 0
0.194015 1.70322 0.134191 0
1.11547 5.53823 2.92522 0
0.910665 2.16663 0.359198 0
1.39938 1.62567 -0.139611 0
0.76543 0.516124 1.77074 0
0.462641 -2.41867 0.644322 0
0.46002 -4.02636 -2.70155 0
1.69132 -3.43075 -2.27748 0
0.175365 -3.62008 1.89786 0
0.260224 -2.42394 0.663911 0
0.794272 -3.77525 1.37828 0
0.389949 -3.88263 -1.09853 0
0.119671 -5.01354 2.78268 0
0.550498 -5.42177 -2.11053 0
0.845618 -5.14329 -3.02634 0
1.68606 -4.28537 -2.09365 0
0.115069 -7.30271 -2.04721 0
0.403981 -5.83422 1.67774 0
1.09554 0.943579 2.6939 0
0.424037 1.81794 1.96125 0
0.636807 2.10618 -2.26549 0
1.59979 3.0087 -0.723424 0
0.557528 3.77368 -0.826104 0
0.202955 2.37936 2.53783 0
0.420977 4.13013 -0.508943 0
0.35016 5.7162 -1.35285 0
0.612798 5.74774 1.53588 0
0.0746885 7.18167 2.64171 0
0.757248 -4.27242 1.21875 0
0.112181 -6.41216 2.87163 0
0.505653 -4.33457 1.80187 0
0.553227 -4.7581 2.71281 0
0.829692 -4.46571 0.253911 0
1.3886 -4.99033 -0.753561 0
0.368326 -3.20263 -2.44147 0
2.31387 -3.88282 -2.38632 0
0.221415 -6.13647 1.97051 0
0.363535 -4.60143 -2.3746 0
1.01159 -4.72963 0.903255 0
0.109996 4.23784 -2.84015 0
0.302563 -4.97957 2.31869 0
1.1304 4.52387 -0.558512 0
0.88969 4.63354 -1.31964 0
0.337504 5.54751 -1.62823 0
1.23758 5.91449 -2.42485 0
1.20989 6.4077 -2.86062 0
0.577951 -2.04848 2.14596 0
0.850786 -1.81063 2.5184 0
3.29888 -1.79599 2.11688 0
0.571191 -1.90301 2.61939 0
2.54781 -1.68355 1.74131 0
0.82082 -1.30302 1.19591 0
0.47689 -0.935025 0.648346 0
55.9942 -0.3486 -1.60498 0
7.70133 -0.399315 -1.60823 0
1.65017 -0.254419 -1.49293 0
7.89873 -0.463223 -1.57355 0
2.95569 -0.451167 -1.71515 0
2.38518 -0.523821 -1.54658 0
0.358833 -1.25697 -0.466973 0
0.294478 -1.26475 -1.30589 0
0.888495 0.655121 -1.7878 3.37984423491396e-13
0.455397 -1.14931 2.28958 7.79570166757611e-14
5.32031 -1.25398 2.59532 7.31230321423117e-14
0.121685 -3.33525 -2.03201 3.35900934970305e-14
2.7413 -2.82004 -2.26432 3.81295726323153e-14
3.74088 -2.85121 -2.2204 3.81049208027549e-14
1.52778 -2.75104 -1.91407 4.26997582857621e-14
0.612043 4.66846 1.59637 0
0.557097 4.17391 2.63404 0
0.301523 -0.699729 0.909148 0
0.292254 -0.960619 -0.605347 0
1.18049 -0.654543 1.93156 0
0.311666 -0.408593 2.70559 0
0.712586 3.37254 -1.62941 0
0.416877 3.05767 -2.11333 0
5.46214 -1.42742 1.10473 5.22515519431369e-14
1.56564 -1.17931 1.18704 6.74090436400796e-14
0.281808 -1.50107 -2.16397 7.82226461313644e-14
0.79428 -0.132561 -1.39075 1.4754715867882e-13
1.29 0.443996 -0.109687 0
0.328178 1.31896 0.19227 0
0.260501 -1.45306 1.18632 0
0.330943 -0.120355 -1.94354 0
0.879802 -0.27802 2.47384 0
0.50134 -0.636089 0.102904 0
0.345976 -1.4972 -0.986666 0
0.303421 -0.3109 2.93697 0
2.13282 -1.10237 0.742687 0
0.635644 -0.755265 0.556395 0
6.82814 -1.07685 0.723506 0
1.60606 -1.17988 0.559074 0
6.65659 -1.17792 0.871666 0
5.28317 -1.14113 0.783161 0
5.95102 -1.1729 0.816956 0
0.862399 -1.38276 0.99182 0
1.50513 -1.60003 0.874498 0
0.966432 -1.93818 0.793367 0
1.02596 -2.86984 2.24182 0
0.241337 -2.79606 -1.04381 0
0.027423 -4.77472 -1.85687 0
0.811075 4.21707 1.68735 0
0.96449 4.84648 1.36842 0
0.687469 3.8895 0.921602 0
1.28704 4.47426 1.91104 0
3.1561 2.89407 0.973467 0
0.211826 3.5155 0.412588 0
1.26408 2.43124 0.739244 0
0.712546 2.38922 -0.166564 0
1.07264 2.00286 0.674234 0
0.662505 0.961858 0.17933 0
1.8729 1.14367 0.435391 0
0.472396 1.54708 0.60173 0
0.55515 1.79284 1.01313 0
0.125698 -0.118374 -1.00566 0
0.778846 1.35463 1.45735 0
0.920069 -0.545003 -3.01587 0
0.200841 1.05126 -2.92317 0
0.161585 1.45929 -1.14725 0
1.90594 5.06787 -0.367271 0
0.222793 -3.19635 -2.20941 0
0.712641 -3.87051 -0.89292 0
0.0739825 -3.97141 1.99166 0
0.439555 -6.1737 -1.41033 0
0.322223 5.14144 1.77593 0
0.182936 5.05982 0.423053 0
0.370294 1.98075 -2.84196 0
0.462363 1.13143 0.718915 0
0.256048 -2.01142 2.90182 0
0.685954 -5.08915 -0.463115 0
0.436913 -4.32439 -0.27421 0
0.238326 -3.92759 1.44636 0
0.168499 1.82948 -0.545755 0
0.0415532 5.60594 0.472085 0
0.685295 4.18641 0.412878 0
0.519242 4.49059 -2.59843 0
0.650555 5.53586 -2.56195 0
0.593301 5.11223 -2.80547 0
0.337863 5.19815 -1.45986 0
0.388564 4.08186 -2.99187 0
0.217287 2.42045 -0.671441 0
0.243924 2.16642 -2.44334 0
0.282612 -1.31119 -2.42155 0
0.389477 -2.86905 3.05852 0
0.522375 -3.64126 0.854455 0
0.381815 -3.069 -0.848847 0
0.246981 -4.41352 -2.67409 0
0.370003 -2.90234 -1.89326 0
0.152543 -2.45165 -0.752109 0
0.102282 -3.01839 2.91322 0
0.497696 -3.83415 -1.21477 0
0.46783 4.30932 -0.614327 0
0.26537 4.76974 2.51003 0
0.0803675 7.20721 1.422 0
0.916421 -4.36669 0.24083 0
0.260378 -5.40707 0.549587 0
0.843203 -4.50732 2.22853 0
0.91699 -4.45812 1.40764 0
0.902478 -5.79717 -0.574504 0
0.363378 -5.23305 -2.02068 0
0.108746 -6.04162 1.265 0
0.153227 -6.35373 -1.45425 0
0.740018 -5.90197 2.36828 0
0.722196 -5.20993 2.98525 0
0.345821 -4.06355 3.04667 0
0.204102 -1.10629 -2.38713 0
0.167961 -1.75782 -2.4933 0
0.43473 -0.136129 0.163206 0
0.464317 0.990337 -2.8071 0
0.671155 4.09149 1.70598 0
0.512384 4.39332 -2.81703 1.08715106375167e-06
0.560561 4.39388 -2.81782 1.05411317626984e-06
0.937007 -1.7814 1.91461 0.00222288543331028
0.290293 -1.85273 2.58744 5.13207311076845e-08
0.108697 -1.85228 2.59017 4.94462836886711e-08
0.398461 -0.543167 2.15299 0
0.526113 -1.30114 2.77359 0
0.515898 -1.87913 2.30691 2.84494516048629e-07
1.02696 -2.06504 2.36708 4.74579317946817e-08
0.635812 -1.38301 2.24679 26.7048218310831
1.6145 -1.78721 1.16911 0
0.769206 -1.41258 1.69404 0
5.08593 -0.394439 -1.62197 4.62804296517761e-08
2.01594 -0.405986 -1.53904 1.19064078023194e-07
4.08282 -0.420171 -1.57439 0
2.60319 -0.437303 -1.61553 0
0.171026 -1.75355 -0.60198 0
0.930701 -1.69234 -0.816846 0
15.7368 -1.76106 -2.1946 1.90405002184055e-14
14.5525 -1.75227 -2.20868 1.75892204352819e-14
0.454296 -2.20522 -2.37824 6.16634560598098e-14
0.484251 -1.46624 -2.1254 2.70190091407989e-14
1.35161 -1.37271 -2.72064 7.91849123361708e-14
0.200842 -1.32386 -2.99124 1.18591970327614e-13
0.819811 0.904068 -2.48128 3.19143282462205e-13
1.57691 1.11098 -2.21229 2.99000411427907e-13
0.319945 1.1702 -1.94121 4.28432144777925e-10
2.82152 -2.85824 -2.31963 6.79310998317022e-10
1.40001 -2.81225 -2.23708 9.38415165794414e-10
0.977682 -0.516473 1.07532 0.704429629377642
0.305801 0.882136 3.00874 1.10846055541993e-13
0.0815754 2.3877 2.67377 4.48334603374051e-14
0.734248 -1.6516 1.8747 0
0.393675 -1.80355 2.58201 0
0.0642274 -4.03135 0.0485916 0
0.316101 -2.02247 3.06603 0
0.0696762 -2.16989 1.66895 0
0.171067 -2.40284 1.904 0
0.873946 4.93672 2.20736 9.11458367405749e-08
0.621294 4.64846 2.15698 1.30585052918853e-07
0.0423079 4.19474 2.6251 1.34869413924021e-07
0.150952 4.22377 2.64241 1.21142813561718e-07
0.0336753 3.32355 -2.3788 1.25830199275525e-05
0.137484 3.46315 -2.28265 9.99293923757002e-06
0.177685 3.0016 0.994797 1.30558195553394e-07
0.0802359 2.02647 0.457316 3.34703440506168e-07
0.417255 0.570009 0.497887 75.6784048516923
0.459765 -0.09963 2.28532 9.62379543971991e-08
0.280441 -0.400752 2.5698 1.6040981401186e-07
0.117529 -4.46339 2.29447 0
0.204001 -3.17401 -1.72227 0
0.0763067 4.4718 -2.1768 0
0.424457 3.78033 1.28565 0
0.268966 2.38308 -0.093288 4.25364003126357
0.133897 1.98022 0.0563869 12.8691733146431
0.198368 0.0519287 -1.57415 0
0.172446 -1.29326 -2.4774 0
0.147502 -2.09454 -0.0682507 0
0.248371 -1.64956 2.3767 0
0.0777025 2.59001 0.772693 2.68686246088497
0.27264 2.42476 -0.0623739 0
0.508265 1.43705 0.405124 0
0.0970394 1.28064 -2.25932 20.7311389628323
0.177032 -0.704076 1.66361 7.76416880725921
0.102152 -4.95132 0.751413 0
0.296008 -3.26343 -0.693474 0
0.638088 3.34261 -0.558579 0
0.474416 3.09192 -0.074668 0
0.0840487 -5.74784 1.20807 0
0.0458492 -4.38879 -2.89224 0
0.236942 -4.80663 0.402877 0
0.492134 -4.78817 1.41353 0
1.12161 -4.45447 -2.06749 1.31595033793142e-08
0.941686 -4.30521 -1.91614 4.45153772628744e-08
0.125935 -5.80253 -2.30505 0
0.0486894 -6.04355 -3.05937 0
3.74825 -1.71021 2.14591 0.1696453882729
0.611916 -1.71563 2.33491 1.03277194273657
1.00829 -1.17584 2.51389 7.13977771496695
7.62692 -1.1796 2.60106 0.941886770719993
2.4287 -1.48663 0.990125 1.67869101635143
0.286955 -1.39222 1.29481 15.5700271474297
0.179172 -0.376735 -0.0602208 31.5712368049938
0.917389 0.422502 -0.185654 6.04744676247
0.370479 2.39794 0.132636 0.254916171783548
0.140286 1.56391 1.07318 1.49562906766173
0.135576 -3.36136 -2.9395 6.28811824958348
0.426593 -3.04103 1.47477 2.75714537440012
0.325532 -2.55593 2.72878 9.20529707678403
0.124033 -1.94923 -1.75902 43.6144561132653
0.961619 -0.722764 -1.47512 32.1534609731084
0.910022 -0.291361 -1.53412 41.4310445837646
1.23813 -3.02888 -2.15279 4.97942083392091
0.844905 -2.73496 -2.41123 9.77226306196091
0.0717764 -1.21359 0.563612 28.7749423288291
0.347625 -1.57869 -3.0133 4.29703594809573
0.355589 -4.53458 -2.63945 2.65921268780284
0.343305 -4.2793 -1.42034 3.53850601682643
0.275115 -1.24381 -0.923159 7.5335149706578
0.275425 -1.00428 0.734302 9.17785318661155
0.0815936 -1.28752 -1.30754 0.503522924505267
0.54946 -0.491121 -0.0970245 0.689025763447918
0.316219 -0.44264 -1.13884 0.697387049564259
1.02547 -1.37887 1.64109 0
5.6573 -1.55735 1.69624 0
1.31243 -1.55318 -1.73132 0.700155328008212
1.42355 -1.58178 -2.12171 0.381144432583372
1.20622 1.22803 -1.80209 0.0855031290843646
0.126399 2.5175 -2.11556 1.76185450149805e-07
0.022823 2.22339 -2.97477 8.94396968223018e-07
0.977256 -1.37631 1.17776 0.0798404591111197
2.01553 2.33488 0.330022 1.08503733066924
0.165095 2.20424 0.473447 14.877274395969
0.0732563 1.43809 2.21515 1.2534893857431e-07
0.0878297 2.10307 1.54456 1.46615481202095e-07
0.082173 -6.50445 -2.00659 2.26507419331526e-07
0.200743 -5.7184 -0.0482956 3.23554328058388e-07
1.13376 0.771985 -1.83669 0.182742541190273
2.81391 -1.37403 1.17883 0.136774891306952
2.00144 -1.34796 0.996628 0.631845129273156
0.516971 -0.745449 -0.646515 0.36216607474301
4.92933 -1.33231 1.34789 3.84338262413049
1.52934 -1.32945 1.21168 11.1491215135836
