0.966065 5.73909 -1.91146 0
0.665379 6.22264 2.2722 0
0.339091 7.96465 3.05651 0
5.42132 4.35511 0.715286 0
0.542289 4.91509 0.78109 0
0.175571 3.95326 2.48427 0
1.42184 4.98912 -0.876448 0
0.223073 4.9154 -0.346755 0
0.701626 4.08247 0.273841 0
1.01753 4.56916 -0.783226 0
0.37609 1.63301 -1.26162 0
0.506463 2.20549 -0.458427 0
0.890905 2.50478 -2.30727 0
1.62595 1.12933 -2.83236 0
0.882331 1.05479 -1.88725 0
0.514402 0.842247 2.57004 0
0.457972 1.34978 1.71705 0
1.09839 1.13717 -2.55203 0
0.343979 6.38128 -0.719551 0
0.56659 5.45572 -3.05015 0
0.373696 3.95407 -2.36992 0
1.80993 4.13401 0.555641 0
1.2001 2.50137 0.127255 0
0.282286 3.23512 0.808654 0
0.638351 -0.305594 2.62204 0
0.782248 -0.966037 -1.98457 0
0.179206 0.160584 1.14579 0
0.505679 -2.44502 1.05311 0
0.205789 -0.325039 2.64956 0
0.507153 -1.95174 -2.91091 0
0.515297 -3.31931 -0.946471 0
0.719814 -2.74462 0.414492 0
0.344413 -2.59001 -0.615739 0
0.879741 -7.1728 -3.00515 0
0.230175 -6.68866 -0.434715 0
0.343977 -2.76513 -0.371837 0
0.539187 -3.67391 2.65724 0
0.296303 -5.10398 -1.48513 0
0.734979 -5.02136 -2.89123 0
0.666718 -7.77777 0.845671 0
0.0133679 -7.52996 -2.4561 0
0.758786 -4.68211 0.117033 0
1.08767 -4.35269 -1.28509 0
0.545496 5.62075 -0.665463 0
0.301496 5.65292 -2.55794 0
0.355696 1.71539 2.62 0
0.276664 -1.65315 1.00083 0
0.501054 -1.97613 2.31 0
0.544929 -1.91916 0.97425 0
2.1293 2.77681 1.84609 0
0.558 3.53222 1.90511 0
0.466086 4.50225 1.15528 0
0.186709 5.295 -1.9779 0
0.876506 4.58274 -1.9028 0
0.928534 4.57949 0.0435786 0
2.35124 3.13319 -1.77762 0
2.78016 3.00996 -1.81936 0
0.180921 0.112879 -1.37632 0
0.0657067 -3.42211 -1.48913 0
0.261565 -2.09761 1.46504 0
0.0828189 -4.81385 0.331628 0
0.263384 -4.03382 -1.464 0
0.16856 -7.35345 -1.0219 0
0.539519 -5.22167 1.45214 0
0.228255 -8.67981 -1.80962 0
0.32009 6.88577 -2.11107 0
0.299861 8.38538 2.94884 0
0.423972 7.83472 -1.52239 0
1.47247 4.41128 1.19349 0
0.365018 2.5524 0.578229 0
0.720326 1.58382 0.740037 0
0.588748 1.48842 -1.65564 0
0.542774 0.901761 -2.62681 0
0.183579 1.78798 1.96918 0
1.13963 0.521433 -2.55533 0
0.845857 5.7405 0.810153 0
0.966206 2.52384 -0.117218 0
0.403719 3.59385 0.202048 0
1.06466 1.41861 0.117221 0
0.966011 2.20183 0.0779651 0
0.587093 -1.08899 -1.27247 0
0.269802 0.5803 -0.0192328 0
1.90802 -0.25536 0.0521097 0
0.259213 -1.34873 -2.18567 0
0.601601 -2.18424 2.43798 0
1.19615 -2.7182 -2.82416 0
0.244317 -2.45031 -2.54832 0
2.14746 -2.44201 2.90519 0
1.89664 -2.99191 -0.669737 0
0.572762 -3.56495 -0.835742 0
1.14427 -2.56208 2.49425 0
2.06091 -2.92202 2.68076 0
0.282562 -3.76505 2.01783 0
0.103274 -4.56439 2.79739 0
0.689958 -3.317 -0.905918 0
0.206249 -5.74051 1.65155 0
0.182659 -6.90497 0.131474 0
0.33642 -7.6449 0.4169 0
0.731361 -7.5211 2.10902 0
0.259855 -7.06627 -1.69634 0
0.115882 -4.60455 1.50801 0
0.620938 -4.71894 -0.751195 0
0.143884 -4.63368 2.58445 0
0.0456006 7.25416 -0.736864 0
0.222997 -1.08024 -2.40029 0
0.369089 0.764474 -2.38489 0
0.483883 2.12482 0.91789 0
0.554052 2.48378 2.5352 0
1.33545 2.29775 1.00513 0
0.407117 4.41715 2.11 0
2.01656 4.5053 1.43467 0
0.881728 4.48618 0.901805 0
0.65071 3.97284 -1.51211 0
0.647703 3.68374 -0.991417 0
0.489656 3.34414 -2.38536 0
6.2416 3.17402 -2.29242 0
0.501351 3.43872 -2.49725 0
0.891851 3.46225 -2.23689 0
3.13303 3.04435 -2.26842 0
0.402649 -3.14601 -0.913765 0
0.783157 -7.53513 -2.84518 0
0.766131 5.54713 -1.87667 0
0.446615 4.766 -1.86586 0
0.581633 5.10836 2.06966 0
0.0760198 5.33078 -0.987865 0
0.320649 5.04086 -1.15021 1.06664431281492e-09
0.683386 4.95699 -1.33712 9.03005085012633e-10
0.3204 2.99543 -2.75434 0
0.11962 3.82463 0.4389 0
0.338743 5.87282 0.509338 0
0.274116 4.85386 0.907207 0
0.411766 -0.674775 1.49316 2.83927108217836e-07
0.250923 -0.177276 1.49579 2.8886873819408e-07
0.388423 -1.11095 -2.62823 0
0.243162 0.016114 2.75924 0
0.115915 -2.38652 -0.554503 0
0.341763 -3.1039 -2.41252 0
0.0853537 -6.19251 -0.342145 0
0.58203 -6.26566 -1.06742 0
0.215853 -4.66827 2.8274 0
0.655999 -4.1557 2.49697 0
0.294249 -5.49091 2.48793 0
0.218315 -6.9884 2.65783 0
0.189262 -4.76299 -0.146602 0
0.324483 -4.09738 0.0880892 0
0.435104 2.58184 1.34875 0
0.359495 2.39859 1.85769 0
1.18327 4.54301 1.04145 0
0.350239 4.91233 1.19664 0
0.151605 0.282506 -2.48493 156.892976471989
0.0911257 -5.81257 2.00514 0
0.434868 -6.21001 -0.607667 0
0.186498 -0.794724 -0.169923 29.2299921740278
0.445338 -1.65983 0.621684 5.96064623585323
0.236319 -1.5244 1.81552 55.8010922628042
0.974734 -0.890015 1.30937 22.8636228721328
0.64415 3.53434 -1.41549 5.29491379023373
0.546672 3.24899 -0.781547 8.30779049211084
0.161556 -3.35022 2.31001 1.31446995410909
0.112609 -1.6077 3.04879 10.3682302197619
