0.122521 6.88977 0.507268 0
0.35783 6.56887 2.49317 0
0.258117 -1.61776 1.47144 0
0.165101 -0.809776 -0.80638 0
0.361275 -1.43726 2.17995 0
0.708554 0.979154 0.230745 0
0.651668 1.45636 -2.06661 0
2.21953 0.899134 -0.388955 7.41448632836446e-15
0.171081 -1.3714 0.380684 4.53868797192945e-15
0.272808 -0.57919 1.79259 4.40298632151512e-15
0.338029 -0.693214 -2.74603 0
0.509176 -0.515637 -1.85604 0
0.732278 3.34723 3.0518 0
0.570747 0.807351 2.05656 0
0.756507 -1.88786 2.87342 0
0.538696 -1.50397 -2.10482 0
0.608834 -2.44731 2.66417 0
0.95388 0.564482 -1.92917 0
0.604653 3.51348 -2.85202 0
0.442083 2.51872 -1.29046 0
0.453002 1.41356 -2.60477 0
0.720523 -0.36929 2.53029 0
0.329147 1.0258 -0.0448687 0
0.542788 1.01336 1.99391 0
0.538996 -1.21796 2.41828 0
0.453841 -0.880428 0.77294 0
0.127466 -1.13449 -2.16599 0
0.46865 -1.85452 -1.15442 0
0.806186 -3.43889 -0.746281 0
0.687567 -4.64036 -0.345474 0
0.428497 -5.14503 0.897369 0
0.618323 -5.45873 1.0795 0
0.148687 -5.27562 2.48113 0
0.151568 -5.25603 0.00633067 0
0.124663 -6.00058 -2.64256 0
1.14245 8.62335 -2.41063 0
0.17112 9.22173 2.78636 0
0.737615 1.888 -1.8555 0
0.1422 2.5446 0.127435 0
2.22083 2.44123 -1.23882 0
6.50582 1.01345 -0.206373 7.59313478299825e-15
11.9535 0.999175 -0.191548 7.6291793934072e-15
0.414885 0.26315 0.296653 7.53195577948017e-15
0.199573 -1.20103 -2.29763 8.05134266865387e-15
2.28125 -1.35009 2.62687 6.70334398264498e-15
2.49265 -1.06739 -2.91341 0
2.69157 -0.981781 -2.68053 0
0.953611 -0.426103 -1.81124 0
0.436304 -0.0450643 -1.16597 0
0.826801 0.0449807 -2.05193 0
0.28838 0.0845215 -1.21104 0
0.18687 1.97034 2.24843 0
0.203317 1.68759 -2.24673 0
0.153321 2.91115 -2.97972 0
0.285426 3.18252 -0.628155 0
0.443038 -0.435332 0.851047 0
0.583003 -1.08406 -0.0138709 0
0.0908774 -4.7756 0.0550753 0
0.115482 -1.97627 2.23241 0
0.504797 -2.91431 0.849279 0
0.478376 -0.174428 1.6713 0
0.298397 -0.20192 -1.41456 0
0.254859 1.29712 2.59486 0
0.681956 0.250587 -2.52035 0
0.288391 0.0680646 -0.181377 0
0.153534 0.72065 1.03201 0
0.310701 1.37268 1.87345 0
0.375108 0.439937 2.65534 0
0.344405 4.15495 0.190526 0
0.0795122 4.18845 -0.798292 0
0.0613528 3.86016 -2.09102 0
0.220012 -2.45405 -1.37177 0
0.0897106 -3.63719 2.8639 0
1.05223 -3.16325 0.195426 0
0.0728897 -5.15927 0.720423 0
0.169294 -4.46358 2.02773 0
0.729984 -5.11363 1.1988 0
0.197284 -3.95407 0.846975 0
0.381909 -6.23767 2.76874 0
0.113051 -4.41728 2.48721 0
0.8507 -4.60561 -0.980862 0
0.927475 -4.99402 -3.0381 0
0.30622 -7.91725 1.67285 0
0.201556 -9.7243 -2.10417 0
0.123001 8.78876 -1.95429 1.82170071951235e-07
0.314928 8.78922 -1.71701 9.9231376564662e-08
0.111107 0.27582 1.78186 116.035324550133
0.103855 2.11782 -1.9683 4.35150039018311
1.20594 -1.32017 2.63518 4.71944618122945e-10
0.271128 0.634957 0.448733 0
0.241472 1.08493 -2.85611 0
0.243448 2.14253 -2.37955 0
0.783988 3.01218 -2.1854 0
0.543464 2.11297 1.79983 0
0.183331 1.42337 1.76765 0
0.119145 2.16349 3.08024 1.23417596847904
0.633551 -2.9417 -0.967116 2.7432413190188
0.432225 -3.3397 -0.275804 2.69667347815935
0.197948 -1.67014 0.812949 17.7417421564988
0.200992 -0.94223 -1.64264 32.3925670170953
4.1649 -1.21913 2.53773 0.0864372338311186
2.19112 -1.22037 2.69002 0.0640453925907983
0.067819 -0.220309 -1.90131 1.56998258407771e-06
0.0149085 -0.242536 -1.89771 1.58637626635268e-06
0.66503 -1.01145 -1.801 1.80121433885451
0.19688 -0.741389 -1.16286 7.31204085523331
