0.298174 -0.883361 -0.173149 0
0.114038 -1.08894 -1.39706 0
0.747164 -2.15036 1.44811 0
0.815992 -1.2226 -2.19859 0
0.706308 -1.75247 -1.69988 0
0.471913 -5.92658 2.16267 0
0.253863 -3.77185 -1.99701 0
1.56716 -3.25494 -1.51623 0
3.1959 -2.87394 -1.753 0
0.476287 -3.35456 -1.70395 0
1.45567 -2.92035 -1.15117 0
0.880629 -3.77167 -1.68947 0
0.440292 -3.54511 -1.06282 0
0.421756 -3.53781 -1.82133 0
0.246486 -2.66108 -2.14962 0
0.708828 -2.94541 1.39505 0
0.395844 -3.48423 0.100953 0
1.26277 -3.27917 1.49082 0
1.27204 -3.73416 0.668584 0
1.59432 -2.87654 -0.0917613 0
0.795793 -2.91469 0.582087 0
1.20283 -1.11785 -3.10435 0
0.468484 0.554871 2.81956 0
0.187457 1.9243 -0.430781 0
0.47387 6.90276 0.684569 0
0.38042 6.93386 -1.72541 0
1.17505 4.81828 0.115355 0
3.56153 5.00983 0.271502 0
0.0590527 6.62127 3.01452 0
1.77846 5.3161 0.39779 0
1.48994 5.41569 0.531114 0
3.16342 5.54615 0.628433 0
0.16406 3.55977 -0.0834132 0
0.603596 3.1119 3.06783 0
0.389269 -3.16339 -2.82446 0
0.466824 0.283869 2.03463 0
0.395685 -1.06424 0.656116 0
1.81827 -1.65523 1.60095 0
1.23662 -1.27016 1.61255 0
0.01378 -4.35251 -2.11248 0
1.34122 -1.14295 -2.203 0
5.56525 -1.63321 -2.29836 0
5.24372 -1.54579 -2.07513 0
3.67072 -1.45887 -2.06083 0
0.179602 -8.69087 2.69816 0
0.441548 -7.04361 0.258972 0
0.438016 -7.28048 -2.5452 0
1.52764 -5.1786 2.09291 0
0.706515 -3.64126 -1.40767 0
0.756531 -4.33106 -0.838834 0
0.508179 -3.16944 1.23296 0
0.725594 -3.04625 -0.681593 0
0.0472291 -5.73374 0.329688 0
1.77981 -2.83192 -1.41091 0
1.56018 -2.97323 -2.09569 0
0.442788 -3.57866 -1.76008 0
1.21621 -3.47964 -2.48006 0
0.241432 -3.01265 2.96904 0
0.818326 -3.20888 1.72596 0
0.286132 -2.4283 0.574824 0
4.71547 -3.49749 1.75797 0
0.284609 -3.05423 0.509699 0
2.768 -3.46555 1.61164 0
1.50138 -3.26145 1.19718 0
1.25967 -3.0635 0.729709 0
0.468578 -3.17964 1.97925 0
0.8598 -2.08579 -0.170233 0
0.739722 -1.872 0.0835355 0
1.00739 -1.4122 0.824802 0
0.447047 -0.0645874 -1.45839 0
0.17888 4.51863 1.25061 0
0.253538 2.79932 1.87546 0
0.462491 3.20577 -1.53658 0
0.339205 5.51698 -3.13535 0
0.377225 8.2878 -1.65399 0
0.554658 8.24305 1.1196 0
0.43234 6.25202 0.597197 0
1.60425 5.62894 0.477339 0
1.13881 5.84925 0.015446 0
1.12986 5.73735 0.983292 0
0.199923 0.92485 1.31546 0
0.205057 2.1975 -2.44182 0
0.313843 -1.08458 0.711191 0
0.956437 -4.35013 -1.48598 0
0.331346 -8.99095 0.0397967 0
0.0973245 -8.82632 2.52701 0
0.425102 -8.90663 -3.11146 0
0.423712 -5.0422 1.6925 0
0.716943 -4.87024 0.941011 0
0.16 -5.26022 2.05572 0
0.239717 -4.6197 0.712918 0
0.204886 6.05836 -0.198523 1.2850582386114e-08
0.417376 5.35617 -0.3924 1.17500370038243e-08
0.122075 1.54736 -2.48643 2.74965542509009e-08
0.112592 0.500661 -1.1589 4.60255485826335e-08
0.183234 0.679898 1.54349 10.3979680796427
0.254667 1.79897 -2.23975 1.84865957266661
0.103897 0.267453 -2.77557 13.6283919183286
