0.398592 5.04397 2.09477 0
0.994331 3.85903 -1.5109 0
0.381371 8.01189 -0.00820457 0
0.346455 6.31465 2.40449 0
0.791603 3.73589 -1.5466 0
0.0772116 3.40833 0.362335 0
0.298452 5.54154 3.09123 0
0.270009 5.24991 -2.78216 0
0.0867598 10.0975 2.96689 0
0.526793 -4.34322 -2.24428 0
0.385542 -4.02717 2.15175 0
0.421333 4.30368 -2.60662 0
0.0580391 5.61248 1.54492 0
0.118436 7.43745 1.20593 0
0.199717 4.13238 -0.738212 0
0.527422 9.14375 -1.15191 0
0.351321 8.94627 2.73994 0
0.0781627 8.29324 1.26639 0
0.528209 6.11938 1.59912 0
0.556518 -6.9264 1.23414 0
0.271302 -6.70351 -2.96291 0
0.560678 -3.25885 1.21645 0
0.423539 -3.97184 -0.393774 0
1.12514 -2.96905 0.26967 0
0.0698508 -8.10591 0.939608 5.21682157143111e-07
0.173362 -7.21546 -3.0743 4.62230221094635e-07
0.352435 -5.68013 -1.57022 0
0.214468 -5.85284 3.02215 0
0.187452 3.02222 2.72575 2.36524093562657
0.0641299 2.00323 -0.383368 18.856065282975
0.0577667 5.84188 -1.00384 5.14647464708525
0.170884 3.31732 -2.47062 21.7188685449796
