0.840116 -7.56307 1.5777 0
0.945142 1.19829 0.96732 0
0.508389 0.235671 -1.49165 0
0.368218 -4.51931 -1.19012 0
0.154383 -4.90544 -0.140982 0
0.538333 -4.05355 2.4311 0
0.563794 -1.27355 0.498875 0
0.615505 1.07978 2.10689 0
0.127789 2.91801 1.33957 0
0.36475 2.35018 -1.36024 0
0.0363283 6.55749 -0.0368887 0
0.221038 3.70844 1.65542 0
0.584133 1.60712 2.82287 0
0.699668 6.65923 -1.32211 0
1.0554 6.54618 -1.76 0
1.51969 2.1267 -0.0328978 0
0.066718 3.62388 0.0101472 0
0.334238 1.90645 3.0015 0
0.228793 0.434638 0.439048 0
0.801815 -2.12159 -2.08573 0
0.742532 -7.78225 -2.44225 0
0.504763 -7.18619 -1.48027 0
0.0934055 -6.89839 0.36833 0
0.0893422 -7.6135 1.37518 0
0.432593 -5.89551 1.94729 0
0.104752 -6.35215 0.301791 0
0.704907 -2.63326 -0.633906 0
0.571721 -1.49271 1.85915 0
0.242308 -0.232967 -2.83362 0
0.200112 1.31185 0.727511 0
0.410253 4.67936 1.2056 0
0.778164 4.4741 -0.406439 0
0.378604 5.76771 -1.80732 0
0.0381566 -4.77685 -1.13388 0
0.409104 -2.94208 2.81013 0
0.203925 -1.48558 2.46002 0
0.38133 -2.91909 0.29692 0
0.638325 -2.68113 -3.07517 0
0.100816 -5.20742 2.1267 0
0.188708 -6.11107 -0.697982 0
0.0919382 -7.56375 3.10005 0
0.864489 -2.89255 -0.902128 0
0.331357 -2.45269 1.84827 0
0.748416 -2.0739 2.55403 0
0.398187 -2.98946 -1.08174 0
0.601253 -0.732284 2.79504 0
0.758804 -0.508568 -2.20862 0
0.316237 -1.33969 -1.62878 0
0.277091 -1.74602 2.98529 0
0.428107 -0.191972 1.41417 0
0.554022 2.89208 2.07731 0
0.566683 2.86085 -0.88525 0
0.427617 2.78615 2.03924 0
0.417433 3.8927 0.856308 0
0.540831 3.07781 -1.30815 0
0.530319 3.3007 -1.13572 0
0.379353 3.21607 1.29431 0
0.652448 3.23309 -0.445918 0
0.654661 2.92547 0.416546 0
0.223335 1.98541 1.07421 0
0.0380735 -4.8443 0.167664 0
0.195512 -5.20899 1.21482 0
0.57259 -3.65545 -1.68341 0
0.528627 1.11993 -0.730729 0
0.247135 -4.11999 1.87289 0
0.160707 -5.00623 -1.0622 0
0.216989 4.50266 1.62594 1.86694876964215e-05
0.104786 4.50824 1.60791 1.92798097290961e-05
0.0647159 4.66445 -2.98852 1.19432478723495e-09
0.114042 4.97508 -0.937682 1.73471625782618e-10
0.311622 0.19193 2.98444 1.03131339070484e-05
0.245124 0.196155 2.98885 9.90577195000908e-06
0.262901 -0.413942 2.82247 7.32630288149459
0.147698 0.40183 -1.00559 13.1540847513192
0.388081 2.00053 0.109183 8.84910235529974
0.699307 1.31607 -0.264602 9.2711108323793
