0.398902 -7.18107 0.461998 0
0.604137 -8.23475 -2.35253 0
0.101773 4.06434 -0.765544 0
0.243834 7.64961 2.63137 0
0.655551 -0.291506 0.516999 0
1.82892 0.198375 0.124088 0
1.93781 -0.0403705 -0.720016 0
0.540235 -4.2671 1.96887 0
0.320027 -5.38476 -0.535454 0
2.30958 2.86874 2.20238 0
5.65744 2.4786 1.87674 0
3.67967 2.54977 1.83019 0
2.51071 2.44234 1.9201 0
0.549717 2.0274 -2.53269 0
0.867164 3.89434 -1.73927 0
0.817943 3.57349 -2.72187 0
0.94852 3.64892 -2.6586 0
0.138268 0.865063 0.047721 0
0.961684 1.09001 -2.33162 0
0.372935 2.81948 0.138524 0
0.223092 2.13994 -2.62133 0
3.3036 4.71616 -0.305297 0
1.20642 4.65573 0.120153 0
0.634965 -5.22211 -2.94056 0
0.712053 -1.56367 -1.23368 0
0.373479 -1.28434 2.5671 0
0.28799 1.76308 0.363961 0
0.531131 0.571806 -1.14172 0
0.442557 2.41866 -1.28203 0
1.27207 -1.1658 -2.04988 0
1.83203 -1.01181 1.63577 0
0.846704 -1.07409 2.14685 0
0.407291 -1.58803 0.642481 0
1.07438 -1.03117 1.84631 0
1.65317 -0.53128 1.52268 0
1.23324 -0.628759 1.36811 0
1.77441 1.4176 0.609811 0
0.187786 -2.48279 3.09578 0
0.44028 -2.48698 0.228539 0
0.551564 -2.73287 0.977986 0
0.341704 -6.11523 -0.196209 0
0.639912 -5.41553 -1.79334 0
0.584654 -5.27745 1.21658 0
0.763733 3.44737 -0.252154 0
0.664507 3.9304 -0.804312 0
0.521869 2.86572 -2.70599 0
0.128319 3.62444 -0.723655 0
4.01494 3.42875 -1.17811 0
1.49478 3.47241 -0.636666 0
0.178111 2.45372 -2.31348 0
0.691826 3.46355 -1.31569 0
0.998785 2.6995 -1.51941 0
0.0617496 2.82142 -0.810656 0
1.1586 1.50412 -2.00861 0
0.310481 1.17598 -1.08581 0
0.578534 1.63397 -2.21882 0
1.04534 1.24041 -2.00454 0
0.0442184 2.864 -0.0401975 0
0.411414 -0.153989 -2.76403 0
0.291826 -0.247632 -2.8007 0
0.452919 -0.302908 1.90899 0
0.0375709 6.84904 0.878459 0
0.132938 5.14622 0.0606783 0
0.0569664 0.572053 -1.45209 0
0.526149 1.81572 0.227893 0
0.383148 1.18469 -1.02397 0
0.403636 -3.56596 1.40627 0
0.776303 -3.5414 2.15049 0
0.518017 5.52058 1.04656 0
0.524847 4.65001 2.70714 0
0.466289 3.38713 -0.804671 0
0.506859 0.518646 3.02537 0
0.218966 -2.14175 0.419134 0
0.323391 -3.7323 1.78825 0
0.953572 -3.67156 -2.20984 0
0.541467 -5.33138 -0.450469 0
0.472863 -6.96901 3.11729 0
0.655829 -7.42836 2.47671 0
0.138768 -8.52225 -0.417691 0
3.43467 4.84074 -2.81995 0
0.797944 5.10072 -2.8236 0
0.855306 5.27099 -2.37056 0
0.452861 6.46368 1.91233 0
0.287249 3.2142 2.6168 0
0.380876 2.7501 -0.439491 0
0.2623 3.84607 -1.93805 0
0.243901 1.9633 2.23816 0
0.235623 0.464337 -0.118069 0
0.373521 -1.15377 1.48836 0
0.921211 -5.34185 -1.07844 0
0.354652 -4.01896 2.21118 0
0.277835 -3.03608 0.782681 0
0.801889 -3.38331 1.0978 0
1.1668 -3.99442 1.68186 0
0.163076 -7.01079 -2.49898 0
0.268331 -3.98966 0.86206 0
8.38186 2.61698 1.84437 0
4.85262 2.60387 1.72847 0
0.300861 1.25854 -2.69312 0
0.763993 1.45298 2.37529 0
0.158348 -6.019 -0.127133 0
0.359082 -3.21084 -1.35434 0
0.334222 -1.69446 0.428932 0
0.750537 -1.75911 -2.26123 0
0.147525 1.17815 -1.00412 0
0.437071 0.889883 -0.168664 0
0.609482 -1.02189 -1.78157 0
0.410132 -2.46385 -2.22891 0
0.331137 -1.06319 -2.9864 0
1.32481 -1.71204 0.92128 0
0.868798 -0.692375 0.544241 0
0.123331 1.20764 1.9407 0
1.13068 0.626408 0.333743 0
0.372527 0.558701 2.4895 0
0.749479 2.04376 1.35342 0
0.870285 2.29558 1.07683 0
0.398041 -4.14424 1.30499 0
0.429069 -3.41871 2.66376 0
1.45633 -4.7504 2.17223 0
1.16596 -5.42502 -2.96283 0
0.0756162 -4.43439 2.35793 0
0.563048 -5.90286 -2.54392 0
0.568548 -5.41762 1.53573 0
1.0635 3.24864 0.924701 0
0.466561 3.28419 0.0476284 0
0.0372374 5.42586 -0.145475 0
1.33309 3.513 1.87285 0
0.287596 3.77281 -0.122432 0
1.1353 2.95841 -1.07814 0
0.385242 2.67343 -1.46427 0
2.07308 3.38232 -1.23584 0
0.625096 3.79776 -1.06311 0
2.61342 3.33474 -1.23329 0
6.66866 3.31103 -1.06337 0
1.02562 3.10535 -1.34422 0
0.361221 3.89813 -0.992013 0
1.14028 2.89116 -1.57994 0
0.397726 1.41275 -1.14358 0
0.477464 0.72701 -1.70813 0
0.417633 1.78136 0.149632 0
1.06602 1.39765 -0.492317 0
1.20383 -0.0747505 -3.03068 0
0.268739 2.50513 -2.46343 0
0.312152 0.287197 -2.81166 0
0.107231 0.425547 2.39901 0
0.51874 -1.32443 -0.205755 0
0.378708 -5.25414 2.30277 0
0.789524 -4.09518 2.00901 0
0.976508 -3.49267 2.10727 0
0.521539 -1.81395 -1.74882 0
1.15738 -4.02136 0.662659 0
0.450717 -7.06512 -1.37043 0
0.303493 4.54108 2.29975 0
0.497627 5.64716 -2.06078 0
0.413866 4.98123 -2.95584 0
0.369908 5.72708 -2.85686 0
0.17081 6.34824 -1.45232 0
2.16505 5.84162 1.66359 0
0.13466 2.45935 -3.01044 0
0.446668 1.93876 0.852413 0
0.631278 -2.53683 0.977426 0
0.229308 -3.04879 -2.89938 0
0.230028 6.16771 -0.588392 0
0.533251 6.33323 -1.63308 0
0.215837 8.30523 -1.1764 3.95566475215279e-08
0.178221 7.89085 -0.348893 6.1543425795313e-08
0.634877 0.415271 -1.41174 0.00701523432118045
1.65254 0.318615 -1.2693 0.00322714438881794
0.193824 -6.80291 0.535896 0
0.118811 -6.6048 -2.67667 0
0.837524 -0.111737 -2.67803 0
0.236178 -0.496593 -1.88034 0
0.402271 1.63119 -2.13911 0
0.706544 2.13351 -1.71022 0
0.173117 -0.395718 -1.7665 1.41973007306865e-10
0.141021 -1.49945 2.61051 0
0.286532 -1.14707 -1.95415 0
0.387438 -2.98818 -0.943134 0
0.346797 -2.97133 -1.6511 0
0.548671 -2.01594 -1.1503 0
0.887377 -2.04673 -1.22262 0
0.544475 -2.37304 -0.0374975 0
0.220029 -2.373 1.27533 0
0.41834 -0.910112 0.792551 0
0.872725 -1.1566 0.544175 0
0.124142 3.2244 1.21196 0
0.14119 4.46739 0.345341 0
0.768895 3.20072 -1.03602 4.42879064146166e-09
0.815548 3.48128 -1.13759 2.82997684742936e-09
0.426939 2.14515 -1.33016 0
0.688219 2.06128 -1.19428 0
0.527673 0.846002 -0.234301 1.17180401443921e-07
0.458023 1.36126 -0.435992 7.1266508079678e-08
0.358759 1.21137 -2.72519 7.93633500974078e-08
0.676122 1.22338 -2.1336 4.37790339117423e-08
0.0940563 -2.0863 -3.08582 0
0.503325 -1.60204 -0.863224 0
0.141957 -1.32398 1.49014 1.45295119505662e-06
0.437209 -1.54099 1.47396 2.2334918660888e-06
0.170864 5.1542 -2.79122 1.10816930393778
0.0249853 4.8021 0.369774 10.7879149962857
0.495284 -1.02727 2.6968 5.24019406299427
0.09974 -1.19486 -1.72606 22.8018316432816
0.230068 -3.36104 2.10774 13.6072124317742
0.573857 -3.13589 0.969552 6.83199112828844
0.685267 -0.176732 -0.911513 0.014460385657262
0.488149 0.144816 -1.07778 0.00568830402362106
0.225367 4.15946 -2.37437 0
1.52157 4.36871 -1.19189 0
1.53234 -0.474043 -0.356932 0.437392466799635
1.79165 -0.174441 2.94619 0.123426604638387
0.440658 -1.03649 2.52 4.53508044304194
0.174733 -0.977011 -2.20628 12.2725233459832
0.0802513 -1.75317 2.97376 62.9376352469336
0.960496 -0.718455 2.43466 12.1415209643107
1.12312 -0.280532 0.423016 0.26861603660413
0.681714 -0.0583032 0.522908 0.421839148850214
0.487508 -0.637242 1.76773 0.67957477616855
0.312016 -0.0467939 -0.0736227 0.551949426115631
