0.38312 -5.19897 -0.535159 0
3.53034 4.72841 2.47778 5.31098589990527e-14
2.54274 4.59634 2.50317 5.8463764040421e-14
2.33437 4.50954 2.61063 6.03704459499234e-14
1.98779 3.7146 2.38994 1.33745824190234e-13
1.86799 3.50057 2.88702 1.51923207728274e-13
1.1171 3.26311 -1.56026 1.84186081821334e-13
3.90058 3.43814 -1.49679 1.52954536477176e-13
0.460645 3.37874 -0.713083 1.81122096556722e-13
3.59463 3.93634 -1.01517 9.79017300133304e-14
0.191605 4.7937 2.62479 0
0.142094 8.32756 1.18283 0
0.311482 5.4291 -2.11165 0
0.690495 -1.3082 1.03464 0
0.133214 4.98155 2.54312 0
0.436294 0.751716 0.600573 0
0.546244 8.28401 -2.23109 0
1.4126 1.70431 0.627196 0
1.24679 1.43934 0.280881 0
0.203009 0.191654 -1.83667 0
0.248569 2.33887 -2.11536 0
0.372752 3.33965 -1.69667 0
5.3137 3.41428 -2.25358 0
0.106579 4.46559 -0.385187 0
0.428984 4.71443 2.343 0
0.561758 5.06358 1.13757 0
0.986753 4.27949 -0.0351808 0
0.233349 -5.27273 -1.54555 0
0.878756 -4.99177 1.6938 0
1.33777 -4.91789 2.16695 0
0.294588 -5.03672 -1.71658 0
0.767452 -3.60922 0.679263 0
0.450103 2.40657 -0.534243 0
0.244386 1.20616 2.27356 0
0.0830542 5.42581 1.06127 0
0.332543 2.45508 0.169358 0
0.340683 1.21044 -2.75335 0
1.05809 -0.975129 0.0314719 0
1.06646 -1.72984 0.790948 0
0.150867 -1.9767 -0.0436708 0
0.294056 -4.73718 -0.963611 0
0.390087 -3.74959 -0.022547 0
0.0461516 -4.7366 -2.2344 0
1.53394 -5.18453 0.5023 0
1.07504 -6.55528 -2.8345 0
0.896612 -6.27126 -2.83385 0
1.00304 -6.45994 2.76795 0
0.373087 -4.20311 -2.81289 0
0.175671 -4.01301 -1.90329 0
0.491272 -1.0169 -1.65291 0
1.04832 -1.50189 -2.54119 0
0.421747 -2.00435 0.989326 0
0.46819 -2.90092 -2.3045 0
0.0874727 -5.58186 -0.815647 0
0.47565 -7.19355 -2.22452 0
0.94527 -8.38748 -1.44539 0
0.399762 -7.83149 -0.536876 0
0.670628 -4.92769 -3.03764 0
0.730848 -1.70717 -1.41982 0
0.0964122 -1.57439 1.67683 0
2.70395 4.72363 2.39998 5.49872652796361e-14
1.17763 3.57225 2.93045 1.39910795617444e-13
0.600008 4.54175 -3.06303 4.37364558868941e-14
0.696935 3.77371 2.67728 1.19417303578454e-13
1.86612 3.64712 2.79807 1.3259322341684e-13
2.27879 3.59959 -1.42505 1.29193403012802e-13
0.730603 3.84172 -1.81548 9.17590383256652e-14
0.404215 1.34847 1.26853 0
0.228363 -0.0178342 -1.15054 0
0.260124 0.880355 -0.289213 0
0.804236 -0.374703 1.09617 0
0.250252 -0.957665 3.04528 0
0.495906 0.183841 0.357687 0
0.500084 -1.4053 -0.415753 0
1.45585 5.11911 2.702 0
1.4195 4.91693 1.99818 0
0.27273 4.33408 2.92306 0
0.365151 5.9801 1.89362 0
0.53229 2.44132 3.08529 0
0.207227 3.18036 -0.36985 0
0.622846 -2.2029 -2.71644 0
0.604411 5.49594 -0.0304404 0
0.118787 6.51738 -2.56533 0
1.7097 2.52471 0.410869 0
3.24597 1.9719 0.476198 0
1.51497 1.47377 0.600616 0
0.940058 2.31948 0.711808 0
0.75297 1.18976 0.369357 0
1.23415 1.28363 0.992473 0
0.176299 -0.142103 0.32112 0
0.422288 2.13096 -3.13887 0
0.228613 0.642807 -0.944148 0
1.19815 3.64445 -2.00319 0
0.0949238 3.15174 -0.925264 0
3.00328 3.40294 -2.3611 0
0.521637 3.58582 -1.64234 0
0.460318 3.9745 -1.30281 0
0.325431 -5.1942 1.31228 0
0.54051 -3.80915 1.75774 0
0.137143 -0.161258 3.10095 0
0.462467 0.105941 -0.704338 0
0.261179 0.391547 2.47272 0
0.884484 5.73161 1.95191 0
0.637806 5.94348 0.510383 0
0.308523 5.91075 2.80333 0
0.676031 3.32111 -2.74686 0
0.165409 3.30805 -0.348032 0
0.349981 2.62033 -0.244561 0
0.161898 4.16472 1.44508 0
0.539814 0.586684 -1.06293 0
0.209424 0.486568 0.402666 0
0.472514 -0.480887 -0.193484 0
0.215807 -1.9392 0.987349 0
1.93686 -1.61521 0.137339 0
1.65996 -1.90861 0.270389 0
0.0748608 -2.89811 -0.997045 0
0.239571 -4.28249 -0.623338 0
0.212425 -5.01101 0.0852528 0
0.421076 -3.35516 -0.172038 0
0.455054 -5.2958 -2.7676 0
0.299183 -6.147 -2.09518 0
0.394393 -4.79009 2.14737 0
0.892548 -3.36596 3.10732 0
0.550229 -3.90667 2.29611 0
0.345075 -3.35341 -2.08911 0
0.210169 -2.70014 -2.56411 0
0.247695 -1.31285 -2.00232 0
1.29662 -1.3833 2.7601 0
0.338152 -5.10362 2.24503 0
0.162552 -5.97009 -1.73677 0
0.293179 -6.71471 -1.68159 0.247066939012433
0.837996 3.33313 2.63095 1.87072245484777e-13
0.920815 3.22416 2.89215 2.02117145069821e-13
0.781799 3.67068 -1.00107 1.29045714060584e-13
0.398726 3.77082 -1.61239 1.02942000377617e-13
0.317176 4.58156 2.10146 0
0.543302 5.24673 1.19133 0
0.81779 2.48584 -0.0465543 0
0.164365 3.48098 -0.404985 0
0.188659 3.54681 -0.59462 0
0.422673 4.57433 -1.39769 0
0.43963 2.42503 -3.08337 0
0.197589 2.66816 2.10269 0
0.196822 2.5202 2.89119 0
0.215652 2.75032 2.34074 0
0.290294 -5.91687 1.45942 0
0.11065 -5.9167 2.91306 0
0.475717 2.19845 3.05218 0
0.0941105 1.97681 2.31563 0
0.208829 3.411 1.30882 0
0.120145 2.42481 2.49182 0
0.83652 -1.36808 0.0743837 3.42520573174723e-08
0.434273 -1.20828 0.362908 1.06762995596539e-07
0.366949 -4.34446 1.7989 4.26288550504899e-08
0.267219 -4.74223 1.38868 2.16861859682094e-07
0.175392 -4.14637 1.42617 0
0.394677 -5.0147 2.34432 0
0.322523 3.55061 1.68991 15.3965153732795
0.140661 4.237 -2.35263 17.8120223568947
0.354598 3.18293 0.285971 10.0590942501624
0.411382 2.99807 1.4061 10.4514410406151
0.370405 0.0495008 1.26651 15.397143960439
0.199317 0.480682 2.86413 25.5778635151806
0.178409 3.655 -2.15558 6.79971257680486
0.987583 3.88882 -1.56318 0.982676537842452
0.0279973 -3.18492 0.499272 5.72943121479961e-05
0.454675 -3.13253 0.701995 1.78521766312812e-05
1.00231 -2.73615 -2.51205 2.88178150956709
0.407437 -3.33737 -2.70902 3.8968157947733
3.2755 3.80569 -0.882094 0.322406165847372
0.216172 -0.990695 3.0842 0
0.280258 -2.73567 0.915933 0
4.13841 4.13731 -0.673629 0.180840214260648
0.975217 3.8592 -0.88604 0.256940481970963
