1.33461 1.63322 1.73487 0
0.323285 6.70856 1.68563 0
0.149418 5.20103 0.658376 0
0.571373 4.20557 1.13316 0
0.67842 -3.70231 1.58865 0
0.455369 3.46975 -0.358329 0
0.241019 -5.35012 2.04839 0
0.350751 -5.63439 -2.58194 0
1.0126 -7.53877 -0.632459 0
0.454595 -7.155 -1.74847 0
0.663045 -7.37393 -0.0706963 0
0.37562 -5.55835 0.686777 0
0.537388 -5.30491 2.69381 0
0.26692 -5.79924 1.06315 0
0.602611 -3.64502 2.20919 0
1.23508 -1.1268 -0.467577 0
1.16355 3.62332 1.66094 0
0.829927 3.50826 2.02615 0
0.950216 3.6497 2.29044 0
1.42726 1.97519 -2.81158 0
2.27065 2.07572 -2.23168 0
2.12408 2.03546 -2.34301 0
1.42229 3.65465 -0.805105 0
1.60341 4.09067 0.3146 0
3.32791 3.70101 0.43505 0
0.166463 3.66984 3.04688 0
0.774373 2.79197 0.945375 0
0.589549 3.63067 0.498538 0
1.20725 2.96626 1.05897 0
0.58985 2.47224 -0.454973 0
0.686741 6.14425 0.911372 0
0.461311 4.88299 -0.976134 0
0.906996 2.09798 0.231807 0
0.751199 -1.89728 1.68976 0
0.491914 2.30865 0.786538 0
0.334834 0.477472 0.118268 0
0.20805 1.15945 2.15907 0
0.494159 -3.82072 1.55938 0
0.246969 -6.30548 0.622857 0
0.193527 -4.13578 -1.65599 0
0.582038 -4.25676 -2.86623 0
0.695917 -3.72579 -1.79809 0
4.22818 -0.476275 -0.588862 0
1.4618 -0.268067 -1.65307 0
2.37702 -0.304841 -0.84675 0
0.436807 5.2272 -0.763245 0
0.103511 4.60717 0.0717976 0
0.748544 0.947432 2.55242 0
0.274121 0.992145 2.27669 0
0.770342 -0.0224184 -2.65347 0
0.0700886 -1.26934 -0.873529 0
0.851336 -2.71116 1.80003 0
1.05498 -1.74807 0.744343 0
1.80378 -1.94514 1.77703 0
0.554236 -3.31623 0.957225 0
0.145758 -1.54992 -2.55372 0
0.136812 -3.587 2.87352 0
0.293924 -3.09429 0.78229 0
0.686635 -3.21505 -0.0127888 0
0.175647 -0.838117 0.522545 0
0.32492 -1.852 -3.04062 0
0.556191 -0.313737 2.46398 0
1.17956 2.40673 -1.99049 0
0.338411 -4.70855 1.77576 0
0.296711 0.188296 2.22727 0
1.11822 -1.63592 -2.70325 0
0.475246 -1.49037 -0.598366 0
0.564101 -0.808082 2.45076 0
0.246567 -0.676942 -1.65175 0
0.4828 -0.303655 3.08428 0
1.33711 0.224978 -2.19992 0
1.25051 2.30379 -1.62549 0
1.10631 3.29526 -2.3702 0
1.11927 5.14936 -1.75734 0
0.271072 5.75899 2.48617 0
0.311506 7.08564 -0.358801 0
0.140636 7.25334 -1.46956 0
0.104405 8.03798 -1.56223 0
0.311493 8.93621 1.07418 0
0.338634 6.68564 2.68097 0
0.532839 5.0136 -1.53135 0
0.284362 4.13274 1.28643 0
0.974358 2.43756 0.301972 0
0.205917 -3.90254 -1.60044 0
0.460147 -5.92895 0.220631 0
0.496076 1.40606 1.48186 0
0.130599 9.04109 0.219799 0
0.348135 6.34855 -2.41918 0
0.945697 4.09417 1.16227 0
0.42017 5.65119 0.974027 0
0.28357 4.08094 2.21619 0
0.21807 -2.68602 2.14502 0
0.472673 -0.0236759 -0.348652 0
0.330811 -1.405 2.51526 0
0.77238 -4.15455 -2.75448 0
0.325753 -4.18712 1.82726 0
0.310227 -4.33522 2.26773 0
0.148326 -8.2042 -1.52146 0
0.889052 -5.69545 2.3966 0
0.283911 -4.98345 -2.59179 0
0.83735 -2.61341 1.71944 0
0.376586 -3.81866 0.616687 0
0.605689 -2.17431 0.311195 0
0.211442 -3.92619 1.02323 0
0.0928847 -2.41577 -0.970472 0
0.395077 -1.72934 -2.52211 0
0.376465 4.43349 2.77459 0
0.7549 3.44976 -2.85296 0
0.364124 3.97949 -2.4182 0
0.425529 2.73005 -1.15682 0
0.853965 1.39526 -2.2359 0
0.26604 3.7469 -0.731216 0
1.05245 3.89167 0.151178 0
0.689413 1.53096 1.21055 0
0.181378 1.94777 2.87342 0
0.381036 -0.244512 -0.269497 0
3.68857 -0.354528 0.506968 0
0.48524 2.04696 2.25191 0
0.171498 2.55913 -0.891587 0
0.182048 0.300916 0.656801 0
0.31408 -0.291715 2.94157 0
0.815714 -3.18724 0.274637 0
0.372539 -3.67204 -0.520147 0
0.197981 1.95003 -1.53712 0
0.317289 -0.109579 -0.195043 0
0.513377 -1.3345 -2.70626 0
0.434673 -4.07203 -3.07433 0
0.371502 -4.76367 2.57001 0
0.486692 -3.8593 -1.69842 0
0.936486 -6.17137 2.92757 0
0.445281 -6.43251 0.908047 0
0.420564 -5.63438 1.33406 0
0.184418 -6.48497 -1.6941 0
1.07337 -4.54394 2.52675 0
0.63488 -4.39083 2.28837 0
0.817216 -4.99001 2.97689 0
0.59092 -3.41913 2.99453 0
0.967992 -1.04959 -1.03038 0
0.18609 -1.93292 1.38368 0
0.670468 -1.19467 -1.63928 0
1.0858 2.47807 -0.493537 0
0.0962757 3.58662 -2.14506 0
0.303599 4.90644 1.03933 0
0.460642 4.1311 -1.02315 0
0.0828871 5.52551 -0.16971 0
0.499823 3.99707 -1.81931 0
0.189748 4.63704 -2.20195 0
0.428179 0.528681 -0.372537 0
0.340562 1.00339 1.9593 0
0.469103 -0.515576 2.62536 0
0.633777 -0.967303 3.06258 0
0.433233 -1.83328 1.97004 0
0.403396 -2.93353 -3.05402 0
0.147587 -1.18084 2.20739 0
0.729716 -1.21985 -0.643105 0
0.489051 -2.16218 -1.36698 0
0.0299109 -4.56122 -1.23448 0
1.01915 -2.19096 -0.504661 0
0.382348 -3.30668 1.20261 0
0.297659 -4.20666 2.91655 0
1.3646 -2.89456 1.45566 0
0.603799 -2.46792 0.913276 0
0.166924 -4.01244 -0.9594 0
0.394146 -2.29066 2.41623 0
0.695262 0.31823 -0.933619 0
0.255221 0.223754 -2.05581 0
0.179697 3.34334 -1.87972 0
0.674455 -5.21819 -2.04407 0
0.274073 -5.44038 2.12846 0
0.146311 -2.46037 0.474125 0
0.227981 -3.58815 -0.462034 0
0.163265 -1.51814 1.12958 0
0.166243 -2.21852 -2.11031 0
0.124489 2.27092 0.995181 0
0.528341 -0.00700124 -0.92467 0
0.529132 3.25432 -2.45614 0
0.216099 5.4239 2.3206 0
0.262093 7.39605 -1.27133 0
0.157051 9.25954 -0.767207 0
0.257658 7.10924 -1.58579 0
0.807757 -1.05855 2.3081 0
0.0111255 1.28097 2.60028 0
0.601194 -1.54562 2.83069 0
0.757206 0.0165796 1.77122 0
0.190391 -0.975421 2.70656 0
0.466799 -0.416583 -1.23626 0
0.850213 -0.0406913 3.11465 0
0.172497 0.311213 -0.57409 0
0.954425 2.13836 -2.13846 0
0.308944 0.270925 -1.14744 0
0.26713 2.24683 -2.43572 0
0.248567 3.7884 0.199784 0
0.463396 3.78262 -2.06565 0
0.321246 6.44857 -0.512059 0
0.398403 1.19585 -0.880742 0
0.297979 -0.141634 0.5193 0
0.250469 0.0345328 2.38134 0
0.452314 -0.161453 -2.23694 0
0.635083 -0.386483 0.834714 0
0.125646 -5.22573 -2.4037 0
0.362442 -5.00993 1.02877 0
0.390262 -4.65402 -1.77441 0
0.178653 2.77736 1.16515 0
0.326721 3.0737 2.82868 0
0.0403862 -2.20918 1.95203 0
0.288197 -1.75891 1.15482 0
0.202737 -4.49399 0.0762441 0
0.386324 -4.69211 -1.45098 0
0.286165 -6.26133 -1.30008 0
0.918041 -5.53584 -1.7176 0
0.587949 2.25671 1.75749 1.6350771680666
0.488438 3.37802 0.551852 0
0.168163 2.40385 -0.237991 0
0.191028 1.64061 2.15285 0
0.546652 1.70016 0.643688 0
0.293505 0.688011 0.994355 2.19942086123315e-09
0.778422 0.531584 0.839242 1.13170304311567e-08
0.500318 4.76983 -0.441367 0
0.24233 5.69583 0.482685 0
0.196454 2.93353 -1.04152 0
0.205057 2.22181 2.87 0
0.398554 -0.801593 0.311448 0
0.057637 -3.30063 -1.69781 0
0.116891 -1.05393 0.133454 0
0.151552 -2.2229 -1.31118 0
0.240285 -2.29574 -0.267017 0
0.309312 -2.35978 -0.736093 0
0.238164 -1.96893 1.15591 0
0.19739 -3.11165 3.07079 0
0.251514 0.209319 -0.832792 0
1.32586 -0.0229433 -0.690368 0
1.0192 0.474679 0.0646252 0
0.106094 0.712873 0.0042542 0
0.177584 0.815449 0.0317416 0
0.440015 0.968563 -0.95512 0
0.496057 2.3285 -2.62102 0
0.0962718 1.76801 -1.39194 0
0.335845 -2.09682 -0.373316 0
0.318867 -1.79507 -1.09302 0
0.375326 -3.15295 2.08504 3.78108816739322
0.35744 -2.84872 1.77075 15.2453817022028
0.0692462 -6.53795 1.2936 4.69947728090296e-10
0.298165 -0.462388 0.175434 50.5054064535207
0.834218 0.294053 0.0804676 19.1858817518373
0.331117 -1.79757 1.14442 9.13259522168606
0.208724 -1.8422 -0.630072 13.9292782795973
2.11502 2.28574 1.07328 0.21364906276409
2.97947 2.3758 0.951891 0.241925198792302
0.163919 5.89058 0.486859 0
0.322907 3.69792 2.4857 0
0.233185 -6.03933 -0.871983 0.00785128406484168
0.287311 -5.42126 -2.13954 0.0148291064900986
0.539408 0.963666 2.17111 0.115207041108881
1.17158 1.33624 2.38249 0.0805052347734567
0.884151 1.3917 2.09376 0.0145651917396724
0.80712 -4.65227 2.90028 0.0638222388120385
1.54621 -4.76009 2.64001 0.0482766674507779
