0.473654 8.88003 -1.18808 0
0.702782 -4.99249 -2.29963 0
0.0782939 2.22824 1.04579 0
0.851247 -0.0995331 2.68575 0
0.337884 0.201969 2.86993 0
0.775422 0.0814689 3.05759 0
0.291551 -0.211601 -0.886128 0
1.41059 0.319864 -2.89628 0
0.769663 0.493574 -1.41512 0
0.808293 5.92546 0.718944 0
1.01898 5.87254 0.956359 0
0.919929 1.91215 -2.35202 0
1.21269 1.53396 -2.474 0
2.06009 -0.192859 0.303193 0
0.519724 -1.78931 -1.70339 0
0.893228 -3.4419 2.99741 0
2.15216 -3.31546 1.34933 0
0.189216 -6.03298 1.03507 0
0.27596 -5.0927 0.373607 0
0.550597 -4.55744 -0.942653 0
0.323825 -4.83838 -2.83467 0
0.279436 -3.77039 2.48507 0
0.544141 -1.45233 1.86777 0
0.709098 0.558112 -0.410746 0
1.16143 0.358387 -0.837869 0
0.543586 0.71769 3.03715 0
2.9531 0.776673 1.28057 0
0.646508 0.965095 2.09251 0
1.41999 1.29641 1.38277 0
0.165275 0.521154 0.850571 0
1.85707 1.50187 1.57038 0
1.11564 0.818074 1.02929 0
0.555969 1.79198 0.469506 0
0.514 0.846303 2.57332 0
0.361964 -6.24785 0.300118 0
1.55529 -2.18534 2.67803 0
1.18494 -1.79572 1.96694 0
1.63572 -2.91089 1.48539 0
0.200404 -4.27766 -0.524711 0
0.850627 -3.93187 -1.89809 0
0.528021 -3.68997 -2.34084 0
0.327993 -5.69797 -2.06892 0
0.618203 -6.79303 0.121032 0
1.06254 -6.2614 -0.613505 0
0.257324 -7.15971 0.543294 0
0.661778 -6.97809 -0.791667 0
0.161317 -6.91467 -0.203115 0
0.418482 -5.6602 -2.38635 0
1.24219 0.450492 0.195599 0
0.499561 -4.32269 -1.14626 0
0.63183 -5.02879 0.00230038 0
0.238341 -7.40413 2.41766 0
0.219921 -8.16555 -1.73232 0
0.360809 -4.13864 -1.13893 0
0.667206 -4.28523 2.07682 0
3.03486 0.00603008 2.16411 0
0.908087 -0.264936 2.33181 0
1.42956 -0.543288 1.41958 0
1.04411 -0.13218 1.87632 0
0.476159 -0.602736 2.44481 0
0.249121 1.74394 -1.8712 0
3.35969 2.47462 0.462446 0
0.42866 3.18791 -0.10423 0
0.986413 0.993649 -1.08948 0
1.44105 1.01273 0.0454799 0
1.79491 1.7578 -3.01354 0
1.17885 2.59547 -2.61296 0
0.620759 3.46191 -2.58911 0
0.794593 3.89608 2.87723 0
0.623255 5.9073 -1.82789 0
0.190963 1.12696 -2.66385 0
0.34556 1.00753 0.712695 0
0.585799 -1.81287 -0.802426 0
0.392115 -0.416273 2.81034 0
0.709709 -2.98681 1.05502 0
1.05503 -3.99449 0.300555 0
1.11764 -4.07062 -0.414468 0
1.39381 -2.11462 0.105913 0
0.904356 -1.73794 1.30205 0
0.688586 -0.542229 -0.410438 0
0.487027 2.22395 -1.21534 0
0.274179 5.05729 2.82414 0
0.418149 3.28531 -0.303669 0
0.781899 4.12091 -0.131165 0
0.683804 4.21986 -2.96632 0
0.308958 2.89976 -0.90981 0
0.366892 1.81133 -2.80361 0
0.325739 -0.6143 -1.06334 0
0.237117 -2.77555 -1.44937 0
0.556812 -1.98686 -1.69823 0
1.70442 -2.81707 -1.81518 0
2.06504 -3.48437 -1.82835 0
0.086866 -4.74603 2.71262 0
0.606384 -6.89124 1.72093 0
0.524084 -2.98191 -1.12393 0
0.243891 -4.42436 1.88416 0
0.400004 0.676793 2.71367 0
0.683157 1.42706 -2.8505 0
0.0952651 5.83376 0.920583 0
0.420463 3.86048 2.22465 0
1.05156 5.11569 1.41392 0
0.659519 0.862957 -2.77298 0
1.83854 0.00457491 -2.041 0
0.160519 -2.80052 1.08007 0
0.497679 -1.43072 -2.5401 0
0.11062 -5.40725 1.32112 0
0.234606 -4.89535 2.86562 0
0.281587 1.1757 -2.70907 0
2.12973 0.116599 2.87933 0
0.54844 -0.0290686 -2.74438 0
0.52241 0.619334 -1.36586 0
1.36911 0.157117 -1.35121 0
0.735726 5.63469 0.195899 0
0.532755 4.10767 1.98665 0
0.379509 3.07543 -2.35594 0
0.369557 3.61299 0.0683723 0
0.40074 -1.59845 -2.15164 0
0.311652 -3.92132 0.0294798 0
0.272127 -3.52134 -2.77289 0
0.876266 -4.21735 -1.43813 0
0.136696 -5.66123 1.77355 0
0.477055 -3.6331 -1.05423 0
0.486374 -2.97063 -2.69864 0
0.81967 -3.02725 -0.597086 0
0.797759 0.0653101 0.224652 0
0.556274 0.235529 0.956347 0
0.882783 1.05865 2.0649 0
1.24467 -6.17074 -1.08933 0
0.560647 -5.77926 -1.76968 0
0.337778 -3.95638 2.78157 0
0.404089 -4.08586 -0.484839 0
0.132716 -3.36433 1.80324 0
0.187206 -1.252 -1.66543 0
0.277272 -2.41198 1.63972 0
0.253484 -4.12559 2.53614 0
0.398307 -2.40585 -0.403768 0
0.209454 -2.74796 0.289459 0
2.15091 -2.40808 0.601472 0
0.498296 -2.81373 0.601485 0
0.719671 -2.13394 1.03372 0
1.57052 -2.51829 0.662306 0
0.228003 -1.91516 1.19753 0
0.572359 -3.17811 0.152749 0
1.1326 -2.52604 0.399458 0
0.596487 -2.80979 0.330032 0
0.561235 -2.69507 1.32562 0
1.39857 -2.39004 0.278919 0
0.177166 -3.32235 -0.952543 0
2.77351 -3.04271 0.241687 0
0.110681 -7.62137 -1.22856 0
0.871344 3.37817 -2.55882 0
0.653242 3.97546 2.6287 0
0.71605 -1.77952 -0.489923 0
0.270719 0.414948 -0.720262 0
1.70034 -0.845312 0.521906 0
0.0797884 -0.591447 1.71618 0
0.332465 0.093525 1.4308 0
0.324878 2.4717 2.21282 0
0.429385 1.09824 1.4299 0
0.8544 2.3652 -0.243991 0
0.892841 3.28353 -0.594346 0
0.181454 3.21178 -2.94494 0
0.0983949 3.18582 -3.12718 0
1.34215 3.63966 -0.909731 0
0.437994 3.06815 -0.897809 0
0.313722 4.35697 2.53447 0
0.385566 3.45582 -2.39381 0
0.272572 2.84217 -2.26145 0
0.503954 1.92168 -1.55092 0
0.217962 -1.08544 -0.474569 0
0.864836 -0.150762 -0.360856 0
0.379995 2.22105 1.59298 0
1.13485 1.84271 1.68701 0
0.700154 2.6492 2.75801 0
0.28124 2.48757 0.672152 0
0.117149 4.78814 -2.19993 0
0.24714 2.9622 -3.04938 0
0.971119 2.81223 -1.43409 0
0.756884 5.18656 -2.85708 0
0.904164 4.95852 3.13237 0
0.289295 5.60213 0.834224 0
0.548768 5.53681 -2.18665 0
0.636224 6.07004 -2.39009 0
0.807464 6.99443 -0.927392 0
0.498612 6.35965 -0.592083 0
0.404762 5.22756 -0.290994 0
1.80768 6.47471 -1.059 0
0.81512 6.98151 -0.076048 0
0.22308 6.08357 0.303081 0
0.542116 5.04298 0.651916 0
0.608126 4.4524 0.489599 0
0.722566 3.73405 -0.58659 0
0.270079 2.61167 -1.56541 0
0.19408 1.68593 -2.47962 0
0.24851 -0.3797 -2.81183 0
0.437357 -2.98712 -0.564756 0
0.217238 -4.0805 1.6199 0
0.539635 -3.65146 0.475116 0
0.392109 -4.70461 -0.625039 0
0.398523 -4.12292 -2.06165 0
0.308445 -1.91844 -2.67044 0
0.312863 -2.47455 1.345 0
0.611047 -3.15492 0.383156 0
0.290843 -2.91151 2.33817 0
0.264418 -1.05824 -1.41124 0
0.328966 -0.875142 1.04962 0
0.535399 1.55397 -1.68746 0
0.981288 5.64213 -2.33396 0
0.216294 -0.816079 2.10332 0
1.426 -3.14308 -1.93516 0
0.953943 -6.83015 1.15745 0
0.239989 -6.35018 -1.61955 0
0.412984 -6.241 2.1221 0
0.431879 -4.81919 2.36667 0
0.173112 -1.31967 2.90542 0
0.58495 -1.87592 -1.31141 0
0.649261 -2.67258 1.07354 0
0.253429 2.53115 1.7238 0
0.219905 4.87319 0.712627 0
0.05695 3.07147 1.53635 0
0.267941 5.39224 1.83721 0
0.94358 0.551279 -2.34866 1.91905615364612e-09
0.796968 0.994481 2.8473 0
0.589095 1.51517 2.54787 0
0.700747 -4.2928 1.1855 0
0.147101 -3.50586 1.46479 0
0.256665 -4.94607 -2.79717 8.38055348024861e-08
0.16275 -5.24739 2.37009 1.61577483337569e-07
0.685346 -0.903143 1.96524 0.480153088301469
1.39554 -2.45843 2.99852 0
0.7168 -2.42669 2.53021 0
0.0834591 -3.60777 0.511506 0
0.0205347 -4.99164 -2.45808 0
0.481081 -5.08949 -0.877648 1.74070613605978e-07
0.758601 -4.77164 -0.948675 7.62859604397944e-08
0.00370459 5.00107 0.369532 0
0.590801 2.13049 -3.14054 0
1.83371 -5.23543 2.66435 0.0586873173673143
0.290835 0.0342665 2.67398 0
0.151047 0.531468 0.733406 0
0.343534 -0.185639 0.936162 0
0.505532 -1.02251 0.419079 0
0.40948 0.871311 -1.39545 0
0.0835158 0.61179 0.737269 0
0.620128 3.16443 -0.439199 0
0.373256 2.47169 -0.549812 0
0.55043 3.88659 -0.596255 0
0.0476465 5.40966 -2.88259 0
0.447318 0.72734 1.07255 0
0.43882 0.152039 1.12434 0
2.20632 1.96448 1.38395 2.77830775553195
0.341512 1.84111 1.07635 20.2284796718306
1.14851 1.55281 1.14159 2.09297084842576e-08
0.28523 1.62992 1.40352 1.22995163069061e-07
0.280392 1.99741 -1.98101 0
0.0352379 0.0104306 0.900889 0
0.225079 -0.21013 -2.31455 0
0.228074 -1.17105 1.08605 0
0.145128 -4.93889 -1.34533 1.54466379156545e-08
0.0701797 -4.82647 -1.33892 1.80744289800909e-08
0.191518 1.26161 1.24739 0
0.291356 0.170563 -1.35745 0
0.150233 -1.70101 2.38925 10.9424409993156
0.291416 -2.17552 -1.76528 3.57627473640211
0.124645 -2.15883 -1.6164 37.1493710412893
0.584883 -2.58432 -0.710938 5.16082136979621
0.335239 -0.392387 0.458372 18.5915614062652
0.146729 -1.67579 -0.890197 16.5876719936197
0.157631 -2.66739 1.4193 14.8992692961284
0.674752 -2.74854 0.332753 3.22506314356437
0.0853489 -3.39045 -1.76433 10.9328902747425
0.415533 -2.36176 2.13461 6.21265781795746
0.430579 0.0751207 0.839601 5.62193520380719
0.334587 1.00276 1.34476 4.68823091559865
0.998082 1.15902 1.2043 22.9959983626187
0.293586 0.83653 0.639498 100.39821047621
0.343047 2.69915 -1.97088 15.2719315390519
0.281751 3.69001 -1.20489 6.92932588460404
4.8749 0.533164 -2.33744 0.0228034847950967
1.58457 0.415644 -2.4684 0.069757974535605
1.07472 -4.71745 -3.02835 0.00430303850732071
0.164921 1.70651 0.710545 4.86552150586133
0.0952305 0.848646 -1.6464 17.2480989970793
1.68111 -5.36644 -1.40328 0.0193331191690187
0.0395152 -5.9131 -2.21826 0.150234002862088
0.844745 -5.22955 -1.05034 0.0922504166524432
0.997439 1.53713 1.1256 0.221494517433247
0.167185 -0.864312 1.64468 0.357673952463659
2.74998 -1.28789 1.39159 0.0543242282320561
0.693168 -4.56763 -2.93216 0.00794941940958092
0.470933 2.43911 0.729739 0.02978664545549
0.0946107 3.46832 1.92756 0.163155570236047
