1.30678 -6.88455 1.46949 0
0.50384 -7.88559 1.25106 0
3.15022 2.52211 0.231698 0
0.382019 3.37388 -0.732404 0
1.34606 2.18614 -0.285237 0
0.240643 4.24805 0.0405373 0
0.377849 4.39609 -0.976161 0
0.513304 8.75838 -2.43368 0
0.694533 -1.51633 -1.39624 0
0.421263 -1.08665 1.41777 0
0.642267 -0.282024 1.56973 0
0.40772 3.06356 -2.60094 0
0.509071 1.57927 1.64897 0
1.23917 0.767025 1.91222 0
0.171316 -1.42016 0.98218 0
1.07687 -0.375257 1.78929 0
1.29925 -0.940182 1.93849 0
0.135656 -0.417361 0.194153 0
0.288558 1.53415 2.50616 0
0.351672 2.10695 1.28312 0
0.619379 4.21035 3.1055 0
11.5703 4.37675 -2.97334 0
0.40699 -4.54712 -0.188454 0
1.99679 -3.08903 -1.8496 0
1.5409 -1.8129 -0.348866 0
0.461475 -2.75693 -0.995742 0
0.835628 0.244938 -1.8036 0
1.00841 0.39543 -1.07978 0
1.65853 0.632847 -1.81117 0
0.807607 1.77758 -0.956694 0
0.691483 3.12744 -0.507592 0
1.13178 4.28467 -0.370642 0
0.914161 4.09526 -0.442848 0
1.48085 4.25331 -0.276964 0
0.620518 3.89548 -1.80213 0
0.687046 5.65679 -2.21858 0
0.268255 -5.16341 1.57311 0
0.522386 -0.903312 -0.657319 0
0.0321514 -4.60008 0.639399 0
0.253268 -7.42808 1.04769 0
6.11942 2.38509 0.195724 0
3.75594 2.49042 0.269083 0
0.316283 4.54979 -1.48872 0
1.02033 -4.15094 2.87349 0
1.47889 -1.39163 1.82111 0
0.691719 -3.26898 1.75739 0
0.248737 -2.58107 -2.56638 0
0.355243 -3.06189 -2.80221 0
1.11548 -0.889058 -1.52821 0
2.66766 2.02449 0.562808 0
0.533739 2.54283 0.493893 0
1.14368 2.14752 0.706707 0
1.02753 2.02911 0.824023 0
0.316792 2.06745 -0.399588 0
0.189762 1.26479 -0.895287 0
0.57997 0.427274 2.19619 0
1.4827 -0.387527 1.74548 0
0.237688 -1.54602 1.1764 0
0.485032 -4.75589 -2.38939 0
1.52068 -4.35011 -2.56359 0
0.0647117 -4.90762 -0.61196 0
2.25047 -3.79074 -0.879664 0
0.311114 -2.59512 -1.56786 0
0.48486 -0.628695 -2.00038 0
0.834229 -1.0981 -1.37336 0
0.310842 3.22223 2.50422 0
0.12755 6.86192 1.37893 0
0.791078 5.13207 -0.0903891 0
0.29597 5.39945 -1.30375 0
0.786536 4.52106 0.460265 0
0.540114 3.90065 0.80282 0
0.502042 3.90827 2.56173 0
0.19302 3.88475 1.2037 0
0.444008 -5.50198 -1.23264 0
0.219576 -3.95424 2.20811 0
0.390192 -5.33052 -3.11008 0
0.202628 -5.77581 1.2193 0
0.133886 -6.40724 -2.58994 0
0.439279 -4.51337 -0.887813 0.23139798791967
1.57506 2.58221 0.12805 0.392186224729491
0.332664 3.72696 -0.0468699 0
0.244 3.1661 1.11387 0
0.131215 7.59622 -0.651857 0
0.339551 6.40228 1.05299 0
0.686365 -2.13916 1.62525 0
0.0403637 -3.54123 -0.316979 0
0.230695 1.60891 0.405592 1.6539379617618e-08
0.253248 2.04668 0.986073 3.08873935877077e-09
0.89982 -0.121618 -2.82754 8.85204166079979
0.289984 -0.22664 -2.63637 6.83400190187868
0.165269 2.01796 1.92525 0
0.10912 3.95035 -2.79246 0
0.0395137 4.19298 1.91976 0
0.219001 4.53251 -2.99173 0
0.747738 4.42251 -3.10144 0
3.22733 4.30396 -3.06202 0
0.222884 -3.40028 -2.39683 0
0.194936 -4.47455 -2.95945 0
0.138754 -2.0845 -0.467574 3.20165150547455e-08
0.274508 -1.58536 0.997877 2.10626436284901e-08
0.439926 4.43877 -0.0291142 0
0.480965 4.69921 -0.976321 0
0.165883 5.05234 -2.1274 0
0.281417 5.88265 2.50356 0
0.266408 3.60536 3.09308 0
0.400145 2.97013 2.05236 0
1.11442 5.29759 -3.06527 0
0.0767146 6.39087 -3.07301 0
0.183962 -7.60323 0.385346 0
0.157376 -8.37323 -2.06046 0
0.150093 -5.03822 2.61528 5.29114834194363
0.208507 -3.85907 -1.33149 12.4128396456967
0.213859 -1.2049 -0.145283 1.94323944333997
0.135478 0.0675737 -2.52239 5.56112906215797
0.280756 -3.28763 -1.32797 8.51475655778691e-06
0.543571 -3.28836 -1.32921 8.01160070195806e-06
0.195728 -1.09133 2.91456 51.4485396136435
0.190686 -1.73215 -0.358496 30.0890161734046
0.710943 -5.82063 -0.027062 0.0461086439986866
0.714551 -1.04171 -0.228917 0
0.0559338 -3.51918 -3.06225 0
1.14656 -4.09728 3.12534 0.00861068501078695
0.821067 -4.72024 -2.79961 0.00305074661638848
0.656992 -5.1452 -0.717662 0.0735536271841529
