42.0004 3.49889 2.34836 1.24349840098533e-13
0.534983 3.7299 2.63912 0
0.184769 4.5285 0.940924 0
1.18839 -0.807035 -1.10454 0
1.21225 -0.723087 -1.33844 0
0.104504 -2.20573 -0.0779924 0
0.879807 0.308476 -1.84776 0
0.135093 0.962155 -3.03937 0
0.403425 3.12817 1.81818 0
0.839522 2.68049 0.199661 0
11.2848 0.524045 -1.47706 2.39342667977199e-13
4.14442 0.422618 -1.59013 2.39571624516451e-13
1.70733 0.217842 -2.14633 2.17482648205275e-13
1.03108 1.30795 1.65188 0
0.523609 0.898094 0.347063 0
0.242609 2.38031 2.75854 0
1.45386 1.6955 -2.8525 0
5.34518 1.59252 2.69564 0
0.0956063 0.287038 -2.55643 1.74500589389552e-13
1.0741 1.17803 -1.60793 1.81379408362037e-13
6.42824 1.20252 -3.02219 1.71371333881524e-14
19.7506 1.08303 3.09334 3.1980355674892e-14
8.74228 1.15348 -3.10692 2.04298256827674e-14
9.27753 1.05075 3.0962 3.26452991922285e-14
13.7895 1.07595 3.1293 2.64998932864766e-14
17.9209 1.10834 -3.14149 2.41459178583509e-14
1.93747 3.11723 -0.10187 0
0.621748 3.12408 -0.155539 0
0.611498 2.92889 1.29643 0
0.558391 2.73742 0.788913 0
0.444514 2.5987 1.49038 0
0.474905 2.92519 2.03907 0
0.444721 3.57231 -1.38106 0
0.352675 5.4871 0.257036 0
0.0521575 7.06826 2.06064 0
0.229492 6.23933 2.81433 0
0.183076 -0.115006 1.78675 9.49069010706511e-14
0.61252 -6.46541 1.22091 0
0.287479 -7.2345 0.777071 0
0.648469 -6.16744 1.33492 0
0.417454 -5.34928 1.2663 0
0.807227 -4.2383 -2.0107 0
0.349483 -3.88524 -1.87457 0
0.737378 -2.40472 1.55306 0
0.798054 -3.97703 -2.25742 0
1.2463 -3.5699 -2.45433 0
1.91872 -2.4034 3.10772 0
6.61167 -2.55552 2.80701 0
0.262886 -5.38788 -0.838454 0
1.00857 3.61179 -1.20982 0
2.18474 3.5856 -0.809464 0
1.0993 2.32301 0.00810938 0
18.0585 2.19613 -0.313725 0
2.83879 2.37017 -0.0995368 0
2.46117 2.54379 -0.285966 0
0.26842 7.66113 2.846 0
0.5215 5.84223 0.404941 0
0.245097 6.30876 -2.7697 0
0.723823 5.18533 -1.4961 0
0.537706 4.72174 -1.66677 0
1.2136 3.92434 -1.94689 0
0.951603 3.8774 -1.21105 0
1.00663 0.913337 0.0288426 0
4.43419 -0.516808 -1.71375 0
0.24655 -1.42204 -0.699888 0
0.723536 -4.75692 -0.103943 0
0.14049 -4.17135 -3.12992 0
0.352471 -5.95358 0.621615 0
0.101063 -5.20704 -1.22707 0
0.324611 1.22318 -0.33502 0
1.26152 0.782725 2.84133 0
0.31058 -6.57366 2.74116 0
0.368795 -7.23076 -0.798281 0
0.2191 3.72339 2.52681 0
0.358067 3.90311 0.517682 0
0.983742 3.22869 -1.9436 0
0.579792 1.65613 0.844183 0
0.680026 1.23625 -2.64358 0
0.780658 0.807892 -0.129881 0
0.313844 -0.959185 0.135205 0
0.552764 -2.62562 -1.27244 0
0.380974 -3.45248 -0.151284 0
0.352616 2.41623 -1.89468 0
0.898268 2.91949 0.426023 0
1.40051 3.28257 1.45139 0
0.489965 3.5563 0.739538 0
0.327991 0.0532252 -2.6858 0
0.129788 2.08953 -3.13533 0
0.842924 0.455016 -2.13003 0
1.28823 1.8503 2.1859 0
1.60502 1.76295 2.76416 0
1.86279 1.86053 2.72674 0
0.620418 0.853899 -1.38187 2.21793951878839e-13
0.314693 1.01064 -2.67717 5.2364749661893e-14
0.0685238 4.17169 2.32291 0
1.28157 2.55372 0.274662 0
1.03862 3.21809 -0.0261426 0
1.73367 2.6744 0.554328 0
0.16442 3.3969 -0.553641 0
0.0716208 6.38033 -0.591033 0
0.288322 6.86392 2.68536 0
0.600797 -1.07743 0.365352 2.95377463860135e-14
0.917561 -0.254056 0.674846 7.27544340612203e-14
2.02292 -1.03317 -0.328827 1.50413533288009e-14
0.897734 -1.26372 -0.221821 1.94742476590511e-14
1.81614 -1.27455 -0.132102 1.89431016799256e-14
8.11203 -1.11186 -0.402448 2.06138010195551e-14
1.16362 -1.02354 -0.571604 2.91503344673725e-14
0.153007 -6.63771 1.62257 0
0.85769 -7.48907 1.23959 0
0.51175 -3.14564 1.47513 0
0.0357959 -2.43446 0.153313 0
0.267077 -2.00988 -2.26218 0
0.528517 -1.41957 1.42081 0
0.43017 -2.96809 1.46516 0
0.279679 -2.40648 -1.84609 0
0.166931 -3.04088 1.70611 0
0.728459 -6.12345 0.439329 0
1.44827 -6.01695 0.833063 0
0.279894 -6.06029 -0.224518 0
0.66004 -4.39033 -2.9872 0
0.453428 -4.50642 -0.70352 0
0.148668 -4.03238 2.77716 0
0.163652 1.64908 2.4825 0
0.232652 4.40791 1.78234 0
0.694167 3.81687 -1.89722 0
0.28992 4.44374 -0.169055 0
1.66265 2.28656 -0.19431 0
1.13056 1.89562 -0.466221 0
0.0388322 5.13447 2.03792 0
0.603538 5.65686 -0.115156 0
0.235347 2.55407 -0.377596 0
0.540698 -0.906054 0.0062404 0
0.4106 0.209356 -0.825232 0
0.314354 -1.34128 -2.16581 0
0.16679 -1.54129 -1.38313 0
0.521286 -2.62732 -2.37244 0
0.0798171 -1.87308 2.76521 0
0.553591 -3.48422 -1.5837 0
0.428889 -2.40512 -0.69085 0
0.579411 -4.95602 1.49673 0
0.138033 -6.6074 1.71424 0
0.272275 -3.73825 2.10241 0
0.101218 -3.49659 0.0783492 0
1.40332 -2.93684 1.81136 0
0.100378 -2.72134 -0.527771 0
0.660402 -0.178649 2.18947 0
3.27622 -1.05534 -0.426262 0
0.310352 -1.03053 -0.925149 0
0.677184 -7.15919 -1.05962 0
0.288205 -8.91842 0.32673 0
0.452603 -5.03915 1.40349 0
0.32171 6.54373 1.09032 0
0.245182 5.28808 2.74124 0
0.221071 1.37968 0.255266 0
0.361626 -0.379198 0.600095 0
0.465466 1.30716 2.91959 0
0.731939 1.15631 -2.62573 0
0.127688 -2.2246 -0.56084 0
0.0628714 -4.35387 2.90597 0
0.199244 0.836333 -1.86819 1.77614247148326e-13
0.597944 0.512555 -1.62056 2.30227217848827e-13
0.831421 0.53475 -2.30352 1.58884853923002e-13
1.56501 0.272874 -1.93948 2.27603732313503e-13
0.527694 1.35463 -2.27894 0
0.293114 2.34511 -0.551914 0
0.559204 1.05888 -2.86867 12.1652901482266
0.416686 0.959092 3.03342 41.2017352008209
0.0660127 7.51283 1.90012 8.06188347783052e-08
0.224933 6.40044 -0.367131 5.69247017161459e-08
1.46833 -0.421895 1.27836 4.68716754435845
3.58883 -1.13013 -0.393994 2.79297280691644e-08
2.65154 -1.00607 -0.405878 5.09809837481212e-08
0.155414 -2.45388 1.22326 0
0.297985 -3.12873 -0.882896 0
0.239773 3.66832 -0.524235 1.0501128830515e-07
0.464417 3.9978 -0.913315 1.99824687594322e-08
0.430003 3.54807 -0.698972 3.09062988033376e-07
0.326552 3.36416 -1.23763 1.81954564137653e-07
0.138861 2.42694 -1.15316 0
0.561794 2.1003 -0.400911 0
0.410142 2.49984 -0.49005 6.77774209472831e-08
0.285069 2.47023 -0.275258 1.96564703657565e-08
0.634744 2.37785 -0.450809 0
2.86029 2.2063 -0.386396 0
0.207289 6.07851 1.70341 0
0.379385 7.13628 0.696818 0
0.2848 2.31997 -1.25973 0
0.220767 3.62021 -2.71342 0
0.272541 -0.772995 -2.50949 0
0.642536 -1.20983 -1.60367 0
0.11103 -5.32488 -0.0928714 1.17153607658281e-08
0.114051 -6.24592 0.919472 2.87574921145545e-08
0.509834 -0.940229 -0.550895 0
0.540027 -1.1375 -0.0417802 0
0.104685 4.00755 -2.77963 0
0.327856 4.15754 1.1675 0
0.262977 6.90001 0.851046 0
0.454973 7.11118 1.72039 0
0.61619 2.25274 1.27755 19.8694054346604
0.0117137 5.3975 1.83406 45.5853199365245
0.120549 2.56916 0.9941 59.4329090875634
0.607851 2.70344 -0.199475 10.2920101634927
0.252812 -3.2346 0.0676974 15.3326330717765
0.241109 -2.08575 1.00447 49.7781113822346
1.66451 -0.626255 1.1641 0.396811886392346
0.11093 -1.22792 1.11599 3.84434743071235
5.72346 2.51117 -0.131725 0.163526909152978
3.39959 -0.421387 1.86701 0.084462453204302
5.2418 -0.432897 1.83812 0.128030456585886
5.65516 -0.534779 1.8763 0.171699111840809
14.3858 2.59269 -0.283053 0.115560536506515
0.740482 2.46326 -0.422 0.705328304068486
9.6537 2.47848 -0.234544 0.23891252158967
0.636963 -0.288936 1.94971 0.339882390966942
4.94792 -0.340479 2.08089 0.328292062695137
0.997596 2.82852 -0.052405 7.39741427792985
1.73314 2.6409 -0.300661 4.51431231249378
