25.0449 -0.397345 2.67737 2.449096311312e-13
0.831487 -0.0881366 1.66571 0
2.05322 -2.41815 1.61852 0
34.9718 -2.62684 1.53491 0
2.29787 -2.49387 2.86278 0
1.50797 -2.81502 2.88987 0
3.40352 2.25498 -1.62834 0
6.65888 2.02485 -1.41156 0
0.169474 2.21856 -1.60393 0
3.02455 1.98543 -1.30671 0
1.5923 2.10588 -1.39507 0
0.301674 -2.23063 -1.15593 0
1.24309 -2.22154 -0.334227 0
0.588278 -2.44331 0.0365702 0
0.263542 -1.22053 -2.54299 0
0.610381 -2.0205 -0.965922 0
0.94907 -1.75176 1.03801 0
1.32944 -1.23313 0.965366 0
1.36128 -1.88016 1.73616 0
1.3472 1.53643 2.2096 0
0.0814762 4.56479 3.13401 0
0.334317 2.57685 -1.11804 0
0.703469 1.52579 0.274393 0
0.778339 1.94515 -1.35187 0
1.29374 1.45206 -1.4826 0
0.26132 1.52047 -1.37499 0
0.820618 1.13956 -1.05725 0
0.394153 3.69785 0.499563 0
1.22406 2.79636 1.09504 0
0.600285 4.07985 2.19807 0
0.339251 2.87425 0.939396 0
0.743554 3.36555 2.42852 0
0.642023 3.07764 -2.53385 0
1.85215 4.04468 2.5784 0
0.117281 3.06874 2.28757 0
1.79492 4.46702 1.7536 0
0.909869 6.54202 2.25128 0
0.502761 8.22343 -2.06484 0
0.785111 -5.83051 -1.62519 0
0.725787 -6.45263 -2.45555 0
0.35794 -7.42865 -0.132995 0
0.233295 -5.17315 -0.656814 0
0.256482 -5.54682 1.67703 0
0.942345 -5.6031 0.0437738 0
1.01607 -3.5185 -0.746298 0
1.22035 -3.27146 0.417809 0
2.47233 -1.96116 1.74078 0
1.97491 -2.23453 1.54108 0
2.16707 -1.96171 1.91227 0
0.464677 -2.69042 3.02995 0
1.11956 -4.38661 0.849702 0
0.829272 1.60528 -1.36767 0
0.709821 -0.801093 -1.81164 0
0.83981 -0.310876 0.519088 0
0.594769 -1.7971 3.09357 0
0.275598 -2.29025 -3.04384 0
0.360278 -4.04521 1.14056 0
0.455389 -2.28348 -0.879864 0
0.581256 -1.02308 -2.412 0
0.171774 -2.46561 1.37938 0
0.222582 2.09635 2.95424 0
0.503997 -2.91719 -1.5125 0
0.169829 -1.75538 2.71628 0
0.463879 2.73773 2.25156 0
0.399426 4.39664 2.57877 0
0.479277 3.43388 -2.93217 0
0.288617 5.19339 -3.05897 0
0.165425 0.468583 -0.868623 0
0.182124 3.29527 -2.41368 0
0.216204 2.99258 -0.549104 0
0.410247 0.630488 2.63079 0
0.26934 -3.98255 -2.6478 0
0.143994 -5.59485 -0.430805 0
0.509091 -5.2265 3.10584 0
0.174737 -8.07544 -2.87154 0
0.442808 -7.26392 -0.858593 0
1.80299 6.53823 -0.791266 0
0.958841 2.70088 2.26615 0
0.616643 1.558 -2.27539 0
0.189385 -1.74554 -0.634846 0
0.422026 -4.29306 -2.54622 0
0.437929 -8.96229 1.38165 0
1.01361 -0.41923 1.50286 0
5.99864 2.60169 -1.44013 0
0.671598 2.04844 0.537288 0
0.889322 -1.43402 -0.221645 0
0.814659 -0.855072 -0.607403 0
1.27699 -1.22844 -0.886781 0
0.859384 -1.65082 -2.26154 0
0.216842 -2.68532 0.673053 0
1.50689 -1.94632 1.05284 0
2.1873 -1.4792 1.29486 0
1.52967 -1.24314 1.21167 0
4.75323 -1.30658 1.72767 0
8.66581 -1.16305 1.58433 0
1.41118 -1.34207 1.47013 0
0.578338 -1.58301 0.987482 0
0.419692 1.35037 2.87959 0
1.79533 1.59892 1.31399 0
1.6973 1.26833 1.77166 0
0.202258 2.76399 -0.637588 0
0.573516 2.36849 -0.845629 0
0.364785 2.27011 2.91125 0
3.69369 0.884027 -1.09996 0
1.05368 1.2226 -1.7279 0
0.362307 -0.895083 -1.3314 0
0.628978 0.393727 -1.65297 0
0.160325 -0.565003 -0.748663 0
0.127741 -1.70997 -0.806092 0
0.693323 -0.259642 3.04862 0
0.658873 0.159044 2.92167 0
0.312497 2.47158 -0.243289 0
0.146945 4.08183 0.41957 0
0.919197 5.14061 2.03782 0
0.0734197 5.107 1.74265 0
0.958593 4.55965 2.04037 0
1.12753 4.12837 1.18823 0
0.109438 6.32267 -0.550957 0
0.408194 7.89032 -0.357137 0
0.234997 8.9979 0.418186 0
0.434967 -3.61735 3.04659 0
0.450602 -4.87754 -1.34983 0
0.33798 -4.58247 2.56427 0
0.733518 -5.99174 -1.16748 0
0.60613 -6.50357 0.3378 0
0.174453 -4.9442 -0.0632736 0
0.197515 -7.08219 2.76724 0
0.374572 -5.67474 0.405862 0
0.556205 -4.13892 -1.49966 0
0.376089 -2.50446 0.934629 0
0.425874 -2.53918 -0.969655 0
0.474353 -2.03607 -0.194067 0
0.778367 -1.88365 1.03591 0
0.846774 -2.44513 1.72551 0
1.52167 -2.35743 1.52419 0
0.606141 -2.29294 1.56281 0
0.569922 -2.94314 1.32137 0
0.352482 -2.84869 2.73532 0
0.629831 -3.87541 2.54142 0
2.32448 -4.20674 1.34652 0
1.25877 -4.15226 0.122174 0
0.192157 -4.99173 -1.02979 0
0.228741 -5.02621 2.65043 0
0.505489 1.72671 -1.72971 0
0.741019 -3.19531 2.89327 0
0.1698 -2.52443 -0.311169 0
0.0838891 -2.12927 1.21877 0
0.371048 5.22282 2.93935 0
0.573888 5.60997 -1.72481 0
1.16808 4.25088 -1.82175 0
0.428968 4.15501 -0.869424 0
0.182178 6.35445 -0.525074 0
0.405007 4.91934 1.54006 0
0.252327 2.09349 -2.60316 0
0.273657 3.69509 0.968358 0
0.365489 1.09531 -2.31928 0
0.34145 1.12873 2.90533 0
0.451674 -2.91157 1.06721 0
0.400867 -2.45966 -0.523041 0
0.25829 -4.30324 -2.50667 0
0.46363 1.86268 -1.81427 0
0.123305 -0.239763 -1.97326 0
0.71808 0.0397959 0.30499 0
0.325894 1.36304 1.06715 0
0.139356 -3.20257 0.0201406 0
0.531123 -3.16761 -1.48841 0.610643298988229
0.748688 -2.5873 2.32297 0
0.462611 -2.82691 3.05101 0
0.974187 2.21925 -1.29268 3.43735281305326e-08
2.0304 2.1327 -1.38628 1.12222767974973e-08
1.03129 1.86102 -1.4351 0
1.94418 2.04676 -1.5326 0
1.986 2.19894 -1.50582 0
3.77273 2.1181 -1.50015 0
1.69306 2.03252 -1.68242 0
1.945 1.90783 -1.64265 0
0.233495 -1.80715 2.22979 0
0.341203 -1.43016 0.778378 0
0.691721 -2.27481 -0.597557 7.97230934911156
0.147591 -1.78295 -1.35795 59.8991318530222
0.131475 -2.55747 2.25618 0
0.784374 -1.72333 1.13025 0
1.39356 -1.79697 1.39869 7.88980686267856e-09
0.485228 -1.72684 1.55196 6.12620448533631e-08
2.54041 -1.80965 1.17027 0
0.990794 -1.70395 1.25264 0
1.0458 1.02311 2.61496 0
0.252652 1.39157 3.01253 0
0.243833 1.38988 0.867307 0
0.0898859 0.66346 -2.0944 0
0.616767 1.4193 -1.18296 0
0.645832 1.32114 -1.15067 0
1.04373 1.2072 -1.5943 0
0.424721 1.43825 -2.02108 0
0.472494 -0.310006 -0.0363498 0
0.0675631 -0.624235 1.65058 0
0.180159 0.533902 2.34125 22.3589586497903
0.621834 4.66631 -2.95091 0
0.334931 4.05671 2.91651 0
0.0531289 -5.484 -1.74084 2.21772107349262e-07
0.233186 -4.83039 -0.283662 3.6938686300087e-07
0.469727 -6.3961 -2.39695 0
0.0711219 -7.47064 -1.78679 0
0.00958211 -9.15979 -2.11425 0
0.37823 -6.1733 1.01178 0
0.117511 -3.14246 -2.34003 0
0.338911 -3.42526 -0.56094 0
1.40153 -1.982 1.68764 0
0.2175 -2.80894 2.05769 0
1.58712 2.16662 -1.04018 0
0.656673 2.1745 -1.38419 0
0.244221 -3.75998 -0.754579 0
0.0974437 -3.19793 -0.264538 0
0.0704164 -4.79076 0.87931 1.68083256551441e-08
0.345879 -4.56063 1.7468 1.29412091480684e-08
0.409244 -6.01201 0.249932 0
0.0900257 -6.92831 2.65534 0
0.104274 1.86654 1.31523 8.37876037687772e-06
0.181551 2.00081 1.34377 6.58480513796501e-06
0.253164 4.34104 -0.755439 0
0.353637 4.93674 -1.93885 0
0.194231 1.17189 0.0251215 0
0.060871 1.71497 2.11547 0
0.133788 -5.83252 2.29368 0
0.2751 -4.64836 -0.0767146 0
0.139101 -5.85483 -0.052667 1.44211489134799e-07
0.141651 -5.49626 0.852112 2.31665753778515e-08
1.59801 -1.64007 -1.47144 2.55770687319256
0.548091 -1.98327 -1.22198 5.39453014530333
0.355228 -6.59357 0.0601495 0.723767476994114
0.42107 -5.94229 0.899699 1.17088641321476
0.258072 -2.3605 2.33998 56.1218524671091
0.223798 -3.63388 1.53359 18.1832347862216
0.417882 1.32847 1.00324 12.8701286079816
0.0722097 0.988179 -1.0252 98.6758944166559
0.877349 2.41939 1.23639 1.41445180883012
0.577543 1.90289 1.07099 3.5616421642851
0.938263 -1.83038 1.62966 7.47461878295848
0.429238 -2.26585 2.10568 10.7212944233108
0.248466 1.05344 0.800781 54.5399375173164
0.207384 1.24175 -1.44995 56.1389901929702
0.0129034 2.55727 -0.156196 8.14476617403999e-05
0.0382906 1.42522 -0.438852 0.000192290057347843
0.240938 1.49741 2.70574 6.85095501862706e-05
0.0427531 1.50154 2.71937 7.04173205032063e-05
0.768468 4.35176 2.9243 0.444583691097817
0.109218 -3.28036 -0.0284702 1.24519694104981e-08
0.168322 -2.57065 1.9188 3.60266922481146e-08
0.317919 6.45407 -2.62444 5.13655107198525e-09
0.135121 5.52499 2.91058 4.02506693438347e-08
0.192069 5.2951 1.76145 2.89311186524488
0.23606 4.7286 -2.20533 4.13514969939062
0.0504422 -2.78783 0.91373 18.3522466099811
0.0356525 -2.61917 0.797729 20.4526643538102
9.84156 0.74653 0.117001 0.0142533476957732
3.74067 0.694122 0.13773 0.0441420857502358
4.40283 0.65846 0.267965 0.158765868863334
0.750248 -3.34409 -2.20222 0.0800548840201707
0.349502 -1.90686 -1.76331 0.327957182710811
0.861928 -2.14911 -2.08592 0.206353049554376
0.825978 3.37964 1.33124 1.09833652460608
0.182505 3.57711 -0.532886 0.617663175926425
9.50938 0.72302 0.0428236 0.0853553243506606
1.7165 0.623058 0.156691 0.118641877058413
4.1701 0.775601 0.0895728 0.0522840852427575
0.767944 3.88911 -0.67262 0.872935910834046
2.86553 0.945511 0.247317 4.42101440584788
1.21188 0.790518 0.108922 11.0579173603175
