0.534644 0.286278 -1.70944 0
2.32773 -4.22486 -2.49896 0
2.08125 -3.61257 -2.89079 0
0.75264 1.81807 -2.42073 0
0.081749 4.02612 -1.31819 0
0.234292 -4.87364 -1.75324 0
0.937381 -2.10522 -1.66834 0
0.959784 -2.39124 -1.23315 0
0.484499 -3.16875 2.90094 0
1.27614 -0.27059 0.370104 0
0.282404 1.57053 1.42467 0
0.865729 0.223296 0.77376 0
2.66357 0.297943 0.720194 0
0.819186 -0.086403 -0.0136127 0
1.96733 0.331419 0.601287 0
1.86208 -0.547034 -0.484976 0
0.60232 4.60862 -2.50712 0
1.93651 4.74585 -1.59556 0
0.30503 5.32971 -0.0656458 0
0.105718 7.73183 -1.25805 0
0.970891 5.99219 -3.01762 0
0.367669 6.21526 -1.9771 0
0.61221 7.7518 -0.692291 0
0.827613 1.53762 0.741032 1.39431953745881e-15
2.08676 3.1616 -1.17117 1.19469237141933e-15
1.38422 4.46196 -2.05242 0
1.37956 4.1788 -0.90498 0
1.01171 2.86317 0.889502 0
0.150908 3.16408 -3.13242 0
3.19486 1.24889 1.63911 2.12326818622079e-15
2.77612 0.897188 1.35899 2.98183996342785e-15
1.41659 1.50799 1.6017 1.52374984016064e-15
0.184213 -5.67857 3.03161 0
0.44786 1.25759 1.10707 0
0.484812 1.11109 -2.64276 0
0.210991 1.06007 2.04667 0
0.594298 1.64675 2.52812 0
0.21607 -0.121273 2.94257 0
0.612285 0.470525 -2.52045 0
0.223549 -0.929397 3.05273 0
0.274845 1.67363 2.71431 0
0.306643 -0.134953 -1.4507 0
1.05394 0.458618 -1.31181 0
1.02762 0.82117 -1.28818 0
0.508466 -0.101967 -0.492129 0
0.247125 1.66638 -2.42984 0
2.35218 1.68282 -0.97515 0
1.231 1.44206 -1.44974 0
0.901639 1.33741 0.902909 0
3.53656 1.94114 0.70645 0
0.337247 2.35175 1.60044 0
1.46653 1.10422 -2.65117 0
0.0789503 2.87195 2.09926 0
0.915528 1.06863 -2.29877 0
1.07266 1.32806 -1.60353 0
0.445763 -2.63164 -0.523027 0
1.55644 -2.17472 1.4805 0
0.472017 -3.00293 2.50275 0
1.72863 -1.26969 1.81991 0
1.40118 -1.54818 1.59885 0
2.07342 -0.900723 2.56118 0
1.58939 -2.90467 -2.13311 0
0.381467 -3.10745 -1.65234 0
0.669921 -3.44 -2.35524 0
0.586242 -3.82686 1.94026 0
2.06953 -4.20313 1.33923 0
0.786914 -6.84943 -2.91044 0
0.881519 -5.98272 1.55221 0
1.01739 -5.71344 1.20332 0
0.426478 -3.54996 -2.1315 0
1.66966 -2.43707 2.07789 0
1.11275 -3.18017 -0.169698 0
0.484276 -2.36421 2.17579 0
0.428559 -3.14903 0.665782 0
1.25225 -2.47434 -1.60012 0
1.25972 -2.35693 -1.70956 0
1.86174 -2.12353 -1.98794 0
0.265495 -1.70494 -2.93878 0
0.537299 -1.63152 -1.78115 0
0.283814 -2.07425 -2.85568 0
0.186205 -1.83506 0.724536 0
0.80507 -1.18557 -0.353614 0
0.170551 -1.11104 -2.28984 0
0.619659 -0.371276 -1.90487 0
0.392873 -1.78575 -1.08993 0
0.38988 -5.50612 -2.90819 0
0.113052 -3.46814 -3.11439 0
0.702882 -2.05209 1.72236 0
0.764266 -2.98095 2.89617 0
0.196417 -2.63587 -2.99597 0
0.51304 -2.18749 1.35589 0
0.304139 -2.6644 -2.52997 0
0.846941 -2.40906 0.701087 0
0.818301 1.91629 -0.752964 0
5.07855 1.39792 -1.40774 0
1.83515 1.51958 -2.11865 0
0.207268 2.68164 -2.15949 0
0.834813 1.07307 -3.13655 0
0.458644 0.102557 2.69854 0
1.20667 1.31045 3.06222 0
1.89432 1.56734 2.91189 0
0.391949 2.28874 1.64796 0
0.266793 2.61376 2.7387 0
0.39965 1.00361 3.07737 0
0.439916 0.488946 -2.59395 0
0.810206 2.16851 2.93009 0
0.253228 3.04062 -1.25823 0
0.157817 4.65205 0.348625 0
0.907665 2.86715 0.938492 0
0.444476 -0.677086 -0.989141 0
1.70438 0.113919 0.0235128 0
2.33858 0.729776 0.189735 0
1.20706 3.95034 -1.13892 0
0.94723 3.1477 1.27263 0
0.796835 2.39367 -2.35654 0
0.626148 1.70164 0.326665 0
0.43986 -2.3127 -0.209144 0
0.748282 -3.61075 1.98765 0
1.34248 -3.61199 1.51002 0
2.55549 -3.77583 1.74899 0
4.08994 -3.56881 1.60893 0
1.11818 -2.56937 2.37554 0
0.144036 3.77848 0.266332 0
1.19888 2.5908 -1.50198 0
2.38779 0.330272 -2.15233 0
0.122588 -0.111878 1.47371 0
0.596961 -0.941539 -2.3469 0
0.519932 -6.28171 1.29282 0
0.77469 -8.17293 2.89157 0
1.58952 -4.81087 -0.700143 0
0.18906 -1.24652 1.11551 0
1.14446 -0.838719 0.25061 0
0.148402 1.98441 0.78029 0
0.427949 -0.0526324 -0.667162 0
1.29841 0.747506 -0.224219 0
8.85748 2.61336 -2.30957 0
4.33571 2.53852 -2.44213 0
1.54546 2.5887 -2.63615 0
1.05554 2.70816 -2.27951 0
0.471349 3.35404 -2.2858 0
1.09191 -2.89013 -1.65329 0
0.819092 -2.26734 2.50188 0
0.599072 -2.16785 2.33452 0
5.29021 -1.44727 2.39133 0
3.16715 -1.49222 2.13315 0
0.29026 -1.17703 2.903 0
0.123573 2.67891 -0.643222 0
1.67443 2.80737 -1.32038 0
3.19391 4.68719 -0.568096 0
0.558044 5.45488 0.463319 0
0.545944 5.54012 3.06914 0
0.881074 5.31825 -2.83164 0
1.07979 -4.14868 -2.8734 0
1.93509 2.08148 -1.88027 0
0.292125 2.3548 -1.31927 0
0.141239 2.0266 0.812811 0
0.258728 -0.40246 -0.192212 0
0.317843 -4.5848 -0.966175 0
0.474875 -4.36854 -2.50258 0
0.299988 -4.04341 -1.51859 0
0.845901 -3.71129 -1.15409 0
0.469104 -0.786574 -1.06953 0
0.209406 1.02112 0.177466 0
1.55216 4.55691 -0.299741 0
0.226834 3.76615 -0.174826 0
0.14042 5.10612 -2.99315 0
0.600521 4.04537 0.0576046 0
2.07638 4.28587 -0.0914997 0
0.487571 5.03896 -1.53008 0
1.68289 4.05113 -2.28935 0
2.58525 3.99848 -2.3006 0
0.574816 5.61961 1.79357 0
0.578231 4.25182 -2.70609 0
0.20473 6.54815 -3.05712 0
0.445805 7.36494 3.11556 0
2.07909 1.97658 0.281571 1.03817044272755e-15
6.12728 2.20867 0.349215 7.71588790742904e-16
3.32878 2.21197 0.289454 8.20534763977551e-16
0.517399 1.2495 -0.201115 2.65139448304332e-15
0.39295 2.84373 0.521653 4.94873381524244e-16
0.450466 2.83677 0.182726 6.96323264619583e-16
0.198227 3.21882 -2.90498 1.17502569220453e-15
1.37395 4.50927 -1.48952 0
0.293689 3.8002 -2.6667 0
1.75927 4.40326 -1.55965 0
1.00023 3.55963 0.475684 0
0.619161 3.7273 -0.640347 0
0.0609298 4.41351 -1.49716 0
0.621698 1.77862 2.27558 0
3.14423 1.13352 1.5953 2.39585124399975e-15
0.412344 1.53199 1.59928 1.47489048913979e-15
0.256885 0.549788 1.51966 4.05214188662247e-15
0.485991 2.25418 0.543355 5.73958392995323e-16
0.246223 2.74095 -0.456684 1.08571401170323e-15
0.390147 -1.53958 1.28229 0
0.313501 -3.41913 2.24882 0
0.527346 1.30779 1.68641 0
1.10884 -0.0890966 -2.14546 0
0.465024 1.63672 -0.415823 0
0.454719 1.26336 1.6729 0
0.7153 1.95404 0.514959 0
0.487801 1.29125 1.52135 0
1.62591 1.05731 -2.24215 0
0.320836 1.60107 -1.98127 0
1.00101 1.24585 -2.74365 0
1.21761 -2.89426 -0.709124 0
0.843396 -3.07616 -0.979455 0
0.312188 -2.09901 -0.537223 0
0.223102 -3.97035 1.25063 0
0.216285 -2.55709 2.89868 0
0.0828046 -0.706079 -2.97048 0
1.88504 -0.779697 2.55909 0
0.604457 -1.46956 -2.89783 0
0.60506 -3.88528 3.13944 0
0.135665 -4.54182 -3.02676 0
0.295494 -4.33024 -1.00135 0
0.359769 -5.25528 1.3228 0
0.484358 -4.75314 -3.09649 0
0.331793 -2.19575 -1.54628 0
0.327764 -3.6749 -2.89983 0
0.661994 -2.39128 0.601417 0
0.0398847 -5.12479 -2.13975 0
0.972173 -2.22397 -1.07125 0
0.188356 -1.81629 0.39622 0
0.191843 -2.00817 3.12834 0
1.99913 -1.91386 -1.92906 0
0.734335 -2.72564 -1.8043 0
1.93461 -2.04876 -1.95537 0
1.74259 -2.45235 -2.11848 0
0.2824 -2.64789 -2.5207 0
1.38944 -2.61342 -1.11501 0
0.402376 -3.18363 -0.951369 0
0.271148 -3.84826 -0.200133 0
0.437014 -2.21876 -1.10857 0
0.580631 -0.867336 -0.378823 0
0.322195 -0.943087 0.645592 0
0.433369 0.165315 -1.04216 0
0.764734 -0.381445 -1.66722 0
0.0955873 -1.62512 -2.88265 0
0.95239 -1.06439 0.339787 0
0.46695 -2.81307 -1.60777 0
0.379108 -1.70158 1.67146 0
0.108537 -4.25621 -2.90942 0
1.11746 -3.20789 1.8036 0
0.119015 -2.84321 -2.46158 0
0.365392 -0.694362 -0.996401 0
0.0687176 1.68991 -2.67966 0
0.225205 0.364361 -2.43943 0
1.13295 1.1387 2.90818 0
0.984992 1.27357 -2.65963 0
0.153437 1.05787 2.12735 0
1.54123 1.91802 2.85928 0
1.77381 2.27886 2.31839 0
0.500587 -0.135432 1.24642 0
0.54621 -0.689961 2.37877 0
0.281018 -1.72119 -2.92426 0
0.526236 -1.74255 2.39999 0
0.279865 0.47696 -1.32788 0
0.354886 3.1369 -1.14246 0
0.522463 4.33325 1.27481 0
0.413625 3.96752 -0.0422504 0
0.127713 4.65767 0.586871 0
1.11296 4.28486 2.27587 0
0.659775 1.66068 0.375238 0
0.504465 1.58162 1.09553 0
0.538435 0.0883157 0.54125 0
0.892203 -0.635104 -1.11446 0
1.21235 -0.225962 -1.22093 0
1.09428 -0.583365 -0.687008 0
1.98061 -0.0743204 -0.605952 0
1.53345 -0.107489 0.058175 0
1.45913 3.66068 -0.949124 0
0.041797 7.1773 2.31383 0
0.41875 1.69086 1.18124 0
0.789502 -0.52421 -3.10868 0
0.955992 -3.02306 2.13913 0
0.244582 -3.14194 1.08289 0
0.406995 -2.98788 0.139943 0
0.280227 -2.65437 -2.68522 0
0.305791 -0.387162 0.933794 0
0.263967 -1.55202 2.16701 0
0.138324 -2.47733 -2.00102 0
0.45648 -2.55661 0.574491 0
0.470667 -3.79651 -2.61612 0
0.22321 -6.20763 -0.257822 0
0.293317 -5.49714 2.53251 0
0.598223 -4.60193 -0.684201 0
0.267493 -4.17778 -1.1429 0
0.465139 1.23222 -0.130083 0
0.781929 0.861453 0.574425 0
5.37824 2.67539 -2.39201 0
0.876476 2.70282 -2.00427 0
1.00633 2.71623 -2.64811 0
2.16878 2.71483 -2.45893 0
3.57566 2.85214 -2.3349 0
2.35339 2.6423 -2.29497 0
1.37901 2.88118 -2.46453 0
2.08472 -2.5744 2.20339 0
0.20201 -2.31926 1.85598 0
0.773067 -2.95994 -2.4327 0
0.236686 -2.46565 -2.02429 0
1.18319 -3.2449 -2.87696 0
0.336613 -2.27529 -1.58943 0
0.216072 -1.5005 2.50817 0
0.582987 -1.86409 2.71043 0
2.32811 -1.67032 2.34739 0
1.93149 -1.25729 2.29572 0
0.249167 1.32629 2.48182 0
0.275841 3.16252 -0.379661 0
0.659869 4.42705 -1.15027 0
1.08205 3.90021 -0.649535 0
0.668793 4.9468 -0.96554 0
0.63735 5.18995 -2.21751 0
0.808248 5.00169 -0.150537 0
0.343928 0.0875447 1.47385 0
0.428984 0.533633 1.95859 0
0.237606 3.99069 1.24452 0.203020860302555
0.465405 2.67124 1.00762 0
1.46642 3.06336 0.724076 0
0.0154878 -8.81679 2.5155 0
0.120756 -5.38827 1.5606 0
1.32206 -6.68835 1.24863 0.0149215850278148
0.347663 -7.42468 1.24912 0.0550237566264844
0.182294 0.673726 -2.50794 0
0.5124 0.983426 2.0208 0
0.135401 1.01648 0.551708 0
0.458012 1.72708 -0.462782 0
0.387146 1.39443 0.24628 0
0.910877 1.22131 1.06629 0
0.114352 1.13867 2.27374 0
1.01774 0.565798 1.39531 0
0.949961 2.12699 0.480784 0
1.1188 1.68245 0.511097 0
0.26638 1.21584 0.985577 51.0785705067783
0.286065 0.721235 -2.00647 0
0.0789657 2.42065 -1.99972 0
0.288393 1.4043 -1.86347 5.2488444789293e-10
0.177179 -2.70743 -1.18009 2.638367775425e-07
0.155758 -3.24847 -2.04543 2.39839809803029e-08
1.00573 -3.26735 -3.02888 3.60121266356318
0.317995 -2.8043 -3.10597 18.0447407695268
0.152119 -5.30321 2.76617 0
0.194584 -6.86672 -0.506506 0
0.187071 -2.18027 -0.232229 0
0.306374 -1.41412 -1.43791 0
0.176543 -3.0116 0.974602 0
0.735056 -2.66651 0.242085 0
0.237839 -2.76656 -1.79795 44.2159087105682
0.147451 -0.952682 0.783871 20.6691142355896
0.0780034 -3.49738 1.1895 2.67526515896942
0.102196 -2.06967 0.806362 8.40836452139625
0.134255 -5.41028 -1.09662 1.70944534453651e-07
0.206815 -5.87685 0.114995 1.34204494802482e-07
0.0560821 -3.38986 0.472023 6.87325719647777e-08
0.148726 -3.17242 -1.64983 5.71679215747002e-08
0.214055 1.71948 1.93743 4.09085368508792e-07
0.559436 2.03109 2.20144 1.28292712340104e-07
0.396692 2.19028 1.86736 1.41618545534543e-11
0.0933074 2.24987 3.13398 0
0.159212 2.72703 -1.46587 0
0.154814 -0.724062 1.73806 0
0.23496 -1.41785 -0.865674 0
0.357236 4.3208 -1.14404 0
0.0527897 3.63822 1.30048 0
0.0938127 -0.814941 0.489468 0
0.145888 -1.26288 -1.41462 0
0.828977 0.568798 -2.42376 2.12705130747502
0.219194 -1.33438 -1.72752 0
0.377377 -1.45032 -1.91758 0
0.0985022 -5.42439 -0.135689 1.04191987901141e-10
0.177002 -3.07012 1.34728 0
0.436908 -3.85416 0.0894613 0
0.535072 -0.088364 0.0379774 0
0.200694 0.467335 0.762965 0
0.210749 2.31189 2.48091 0
0.234848 2.04165 -2.71735 0
0.348173 -3.6838 3.00254 0
0.1007 -3.48193 0.249001 0
0.780385 -1.34005 2.45097 5.35497354489637e-06
1.11702 -1.3421 2.44915 5.03534860759507e-06
0.213367 -0.449185 -2.99429 0
0.193737 0.615751 2.32308 0
0.497743 -2.75817 -0.511832 4.92144829089073
0.498896 -3.43942 -0.104917 2.49282454661602
0.777307 1.5322 0.703961 4.03216423117564
0.265453 1.38776 1.01386 13.3256494701958
0.0692098 0.429956 1.25789 9.50807958254255
1.14316 0.147984 1.56988 0.621709870823332
0.212906 -0.990979 1.08109 26.0811942375308
0.275694 -1.11848 -0.921342 18.2285710957209
1.0063 2.44942 0.541459 5.31295008565206
0.457461 1.92687 0.453322 19.3543872979383
0.41435 -2.78102 -0.0439743 5.70272890484857
0.266718 -2.38995 -1.23232 13.0413185025068
1.37212 3.35192 0.0188813 0.125694134412777
0.325726 3.59046 -0.683088 0.230283602357031
4.98017 1.307 1.71673 0.127139436876377
4.76897 1.25796 1.74937 0.10355348099178
7.20536 1.135 1.67768 0.201922107860981
0.935597 1.62961 -1.79758 0
0.667954 1.3372 -2.2294 0
1.01294 1.85431 -1.7815 0.0130633608921233
1.76735 1.21113 -2.12846 0.00985767601693954
0.00482169 -8.03503 1.38093 2.69824167874518e-05
0.00634118 -8.0923 1.49401 2.68783506423471e-05
2.53282 2.11035 1.96649 0.0123881370028258
0.834695 2.07802 1.63747 0.0206211262629897
0.191454 2.12669 -0.317697 2.27905384974391e-05
0.274307 2.16572 -0.282209 1.49622170245317e-05
0.585348 -5.5365 -0.300792 0.0303345009479872
0.608947 -4.86376 -0.794367 0.101148537268665
