1.17063 1.16606 -3.00482 3.57596458950417e-14
1.46398 0.820917 -2.99668 3.18583470210335e-14
1.5216 0.794262 2.75993 3.41277263188383e-14
4.25691 -0.274278 0.590351 2.29191187152052e-14
1.69798 0.0810923 0.948709 2.62123682458944e-14
0.554042 0.346892 1.81842 3.81832244888906e-14
0.0199048 -2.32059 2.00852 3.67122523110467e-14
0.787384 -0.65678 0.928661 3.40622075043837e-14
0.483483 0.967186 1.87287 3.79597814071793e-14
4.70704 0.457023 -2.53189 2.72294557644562e-14
1.22166 -1.34653 -2.80715 8.55887592823943e-14
0.235659 -0.824467 -1.81645 1.60740574475542e-13
0.417898 0.173666 2.56514 1.74942182310225e-13
1.57259 -1.04861 1.43768 8.89234190052674e-14
0.186555 -5.71379 -1.67192 0
0.557715 -0.318875 -2.89819 0
0.312823 -1.50803 -1.39331 0
0.064918 2.68771 0.679384 0
0.133719 7.52161 0.143608 0
1.19354 1.95487 -2.01344 0
0.178873 2.35319 0.442212 0
0.302167 2.06196 -1.84873 0
1.16163 -0.46515 -1.42717 0
0.319359 3.41421 -2.70057 0
0.541047 1.00903 -0.0112059 0
0.306287 -2.67026 2.61276 0
0.797847 -3.7896 -1.14349 0
0.612517 -3.22167 2.12444 0
1.42367 -3.82852 2.01963 0
3.22744 -3.93398 1.93729 0
0.982513 -4.54448 1.70976 0
0.845638 -5.39308 1.26917 0
0.765006 -2.92658 -2.9758 0
0.254773 -2.01635 1.70588 0
0.706939 -1.40204 -1.44323 0
1.46509 -0.875888 1.72926 0
1.07366 -0.310561 2.54359 0
1.13267 -0.423248 1.70242 0
3.65216 0.128365 2.69264 0
1.88307 0.434046 3.12844 0
2.75356 0.249776 2.71505 0
7.70928 0.356717 2.94751 0
4.80391 0.207036 2.79289 0
1.78648 -0.316629 -1.65068 0
0.639688 -1.3887 -1.14722 0
2.90458 -1.97556 -0.904563 0
0.289003 -3.56179 0.649045 0
1.32435 -2.0522 0.482336 0
0.807249 -3.00247 0.252491 0
1.94187 -2.49168 0.0018931 0
1.07896 -1.74807 1.25158 0
0.107517 -2.11592 2.20069 0
0.257465 -3.82759 -0.675938 0
0.601412 -4.78647 -0.647512 0
0.40657 -6.13551 -1.71484 0
0.0725943 -8.12969 -2.85144 0
0.914692 -6.35522 -1.85925 0
0.385717 -7.9125 -2.85331 0
0.0571124 -7.76409 0.912438 0
1.10926 -6.1262 -2.64499 0
0.44354 -4.26428 2.96111 0
0.211132 -2.73754 1.70423 0
0.197098 -2.53181 1.23027 0
0.422282 -0.975042 -0.117033 0
0.216458 -1.77623 2.21623 0
0.186017 6.12131 0.135897 0
0.561285 2.5762 0.332233 0
0.127917 2.64686 2.57397 0
0.240056 -2.39929 -1.31063 0
0.572836 -4.10342 1.33024 0
3.79675 -0.0410239 -0.404487 5.57104120551579e-15
1.54578 -0.785253 0.55718 2.89403600777731e-14
1.18484 -0.0737142 0.319214 1.93953995759902e-14
0.444847 1.03757 0.209631 2.47584750071936e-14
0.999924 3.04444 -3.1387 3.17711395980508e-14
0.370955 2.65672 0.297266 3.0985036550032e-14
1.12778 3.21168 2.56214 3.17609404607754e-14
0.923918 4.34657 1.74129 3.1626855070425e-14
0.219025 7.26248 1.64393 3.15891950735267e-14
0.330763 7.52825 -3.01631 3.15907336445695e-14
2.6303 0.537371 -2.40448 3.03319307720921e-14
1.4841 0.206302 -2.68079 1.89038549475966e-14
3.2337 0.0405184 0.539239 1.46033670299681e-14
1.66929 -0.659884 1.20099 3.65963760857137e-14
0.789964 -0.483036 1.45023 3.76869942322919e-14
0.358011 0.783989 2.77572 3.38933343940315e-14
0.475328 1.18419 -3.08045 3.59600326961413e-14
0.109349 -0.440809 -1.92676 3.14992207617564e-14
2.02646 0.612307 -2.50018 3.04595687474903e-14
20.0289 -1.37261 2.78088 3.65092109630896e-14
7.61828 -1.38726 2.78585 3.62825106785149e-14
0.343019 -0.260086 2.37902 1.39544078466774e-13
0.122163 -2.77036 -1.45763 9.18416017586573e-14
0.421289 -1.30296 -0.518908 1.4689573694892e-13
0.458709 0.36579 0.777513 1.71064470013604e-13
0.421922 0.0700545 -3.10955 1.76137987086942e-13
0.533009 0.117671 2.43217 1.71775369401101e-13
5.72183 -0.94435 1.84126 7.20881775443879e-14
6.2708 -0.845919 1.76996 8.57997004896692e-14
0.285787 -4.61805 -1.48033 0
0.228681 -6.40105 0.800987 0
0.565543 -5.84243 -0.273358 0
0.581699 -5.00901 3.02557 0
0.190216 -4.65714 -0.973668 0
0.805253 0.73515 -2.63584 0
0.232063 0.957086 -0.549372 0
0.212827 6.75773 -0.915075 0
0.233865 6.92246 2.90309 0
0.497092 3.66574 -2.79421 0
0.592836 3.62721 -1.68701 0
0.59417 -2.60814 -1.82915 0
0.428689 -2.11691 0.233553 0
0.32907 -4.6532 2.95569 0
0.57575 -5.05626 -0.853361 0
0.24273 -3.31185 1.45148 0
0.291136 -3.61754 1.25115 0
1.70038 0.440565 2.58943 0
2.20652 -0.253635 2.73775 0
0.362257 0.426081 2.3698 0
1.22375 -0.792301 -1.27345 0
0.534468 -1.07084 -1.78477 0
2.6716 -2.3418 -0.995026 0
0.215608 -3.22257 -1.01025 0
1.14106 -1.70914 -0.717848 0
2.99093 -1.87014 -1.07757 0
0.435539 -1.55283 -2.35116 0
0.666206 -2.45943 2.50386 0
0.0962656 -1.62531 -0.0200853 0
2.3408 -1.93101 0.536509 0
0.278918 -1.89596 2.34085 0
0.707069 -1.42731 2.40464 0
0.6025 -2.41964 2.64076 0
0.287514 -2.94749 -2.34252 0
0.0379468 -0.147164 0.894121 0
0.0567239 -5.05985 -2.02733 0
0.156738 -5.94143 -1.00156 0
0.388747 -4.44375 -2.00254 0
0.0490075 -7.63148 -0.23527 0
0.153875 -3.93423 2.55493 0
0.541841 -7.72873 -1.2779 0
0.280648 -5.81221 -1.43559 0
0.349929 -5.78896 -0.679694 0
0.575337 -5.75685 -2.15079 0
0.492019 -1.37458 -1.7171 0
0.405091 -1.61453 2.17467 0
0.52046 4.93363 -1.27552 0
0.404737 -1.75256 -1.96545 0
0.0315643 -0.444505 -2.82541 0
0.223639 -3.54561 1.93576 0
0.581383 -6.69185 1.46479 0
0.251862 -9.09269 -0.714515 0
2.56161 0.104531 -0.656042 1.06546420530026e-14
2.06817 -0.131034 0.324337 1.99536111294954e-14
0.449952 0.332411 -0.122188 8.92174227665986e-15
0.58679 1.37104 1.12239 3.13684131907264e-14
1.15831 1.87101 2.80994 3.11667727972771e-14
0.58127 1.97773 1.91025 3.17212694306057e-14
0.561986 2.12515 3.04825 3.15368222947154e-14
1.2835 1.73411 2.27191 3.12189223766416e-14
0.682097 2.33044 -2.98549 3.17115488667224e-14
0.489112 6.77662 1.68745 3.15906491154995e-14
0.485952 7.95248 -2.75925 3.15892444563782e-14
0.684666 8.40752 1.83594 3.15882180268375e-14
1.53972 -0.139512 0.644254 3.36967073585296e-11
2.24697 -0.318392 0.765433 2.7098480248883e-14
0.561323 -0.00596844 0.842448 2.41185365472151e-14
1.52324 -0.233877 1.08133 41.5469704466529
0.783115 0.470698 -2.8583 2.46662590251135e-14
0.778304 0.404836 -2.41573 2.79456718851901e-14
0.126012 -0.550933 -2.18549 2.60102047004064e-14
0.528206 0.833718 -2.6687 3.2667626644295e-14
2.85173 -0.878416 1.79754 1.12834865410456e-09
0.0303206 -4.47545 0.527638 4.38166340684557e-07
0.268368 -4.44247 2.89572 9.2709645447623e-08
0.397522 0.457539 -2.86943 0
0.123076 2.13722 -0.596814 0
0.771087 4.51397 -1.35652 0
0.331091 5.09148 -1.45955 0
1.58446 2.85223 -1.70492 6.65768076672674e-08
0.857882 3.06976 -1.61134 1.06048817506008e-07
0.229431 2.91332 -1.13251 0
0.516537 1.90817 -1.68545 0
0.230683 0.04164 -2.63555 0
0.326883 -0.0349845 -1.59984 0
2.26124 0.234612 2.78302 0
0.67244 0.64451 2.92282 0
0.0557694 0.358747 2.6053 1.84120791620186e-06
0.669296 0.358565 2.63906 2.03243968078461e-06
3.32179 -0.630662 -1.71381 5.06296258487571
0.603467 -0.433018 -1.75309 30.3527220291331
0.682995 -1.66459 -0.674266 0
0.599187 -1.61469 -1.41966 0
0.440791 -2.54511 -0.958839 0
0.588161 -2.07442 -1.7689 0
0.766261 -1.91389 -1.00459 0
1.26887 -1.80508 -0.751072 0
0.0660493 -7.58215 2.56319 0
0.348284 -7.19178 -1.08857 0
0.0491363 -4.24959 -1.41981 0
0.189811 -5.29177 -0.344325 0
0.117606 0.200946 -2.51053 0
0.216848 0.391747 0.551052 0
8.10055 0.0122495 -0.683477 3.2712461474121
5.23862 0.019303 -0.606389 0.760130015263647
0.192513 1.34948 -2.86382 3.02535695490349e-14
0.558802 1.94106 2.78858 3.12882585458656e-14
0.385134 4.2402 2.16899 2.83325550107553
0.191313 3.48077 1.76439 12.1778780044212
4.99162 -1.36332 2.81379 3.46292774003115
1.94527 -1.41984 2.7016 8.4557436072904
0.0223044 -4.2484 2.52498 2.42137926570059e-05
0.811445 -3.9538 2.388 5.5187865872263e-06
0.514497 -2.45215 -0.212001 12.9215283205474
0.652985 -2.89453 0.322226 6.58819289482797
2.4226 -0.183986 -0.571984 21.6781600080237
1.40819 0.034452 -0.576329 38.0334710958127
0.464193 0.163504 0.219179 1.81741448934312
0.316069 -0.0970706 1.30637 2.69030834504572
0.380258 0.766209 0.0699815 40.1099159543347
0.611933 -0.0130194 -0.226633 32.5541954954118
11.9852 -0.123357 0.620397 0.105999290696088
2.76909 -0.175667 0.672275 0.123013656178034
7.20125 -1.16311 -1.56936 0.237946216820927
3.42853 0.00530345 -0.637993 1.86601783337169
2.68288 -1.31953 -1.53806 0.957826478411822
7.89912 0.0423204 -0.640283 2.16787250859477
1.48139 0.0360242 -0.54077 18.2332130203656
13.194 0.0205923 -0.579135 1.78664233648632
