1.05129 2.24238 -0.981129 0
0.322254 3.80174 -1.50528 0
1.7167 -4.88913 3.00255 0
0.321189 -5.08207 1.75141 0
1.68755 4.33416 2.21144 0
0.457076 6.25602 2.97308 0
0.0986059 5.8084 -2.9915 0
0.596421 0.456979 1.79534 7.38284710639347e-14
0.888794 0.399811 1.69374 9.36099269994789e-14
6.75734 0.66325 1.44645 9.26530272988237e-14
0.758102 0.912507 1.68089 4.6468279886763e-14
0.134908 -0.0479892 2.3907 1.9570278605757e-13
1.07351 1.45881 1.20945 1.34614463499833e-13
0.0671653 7.15171 2.12192 0
0.230809 8.04664 -2.9443 0
0.0932974 6.76448 2.26556 0
0.933308 3.69444 0.857125 0
0.905516 4.22035 -0.955694 0
1.4623 -1.1508 3.05599 0
0.390454 -0.603376 2.41597 0
0.61421 -0.814778 -2.35212 0
0.479707 -1.58243 2.02871 0
0.517801 -2.54168 0.403984 0
0.251763 -2.11498 -2.35845 0
0.286253 -0.602242 -0.225605 0
2.09379 -0.0895572 -3.06484 0
0.642358 -0.310553 -2.82328 0
0.922883 0.702824 -1.57419 0
0.268585 3.38349 1.04332 0
6.80155 2.55927 2.45069 0
3.77984 2.75583 2.57149 0
0.181336 2.23061 2.98985 0
2.00283 3.4481 -0.191211 0
1.14293 4.11101 -0.762784 0
0.435985 3.43629 0.835733 0
0.146191 4.93392 -0.639166 0
1.01502 -5.47526 -2.73049 0
0.597161 -4.52371 -2.65946 0
0.191221 -5.0281 0.677648 0
1.44144 -2.18618 2.08722 0
0.399071 -3.9423 2.84878 0
0.382652 -2.72576 2.7509 0
0.754324 -3.1206 1.70748 0
0.115478 -2.60223 -0.661613 0
0.253129 0.0510681 -0.844354 0
0.147301 -3.26854 0.805469 0
5.17195 -2.35075 -1.33662 0
0.768672 -0.430231 -3.01312 0
0.144369 0.630878 2.36744 0
0.390086 -0.910607 -3.09154 0
0.176771 2.89113 -1.02033 0
0.562458 4.83078 0.841409 0
0.22441 4.92858 2.77985 0
0.630104 4.46346 -2.11307 0
0.110904 6.45807 -2.82555 0
0.281433 -7.16498 0.963126 0
0.695191 -6.67848 1.72069 0
0.893593 -6.58118 -0.753048 0
1.69749 -4.62058 2.68356 0
0.100233 -2.20604 -2.28622 0
0.260822 -1.30437 2.68033 0
0.373688 -2.4068 1.73446 0
1.38128 -0.897573 0.612013 0
1.34116 -0.879074 0.496316 0
2.18741 -0.933144 1.28395 0
0.916791 -0.799468 2.72156 0
0.304451 -3.33061 -0.299897 0
1.32749 -1.59792 1.60177 0
0.396043 3.80432 -1.59078 0
0.19581 3.54407 -0.133953 0
1.26379 3.37792 -3.01801 0
1.17425 1.4385 1.65782 0
0.324172 0.380085 -1.24292 0
0.790217 0.0870262 1.14914 0
0.0162837 -4.1186 -0.712581 0
0.583529 -1.45897 0.488297 0
0.779888 -1.19291 -0.308643 0
1.33859 -1.71347 0.565894 0
4.52555 -1.6343 -0.00408681 0
1.35654 -1.95109 0.0273813 0
1.21612 -1.91549 -0.944414 0
0.613186 -2.01377 0.508071 0
0.999253 -2.6792 -3.10326 0
1.17735 -2.95663 -1.3132 0
0.286373 4.14138 -0.71743 0
0.218174 5.84359 1.89199 0
0.979836 4.77179 -0.367578 0
0.482741 2.5309 0.0346802 0
0.251552 -6.93105 1.6047 0
0.430987 -6.81864 0.174791 0
0.282347 -7.92067 -0.370425 0
1.32064 -4.73632 -2.99593 0
0.130327 -4.5523 -2.68374 0
0.567765 -5.33157 -0.150851 0
0.697929 6.61875 -2.61031 0
1.2335 1.11764 1.5405 8.11737431990544e-14
0.115594 0.0152515 1.05243 2.18690102111178e-13
0.778427 6.92581 -1.63475 0
0.336483 4.71633 1.98973 0
1.7625 5.15048 -1.57503 0
0.352657 6.15987 -0.496212 0
0.914575 5.2071 -1.61783 0
0.647602 5.78098 -0.368491 0
0.156635 5.67473 -2.76198 0
0.244422 5.90252 -1.27372 0
1.40088 5.27541 -2.04781 0
0.497158 5.88647 -1.12254 0
0.435588 -1.98523 1.3441 0
0.536373 -2.12545 0.452906 0
0.281713 -2.29116 -1.80451 0
0.224175 -0.149569 -2.01845 0
0.655043 0.883173 -2.58356 0
0.899645 0.115309 -2.88095 0
1.85804 0.976777 -2.6037 0
1.23399 0.714721 -2.87652 0
1.84067 1.19668 -3.1272 0
0.419852 0.705775 -2.62816 0
0.927405 1.45888 -2.72347 0
0.167501 2.0379 -0.295273 0
1.19298 2.78974 2.47109 0
2.48554 2.43294 2.38852 0
1.28323 2.86796 2.28986 0
3.25161 2.76261 2.58164 0
0.530869 3.61712 2.02522 0
0.640015 3.12672 0.494033 0
0.129466 2.18106 -1.9445 0
0.150779 2.31998 0.778091 0
1.07343 3.0338 -0.710659 0
4.42251 2.90498 -0.0265812 0
0.899794 3.64576 2.38978 0
0.949144 -4.81192 -2.58895 0
0.148263 -6.00584 0.911715 0
0.435253 -4.17594 3.04076 0
0.385762 -4.95347 -2.332 0
0.226544 -5.21198 -1.62266 0
0.197512 -2.7147 3.06909 0
0.325954 -2.11046 -0.258767 0
0.115908 -4.57471 2.93253 0
0.47297 -3.37494 -2.87332 0
0.595508 -0.898693 -2.89877 0
1.75095 -0.315375 0.0517059 0
3.22798 -2.14382 -1.14901 0
0.327348 -2.83145 -1.45328 0
0.807204 1.77596 -0.900895 0
0.120906 1.20345 -2.65867 0
0.649047 1.80636 2.21419 0
0.123083 3.40619 -1.57517 0
0.64687 3.71974 -1.84274 0
0.102518 7.59531 0.0550181 0
0.864005 6.07283 2.09554 0
0.339286 5.57272 1.00714 0
0.30721 -7.2221 -0.8823 0
0.584443 -7.36651 1.72011 0
0.211467 -7.16634 -1.42836 0
0.0813336 -8.3503 0.50948 0
1.50033 -5.9134 1.60794 0
0.297614 -6.82753 -3.01304 0
0.0497768 -7.29655 -1.48695 0
1.21016 -4.14308 2.31019 0
1.78485 -3.72237 2.03343 0
0.117878 -4.58011 -1.84755 0
1.04725 -3.49664 1.43776 0
0.543355 -2.83973 2.67175 0
0.335237 -0.682624 1.95476 0
0.510722 -0.391928 2.50423 0
0.379754 -0.140513 -1.69914 0
0.822379 -3.00114 -1.82365 0
0.570541 3.96187 -2.98141 0
0.129688 2.38265 -2.42687 0
0.527763 1.75625 1.93493 0
1.06914 0.520471 -0.163892 0
0.498061 -0.41433 0.219919 0
0.652553 -0.334454 -0.225427 0
0.361563 0.482609 -1.64118 0
2.24182 -1.0152 -1.74999 0
1.528 -1.92163 -0.22632 0
0.028677 -3.7066 1.9563 0
2.31073 -1.55217 0.089362 0
0.470513 -2.19008 -0.11494 0
0.484397 -3.76022 -1.98312 0
0.203147 -2.35501 -2.50827 0
0.507294 -3.60778 -1.40714 0
0.340527 -3.92567 -2.13236 0
0.782402 -3.80384 0.108828 0
0.0787296 -5.10079 -1.51538 0
1.67989 -3.41583 -1.66484 0
0.398121 -4.60353 -0.144426 0
0.763403 -3.73668 -0.512614 0
0.403315 -4.02984 -2.15179 0
0.561107 -3.41396 -0.0986043 0
0.420316 -3.24351 -2.70564 0
0.0843722 4.73511 -2.49543 0
0.621373 2.66221 -2.35553 0
0.525983 1.95401 -0.242008 0
0.327754 -4.64738 -0.656901 0
25.7653 0.970199 2.80172 0.166101198144706
25.7831 -1.09056 -1.68351 0.0665268465696097
17.6843 -1.09356 -1.71515 0.14709596005774
2.62405 -1.04487 -1.62538 0.561479590323321
0.170958 -5.15282 2.92996 0
0.609058 -4.76638 1.774 0
0.468502 -5.48091 1.60943 0
0.4098 -4.50359 1.80296 0
0.193931 2.54034 3.03713 2.63834104365887e-07
0.241446 2.11346 1.70911 3.56214778319326e-07
0.360883 4.40245 1.01925 0
0.55929 3.8354 1.05206 0
0.461471 -0.47044 -3.0162 0
0.221347 -1.13404 -1.91454 5.74625071503629e-10
0.103626 -0.313751 -1.01394 1.466051951235e-08
0.815719 -1.35252 -0.942177 0
0.130422 -2.18524 2.58253 0
0.100857 -0.397024 -1.63859 22.0718526958252
1.6137 -0.776144 -0.025458 2.18763502771886
0.358187 -1.03055 0.0628371 8.24217332767106
0.248915 -2.2499 -0.534545 0.594780078438311
3.36327 -2.62573 -1.35999 0
0.791541 -2.57341 -1.44941 0
0.474486 -1.70976 2.84802 3.01788027787698e-08
0.593437 -1.91529 2.78514 8.06659366452679e-09
0.0990742 4.62538 -0.744885 0
0.203252 5.70874 -2.87151 0
0.189578 -5.84318 0.917096 0
0.272437 -5.76621 -2.81453 0
0.167668 -6.54067 -2.61594 3.43582242023882e-09
0.124447 -5.79415 -2.97755 4.42390334883412e-09
0.786719 -1.89982 1.84148 0
0.261584 -2.36216 1.06765 0
1.00503 -0.277286 3.00101 0.0587718394925462
1.23263 -1.26174 2.21479 0
0.964785 -1.54936 2.34623 0
0.0438906 4.99515 -0.0274004 0
0.199326 4.86709 -3.06839 0
0.530327 -0.238655 0.549148 0
1.29635 -0.928052 -1.92543 0
0.568317 -0.999376 -1.55719 0
0.247159 -0.641493 -1.49301 2.96183094199477e-08
0.514618 -0.729827 -2.04148 2.17561414618508e-08
1.1218 -1.82979 -0.100378 9.61550316981761e-06
2.08931 -1.82959 -0.10118 9.63490415539416e-06
0.363405 -1.34168 -2.2912 9.21733836513122
0.357656 -2.76643 -1.92243 0
0.54499 -2.28375 -1.96206 0
0.147434 2.6073 -0.656968 0
0.287644 1.9246 -2.86299 0
0.15322 1.60521 1.66733 8.72132342064665e-08
0.128049 2.12829 -3.04947 9.66796200506897e-08
0.168415 0.433229 -1.08025 0
0.245073 0.632243 1.04085 0
0.111537 -4.28294 -0.483122 0
0.241854 -4.44061 2.58995 0
2.58959 0.951446 -2.79392 0.611586117991435
0.350428 0.739397 -2.7405 5.2656966640377
0.375721 -1.19753 1.38555 3.87906358821529
0.289865 -2.13528 0.628251 2.12280913835076
0.114587 1.28796 -2.34133 41.016468282824
0.330159 1.62755 1.59656 10.4939155570658
1.01084 -0.239912 -2.94604 0.00221132143623072
0.505883 3.06933 -3.12997 0
1.89983 2.60501 2.53288 0
14.0888 -2.41448 -1.33599 0.120146693570478
2.51258 -2.50593 -1.42608 0.181376323857901
1.72795 -2.5666 -1.27025 0.144045542462744
0.059733 3.92113 2.34926 3.01566612705649e-07
0.173394 3.46956 0.0417251 1.03133329023313e-07
0.284198 0.644802 3.10632 0.339677221156668
0.292858 0.323402 0.853934 0
3.50378 0.519215 1.5792 0.0319793187423641
0.560237 -0.555534 -3.05731 0.0154248263897039
0.910726 -0.409915 -3.08584 0.00964454398910694
7.25647 -2.57201 -1.28107 0.144361092667582
5.49695 -2.60992 -1.2373 0.222379452118789
0.635533 -0.149251 -3.12321 0.124351508926687
0.778054 -1.08542 2.7856 0.19672614198903
3.85673 0.478443 1.61767 0.173482127878088
14.3618 0.581671 1.60904 0.108456955507139
10.7578 0.537935 1.59634 0.0606713870415998
3.7587 0.535465 1.52084 0.160122643208873
2.52164 -0.248254 -3.02436 2.93071158508445
0.312292 0.0603193 -2.96979 24.5011545331496
