0.463681 -2.01508 -0.0128494 0
0.529227 -5.83597 -2.10505 0
0.202061 -6.09964 2.75698 0
0.516064 -5.14126 -1.05495 0
0.149847 -7.80899 -0.934015 0
0.685086 -7.35097 0.0543689 0
0.519823 -7.52185 -1.23394 0
0.36727 -7.39374 1.13276 0
0.364182 -3.69131 -0.897308 0
0.726759 -4.28713 1.01466 0
1.46394 -4.0776 0.338607 0
0.286654 -2.21314 -2.42244 0
2.02463 -1.47577 0.978355 0
0.30147 6.34037 -1.36279 0
1.49642 -0.549384 1.10529 0
0.421168 -1.31859 1.60056 0
2.90631 1.1513 1.9757 0
3.21453 1.49264 1.94769 0
4.33513 1.73501 2.02343 0
0.991657 5.4665 2.81912 0
0.0758727 6.04376 -2.86147 0
0.321352 5.81283 0.677979 0
0.407849 6.44755 1.03131 0
0.994781 5.6886 2.07533 0
0.128948 6.05052 -2.34459 0
0.667773 6.49339 2.98243 0
0.92124 7.22159 2.73303 0
1.70739 4.91165 -1.64667 0
0.298665 2.81317 3.04686 0
0.281958 2.02812 2.84303 0
0.335933 0.965288 0.984695 0
0.827405 0.665348 1.80899 0
0.671245 -0.600524 1.48824 0
0.626686 1.2064 -1.52222 0
0.381075 1.0887 2.35396 0
0.443449 -0.156889 0.582732 0
0.550438 0.236616 3.07468 0
1.02085 0.603755 -0.176388 0
1.06045 -1.33478 -1.26146 0
0.411365 -2.81822 -1.7023 0
0.162455 -4.53148 0.23524 0
1.0629 -4.05095 -1.72848 0
2.31746 -4.00565 -1.35358 0
1.80659 -3.88447 -0.955584 0
0.557435 -4.18898 -1.52936 0
0.949733 -3.01897 -0.90434 0
0.472898 -3.48738 -1.77492 0
0.119524 -8.29557 -0.801135 0
0.505657 -5.51304 -0.549183 0
0.574478 -5.15908 0.367407 0
0.289183 -3.94434 2.00858 0
0.130698 -2.94034 1.12748 0
0.592509 -2.27117 2.37398 0
0.448202 -2.80427 -0.0129637 0
0.398097 -1.77108 0.917106 0
1.15823 -1.79274 1.98477 0
1.27831 5.94984 -0.873754 0
0.246941 7.07776 2.45367 0
0.144145 6.39848 -1.90053 0
0.392845 -0.188361 1.97638 0
0.326279 -1.90709 1.40765 0
0.82507 -0.0554537 1.46218 0
1.05639 6.56583 1.96316 0
0.370252 5.70987 1.3902 0
0.188101 4.33803 -0.896583 0
0.861391 4.36659 -1.72962 0
0.511614 3.69391 -2.52428 0
0.132837 2.47263 1.52096 0
1.02411 2.72452 -2.91162 0
0.514417 2.50476 -1.52484 0
0.441578 1.16211 2.72821 0
0.674568 1.07103 1.48094 0
0.0551222 -2.39858 -0.788129 0
0.105829 -1.84668 0.505546 0
0.609326 -1.97523 -0.910712 0
0.531323 -1.5267 -0.322631 0
0.312434 -2.45433 -2.27743 0
0.961858 -2.70268 -1.69723 0
1.62898 -3.87817 -1.48477 0
0.646884 -3.16684 -2.5047 0
0.0933951 -4.27812 -0.424154 0
0.123081 -7.26177 0.889905 3.5236437258131e-08
0.0741301 -7.23022 1.05512 3.90404729243084e-08
0.157819 4.08744 -0.883825 0
0.212677 3.7853 1.34543 0
0.396774 6.84524 -0.649913 0
0.100977 7.03243 -0.181809 0
0.347277 4.11588 -1.09689 3.26740497668944e-08
0.167388 4.59314 -2.50211 3.37852085695124e-08
0.186305 2.63216 1.69017 6.55616135960738e-08
0.106869 2.77862 2.44145 8.11817790828118e-08
0.255747 2.04035 -1.6285 4.71672179043301
0.121918 3.81388 -2.48144 1.7073225190782
0.21204 0.106012 -1.23977 54.1245593994229
0.274829 0.545957 3.12868 36.5054430847394
0.330351 -0.98961 -2.49565 3.39025480691518
0.149049 0.394879 -1.59344 10.6655147489886
0.610933 -3.89049 -2.11635 0
1.56285 -3.22265 -2.52125 0
0.740659 -5.17631 -2.47547 0.223780809121523
0.105726 -4.86509 -1.57819 2.15395067012164
2.57951 -1.21129 1.13083 0.8512721852782
0.718916 -1.23773 1.01312 2.9821497780001
