0.461586 -8.6833 0.969116 0
0.530029 -7.52873 -2.18647 0
0.185098 -5.38149 -2.71357 0
6.78264 -2.28421 0.805988 9.562008564986e-14
0.997468 -1.71754 0.458686 1.81747660747548e-13
3.75156 -1.38579 2.62077 2.13401553040049e-13
0.614954 -1.90423 -3.06022 1.4496607958445e-13
1.0186 -0.927244 -2.56599 3.94720112380398e-13
1.00417 -2.86773 -1.65134 0
0.455579 -4.60452 -2.37143 0
0.233148 -3.88474 1.76999 0
0.442703 -5.64849 -2.12573 0
0.163472 -4.69524 2.37085 0
0.294123 -1.26535 -2.76604 0
0.636177 -0.980568 -2.49429 0
1.25685 0.351722 -2.60037 0
0.652783 0.361434 2.92329 0
4.24822 1.77831 -2.72863 0
2.46242 1.99606 -2.78743 0
1.58593 2.04396 -2.60762 0
1.44523 1.40523 1.69527 0
0.43151 1.57358 1.4273 0
0.97356 1.09829 1.97042 0
2.22086 1.12187 1.88977 0
0.533906 0.127305 -2.43693 0
0.577101 0.92872 0.309805 0
0.248228 -0.296163 -0.718242 0
0.366362 -3.34738 -0.686289 0
1.32196 -1.06474 0.0790031 3.85903529551187e-13
0.293266 -2.6337 -0.114334 1.39542782790991e-13
7.12321 -1.86568 2.854 1.2673599359969e-13
4.91545 -1.69292 2.86005 1.57118412963524e-13
3.50491 -1.82502 2.8658 1.34003757851109e-13
12.0392 -1.57865 1.37195 6.58356446239991e-14
0.909996 -1.65246 1.612 6.2579956795583e-14
3.1046 -1.68957 1.10606 5.59096592831354e-14
0.514768 1.41858 2.65187 0
0.703372 0.184564 2.62015 0
0.541535 -0.56876 2.69808 0
0.472743 -3.12699 0.159105 0
1.11634 2.26989 -2.12787 0
0.37822 3.85747 -0.167593 0
0.376786 2.69628 -0.157022 0
0.62977 3.83376 -1.17899 0
0.579032 5.01196 2.45962 0
0.923395 5.08967 -2.53225 0
0.745946 7.53479 1.75394 0
0.480585 -4.91749 1.33197 0
0.569264 -2.1892 0.679892 0
0.0817814 6.49576 -2.98706 0
2.78949 6.03418 1.19619 0
0.623261 5.31161 0.818133 0
0.359549 3.35364 -0.537624 0
0.45251 -4.92941 1.50485 0
1.69685 -4.14881 -1.51008 0
0.364516 -2.49236 2.19638 0
0.468399 -4.84537 -2.57631 0
0.759623 -2.54294 0.428058 0
0.987826 -2.06616 0.608336 1.27667040646408e-13
0.62188 -3.05842 -2.91733 0
0.601067 -1.24072 -2.97008 2.85935485392839e-13
1.03644 -1.66235 2.42793 1.45192727440586e-13
0.419054 -1.04467 3.1158 3.2884338752448e-13
0.833266 -2.34605 -2.23967 0
1.29036 -2.54169 -2.40481 0
0.387834 -3.96264 -0.658715 0
0.900885 -3.46933 -2.07501 0
1.45564 -3.54262 -0.38154 0
0.371444 -4.23698 -1.41858 0
0.54024 -3.9096 -1.61779 0
1.0544 -5.28334 -2.38335 0
0.789645 -0.329307 -1.65216 0
0.217617 0.249322 2.82714 0
0.202717 -1.41365 -1.55332 0
0.595879 0.613966 2.88062 0
0.505367 0.91383 -1.55594 0
0.332289 2.40311 -1.26242 0
0.422376 0.979563 -0.798686 0
0.853605 1.24766 1.08811 0
0.157125 1.76768 -1.38667 0
0.797467 -0.742268 -0.915465 0
2.37417 -0.991273 0.43662 3.8875219091172e-13
0.511154 -0.6423 -0.657482 5.09942983262191e-13
0.762301 -2.1176 -2.72356 1.40340725435176e-13
0.379144 -1.55253 2.41974 1.68711221490075e-13
0.387968 -2.29359 -2.61288 1.29322026712456e-13
8.2791 -1.71472 3.00793 1.61826502237141e-13
4.5953 -1.78962 2.96579 1.4600486832658e-13
2.27527 -1.45675 3.00606 2.14672119493005e-13
6.46782 -1.65844 1.32571 5.90526921146074e-14
0.103395 -1.78883 1.68617 5.40133795850301e-14
1.46906 -1.47771 1.45692 7.53534665988951e-14
2.40592 -1.82021 1.18043 4.65344112094838e-14
4.23332 -1.65645 0.935405 5.90244665886588e-14
3.11853 -1.6369 1.09062 6.00675243854512e-14
2.59235 -1.569 1.31652 6.62578572278925e-14
1.93672 -1.60394 1.60372 6.63456512865617e-14
1.30447 -1.52848 1.34019 6.98829932528387e-14
0.385862 -3.15145 0.0916193 2.17554181718704e-14
0.188137 -1.85241 -2.78128 8.59258113473346e-14
0.470019 -3.42828 2.54812 2.64932691074158e-14
0.542552 -3.63361 1.70463 1.60186846219623e-14
1.08141 -3.13759 -1.82328 4.31551171155089e-14
0.577598 -3.14689 -2.87241 3.94830296408197e-14
0.535317 -0.265491 1.53127 0
0.370504 -5.11015 -3.07357 0
0.704586 -7.13151 0.165989 0
1.1465 1.99501 -2.13307 0
0.762881 1.83984 -2.53133 0
1.10377 2.85784 -2.04019 0
0.267327 2.2049 -1.395 0
0.80834 2.07274 -2.94663 0
0.239448 3.69066 -0.869041 0
0.309734 2.13274 3.08176 0
1.32687 3.20731 -2.15902 0
0.206977 2.30197 -0.853351 0
0.462462 4.46562 -0.958771 0
1.54443 4.19066 -1.79288 0
0.235356 3.55802 -0.948213 0
1.24091 4.17902 -1.64053 0
0.57753 5.10801 -1.39405 0
0.549598 5.28768 -2.50643 0
0.676951 4.35835 2.56076 0
0.224722 6.0457 1.60728 0
0.296828 8.53747 0.862128 0
0.398777 7.13474 -2.66332 0
0.598268 9.0934 0.505686 0
0.157413 9.03045 3.00031 0
0.894583 -5.09946 2.17948 0
0.268227 -5.48202 -1.3199 0
0.464333 -2.69162 -2.68047 0
0.377181 -0.296036 3.01283 0
0.144103 -3.0729 0.251717 0
0.389139 -0.946224 -1.99959 0
0.349214 0.729367 0.214867 0
0.542067 -0.646551 -2.39397 0
0.43448 -5.96447 1.70301 0
0.630998 -2.65919 -0.489431 0
0.455716 -1.92068 -0.832516 0
0.959254 -1.65373 -1.18404 0
1.79264 -1.37927 -0.977928 0
2.41403 -1.60261 2.54765 1.61017415313173e-13
1.72388 -1.5208 2.4617 1.76457570647567e-13
0.97694 -4.0549 -1.33831 0
0.123719 -4.6593 -0.699508 0
0.0582186 -3.61464 0.557576 0
0.166011 -2.89643 -0.278267 0
0.394842 -4.25593 -2.87528 0
0.380332 -4.59119 -2.46779 0
0.913744 -5.02612 3.10917 0
0.114108 -4.88973 -3.03289 0
0.53025 -5.77824 2.42015 0
0.26563 -6.1108 -2.27307 0
0.255591 -6.6331 3.07244 2.03703813185062e-08
0.0864888 -6.94306 2.5298 6.57900134800618e-08
0.00850043 -7.31453 0.582371 0
0.0962137 -6.30769 -1.40476 0
0.436378 1.87611 -2.85543 1.09192271838296e-06
0.533586 1.65981 -2.66267 2.7267229470275e-07
0.180155 1.56385 -2.7438 1.02757627397902
5.4756 2.03319 -2.72602 0
1.50835 1.98763 -2.58056 0
0.0129181 6.61959 0.173378 1.85725334991844
0.107237 1.12984 -2.27252 0
0.140076 -0.889326 1.958 0
4.44669 -1.0647 0.149544 0.00615732148251801
0.783796 -1.66129 0.437089 0.0222599850526218
0.654611 -1.64443 3.01543 4.0122094045877e-08
2.01193 -1.58015 2.98179 3.02642076245882e-08
2.20932 -1.61699 2.89784 1.74056797697414e-13
0.942012 -1.63616 2.72521 1.61342705824648e-13
1.1169 -1.64843 2.7113 1.58103624485145e-13
2.70156 -1.68431 2.58753 1.45750186278122e-13
1.22128 -3.09908 2.87337 3.41390194259406e-14
0.372638 -2.6347 2.51794 3.63857864744841e-14
0.647251 0.91607 1.46008 3.82395784480781e-08
0.718051 0.529155 1.64547 5.07718756527669e-08
0.190568 2.83052 -2.50511 0
0.334218 3.56628 -2.60598 0
0.0219303 5.77588 0.0825988 0
0.540124 3.54091 -2.54003 0
1.07131 4.45265 -1.63025 0
0.558476 4.13822 -1.59499 0
0.186748 1.39385 -1.87767 0
0.215658 1.23917 2.62614 0
0.234815 3.85134 -0.480778 2.22806521228558
0.0890595 2.51212 -1.48876 22.5284710628754
0.399617 4.05388 -2.92977 0
0.0667885 5.72323 -0.504801 0
0.206454 1.48076 -0.909898 0
0.0679923 -0.251568 -1.22865 0
0.0740868 -2.48857 -0.508253 0
0.189451 0.310806 0.245165 0
0.238593 -2.00442 2.21496 0
0.30228 -1.45864 -0.0385012 0
0.228832 -2.45034 -2.30041 0
0.315039 -1.78424 -2.44916 0
0.240455 -3.77374 -2.41861 0
0.10611 -2.73286 2.73641 0
1.41894 -0.957075 -2.3685 1.66343528994736
6.77596 -0.937659 -2.47516 0.353564316396475
1.76315 1.60205 -2.63405 6.36016103277203
0.141244 2.15414 -2.7618 47.1407062639841
0.309397 -3.44971 -2.2909 17.4456737221614
0.319576 -3.88009 -0.980362 10.9974019234436
0.282646 -1.88301 -0.764379 17.3365813545536
0.255477 -3.10898 -0.220156 5.73223852804354
0.0991028 -4.04121 -0.290032 5.54462552768262
0.823757 -4.16587 -0.815455 0.585285421357246
0.361897 2.68012 1.71171 9.22080813927913
0.174405 1.76149 2.63834 46.8763300951433
12.8061 -2.40555 0.750293 0.0307071968029783
0.324524 -4.91991 -2.71715 2.63672987319044e-06
0.0881407 -5.24545 -2.81299 9.86019150785061e-06
0.133792 1.62134 -2.54964 4.66451665225082e-06
0.946304 1.62129 -2.5534 4.32478949125112e-06
0.0403562 -2.8847 -1.24869 1.80078925044147e-05
0.229591 -2.87677 -1.22381 2.01939703038473e-05
1.20913 -1.16923 0.31578 5.050586863124
0.31437 -0.661769 0.281191 27.7750867355745
0.66837 3.2472 -1.30407 3.16941197849058
0.0931667 3.40716 -0.0968879 19.3598796661656
30.5541 -1.44415 -0.910045 0.191854230419135
0.361139 -3.53493 -1.98276 0.407301154261521
6.09709 -1.3912 -1.06696 0.909601254282346
3.14699 -2.36754 0.896678 0.0152363074884083
4.1943 -2.24787 0.838577 0.0885038162933229
1.7363 -2.3582 0.817309 0.0534544954049265
4.30145 -2.38334 1.0485 0.120350244684661
12.7889 -1.52666 -0.895706 0.446886579675051
