0.383926 7.48604 -0.858341 0
1.85477 -1.34187 -0.0940157 0
0.377935 -1.26811 -1.16063 0
0.379782 5.8628 -0.92776 0
0.356188 -9.32933 -2.61246 0
1.187 1.64038 -0.82594 0
0.573689 4.56004 -3.02595 0
0.62876 3.89689 -0.145083 0
0.298771 1.24289 1.15089 0
0.387439 0.383586 2.2132 0
0.221555 1.11888 2.92576 0
0.187156 -0.285775 -2.47068 0
0.156605 -1.80162 -1.1991 0
5.69719 -4.66279 -3.12522 0
0.654341 -4.56387 3.08781 0
0.295451 -5.76784 2.50509 0
0.0373501 -5.46179 -1.43309 0
1.93738 -3.87186 0.501866 0
0.396304 -4.88362 1.19578 0
3.03777 -4.41953 0.423013 0
1.45376 -4.51179 0.206971 0
0.166568 -4.60287 1.04586 0
0.230441 -3.4844 -1.25318 0
0.450674 -1.08576 -0.67761 0
0.313222 -0.304931 -0.804639 0
0.435598 -4.37363 -1.57773 0
0.561022 -5.33017 -2.13013 0
0.475812 -5.01362 -1.90235 0
0.335278 -5.67378 -2.19138 0
0.692323 -3.54529 -2.80585 0
0.344423 -2.80219 2.2452 0
0.266031 -5.00557 2.86436 0
0.308208 -3.13781 0.564434 0
0.680775 -2.33364 2.85766 0
0.776581 0.836574 -1.22815 0
0.176295 0.770746 2.39667 0
0.184934 5.2192 -0.519289 0
0.522532 6.04902 1.78677 0
0.278466 6.3797 -2.00032 0
0.209016 -4.13048 0.496832 0
0.712008 3.73059 -0.22396 0
0.330191 6.27349 1.55862 0
0.206713 6.20573 -3.01554 0
0.423831 7.03214 -1.87422 0
0.114081 5.25754 -1.07164 0
1.02842 4.82249 -0.0408367 0
0.244976 4.40769 -1.50416 0
0.988741 4.27218 0.0836608 0
0.74243 2.55323 0.676202 0
0.456309 2.72018 0.697996 0
1.27823 2.66693 1.52532 0
0.150031 2.43392 2.81544 0
0.720277 0.64406 1.96295 0
0.147407 1.35387 -2.89865 0
1.28053 0.0405186 2.5631 0
0.507506 0.222084 3.00077 0
0.28824 -1.50385 -0.813264 0
0.447019 -1.08361 2.26391 0
0.369893 -1.16269 1.26866 0
2.35033 -4.60891 -3.0182 0
0.189822 -6.2134 3.02682 0
1.21398 -4.4842 2.84839 0
1.11877 -5.04119 -2.65291 0
0.381765 -3.60233 -1.35306 0
2.10811 -4.24407 0.795282 0
1.77435 -4.26943 0.368243 0
1.01489 -5.09075 0.418107 0
0.27719 -5.21196 0.171966 0
0.243632 -4.34609 -0.223101 0
0.0765788 -1.75375 -1.06831 0
0.261877 -2.94183 0.477805 0
0.502573 -2.08196 -1.20873 0
0.250489 -2.74835 1.47744 0
0.453745 -1.3241 2.16408 0
0.280756 -0.306963 -1.49802 0
0.616061 7.6869 -2.68145 0
0.0213709 10.8517 -0.122206 0
0.940093 7.76654 -1.94012 0
0.192432 4.84071 2.99428 0
0.0590313 4.88533 -1.50341 0
0.651001 1.36618 2.14322 0
0.312473 -3.3048 -2.41383 0
0.187365 -4.70104 -2.82182 0
0.204958 -2.78391 0.709756 0
0.24201 -3.99038 2.03755 0
2.32472 -3.16844 -2.25214 0
4.42721 -3.32133 -2.08882 0
0.786985 -2.72488 3.06279 0
0.218485 -2.53329 1.24451 0
1.68627 -1.98885 2.97949 0
0.693185 -2.05363 2.21228 0
0.27816 8.1306 -0.113669 9.24208124079583e-08
0.478647 8.04432 0.18321 1.09708550718554e-07
0.0901254 6.73864 -1.18443 0
0.207123 6.3094 0.0242217 0
0.195731 -0.0670948 2.01348 0
0.355414 -0.391194 -2.82391 0
1.62077 -4.89155 3.01941 0.746667321111656
0.578391 -3.7504 0.8086 2.13405371787855e-08
1.32168 -3.69577 0.754006 5.56189809930572e-08
0.146316 -1.00365 2.93767 0
0.391391 -1.58004 -1.83737 0
0.349512 -2.71566 -1.21673 2.29912740375066
0.283352 -0.91033 -1.55214 12.7706539783687
0.0352896 -1.44865 -2.83327 0
0.316182 -1.96104 2.49376 0
0.00727819 -3.43825 2.3297 0
0.155985 -1.50252 -0.175386 0
0.732112 -3.24467 -1.36173 0
0.388265 -2.52319 -1.87846 0
0.172627 2.00128 -0.122644 0
0.553257 2.51392 2.83053 0
