5.02589 -2.54947 -0.536702 0
0.136452 6.76284 2.78445 0
0.170715 6.20599 1.42051 0
1.22972 1.38109 -2.45832 0
0.272537 -0.233463 -1.51833 0
0.854113 0.199751 -2.9234 0
0.431139 0.0676523 -1.88872 0
0.617814 -1.37653 -3.04246 0
0.493316 -0.0159527 -0.63906 0
0.567937 -3.71485 2.09528 0
0.442097 -2.90338 -1.99129 0
0.650489 -2.97892 -1.62113 0
0.844694 -1.7366 -1.62142 0
0.600925 4.88754 -0.466799 0
0.184028 4.04994 3.12009 0
0.722279 6.32885 1.0618 0
0.682025 8.41406 2.07184 0
0.479983 2.48923 1.42012 0
0.434257 3.30167 1.33848 0
0.856396 3.29364 1.22102 0
0.525243 2.63658 -2.62575 0
0.294914 3.09677 2.1241 0
0.446278 2.20406 2.73933 0
0.830989 1.58085 -2.52056 0
3.1293 -2.04661 0.0687902 0
0.22466 -2.22718 -2.31255 0
0.768729 1.06059 1.90644 0
0.249268 2.79002 -2.7182 0
0.290855 3.99212 2.97735 0
0.57451 5.03918 0.0149976 0
0.335366 5.95131 -0.816174 0
0.705205 5.96312 1.54085 0
0.646118 6.86857 -2.52577 0
0.72928 5.89456 -3.13925 0
0.314237 5.50404 2.52974 0
0.168796 6.74369 -2.20643 0
1.53284 4.04331 -1.30186 0
0.732388 3.7095 0.342701 0
2.52295 3.31768 -0.549579 0
4.67019 3.27739 -0.521608 0
1.77494 3.59535 -0.823501 0
0.468793 3.45768 1.27993 0
1.18547 3.09344 1.37177 0
0.601929 3.53174 1.84547 0
0.319894 4.07369 1.80265 0
0.875659 2.94701 0.825154 0
0.201406 4.15569 1.01322 0
0.450675 4.29069 1.25948 0
0.37777 4.29368 2.63272 0
1.03167 3.1172 2.94891 0
0.517625 2.93952 -1.16686 0
0.785735 2.57766 -2.05845 0
1.06112 2.28353 -2.13495 0
1.93872 -2.59035 -0.887213 0
0.308003 -3.47417 -1.2762 0
0.489508 -1.6497 -0.232972 0
0.06732 5.0305 2.19872 0
0.391553 6.8123 0.402073 0
0.323478 5.0464 0.711005 0
0.444446 -1.23388 2.82892 0
0.466965 -4.14292 -1.31299 0
0.148483 -3.22333 1.71162 0
0.154145 -1.496 -1.81193 0
0.40147 -0.238482 -0.870591 0
0.169488 -1.40358 2.86957 0
0.426564 6.49612 -2.3032 0
0.355566 9.053 -1.66821 0
1.0602 3.16078 1.12923 0
0.553768 3.11087 1.55254 0
0.0586981 2.38999 -1.3264 0
0.143502 2.0794 -1.94811 0
1.22682 2.20716 -2.57198 0
0.389706 1.50984 2.51242 0
2.10678 2.48531 2.4837 0
0.232894 0.932647 -1.63623 0
0.348566 -1.16561 2.13662 0
0.440942 -0.261831 -0.495677 0
0.206113 0.777814 2.34648 0
0.417046 2.7119 -2.03107 0
0.42366 6.64689 -2.2524 0
0.217461 7.49452 2.22421 0
0.461277 5.4322 -1.82691 0
0.998608 3.78352 -1.44187 0
0.471848 3.97083 -0.00483888 0
1.18305 3.70793 0.00104706 0
0.122961 2.76294 -0.072464 0
0.445388 2.35937 -0.150695 0
0.267045 3.28204 2.72998 0
0.188768 3.46328 1.55372 0
5.92937 -3.15158 2.06186 0.143782743720724
3.02953 -3.1694 2.15365 0.155722379481367
5.62012 -3.14154 2.09359 0.0645346341731742
0.215734 0.844282 0.965872 0
0.114985 2.07741 0.278376 0
0.0510447 1.21845 -2.65824 0
0.0164109 3.4291 -2.31706 0
0.215326 -0.16479 -0.516746 0
0.172365 -1.86932 1.37876 0
0.645584 -2.42027 2.44107 1.97220828488125e-05
0.396544 -2.38943 2.32036 4.99556128400805e-05
0.209993 2.73607 2.2277 0
0.403311 2.76717 -2.63666 0
0.272593 3.19043 -3.06548 1.11184372653068e-08
0.372337 3.06432 -3.00049 7.58062964060726e-09
0.0709902 3.96001 -0.739939 0
0.425781 2.26759 0.564255 0
0.0648597 5.60663 3.12033 0
0.328279 5.06267 -2.35817 0
0.264937 2.40016 -0.257608 0
0.255541 3.15118 0.620679 0
0.365832 -1.85891 -1.63738 43.8826938668084
0.17684 -2.37885 2.90829 54.7905099457402
0.467229 0.232863 3.08141 5.73903152405839
0.462516 -0.223692 2.30497 5.79315001653083
0.319153 0.265644 2.8213 0.555416080549668
0.356808 2.68105 -1.08493 0.0390926296185206
0.146535 2.61717 -1.01952 0.0550950874583414
0.218162 1.12647 2.30335 0.326362813061008
0.351864 0.37895 -3.01868 0.580515713996359
0.460494 1.29796 -1.18556 0.471111483856105
0.998897 2.18205 -0.840218 0.317468065335245
0.15256 2.3183 2.86546 0.712927392808864
0.482098 2.416 0.0331604 0.399038844130035
0.15451 3.59718 -0.671049 0.213034978217594
0.199994 0.550398 0.796007 30.8216261831083
0.115398 2.1228 -2.04591 14.3871253997329
0.139641 2.12885 -1.84126 0.565383090207641
0.30824 3.03048 -0.4716 0.170116243353689
