0.398592 -6.8324 1.63701 0
0.317408 -10.411 -1.0204 0
0.48923 7.75052 1.94843 0
0.295939 7.17369 1.62814 0
1.03428 6.18431 -0.496324 0
0.577077 -0.442311 3.01383 0
0.228248 0.0749448 2.23056 0
0.431217 1.08013 -2.66313 0
0.323812 1.93429 -1.35003 0
0.569649 5.96268 -2.03784 0
0.451771 -7.19276 -2.00258 0
0.352676 5.69112 1.96205 0
0.256847 6.96638 -0.208808 0
0.52176 6.26124 2.35176 0
0.641722 1.12155 -2.89239 0
0.268964 1.91495 -2.03819 0
0.183001 -1.23759 -0.369215 0
0.429834 4.81231 2.8661 0
1.15644 5.24982 0.503627 0
0.434552 8.33294 -1.03053 0
0.290849 8.98796 2.96528 0
0.117115 7.11033 2.53738 0
0.166112 3.14873 0.963763 0
0.0580081 2.28915 -2.40716 0
0.158588 7.67399 3.09114 0
0.134124 7.56591 -2.79255 0
