2.61805 1.17727 -1.9323 3.91674528765597e-13
0.70793 -0.154595 -2.59756 0
0.198871 0.958381 1.01732 0
0.6472 -0.0121845 2.40617 0
0.147088 1.5314 -0.37473 0
0.0661574 -3.05097 2.81662 0
0.805341 1.90539 3.10201 4.03225851858291e-13
0.158447 3.4366 -1.31099 1.69679204780363e-13
2.25454 1.55735 -1.91444 2.56570355480732e-13
1.35607 1.77007 -1.89657 2.03500137741991e-13
2.20495 1.56203 -1.57278 1.86877521686008e-13
2.47242 -1.5869 -1.99231 0
2.67548 -1.37153 -1.87731 0
2.93781 -1.49289 -1.84278 0
1.87012 -1.54818 -2.21398 0
0.385499 -2.38779 -1.1291 0
0.664796 -3.33122 1.8348 0
0.843464 -5.05444 1.17953 0
0.559042 2.15659 -2.43765 1.62993903166761e-13
2.25076 2.14948 -3.12151 1.21808136710651e-13
8.07314 2.14892 -2.92198 1.31950310713104e-13
16.4553 0.844361 2.62818 8.18512521287313e-14
21.3278 0.854361 2.58716 8.22631581404229e-14
0.823896 0.619034 2.61095 1.37144529727054e-13
0.193535 3.73703 0.838705 0
1.71224 2.36893 -2.26726 0
1.24339 3.21996 -2.90457 0
0.257165 3.39573 -1.73025 0
0.690076 2.91578 -2.60775 0
0.512434 1.63023 1.22658 0
0.289231 1.01022 -1.04167 0
0.165385 3.62017 -0.179525 0
0.825167 2.22713 -0.63232 0
2.99572 1.22686 -0.345659 0
0.211172 -0.431028 -1.96579 0
0.0380317 1.88478 2.11312 0
0.0776697 0.875859 -1.8028 0
0.681023 0.0882796 -1.82664 0
1.93807 -7.53054 -0.0936911 0
0.295304 -4.8438 0.0679149 0
6.66508 -3.86863 0.458833 0
0.466001 -4.23229 0.753695 0
0.482497 -4.45032 1.78872 0
1.52224 -3.39003 1.08713 0
1.46648 -3.54206 2.70182 0
1.39214 -3.69897 1.50296 0
0.611747 -2.98283 2.73182 0
0.379974 -3.12403 1.19819 0
0.419543 -0.908748 2.93724 0
0.316342 -2.26092 -1.88376 0
1.29417 -0.523588 -0.902131 0
2.71017 2.18097 0.0049679 1.0988092042892e-13
0.15634 8.07039 2.98238 1.38828744504861e-13
0.222904 6.10512 -2.28725 1.38261032178648e-13
0.381376 5.46739 -2.67735 1.39865067814121e-13
0.196401 6.82669 -0.0695178 0
0.312523 -4.6055 2.15222 0
0.370595 -2.63118 -2.79858 0
0.735224 -4.42075 1.70951 0
0.20663 1.30634 -0.178555 0
0.652839 2.63485 -2.38173 0
0.539197 1.54506 1.02412 0
0.245233 3.38444 -1.91257 0
0.70157 3.18957 0.959628 0
0.707771 3.32094 -2.57319 0
0.275336 4.34775 0.739006 0
0.586078 3.99723 -1.24729 0
1.36595 -0.855838 -1.72242 0
0.257075 -1.78264 1.62157 0
1.43866 -1.84256 -2.40526 0
1.08742 -2.70912 -1.01564 0
0.563734 -2.66503 -1.64673 0
0.801381 -2.98766 -2.55658 0
1.41054 -3.31841 -1.50764 0
0.426091 -4.09279 2.86065 0
0.41878 -3.87019 -2.01881 0
1.1984 -5.04543 -1.56771 0
0.632501 -6.34855 -2.66051 0
1.18393 -6.098 2.49907 0
0.311576 -6.65685 2.9955 0
0.87652 -2.14054 1.99544 0
0.320945 -1.85823 2.93904 0
0.77528 -0.488784 2.83947 0
0.549076 3.66821 -2.25013 0
0.241454 3.95072 2.93392 0
0.22762 5.11194 -0.228541 0
0.42458 2.43025 2.40395 0
0.621454 2.28359 3.06861 0
0.347652 -1.7773 2.0058 0
0.566258 4.82417 2.34546 0
0.30002 2.81023 -0.325374 0
1.07034 3.95963 1.00842 0
0.287472 3.88053 -0.330037 0
2.1868 3.25407 1.37914 0
0.661433 2.5775 1.05132 0
1.38002 2.49117 1.63584 0
2.25473 2.71016 2.11232 0
0.688755 3.11902 0.644414 0
1.23112 2.59453 -1.68465 0
0.704171 1.62226 0.787248 0
0.366732 1.17683 2.97579 0
3.18172 0.630837 1.72125 0
1.57224 -0.812313 1.04315 0
28.8281 -0.701877 1.24209 0
0.537593 5.91435 1.72053 0
0.255859 5.37436 0.58085 0
0.454864 -0.803143 2.91492 0
0.405414 0.23672 1.26148 0
0.288709 -6.60197 -2.84233 0
0.516344 -7.83009 1.29239 0
0.121572 1.68548 2.07808 5.19557676358071e-13
0.884322 2.05835 -2.00771 1.87886583777903e-13
0.534941 2.04447 -2.92772 3.46016875040565e-13
1.46206 2.0479 -2.18439 2.23661220386403e-13
0.857982 2.24619 -2.82791 3.04446064326725e-13
1.77109 -1.64277 -1.83425 0
18.0224 -1.47295 -1.98602 0
0.710779 -2.28995 -2.03201 0
0.749148 -1.64697 -1.75623 0
0.384275 -4.07842 1.05955 0
1.87791 1.51418 -2.79085 1.24571050053208e-13
2.32499 0.792943 2.4133 1.12768415992072e-13
0.348587 2.77567 -1.49599 0
0.632962 2.89738 -2.7309 0
0.162234 2.91206 1.54272 0
0.809111 2.8398 -1.3544 0
0.174799 1.00484 -1.75902 0
0.688854 0.185688 1.55235 0
0.560797 -0.978033 1.2226 0
0.450772 -0.269675 2.30687 0
0.0300189 -1.77649 -0.907783 0
1.22176 -1.13864 2.13314 0
0.29159 -1.01993 0.781365 0
0.582897 -6.24689 1.05602 0
0.227595 -5.89656 -2.3069 0
0.695576 -3.76651 1.72863 0
10.7564 1.92165 -0.218242 9.69397020321082e-14
0.0922829 2.06862 -1.33148 6.8565901148193e-14
0.220554 4.38244 -1.04361 1.24778056136276e-13
0.280569 6.10548 -3.06018 1.40080485320514e-13
0.387917 6.32055 -2.62746 1.38999257611935e-13
0.334136 0.133514 -1.51813 0
0.583172 -3.74714 -1.6577 0
0.256226 -3.40521 -2.71327 0
0.486065 -5.19761 1.73216 0
0.32355 -6.42749 0.532301 0
0.383585 -5.23069 -2.03462 0
0.133924 -7.64777 -1.50169 0
0.14988 -6.19777 -2.3665 0
0.348769 -1.56195 -0.124828 0
0.64183 -2.36323 1.10661 0
0.388731 -1.67051 -2.07933 0
0.435642 1.15357 1.04976 0
0.145073 1.9046 -1.38408 0
0.319366 3.49071 1.84062 0
0.249819 3.27805 2.83709 0
0.227734 3.15052 1.19567 0
0.375041 0.575835 1.98903 0
0.0579631 -2.51799 -0.465202 0
0.561524 -3.48322 -2.65799 0
0.213152 -2.36141 1.87833 0
0.586021 3.68302 0.294191 0
0.751523 3.78361 1.76297 0
0.253352 3.10433 -0.72368 0
0.866135 2.77197 2.76244 0
0.124079 2.55799 -0.286749 0
0.340529 0.62291 0.911055 0
0.94829 -0.135602 1.67774 0
1.77321 -0.212849 1.47022 0
2.74872 -0.749231 1.29087 0
0.154732 -2.07095 -2.84914 0
0.329163 -1.48829 -1.47044 0
0.0855873 -2.58787 3.10303 0
0.302555 -0.793879 -0.412455 0
0.50949 -1.81934 -0.900025 0
0.102853 -1.60295 1.76978 0
3.42539 2.06861 2.67854 0.0133521357091768
0.658991 2.45874 2.44207 0.0250681894256866
1.97001 2.19943 -3.00712 1.29698245356839e-13
3.18066 2.12532 -2.91632 1.31287138315559e-13
1.09029 0.931496 2.47154 7.88671512079069e-14
1.99319 0.637496 2.6029 1.32846213081955e-13
2.38151 0.848979 2.5355 0.0570927164347814
0.610958 4.33734 0.54307 0
0.462114 4.60583 -0.309597 0
0.321344 3.04422 -0.913068 0
0.508491 2.9115 -2.11593 0
0.0996666 4.56889 -1.60901 0
0.383131 3.24623 -1.82336 0
1.52941 0.826785 0.392424 8.41728202155331
0.225718 -3.63907 1.45831 8.6174417329027
0.814092 -2.72715 2.04026 0
0.14162 -3.04286 0.355221 0
0.133896 -2.68577 0.5094 0
0.174654 -2.69474 0.135303 0
0.21689 -1.70221 -1.26447 0
0.175778 -0.867213 2.49478 0
0.135079 2.75049 -2.12477 1.36639080957837e-13
0.239224 3.2415 2.3214 1.81962594184768e-13
0.0366359 -4.01268 -1.88665 3.14739440904863e-08
0.0360942 -3.62275 3.13194 1.38772988303222e-08
0.256048 0.106817 2.01602 5.32651324020349
0.111964 -6.66311 0.592799 0
0.615551 -5.85993 -0.827395 0
0.0349942 -5.84164 2.64097 1.32440019529564e-05
0.149954 -5.91335 2.59498 1.57623793960464e-05
0.198219 -4.13858 2.14119 0
0.0457353 -4.234 -1.38961 0
0.131659 -3.52474 2.37886 0
0.483387 -3.61837 -0.0129208 0
0.137468 8.22426 2.18558 0
0.574336 7.84433 -2.56289 0
0.188637 0.265839 -0.983434 0
0.285559 1.86802 -0.0854142 0
0.865329 -0.599553 1.6256 0
0.310586 0.00616953 1.53704 0
0.675642 2.24529 3.04 10.0869179776835
0.494513 2.14414 2.3266 15.2643603203449
0.716426 1.88826 -2.33361 4.13416788607566e-05
0.0368904 1.87488 -2.34703 4.5511138155796e-05
0.17754 1.6289 -3.04015 1.43696174079957
2.09928 1.49915 -3.06511 0.138190899023315
0.245672 0.649734 0.822711 4.12724578392745
0.221547 -0.940652 0.900278 3.77757738895887
0.338499 -5.5868 -2.47534 2.40356489561521e-06
0.0573751 -5.65937 -2.37254 4.96817905929101e-06
0.0812226 3.64488 0.741313 5.84889855702497e-05
0.0238694 3.56082 -0.13449 6.19826608682404e-05
0.0601779 2.28642 -1.87333 0.000171039036713152
0.0122608 2.38509 -1.80347 0.000164998109936441
2.14522 -0.820351 1.43748 0.761895143177027
0.97944 -0.557122 1.48557 1.95452394756649
1.24189 1.63358 -1.33698 1.58351561695203
4.72249 1.48387 -1.37032 0.477450738328182
1.01802 2.00259 -1.79763 2.37385759379366
3.025 1.80852 -1.68894 0.962583913673139
0.243476 -3.33195 -1.22437 9.09039447796407
0.134967 -5.08855 -0.670568 2.8293023861014
1.07625 -1.3969 -0.446501 0.0245688590790422
10.5044 0.884057 2.6141 0.0510319439930004
15.7148 0.846034 2.58364 1.05256928995778
0.221804 2.21307 0.284141 47.0890246545014
0.251388 2.11803 -1.83 45.5329926586187
0.682582 1.28336 -0.157961 44.8993681086546
0.265672 0.765906 -0.195417 81.1628789902044
0.225977 -2.34958 -0.0561679 0.975180953106446
0.0709107 -2.475 -0.362597 2.75159104555505
1.20116 -1.24693 -1.11731 0.0911978025653488
1.14058 -0.791364 -1.1477 0.215243272056919
0.114381 -1.78455 -0.269514 0.0442040363090059
0.169506 -2.05708 0.849109 0.160443450116079
0.379889 -1.15854 -0.755927 0.0831185052466997
15.4509 1.86651 -0.189903 0.143365425061979
36.0814 1.85704 -0.174948 0.180635589503242
4.35084 1.71985 -0.0829721 1.34544799578275
