21.9456 -2.11839 -1.25643 1.85182914197209e-15
0.845482 6.03775 -1.04486 0
0.61632 6.36768 0.779429 0
0.790296 -0.751483 2.14818 0
2.229 0.320913 -0.71405 0
1.69206 5.18176 -1.29557 0
1.32144 4.9709 -1.26521 0
0.231826 6.30787 2.59388 0
0.112409 6.46393 2.02477 0
0.458599 3.11049 2.54057 0
0.295624 3.88716 1.82597 0
2.2455 -4.34956 -0.0169001 0
1.19878 -4.61478 0.259823 0
1.4535 -4.605 0.428407 0
1.56214 -4.35078 0.149286 0
0.732282 -4.96152 -0.587853 0
0.23949 -4.57673 1.7637 0
0.474862 -4.51349 2.14909 0
0.43029 -3.69204 -1.73248 0
0.225713 -5.49296 1.418 0
0.824407 -1.79329 2.96696 0
0.609818 -2.47671 -0.394124 0
0.846281 -2.60714 -2.35031 0
0.119568 4.17681 1.37505 0
0.565808 3.03381 -2.33008 0
0.411117 2.7479 2.19251 0
0.728949 -0.612244 -1.89636 0
0.931261 0.571322 -1.67945 0
0.478734 1.70943 1.61857 0
0.06264 4.01929 -2.9427 0
0.842224 4.96128 -2.02185 0
0.0606088 6.80738 -0.302826 0
1.22071 -1.00775 1.83914 0
0.690785 -0.448537 2.35888 0
2.03213 -0.651991 1.71492 0
0.495693 0.4528 0.940251 0
0.964102 0.806291 1.05583 0
1.19254 1.19414 1.86424 0
1.11887 0.0291826 -1.31251 0
0.450642 1.57643 -1.18779 0
1.63093 2.43417 0.263244 0
0.210081 4.6917 -0.0885018 0
0.710009 -5.82901 -0.338997 0
0.256695 -2.69191 -2.38242 0
0.508641 -2.92247 0.879445 0
0.604471 -2.54015 -2.17464 0
0.560954 0.720559 -0.643864 0
0.0897961 3.67265 -2.53803 0
0.16744 1.09309 -0.98453 0
0.226719 2.89488 -1.49112 0
1.80604 -6.48102 0.489878 0
0.180559 -2.86731 -2.70981 0
0.480194 -3.52371 2.94854 0
0.915887 -1.54617 0.271729 0
0.388445 -1.44293 -1.54112 0
0.282671 1.00017 2.07123 0
0.573571 0.730493 -1.67245 0
0.283608 -0.865996 1.98134 0
0.336633 1.89252 2.33919 0
0.499252 3.57364 -0.0258813 0
0.279618 5.82773 1.83194 0
0.102102 6.22787 -2.8443 0
0.149008 8.62745 1.32165 0
1.24203 6.63345 -2.55731 0
2.23121 5.56762 -1.30649 0
0.0726303 7.28323 -0.716904 0
1.45191 4.70641 2.8431 0
0.634734 4.66655 -2.92836 0
0.37574 2.80445 2.19237 0
0.369367 3.04512 2.6428 0
2.63033 0.486188 -2.16647 0
0.677681 -1.53404 -0.329479 0
2.84393 -0.854222 -0.777791 0
0.307926 -0.957751 -0.219353 0
0.365974 -1.71721 -1.25665 0
1.30811 -2.26092 -2.3839 0
1.00405 -2.11297 -3.01703 0
1.85523 -3.37961 3.07842 0
0.1376 -2.09939 -1.10417 0
0.147514 -3.94193 -1.17282 0
0.133884 -4.90356 -0.666455 0
0.519136 -3.25699 -1.06141 0
0.344202 -4.65294 0.81526 0
0.970882 -4.07431 0.0622506 0
0.390054 2.80742 -2.24893 0
0.229334 2.59226 -0.737479 0
0.907261 -6.46486 2.07537 0
1.4506 -5.63818 2.92913 0
0.325901 -6.82417 -2.84402 0
1.32218 -5.13272 -2.81132 0
0.294578 -6.30824 -1.16415 0
0.935392 -4.49067 -2.27372 0
0.937728 -4.13611 -1.78202 0
0.383602 -4.49666 2.25803 0
0.671682 -2.66539 -0.55025 0
0.802412 -3.4195 2.08674 0
0.419424 -3.99448 -1.01273 0
0.781073 -0.373248 -2.72665 0
0.1255 4.80017 0.109687 0
0.210232 4.47549 1.14798 0
0.12501 -3.55516 -2.97226 0
0.410294 -4.76732 -0.381952 0
0.482373 -5.00386 -1.5347 0
0.387725 -6.13255 2.29557 0
0.836057 -5.93796 0.438211 0
0.545102 -1.33591 2.28208 0
0.318947 -2.09968 -2.99146 0
0.571981 -5.77852 -2.93946 0
0.283584 4.68682 -0.372746 0
0.377179 4.19167 2.06495 0
0.568805 3.17688 1.9829 0
0.505389 4.14771 0.495181 0
0.297788 2.36792 0.848466 0
0.497405 0.566826 -1.20245 0
0.267037 3.45741 0.575405 0
0.810271 -0.971749 1.77093 0
0.211671 -1.99822 0.69446 0
0.953331 -0.754143 1.23422 0
1.91936 0.13976 1.91957 0
1.97376 0.681118 -0.990054 0
0.171171 1.6213 0.0875823 0
0.310083 -5.92395 0.268524 0
0.379605 -5.50115 1.74876 0
0.149424 3.91737 -1.20914 0
0.466439 2.08784 1.40545 0
0.593203 -2.37196 -2.64276 0
0.604105 1.28798 2.76553 0
0.504916 1.56359 -1.54735 0
0.861764 1.18682 0.664444 0
0.456206 2.24709 3.04981 0
0.286249 1.90584 2.8159 0
0.112293 3.60608 2.94817 0
0.329043 5.16618 0.785425 0
0.506858 5.13522 0.303332 0
0.630921 4.80396 1.58904 0
1.08469 6.58881 -2.37987 0
0.89564 5.5512 -1.3837 0
0.166092 6.14934 2.97922 0
0.798033 5.5155 -2.33385 0
0.184439 4.65596 -1.10641 0
1.18191 4.26083 2.34511 0
0.227737 4.07429 1.24953 0
1.35142 3.52801 2.95451 0
0.131304 3.08015 -1.28547 0
0.20962 -0.200189 -2.88711 0
0.533235 0.526568 -2.84188 0
1.43295 -0.852504 -2.22931 0
0.246722 -1.99343 2.45208 0
0.513414 -0.358007 -2.2948 0
0.652149 -0.551765 -0.605161 0
0.818469 -2.57431 -2.574 0
0.135941 -3.41743 2.17088 0
1.06261 -1.96071 -2.56464 0
0.381093 -2.11361 -0.566579 0
1.27169 -2.99037 -2.79585 0
1.43022 -3.4462 3.07912 0
0.380384 1.13651 1.26206 0
0.140784 -3.32608 0.66272 0
0.275827 -3.17561 -1.06002 0
0.0759977 -6.66549 0.411535 0
0.0784994 -8.55587 -2.95459 0
1.13149 -5.41097 2.34954 0
1.07008 -6.04084 2.61118 0
0.614754 -5.25757 -1.75741 0
0.892215 -3.49812 0.364837 0
1.31088 -2.84284 0.870434 0
0.410224 0.766114 -1.22545 4.51230677752611e-08
0.202278 0.844638 -1.45842 9.72290827103263e-08
2.78593 0.197254 -0.98383 0.216405173525045
0.402031 5.80165 0.319804 0
0.183148 6.58055 0.853907 0
0.568514 -4.63998 0.0984901 0
1.42883 -4.35049 0.478736 0
0.138992 -6.36371 -0.10832 0
0.373218 -5.34232 1.81322 0
1.07653 -0.83663 2.50035 0
1.41912 -0.829793 2.32852 0
0.14238 0.773269 -0.20256 0
0.57193 0.840084 -0.365891 0
6.99085 0.500125 -1.09759 0.0916100028626212
2.46055 0.659642 -1.36031 0.41328683485703
2.01396 0.537795 -0.944032 0.30178162607981
0.312985 -0.911451 1.98251 0
0.0658439 -0.202232 1.68548 0
0.352336 1.99258 -3.13309 0.0294467196994378
0.384049 4.66999 2.91438 0
0.62296 4.35044 2.03999 0
0.217834 4.08178 2.97638 1.45030323223396e-07
0.775297 3.67381 2.5818 9.86291835876783e-08
0.186997 3.32157 1.54444 0
0.600345 2.82431 -2.88538 0
0.289061 -2.29178 3.00681 21.4771935343806
0.328088 -2.44109 -2.5528 0
0.178451 -2.95143 -2.54058 0
0.571052 -3.02788 1.41437 0
0.0908385 -3.31382 2.75 0
1.19402 -3.19719 2.97069 2.96770175435884e-08
0.440051 -3.199 -2.94216 2.06327117352694e-07
0.108035 -4.81669 -2.99006 0
0.105231 -4.24112 -0.209713 0
0.201492 2.17872 -2.30716 5.03123203571287e-08
0.0695633 3.45844 2.29971 9.30129847122041e-08
0.144775 -5.17807 2.31458 0
0.153231 -5.06117 0.290614 0
0.00818467 -1.38365 1.77174 4.34724062809185e-05
0.284848 -1.42704 2.06723 8.39417509119602e-05
0.13396 1.58529 2.10898 15.7949167114217
0.298253 1.52427 -1.15918 7.48315214133732
0.0737707 1.11756 -1.35496 10.5499102687875
1.05792 0.733876 -1.92984 0.969442746846475
0.185821 -0.0675808 -2.69737 12.2378012831904
0.42698 -0.638396 -1.33784 4.42564919635316
1.74741 -2.06615 2.13129 2.42749110728517
0.208114 -1.90826 1.97477 23.431647087942
0.0983672 -3.30164 -0.551163 12.4863429745949
0.149473 -1.09614 -0.258748 67.0213068246431
0.321666 -3.53911 0.0972565 11.0756860674374
0.736811 -3.18961 0.873778 6.84678145721372
0.336317 1.68154 -2.07557 0.11900433160068
0.23137 -2.32104 1.70743 1.51790933910208e-05
0.182641 -2.54394 1.74164 2.56383737136267e-05
0.306976 -2.92632 1.78539 13.6774917288317
0.738291 -2.50413 1.02604 8.6666234784805
1.4848 0.29222 -0.732622 0.0529729005605187
0.909982 0.639489 -0.174971 0.488163080004206
0.19015 2.08279 -1.66715 0.139258054058452
