0.862628 0.233435 -2.79457 0
0.283864 -6.29601 -2.21154 0
0.341304 -5.52836 -0.52219 0
0.480285 -3.99584 2.63372 0
0.549507 -3.86796 0.0665794 0
0.7369 -1.27049 -1.80636 0
0.263626 2.22403 2.81555 0
0.242139 1.85957 0.475039 0
0.339703 1.90229 -1.58479 0
0.387648 3.82782 1.65302 0
0.355059 4.09952 -0.197099 0
0.267684 4.39992 2.5379 0
0.569292 7.21058 -1.42764 0
0.377661 8.17734 0.645826 0
0.541333 7.96995 0.435832 0
0.300703 6.32109 1.19833 0
0.41989 4.26614 -1.19229 0
0.18674 4.49668 -1.9472 0
0.405882 2.49667 2.21116 0
0.540333 3.78955 -0.938087 0
0.516342 -1.01304 -0.382878 0
0.404334 -1.89327 0.873505 0
0.374516 -2.37002 -0.181863 0
1.09822 -2.55624 -0.0632989 0
0.749361 -3.18152 0.0271214 0
3.45636 -2.43301 -0.0151424 0
0.267375 -1.97137 0.716663 0
0.676128 -5.5753 0.844475 0
0.653424 -7.63554 -0.542674 0
0.0711904 -9.47873 -0.303181 0
1.62296 0.941457 3.13864 0
0.325001 -6.92097 -1.80005 0
0.216808 -6.47605 -1.69834 0
0.0188561 -7.50915 -1.12748 0
0.256308 -3.16617 2.81978 0
0.646016 0.881199 0.851659 0
0.0468852 -1.66598 -2.21916 0
0.280393 1.93696 -1.97464 0
0.161481 3.75215 -2.47352 0
0.348914 3.3491 -0.579829 0
0.333137 6.26656 2.83792 0
0.405986 9.36593 0.46633 0
0.341079 7.38648 0.297306 0
0.711456 6.32437 -2.17323 0
0.271731 -1.01881 -2.31838 0
0.135992 1.7918 -0.141 0
0.362632 1.95779 -2.6517 0
0.00753336 -7.24158 2.3736 0
0.611864 -2.47548 0.410298 0
0.543057 -6.56256 -1.9807 0
0.168711 -7.06013 -1.36056 0
0.508092 -6.9225 -0.923024 0
0.408349 -7.20862 2.24238 0
0.71716 -6.20879 3.03634 0
0.0777936 -9.0614 0.206095 0
0.0925129 -9.56694 -0.826628 0
0.545447 -7.09481 1.85588 0
0.424201 -7.34743 0.581292 0
0.881335 -7.99338 0.12288 0
0.114967 -7.71237 2.76279 0
0.0354709 3.05115 -2.79621 1.25767918859408e-07
0.0806973 0.854059 2.89161 2.22532749847572e-07
0.308503 -0.49689 2.34714 0
0.125341 -0.586559 -0.754382 0
0.304557 5.84649 -2.83646 0
0.062181 5.21546 -3.01118 0
0.643906 4.47829 1.20017 0
0.0374094 5.18455 3.11945 0
0.233977 -2.71925 -1.37687 9.63420026898977e-09
0.0103963 -4.24948 -0.0320902 3.76345331731369e-08
0.0949741 -3.26404 -1.88816 44.6479467839123
0.403588 -2.65527 1.83985 19.2642849795134
0.919065 -0.511568 2.07811 7.3312781550159
0.445785 -0.864697 2.60945 12.2915948252574
0.268722 -1.3015 1.74145 0.423685005690883
0.063308 0.318916 -2.33182 3.38013875808387
