84.6931 0.488589 2.3618 2.33529787653997e-14
1.34228 -0.968044 -1.69416 0
0.410777 -5.93998 1.84624 0
0.278325 -7.16797 1.45807 0
0.470086 -5.43395 -0.910902 0
0.471144 -5.54458 -3.11355 0
0.0905725 -9.33721 -2.36264 0
0.47862 -5.32441 -2.38232 0
1.42731 4.22439 0.611623 0
0.414492 4.44743 -0.249516 0
0.970657 4.51257 -2.59507 0
0.709039 3.3728 -1.98481 0
1.11424 3.62777 -2.55003 0
2.0939 3.84009 -2.42953 0
12.8443 0.867579 -1.16609 1.30643314224672e-13
20.7139 0.885182 -1.19612 1.29433348446174e-13
9.44693 0.893601 -1.16891 1.26451157615265e-13
7.03319 0.883064 -1.22636 1.31611743820984e-13
0.454358 2.20596 -1.37385 6.24216104963708e-14
2.6835 1.52306 -0.691856 1.96114250188741e-14
6.13066 2.02259 -0.44091 3.73860367527853e-14
1.66351 3.03381 -1.01798 0
0.314626 3.96355 -0.329602 0
1.27525 3.52456 -0.0553243 0
0.590726 3.1583 0.00669136 0
1.05263 3.33929 0.166674 0
1.05294 1.46689 1.29951 0
0.92369 1.83894 -1.25469 0
0.884049 0.123738 -1.94078 0
5.85473 0.453768 -2.29868 0
3.52656 0.501284 -2.19244 0
2.62865 0.554268 -2.38412 0
4.67244 0.593701 -2.44551 0
2.86534 0.708291 -2.4831 0
5.95042 0.571714 -2.46761 0
3.72574 0.31681 -2.48314 0
1.91495 -4.21884 0.568705 0
0.855367 -3.17016 1.82052 0
2.46379 -1.43601 1.68719 0
0.949724 -0.981953 1.43618 0
0.254964 -0.147741 1.76384 0
0.95475 0.556086 2.87603 0
1.65432 0.651063 2.81336 0
0.757698 -0.581489 -2.50203 0
0.896269 0.00117709 -3.00184 0
0.207111 -0.951443 -1.46017 0
0.416425 -0.222481 -0.615217 0
0.380706 1.5882 -2.25751 0
2.68225 0.949711 -1.22266 0
0.502924 0.862856 -1.74564 0
0.389973 0.673742 -2.94953 0
1.01154 0.67612 -1.56552 0
1.54832 0.469887 -0.193576 3.21305808545955e-14
0.438314 1.24034 2.14229 3.26771426753347e-15
0.0721682 7.02239 -2.75105 1.94932715321833e-14
0.424589 5.15183 -2.04765 1.96683960421777e-14
0.157343 5.58023 -0.0515079 1.95961262150858e-14
0.457498 4.99526 -0.35334 1.97542913590621e-14
1.80774 4.22472 -0.533456 2.01304151815196e-14
0.147114 6.69679 0.477869 1.94980574794057e-14
0.75005 5.77931 -0.256177 1.96042186011053e-14
0.380837 7.30839 2.69631 1.94703443181352e-14
0.316603 7.50594 -1.03185 1.95257626701658e-14
0.400718 0.423782 -2.82853 0
0.579762 -1.12598 -0.929501 0
0.648473 -5.88094 2.19133 0
1.1367 -7.26977 -1.53397 0
0.226667 -2.82857 2.78664 0
0.886644 -4.34768 0.804076 0
0.588255 -3.65289 0.371199 0
1.85011 -4.5794 0.529197 0
0.0871174 -7.96068 -2.13701 0
0.736811 -5.73106 0.925764 0
0.158417 -7.4513 2.42511 0
0.194596 -4.08605 -3.07415 0
0.469815 0.0782456 0.555354 0
0.625787 1.07931 2.06199 0
0.432036 0.751747 -1.07482 0
0.798782 3.58738 -3.02872 0
0.741101 5.16419 0.792293 0
0.38585 -6.02289 0.305931 0
0.601552 -3.57965 2.07087 0
1.07398 -4.08363 1.19497 0
0.374357 5.00817 -1.87253 0
1.03281 4.35584 2.12095 0
0.160037 4.27929 3.09707 0
0.416365 4.46753 -3.02258 0
0.512157 3.30664 -2.56787 0
1.98015 3.80751 -2.64674 0
1.18298 4.56963 -2.26324 0
3.37019 1.98854 -0.487216 3.31611012070997e-14
0.732713 3.05612 -1.76418 0
0.242809 3.00424 2.62534 0
2.24447 2.66245 -0.497312 0
1.09096 2.78123 -1.14319 0
2.06558 2.34118 -0.639974 0
1.6784 2.71161 -0.519278 0
0.0930663 3.65225 -3.06661 0
0.47345 2.47173 -0.588691 0
1.26199 3.2503 -0.753059 0
1.1977 2.95713 -1.63685 0
0.41763 2.83675 -0.531152 0
0.126614 2.24308 -0.615225 0
1.26529 1.80051 0.38883 0
0.953338 2.48714 2.31327 0
0.88864 1.68875 3.00272 0
0.652819 0.367568 -2.96015 0
3.62001 0.659153 -2.46448 0
2.08249 0.510409 -2.26224 0
0.456897 -1.46218 2.25273 0
0.605981 -0.788258 1.53754 0
1.14011 -1.33606 1.37102 0
0.422858 -2.12626 1.54115 0
0.840824 -1.72591 1.19914 0
0.945421 -1.58838 0.741991 0
0.637693 -2.57427 1.6594 0
1.3509 -1.19368 1.67927 0
1.13179 -1.05594 2.69194 0
0.370537 0.543573 1.71717 0
0.42524 0.601116 1.99349 0
0.196924 1.50956 -2.09557 0
1.50952 0.786449 2.34792 0
0.225536 0.843602 1.9401 0
2.7713 -0.111862 0.243639 3.12617646974025e-14
0.890107 -0.134118 1.79325 2.82769280243261e-14
0.126029 3.21482 1.31959 1.79940181681853e-14
0.613674 1.0652 1.06374 1.78529824476e-14
0.345386 0.854473 -2.88608 2.44274429466221e-14
0.564071 3.64482 2.62293 1.83696632152084e-14
0.756153 4.61988 -2.99848 1.93359426659369e-14
0.5635 4.63448 1.93444 1.9001595050684e-14
0.984359 4.17774 3.07335 1.90975274809385e-14
0.779771 4.91446 -3.02717 1.93657355485397e-14
0.212397 4.50174 -1.99673 1.98480292562491e-14
0.208817 4.60374 0.965565 1.92642179295256e-14
0.189228 5.11602 -0.753527 1.97854836622387e-14
0.400411 5.79568 -0.181733 1.95936023557106e-14
0.820322 6.43447 1.67178 1.94215639036314e-14
0.230805 6.94668 -0.278949 1.95317352984849e-14
0.54736 8.12222 -0.391564 1.95093658289432e-14
0.31996 7.16103 0.0118718 1.95157145494186e-14
0.543961 5.11563 1.63731 0
0.531255 5.30335 -2.11791 0
1.16129 4.93722 -2.42703 0
0.0979006 4.41428 -1.17196 0
0.237618 3.01114 -1.58738 0
0.185823 -1.41124 -1.82972 0
0.0176635 -2.23317 -1.80888 0
0.235886 -3.31668 2.09934 0
0.170588 -3.28711 -2.68212 0
0.412537 -6.21567 -0.694885 0
0.420623 -5.11638 -1.1877 0
0.21817 -6.8012 -2.88657 0
0.437887 -4.79003 -2.7064 0
0.296979 -6.59221 -3.07383 0
0.487708 -2.87313 -1.78173 0
0.93997 -3.89093 -1.05086 0
0.740672 -3.51751 -0.189075 0
1.34881 -4.28697 0.58588 0
1.22469 -4.42405 -0.250457 0
1.5633 -4.46457 -0.0451424 0
0.670626 6.3518 1.92117 0
3.05808 1.37926 -1.05576 5.14238624491039e-14
3.648 1.34987 -0.933976 4.64897133717205e-14
3.24267 1.74691 -0.779462 6.08039018169939e-15
2.04748 1.71581 -0.831412 9.20738335283317e-15
1.38656 1.87837 -0.848644 1.91323684999135e-14
0.428854 2.11328 -0.781188 3.40300896469517e-14
3.431 2.10564 -0.344105 3.57257810428223e-10
0.224476 2.77438 0.532563 0
0.519314 3.32682 0.200682 0
0.0204416 2.62313 -0.142816 0
0.701342 1.09916 0.930524 0
0.205809 1.99716 1.67017 0
0.164031 0.778726 0.858166 0
0.220228 2.00528 0.958345 0
0.0864227 3.73718 -2.35543 0
0.173049 2.88126 -2.71594 13.9485244625988
0.104782 3.67284 2.44877 16.0313508941641
0.273622 2.49157 2.82035 0
0.814604 2.64426 1.85835 0
0.146416 -3.95466 -1.23799 0
0.162728 -2.71845 1.5434 0
0.319758 -2.95292 -0.221822 0
0.101688 -4.82322 0.272118 0
1.07765 -1.26021 1.62832 0
2.53569 -1.55035 1.61465 0
0.11807 -1.71251 2.21397 0
0.481561 -1.91646 0.956567 0
0.455153 -2.23598 1.13795 0
0.137041 -2.98246 1.31814 0
0.107967 -2.97454 0.953155 0
0.350838 -1.41632 1.28781 0
0.653897 -1.32075 -0.985807 0
0.317032 -0.989887 -2.06249 0
0.480045 0.0241955 -2.43665 0
0.11778 -0.561725 -0.518171 0
0.4443 -0.337046 -1.36972 0
0.875923 0.124134 -2.06972 0
0.785123 0.227107 -1.81696 0
0.770443 0.18737 -1.34607 0
0.370327 -1.15391 -0.440604 2.91678079308291e-08
0.149295 -1.01029 -0.290727 5.12357843185628e-08
0.496915 -0.172175 0.952554 3.18352776550707e-14
0.0958583 -1.52416 -1.82702 1.3315686369994e-14
0.252469 6.67286 -0.0109828 1.95283905939038e-14
0.14683 6.37255 -2.39818 1.95202565996553e-14
0.758451 -2.10699 -2.74073 0
0.141704 -1.41053 -2.55099 0
0.262249 -4.80359 0.321272 0
0.150381 -3.52944 2.58146 0
0.0935251 -4.41638 -0.478187 0
0.827663 -4.42851 0.0438925 0
0.118651 -4.55303 0.387871 0
0.495543 -4.92868 0.977924 0
0.276617 -1.30722 2.63624 24.658594774923
0.488918 -1.90025 -1.42802 5.71870634639652
0.307277 -1.80494 -0.335225 9.97239007864711
0.107654 -2.48045 1.71131 21.0896504691566
0.478457 -2.54929 -2.90776 4.41846614703927
0.227751 -4.68443 -0.67352 8.33802847622136e-07
0.245697 -4.7774 -0.747148 2.28158738562455e-06
0.340183 0.604935 1.21634 0.0257884304211955
0.178218 1.19406 -0.569571 0.0325064775872807
0.329928 0.442998 2.9107 3.74489065156172
0.0466244 2.89047 -2.1268 3.22369800669303
5.91258 -4.52089 -3.04987 0.614814826057413
0.904734 1.87365 -0.777871 1.56948959538387e-07
1.56883 1.89336 -0.854548 6.61882556530536e-08
11.1095 2.08286 -0.332273 0.00656960458840684
1.72381 2.67297 -0.687429 0.769940471134233
0.14264 2.55518 -0.456965 10.3318644010782
1.06914 -4.06383 0.963888 0.169366724904855
1.98576 -4.14564 1.0576 0.136465387918436
1.77901 -3.95489 0.723199 0.0797108076405218
0.460389 -4.54264 1.13237 0.0465735894287126
0.228647 -0.541122 0.660952 0.0593988805290145
3.78761 -0.110933 0.50998 0.935977264227435
1.71329 -0.196529 0.763778 0.454748381306413
3.20191 -0.060509 0.61808 0.388911435933053
1.71616 -0.146766 0.550818 0.505922571936232
13.2273 2.10833 -0.35053 0.00621287868364514
1.4126 -0.526325 0.479455 0.597009715408651
0.367061 -4.77914 3.07724 0.342615450903756
1.58764 -4.88443 2.88367 0.493941500241799
0.333366 -4.28405 1.19172 3.97013465539993
1.05209 -0.237446 0.911466 0.211983608949563
0.839883 -0.358638 0.312608 0.277739439348424
