0.477258 -5.42875 0.817481 0
1.27543 -4.01335 1.6209 0
0.620891 -0.23729 -0.962252 0
0.231005 -0.0547716 0.0681079 0
2.13021 -1.05176 0.14781 0
0.393991 -1.49605 -1.71704 0
0.27777 -2.12728 2.42379 0
1.23001 -1.08952 -2.43198 0
0.625047 -3.505 2.49914 0
0.670562 -4.14836 0.868887 0
0.989183 -1.25552 -0.29498 0
0.623529 4.39904 -2.07142 0
0.365595 2.67978 1.74128 0
0.518053 4.88236 -1.61433 0
0.274659 3.23952 -0.978186 0
0.224017 2.61357 2.32308 0
0.446118 -0.323477 -0.988081 0
0.808056 -2.50327 -1.03313 0
0.349201 -4.21951 3.12623 0
0.155368 -3.92972 2.46828 0
0.566745 -5.06176 -1.29003 0
0.335451 -7.7873 -1.75811 0
0.263212 -9.90239 3.01227 0
0.693948 7.52 -0.866451 0
0.335001 6.10313 2.55719 0
0.893175 -0.122758 -1.14628 0
0.728844 -3.51701 0.484282 0
0.37819 0.837163 1.23939 0
0.520922 0.040124 1.0818 0
0.752721 3.13446 2.14795 0
0.208933 3.61956 1.14318 0
0.512129 5.88541 1.45225 0
0.155742 5.24707 3.06002 0
0.447522 1.69829 1.20511 0
0.649257 1.20629 -1.7213 0
0.831428 1.02213 -1.04695 0
0.0816895 -6.17519 -0.493582 0
0.265047 -6.54791 -1.7276 0
0.665444 -5.09598 0.735352 0
0.66597 -6.06535 2.73079 0
0.355895 -6.96042 -0.967686 0
0.811776 -2.12934 0.86275 0
0.228581 -3.13594 2.36852 0
0.271341 -1.06394 2.53567 0
0.315072 -0.795268 0.820694 0
0.645224 -1.26277 0.315323 0
0.801087 -1.21475 0.437266 0
0.404232 -1.08936 -0.830012 0
1.32774 -1.15927 -2.34984 0
0.0515914 -0.301132 -1.97366 0
0.682976 -2.07574 -2.13823 0
0.227966 -3.21941 2.92179 0
0.669659 -2.5019 -2.55152 0
0.163412 -2.34489 1.18764 0
0.14848 3.61935 3.02817 0
0.100633 7.79642 3.01513 0
0.535561 5.72856 2.75601 0
0.457965 0.206145 1.8678 0
0.582741 -3.98217 2.05829 0
1.25643 -4.5514 2.38165 0
1.67244 -5.27041 1.17478 0
0.437176 -6.85175 -1.45333 0
0.406104 -5.5587 -0.694061 0
0.239806 -5.51334 1.48401 0
0.096922 -8.43123 0.774038 0
0.234142 -6.75591 -2.25872 0
0.434357 1.54494 2.14684 0
0.376828 1.25326 -1.90248 0
0.38374 -1.79641 0.633149 0
0.263822 -4.30253 -2.7338 0
0.495751 -2.87456 -2.42623 0
0.330167 -3.56286 -1.67352 0
0.389454 -4.73992 -1.65533 0
0.191654 0.289224 0.928574 0
0.269627 -1.80662 0.880582 0
0.972159 0.112526 0.70584 0
0.560629 1.05465 0.864913 0
0.672102 1.60816 0.510688 0
0.503591 3.22481 1.6301 0
0.202012 2.16594 -0.405154 0
0.163974 4.99177 1.27307 0
0.67134 3.7217 1.93974 0
1.19734 4.20147 0.881324 0
0.638271 4.82812 2.90806 0
0.105159 3.81625 -0.051748 0
0.330334 5.96827 -2.55823 0
0.722193 5.84351 -3.07861 0
0.258982 4.53517 -1.00165 0
0.562426 4.90371 -2.90912 0
0.477045 2.58733 -2.43029 0
0.93076 1.79992 -0.718344 0
0.565138 2.1907 -1.56963 0
0.301894 -5.55261 0.907658 0
0.345657 -5.81057 2.26313 0
0.432075 -3.62923 0.655458 0
0.143862 -2.79043 1.2146 0
0.156839 -2.84148 -0.224407 0
0.270089 -3.60178 2.94165 0
0.493111 -0.604194 -0.61799 0
0.524203 -0.86181 -0.234858 0
0.131631 2.06156 1.86494 0
0.153765 3.18927 -0.222707 0
0.119786 -6.67856 1.96441 1.18742220297426e-07
0.2377 -5.99911 -1.87495 1.08138798371673e-07
0.282755 2.33166 1.40854 0
0.301252 2.07642 -0.28425 0
0.343076 -3.57363 -1.0781 0
0.265577 -4.03903 -0.368996 0
0.109782 -4.77321 -2.83176 0
0.0935437 -4.50293 -1.44585 0
0.444238 -3.69048 -2.3238 0
0.512563 -3.79201 -2.6122 0
0.237333 7.12791 -1.50021 0
0.205602 6.46538 -2.22439 0
0.132796 3.78195 -0.528944 0
0.266574 4.12524 0.781855 0
1.21562 -1.32033 -2.62642 10.5169754212434
0.248121 -0.839495 -2.57974 74.9812526435578
0.175736 -1.53908 -1.85137 3.59941905188593
0.429828 -2.54536 -1.81283 0.560759313055552
0.454309 2.15307 1.26927 19.0342859276593
0.239925 2.72615 0.0999991 20.5008315428779
0.313075 -0.376735 0.714858 16.9919354166827
0.182988 -1.64315 1.81205 11.6373143416638
