0.264262 -2.26082 -0.361177 3.17214413162876e-14
35.9956 -0.425999 -0.027636 3.41039197051299e-14
3.47994 -0.539904 -0.206487 1.59731169263663e-14
1.26128 -0.322742 0.346171 7.08467436341091e-14
0.203959 0.780877 0.234127 1.2982949254213e-13
1.27516 0.237004 -0.583858 1.06898347406007e-13
3.645 -0.10249 -1.44994 1.25432415389611e-13
5.59258 -0.191533 -1.23841 1.1360582830177e-13
6.75378 -1.26688 2.22345 4.09004632182409e-14
0.451967 -0.6717 2.62355 1.10968949569718e-13
0.354564 -3.14144 -1.68242 0
1.8032 0.608446 2.86028 0
0.145291 -1.80427 2.3056 0
0.76772 0.841035 2.92143 0
0.276317 0.163797 3.06915 0
0.308967 0.393165 2.79929 0
0.628622 0.545289 1.47553 0
2.31909 0.762091 2.48972 0
1.56621 0.609861 2.45485 0
1.86264 0.344072 1.99538 0
0.70923 -0.752927 -0.489777 1.89766802085034e-14
0.0943231 2.02527 1.55117 4.28486385352596e-14
0.535356 -0.0442446 0.533042 5.55015456225822e-14
0.517335 2.15777 0.0151413 5.27625706709858e-14
0.85355 2.0932 0.163257 5.30773124198266e-14
0.30753 3.84727 1.67239 4.21069642592911e-14
1.6289 4.8539 2.34642 4.19757239220865e-14
0.735596 3.80336 1.99739 4.14061806499602e-14
0.29056 7.89296 -2.71151 4.25707480398255e-14
3.07547 2.55478 -2.46444 0
2.49414 2.08002 -2.4184 0
0.156538 2.20579 -1.94359 0
3.02759 1.94158 -2.52151 0
1.65179 1.12348 -2.77586 0
0.536512 0.637679 2.76967 0
0.451775 0.415639 1.95444 0
0.427503 -0.476852 -0.611985 0
0.629147 -0.265731 2.70277 0
1.83493 0.183323 -2.58772 0
0.38037 0.946465 -2.92282 0
1.21155 -0.102468 -2.81068 0
1.34034 0.286945 -3.09308 0
0.303762 0.457746 2.26264 0
0.106213 -1.90106 -1.49026 0
0.185298 -8.83113 0.893954 0
1.50798 -2.21614 -0.223742 3.08775307641837e-14
26.3416 -0.443017 0.00225529 3.43233667816787e-14
8.584 -0.444496 0.0643679 3.87484816180343e-14
1.54656 -0.657866 -0.565356 3.9648960400561e-14
0.212637 -0.714884 -1.76132 1.22659472126612e-13
1.50805 -1.21213 -1.66453 1.58838514043308e-13
0.173658 -1.69634 -0.0368499 1.40218227877266e-13
0.243152 -2.38746 0.910915 8.98056727022015e-14
0.585609 -0.515456 2.22748 1.36142549994373e-13
21.6365 -1.13575 2.19452 5.55306681741942e-14
0.913485 -3.08572 -1.58729 0
1.19715 -2.87456 -2.85053 0
0.175513 -1.85669 -2.90759 0
0.477247 -1.37556 -2.30922 0
0.483178 0.302113 1.09924 0
0.340875 0.442275 2.53532 0
1.96075 0.682947 1.65271 0
0.862727 0.368495 2.2138 0
0.899704 -0.181736 -0.203699 4.15564482567834e-14
0.456827 1.44129 1.29473 5.01629901243588e-14
0.88991 3.29463 0.524983 4.54602598916002e-14
0.617311 3.48298 0.0961596 4.54988563169949e-14
0.272003 3.37639 -1.45092 4.36528886546928e-14
0.667343 3.61987 2.28941 4.05516654403216e-14
0.860255 4.34611 1.46363 4.25572390451257e-14
0.310843 8.12846 -3.1223 4.2572755395466e-14
0.132507 3.42091 -2.80271 0
0.313744 3.15255 -2.0809 0
0.283867 2.5874 -2.83046 0
1.4571 2.3635 -2.66394 0
3.11884 2.75564 -2.56097 0
0.456957 2.72447 -2.19054 0
1.37603 2.79606 -2.46478 0
8.7283 2.58365 -2.48625 0
0.5612 1.29277 -2.73606 0
0.165549 1.45279 -2.73815 0
0.522849 2.04203 2.30666 0
0.462233 2.56986 -2.59808 0
0.432993 -0.0182743 -0.170318 0
1.68399 -1.53587 0.520627 0
1.36406 -0.19452 -2.92333 0
0.289778 0.59225 0.299067 0
0.146553 -1.07155 1.70511 0
0.148117 -3.0499 2.0139 0
0.39807 -1.23986 -0.449748 0
0.377915 -6.10803 1.6118 0
0.216107 -5.97935 -2.17676 0
0.362391 -6.51582 -2.52698 0
0.965332 -1.83299 -0.0986418 2.4947877660127e-14
0.284106 -2.62653 0.430923 3.65605598823237e-14
2.39273 -1.51637 -1.78664 1.35181604334626e-13
0.756464 -1.45512 -1.74825 1.40220137833488e-13
0.0804449 -1.34131 1.08746 1.16240980113294e-13
0.25004 -1.33202 -2.34367 1.19264715878964e-13
0.459815 0.0892336 2.77521 15.2526237027739
0.620199 0.39216 2.40652 0
1.23473 0.3172 2.49778 0
2.05902 2.728 -2.49225 4.84990093310669e-08
1.29589 2.58718 -2.5551 1.13059617349602e-07
1.31406 2.63814 -2.51998 0
0.83921 2.41834 -2.27212 0
0.271071 2.56657 -2.15003 0
0.813844 2.0922 -2.36622 0
1.07114 2.06006 -2.52331 0
0.920303 2.09187 -2.37094 0
0.147444 2.47519 1.10969 0
0.393348 1.59804 -2.95739 0
0.498719 1.08238 0.920485 0
0.404706 1.6389 1.52718 0
1.08972 1.31203 -2.78873 0
0.553055 1.04585 -2.55062 0
0.16018 -0.837647 -0.557791 61.1243000779465
0.166774 -0.446009 -2.27352 0
0.643137 0.334088 -2.84409 0
1.48541 0.0935299 -2.95079 14.6281717471212
0.35122 0.610169 -2.78316 0
1.18328 -0.107681 -2.64397 0
0.473466 -0.664456 2.85483 8.48982225866171
0.0608564 -0.356699 -1.50023 76.06539065625
0.530073 -0.986633 1.32757 0
0.0945594 -1.72579 0.941131 0
0.0694354 -5.24987 1.57545 1.06658026075112e-08
0.126118 -5.25293 0.455716 1.83017435223193e-08
0.718742 0.603711 1.93746 5.61885708810715e-06
0.212116 0.674581 2.163 8.7243484067273e-06
0.273161 4.98296 2.06761 0.683187711493656
0.119063 4.39098 -0.297829 2.84137311470461
0.439627 2.23194 0.732118 0.0988562644714773
0.0819048 1.55979 0.194739 0.999716197480702
2.23298 0.433542 1.99342 4.03954493881826
0.387854 0.228471 1.76364 24.9707827889053
0.330487 0.511258 2.10679 1.39156064150992e-05
0.440778 0.450146 1.99854 1.63212775577926e-05
0.361916 0.171823 3.03485 0.194852051074686
4.19939 0.487858 2.75662 0.115286236689877
0.771402 -0.839003 0.660449 8.85148959304161
0.0367138 -1.69681 2.11883 90.833645364691
0.589348 -2.18375 -0.0576681 0.962723920182128
1.90386 -2.38597 0.257311 1.03781998150307
0.424788 0.291138 2.72376 0.0834699688933122
3.56188 0.402643 2.88291 0.0596524284516075
3.1017 -2.50407 0.178772 0.295139078797332
0.337445 -2.45723 0.0510733 2.33509108034189
1.3605 -1.97919 0.000334348 14.3682115762104
0.418044 -2.31342 0.401867 33.1164788323371
3.12967 0.268846 2.92562 0.122346609560711
0.379068 -0.0340221 2.67144 0.412883226397675
1.30532 0.452421 2.97036 0.18669795556285
0.802667 0.376726 2.19715 0.600964603899292
