0.853531 5.69077 0.533867 0
0.480245 6.32897 1.20372 0
0.745531 -4.47989 2.14093 0
0.351504 -4.04181 -0.366777 0
0.798235 -3.24307 3.09313 0
0.389704 -1.67565 -2.94224 0
0.621321 -0.817646 2.04666 0
1.05303 -0.921343 1.45281 6.61769238449892e-14
0.99912 -1.24402 2.61384 8.11018441482936e-14
0.601189 -0.61445 1.55375 8.63306092668048e-14
0.528673 -0.918829 -1.22814 8.53260873882814e-14
0.171005 1.97919 -1.7172 0
0.432148 1.78526 2.56356 0
1.5094 1.33834 1.16923 0
0.445237 3.29088 -0.261062 0
0.556332 2.67614 2.45702 0
0.419356 -5.24492 -0.4373 0
0.2604 -4.96539 -1.56254 0
0.424802 -4.93109 1.19505 0
0.846963 -3.11626 2.41562 0
1.02466 -1.98535 0.128201 0
1.045 0.419246 1.59786 0
0.746935 1.21576 1.24911 0
0.139334 2.1185 2.47607 0
0.0709374 1.42226 -1.03174 0
0.721631 1.27061 -0.150465 0
0.328191 -1.94818 -0.435827 0
0.534201 -0.698808 -1.03346 0
0.158857 -2.21756 0.160061 0
0.371298 -0.511363 -1.41679 0
0.397052 -1.09816 -1.65648 0
0.418002 -1.44898 -1.27506 0
0.284021 -1.24155 2.02625 0
0.272242 -2.20738 -0.499555 0
0.825017 -2.14709 2.42122 0
0.21988 -1.72095 2.4652 0
0.948632 -2.07873 -0.494458 0
0.643874 -2.86573 0.829275 0
0.167602 -3.94841 0.397834 0
0.9197 -2.77883 -0.485994 0
1.14906 -3.04184 1.59657 0
0.334203 -4.04011 0.852067 0
0.884431 -3.47012 0.778784 0
0.387519 -4.17522 2.79136 0
0.830926 -4.74234 1.02628 0
0.309051 -4.74707 2.8309 0
0.727726 -5.34251 1.59936 0
0.795787 -4.83864 2.0382 0
0.208451 -5.01071 3.04509 0
0.576024 -3.60188 -2.45153 0
0.691321 -2.62402 -1.96566 0
0.584903 -6.5638 2.88633 0
0.295593 -8.19574 0.0297862 0
0.615405 -4.65506 2.86048 0
0.203771 -6.32542 0.505127 0
0.782438 1.1828 -0.314231 0
1.01959 2.3128 1.83136 0
0.0539627 4.0737 2.76302 0
0.651514 4.31964 1.21667 0
1.21215 4.36576 1.10736 0
1.51034 3.93758 1.55048 0
0.271579 -0.280911 -0.452572 0
0.27952 0.105141 0.611696 0
0.578329 -4.6262 -2.00696 0
0.125392 -3.29397 2.78856 0
1.22442 2.94414 -2.52981 0
0.496657 3.74242 -1.77042 0
0.225153 5.44641 -2.55005 0
1.16091 3.34244 -1.89866 0
1.27914 6.19077 -2.1365 0
0.928652 6.90821 -1.94771 0
1.75477 6.6828 -1.00876 0
1.66783 6.95873 -1.43628 0
1.22157 6.33014 -0.625948 0
0.664414 6.8863 -1.52015 0
0.700166 4.89205 -0.856287 0
0.391106 3.7054 -3.04699 0
0.327277 4.71056 0.856452 0
0.516966 3.42968 1.90066 0
0.677308 2.7893 2.31077 0
0.528041 1.40734 0.64632 0
0.0965222 -1.21977 -1.45843 0
0.096992 -3.29086 1.91687 0
0.146406 -4.3777 -2.34913 0
1.20349 -3.03865 -1.60422 0
0.625094 5.54239 -0.230665 0
0.234216 8.13659 -1.37565 0
0.468059 6.73784 -0.646122 0
0.893771 -4.45966 -2.0446 0
0.306556 -4.09846 3.12878 0
0.51728 -4.90466 2.79975 0
0.722374 0.0219049 1.21495 0
0.333807 -0.396004 1.37791 0
0.779266 -1.51544 1.16757 0
0.522015 -0.216411 -1.04024 1.10039078006149e-13
1.3629 0.275312 -0.200063 1.12930373332176e-13
0.187682 -1.14177 1.8582 0
0.184128 1.63659 2.70442 0
0.359614 1.17004 -1.64268 0
0.0800772 1.64475 2.13302 0
1.52384 1.57805 -0.53269 0
2.54441 1.566 -0.749047 0
0.129408 -3.95484 1.52093 0
1.1235 -3.80572 -1.90435 0
0.394925 -5.02291 -1.73575 0
0.450358 -3.46918 -1.21054 0
0.791873 2.19617 2.82306 0
1.30455 0.555428 2.84361 0
0.217329 -0.514654 2.07301 0
0.645162 0.576463 -0.970825 0
0.327612 1.67129 -0.984151 0
1.67623 0.233595 -0.961318 0
0.643718 0.245391 -1.28235 0
0.867694 -0.18527 -0.337089 0
0.472182 -1.24599 -2.15323 0
0.105721 -0.40112 -2.73841 0
0.542537 -1.91424 2.23748 0
0.260245 -2.83143 -1.74615 0
0.772068 -2.03691 -2.70814 0
0.717839 -3.12355 -1.939 0
0.634212 -2.5876 -1.11024 0
0.433952 -3.23477 -0.0683496 0
0.669115 -4.0698 1.06608 0
0.323469 -5.04191 2.72694 0
1.27783 -2.69184 -2.29276 0
0.815577 -8.3613 -2.37466 0
0.190292 -6.99434 1.36143 0
0.286054 -5.32377 -0.0324074 0
0.174726 -5.50175 -2.67184 0
0.526673 0.360172 -1.90678 0
0.196665 0.470728 -2.26106 0
0.349959 2.60908 1.03477 0
0.31759 2.3842 3.12812 0
0.442568 3.24574 1.83704 0
0.16752 2.78391 -0.37215 0
0.231738 2.96476 -2.1055 0
0.345378 0.874374 3.03794 0
0.0984448 -2.93928 0.568809 0
0.26064 -1.19371 -2.86094 0
0.181453 -4.16478 1.81475 0
0.338624 -5.89936 1.04112 0
1.62722 2.38992 -2.08145 0
0.190369 2.85115 -0.879502 0
0.545129 3.19939 -2.75411 0
1.01283 3.81733 3.03279 0
0.431435 4.25926 -2.09498 0
0.165867 5.72134 2.04005 0
1.28933 6.34288 -2.33258 0
0.169266 6.72046 2.50143 0
0.239832 5.62159 0.905832 0
0.593553 4.77897 -2.37655 0
0.169738 4.08685 2.99979 0
0.270293 2.05359 -1.82363 0
0.154616 3.90164 1.53795 0
0.289811 2.60077 1.35808 0
0.889882 2.56144 -0.376649 0
0.194375 2.24284 2.74172 0
0.646594 -1.09414 2.60087 0
1.12785 -3.99918 3.05274 0
0.190715 -4.30132 2.85699 0
0.152629 -3.15103 0.302243 0
0.133363 -2.75537 -0.027842 0
0.199307 -0.584702 -0.368206 0
0.517126 0.00500503 0.358326 0
0.599388 -4.1953 -1.52259 0
1.00925 -4.48601 -1.38405 0
0.0751933 -0.205974 -0.135341 0
0.629748 0.247162 2.0229 0
0.199887 1.07711 1.02817 0
0.863478 1.1337 0.321922 0
1.002 0.83909 0.190445 0
0.0797791 2.45696 0.185589 0
0.143239 -1.72244 -0.369483 0
0.491508 -2.0752 1.57274 0
0.625121 -2.11514 -1.92096 0
0.334943 -2.30619 -2.65274 0
0.429921 -2.96383 1.07087 0
0.124518 -4.28058 0.845151 0
0.219152 -3.02912 0.92617 0
0.640754 -3.86005 1.3825 0
0.449068 -4.61247 1.45649 1.14423923022871e-07
0.433472 -4.7112 1.51844 1.84552629651436e-07
0.429235 0.507087 2.26991 0
0.405107 -0.0207584 2.56349 0
0.182057 1.69079 3.0229 0
0.380046 1.80025 0.25596 0
0.31393 5.00875 0.739477 2.72349405932567e-08
0.0960982 5.84626 1.02532 1.35863646565009e-08
0.167568 -4.7844 -1.55483 0
0.201853 -4.27203 -1.75306 0
0.0818124 -4.04464 2.54311 34.9012774220269
0.866402 -2.7212 2.75961 12.3639805804835
0.094149 2.99514 2.92499 11.3646783072034
0.516877 1.38015 2.4176 9.79632986316326
0.321996 0.0382935 -2.31211 8.91023607787116
0.566178 0.0259712 -1.32406 5.06213126844195
0.132998 0.298823 -0.714328 19.3950865557061
0.398725 -0.149618 1.20025 6.70775978808733
0.13045 -3.61853 0.550556 8.22346246351816e-08
0.303895 -3.69706 -0.414573 5.13351929529627e-08
0.210567 -4.21141 -1.1788 4.06504751537306e-10
0.0828947 -4.64097 -0.152048 1.37037306608807e-10
