1.11522 -1.62726 -1.49579 0
0.629965 -2.29636 -2.82096 0
1.80436 -1.59314 3.02066 0
0.995419 -1.24461 -3.02685 0
0.058574 -6.38291 1.79035 0
0.190601 -6.46137 2.52784 0
0.446942 -4.58294 -2.50644 0
0.579618 -6.76491 -1.56126 0
1.16053 -7.98206 0.109635 0
0.223223 -3.46219 1.11021 0
4.50268 -5.51254 1.91196 0
0.347338 -5.57979 -0.014489 0
0.382488 -2.79794 -0.635145 0
0.942082 -2.35823 0.789459 0
1.70865 -1.95826 1.24331 0
0.226076 -1.46707 1.80299 0
1.26958 -3.31814 0.268238 0
0.517521 -1.58977 -0.926427 0
3.05947 -1.50913 -1.17034 0
3.6506 -1.64685 -1.24822 0
1.56726 -2.04178 -1.43799 0
1.00321 2.33828 1.00898 0
1.4172 1.43862 1.08233 0
1.2496 0.992717 1.27527 0
0.750424 -0.455463 2.52102 0
0.798611 0.716513 1.0639 0
3.48811 -1.31431 2.6977 0
0.127439 1.14998 -0.729206 0
1.34335 -0.804467 -0.924446 0
0.0388798 -2.17827 -1.11488 0
1.06689 -0.577815 -0.516791 0
0.500743 0.65532 0.413969 0
0.63111 0.573008 -0.229304 0
0.263678 0.562047 -0.299347 0
0.475849 -0.291995 0.679479 0
1.16483 0.997767 -0.810327 0
0.509909 0.675442 3.07214 0
0.648714 -0.216745 -1.8391 0
0.849202 1.90337 -2.22873 0
1.78059 2.6664 -2.36076 0
1.81542 3.14996 -2.57396 0
0.648642 5.47183 -2.66195 0
0.232292 9.27738 -1.03068 0
0.234132 6.00997 1.48114 0
0.323716 7.05415 2.37788 0
0.467255 1.1564 2.28833 0
0.205394 2.44872 -0.114114 0
0.351122 1.80486 -2.50252 0
0.395884 -2.75044 -1.40288 0
0.704428 -2.79463 1.0099 0
0.946459 -6.00298 2.21998 0
1.80464 -3.02313 -0.879974 0
0.620154 -2.84116 -0.310668 0
0.869095 -2.28125 -2.61867 0
0.607636 -2.06821 -2.89271 0
0.566345 -1.1793 3.11985 0
0.501524 -1.42357 1.65363 0
0.472897 -5.53933 3.11175 0
0.269293 -6.88737 -0.100022 0
0.663089 -3.77664 2.16945 0
0.191265 -3.37408 -1.87013 0
0.742607 -4.10087 1.71441 0
0.519686 -5.1399 1.76625 0
0.124463 -6.00408 -3.05326 0
0.26344 -6.0642 1.7783 0
0.201976 -4.26906 1.29477 0
0.267885 -1.04333 -2.30797 0
0.503858 -2.42245 2.69636 0
0.21337 -0.81968 -2.14035 0
0.135848 -0.717797 -1.17668 0
1.00531 -2.85682 -2.21974 0
2.65439 -3.32524 -1.40512 0
2.22714 -3.49642 -1.41246 0
1.48046 3.39861 -1.0374 0
0.967672 3.35248 -0.710085 0
1.70748 3.34752 -0.386735 0
0.657223 3.2989 -0.373092 0
0.587662 3.10495 -0.880374 0
0.0999902 2.18515 -2.3909 0
0.545166 2.87263 -0.150458 0
0.27101 2.09172 0.460272 0
1.08606 1.91539 1.06241 0
0.0618915 2.12439 -1.16313 0
0.284841 -1.23394 2.32804 0
1.03432 -1.51862 -2.94139 0
0.914457 -1.81723 2.55742 0
0.27269 -0.686977 1.79739 0
0.352226 -1.70675 -2.13454 0
0.435152 -0.646342 -0.0963094 0
0.519914 0.00856801 -0.917967 0
0.185473 1.18357 2.31649 0
0.867405 1.50892 -2.7131 0
0.133769 1.61674 1.15447 0
0.200532 2.54923 1.84268 0
0.993519 2.99094 -2.80433 0
0.32558 6.53972 2.63869 0
0.358213 7.49158 1.73105 0
0.91681 7.59493 -0.214252 0
0.475983 6.99034 1.81432 0
0.191253 6.66374 -1.50081 0
0.454399 -1.36083 -2.0722 0
0.1828 -1.89226 -0.876888 1.40806260882748e-10
0.987132 -3.6235 1.9196 1.70269731543519e-07
0.695093 -3.92586 1.86858 1.58889732240352e-07
0.109043 -3.58274 1.73512 0
0.536368 -3.89594 2.25753 0
0.956974 -5.10925 1.61197 0
0.483369 -5.72977 1.50379 0
0.121726 -6.21328 2.46294 0
0.516041 -5.90093 0.372781 0
0.601907 -1.13656 0.696412 37.9274480599451
0.581669 -1.76908 0.859464 0
1.63733 -1.76454 1.30794 0
1.36443 -3.80882 1.16696 0
0.182948 -4.41644 0.998021 0
0.145652 -3.42066 1.91606 3.80667160433482e-08
0.199117 -2.88786 1.00965 6.6109786443596e-08
0.187596 1.31224 1.71 0
0.276026 1.07577 2.28504 0
0.0157384 -2.41152 -3.10916 3.39325360999657e-09
0.393605 -1.18026 2.65495 5.3062857863682e-10
0.988616 -1.68341 2.76994 0
0.47707 -2.00073 3.08918 0
1.6971 -1.36224 2.84486 3.88790357226604e-08
0.959728 -1.09064 3.05724 9.04944360959495e-08
0.33219 0.0999714 2.552 0
0.284725 1.2139 2.97026 0
0.409971 2.56066 -2.38634 0
0.136835 2.73629 1.82003 0
0.133542 6.26427 0.0680911 1.30553023114547e-07
0.176267 6.381 -1.70775 1.6638173015716e-07
1.07349 -5.50232 2.75304 0
0.18259 -5.84724 1.75814 0
0.698516 -1.88468 -0.585772 22.3901424582298
0.240068 -2.17281 0.37409 49.4847307343799
0.175747 1.94329 -2.7046 2.62194519056796
0.324028 3.13377 -2.67477 0.443128284972345
0.181117 -2.3533 3.02703 0.0289175510024155
0.0115109 -1.89613 -2.25243 0.700049135177699
0.0382775 3.22862 2.39674 28.4717482696464
0.853288 2.21547 1.74034 3.48274191706246
1.20502 -1.95673 -0.534093 0.0660607869596799
0.943568 -1.54116 -1.88669 0.205524751411251
1.73131 -1.49278 1.22981 11.0072376890214
0.277272 -1.84875 1.19635 29.5035384731293
0.356229 -0.780059 -2.87505 0.0517042620658413
0.451174 -1.45552 -3.13995 0.0166521846512482
0.24951 -0.965358 -2.52384 0.044646937576185
0.162949 2.08192 3.08812 9.08855642083783e-06
0.0839083 2.07472 3.09549 9.2784372260288e-06
0.239048 7.80771 3.0189 0
0.387242 8.54397 0.389378 0
