55.5209 1.67191 -1.76898 1.18009710430712e-13
0.838308 -8.23349 -1.45653 0
0.376207 -9.21037 2.56413 0
0.959187 -3.61602 1.71705 0
1.83457 -3.93946 1.27905 0
0.204582 -4.28482 1.68435 0
1.40537 4.4212 2.5162 0
19.8309 3.21538 2.8511 0
4.1244 3.05007 3.05614 0
2.06064 2.88455 3.01995 0
0.825779 2.40271 2.86989 0
0.676412 -4.4532 1.06976 0
0.29236 -2.63457 -1.99022 0
3.68656 -5.92268 1.12178 0
2.32791 -5.92924 0.97549 0
0.318293 -0.544493 -2.31011 0
0.590388 -1.78969 -1.5583 0
0.20014 0.860795 -1.81754 0
0.288923 -0.51746 1.1293 0
0.784648 0.912745 1.39835 0
1.02904 1.78284 2.89569 0
0.383846 1.37145 1.67658 0
0.232356 3.5445 -2.04152 0
0.548497 4.56199 -0.517525 0
3.06126 0.932381 -0.427014 1.13629447465578e-13
0.18547 0.765404 -2.42578 2.41442399417391e-13
0.703462 1.39857 0.0694596 1.55967251890327e-13
0.849355 0.752573 -0.127196 1.79208814495746e-13
0.107814 2.82926 -2.09498 1.58366638254803e-13
0.20472 2.2428 -2.24119 1.60423256556039e-13
1.03514 3.85889 -0.216552 1.6262166052025e-13
0.450266 3.677 1.9343 1.82001060646825e-13
1.1264 3.3076 -0.277256 1.56593968980799e-13
0.541245 5.10035 2.26025 0
0.434431 6.14514 -1.82698 0
0.255201 4.3914 -1.92228 0
0.306373 6.4401 -2.37894 0
0.186133 4.38277 -0.666054 0
0.439437 2.1266 -0.577896 0
0.134693 0.879756 2.73737 0
0.240299 1.99852 1.11297 0
0.204812 1.56059 -0.633694 0
0.145066 -3.76297 0.770578 0
0.511027 2.544 -2.97253 0
0.102977 2.08114 -0.915625 0
2.35137 1.09576 2.00691 0
1.92604 -0.122796 -2.8831 0
8.28004 -0.706979 -2.60903 0
8.93567 -0.694804 -2.61731 0
0.615306 -0.969164 -2.27473 0
0.507854 0.276587 0.163669 0
0.532024 -0.264679 -0.422112 0
0.861875 -0.52841 -1.13204 0
1.15046 -0.331628 -0.506234 0
0.430994 -0.495117 0.557923 0
0.361486 -0.17596 1.96786 0
0.672609 -2.26339 1.89865 0
0.398787 -2.36655 -2.88467 0
0.365679 -2.44356 -2.72455 0
0.576097 -6.58791 0.507358 0
3.02286 1.41406 2.79306 2.02032573573958e-13
0.823215 1.45542 -3.07842 2.21179903199111e-13
0.528072 -4.22534 1.59126 0
2.1098 -3.60285 1.44917 0
0.476014 -3.92568 0.00843241 0
23.7346 3.2072 2.81547 0
0.771248 3.34299 2.76139 0
0.177335 3.32233 2.22679 0
0.328816 -4.45679 1.45607 0
1.0726 -5.97686 0.862388 0
0.866522 -3.19118 -0.410801 0
1.68471 -3.103 -0.537686 0
0.0995872 -2.22291 -0.388827 0
0.187649 -2.01068 -0.695483 0
0.306701 -0.689704 -1.01974 0
0.33541 -1.07717 1.62971 0
0.313872 -1.10592 -2.74125 0
0.187852 -2.03593 -2.28612 0
0.269567 0.545926 -1.82761 0
0.308588 0.129674 0.562946 0
0.719582 1.56412 -1.10579 5.77906688030517e-14
0.134747 1.29065 1.21612 2.54258607225335e-13
0.671873 2.60671 -1.02682 1.31608738124851e-13
0.254354 2.41877 -2.75702 1.8277031343041e-13
0.658082 2.04388 3.13029 2.08821080277201e-13
0.200914 3.07284 0.955781 1.79745633133856e-13
0.945322 5.43149 1.72643 0
0.780483 4.96386 1.15054 0
0.392534 4.67704 1.8551 0
0.360028 4.33009 0.919873 0
0.219548 4.36853 -2.58024 0
0.186074 6.5749 0.0544633 0
0.65182 5.02167 -1.39471 0
0.406198 5.18211 -2.72336 0
0.362084 5.83241 -2.79981 0
0.0930554 8.18914 -1.17667 0
0.178409 1.48657 1.86086 0
0.390952 -0.287902 1.64268 0
0.268211 2.53085 2.36717 0
0.238908 3.84821 1.18979 0
0.513265 2.63573 2.49126 0
0.461397 3.02252 1.26922 0
2.84186 1.35592 2.11788 0
0.688756 0.391942 2.87024 0
0.279948 0.266058 1.80399 0
2.27013 -0.687968 -2.31705 0
1.8876 -0.50599 -2.70637 0
0.119306 0.510116 -2.13878 0
0.436067 -1.5195 1.70712 0
1.16139 -1.66404 1.35493 0
1.35395 -1.74565 2.82529 0
0.363281 -0.603989 1.83933 0
0.213157 -3.22446 -2.95989 0
52.1243 1.53032 0.893068 0.115642876075561
0.108488 -6.34581 0.850799 0
0.315996 -6.78333 1.33692 0
1.53278 1.04914 2.97237 0.119092361365209
0.421051 -3.25314 -2.02181 1.13276425079662
0.502678 -2.87468 -0.507174 0
0.114844 -3.52057 -0.284507 0
0.148902 1.12758 2.48524 0
0.163862 1.87705 -0.445457 0
7.78778 0.661346 -0.608833 0.0747739156133957
9.26197 0.642322 -0.590369 0.0712149274482492
5.47214 0.749338 -0.567544 4.29631035952532
0.873043 0.819507 -0.457558 25.4998122204435
0.31525 2.66127 -2.16857 1.59138418754024e-13
0.0344767 4.92194 -1.15882 1.66247000737447e-13
0.340688 -0.237047 -1.68112 0
0.322391 -0.278395 -0.749233 0
0.712543 2.83777 2.21394 0
0.249587 3.2335 1.25521 0
0.0860171 3.97836 1.73246 0
0.564306 2.20203 -2.85146 0
0.120493 3.1758 0.672792 1.45249717281007e-09
0.125154 2.17716 1.22053 1.02685650001088e-08
0.106672 2.16562 2.43387 4.09970316601299e-08
0.577326 1.04747 2.47461 1.96437133726442e-08
1.25817 1.32358 1.83555 0
1.8576 1.3146 2.11283 0
0.0975509 1.69448 -2.87373 2.76371236794292
1.03151 0.54309 1.89535 0.320700861889946
0.433701 -0.249171 -2.92322 0
0.113678 -1.18215 -1.77438 0
0.290155 -1.30784 -1.0634 0
0.170903 -0.682657 0.328268 0
0.213316 -2.53707 0.567106 0
0.0296286 -2.70076 -1.22865 0
0.0241307 -4.80577 3.03872 6.82943435744991e-08
0.202748 -3.2357 1.83503 5.40973883072448e-08
0.907722 -3.22668 -2.23461 0
0.192129 -2.98683 -1.28774 0
0.695451 1.09581 -0.670933 1.76025691612132
0.720601 0.538162 -0.547551 2.45792444866358
0.31251 2.74093 3.06063 26.0997237528256
0.608935 2.58068 -2.27109 15.7638974156805
0.756468 3.22522 1.97723 7.65061583687998
0.449421 3.29718 2.68642 11.9704549760695
0.711812 -0.830068 -3.13906 4.82910776523805
0.517983 -0.76233 -2.4559 6.94705566307576
0.315944 -0.943069 -2.70427 8.34157350174303
3.35155 -0.893809 -2.6122 0.829022078357702
0.625283 -0.997909 -2.36607 17.8482000453756
0.116458 -2.04925 2.88539 37.4729207481774
0.0255443 -1.66368 -2.57426 8.2412614258271e-06
0.359976 -1.68918 -2.58863 6.3951049365271e-06
0.159988 2.95027 -1.3956 21.2047966223095
0.286683 2.75833 2.39201 14.274938993483
0.204385 0.7157 1.80579 73.7516860557141
0.470617 1.68304 2.20038 14.6174908890845
0.62808 0.00654423 -2.98917 0.391103269456587
0.111255 -0.767882 2.10255 1.69312624391087
0.139168 -2.5249 -0.802323 9.02149051252616
0.134196 -0.518143 -1.33539 51.5008225089155
3.37322 0.660434 -0.610594 0.0813026988515507
1.20458 0.676361 -0.612051 0.109741732995532
2.79698 0.662937 -0.656097 0.267864666537288
4.65116 0.685941 -0.549059 0.200669580622402
6.31383 0.714518 -0.563947 0.245915779150069
15.1054 0.665067 -0.615938 0.109517783615182
1.49043 0.516863 -0.580925 0.626756142446076
5.9541 1.22427 3.09088 0.00496391249584531
