0.527226 3.81446 -0.756546 0
0.233002 -1.82492 -1.45043 0
0.418778 3.68889 -2.14999 0
3.85906 2.4207 -2.29584 4.66416087932101e-14
10.4918 2.60954 -2.34003 4.8009697605444e-14
6.4427 2.73163 -0.695838 0
4.39578 2.76705 -0.791093 0
0.137687 2.97656 1.22791 0
0.248839 3.16186 -0.369595 0
0.479116 4.58995 -1.50391 0
6.20175 0.897456 -1.28987 6.45939873027924e-14
2.43426 1.41254 -1.81084 3.82801394638239e-14
7.81203 1.30179 -0.129617 7.57785117758694e-14
0.886398 2.11397 0.92993 8.05746444757265e-14
0.566961 3.84798 -2.7711 0
0.353868 2.73543 1.87742 0
2.19611 4.4743 -0.0477349 0
2.27661 5.07952 -0.484768 0
0.0887474 10.6628 0.73604 0
0.841199 -0.30017 2.86431 0
0.773049 -0.260258 -1.02378 0
0.816921 -1.45516 -1.38113 0
0.85761 -1.95013 -2.57895 0
0.699805 -2.75044 -2.33027 0
0.0670722 -3.59303 -1.55241 0
1.16764 -2.03004 -1.79701 0
0.327586 2.48526 1.86114 0
0.351734 -3.33633 -0.750447 0
1.82686 1.00265 2.03883 8.37633247021127e-14
1.56917 1.40637 2.14145 9.49753123154484e-14
5.76269 1.21215 2.03793 8.73480265750636e-14
1.27035 0.295237 1.30139 2.80131881908227e-14
1.15565 0.610125 0.541933 7.23642086189776e-14
1.17116 0.458333 1.17907 9.85486329086307e-15
0.852037 0.461528 1.7595 5.82891845602512e-14
2.95544 0.358903 1.03033 3.05133291135979e-14
5.98516 0.0944784 1.56615 6.3393730539592e-14
1.05126 -1.88377 -1.95413 0
0.93443 -2.35195 -1.79222 0
0.235068 1.50556 0.450456 0
0.659457 0.628081 -1.49837 0
0.301788 -5.22291 -1.57296 0
0.46037 -5.43619 1.35293 0
0.266721 -6.30937 3.08816 0
1.92839 -3.72802 0.0875752 0
10.4618 -3.82658 0.127578 0
5.7886 -3.76562 0.0866636 0
3.23953 -3.76542 0.139674 0
1.52816 -3.27178 0.0687302 0
0.714242 -5.73417 -1.21412 0
0.214055 -5.21736 3.08305 0
0.762907 -3.27203 2.90461 0
0.644085 -3.30106 -1.27431 0
0.525663 -2.81211 1.91568 0
0.391466 -3.60709 0.717944 0
1.28939 -2.11066 1.36306 0
0.914242 -0.73229 2.05977 0
0.436387 -0.562239 0.325315 0
0.83306 0.0824674 -0.154141 0
0.508969 -0.0523534 0.512099 0
0.549351 0.101013 -0.0805739 0
0.48017 6.5584 3.06352 0
0.311165 3.89565 -2.7051 0
0.187581 -6.96216 -3.10577 0
0.36143 -3.82735 0.77523 0
0.546606 -6.54336 -0.867968 0
0.4553 -6.88137 1.13207 0
0.121184 -6.27057 -0.316154 0
0.782116 -5.09884 0.50034 0
0.103564 -5.30363 -1.02295 0
0.167317 -5.8987 2.684 0
0.164051 -8.46388 1.34579 0
0.747935 -3.78253 1.89831 0
0.873928 -5.21733 2.00255 0
0.527888 -5.72097 -0.00797358 0
0.240317 -1.50388 2.34609 0
0.427896 0.705915 -1.79724 0
0.603959 1.74845 1.47371 0
0.606265 4.0142 2.1286 0
0.225994 5.27318 2.28035 0
0.224159 5.40976 0.890217 0
0.227436 6.44265 -2.86403 0
0.907957 5.06329 0.404297 0
0.284714 4.72297 1.28862 0
0.0771449 4.20996 -2.56154 0
0.538703 3.10202 0.672568 0
0.0341498 1.80925 1.82368 0
1.0577 2.01947 2.56743 0
0.551048 0.97965 -3.03107 0
0.267076 2.61094 1.6725 0
3.54114 0.937386 3.0952 0
0.663124 1.40663 3.09082 0
6.05172 0.858828 2.96023 0
6.95367 0.909031 2.96303 0
5.04742 0.987463 2.99109 0
1.95375 1.01573 2.83977 0
2.00815 1.07474 -2.97866 0
0.755334 0.865877 -3.03328 0
0.851514 0.210047 2.15103 0
3.26984 0.665981 2.69128 0
12.092 0.639075 2.66505 0
1.80174 0.914963 2.95743 0
0.550445 0.53272 2.94035 0
0.988582 0.929591 2.78657 0
0.338713 -0.0795463 1.32264 0
0.79693 -3.48681 1.55033 0
3.89599 2.60244 -1.06644 0
0.298463 2.5733 -2.0783 0
5.43148 2.73969 -1.33723 0
0.27789 2.9706 -0.482622 4.50947438637626e-14
0.44665 3.25262 -0.773462 0
2.15728 2.82745 -0.803491 0
0.637449 4.35854 -0.623224 0
0.209335 4.10402 -1.29614 0
0.149641 3.46464 1.49993 0
1.03868 1.669 -1.54509 1.52188554271888e-14
7.07397 1.27864 -0.0753752 7.95830806149956e-14
3.08078 1.42235 -0.187864 6.69737575559845e-14
3.58358 1.26305 0.0651067 8.67571076408185e-14
1.5226 1.02526 0.451088 1.15958269406225e-13
0.0906896 1.84708 -1.76661 2.59981496127942e-14
0.483164 0.691848 2.15832 1.53150040916838e-13
0.315338 2.75156 -0.456752 4.37405104921094e-14
0.663622 5.5759 0.853815 0
0.176494 7.64945 -1.99199 0
0.630123 8.16577 -0.00054598 0
0.367087 7.10127 -0.995212 0
1.83531 -0.370136 -1.79791 0
0.590736 -0.202321 -2.83709 0
0.523418 -1.27766 -1.42788 0
0.223945 0.22126 -1.19664 0
0.507385 -0.867004 -0.998429 0
0.155269 -1.8307 3.08416 0
0.89445 -2.59596 -2.93371 0
0.747857 -3.67645 3.03849 0
1.50465 -3.13303 -2.58576 0
1.17789 -3.80442 -2.98125 0
0.247809 3.89956 1.95274 0
1.05166 3.50774 -0.0327249 0
0.43197 3.64543 0.370302 0
0.304445 1.94898 -1.32576 0
0.532385 2.42855 0.92905 0
0.490877 -0.471009 0.281091 0
0.224129 -2.6654 -0.989573 0
0.473477 -3.4572 1.18985 0
0.153737 -4.54907 1.5084 0
17.9833 1.28779 1.9915 8.67560057152135e-14
6.48196 1.23751 1.96509 8.44213597316418e-14
1.73103 1.50015 2.06233 9.36307838514603e-14
1.67121 0.426331 0.964904 3.28160933724662e-14
0.5801 -0.0725758 1.85318 9.4815101077136e-14
0.803583 0.170936 1.71729 6.85159675740422e-14
0.299682 -2.58908 1.95325 0
0.203269 -2.18633 0.649142 0
0.387553 0.492186 1.0313 0
0.747821 -0.727847 0.831588 0
0.302628 -0.105003 2.22596 0
0.554796 -6.09469 0.904246 0
17.5903 -3.78147 0.133043 0
4.13405 -3.71663 0.166649 0
1.58716 -3.82694 0.0662855 0
0.180786 -5.20181 -0.672278 0
1.60157 -3.66525 -0.0793406 0
0.296799 -3.5967 1.2659 0
0.375193 -3.8041 0.168981 0
0.805078 -4.50683 -0.93305 0
0.667171 -4.56915 -1.73164 0
0.544507 -3.58215 1.1425 0
2.08066 -1.79925 0.288331 0
1.29683 -0.621906 1.44205 0
0.224895 0.78427 0.445017 0
0.163554 4.8875 2.32147 0
0.293482 1.45658 -1.11565 0
0.363424 -2.47403 -0.385319 0
0.36142 -0.543623 2.249 0
0.497969 -1.43152 2.84322 0
0.379566 -6.72359 2.14236 0
0.153226 -8.53112 -0.877261 0
0.922034 -6.68914 1.67759 0
0.273682 -7.62171 0.630537 0
0.357106 -6.27016 1.94348 0
0.398702 -5.89796 -1.62223 0
0.3247 -2.7559 2.93219 0
0.671045 -3.05714 2.69353 0
0.159905 -2.37072 0.756854 0
0.570706 -2.51522 1.01295 0
0.177825 -2.66182 -2.4536 0
0.41905 -1.52063 0.791364 0
0.39981 -0.908866 0.121296 0
0.298622 -0.566265 2.8326 0
0.617129 2.44332 2.78603 0
0.280656 7.18512 2.55271 0
0.166928 2.75342 -0.971667 0
0.0698087 2.60184 -2.66036 0
9.85686 1.07503 -3.14105 0
2.29327 0.834949 2.85125 0
7.62791 1.06419 3.04032 0
10.3486 0.967996 2.93354 0
5.36294 0.974481 3.02885 0
11.3829 0.984127 2.91496 0
0.632921 0.984915 -3.00152 0
2.07341 1.27073 -3.0986 0
1.00142 1.21552 -3.10101 0
0.931439 0.906493 -2.76032 0
0.30952 0.835102 2.54979 0
3.44717 0.432107 2.63486 0
0.858723 0.517503 2.44008 0
0.756705 0.400446 2.60986 0
0.259725 2.02873 -2.96316 0
0.317849 1.65507 1.50435 0
0.922604 0.268051 2.75751 0
0.1958 -1.97603 0.673393 0
0.270042 -2.84367 -0.0586198 0
1.52293 1.42478 -0.151701 6.8571162077714e-14
3.65562 1.26088 -0.0177854 8.3208313368333e-14
1.86407 4.87008 -0.225822 0
1.75958 4.67109 -0.220883 0
0.0754811 4.69788 -1.20813 2.93220101923915e-05
0.0104696 5.81506 -2.91943 1.69368711913609e-05
0.140818 -1.05676 -1.58337 0
0.723307 -0.107875 -1.7019 0
0.409785 -1.81905 -2.74594 0
0.200235 -2.49312 -2.23622 0
0.0888425 -2.86584 -3.03838 0
0.11153 -3.24594 -1.33134 0
0.597385 -2.33022 -1.86855 0.721798610992734
0.510691 1.04495 -1.40933 3.36766278926698e-08
0.953831 1.31028 -1.20008 2.54773159332626e-08
0.184596 -0.646217 -1.53101 0
0.0589608 -0.641328 -2.6425 0
0.574027 -3.59717 -0.108165 0
0.586918 -3.93046 -0.139281 0
0.374271 -4.45649 0.427437 0
0.405942 -3.34662 -0.062241 0
0.271015 3.35078 -0.663499 0
0.0676176 4.4119 2.44561 0
0.300309 1.96845 0.846927 0
0.241918 1.16678 2.2496 0
0.0423283 0.5989 2.44535 0
0.153728 1.78736 2.7782 0
0.215036 -1.57776 -0.037233 0
0.397124 -1.02671 -2.02414 0
0.252384 -5.22143 -0.0686444 0
0.133632 -5.04419 -0.944205 0
0.0420554 3.79442 0.71904 0
0.233997 4.06933 -0.649928 0
0.719663 2.12402 3.06446 0
0.223371 2.28075 3.05384 0
2.66475 1.05044 -3.13488 0
2.51518 1.01088 2.99139 0
0.0839169 1.14233 -2.95724 0
0.322714 0.606471 -2.27301 0
5.49705 0.574532 2.73029 1.58525167315331
0.852455 1.15356 2.8474 7.96800936402116
0.165816 0.317323 3.11211 1.73491680256472e-07
0.453363 0.368509 2.61854 2.30273650264006e-07
5.11715 2.87111 -0.687144 0.331355943805812
0.685098 2.76533 -0.791203 2.7418578355104
0.728524 2.58027 -0.554341 0.906475652705742
0.0291472 3.99814 -1.86184 5.5284632917321
1.06147 -1.13575 -1.59129 18.3224852093623
0.661297 -1.57596 -1.80285 20.0086043386519
0.236026 -1.51719 -2.39089 64.2507985559658
0.385144 -2.59147 -2.29031 13.936967537395
0.189518 0.797209 0.136326 9.28594579898657
0.238225 0.969164 2.7092 6.53436961756815
0.161436 2.7116 -2.89655 14.8218098007553
0.360945 1.50561 -1.72073 21.1946678049493
3.13538 0.809834 3.12656 4.75495707855413
0.528845 0.825462 2.89092 27.8342763026025
0.751266 0.768421 2.18203 7.09602358881218
0.0782171 1.96355 3.07885 24.6207441380562
1.49031 0.951493 -1.48875 0.0538421988177914
2.26574 0.963523 -1.49052 0.0545927277317267
17.4032 0.125832 1.58804 0.0204135797226217
2.22433 -3.20793 -1.6241 0.108384053480543
1.16512 -3.08782 -1.99459 0.115930822702795
0.341898 0.872499 -2.09609 8.22959455006197e-08
0.825802 0.812454 -2.42544 1.30849037144154e-08
2.99245 0.946931 -1.34773 0.0024939075336138
21.2245 0.908411 -1.33682 0.0170446052486356
28.5493 0.0919591 1.58141 0.0117701121900732
6.92184 0.193649 0.0170863 0.773258985528002
15.3533 0.950461 -1.3187 0.192937068953121
5.63434 0.996919 -1.42845 0.526210518579928
0.482806 0.920341 -1.38413 0.0157053279541112
2.68574 0.919323 -1.38465 0.0166217815673266
0.762651 -4.0043 -3.09013 0.151844258539412
1.12289 -3.71871 -2.99555 0.265873994731334
4.69968 0.0631946 1.59777 0.0411594776377396
19.7417 0.114849 1.56505 0.015866771497613
