33.2997 -2.10003 -2.35182 6.55504836364284e-14
0.56482 -0.0212027 1.23578 0
0.170253 0.268769 1.64148 0
0.675433 -1.66641 -1.69951 0
0.219553 -8.24037 2.6399 0
0.726037 -5.33134 -2.00093 0
0.541577 -6.85468 -2.99558 0
1.77372 -6.09833 -2.79774 0
0.779379 -5.19616 1.19799 0
2.17366 -4.14275 1.80285 0
2.42272 -3.64534 2.47356 0
0.38249 0.1455 -2.73882 0
0.171731 2.20823 0.264003 0
0.96383 -0.424758 2.42391 0
0.929718 0.151044 2.33628 0
1.13601 -0.084898 1.08285 0
0.618992 -1.68424 1.1689 0
0.418626 -0.947652 0.00490912 0
0.331246 -0.202127 0.762185 0
1.49045 -2.182 0.658171 0
1.08865 -2.79225 -1.10689 0
1.06791 -3.44676 -0.3492 0
0.377397 -7.64811 -2.87623 0
0.694447 -1.44081 1.6658 0
0.461753 -1.54742 2.41365 0
1.43491 -1.37094 1.86008 0
0.871086 -3.27938 -2.45408 0
1.28428 3.0797 -1.22326 0
0.476226 1.6162 2.99212 0
0.367173 -0.948958 -0.790481 0
0.534595 -3.32526 2.59081 0
0.212057 -5.01505 -0.129036 0
0.46067 -6.52414 -2.23198 0
0.243746 -6.8617 -0.415624 0
0.809877 -0.889852 -1.95875 0
1.54358 -1.41592 2.96855 0
0.723779 -0.204157 2.76963 0
0.904333 0.691733 -1.97964 0
0.743262 6.02756 0.00321446 0
0.658595 4.24201 -0.61331 0
0.288059 1.61105 0.0651654 0
1.71898 -0.304852 -0.37292 0
1.10302 -0.461144 -0.67791 0
0.883138 0.664803 0.479784 0
1.02383 0.51115 -0.500685 0
0.387975 0.125089 1.01936 0
1.39531 1.42359 -0.117623 0
0.907234 2.66928 0.706226 0
1.75576 3.16542 1.34755 0
1.61281 2.64511 1.8451 0
0.175419 5.59114 -0.510228 0
0.124555 5.05501 0.159127 0
0.137284 6.1915 2.37356 0
0.354858 2.36306 0.0367606 0
0.460153 2.41859 -1.81616 0
0.16545 3.02951 1.57612 0
0.753556 3.12458 -0.835988 0
0.16373 4.97279 -0.548922 0
0.411593 4.49131 0.981181 0
2.2756 -0.416196 0.610383 0
1.11649 -0.736548 1.38029 0
0.00529514 4.9934 2.49941 0
0.518552 4.34197 -0.047788 0
1.0068 2.42085 2.26881 0
0.223823 2.48207 -3.04791 0
0.189393 2.34027 -2.70663 0
0.226624 6.13759 -1.80541 0
0.305368 6.35708 -0.970895 0
0.130059 -3.96666 -2.16916 0
0.276164 -1.25818 -1.47246 0
0.144528 -3.13402 1.4629 0
0.128692 -2.84125 0.562536 0
1.27026 -2.36714 2.20646 0
0.325002 -2.35037 2.62023 0
0.260951 7.06276 1.85166 0
0.553719 3.65602 1.05563 0
0.191492 2.27209 0.120532 0
1.19706 -2.03985 -1.40024 0
0.495611 -6.93074 1.81368 0
0.880835 -5.17525 1.65547 0
0.139787 -4.90328 3.12521 0
0.687217 -4.21472 1.9027 0
0.197705 -5.22132 0.0808971 0
0.204765 -4.69352 -1.54673 0
1.44801 -3.6794 2.24582 0
0.263963 -3.60841 1.1395 0
0.0758246 2.6646 2.75032 0
0.308718 0.939911 0.0878882 0
0.0429764 2.91389 -2.039 0
0.407 -1.11364 1.4321 0
0.754577 -0.13044 1.17397 0
0.420534 -6.1736 -0.943037 0
0.0850772 -3.12816 3.10628 0
0.492481 -2.51418 1.51984 0
0.442503 -2.35523 3.00839 0
0.320067 -2.21411 -1.66296 0
0.747357 -2.60615 1.50589 0
0.072898 -4.93266 -1.39569 0
0.295515 -4.41398 -2.82151 0
0.440414 -5.54027 0.362596 0
0.0502231 -4.2277 0.639395 0
0.375747 -1.43012 2.65896 0
0.492048 -0.766485 -1.4977 0
0.53938 -0.959396 1.52033 0
0.18433 0.770367 -0.293266 0
0.595703 0.0966249 -0.865492 0
0.580851 0.8862 1.79511 0
0.117224 2.06451 0.923619 0
0.767093 0.898612 -1.52611 0
0.689279 2.78108 -0.940113 0
0.360006 2.5282 3.04205 0
0.175006 4.76866 0.675908 0
0.445931 0.431846 -2.27904 0
1.06143 -0.172625 -1.39965 0
0.419684 0.224337 -0.116257 0
0.314205 0.578213 -0.0966648 0
0.107111 1.865 1.98462 0
1.07561 0.905961 -0.328594 0
1.19676 2.06424 -0.591491 0
0.0216769 4.68458 2.4505 0
0.627722 2.92531 1.61546 0
0.457323 3.07986 2.1217 0
0.421043 3.03284 -0.614461 0
0.0925773 5.32395 -0.613813 0
0.304743 4.62417 -0.750247 0
1.44131 4.40893 -2.79247 0
0.196301 4.86033 -0.0675111 0
1.19966 4.04693 -2.62626 0
0.270565 4.24855 -1.82652 0
0.257475 3.84405 -0.0826403 0
0.482497 2.51598 -2.4851 0
0.177082 7.73422 -2.19406 0
0.692579 6.64613 -2.94072 0
2.09087 -0.528575 0.912072 0
1.64252 -0.617925 1.16608 0
6.11633 -0.60946 0.8237 0
3.25531 -0.529887 0.917318 0
1.6545 -0.762337 0.939451 0
0.294717 0.168141 1.04508 0
1.49347 3.60348 0.37154 0
0.307692 3.61721 -2.48768 0
0.308052 3.03651 -1.53683 0
0.181734 5.89022 -1.46014 0
0.358127 4.11817 -0.336964 0
0.479188 -3.18117 -1.9237 0
0.444665 -3.05681 -3.09412 0
0.620982 -2.9723 -3.02434 0
0.375476 8.05968 -2.01673 0
0.187997 7.95655 1.62137 0
0.727804 0.57602 -2.22561 0
0.0756555 2.48496 -0.0729991 0
0.388963 0.0831326 -2.08822 0
0.833131 -2.06256 2.40784 0
0.132282 -1.61579 -2.4332 0
19.9649 0.37507 2.41941 0.0920758643647834
0.384699 -1.98093 -1.31223 0
0.186449 -1.82965 0.111777 0
0.809609 -1.76376 -1.52971 0
0.259333 -1.56452 -0.590317 0
0.181678 -6.10409 3.09194 0
0.208575 -5.66483 -1.83138 0
0.44159 -5.83913 0.312419 0
0.868792 -5.53606 0.79468 0
0.134579 -4.92282 -0.645378 0
0.635965 -5.13708 -1.119 0
1.65949 -3.96474 1.99649 0
0.0581907 -4.88228 -2.35381 0
0.19673 -1.28973 -0.599124 0
0.882797 -1.65242 0.0991605 0
0.17304 -3.05399 2.68481 0
0.054838 -5.05731 0.556361 0
0.265256 -3.75002 1.60819 0
0.104594 -5.60471 -0.674376 0
0.662147 1.11482 1.48071 2.09393242994696
0.13733 -1.12491 2.1461 0
0.236846 -1.89185 -1.91273 0
0.257258 -5.04277 -0.320624 1.14992540531883
0.426014 -6.29657 -0.0879263 0
0.118609 -7.44317 -0.84836 0
0.646398 2.36682 -1.68084 2.02513621337143
0.168948 1.78187 -1.03069 13.6167290705164
0.176061 0.366271 2.6889 51.7747880396323
1.25993 -3.6547 -2.95141 0
0.271792 -3.1689 -3.01495 0
0.201104 -4.07679 0.682647 1.54259828766687e-05
0.160086 -4.13559 0.658505 1.16976930594967e-05
0.779696 0.184277 -0.100514 41.8372956219543
0.592181 -0.0898854 0.443297 55.8794200659999
0.566297 -0.264281 -0.167825 8.0799442953579
1.2006 -0.445206 0.28014 3.57101003335878
0.570594 -0.24291 -1.10254 36.5921739777078
1.20625 0.106086 -1.43335 17.6937516263368
0.132803 6.18833 -1.21008 0.695974942838542
0.459353 5.77923 -2.97104 0.303337537256799
1.1448 2.19478 -2.43848 3.91973133819812
0.240829 1.79879 -2.75613 27.1211123408358
0.147425 -3.61103 -0.123678 29.0935154986299
0.267592 -4.00596 2.39011 10.8616889307087
20.5901 -1.34054 0.865812 0.206609158086987
1.66567 -1.31125 0.966962 0.235017166983433
1.17594 -1.76455 -1.16812 1.53682810289776
3.29707 -1.72771 -1.2915 0.517734073933868
1.47939 -1.61067 -1.54036 3.02089932673374
5.60423 -1.77018 -1.32364 0.0603350357372794
1.71472 2.29297 -0.408871 0
0.819626 1.9161 -0.730439 0
0.454418 -0.208705 2.00623 9.92289505135574
0.0460152 -1.51776 0.629913 112.347230742597
5.45765 -1.30831 0.98547 0.323613878193469
7.99689 -1.78711 -1.29952 0.279923232052968
43.6406 -1.78262 -1.32763 0.174618206600507
9.05928 -1.35782 0.891053 0.199434374647529
