0.226748 6.81609 0.248772 0
0.891431 5.79999 2.86513 0
0.589822 6.44524 -1.2474 0
0.150154 3.05845 0.895294 0
0.303332 5.83259 -2.88677 0
0.668097 6.00433 -1.44197 0
0.353142 5.56759 -0.11904 0
1.01234 5.83342 -1.92748 0
0.615457 7.07075 -2.28697 0
0.27461 8.40432 -2.79273 0
0.41178 -5.06343 -2.95271 0
0.0358844 -8.38116 3.08183 0
0.11151 -3.7581 -1.93823 0
0.374331 -2.93614 -0.124551 0
1.61921 -1.47886 1.12507 0
0.106911 -1.20882 -1.71754 0
0.893988 -5.56107 -2.66367 0
0.303954 -7.56699 2.44999 0
2.37437 2.19617 -0.736579 0
1.01005 2.62598 -0.457004 0
2.83925 2.59897 -0.577941 0
1.16036 3.41253 -0.125209 0
0.302921 4.27859 -0.521581 0
2.26828 3.64478 -0.598847 0
2.92144 3.7546 -0.191054 0
0.703075 3.49961 -1.85753 0
0.164067 4.89824 -0.646974 0
1.19667 3.8639 -1.11515 0
0.595052 4.18106 2.90065 0
0.602073 3.89758 2.26568 0
1.54764 -0.884707 2.90241 0
1.38357 -1.03856 2.38641 0
1.80668 -0.783423 1.75046 0
1.06404 0.379534 2.28262 0
1.17476 0.312338 2.6231 0
1.12767 0.585786 -1.5563 0
1.02649 0.0967758 -0.948237 0
0.156336 -1.03963 1.94358 0
0.187877 0.0476161 2.6842 0
0.353594 -2.71454 1.58533 0
0.232552 -4.62586 1.99097 0
0.439815 -2.61803 1.95669 0
0.425386 -2.44072 1.82855 0
0.108659 -2.90331 0.173774 0
0.103316 -1.33428 1.81343 0
0.189914 -2.14531 -0.559921 0
0.27652 -2.0509 -1.6106 0
0.222234 -3.22504 -2.39152 0
0.384933 0.547722 1.2434 0
0.454249 0.621018 -2.99114 0
0.230889 -1.54862 2.58328 0
0.363471 0.0454084 1.12797 0
0.513067 1.52692 2.52856 0
0.382343 1.78521 0.103499 0
0.662077 3.042 -1.1908 0
0.580276 4.29806 2.40624 0
0.490778 6.81709 -2.29668 0
0.761899 -0.873324 0.0913836 0
0.820094 -2.18284 -1.3602 0
1.1014 -1.5518 -1.63585 0
0.335641 6.50129 1.88616 0
0.59635 7.47822 0.441585 0
0.32503 3.40393 1.86695 0
1.09712 -5.53223 3.00176 0
0.75426 -5.32767 -2.17151 0
0.0345611 -6.85215 1.70681 0
0.305176 -4.07192 -1.88027 0
0.400371 -5.05062 -0.151714 0
0.225827 -5.83047 -1.55168 0
0.402446 -4.25412 -0.78897 0
0.98015 -3.239 0.710426 0
0.154868 -2.35917 -1.257 0
0.407361 -5.45979 1.24569 0
0.163494 -6.87629 2.3441 0
0.47476 -5.37967 0.588838 0
0.566851 -7.87954 2.4082 0
0.470234 -9.00212 2.02234 0
0.343253 -8.45988 -1.73339 0
1.33448 1.36535 -0.849145 0
1.13405 0.928334 -0.820423 0
3.45849 3.73888 -0.376397 0
0.173468 5.3212 -0.333226 0
0.594774 3.64635 -2.73997 0
0.697369 3.32214 2.93324 0
0.333748 4.68416 0.435589 0
0.322977 3.60413 0.70021 0
0.691229 3.93937 1.68013 0
1.63567 3.3971 1.61284 0
1.39144 4.35026 1.79032 0
1.65907 4.22057 1.37746 0
0.95027 4.26759 2.06544 0
1.13976 4.40645 2.84581 0
0.0856689 5.23634 2.25495 0
0.463831 4.0255 2.47444 0
1.15607 -1.68568 2.98077 0
0.165306 0.691873 -1.24371 0
0.850025 0.102411 2.22473 0
0.150379 1.47124 -1.80108 0
0.790988 0.158788 2.61241 0
1.24131 0.212407 -2.63834 0
0.842704 0.90099 -2.56619 0
0.307628 -0.725436 -1.81061 0
1.82478 -0.247174 -0.805719 0
0.163887 -1.15599 -2.14725 0
1.27324 0.171539 0.509872 0
0.713483 0.801567 1.51842 0
0.600852 1.7914 1.75067 0
0.356714 2.51507 3.04754 0
0.331213 -2.76892 0.933225 0
2.37994 -3.25044 1.29393 0
0.224001 -2.90522 -2.04015 0
0.287705 -3.85442 -1.60171 0
0.492657 1.5718 2.0654 0
0.510307 6.34101 -0.624224 0
0.10893 3.48686 0.98175 0
0.0819201 8.33013 -0.822796 0
0.367264 6.06362 2.2222 0
0.335723 -0.808226 -0.400216 2.8392166083356e-08
0.0688366 -1.47369 1.16906 4.87054058829009e-08
0.153152 4.30194 -0.706313 1.32830584981439e-07
0.264679 4.49581 0.815922 5.34178253501042e-08
0.676941 5.70548 -1.50092 0
0.124419 5.19085 -2.87079 0
0.652751 6.33193 2.78994 0
0.0806867 6.45558 -2.14698 0
0.328917 2.83109 -0.955303 0
0.107298 2.6126 1.85892 0
0.0561036 2.99515 -1.29245 0
0.182324 1.40384 1.6123 0
0.0982499 -4.33257 1.86094 0
0.143642 -3.51111 -0.78683 0
1.19743 -1.44754 -0.641009 6.41698737333555
0.197755 -1.1964 -0.104597 48.4448442069214
0.52598 -2.12499 1.76431 4.44600243975262e-08
0.319284 -1.85383 2.16659 1.00209955314213e-07
0.244318 -8.2391 -0.260697 0
0.337876 -6.99241 -0.417728 0
0.86757 1.42512 -0.872675 3.12254886388499
0.195483 0.826296 -0.528303 22.3951466263313
0.514327 3.29316 2.39497 0
0.0792022 5.33738 2.93074 0
0.255459 3.17259 0.921758 1.5076493008046e-07
0.0704706 3.86185 2.45862 1.48257255931768e-07
1.14861 -0.526472 2.55965 2.31947052506872e-07
0.633197 -0.618058 2.53755 9.2315550626425e-08
0.686616 -0.443476 -0.175251 0
1.43221 -0.401151 -0.709688 0
0.0175946 2.85799 0.166249 3.24639144310514e-06
0.135626 2.93278 -0.0739872 2.86474135939031e-06
0.104139 -3.40317 0.563026 0
0.290995 -3.68016 1.94641 0
0.251633 2.44994 2.91634 12.5713013169177
0.141803 1.8658 -0.832963 39.3911744872084
0.586127 0.723069 1.07284 15.1992410150441
0.104783 1.63828 -0.280765 40.5547187486283
0.510953 1.07657 1.16619 16.332600022438
0.140817 1.22233 2.72053 52.7336982515033
0.223111 2.10996 2.70192 56.5737574097391
0.152266 3.06118 -0.0371018 32.4131659404772
0.266483 -0.560834 1.46284 1.95150217418266e-07
0.381599 -0.949896 1.44284 3.13533632638423e-08
