0.252772 6.03672 0.955875 0
0.755618 7.11661 1.58612 0
5.59384 -0.730393 -2.93462 1.22063469835369e-14
66.702 -2.07763 -0.358525 2.74639754863973e-13
0.921738 -4.49591 1.55099 0
0.187007 -7.09541 -2.65403 0
0.138978 -6.19665 1.8097 0
1.23957 -4.95255 -2.38049 0
0.197595 -4.17311 -0.146187 0
0.349469 4.73576 -2.26337 0
0.399673 5.95162 -0.845059 0
0.0620691 10.2859 1.91618 0
0.349113 -1.05631 -0.732975 2.84863869071697e-16
2.00646 -1.59686 1.07654 6.53921178934517e-13
0.910979 -1.87819 0.753986 4.43532782184886e-13
1.66209 -1.71233 -0.317468 4.60243691033406e-13
0.531287 -0.119969 2.79994 0
0.595002 1.01327 2.88583 0
0.497286 1.73383 -3.00867 0
0.290306 2.87478 -2.64562 0
0.600512 3.19943 -2.71271 0
0.411511 -4.74055 -1.6268 0
0.726742 -3.94366 -1.24806 0
5.65511 -3.64149 -0.720532 0
0.768374 -3.63994 -0.963568 0
0.683152 -3.04082 -0.351825 0
3.14888 -0.933311 3.03514 8.95122027678639e-15
4.25051 -1.13563 3.05943 7.62525898109379e-15
2.20369 -0.643192 3.09736 1.67868631376487e-14
0.230168 -1.74321 -0.339197 4.68194618002861e-14
0.447262 -0.766849 1.67778 4.8241931939593e-14
1.20988 -0.792405 -2.92829 9.80531339708108e-15
0.387293 -1.12686 -0.93639 4.96935860469319e-14
1.23002 -0.68382 -0.247406 5.5469678551798e-14
5.35999 -0.522518 -0.345134 5.50451902920819e-14
0.259564 -2.61146 0.0461271 0
0.133439 -3.35237 2.27249 0
1.6985 6.34273 0.774034 0
0.412037 7.27103 -0.47726 0
0.248731 5.2955 -2.3987 0
0.973729 3.65833 0.839325 0
0.412871 2.296 1.68525 0
0.962378 2.59431 0.950449 0
1.95648 2.53188 0.937631 0
0.849818 2.32249 0.376422 0
0.292374 2.7441 2.11944 0
0.654843 1.96317 -0.509841 0
0.234247 3.05589 0.179605 0
1.02899 -0.443222 -2.01799 0
1.45968 -1.17314 -1.77098 0
1.44363 -3.98157 -2.44955 0
0.44495 -3.30107 -2.66033 0
1.08684 -1.60145 -2.04007 0
0.77352 0.463606 1.7636 0
0.459964 3.35714 1.48739 0
1.32484 3.1768 -0.882954 0
0.265173 5.92913 -0.682537 0
0.884673 5.55839 -1.42108 0
0.418283 -7.16055 -0.126168 0
0.79375 -5.55651 -1.72108 0
0.482063 -3.14063 1.28616 0
0.842481 0.771337 -1.28728 0
0.690444 3.44271 -1.7341 0
0.701867 3.88157 -2.01533 0
0.716366 3.55417 2.94583 0
0.260482 1.97583 -1.57958 0
0.105701 -0.639525 0.419131 0
0.19297 -0.304944 -1.95299 0
0.451335 -0.659559 1.02497 0
0.174153 0.776989 1.53314 0
0.125714 -2.22423 1.92226 0
0.856257 -0.742282 0.649776 0
0.715257 -1.32686 -0.750606 0
0.34063 -2.37791 -2.06412 0
0.238406 -1.77233 -0.461097 0
0.321634 -0.506651 1.85086 0
0.0973777 -3.02352 -0.205516 0
0.620419 -1.83533 1.53008 0
0.609265 -1.88423 2.64572 0
0.87441 -1.38348 2.11386 0
0.574887 -3.57136 1.39267 0
0.727732 -3.2206 0.943434 0
0.29605 -3.54877 2.50475 0
0.470286 -6.05464 0.448706 0
0.673147 -1.78834 -2.08392 0
1.23753 0.639731 -1.52121 0
0.221155 1.66496 -0.993514 0
0.350113 0.937614 -0.341799 0
0.217003 5.6773 2.73086 0
0.338184 6.73153 3.00023 0
0.140996 5.38314 -2.69906 0
0.346348 5.24213 -3.10149 0
0.576049 3.91801 1.04426 0
0.268416 0.560313 0.630247 0
0.862327 0.698778 -0.297127 0
0.744463 -0.258224 -0.503571 0
0.288462 0.290663 0.561298 0
0.184685 0.256127 0.843373 0
0.610428 -1.72559 2.79034 0
1.17481 -1.61312 -0.893761 0
0.803685 -2.10073 -2.71266 0
0.616345 -3.9531 -0.460008 0
0.482724 -4.85118 -1.7023 0
0.356655 -5.41704 -1.23972 0
0.461924 -5.43435 -1.95713 0
0.869103 -1.51649 1.93407 0
0.255895 0.419227 -2.32966 0
0.577729 3.42238 1.54808 0
1.30305 3.98219 1.6047 0
0.509308 3.80326 3.03091 0
0.435917 4.70266 2.3265 0
0.415284 5.21387 0.63215 0
0.386023 6.16924 2.85493 0
0.0378023 0.914059 -0.148875 5.10153781914419e-17
1.12188 -1.11997 0.657283 2.65983708711194e-16
0.753831 -1.30904 1.31115 2.08923637987813e-16
0.364906 -1.11108 0.441582 2.74649458395265e-16
1.56685 -0.925854 1.04302 2.5927883511734e-16
0.379132 -1.05286 -0.87028 2.82514428669081e-16
1.18165 -0.497496 0.677622 2.99986004594285e-16
25.1652 -1.59306 1.3212 6.97009785735266e-13
1.47197 -1.05073 1.06419 1.0708447567931e-12
0.720328 -1.82607 1.22184 5.48671016782218e-13
0.524114 0.00199404 1.53599 0
0.415908 1.88223 1.8635 0
0.227981 -0.00272722 1.98542 0
0.434575 1.06764 -2.6142 0
0.228693 0.529419 0.990335 0
1.45753 0.57427 3.0732 0
0.0789614 0.775482 -0.308453 0
1.84829 1.12455 -2.95227 0
1.10575 0.8896 -2.48656 0
0.425603 1.64905 -2.21 0
1.21152 1.555 3.08996 0
0.430171 1.58412 2.63593 0
2.04779 -2.89769 -0.645752 0
0.816318 -3.32816 -0.316388 0
0.412998 -3.23979 -3.00323 0
0.997493 -0.897127 -3.11938 6.12978213382697e-15
2.96719 -1.07473 3.08972 6.09729984351574e-15
2.49574 -1.23373 -3.04675 6.57159892239949e-15
0.654724 -1.27954 2.81259 1.59972037785236e-14
4.00554 -1.11722 3.04693 7.80591906500168e-15
0.451737 -0.465233 0.791689 5.51473148019763e-14
0.246828 -1.62502 0.927641 4.6302758537724e-14
0.661812 -1.11286 -0.483007 5.26573540461297e-14
2.95293 0.975206 -0.738745 0
0.339282 -2.78871 -2.35817 0
0.0423329 -4.36391 2.5428 0
0.155572 -3.78122 1.47445 0
0.437485 -1.33323 -2.26936 0
0.141303 -4.06298 0.350268 0
0.461111 -5.79422 2.42082 0
0.107669 -6.6488 1.08419 0
0.61485 4.91924 -2.73662 0
0.0772241 7.20176 -0.580032 0
0.357395 3.92469 0.302624 0
0.556433 4.83281 2.49148 0
0.374122 4.396 2.02616 0
0.367299 2.26485 1.05636 0
1.24557 3.564 0.382852 0
0.240174 0.846911 -0.524667 0
1.7574 0.431338 -1.73388 0
2.44619 -1.69439 -1.25172 0
0.129256 -4.07852 2.35268 0
0.253376 -3.56377 1.96667 0
0.166276 -4.55916 0.420619 0
0.13429 -3.57366 0.5003 0
0.0313733 -2.98777 -2.48446 0
1.41292 -2.65111 -1.86279 0
0.295588 -2.44086 1.90893 0
0.32738 -0.938576 -2.21312 0
0.187266 -0.288113 -0.238382 0
0.316266 -0.217618 3.10993 0
0.368535 2.11676 1.49559 0
0.178571 1.26952 0.170052 0
0.18578 0.611481 -3.06354 0
0.0893383 4.04217 -0.834456 0
0.146762 4.08896 1.50016 0
0.505988 -0.980094 1.43522 0
0.306805 5.23594 -2.8663 0
0.423279 5.16671 -0.0699882 0
1.3994 2.92259 2.28584 0
0.192607 2.26285 1.15834 0
0.768097 2.39438 1.61358 0
0.643539 3.1937 0.967005 0
0.886921 -1.70887 1.05221 0
0.184461 -1.33508 -3.1114 0
0.194153 -5.12441 1.94835 0
2.77759 -4.67 1.40452 0
0.090074 -5.45917 0.606792 0
0.230815 -0.381911 2.97382 0
0.124813 -4.88937 -2.1769 0
1.00414 -3.63005 2.72374 0
0.268205 -4.90513 1.78245 0
0.113297 -5.66667 -1.03928 0
0.303588 -5.01524 2.06067 0
0.262333 -5.3552 -0.872007 0
0.825044 -5.39933 3.04977 0
0.407535 -5.09998 -2.56731 0
0.371923 -4.40783 -0.792295 0
0.22373 -3.14457 1.88315 0
0.218662 -1.50506 -2.12348 0
0.459013 0.527227 -1.79105 0
0.461966 1.34988 -1.26905 0
0.398114 4.45413 -0.0618129 0
0.239616 6.07257 -0.963108 0
0.460069 5.84473 1.85098 0
0.306501 6.14634 -0.812147 0
0.538445 2.82302 0.142631 0
0.104501 1.89639 -1.13352 0
0.290379 1.5344 1.2754 0
0.127516 0.135074 -1.41616 0
0.930203 0.823748 0.459975 0
0.671779 -2.37791 0.880413 0
0.0714687 -1.84727 0.478099 0
1.24155 -3.8899 -0.999319 0
1.1469 -3.72834 -1.28695 0
0.0260431 -8.60056 0.946211 0
0.391554 -5.02828 1.69421 0
0.766304 -4.78394 -0.788218 0
0.760569 -4.115 -0.989465 0
0.248272 -6.88099 -1.56723 0
0.314814 0.890847 -0.975663 0
0.18642 1.50113 1.96176 0
1.13811 3.28265 0.808292 0
0.290276 -4.75882 2.09369 0
0.236614 -4.66183 -2.04447 0
0.100038 8.52215 2.92136 1.22905329120604e-07
0.0408537 8.60251 -0.377846 5.33790848385748e-08
0.0134024 2.44985 3.13443 0
0.243887 0.729453 -2.45556 0
0.558594 1.84369 -3.12243 0
1.00355 1.61401 -2.96196 0
0.657766 2.05425 -2.90884 21.5763280599755
0.217577 -0.973042 2.91512 1.24831177995149e-14
0.0526359 -2.51609 2.70259 2.91065966519025e-14
0.296362 -0.622056 -0.150102 5.52934374642364e-14
0.360228 -0.329063 0.0164277 5.19783629830028e-14
0.391985 -0.623068 -0.374866 1.01720056817302e-08
1.23324 -0.691189 -0.503767 7.63714235897915e-09
0.0817656 6.68884 1.80544 0
0.24626 7.37269 2.28932 0
0.768202 -4.95865 2.04679 0
0.496021 -3.54609 2.69889 0
0.035173 -4.79113 0.143606 0
0.639163 -3.61359 -2.03629 0
0.239632 -4.09797 -2.50789 0
0.0539277 1.97173 -0.167074 0
0.441744 0.536466 -2.01128 0
0.719743 5.53901 -2.50393 0
1.09187 5.91016 -2.30513 0
0.273702 -3.62842 -0.138905 0
0.0137175 -6.0541 0.220057 0
0.415964 1.6175 1.13465 0
0.150183 0.517936 2.13424 0
0.0896861 -2.17221 2.42113 0
0.472851 -2.0436 0.664209 0
0.430485 -3.56618 0.413801 0
0.134055 -3.88051 2.57135 0
1.24701 -2.3987 1.61793 1.45202659939663
1.58809 -3.10897 1.84764 0.630476257999998
0.123669 -3.63847 1.49047 4.77595584837961
0.348135 -3.39061 1.39916 10.3063101342103
0.410209 6.14216 1.09948 1.20588678596042e-07
0.0510773 7.72597 1.43309 1.5030498612813e-07
0.295088 4.38546 -0.573971 0.718874415720257
0.299177 -0.621211 -0.269325 0
0.857895 -0.300778 -0.500885 0
0.0797149 -2.32686 -1.88757 0
0.455351 -1.28554 -1.75504 0
0.0727777 -5.40016 0.484931 0
0.40027 -4.81438 -0.814699 0
0.214583 -4.07705 1.74647 0
0.166472 -3.35671 2.52732 0
0.317408 -1.14693 -2.28199 0
0.358365 -1.57764 -1.01921 0
0.130621 2.28803 2.24146 6.65946644426795
0.106064 0.254209 -2.2007 39.6545950384448
0.572753 -2.27427 2.32864 14.9956434484416
0.261624 -2.22011 1.26204 34.4561290126681
2.31212 0.492668 -1.21751 3.08948749153306
0.309847 0.409606 -1.54433 23.9129736540219
0.765254 -2.80363 -2.38206 7.87196371493726
0.159434 -3.80799 -1.88537 13.8847895081261
2.54166 -0.865938 -2.95347 0.120456054169484
1.17819 -4.55418 1.70447 0
0.763867 -2.78071 1.05777 5.24510464883426
0.201272 -2.08937 1.23922 36.5555015866489
1.18093 0.0786847 0.971586 0.0665102942412845
0.523919 -3.74198 -1.32159 2.6779832501607
0.0430002 -4.9081 2.35903 7.24903895425986e-05
0.297699 -4.9221 2.35492 7.24757718225357e-05
0.333629 -0.0620384 0.760987 0.323263930984736
0.714221 0.104901 1.42374 0.404186180309319
4.07864 0.090256 1.04519 0.0619014864648212
0.714834 -3.975 -2.09536 3.58495473851715
1.18954 -3.52041 -1.74122 1.65248172683598
