1.07181 -5.34419 0.332635 0
0.285317 -0.999829 0.0424383 0
0.397333 -7.58222 -2.2024 0
1.1225 -6.56901 1.45369 0
0.282721 -7.40174 -1.23664 0
1.48263 4.11366 -0.756592 0
0.370447 6.5388 -2.23648 0
0.564539 7.25249 0.0575598 0
0.391766 6.56438 1.88601 0
0.737697 3.34938 1.61668 0
0.326051 3.24345 0.171381 0
1.76028 4.41275 -2.03612 0
0.538981 3.29879 -1.41415 0
0.639917 4.14635 -1.07462 0
0.171311 -3.08824 -1.15111 0
1.27169 -3.75409 1.74743 0
0.352134 -4.07403 2.42084 0
0.90337 -3.93484 2.28647 0
0.944175 -3.49253 1.40703 0
1.25705 -3.85661 1.74761 0
1.17368 -2.744 1.63718 0
0.332811 -2.72431 -0.478022 0
2.5513 -1.3857 0.745089 0
1.27436 -5.58635 0.387614 0
0.215774 -6.40613 -0.213449 0
0.152038 -4.18273 -2.36713 0
0.599309 -0.783719 -2.9303 0
0.0618211 -3.00043 1.51323 0
0.627053 3.74481 1.98985 0
1.19092 1.34414 0.44182 0
0.359643 0.113547 0.952983 0
1.01143 0.980305 0.690107 0
0.300542 0.60512 0.419033 0
0.612523 0.767983 -2.50796 0
0.223371 -1.50405 2.25238 0
0.395499 -0.418969 -2.39123 0
0.390445 0.614279 -1.37421 0
0.239911 4.7121 -0.882218 0
0.490487 -0.0458575 -1.21578 0
0.798933 -0.799609 1.44072 0
0.723616 -2.65433 -2.49698 0
0.147568 -2.43837 -1.17378 0
1.02778 -6.84517 -0.883434 0
0.358218 -3.40885 -0.707616 0
0.383648 0.636539 2.19931 0
1.66115 2.28497 0.863202 0
0.452359 1.05654 -0.652251 0
0.575175 0.634768 2.36471 0
0.331905 0.690339 1.64563 0
0.504073 0.723214 -1.33543 0
0.263129 -2.12911 0.336125 0
0.120962 -2.47674 0.490765 0
0.0963388 -4.99915 -1.41963 0
0.667396 -1.6121 -2.52065 0
1.04575 -0.747714 -0.925638 0
0.833378 -0.269248 -0.507432 0
2.57969 -0.0267882 -2.59418 0
3.45719 0.192328 -2.36428 0
0.503129 0.590511 1.83422 0
1.40953 0.211282 3.10546 0
0.12596 -1.24929 1.26035 0
1.13446 -2.88878 2.35649 0
0.421322 -3.14263 -2.15168 0
2.09038 -3.7656 -2.48465 0
0.794553 -2.00409 -1.45168 0
0.927533 -2.00403 -2.36726 0
0.544798 -0.13026 -2.37541 0
0.820112 -1.15855 2.98758 0
0.112549 0.208139 -0.933545 0
0.36508 -0.977744 1.0958 0
0.638984 -0.308884 1.8065 0
0.896911 0.61462 0.754401 0
1.30747 1.75256 -0.0959141 0
0.446728 2.80884 0.265996 0
0.584953 7.66945 3.00019 0
0.689614 5.60481 -3.13186 0
0.828072 3.54549 1.6045 0
0.504327 2.6889 1.57787 0
0.43252 0.254549 1.66126 0
0.265658 -1.19725 1.03681 0
0.159035 -2.24417 0.696753 0
0.313322 -4.4402 2.87157 0
0.358345 -6.39005 -2.1435 0
0.579547 -6.59515 0.0812579 0
0.929573 -6.08486 2.25588 0
0.206872 -4.94693 0.278263 0
1.44601 -5.73026 0.723714 0
0.822889 -5.42768 0.899399 0
2.28193 -1.2113 0.668804 0
1.28549 -1.07677 -0.043643 0
1.13041 -1.39409 0.967599 0
0.268831 -5.82306 0.129812 0
0.38827 -5.91722 -2.0978 0
1.34562 -6.23688 0.0278451 0
0.0616189 -8.45935 -0.176005 0
1.24865 -6.33832 0.780779 0
0.239628 -5.44057 1.74897 0
1.39206 3.81489 0.0708111 0
0.340865 4.83944 0.266493 0
0.285491 3.98414 0.0328221 0
0.611455 2.5979 0.0115536 0
0.282309 3.16582 -0.251196 0
0.244172 4.18239 2.18516 0
0.530575 5.02205 -2.78594 0
0.714441 4.712 2.77578 0
0.865567 4.96308 -2.80299 0
0.380051 5.74938 -3.10574 0
0.725466 3.61756 -0.0276973 0
0.253011 4.73637 -0.494884 0
0.104677 -3.59542 1.94431 0
0.567899 -4.77059 2.55877 0
0.405501 -4.91962 2.90223 0
1.32581 -3.27165 1.3987 0
0.916862 -3.10809 1.22242 0
0.520254 -3.04645 0.503976 0
0.252279 -1.569 1.16619 0
0.870829 -1.47396 0.648496 0
0.217059 -2.15577 0.672636 0
0.66286 -5.40153 -0.778064 0
0.474222 -3.39383 2.50365 0
0.0673927 3.53957 2.03283 0
0.219879 0.830082 -2.42681 0
0.305375 1.9597 1.28295 0
0.189149 1.81029 -0.675089 0
0.0383065 3.26466 -2.4544 0
0.941989 0.401879 -2.81154 0
0.577979 0.143718 -2.92967 0
0.28083 0.183497 2.36461 0
0.132732 3.3615 0.402788 0
0.131105 3.51717 2.26278 0
0.347177 1.94879 -1.1155 0
0.51844 -2.60549 0.183918 0
0.927552 -4.16751 -2.30263 0
1.01766 -3.98664 -2.96218 0
0.235684 -3.11405 1.25685 0
0.407374 -4.90809 2.03232 0
0.197243 -5.40686 -0.447998 0
0.477957 -4.35836 2.80695 0
0.219147 0.936704 1.77477 0
0.592829 1.65186 0.814209 0
0.30999 -2.64428 1.32301 0
0.977684 -2.45136 -0.50034 0
0.131587 -3.23313 2.64498 0
1.00075 -1.78366 -2.10653 0
0.268594 -1.39802 -2.18138 0
0.241402 -1.98609 -2.79426 0
1.14423 0.401363 -2.55026 0
0.423711 -0.428869 -2.29606 0
0.289689 0.912767 2.94902 0
3.11484 0.224563 -2.73816 0
1.15799 0.247719 -2.38616 0
0.136333 -2.14894 -2.38884 0
1.06124 -3.70641 -2.57894 0
1.62985 -3.11962 -1.30353 0
1.84181 -2.86435 -1.59344 0
1.02049 -2.28539 -1.43293 0
0.350939 0.0663578 -1.45885 0
0.552784 -0.0186601 1.82798 0
0.179556 2.70391 2.97942 0
2.31297 1.53562 -2.73398 0
0.993171 1.27072 -1.96706 0
0.172469 0.760539 -0.208811 0
0.524657 0.670885 -0.176735 0
0.966698 1.42292 0.538061 0
0.58703 2.37964 0.437397 0
0.261656 2.72729 -2.94879 0
0.197106 2.9767 1.42277 0
0.281036 7.92086 0.539851 0
0.319258 7.2421 2.38989 0
0.671993 4.95062 -0.0669601 0
0.117453 6.15533 2.44178 0
0.558786 3.01172 -1.49261 0
0.736778 1.75101 -2.65621 0
0.0657532 5.72745 0.812888 2.22208561187253e-07
0.184873 5.09171 -2.73952 2.04529436562453e-07
0.348769 3.698 -1.10414 0
0.151818 5.05134 -2.81508 0
0.231523 -4.93253 -2.66865 0
0.313566 -4.28198 2.09319 0
0.920772 -3.7334 1.64382 0
0.251133 -3.0467 2.04709 0
0.264535 3.05555 -1.64942 0
0.221194 3.63138 0.681649 0
0.142413 -1.51275 -2.44255 46.5655497218629
0.547164 -2.92131 0.321238 3.83531900407808
0.124057 -2.06127 0.639144 39.7211092473236
0.577059 -2.61564 -0.596444 20.8063412474544
0.14756 -1.48299 -1.80922 0
0.653719 -0.805421 -2.60586 0
0.205 -3.17361 3.03282 0
0.126795 -4.17362 -1.63374 0
0.054113 -2.78608 -0.461768 0
0.649366 -2.36365 -2.11025 0
0.116378 -2.42953 0.0198743 0
0.181992 -1.89327 3.11525 0
0.161815 -2.62634 -0.509128 0
0.452489 -1.513 -0.941176 0
0.542889 0.904564 3.08589 0
0.599951 1.14548 -2.88667 0
0.404956 4.32001 -2.26342 0
0.268894 3.22089 -2.05118 0
0.238224 -5.2462 -1.10854 0
0.0600592 -5.20789 -2.50646 0
0.00439213 -0.911578 1.86984 1.24051044981995e-05
0.0535225 -1.11163 2.07385 1.16834533294032e-05
0.118361 -0.350356 -2.91174 11.1938770378982
0.730442 -1.01477 -2.37609 1.22584512687856
