0.0293942 -6.67039 -0.342434 0
0.7505 -2.26378 -0.218389 0
0.403404 -0.870729 -0.7358 0
0.936508 1.49074 0.457002 0
0.360047 4.33082 0.394802 0
0.24699 5.04687 1.84841 0
2.67844 -1.25654 -1.08324 0
0.0905652 0.126702 -0.447514 0
1.62906 -0.882853 -0.858681 0
0.348401 3.32662 1.92247 0
0.534671 3.77522 -2.68941 0
0.561123 5.07228 -0.0461666 0
0.805564 4.37805 0.649768 0
0.767763 3.88162 -0.141697 0
0.225868 3.47108 -0.38896 0
0.699438 3.60649 2.82607 0
0.331185 3.87306 -0.614382 0
0.509173 5.10893 -2.27153 0
1.07231 -6.79525 -0.590786 0
0.157365 -6.77009 1.23845 0
0.259546 -6.93785 2.97142 0
0.241654 -6.09883 2.43862 0
1.08289 -3.18023 -0.982952 0
1.31718 -2.594 -0.0259683 0
0.384815 -1.88347 -0.444823 0
0.417351 -6.0234 -1.5323 0
0.265769 -5.48769 -0.2666 0
0.486517 -0.659297 -0.569451 0
0.439483 6.56187 -0.678299 0
0.369879 7.37357 0.205399 0
0.0890879 6.86825 -2.68269 0
0.93542 6.80466 -0.230362 0
0.464362 6.00927 -1.98778 0
0.0824319 6.87393 1.5919 0
1.3013 5.65957 -0.6896 0
0.691581 4.16017 0.273783 0
1.72514 3.87787 -3.04641 0
0.678762 1.00813 -1.19368 0
0.184886 2.2154 -2.16678 0
1.42976 0.726437 -2.0451 0
3.84492 1.104 -0.526838 0
0.335255 1.38933 -0.439699 0
0.416388 5.69696 0.0537954 0
0.483611 3.18153 2.97732 0
0.179435 1.97354 -1.15717 0
0.834877 -4.07172 2.46538 0
0.0555054 -4.21342 -2.66362 0
1.11595 -3.95722 2.36427 0
2.15668 -3.74146 2.80972 0
1.7488 -4.11371 2.9872 0
0.48876 -3.19904 1.13394 0
0.971556 -2.62995 3.02227 0
0.659235 -1.67639 -2.99182 0
0.163844 1.63178 2.72706 0
0.901486 -0.071534 1.38846 0
0.278826 1.58492 2.55144 0
0.469953 0.385046 0.963891 0
0.527606 -6.16906 2.29429 0
0.533791 -6.06822 -1.06764 0
0.413614 -6.00123 2.03219 0
0.300696 -3.7393 0.811059 0
0.489014 -0.457676 2.52401 0
0.355722 -0.442389 -1.9187 0
0.0580415 2.3969 -2.15169 0
0.600251 2.95119 -2.69652 0
0.982764 5.24209 -1.6431 0
0.434639 5.06048 2.47249 0
0.40905 2.69676 2.35091 0
0.360976 1.92932 1.22835 0
1.70603 0.103356 -1.55495 0
1.72081 0.427738 -0.870693 0
0.161066 -2.24866 -2.43026 0
1.16121 -2.31539 2.29851 0
0.305736 -2.80859 1.90966 0
0.602024 -4.70574 0.821789 0
0.46886 -4.73676 1.79031 0
0.13484 -6.83665 2.6582 0
0.726856 -5.03351 0.32327 0
0.611119 -4.75011 0.368114 0
1.63575 -6.36844 -1.81921 0
0.399056 -6.60926 -0.463311 0
0.0346126 -8.90645 -0.0158592 0
0.721793 -3.99349 1.35674 0
1.12245 5.03998 1.51427 0
0.0421218 6.45377 1.1017 0
1.02967 4.20768 2.60373 0
0.204274 2.92555 2.36164 0
1.47006 1.0434 -2.65187 0
0.96403 1.74465 1.78692 0
0.233674 0.723606 2.54493 0
0.285412 -1.98507 1.92355 0
0.756323 -2.66826 -2.8284 0
0.22371 -2.51825 -2.38885 0
0.585936 -1.81595 -0.341873 0
1.2919 -2.35542 -0.720085 0
0.560299 1.84155 1.02633 0
0.864403 1.5179 1.68437 0
0.644482 1.36269 0.569048 0
0.370854 2.72106 0.3317 0
0.326277 4.15528 -0.2883 0
0.322272 3.85304 2.60617 0
0.386562 3.99676 0.193727 0
0.154692 5.81529 -2.63383 0
0.374369 4.15833 2.76028 0
0.481051 -2.87676 -1.13455 0
2.12604 -4.42754 -1.33058 0
0.156811 4.96802 0.742987 0
0.140302 5.09268 -2.67357 0
0.451235 3.20393 1.78425 0
0.656211 3.44899 0.417471 0
0.294146 3.88354 -0.442057 0
0.313453 2.86517 2.60774 0
0.33801 3.01937 -2.83284 0
1.72742 2.62854 1.27935 0
0.0964827 3.65804 -1.12205 0
0.246346 2.80229 1.09761 0
1.05627 -5.87572 -1.53026 0
0.320247 -5.74439 -0.254241 0
0.507987 -3.14041 -0.449282 0
0.463218 -6.31443 -0.0982208 0
0.198087 -5.08803 0.431273 0
0.485446 -5.98713 0.412115 0
0.630076 -2.99334 -0.751194 0
0.122471 -0.485882 -1.12807 0
0.395343 0.0823912 -2.53168 0
0.185158 -1.69671 1.13201 0
1.00858 5.39149 1.04473 0
0.479255 5.20552 1.5327 0
0.253 6.61216 -0.207004 0
0.223029 4.94394 2.17818 0
0.314075 6.09765 0.71428 0
0.33009 6.68242 0.488208 0
0.740528 6.47899 -1.24059 0
0.0621543 7.42869 1.93422 0
0.313775 4.71103 0.661384 0
0.984538 1.294 -1.30099 0
0.546722 1.09595 -2.13845 0
2.96666 0.790794 -0.214003 0
0.631002 0.760776 -0.855703 0
0.175502 0.813729 -2.52881 0
0.578783 0.533614 1.52339 0
0.4185 -4.66418 3.1296 0
0.218663 -3.2713 -3.00636 0
0.573279 -4.7929 2.65087 0
0.720073 -3.63588 2.89254 0
0.785394 -2.88345 2.92137 0
1.09349 -3.50107 2.46737 0
0.392697 -1.06008 2.54299 0
0.0904442 -1.35626 3.04283 0
1.08788 -1.95053 1.04988 0
0.353844 -0.637608 -0.246488 0
1.11639 0.67593 1.01118 0
0.478667 -5.54325 0.0730578 0
0.358008 -3.54662 2.74999 0
0.133402 -3.23092 0.799377 0
0.645618 2.37318 1.0994 0
0.248076 1.86754 -0.750809 0
0.430348 6.76707 -0.26055 0
0.151273 5.62633 1.66613 0
0.342406 3.34697 -1.33932 0
0.387605 -1.1482 -1.56445 0
0.769229 0.125765 -1.42639 0
1.27814 -2.61482 2.56608 0
0.044656 -3.16894 -0.177126 0
0.993686 -3.36429 2.10227 0
0.707199 -3.34091 1.18395 0
0.278519 -3.93149 -2.0163 0
0.462961 -6.02671 -0.0274332 0
0.159889 -5.15762 2.83037 0
0.549496 -5.24239 -2.16949 0
0.679612 -6.75226 1.60648 0
0.289755 -6.83884 -0.228224 0
0.815314 -6.08647 -2.17327 0
0.542444 -5.98002 -1.06045 0
1.09252 -5.58806 2.6402 0
1.32505 4.79374 1.16138 0
0.876359 3.05653 -0.0740622 0
0.104263 4.39151 1.92669 0
1.65462 1.35549 -1.28554 0
0.502918 1.56659 -2.10804 0
1.49811 1.43829 -2.00472 0
1.2412 1.26729 -1.78561 0
0.0713184 1.05774 -1.22685 0
0.187465 -1.0059 0.362522 0
3.05305 -1.82475 -1.63835 0.459970624401851
1.04952 1.46354 1.83815 0
0.965681 1.46049 2.11387 0
0.23568 3.37345 2.65559 0
0.11261 4.8226 -0.901182 0
0.173698 5.11708 -0.728811 0
0.57726 3.40516 0.598986 0
0.838475 -2.27678 -0.0188323 0
2.21754 -2.52022 -0.164505 0
0.311209 5.57135 0.984941 3.57083032996075e-09
0.488641 5.45735 1.14173 6.97865219641685e-10
0.238741 7.33585 -2.52575 0
0.382888 6.81091 -1.34657 0
1.2794 3.14982 -2.94073 0
0.899734 3.30353 -2.73376 0
0.286548 1.19785 -1.38711 0
0.435516 2.11973 -1.72075 0
0.0931034 1.27649 -2.92688 3.64230411544017e-09
0.136417 1.72252 2.84445 1.47487820298772e-08
1.21918 -0.598349 1.68303 2.57792463438913e-08
0.179887 -0.505807 1.32025 1.3970854801387e-07
0.0163362 2.58301 2.73258 0
0.471038 0.0485305 2.12625 0
0.404691 1.14029 1.81763 0
0.272931 5.62155 0.38768 0
0.432458 6.12706 -1.14569 0
1.10112 5.75168 -2.37577 0.483579868685964
0.232121 -1.74735 1.00254 0
0.0988174 -0.596759 0.0211748 0
0.172604 -2.33342 2.98809 5.11621063996448e-07
0.652254 -2.4035 2.36385 4.20836540558651e-08
0.608177 -2.92917 -1.51422 10.5592308744947
0.356807 -3.48078 -0.814534 10.3706746898522
0.0977183 3.43438 -0.222676 4.83528680473275
0.392307 2.76259 -2.79397 2.35824046811867
0.0175698 -4.1153 2.88658 1.27067766605298e-05
0.22249 -4.10039 2.65716 6.00477727394237e-06
1.33359 0.546284 2.36668 10.968141700318
0.889354 0.657517 2.00592 15.4541125571647
0.315028 0.291236 1.62285 0.739371179269431
0.207688 0.230996 -2.81291 1.13678692892029
0.201487 -1.47352 -0.0453553 11.8908566034104
0.126041 -2.86063 2.69049 4.97926867542208
0.638155 -1.78481 1.88054 1.84816978630635
0.0345477 -2.29337 1.27398 20.5753223109412
0.41693 2.2086 1.63947 8.45493221962486
0.0938028 1.99886 -0.224497 45.8556233359368
0.578094 1.67371 2.01969 0
