40.4825 0.845459 -2.48848 3.07667994308495e-13
1.92733 2.18174 -0.0475898 1.6784587549213e-13
6.94192 2.11514 0.248649 7.79783665643094e-14
21.0613 1.92473 0.172682 9.36560119505762e-14
12.6759 1.94287 0.252118 6.33496276557383e-14
24.3838 1.94294 0.275623 5.48500883620374e-14
2.01599 4.122 -2.62569 0
2.28988 4.03648 -2.72514 0
1.25223 3.87182 -3.01606 0
1.10943 3.17111 2.71877 0
0.461661 2.39071 0.55919 0
0.49721 3.09645 -1.95327 0
1.79242 4.65156 -1.89176 0
1.60742 1.25845 -2.37349 5.87927340833646e-14
1.73957 1.25742 -2.57786 6.67977934214056e-14
3.22515 0.984366 -2.63387 1.23135623367516e-13
5.38011 1.48197 -2.63752 4.25840064780585e-14
5.20172 1.41198 -2.7892 6.8460098560023e-14
2.66849 0.685437 -1.80693 1.18392666667791e-12
0.427248 1.33383 -1.8171 8.66304793168959e-13
2.80497 2.13129 0.218941 8.84069640567329e-14
15.9972 1.88091 0.204112 8.84496775281241e-14
5.98316 1.89034 0.113875 1.19074636435941e-13
0.290744 -4.5628 -3.1337 0
0.989372 -4.41924 1.43682 0
0.850072 -4.1775 -1.07034 0
6.87472 -3.12334 -1.60716 0
2.59252 -2.57979 -1.52279 0
1.22244 -3.02322 -2.03104 0
1.83332 -2.7367 -2.04431 0
0.655614 -3.89856 -2.41975 0
3.77909 -2.46185 -0.975596 0
1.34839 -2.13897 0.528496 0
0.837073 -0.00818531 0.32709 0
1.80712 1.22229 1.17351 0
1.23757 0.421486 1.09773 0
3.72253 4.02738 1.465 0
0.344871 5.89049 1.40326 0
0.0780087 7.03242 -2.06079 0
0.754901 6.83503 -0.286743 0
0.436231 7.21335 -0.905358 0
0.581867 -4.84746 2.55321 0
0.150936 -5.77738 1.4237 0
0.333462 -7.99876 -1.87608 0
6.0063 1.50514 -2.88663 7.36878227709658e-14
7.28565 1.48091 -2.9261 8.06193091378743e-14
8.92995 1.51019 -2.89043 7.38794561138867e-14
0.95659 1.73948 -2.70701 4.44553330982558e-14
1.08092 0.663271 3.11202 2.35634917681006e-13
1.04752 0.927502 1.45873 3.1580094813663e-13
1.25219 -0.279475 -1.65406 3.59010648444872e-13
0.979737 0.220269 -1.60478 3.1783432147298e-13
0.115427 2.28608 0.835117 2.00163918694035e-13
0.383601 -1.20167 -2.65691 0
1.03279 -0.355953 2.8092 0
0.799981 -0.812848 3.12149 0
0.490021 0.210276 1.63282 0
0.222016 -3.23735 1.10735 0
0.475471 -2.60982 2.03176 0
0.207327 -3.23884 2.33081 0
0.700491 -3.14867 0.988657 0
7.1489 -3.28619 1.6378 0
0.563814 -3.92302 2.19781 0
2.77413 -3.26562 1.66931 0
0.11675 2.72303 1.02708 0
5.47631 2.09132 0.262842 6.99794546264219e-14
6.28257 2.0773 0.298418 5.80644596867958e-14
8.74574 1.92186 0.223018 7.5828058689046e-14
14.9735 1.95777 0.224209 7.25559653422441e-14
12.6742 1.94782 0.237239 6.83771151753327e-14
12.2004 1.95567 0.192243 8.41863119668449e-14
1.37586 4.4861 -1.96866 0
0.232036 5.19793 1.79231 0
4.80716 1.05172 -2.4906 1.02033098569692e-13
2.20743 0.790981 -2.54172 1.62762950595084e-13
4.97283 1.10224 -2.61178 9.76419377727525e-14
0.449942 1.2479 -2.81447 9.15265869244021e-14
7.32599 1.39896 -2.74473 6.41776125268111e-14
0.589073 0.516878 -1.8748 1.25708321356065e-12
0.264936 2.53931 -0.767978 3.42768208464611e-13
1.10965 1.45935 -0.332945 4.06745584066407e-13
0.325702 -5.85739 2.36499 0
0.198577 -4.09174 0.8315 0
0.309184 -3.64833 -0.680851 0
0.844832 -3.90705 -1.37343 0
0.75403 -2.84707 -1.5647 0
0.262107 -1.51592 -0.812442 0
1.36786 -2.00796 -0.519278 0
0.961246 -0.519943 0.445424 0
0.752456 -1.52034 0.365933 0
0.530337 -0.566115 -0.14024 0
0.579451 5.76435 2.30635 0
0.249333 5.61646 0.394258 0
0.910509 6.80432 0.0486792 0
0.25742 7.15287 1.72341 0
0.510773 7.82761 -0.541156 0
0.143826 9.18376 1.03219 0
3.13289 -3.41438 1.63879 0
0.934164 -3.79795 2.21247 0
0.388923 -5.78714 1.61802 0
0.556922 -6.99527 1.61628 0
0.300391 -5.97852 -1.65641 0
0.554664 -8.94323 2.88514 0
1.56044 1.70167 -2.74133 4.81685569199825e-14
0.333321 2.53714 2.76475 1.23797011581056e-13
0.372703 1.65162 -2.00343 5.0414716185156e-14
0.167011 -1.33946 1.48638 1.16566465127349e-13
0.356767 2.02798 -2.30463 4.63918241110532e-14
0.277173 2.53243 1.66395 1.72844110716077e-13
14.0832 -0.714093 -3.06872 0
1.44543 0.11804 2.60757 0
0.283926 -1.52728 1.49676 0
1.71055 -3.08249 2.19672 0
1.06783 -3.39909 1.82546 0
2.38038 2.10995 0.312871 6.19398029338469e-14
1.74599 2.14349 0.14376 1.1030433973806e-13
0.0393267 5.60343 3.10658 0
0.315016 4.45029 0.417486 0
1.00317 4.46975 -1.53278 0
1.22845 4.06941 -1.3535 0
3.22415 0.759977 -2.82533 0.0634399252878726
0.325027 0.878136 -1.56775 1.65652691060605e-07
1.20988 1.05856 -1.74815 9.87698870424516e-09
0.280102 -3.72179 -1.98494 0
0.170724 -3.3153 0.693572 0
0.165408 -1.13054 0.245019 0
0.342607 -0.0130915 0.992205 0
0.57743 -0.362176 0.966214 0
0.156903 0.450343 -0.168011 0
0.0513658 5.81207 -2.90377 0
0.274693 4.97959 1.28065 0
0.113052 -7.88457 -2.02841 0
0.137209 -6.5777 -0.941532 0
4.84691 1.46044 -2.95247 8.56597879357713e-14
1.05625 1.4282 -2.86459 7.67375126274147e-14
0.883844 2.17555 3.01903 1.05782225943857e-13
0.748705 2.26378 -2.96923 8.68272821925813e-14
0.0905171 -0.933369 2.23669 2.56112262758205e-13
0.32287 -1.12101 -1.69376 2.93755782112184e-13
2.39898 -0.595887 -3.07143 0
4.50061 -0.708515 -2.99561 0
0.278183 -0.17314 3.0062 2.51786316334245
3.04281 1.3585 1.22733 0.860887412958037
1.30464 1.30173 -2.75109 1.0316225611221
0.593101 0.747218 -2.83646 0.101625654040429
0.673454 0.51743 -3.08898 0.908047548802708
1.13446 0.901338 -2.85237 0.268816246241239
0.278418 -4.12328 0.404378 1.14837789460004e-05
0.0715769 -4.12526 0.392957 1.08117198922194e-05
0.875937 -1.60678 1.90199 11.7997226739132
0.16928 -1.54387 2.6423 43.0318038260144
3.20086 1.19571 1.40325 0.568262838207821
