0.449459 4.0556 0.347609 0
0.644163 -4.77912 3.0739 0
0.586598 -4.53301 1.66432 0
0.47676 -0.402652 -1.35086 0
0.622103 2.95797 1.80878 0
1.69795 3.31598 -2.55914 0
1.94417 2.94513 -2.0508 0
0.157524 4.10764 -1.11247 0
0.249182 3.29734 -0.979728 0
3.01077 1.21298 -0.784237 0
0.760088 0.486417 -1.3215 0
0.134897 -0.075287 -2.93229 0
0.220815 -0.351174 -1.6624 0
0.616301 -4.84368 2.79407 0
0.1039 -3.12659 -3.03989 0
0.745415 -2.68749 1.72506 0
0.432869 -1.96131 -2.91603 0
1.44261 0.187348 2.7265 0
0.236498 2.14257 0.924694 0
0.459485 1.40091 -0.295471 0
0.388696 0.87166 -0.577446 0
0.49126 4.47601 1.03272 0
0.540135 5.01672 2.0983 0
0.133898 6.62119 1.35088 0
0.594774 1.53132 -2.12588 0
0.493072 -1.80176 1.3232 0
0.472314 -1.64653 -1.71202 0
0.0919785 -4.44947 0.244062 0
0.212643 -4.76115 -1.68522 0
0.40873 -3.63405 -0.736881 0
0.405248 -3.05808 2.24745 0
0.567158 3.15639 -0.311812 0
0.48014 4.39258 1.94577 0
0.604097 -2.83781 2.6937 0
1.09483 -2.76394 -3.13036 0
1.59747 -3.08865 3.04263 0
0.93116 -2.63477 2.21108 0
1.11667 -2.97989 -2.79936 0
0.684442 -2.72762 -2.51039 0
0.957333 -2.73467 -1.24904 0
0.253271 -1.9103 0.371152 0
0.862635 -3.65036 -1.4666 0
0.359122 -5.07052 2.76521 0
0.325659 -4.8221 -1.90316 0
0.22295 -4.34048 -2.00121 0
0.244559 -3.26777 -1.47654 0
0.0327537 -0.93624 -2.8631 0
0.624075 0.0434848 0.536954 0
0.530631 0.12324 -2.23012 0
0.796313 0.580571 0.496976 0
0.477747 -0.0935276 0.561818 0
0.955832 0.0598833 0.431541 0
0.466492 -0.66028 -2.4191 0
0.127913 -3.0248 2.66449 0
1.79684 -1.44621 -1.19073 0
1.16789 -0.818676 0.0601672 0
0.118431 -1.93759 -0.323546 0
0.672251 -2.17981 0.783737 0
0.583116 -0.967813 -3.0702 0
0.900463 -1.35505 -0.0569574 0
0.965906 -5.29629 -0.534545 0
0.176072 -7.44573 -1.7057 0
0.511508 -6.84546 -1.07358 0
0.283305 -7.47035 -0.246406 0
0.602734 -7.26617 1.08775 0
0.835992 -7.57366 -1.49954 0
0.452457 -5.80886 1.20057 0
0.639065 -5.33831 -2.76906 0
0.264652 -2.17455 -0.204944 0
0.16261 -0.0490429 1.26058 0
0.61788 2.73977 -1.8685 0
0.163008 4.6446 1.18852 0
0.527744 4.39854 1.06684 0
0.619904 5.11648 -2.52311 0
0.281985 6.35569 -0.93539 0
0.127008 3.64113 2.64198 0
0.719719 4.50101 -1.40665 0
0.949011 2.7561 -0.641425 0
0.816338 -4.25818 -0.640093 0
0.228306 -2.87513 2.11078 0
1.18448 -4.74698 0.403217 0
0.784149 -3.04367 -0.127238 0
0.525464 -1.44175 -0.157146 0
1.02439 -0.92018 1.82522 0
1.45567 0.638678 -0.731705 0
1.56166 0.956417 2.21827 0
0.525009 1.08139 -0.019696 0
3.65195 2.12022 -2.48745 0
2.57492 2.23625 -2.47099 0
0.783003 1.96695 2.07945 0
1.0769 1.64558 1.46749 0
1.89952 1.51589 0.864837 0
1.15807 3.68404 2.85042 0
0.459325 3.95971 -2.75666 0
0.592986 4.8205 0.960082 0
0.253647 4.46554 -0.2718 0
0.300751 5.54963 -2.59922 0
0.275885 5.78422 3.03915 0
0.292259 5.92012 0.0485024 0
0.539629 5.36976 0.152268 0
0.946978 4.88487 -0.509245 0
0.121391 4.46249 -1.39847 0
0.394114 3.10007 1.29541 0
0.37175 3.49404 1.13354 0
0.753003 2.49558 1.71919 0
0.195012 2.99562 0.525819 0
0.708037 1.79974 0.164102 0
0.974701 0.0450936 -0.0337298 0
1.61449 -0.546294 0.624713 0
0.794455 -1.13101 -0.766686 0
5.34404 -0.458927 -0.145824 0
1.72229 -0.827662 -1.01648 0
1.07782 -2.83925 1.68095 0
0.933527 -2.45072 2.25667 0
0.59466 -2.49976 3.04449 0
1.20037 -5.03323 -2.51309 0
0.893214 -7.24606 1.66026 0
0.173841 3.52911 0.0180284 0
0.100527 3.59457 -0.251863 0
0.276115 3.03677 1.26051 0
0.646016 -3.14592 -0.570955 0
0.697923 -0.622482 2.44128 0
0.271376 -2.41928 2.62518 0
0.634057 -2.32774 -0.106238 0
0.503469 7.18662 -1.13331 0
0.0829048 0.00129027 -1.13997 0
0.0056771 9.77723 2.02785 0
0.744333 3.67779 2.52304 0
0.338473 3.39302 -1.79987 0
0.673227 -1.05073 2.06613 0
0.206042 -3.80274 -1.06266 0
0.658146 -4.34515 -1.73323 0
0.398536 -0.207875 -0.815248 0
0.242075 0.347477 1.37033 0
0.941303 4.06091 2.1586 0
1.31023 3.41915 -2.06007 0
0.404888 2.48709 -2.45026 0
1.51253 1.5306 -1.1544 0
2.37068 1.78427 -0.861473 0
1.92913 1.50947 -1.01214 0
0.723701 0.410338 0.0234188 0
0.888037 -0.208381 -0.674001 0
0.580535 0.18974 -0.440378 0
1.58083 -0.449834 -0.919345 0
0.48993 -3.98431 1.23801 0
0.889824 4.48783 1.991 0
0.149847 4.94608 -1.46823 0
0.460463 -0.436992 0.884031 0
0.533019 -2.53758 2.99281 0
0.118477 -3.49416 0.569444 0
0.169865 -4.5049 -0.0259483 0
0.389666 -1.89955 -2.56378 0
0.17585 -2.77851 0.710606 0
0.115413 0.943461 2.87352 0
0.435754 0.822868 2.07065 0
0.336521 -2.95418 2.66401 0
0.404172 -3.54273 -1.75208 0
0.728164 -5.27759 -1.83137 0
0.195987 -1.66781 -1.62015 0
0.27575 -3.90407 -0.462224 0
0.430722 -1.84347 -2.52955 0
0.394721 -1.10861 1.14333 0
0.71894 1.96309 0.0228956 0
0.857634 0.546174 0.278028 0
0.13611 1.36862 2.39331 0
0.301497 0.154963 -1.21483 0
1.03439 0.361575 0.0925966 0
0.851749 -0.490909 -1.36845 0
0.171943 -0.338708 -0.100461 0
1.11027 -1.75267 0.362127 0
0.647639 -1.92573 0.247489 0
0.690977 -1.10352 0.363103 0
0.747964 -1.43237 -3.06821 0
0.595092 -5.55092 1.44344 0
0.219236 -6.03681 -0.410699 0
0.486305 -7.20315 -0.368455 0
0.207364 -8.0346 -0.767865 0
0.24457 -3.84472 -1.10091 0
0.321391 -2.69081 1.8054 0
0.449379 -1.1649 -1.21719 0
0.583525 -0.675443 -3.01636 0
0.219891 -0.812214 -2.63708 0
0.360563 -0.118685 2.47203 0
0.851065 0.946886 2.5245 0
0.597393 -3.96637 -2.79424 0
0.489161 3.90643 -2.19484 0
0.52095 8.80946 2.14213 0
0.0429609 6.87826 -0.47395 0
0.510871 5.11505 -0.567639 0
0.415108 4.74374 1.77965 0
0.267312 3.54511 0.0780132 0
0.526735 4.16138 2.5703 0
0.249588 3.37702 2.37061 0
0.268052 1.42498 1.23252 0
0.180227 2.1584 0.139406 0
0.71896 -0.0213819 1.52585 0
0.604985 -3.15544 1.38914 0
0.807913 -0.194119 1.3191 0
0.0953629 -2.00409 1.3433 0
2.01492 1.63363 -2.60388 0
0.0894701 2.65155 1.86998 0
0.138927 2.28202 1.71074 0
0.837708 1.67582 -2.44683 0
0.75748 1.79345 -2.54534 0
0.382185 2.98666 0.165671 0
0.532519 2.04518 0.689566 0
2.5227 1.2925 0.612075 0
0.407804 2.8289 1.59115 0
0.0909245 1.80353 2.33037 0
1.21603 3.42989 2.0584 0
0.425683 2.73783 2.75084 0
0.844813 4.30141 -2.89122 0
0.442351 5.05502 -2.55378 0
0.40535 4.67381 -0.890134 0
0.378632 3.2906 -0.163285 0
0.460395 3.79159 0.52246 0
0.193959 2.16816 3.06287 0
0.295001 1.31055 -0.267212 0
0.921916 0.74182 0.419531 0
1.11645 -0.753792 1.6312 0
0.328334 0.0202643 1.71441 0
0.748047 -1.29328 0.716337 0
0.751114 -1.17577 1.43241 0
0.483565 -0.991003 0.508811 0
1.24447 -1.48764 0.963068 0
0.889914 -0.435054 1.40539 0
0.0906022 0.352721 -2.48394 0
1.14742 -0.191235 -0.0732341 0
0.332711 -0.599588 0.371507 0
0.491835 -1.12171 -1.83754 0
0.578037 -1.68721 -1.56578 0
0.129878 -1.25785 2.10956 0
1.02466 -2.2796 1.84124 0
0.102844 -3.18166 -0.814667 0
0.807419 -2.4091 2.01974 0
0.119926 -2.65044 0.853397 0
0.197567 0.503572 -2.20655 0
0.107339 -1.67354 -1.15379 0
0.489394 -4.73336 2.07162 0
0.39349 5.03574 1.69323 0
0.514667 3.37299 1.72246 0
0.424895 1.93228 1.43057 0
0.923572 -1.69572 3.0618 0
0.715002 -1.32262 -2.95847 0
0.331815 -0.296833 1.57374 0
0.295362 -1.54304 0.874845 0
0.721509 3.54942 -0.836837 0
0.538071 3.62431 -0.428319 0
0.569914 0.277098 -1.11402 7.08853793201322e-09
0.44495 0.282933 -1.10827 6.95972085489621e-09
0.237089 -2.825 -0.197729 0
0.185032 -2.71451 -2.15076 0
0.469428 4.83051 1.63136 0
0.108638 4.88447 -2.38791 0
0.261902 1.60181 1.25579 0
0.11667 0.898614 -1.55709 0
0.346839 -2.71952 -1.35769 0
0.553099 -2.55086 -2.28311 0
0.415135 -2.83866 -0.271733 0
0.35353 -2.58199 -1.08788 0
0.073808 -5.63942 1.39296 0
0.188215 -4.62174 -0.381253 0
0.205951 -1.04764 1.23509 0
0.290601 -1.75443 3.13766 0
0.344721 -1.67753 2.09742 0
0.591831 -5.84179 0.327168 0
0.0989328 -6.34711 -1.75047 0
0.236409 -5.98537 0.596966 0
0.267857 -4.76528 1.36144 0
0.132562 -0.740459 2.11729 0
0.278203 -0.159725 0.696265 0
0.346429 -0.375686 2.0506 0
0.138391 0.800671 -0.165639 0
0.474991 -4.62187 1.13012 5.62360226912115e-09
0.276294 -4.32147 0.402463 7.38897358368927e-09
0.322221 -2.02889 1.54171 0
0.646617 -1.55034 2.14963 0
0.408034 -0.740647 2.38152 0
0.711217 -0.541493 1.9035 0
0.246221 -0.598607 1.60178 0
1.2888 -0.920088 1.99918 0
0.515496 1.64771 1.48016 1.78827595988217e-07
0.808295 1.8 1.10988 1.46012801353274e-07
0.231021 2.23732 2.58318 2.02670072424963e-08
0.0797594 1.82279 -2.33716 1.02471522654265e-07
0.274561 2.64841 -3.08147 0
0.648789 3.22576 2.89767 0
0.144322 3.81006 1.47445 5.28031948800012e-08
0.0725829 3.83319 0.346754 2.08894241593842e-07
0.192369 4.36141 -2.93187 11.6388825128394
0.17274 5.4688 0.0371918 1.51565775476427e-08
0.43662 5.72583 -0.808747 3.68955371883606e-09
0.176697 4.48678 0.419295 0
0.424326 4.38407 -2.11215 0
0.172099 5.15834 2.60919 0
0.384311 4.30869 1.75371 0
0.0660273 4.60906 -0.342714 3.64848551947111e-06
0.272652 4.84346 -0.37346 8.49572009175294e-06
0.54296 2.2649 -3.12282 4.77621163565735e-08
0.16706 2.30411 -2.95367 6.89100973519622e-08
0.194997 1.49437 1.69269 0
0.155805 2.2891 -2.11229 0
0.14584 -1.46656 -0.487693 14.6105938367404
0.0649792 -2.75291 2.79524 0
0.28104 -0.405234 -1.06317 0
0.392641 -1.62338 -2.05999 9.32947843396487e-08
0.598159 -1.67173 -1.88764 1.97559742912367e-07
1.2266 -2.19728 2.54355 0
0.582077 -2.13716 2.76231 0
0.275142 5.7189 -2.65301 0
0.462601 5.73891 -2.64089 0
0.0921327 2.6789 -0.620238 0
0.327109 2.33384 2.67542 0
0.11472 1.21563 -0.545677 0
0.231434 0.377467 2.58503 0
0.177297 3.57708 -0.886403 0
0.239527 2.2578 -0.996158 0
0.337989 2.86335 2.92717 16.3934344030708
0.0906843 2.7305 -0.411059 69.6868545899137
0.618537 2.43403 -0.825834 2.74868179478853
0.0791225 2.66589 -2.24846 17.2009709625356
0.727046 1.3428 0.337033 15.7682155952014
0.968046 1.77445 0.140159 7.98442103073153
0.186132 2.85045 0.31119 35.0394058812727
0.228609 2.87003 -3.01911 28.0096671104063
0.158684 -4.19113 -0.491028 3.30565254300273
0.910862 -4.38695 -1.17124 0.47493603199669
0.362885 0.00343553 -0.415833 20.2314403826066
0.0850604 -0.955233 2.73401 57.9381146137292
0.534804 -0.32025 0.029254 5.41682790012583
0.0447229 1.35223 -1.2587 33.0789578573045
1.50344 1.81345 0.175753 6.99930531120723
0.769778 1.97008 -0.168589 11.7596292104448
0.276734 1.71469 -0.139186 15.0780372603477
0.176172 0.744528 -0.241992 73.9464050619265
0.744473 -2.09467 2.8426 0
0.481388 -2.28145 0.574849 0.243334487251005
0.0906347 -1.35443 0.724801 3.10318349991444
