6.81963 3.08546 -2.25375 4.84234511166905e-14
23.7692 2.71035 0.209334 2.01685371208449e-14
0.646328 -6.73389 -0.443436 0
0.648499 6.29722 -1.83121 0
0.385564 2.5818 -2.33489 0
0.728965 2.12565 2.18624 0
1.30387 0.212386 0.876137 0
0.0890372 -0.5308 0.567638 0
0.361589 1.80624 1.777 0
0.906892 3.50306 0.840955 0
1.56533 1.9133 -2.76583 0
0.59781 0.649342 -2.88868 0
0.551006 -0.0265576 -0.858986 0
0.663914 -0.894556 0.0185043 0
0.733304 -1.91903 -3.1077 0
0.074608 -3.88248 -1.21086 0
1.02322 -3.42818 -1.57448 0
0.341974 -4.55643 -0.992185 0
0.467624 2.3013 -1.56471 0
0.214372 2.12311 -2.03273 0
0.353895 1.39226 -1.59226 0
0.592759 -3.78305 -2.85345 0
0.307778 -3.85952 1.70769 0
0.699472 -4.84905 0.0267378 0
0.502741 -5.39606 -0.335597 0
0.366164 -6.82635 -1.24723 0
1.88294 -1.40098 2.63932 0
0.396347 3.31984 0.265564 0
0.248417 6.50023 -0.659409 0
0.329546 8.83442 -2.26558 0
1.08303 -6.96761 -2.65161 0
0.809687 -7.10465 -2.71616 0
0.407449 -3.38362 2.3137 0
0.0307561 -5.58723 3.06701 0
0.188032 -0.510119 -0.0843308 0
1.36751 -0.684309 -0.816078 0
1.16464 -0.79998 0.228651 0
0.434042 -1.45752 -0.783678 0
1.05335 -1.09885 -0.683207 0
0.560409 -0.344775 -0.198198 0
0.204029 -1.23818 1.08388 0
1.13661 -1.22711 1.2755 0
1.0097 0.224713 2.88242 0
1.14458 0.415267 2.90013 0
0.254102 0.133434 3.06601 0
0.805542 0.541857 -2.93281 0
0.824239 1.7259 2.98694 0
0.109147 2.34258 2.42743 0
0.859643 1.42219 -1.51715 0
0.785523 0.872664 -0.582751 0
0.738195 2.37288 -0.58866 0
1.53589 3.1103 -1.78941 0
0.233592 4.11951 -2.63026 0
0.080753 4.30974 0.584439 0
0.589457 2.54303 -3.05586 0
1.10716 2.3301 2.15285 0
0.454011 2.34063 2.18837 0
0.142727 -7.56842 -1.12837 0
0.392482 -7.09198 2.10688 0
0.26824 -2.70451 -1.7759 0
0.360888 0.961133 -2.99046 0
0.16535 2.61629 -2.30405 0
0.248954 4.833 -0.77218 0
0.552251 3.1916 0.931729 0
0.292107 3.91176 2.84619 0
0.5668 5.83361 -1.91806 0
0.50015 5.84717 -0.228329 0
0.371414 6.7575 3.03006 0
0.369381 7.18465 -0.904069 0
0.0369121 -10.6731 -2.58078 0
1.05029 5.82441 -1.62111 0
0.348628 2.41944 -2.27175 0
0.131116 3.12977 -1.00901 0
0.20908 5.45187 -0.706829 0
0.179793 6.00274 -2.68113 0
0.592394 1.42422 2.52282 0
0.403217 2.57617 -2.58335 0
0.616149 -0.368827 -2.30383 0
0.461412 -2.77208 1.97979 0
0.63722 -4.53012 -2.41661 0
0.592417 -3.61014 -2.85971 0
0.684981 -3.56109 -1.68203 0
0.174732 1.07033 -2.49817 0
0.392349 0.942926 0.407579 0
0.442129 -0.0570678 1.73501 0
0.335803 1.3739 -1.27642 0
0.104555 -6.1986 2.95268 0
0.123484 -2.12888 1.81414 0
1.27162 -1.3034 2.78537 0
0.28194 -0.455395 -1.94103 0
0.23545 2.75919 -2.25661 0
0.173153 1.10339 2.63679 0
0.564423 4.23428 -2.5742 0
0.465469 8.09022 1.60552 0
0.439376 -4.76864 2.06946 0
0.108846 -3.80143 -2.85363 0
0.555076 -4.21305 -1.75365 0
1.0775 -1.03005 -0.113771 0
2.03272 -1.09217 0.0147177 0
1.06593 -0.608129 1.12584 0
0.770343 -0.746123 0.325893 0
1.88646 -0.356253 0.616809 0
0.266169 -1.09762 -1.88247 0
0.271361 0.538074 1.42818 0
1.24222 -1.24359 1.36585 0
0.899338 0.521294 2.38588 0
0.537601 0.175139 2.65646 0
1.33871 0.56255 -0.827529 0
0.332347 1.25392 -1.42086 0
0.620977 1.9898 -3.04847 0
0.151948 0.718668 -2.02683 0
0.82257 1.85916 -2.68289 0
0.498607 2.51804 -2.19085 0
0.0570108 3.4341 -2.24946 0
0.377128 2.47767 2.6882 0
1.10361 3.58932 2.93474 0
0.562908 2.73097 1.19405 0
0.491377 2.4875 2.82438 0
0.9177 2.82815 1.15743 0
0.394106 2.7061 2.19085 0
0.110548 -6.49073 -2.32039 0
0.163756 -4.3816 0.813532 0
0.758861 -5.65578 2.65346 0
0.761807 -3.39844 -0.824098 0
0.700559 -2.34747 -0.124289 0
0.565473 2.44069 -2.68263 0
0.10968 2.97973 0.819844 0
0.0793531 1.28133 -2.07508 0
0.131082 4.38664 -0.183533 0
0.113523 4.90239 -1.16466 0
0.404562 8.06563 -3.07957 0
0.0634904 10.2299 -1.23973 0
0.20817 1.8307 -0.279679 0
0.290383 0.743353 -2.03912 0
0.468076 1.78128 -2.63395 0
0.195363 1.77608 -1.80464 0
0.673607 3.1203 2.32306 9.84091733238052e-08
0.578419 3.24146 2.53005 1.00436358185869e-07
0.162171 1.64938 1.32207 9.88838369748165e-08
0.057608 2.91664 -1.47142 3.69238092988908e-08
0.235393 5.13585 1.73322 0
0.0305576 8.23781 -1.16723 0
0.970705 0.543739 0.621362 5.14448552221368
0.0619271 0.553112 0.110175 79.7395698887626
0.636296 0.572629 2.21371 0.616344451681463
0.223324 0.454638 1.15601 1.86141001504756
0.952468 -2.90758 2.41313 3.28344121496593
0.0728991 -3.86292 2.64753 16.4892897344943
0.508172 -3.14311 1.79354 14.9654869680824
0.656026 -3.14765 2.52008 11.5005294247817
0.996097 -1.21512 0.298533 0.848690465777545
0.118824 -0.874817 0.554612 9.30559148605178
0.607918 2.46381 2.38323 7.6880813893676
0.469539 2.68384 3.13993 8.00172437803378
0.211281 2.71339 2.81089 4.21407919054466
0.276885 1.27796 2.62703 12.6218931737355
0.542998 1.83549 2.01947 0
0.470969 0.395218 1.84054 0
