7.69416 -0.184967 3.12824 2.15186720828524e-14
1.17541 1.8661 -0.591933 0
0.152826 -3.38483 0.70795 0
1.14282 2.92838 2.01005 0
0.925162 -4.5506 -1.46998 0
0.253588 -5.65307 -2.87666 0
0.343088 0.658247 -1.36921 0
0.430345 4.37161 -1.8893 0
0.485966 2.62468 1.17081 0
1.23108 4.28614 2.45543 0
1.1065 -1.8889 0.127305 0
0.250646 -3.94331 0.850236 0
2.44371 1.88328 -0.466018 0
0.734078 1.83073 -0.0286188 0
3.28298 5.1906 -2.642 0
0.827753 5.91461 -0.327111 0
0.617147 4.8284 1.03836 0
0.543824 0.16385 1.23763 1.79678058279434e-14
0.269273 1.18187 -0.794045 1.78473875644511e-14
0.848307 -1.48534 2.84837 0
0.523359 -1.17175 -0.129939 0
0.620155 1.23653 -1.14162 0
0.133382 1.78328 1.90968 0
0.116161 -0.0894899 0.667714 0
0.53987 0.636109 -2.19985 0
0.78758 -0.176438 2.63822 0
0.308627 -0.309226 -1.37644 0
2.12346 -0.380591 3.13277 0
0.228647 -1.26886 -1.09739 0
2.10259 0.231018 -1.6235 0
1.00493 -0.804314 -0.604673 0
0.765166 0.247899 -0.206368 0
0.90497 -0.857064 0.659521 0
2.27875 0.353148 0.593294 0
2.04734 0.97003 1.2962 0
0.789216 6.06362 -0.889378 0
0.858619 0.895711 -1.44752 0
0.815775 2.67608 1.58908 0
0.481646 -6.16551 -2.81746 0
0.325294 -2.85083 1.36269 0
0.18935 -6.01731 -0.760473 0
0.464427 -3.4225 2.93513 0
0.556642 1.53988 -0.177615 0
0.421012 -3.91166 1.00765 0
1.7789 -2.24502 -3.07104 0
0.787689 -2.208 2.58203 0
1.15689 3.06728 3.1186 0
1.52105 -5.38988 -1.77288 0
1.16435 -5.33761 -1.72287 0
0.119436 -4.92893 -1.87598 0
1.6863 2.13397 -2.13664 0
0.200052 2.89778 2.6038 0
1.47857 4.48087 0.690779 0
0.860406 4.16105 0.628857 0
0.302929 4.02306 -1.06588 0
1.13947 -3.85146 1.0734 0
0.284444 -3.00733 -2.50521 0
0.926418 -5.74348 -1.58832 0
1.81958 -6.47618 -1.7141 0
0.576743 -6.53932 0.99176 0
0.608017 -5.67144 0.774305 0
0.463157 -7.61659 -2.16822 0
0.344752 -6.21212 -2.09139 0
1.4759 2.48247 2.55096 0
0.845792 1.93023 2.76607 0
0.312372 1.53047 -0.17779 0
0.199158 2.13692 0.381006 0
1.67027 1.17573 -0.093139 0
2.53046 2.31149 -0.185237 0
0.1178 3.46353 -0.702767 0
2.69954 4.50775 -3.02481 0
1.57121 5.1514 -2.80485 0
0.806456 4.60465 -2.41384 0
1.40018 4.90413 -2.0813 0
0.749028 5.34145 -2.30621 0
0.399558 6.20953 -2.29583 0
1.13481 5.15856 -1.93436 0
2.76054 -0.0703756 -0.331108 2.1809028296126e-14
7.60527 -0.0425151 -0.228413 2.19847758717087e-14
0.993018 -0.427593 -0.196258 2.0357465380415e-14
0.3222 0.590429 0.116654 1.81224791876068e-14
0.290587 -0.860873 0.376893 1.95337642350447e-14
0.484903 0.0270971 -0.691086 2.15560504871259e-14
0.247547 -0.680989 2.30341 2.10568474561425e-14
0.156978 -2.05939 1.82116 1.43001779697409e-14
0.372068 -6.74123 0.0240245 0
0.018517 -0.975552 2.94981 0
0.124457 -2.6917 1.04633 0
0.773825 1.2218 -0.759627 0
0.0706255 -0.834372 -2.05378 0
1.79254 -1.03406 0.108006 0
0.330299 -0.0437865 -0.560527 0
1.88593 -0.732099 0.428827 0
0.465294 -0.533391 2.93047 0
0.23314 1.13804 -2.24048 0
0.221809 6.32776 -0.834878 0
0.509772 5.76573 0.56137 0
0.711223 -0.120678 0.73006 0
0.424294 4.96712 -2.02652 0
0.0692934 6.34424 -0.503987 0
0.56293 -7.54191 -1.62387 0
0.0612452 3.31679 -1.9819 0
0.087087 -1.13378 -1.11014 0
0.588771 4.74876 -0.909116 0
0.419867 5.424 -2.486 0
0.956847 5.01816 -2.12567 0
21.4093 -0.178099 3.08824 0.081603714291895
9.80035 -0.276956 -3.12566 0.174270490478958
0.146828 -5.71918 -0.545031 0
0.0652439 -7.45566 -1.83963 0
0.206012 2.64698 1.20731 1.97980236103075e-08
0.844994 2.67836 1.13228 2.17925887479241e-08
0.109887 4.18897 2.64405 0
0.181994 2.33299 1.43715 0
0.788206 -5.29944 2.74657 0.0558663243559237
0.10273 1.42987 -2.14699 1.82055755680406e-07
0.432128 0.747361 -2.84973 7.1607944022167e-08
0.446507 2.18172 3.03924 0
0.738608 2.04933 -2.74038 0
0.0978808 3.26044 0.73846 0
0.148239 5.14115 -2.11332 0
0.354711 -3.42984 0.904154 0.665022455102669
0.148517 -5.33787 1.55991 0
0.763277 -5.40812 0.459639 0
0.267504 6.88502 -0.763807 0
0.319885 5.95883 -2.22657 0
0.453214 -1.41571 1.2112 0
0.567996 -1.75813 1.31638 0
1.23673 -0.850582 1.58663 0
0.11552 -0.822757 2.16678 0
0.206869 -0.390775 -2.10907 0
1.45645 0.224285 -2.45454 0
0.398609 0.396506 -0.289681 0
0.681404 0.588397 -1.28518 0
0.197785 -0.513707 -0.935525 0
0.600972 -0.944831 -0.123271 0
0.0404111 2.43623 1.78422 0
1.00815 0.48759 2.28907 0
1.1472 0.449484 2.78286 0
1.61373 0.494934 2.54706 0
0.356953 2.36891 -1.32704 0
0.136522 3.19431 -0.885724 0
0.499513 0.406496 1.98891 0.902349896497921
0.177581 -0.22913 -3.09954 2.67987168747754
0.352478 -0.103624 -2.18465 41.4379234375829
0.0549036 -2.01263 1.55774 70.3940860716567
0.211697 -0.249035 0.284135 20.3815870824954
0.56551 -1.11378 -0.224358 4.66753014240705
1.20582 0.0667609 0.708466 1.42025676941484
0.220321 0.0473898 0.0639314 7.78163965208131
0.239775 -1.315 0.920602 10.0649193073309
0.357957 -0.956971 -0.572618 9.00751144368182
0.127203 -4.36778 -1.82717 10.2394194012218
0.283536 -4.6941 1.72353 3.31161029797772
0.326861 -4.02401 -2.67095 0.815532319734651
0.620243 -1.26381 1.8188 0
0.190295 -0.0527363 1.73594 0
0.612315 -4.33044 1.47583 0.0746341723936976
