1.39765 -5.84947 -0.5155 0
0.544807 -7.17334 2.14905 0
1.15624 -7.48737 -1.0128 0
4.01098 -1.30306 1.86731 0
0.704745 -2.25773 2.33307 0
0.215472 -6.85869 -1.5621 0
0.392197 -5.7913 0.29335 0
0.211764 -3.80604 0.682556 0
0.1048 -3.50205 1.9966 0
0.542753 0.102726 2.39824 0
0.667411 1.6415 -0.398242 0
0.780085 2.43586 -0.886973 0
0.571925 1.68702 -0.915334 0
0.666729 1.79449 -1.23551 0
0.918037 1.42596 -1.21391 0
0.180648 -1.25863 2.97089 0
2.35819 3.64819 -2.38926 0
2.29595 3.8524 3.11218 0
0.435046 3.50382 -2.81696 0
1.61266 4.2276 3.11091 0
0.136914 7.94514 2.42979 0
0.609753 5.68901 -1.85666 0
0.795559 5.18713 3.05211 0
0.273406 6.22938 -2.2331 0
0.0875208 4.4396 -1.15874 0
2.24351 -2.7443 2.60892 0
0.632617 -3.76765 2.1491 0
0.278588 -4.4868 0.460148 0
0.178705 -0.894121 -2.75376 0
1.68716 -0.850188 0.574967 0
1.22214 -0.771538 1.6532 0
0.462316 -0.480578 1.63735 0
0.605503 -0.482694 0.0302956 0
0.820358 -0.954781 -2.56835 0
1.07107 1.57271 3.12436 9.62698173278851e-14
0.716788 2.34925 -3.06217 4.6793828047142e-14
2.08974 2.06585 2.96433 6.14453827335037e-14
0.0959679 3.38164 -2.56267 1.69813922064525e-14
1.43909 2.67558 2.67445 3.51955400651701e-14
1.36742 3.97154 -2.15027 8.90182649599784e-15
1.47809 3.67285 -2.1352 1.18518537162306e-14
0.132327 3.40067 0.0577663 1.39903378693597e-14
0.171613 2.32697 -0.237549 4.34688439888172e-14
1.80287 2.22978 0.596315 4.98740790960787e-14
0.197239 2.63323 -0.142769 3.1585480752894e-14
0.576015 -8.46872 0.0426456 0
0.28155 -4.55261 0.677546 0
0.211466 5.1893 -2.23091 0
0.612273 5.65198 3.07982 0
0.477258 2.76614 3.04043 0
0.283746 -2.35838 2.72068 0
0.376294 -5.38609 -2.39165 0
0.393541 -5.83717 -0.711805 0
0.914922 -4.83241 -0.299884 0
0.312843 -3.54125 2.76134 0
0.728703 -3.41909 -0.316499 0
0.24653 1.53172 2.195 0
0.179027 5.89464 -0.215752 0
0.638795 4.29036 2.67645 0
0.45156 5.18237 0.83769 0
0.165536 8.84029 -2.97104 0
0.552628 -7.2886 3.0043 0
0.282341 -4.27178 -2.85969 0
0.426799 -4.94843 0.537817 0
0.194486 -5.83722 2.20852 0
0.516432 -2.49688 1.66004 0
0.83777 4.16286 -0.261946 0
0.735453 4.49597 -1.75883 0
0.969287 2.35609 1.08382 0
1.18412 1.32225 1.12119 0
0.513035 1.1856 1.3552 0
0.32067 2.38035 -0.0168631 0
0.483312 1.72463 0.838767 0
0.468845 1.35643 0.97218 0
1.07369 0.47058 -1.63387 0
1.1735 0.393263 -0.108527 0
0.292503 0.813723 -2.63356 0
1.33565 0.231639 -0.410465 0
0.879167 0.273617 2.15936 0
0.13446 -0.00601096 0.825633 0
0.19288 1.67468 -2.57602 0
1.28126 1.16998 2.57666 0
1.28064 0.876558 2.45479 0
0.520876 -0.138249 2.84971 0
0.787106 -2.55093 3.0269 0
0.702932 -3.58901 -0.863048 0
0.688724 -5.73734 -1.57557 0
0.376027 -5.28397 -0.630078 0
0.45212 -5.8237 2.83694 0
0.859791 -5.577 -1.92685 0
0.781804 -1.07137 -2.489 0
0.349105 5.11535 2.47896 0
0.689949 5.00232 1.64503 0
1.04716 -1.47451 1.94135 0
0.242327 -1.08094 2.85095 0
0.385838 -3.04726 0.353649 0
0.308107 -1.61092 -0.144431 0
0.555604 -6.47226 2.13817 0
0.270754 0.280805 -2.32982 0
0.40798 0.119615 2.84395 0
0.563504 0.958915 -2.03845 0
1.04127 2.51846 -1.84805 0
0.276248 -0.815495 1.6108 0
0.202547 -1.58801 1.32221 0
0.357736 -0.98597 0.972287 0
2.06882 3.19277 -2.69802 0
0.0980016 4.6166 -2.4133 0
0.640187 5.77977 -2.76346 0
0.251208 5.3945 1.80075 0
0.35416 6.89603 -2.59074 0
0.735093 7.04271 2.02737 0
0.313612 6.04541 0.324257 0
0.247248 5.75749 -0.843119 0
0.393667 5.7805 2.57321 0
0.569048 4.89471 1.66149 0
0.165074 5.13935 2.23704 0
0.299458 -3.43712 -0.615999 0
0.252918 -5.0028 -0.0293465 0
0.436195 -3.49263 -0.781083 0
0.243459 -2.88636 -0.933425 0
0.402974 -1.92286 -1.36152 0
0.839884 -1.79073 0.0382067 0
0.532187 -1.68507 -0.445488 0
0.227068 -0.634106 1.26526 0
0.310428 0.19109 -2.95113 0
0.2493 -1.43237 -0.179479 0
4.10063 -0.970575 -2.57701 0
0.685656 2.0933 2.91273 5.99906141825423e-14
0.23775 3.42928 -3.13879 1.75294937515161e-14
0.739738 2.53256 2.52156 4.02054074014826e-14
1.89306 2.73941 2.94532 3.29276458072088e-14
0.624652 2.64691 -3.10696 3.5455728853307e-14
0.505757 2.75026 -2.16668 2.99040505764243e-14
0.127637 5.26147 -1.48783 1.92818224293971e-15
1.53516 2.19085 0.721432 5.21796493621953e-14
0.228623 2.44218 -0.635764 3.82105438393727e-14
0.982872 2.56101 1.01075 3.7034119967235e-14
0.368197 0.125002 0.37205 0
0.377029 -6.46236 -0.747331 0
0.339531 -2.01872 3.09956 0
0.21575 0.477111 0.405488 0
0.381262 0.495835 -1.42065 0
0.193814 4.53339 2.98552 0
0.505181 3.54289 -0.556586 0
0.190432 2.26574 1.14785 0
0.286364 3.57213 2.95827 0
0.607044 4.76513 -2.48653 0
0.216018 7.26996 -0.951523 0
0.44911 7.00914 1.66526 0
0.332164 8.00756 0.0574635 0
0.599478 -6.02789 -1.97811 0
0.123116 -7.18859 0.219475 0
0.265427 -5.79876 2.17791 0
0.44422 -1.14788 -1.80476 0
0.161516 -1.70426 -2.84059 0
0.311626 0.624789 1.44524 0
0.512595 1.38792 0.816929 0
0.680262 3.0292 -1.34751 0
0.572211 2.66608 -2.66592 0
1.75374 3.82724 -0.798417 0
1.83149 4.03886 -1.32886 0
0.718349 4.40663 -0.882599 0
1.26493 2.64002 0.428793 0
0.204558 3.33549 -2.65797 0
0.315084 2.55763 1.77262 0
0.140577 2.22374 -1.31855 0
1.87041 2.16081 0.697206 0
2.51932 1.92423 0.647981 0
0.458419 2.18124 0.31242 0
0.205482 1.28069 -2.89935 0
0.123922 2.61729 0.593523 0
0.534418 -1.23499 -0.257074 0
0.601448 -5.18203 1.22085 0
0.198874 -5.24015 -1.43907 0
0.975752 -5.4452 -0.173274 0
0.341469 -3.58942 1.3055 0
0.414163 -2.07941 0.595634 0
0.165168 -0.412932 2.36629 0
0.330262 -1.21212 0.292396 0
0.568601 -0.945729 2.06361 0
0.48571 -1.51117 2.09589 0
0.875096 -0.885143 2.55994 0
0.210389 1.75084 1.46237 0
0.192008 -0.40414 -1.58843 0
0.292053 0.0664091 1.3509 0
0.137969 3.65754 0.0158596 0
0.378734 1.83332 0.304703 0
0.682634 2.87956 -3.09077 0
0.0890659 7.23518 1.08415 0
0.344449 4.33185 1.3596 0
0.391036 4.62415 1.77936 0
0.292887 -3.67516 -3.13267 0
0.0397102 -6.35786 1.537 0
0.791259 0.559077 1.14832 2.98453713227518
0.292835 0.474418 1.36244 8.45559336359004
0.0451248 -0.121567 2.73108 0
0.345109 -1.44399 1.71191 0
0.171253 2.04605 2.31296 1.08635863525537e-07
0.334768 2.15924 3.07819 6.07385473649884e-08
0.726979 2.56037 3.13674 3.85237108973777e-14
0.291379 3.0845 -2.83073 2.31202529686456e-14
0.374851 2.99331 -2.84113 2.52211880891999e-14
0.952141 3.17053 -2.93824 2.16337487477864e-14
0.038271 3.67221 1.64697 18.9025295364454
1.13618 3.8748 -2.82235 0.941128237724566
0.168244 3.41084 -3.07337 10.1604860180724
0.21797 3.68478 2.51224 1.46796707225668e-14
0.259191 3.64104 -2.08177 1.20821609586312e-14
0.181123 4.1842 0.395561 0
0.564737 3.26 -0.552111 0
0.550441 2.88095 -0.368956 0
0.468944 3.56482 -0.430795 0
0.190497 1.91955 0.306486 0
0.281887 2.09564 1.19929 0
0.0247844 -5.65265 -0.423801 6.98621556720773e-08
0.205861 -3.24027 -0.557208 6.14662799336168e-08
0.0260921 -6.81082 0.640293 0
0.298502 -5.63649 -1.82297 0
0.415491 0.787237 2.40641 0.0539981441227178
0.192282 0.627907 2.05487 0.129731279041731
0.605182 0.516234 -0.43876 17.266141473754
0.137761 1.16822 0.803097 48.7245653206383
0.0478029 2.31236 -0.248528 9.68478412559185e-06
0.0427464 2.58181 -0.312788 9.22145247184087e-06
0.183579 1.54101 -0.238352 63.3852940584728
0.487663 0.987306 1.09364 38.112567576127
0.433562 -1.26239 -2.02335 7.29937964846193
0.980863 -0.909967 -2.53919 4.2675156674173
0.228056 0.000700263 -3.08401 2.95081425914108e-06
0.0623437 -0.054834 -3.12031 1.5458269491099e-06
0.474669 -6.36465 -2.96281 0.446754367817366
0.226968 -7.21215 -2.02887 0.401243099035013
0.0391683 1.25628 -1.19276 10.6972282227698
0.10999 -2.10106 -2.9679 1.74996864557573
0.165855 2.19681 -2.83939 0.00132205137160289
0.853834 1.74734 -2.58424 0.0500898391640898
0.579549 1.97103 2.94433 0.0129524445493226
0.062552 2.88133 -2.40642 0.0145584468929838
0.565456 2.44805 -0.338265 0.148632673686207
4.2991 2.12084 -0.257588 0.103214663202803
10.5668 2.20964 -0.139553 0.0206372780073984
2.41002 2.22598 -0.189681 0.0426922498039053
1.30356 2.37977 3.06604 0.0457636299017255
0.435832 1.72866 -2.67812 0.0473859245179626
2.52026 2.2963 0.175072 0.546714640282547
4.70492 2.22031 -0.0977671 0.150975368104871
4.04069 2.2874 -0.0970164 0.123593147446872
1.98332 2.31746 -0.108371 0.0422300198683266
0.605278 2.54528 -2.68709 0.0281046417547772
0.192415 2.02899 -1.64687 0.10694989356355
