0.675138 2.86872 -0.695502 0
0.641339 0.943416 1.78305 0
0.665445 1.89342 2.7584 0
1.41307 0.0840688 0.995558 0
1.08064 0.750293 2.85017 0
0.145729 0.203092 1.05312 0
1.43503 1.17385 -2.79436 0
0.747737 0.170344 -0.76454 0
1.60181 -0.376493 -1.94563 0
0.172686 -0.576578 -1.51123 0
1.10499 -1.07138 -1.6961 0
1.608 -1.39181 -1.92668 0
0.156375 3.21856 1.40835 0
0.484706 1.42377 1.33785 0
0.157025 4.77594 2.60053 0
0.831452 5.55008 2.6601 0
0.532716 1.59026 1.14956 0
0.181232 1.02322 0.747185 0
0.133212 -2.17209 2.45085 0
0.962722 -1.3972 -1.56798 0
1.60954 -1.47365 -1.56864 0
0.739362 -2.54445 -1.76875 0
0.982531 -1.8364 -2.3809 0
0.708818 -2.74417 1.2415 0
0.29357 0.888392 -0.121316 0
0.0415974 3.0538 2.54145 0
0.447548 2.96661 -0.933174 0
0.356107 5.31448 0.372994 0
1.8877 4.67437 -1.11302 0
0.516716 -1.76429 2.34744 0
0.790744 -1.8396 2.53972 0
2.52074 -1.17689 1.5936 0
0.403412 0.448544 -2.43154 0
0.466655 -0.469456 1.51375 0
0.278249 1.25926 1.31583 0
0.894824 -1.72088 -2.42528 0
2.37928 -2.09032 -2.15116 0
0.519404 -3.02285 2.95733 0
0.597376 -3.92799 -2.09427 0
0.228154 -3.13105 -2.05094 0
1.83102 -3.47629 2.21534 0
0.987045 -4.53125 2.71344 0
0.968209 -4.4057 2.1726 0
0.424495 -3.82804 -2.4018 0
1.30961 -4.00749 -2.2642 0
1.87414 -4.57375 -2.13299 0
0.30532 -5.38806 2.03674 0
1.01271 -5.56128 -0.760916 0
1.15678 -6.54 -2.33327 0
0.67326 -6.54234 -0.783774 0
0.129471 -7.98526 -0.561431 0
0.76986 -6.60561 2.85492 0
1.03812 -6.79429 2.06136 0
0.529481 -5.9009 2.6847 0
0.174519 -5.0707 1.65159 0
0.326515 -2.39665 -0.721738 0
0.25649 -1.3884 2.48196 0
1.29247 -1.64679 -1.17567 0
0.408429 -1.12775 2.14669 0
0.6448 2.12645 -2.91839 0
1.77567 4.57219 2.98669 0
0.315332 4.578 -2.63812 0
0.324823 3.55704 -2.96044 0
1.21191 2.59701 2.58318 0
3.3429 2.66026 1.27306 0
0.438314 2.1733 1.69939 0
0.782949 3.44747 0.679139 0
0.675543 0.568272 -0.395474 0
0.399743 -0.70839 -0.885029 0
0.0922475 -1.99778 1.11949 0
1.08862 -1.99309 -0.0170363 0
2.26362 -0.430491 2.89853 0
0.2644 -7.56513 -3.00857 0
0.474385 -7.84755 -1.15941 0
0.254507 4.507 0.699635 0
0.131688 2.24676 -3.09786 0
0.363688 3.54743 -0.146098 0
0.363861 3.67282 -1.30763 0
0.469647 3.05237 1.62983 0
0.309302 2.39227 1.55739 0
0.217957 0.802416 -1.21328 0
0.308027 -4.39916 1.59488 0
0.233713 -4.38428 3.04888 0
0.508566 -3.47595 1.50818 0
0.329301 -3.14347 -0.549848 0
1.06429 -3.57806 1.35493 0
0.4549 -4.43249 0.615721 0
0.63247 -5.64023 -0.428717 0
0.795489 5.20012 1.73 0
1.55277 6.62631 -2.22287 0
0.991456 6.32835 -2.33662 0
0.351271 5.66526 -1.50869 0
1.74862 3.49292 2.36984 0
1.16099 3.64268 3.05341 0
1.29897 3.21053 -2.3584 0
1.3253 5.23495 0.156252 0
1.80575 -5.10084 0.703342 0
1.03251 -3.61053 1.85185 0
0.274472 -2.17362 1.26592 0
0.328896 -3.166 2.87787 0
0.00578059 -5.50684 1.40846 0
0.453167 1.43761 0.362703 0
0.427528 1.72602 -1.50748 0
0.386961 5.07389 -1.51425 0
0.414047 0.49949 1.4032 0
0.0767592 2.57126 -1.48396 0
0.214968 -1.21925 0.022663 0
0.338293 0.805167 1.79859 0
0.411731 0.97864 2.99319 0
0.44537 1.05328 2.28648 0
1.63122 -0.355717 -1.31335 0
0.463109 -1.30538 -1.16296 0
0.182329 5.88588 -1.40573 0
0.770507 2.79996 -2.00627 0
0.378691 1.57548 -1.26065 0
0.256007 4.13177 -1.23839 0
0.379699 3.17253 -1.71029 0
0.565048 2.35872 -2.63736 0
0.349652 1.82807 1.39945 0
0.215055 2.59795 -0.147046 0
0.181203 4.74661 -2.43123 0
0.96163 3.41195 -3.00984 0
0.287291 3.90263 0.354867 0
0.42181 3.30957 -2.95885 0
0.696233 0.935075 1.68241 0
0.394727 1.7834 2.15456 0
0.58713 0.673862 1.97841 0
0.952804 1.04881 2.07889 0
3.63005 0.94849 2.02602 0
1.15845 1.16507 1.75026 0
2.50996 0.167256 1.03999 0
0.325827 -0.645616 1.13976 0
0.14632 -1.29255 -0.944922 0
0.584759 -1.2932 1.15129 0
0.789649 -1.74445 -1.64088 0
1.062 -1.4727 -1.27023 0
0.667091 -3.11363 2.70666 0
0.233986 -1.70764 -1.01168 0
0.560908 -1.97801 1.51907 0
0.990408 -1.88455 1.90452 0
0.364475 -1.45294 1.09301 0
0.188507 -4.89069 1.81931 0
0.311396 0.759061 1.07053 0
0.645852 0.833553 -0.662932 0
0.319743 1.41972 -0.329416 0
1.80447 2.78026 -0.590487 0
0.543386 2.3632 -1.03207 0
0.560813 3.02157 -0.423248 0
0.231036 3.28317 1.62305 0
1.3134 4.04902 0.579944 0
0.668865 5.06917 -0.773069 0
0.658764 4.17377 -0.474267 0
0.262468 5.85631 -0.897367 0
0.290458 -2.75163 -0.640505 0
1.42559 -2.12357 2.15504 0
0.147349 -3.87033 0.769136 0
0.11201 -2.89024 1.49342 0
0.987974 -1.59729 -2.92501 0
0.667165 -1.55834 2.84599 0
0.17275 -3.09354 2.43111 0
0.334341 2.37021 -0.612455 0
0.483557 4.70047 1.61552 0
0.544297 -1.409 -1.22392 0
1.13539 -1.70925 -1.36215 0
0.120403 -1.30426 -2.63952 0
0.927063 -1.13388 -1.69509 0
1.82141 -1.98549 -1.62885 0
0.100312 -1.89514 0.353879 0
0.253482 -3.8336 2.63221 0
0.513513 -4.61811 -2.69248 0
0.55495 -4.27537 2.25371 0
0.779782 -6.04501 1.6691 0
0.316093 -6.01607 3.12433 0
0.679448 -4.61989 0.311037 0
0.11273 -4.07656 -1.39453 0
1.08293 -4.015 1.56388 0
0.993891 -3.7464 -0.263754 0
2.46547 -3.61286 0.316853 0
0.098064 -3.82027 1.6451 0
0.356699 -3.02791 1.26788 0
0.636514 -2.38144 -0.386955 0
1.45848 -2.43496 -0.833445 0
0.398649 -3.35073 -0.483146 0
0.28139 -3.40857 1.32169 0
1.0772 -2.24147 1.38666 0
0.735173 -1.3847 -0.566982 0
0.177696 -0.85766 2.922 0
0.520777 3.79655 2.68289 0
1.90192 3.3403 2.43766 0
0.623631 4.25795 1.97136 0
0.186968 3.1049 1.46281 0
0.465933 2.0385 2.94011 0
2.23266 2.72226 2.89552 0
0.707128 3.16974 -1.56786 0
1.3043 3.26138 -1.99593 0
0.832722 2.69252 2.14308 0
0.425715 2.56091 2.84904 0
0.0807116 3.7809 -1.39173 0
1.39363 3.00525 0.901934 0
0.782909 3.31154 0.59482 0
0.144501 4.19988 0.235207 0
1.79019 1.78385 0.769561 0
0.263498 1.70273 1.33628 0
0.813901 1.36429 1.40031 0
0.149395 1.82278 -2.30221 0
1.58331 1.30198 0.850193 0
1.37877 0.555984 1.30003 0
1.11183 -0.295405 0.401661 0
0.534188 -1.14117 1.00704 0
0.0915995 -0.965221 -2.58506 0
1.2312 -1.43635 0.0139286 0
1.49331 -1.51769 0.763625 0
0.560276 -2.07409 1.94055 0
0.52994 -1.95494 3.11379 0
0.126058 -0.0677296 -2.37993 0
1.62291 4.44611 2.97716 0
0.892419 4.05799 2.43056 0
0.53521 5.51867 1.1477 0
0.162055 4.31346 -1.06615 0
0.659396 -2.14152 -0.551883 0
0.245611 -4.33865 -0.751588 0
1.17133 -5.01739 -0.527813 0
0.824932 -4.80517 -0.0774349 0
0.166208 -4.92853 2.02784 0
0.598007 -5.96467 -0.212476 0
0.234456 9.06525 0.234227 0
0.638991 7.63063 0.0991811 0
0.205592 3.64397 2.29422 0
0.398519 5.41142 0.0450082 0
0.819883 4.53904 0.349974 0
0.161599 1.29023 1.90689 0
0.170514 2.01869 -1.46062 0
0.533767 4.2799 1.99352 0
0.581621 4.56887 -0.0190799 0
0.189707 6.15033 -3.07846 0
0.119274 5.71453 -0.568362 0
1.30919 0.857946 2.98886 1.75197966388508e-08
1.17661 1.04525 2.8455 1.8636515328452e-08
0.218979 2.83216 -1.81771 0
0.211109 2.67612 -0.65028 0
0.217728 1.01821 2.70905 2.04782618747812e-07
0.244553 1.38106 -2.90104 2.15813520022607e-08
0.989328 0.742807 2.30738 0
1.30206 0.96782 2.56762 0
2.29729 -1.79098 -1.67803 0
2.18239 -1.68279 -1.66934 0
0.263026 -2.30301 2.74943 1.67004296026087e-08
0.311818 -2.05936 2.78607 2.86329984805939e-08
0.348584 1.7386 0.816581 0
0.3392 0.699172 -0.164234 0
0.141319 3.64567 -1.31896 0
0.0787194 4.30651 -2.97713 0
1.34699 3.17236 -0.558254 0.122836235644356
0.169633 3.0234 -1.0977 1.14334001488341
0.332266 -2.5579 -2.99009 0
0.365022 -3.00623 -2.06615 0
0.229078 -6.19684 -1.53233 5.08034567300861e-08
0.251457 -6.14001 2.9741 6.02579080346786e-08
0.251405 1.9256 -2.67892 0
0.158097 2.99245 1.04437 0
0.420879 2.20268 -2.78473 0
1.13687 2.45279 -2.47866 0
0.10937 0.062831 -0.316309 0
0.204768 1.67172 0.152911 0
0.299004 4.60563 0.876763 1.44100182756095e-08
0.388378 4.7584 1.17778 5.07543398538235e-09
0.267726 -0.42562 -1.86633 3.81926119135278
0.106113 -0.802548 -0.740283 7.79443423054784
0.0355911 0.844418 -1.24733 0
0.180577 -1.43447 -1.41998 0
0.175008 3.86231 -1.36373 0
0.564531 3.26485 -1.82111 0
0.680195 4.60166 -0.626554 0
0.555949 4.87022 -0.864346 0
0.0979007 -3.41468 -2.21638 0
0.311626 -3.00766 0.229463 0
0.181708 -2.35617 0.508468 0
0.295104 -2.11049 -1.2965 0
0.5746 1.75278 3.09071 0.129617213609473
0.40671 2.86801 2.99497 11.3391590940871
0.0850957 3.78215 0.348358 21.8280382705635
0.352634 -1.72548 -1.52252 18.1917207437798
0.59081 -2.11764 -0.741133 7.47010250119409
0.14992 -1.6548 2.61488 7.30280658767927
0.154041 -0.130942 -0.804898 19.1186517682258
0.127178 -1.41844 -2.86993 17.1629425592689
0.51524 -0.70527 1.91348 7.3603841232231
0.653248 0.415816 2.36825 4.04117679231869
0.0774076 1.53306 1.14523 15.3526652613448
0.188443 -1.22893 -1.249 22.8870133349565
0.373579 -1.61304 -2.80247 8.18293908332164
0.440899 1.08629 -1.06387 6.15851171911606e-06
0.349059 1.06202 -1.0932 2.75944688715093e-06
0.167328 1.21343 3.07243 1.10418997187859e-05
0.00420051 1.19974 3.07923 1.18455075962535e-05
0.0926163 5.07795 -1.2732 7.3750427056525e-06
0.003001 6.43784 2.00194 9.10164824459577e-06
0.165595 3.60566 -0.926686 7.54384274067644e-09
0.15205 3.52896 -1.19418 1.3057282054656e-08
