0.285929 7.06642 -2.80903 0
0.735616 5.54408 -0.320714 0
0.312282 6.93705 0.571 0
0.587811 6.41699 -3.13733 0
0.177678 8.04963 -1.17813 0
1.89969 4.66159 1.51173 0
0.475383 4.81241 0.7879 0
0.231446 4.76541 2.56614 0
1.66985 2.10887 -2.0653 0
0.280309 1.33373 -0.642715 0
1.58028 2.35562 -2.01849 0
0.324149 1.78638 -2.05454 0
0.19028 2.57614 -0.119176 0
0.705035 2.70588 -1.32796 0
0.377185 1.83614 -0.316566 0
0.351796 -4.92872 1.95338 0
0.0593132 -5.93898 2.52202 0
0.386166 -6.04147 -1.58929 0
0.62222 -6.49865 2.23699 0
0.162489 -8.50277 0.415677 0
0.353014 -6.66411 1.39025 0
0.464772 -5.39401 -0.855884 0
0.398431 -4.53498 0.97989 0
0.492623 -8.02209 -2.35481 0
0.324582 -7.35678 -0.443499 0
0.377174 0.0010677 -3.13429 0
0.176929 2.03766 2.99009 0
0.301691 3.77703 0.266606 0
1.34199 8.66314 2.2251 0
0.144909 8.65321 -0.24261 0
3.83764 4.56906 0.697584 0
0.95733 4.72385 0.601167 0
0.706572 4.51357 1.39606 0
0.317687 4.96706 1.37066 0
0.39083 3.76496 0.681119 0
0.687744 3.60451 2.29082 0
0.17199 3.77496 -1.69962 0
0.788455 2.79575 -2.94308 0
0.22882 3.21623 2.34668 0
0.564682 2.75297 -1.76555 0
1.26228 2.64726 -1.89721 0
0.297821 1.56146 -1.94564 0
0.231451 0.665012 -0.983794 0
0.333338 -1.85843 1.1976 0
0.464857 -2.25401 -1.66487 0
0.337303 -2.18174 1.53421 0
0.401822 -1.72317 -2.06701 0
0.384939 -3.11328 0.00315445 0
0.280858 -4.06326 2.00595 0
0.643513 -3.74458 2.65415 0
0.244976 -7.21819 -2.84391 0
0.712665 -5.99457 -2.67682 0
0.619091 -4.56506 -1.63722 0
0.370531 -3.14844 -1.46248 0
0.901067 -3.93638 -1.67249 0
0.334232 -4.38132 3.12744 0
0.0138331 -4.22987 -2.22303 0
0.147109 -7.37796 2.76225 0
0.787689 4.72486 1.82539 0
2.19761 4.81416 1.47347 0
0.316192 4.43614 0.739097 0
0.387555 4.36155 1.50279 0
0.35412 -1.16059 -1.5757 0
0.383283 -0.998248 1.11285 0
0.100833 -6.36844 2.6069 0
0.244924 -7.23182 1.16583 0
0.196024 -7.48242 -1.09864 0
0.18884 -7.14599 1.36777 0
0.292601 3.31366 -2.08064 22.9922204959838
0.531206 2.5244 -2.74988 27.7808807757512
0.0947621 5.03966 1.74037 8.88506071570214e-05
0.113229 5.03384 1.73459 8.54518813858031e-05
