0.875821 7.86577 0.00216614 0
1.8804 -4.45637 -1.89508 0
1.29488 -4.51538 2.94482 0
1.65526 -4.76005 -2.90956 0
1.17218 -2.08722 0.306028 0
1.23858 -1.87002 -0.174369 0
1.63425 -0.794067 -1.19094 0
0.217722 -1.63794 -2.89628 0
0.5604 1.19947 3.06198 0
0.232119 1.17353 -2.27665 0
6.76947 1.34305 -2.71379 0
1.06332 1.16245 -2.95897 0
3.07362 1.29837 -2.79869 0
4.44816 1.34236 -2.69679 0
2.29681 1.67705 1.34989 0
0.191515 1.68931 -1.48729 0
0.8173 1.90604 0.749183 0
0.563406 2.82576 0.787548 0
0.273257 -6.56962 -1.21908 0
0.24856 -5.45381 -0.0148202 0
0.272512 -1.50397 3.09954 0
1.06994 -0.933268 -1.69459 0
1.05208 0.0730712 -1.33816 0
0.127653 -1.05631 1.53675 0
1.22244 -3.23657 -0.199731 0
0.796746 -0.0725943 -1.07603 0
1.08122 0.690108 0.27505 0
0.777642 0.990161 0.158894 0
0.864406 0.739983 -0.185401 0
0.590099 -0.762839 0.362695 0
1.14948 -1.94138 2.23562 0
1.2194 -2.68315 2.37876 0
0.619743 -1.88957 -2.04251 0
0.874701 0.330213 3.05269 0
1.78018 0.435875 3.03633 0
0.542276 -0.0933136 -2.42101 0
0.735108 0.306398 2.96668 0
0.536778 1.17992 2.8951 0
1.34388 0.977005 -2.28411 0
0.634576 1.45954 -1.92063 0
3.03028 1.45865 -2.45971 0
0.0383962 4.7728 -2.9906 0
0.417451 3.03855 -2.16955 0
0.448755 0.47037 -0.431031 0
0.638137 2.34263 -2.41884 0
4.16966 3.03963 -1.47796 0
1.01959 4.06179 -0.848741 0
0.426442 -3.49608 1.04478 0
0.142341 -4.62701 -0.616607 0
0.727818 -4.70314 0.47141 0
0.247134 -6.67755 -1.58659 0
0.102479 -7.82358 0.341877 0
0.242536 -7.72505 2.41814 0
0.347734 -3.73912 1.0557 0
0.528463 -5.3824 -2.92923 0
1.15762 -4.19572 -2.74423 0
0.215016 -3.58595 1.33803 0
0.995585 -3.21886 -2.84968 0
1.0079 -1.09449 1.07415 0
0.570227 -0.836356 -2.65024 0
0.23797 -2.20159 -1.05479 0
0.497527 0.030918 1.73462 0
0.835661 7.13693 -1.33009 0
0.73692 3.32008 -2.44255 0
0.955002 -0.279861 0.842156 0
0.744518 -0.783914 -1.21901 0
0.110243 -2.63366 1.84062 0
0.326608 -1.44153 -1.34917 0
0.548522 -2.6235 -0.64184 0
0.487905 0.561774 -2.21558 0
0.214949 4.38807 -0.894974 0
0.803931 5.49529 2.02817 0
0.698186 3.63155 2.20495 0
1.16037 4.16014 1.37548 0
0.61717 3.51135 0.0317759 0
0.955324 3.24442 1.57795 0
0.385369 2.75669 0.482469 0
0.505179 1.88732 1.08101 0
1.16809 1.86914 0.834363 0
1.36309 1.49518 0.8367 0
1.11482 1.75505 1.14504 0
2.07948 0.635181 1.84216 0
1.39111 2.66459 1.49902 0
0.330601 2.2612 0.790181 0
0.254834 -2.25465 1.38844 0
0.704357 -2.79063 -2.3156 0
0.132787 -4.55912 -0.282065 0
0.500087 -2.86801 1.61897 0
0.210676 -0.0039541 1.96537 0
0.157971 -1.80171 -2.73513 0
0.464625 0.862804 1.67562 0
0.223224 5.48922 0.841965 0
0.178226 3.96694 -2.89798 0
0.749913 5.05333 -0.717578 0
0.614878 5.03386 -2.06796 0
0.195878 8.08657 3.10867 0
0.209952 5.97458 -1.94132 0
1.55344 -4.38867 -3.03668 0
2.65925 -2.01922 0.0576507 0
0.291362 -1.73767 0.618032 0
0.706807 -1.61729 -0.285578 0
0.539965 -1.33348 2.51902 0
0.412366 -0.495702 2.34268 0
0.283077 -0.591712 2.56779 0
0.148696 -0.000637849 -1.32316 0
0.292602 1.30434 -3.04923 0
1.81634 0.476665 -2.67545 0
3.76772 1.49389 -2.63481 0
0.0445798 3.04901 1.48397 0
2.40142 1.11877 -0.180613 0
0.392858 0.586856 0.263331 0
1.02937 1.22545 0.943628 0
0.633041 2.52777 0.726954 0
0.72035 1.66576 1.05451 0
1.51626 2.72907 0.576761 0
0.801248 2.52443 0.457398 0
0.393881 -5.06925 -3.12252 0
1.1586 -0.959909 -0.779119 0
0.319374 -1.2926 1.58511 0
1.50083 -1.54814 -1.13369 0
0.617665 -2.02583 -0.454544 0
0.388733 -2.35926 -0.396795 0
0.417243 -4.38897 -1.72229 0
0.204548 -4.56507 1.73809 0
0.15529 -7.20466 -1.63118 0
0.944688 -5.8383 -2.67798 0
0.261872 0.352422 2.91538 0
0.315233 -0.313884 0.0585537 0
0.437724 -0.130272 -0.27491 0
0.377878 1.0744 -1.77897 0
0.487415 0.267873 -0.378724 0
0.901478 -1.92309 2.17883 0
0.0571268 -3.55339 1.64893 0
0.946888 -2.16507 2.05607 0
0.0703293 -0.802258 2.33448 0
0.0608438 -4.31062 -0.392507 0
2.49832 -0.148783 1.89818 0
2.17222 -0.136812 2.13101 0
1.45391 0.649163 -2.63643 0
0.995208 1.18331 -3.07496 0
1.11945 1.26917 -2.108 0
0.302091 2.54766 2.44295 0
0.507287 2.54736 3.10201 0
0.354052 1.21837 2.35863 0
0.609744 1.1355 -2.57209 0
0.911774 2.18042 -2.86796 0
0.174287 3.01143 -0.138519 0
0.377945 1.14419 -1.1822 0
0.345433 1.47164 -0.807887 0
0.158341 4.91839 -1.94404 0
0.776479 4.82576 0.00918363 0
0.441521 3.71681 -0.28857 0
1.15889 4.78818 -0.146765 0
0.287832 3.95605 -0.644064 0
0.997854 4.98319 0.876438 0
1.18165 -2.47469 0.568271 0
1.65141 -3.09919 -0.101289 0
0.281605 -3.47962 -0.804158 0
0.988991 -2.59365 0.263944 0
0.271622 -4.45427 1.03768 0
0.836215 -6.04457 -0.108505 0
1.05653 -6.06365 -2.55116 0
0.207175 -7.93671 2.07444 0
0.162424 -7.82295 -0.864865 0
0.319846 -7.25002 -2.81282 0
0.252774 -8.01218 -0.367893 0
0.896393 -7.09116 -0.134487 0
0.549634 -6.25316 -1.02239 0
0.412063 -5.66579 2.7882 0
1.36085 -5.22658 2.35405 0
0.252592 -4.62694 0.990388 0
0.43123 -0.971874 -3.07669 0
0.629932 -0.325746 0.668875 0
0.108182 8.18725 2.66138 0
0.344755 7.31569 -0.677247 0
0.305269 -4.97894 -0.952624 0
0.134018 -3.30905 1.44747 0
0.293309 -3.44567 -2.33068 0
0.411255 -2.31925 1.60283 0
0.205195 0.542503 -2.94802 0
0.273498 0.940839 2.60289 0
0.370514 3.57735 -2.41279 0
0.146821 7.96619 -2.7625 0
0.280055 5.91222 -0.00249594 0
0.217958 3.52868 -0.0276128 0
0.81628 3.18644 1.21456 0
0.229642 4.04591 0.673593 0
0.568007 2.80404 0.91371 0
0.470447 1.84009 1.82568 0
0.947848 2.52409 -0.0900276 0
0.100271 1.34756 0.265062 0
0.226975 1.06542 2.10909 0
0.846862 0.210263 1.74019 0
0.232611 6.97969 0.877831 0
0.53308 3.68954 -0.46343 0
0.145179 4.71624 1.12228 0
0.274955 3.22542 0.845229 0
0.211078 1.19398 -0.190235 0
0.232159 -3.64654 -0.285173 0
0.699262 -5.60475 -3.08013 0
1.05128 -5.17074 2.67387 0
0.298582 -3.84303 0.100036 0
0.451146 -2.54254 -1.66724 0
0.113844 -1.54532 1.89281 0
0.301665 -2.4354 -0.464683 0
0.338585 -1.68928 2.20909 0
0.314516 1.46443 -2.93422 0
0.475598 1.33766 0.140077 0
0.322015 5.06421 -1.10504 0
0.424066 4.49385 -1.43005 0
0.685788 -0.71077 -3.05047 0
0.100116 -0.95134 1.04503 0
0.0675364 -1.8108 2.0086 19.6643997223223
0.319906 -0.056502 2.33949 64.3524090028577
0.747448 0.789325 -0.152518 0
0.388384 0.515214 0.378347 0
0.0736562 -3.07529 2.35237 0
0.152563 -1.17992 -0.621442 0
0.398959 -2.50391 -0.73578 0
0.485553 -3.35288 -0.546421 0
0.276688 -1.93763 1.0739 0
0.340768 -1.65435 1.79918 0
0.182586 -2.30818 2.28627 0
0.483162 -2.54561 2.84629 0
0.363104 -3.17719 -3.06744 0
0.506686 -2.8007 2.31587 0
0.255635 -2.84498 -3.04412 1.34230940879277e-07
0.215261 -2.65252 -3.12934 1.75241185650842e-07
0.298461 2.35977 -1.25284 6.0205204717538e-08
1.32886 2.34323 -1.12789 1.69593855936286e-08
1.1709 4.7979 0.134099 0
0.364057 4.53225 0.627044 0
0.25729 -7.04997 -0.723079 3.75673321931838e-06
0.0766995 -7.13619 -0.811749 8.57078173405642e-06
0.914886 -2.75753 -2.5702 0
0.651089 -2.52831 -2.87892 0
0.133004 8.33064 -2.93699 0
0.123169 6.61371 1.65027 0
0.100807 -2.71722 1.00056 0
0.14725 -2.38554 -2.21569 0
0.254221 1.93594 3.03548 0
0.154573 2.79242 -0.239018 0
0.182008 5.02912 3.01019 0
0.146856 4.24849 2.67265 0
0.0320527 6.79382 -1.67766 0
0.446417 4.26938 2.59297 0
0.387777 3.56008 2.08582 0
0.125415 4.83907 2.39379 0
0.522381 2.03849 0.996443 0
0.330205 1.68114 0.192303 0
0.124147 -2.5012 2.807 0
0.265206 -1.43323 -1.06514 0
0.480299 -5.54553 -2.69482 0
0.135979 -6.91664 -2.41123 0
0.326019 3.82095 -0.93819 0
0.188893 2.56969 -1.18636 0
0.101953 5.80673 -0.599079 0
0.298754 5.30926 -0.997966 0
0.282397 -4.33826 -0.131732 1.98368239126856
0.666162 -4.64539 0.697926 0.61934226351129
0.0598592 -2.51486 -1.44926 31.3522963591593
0.508368 -0.530571 -1.23189 19.9782258596525
0.111073 0.693944 -1.70466 20.5698870388221
0.594653 -0.523964 -1.24542 4.22371681996654
2.05116 1.21198 1.29008 0.323508421994943
0.606893 1.27867 1.34698 1.025526467547
0.367723 -2.47536 1.10501 21.8289325868034
0.346792 -3.38206 1.69315 9.38778474141795
0.226429 -2.81568 -0.843529 14.684897821478
0.335843 -3.74012 0.0864419 3.9348977332887
