0.43154 3.42563 -3.13071 0
0.960318 4.94767 2.22874 0
0.88795 6.89924 0.987573 0
0.813949 4.95025 -0.0163268 0
0.597219 5.10399 -2.50713 0
0.81774 4.72126 0.449071 0
0.149028 4.03711 -2.79261 0
0.69166 4.32828 -2.73054 0
1.06807 3.88766 -1.4839 0
1.70559 3.81235 -2.63378 0
0.431742 3.18581 -0.798907 0
0.649293 4.2192 0.504447 0
0.172832 6.03841 0.146148 0
1.54926 5.53586 1.16455 0
0.932648 4.59219 2.63246 0
0.112989 3.97879 2.33177 0
0.328422 5.28084 2.93196 0
2.21136 6.33901 -1.65848 0
0.169258 5.80145 -1.73279 0
0.123599 4.58335 0.863055 0
0.544592 3.32719 1.83472 0
1.99585 4.81929 -0.163195 0
1.15971 5.77654 0.46743 0
0.689533 1.67913 0.61042 0
0.400333 -1.52421 2.89961 0
0.438934 -0.522493 0.669476 0
0.516889 -1.35733 -3.03384 0
2.91992 -0.38886 2.87972 0
0.731831 -0.362111 -2.13878 0
1.33678 1.03606 -1.69331 0
1.18323 0.711885 -1.064 0
1.30171 1.09069 -0.818839 0
0.666933 1.89299 -2.48201 0
2.49501 1.23863 -2.08702 0
0.0983501 -0.724731 -1.2368 0
0.634735 2.78847 2.3521 0
1.8745 3.57771 0.926259 0
0.0817907 4.96138 -1.11508 0
0.392583 3.52491 1.65262 0
0.787808 -4.42306 2.03695 0
0.477365 -4.33215 -1.62425 0
0.233758 -4.5992 -3.14008 0
0.749336 -1.68976 3.06401 0
0.266143 -1.82118 -0.561639 0
0.536055 -0.0408775 -0.0681062 0
1.13237 0.612906 -0.395468 0
0.312749 0.303677 0.786404 0
1.64151 1.13179 1.04666 0
1.80331 -0.527474 1.45776 0
0.543485 -2.11735 1.17344 0
1.6802 -2.62201 1.04788 0
1.88848 -2.8011 0.500638 0
0.407962 -3.42868 2.3079 0
0.422099 -2.42084 1.43648 0
0.79801 -4.19176 -0.210388 0
0.485802 -4.51174 0.386334 0
0.956151 -6.67914 0.0841297 0
0.157144 -6.99974 -2.12759 0
0.270828 -5.58745 -1.86845 0
0.806781 -4.07171 -0.0853428 0
0.248052 -2.72563 -0.940199 0
0.297023 -4.08474 -1.80659 0
1.94111 -3.16938 -2.07873 0
0.287352 -1.99365 -1.41668 0
2.56201 -1.47681 -2.79777 0
0.911911 -0.85675 3.07615 0
1.57078 -1.77964 -2.98672 0
0.755945 -4.60387 2.99957 0
1.92261 -3.03487 3.01561 0
0.363768 -4.65244 0.0602876 0
0.450057 -3.65425 0.465068 0
0.248672 -2.15389 0.623784 0
3.02489 -1.39977 1.49486 0
0.670721 -1.3244 -3.10784 0
1.04619 0.271352 -2.26213 0
0.135998 5.9936 2.04242 0
0.46185 5.07422 0.172642 0
0.760388 4.98509 2.78812 0
0.497594 5.66103 3.09168 0
0.404854 2.28935 2.79819 0
0.713813 -5.35571 1.06376 0
0.333789 5.59173 2.97251 0
0.461419 4.70744 -2.66331 0
0.711703 4.78416 2.58138 0
0.723478 6.68666 0.684455 0
0.29481 6.03889 -1.09797 0
1.85804 4.88493 -1.68675 0
0.277959 3.41548 -1.89333 0
0.0642758 6.87338 1.00262 0
0.149395 3.43565 -3.12385 0
1.7114 3.51608 -2.09493 0
0.548795 3.2105 -1.43221 0
0.636355 3.47504 -1.0962 0
1.45299 2.52017 -1.76202 0
0.306176 4.35465 -1.07194 0
0.470823 4.65757 0.160273 0
0.502638 4.93356 -0.0503869 0
1.02703 5.00399 0.776246 0
0.368758 4.37229 1.69429 0
0.0979404 6.88298 2.48712 0
0.817921 4.79709 2.05089 0
2.57667 4.9873 1.61357 0
0.0903206 5.59709 -2.24902 0
0.156377 6.23276 1.81092 0
0.618771 3.09517 0.495876 0
0.394471 0.0975969 -0.696012 0
0.207937 -1.51533 2.19131 0
0.960949 -0.370672 -2.17031 0
0.0994932 1.34938 2.36622 0
1.41954 -0.507459 2.86292 0
0.196365 -2.13218 1.957 0
1.29053 -0.376867 2.89402 0
0.727971 -0.213821 -2.88692 0
0.841115 -0.169542 -2.02356 0
0.919023 0.656135 -1.89306 0
0.629523 1.64605 1.27 0
0.988682 2.65354 0.785494 0
0.179829 1.97343 2.15426 0
0.764244 2.45417 0.372415 0
0.465558 3.38124 1.36772 0
2.47113 3.57787 0.714725 0
2.06331 3.65194 0.92484 0
0.656769 3.5903 0.387935 0
0.196879 -4.60601 -1.33405 0
0.135918 0.873011 2.60205 0
1.19845 0.0855408 -0.254232 0
0.495769 0.989052 -0.465132 0
0.0182211 3.50426 -2.30634 0
0.646666 0.880443 0.593128 0
2.70521 0.562697 -0.0975391 0
0.403164 1.06647 0.345279 0
0.371308 -0.449557 1.25987 0
1.64101 -0.541138 1.18169 0
0.84547 -1.05022 1.6102 0
1.12755 -1.11427 1.15351 0
0.354281 -0.442339 1.87843 0
0.447039 -3.34442 -2.99756 0
0.258946 -4.30144 2.92565 0
0.644393 -5.84425 1.49077 0
0.176638 -6.04196 -0.692127 0
0.631361 -6.69523 -0.995064 0
0.258186 -6.13832 -0.841612 0
0.14974 -4.75204 2.72398 0
0.926701 -4.64937 -0.621642 0
0.163673 -3.87249 -1.71538 0
0.873228 -2.20155 -2.69071 0
1.08869 -2.98305 -3.05689 0
0.273492 -2.27526 2.41739 0
1.46979 -2.47477 3.11385 0
0.476571 -2.84499 1.64089 0
0.098894 -7.10364 0.910284 0
0.147745 -3.9877 1.90595 0
0.879999 -3.73082 -1.71036 0
0.17758 -3.04617 2.54944 0
0.268495 -1.41404 1.78034 0
0.380686 -1.43178 -1.76715 0
0.16163 4.39038 1.46471 0
0.324605 3.18001 1.08487 0
0.30359 3.07971 -2.29327 0
0.383109 1.55954 -0.873899 0
0.233603 -3.64719 -2.81549 0
0.104816 -4.72444 1.56823 0
0.719005 -3.13757 -1.95859 0
0.148729 -4.44192 0.0882419 0
0.413904 -5.16751 -2.22386 0
0.299399 4.40705 0.0789093 5.72996482931552e-07
1.29606 4.00915 0.0132197 1.90495331642792e-07
0.299548 5.25607 -1.91564 0
0.563868 4.24975 -1.40376 0
0.66804 4.65893 -1.8417 0
1.29018 4.54359 -1.47184 0
0.0776821 3.51373 2.69515 0
0.149106 2.14587 -1.50034 0
0.235623 7.34051 -0.910332 0
0.196603 7.31433 2.38394 0
0.0369899 4.37129 -0.118518 0
0.152622 2.07961 2.9217 0
0.193772 0.902363 0.508323 0
0.280865 2.19139 0.131423 0
0.18903 -1.39004 -2.65242 0
0.304067 -1.14547 -0.498078 0
0.333763 -2.61281 2.30872 0
0.236281 -2.52354 1.63338 0
0.436873 -5.0242 1.64801 0
0.265235 -5.6199 1.32379 0
0.624516 -6.18622 -0.197674 2.81240438343115e-07
0.210569 -6.52901 -0.834323 3.86650609575577e-07
0.175597 -4.64401 -2.15688 0
0.212653 -4.08711 2.00587 0
0.629496 -1.41622 -2.87924 0
1.37566 -1.83013 -3.0777 0
0.155314 -1.56365 -1.35358 7.95786130703478e-08
0.262073 -1.95576 -2.02472 5.20754760996449e-08
0.450814 -4.29421 -2.23924 0
0.165235 -3.83134 -1.02935 0
0.311209 -3.94768 -2.45859 4.66194010798419e-09
0.285888 -3.33106 -2.47944 6.84183041348632e-09
0.217232 -4.64247 1.54427 0
0.402104 -3.93285 1.83358 0
0.190983 -3.07949 -2.08938 0
0.0606332 -3.39692 2.88539 0
0.354081 -1.4947 2.21756 0
0.161516 -1.92501 1.47322 0
1.13991 -0.893491 1.62837 0
0.743059 -1.31868 1.27399 0
0.251065 0.505619 -1.4311 0
0.125289 -0.722014 1.77219 0
0.189003 6.37847 -1.91585 0
0.222742 6.55293 -2.90228 0
0.231333 -5.50283 0.322767 0
0.297001 -4.8351 2.02927 0
0.304828 -6.03284 -1.85733 0
0.141984 -6.14747 0.533492 0
0.296887 2.76523 -2.09445 10.8384529669267
0.200859 4.18878 -2.37109 3.87764664387839
0.211763 4.98315 0.569653 3.25611684453815
0.192368 4.67058 -2.45472 4.91406438072342
0.0757976 -1.28501 1.74158 9.68292309107232
0.508363 -0.516768 -2.47383 2.46783320244322
0.0241463 -4.80728 -1.97286 12.2198809779142
0.515011 -2.27396 -0.143746 7.16736633475479
1.43357 -1.10268 1.6905 27.1800884700969
2.4251 -0.886427 1.65696 18.9365875822487
0.308071 2.56827 -1.46151 8.75284401726964
0.134914 3.04775 1.21884 12.4550240736886
1.80244 0.628 -1.10571 0.12915232499284
0.215477 -6.43592 1.1577 0
1.00296 -5.19526 1.02411 0
0.228702 -1.5589 -2.42402 0
0.451899 -0.491254 1.33517 0
2.47618 0.658811 -2.18114 0.0871074222976249
1.74587 0.546887 -2.02362 0.1807619496774
0.739281 0.87106 -1.50181 0.575244289450892
1.59718 0.925392 -2.23542 0.129221962025897
0.232955 0.290805 -1.63399 0.15040906053915
0.619037 0.410518 -1.58408 0.550085471548676
0.362272 1.57959 0.571041 0.11261477257826
1.09926 1.15153 -0.422245 0.059099906694471
0.210843 1.07644 -1.79695 24.1782483789743
0.458638 0.218116 -2.81777 18.6987159540574
0.792074 1.19599 -0.318212 1.55592847011663
0.213463 0.486343 -0.539155 9.60312093501082
