0.733576 6.43022 -0.48555 0
1.38303 7.62729 0.662308 0
0.500564 -4.96377 -1.47313 0
1.43166 -3.66547 2.19427 0
1.40015 -4.75187 -1.60864 0
1.50327 -2.86129 0.646341 0
0.444064 -1.58543 3.05576 0
0.880375 1.09071 -0.969619 0
0.85555 2.23301 -1.77925 0
0.337802 3.30417 -0.620406 0
0.728367 6.61033 2.36566 0
0.514095 6.03622 -0.239819 0
0.555562 3.92274 2.28929 0
0.432305 1.67597 -0.223491 0
0.100417 7.33325 1.77736 0
0.301684 5.19574 -0.0574756 0
0.646117 0.684933 -1.83878 0
0.154477 6.18373 -2.82944 0
2.38031 -1.18385 1.74811 0
5.29145 -1.25046 1.84481 0
1.20967 -1.16129 2.45725 0
0.411578 -4.10804 -2.24974 0
0.152474 -5.69946 -1.99604 0
0.423595 -4.48686 0.344695 0
0.491121 -5.29419 -1.32389 0
1.01836 -4.55729 -1.953 0
0.421133 -0.86619 0.237725 0
0.648449 -2.03981 -0.802088 0
0.143674 2.16473 -1.47294 0
0.254043 5.75165 -1.30784 0
0.641381 6.58697 -0.476539 0
0.527766 6.02293 2.92553 0
0.207764 7.44755 0.292571 0
1.91688 -6.65783 2.1472 0
0.0616123 -7.14267 2.89127 0
0.315392 -5.78006 -2.42541 0
0.089201 -6.44249 2.82281 0
0.84255 -4.59946 2.27695 0
0.422989 -4.58964 -1.40551 0
1.19328 -3.45555 2.13209 0
2.4054 -3.26697 2.19135 0
0.405637 -3.96865 1.1252 0
0.80669 -3.03873 1.60428 0
0.159591 -3.06752 -1.14256 0
0.286305 -1.56877 1.85491 0
0.967647 0.41697 0.706177 0
0.0924677 -1.25335 2.81627 0
0.33312 1.82082 -0.0731522 0
0.185682 1.60751 0.507778 0
2.48328 1.66869 0.0443079 0
0.612342 1.19515 -0.541443 0
0.085029 4.92583 2.92274 0
0.272935 3.33746 1.97423 0
0.884502 2.97609 -2.13333 0
0.430579 1.50205 -2.75619 0
0.419816 2.06366 -2.24124 0
0.429083 -1.3327 -2.87742 0
2.09115 -4.86978 -0.685378 0
0.406308 -5.37513 -0.704819 0
1.17694 -4.69184 -0.307614 0
0.303652 -6.89524 2.26086 0
0.434263 -7.87063 -2.63745 0
0.213542 -8.78181 2.08101 0
0.269572 0.688003 -0.00874495 0
0.553109 0.844815 2.24032 0
0.211028 1.85034 -0.746007 0
0.789186 8.14517 -2.03301 0
0.0353664 7.87295 -3.02979 0
0.364242 2.35229 1.59333 0
0.358644 2.53622 -0.0784848 0
0.426359 3.57521 0.972528 0
0.626272 5.54683 2.5802 0
0.751871 4.17801 -2.33995 0
0.375636 2.88362 2.64192 0
2.76786 -1.07045 1.85967 0
1.57468 -0.826359 1.66065 0
0.158557 -3.90408 -0.825708 0
0.275253 -3.44555 2.67211 0
0.292127 -4.01132 3.08831 0
0.628237 -4.61247 -1.4366 0
1.63686 -4.71679 -2.39886 0
0.0858711 -4.84739 -1.42129 0
0.130979 -2.14957 -1.02181 0
0.538263 -1.46849 0.257056 0
0.300154 4.09797 -0.759002 0
0.40773 3.17842 1.88714 0
0.391986 4.59513 0.334211 0
0.285604 -6.80263 2.29613 0
0.17095 -2.72998 2.34073 0
0.763717 0.235362 -1.55677 0
0.666118 0.390921 -1.90577 0
0.294709 1.8215 3.02715 0
0.140155 4.06561 2.66599 0
0.286211 2.16534 -1.67158 0
0.539782 3.83742 -2.94606 0
0.383401 3.58668 1.94311 0
0.474507 -2.72534 0.546739 0
0.519552 -3.3139 0.709167 0
0.257226 -1.68144 0.621237 0
0.416495 -2.65133 -0.266329 0
0.450864 0.180774 0.511737 0
0.296921 -0.0528825 2.25576 0
0.554604 -3.08714 -2.48576 0
0.788405 -2.48194 -1.53153 0
0.279094 -3.5308 -3.02869 0
0.184946 -2.47014 3.04663 0
0.423532 -4.23599 -0.523921 0
0.0302398 -4.40743 -2.28123 0
0.0758253 -5.82951 -2.42772 0
0.0947577 -4.54462 1.91076 0
0.56455 -4.49428 -0.78543 0
0.537313 -4.21186 -0.625904 0
0.627057 -5.14285 -1.36813 0
0.580546 -5.50484 -1.67563 0
0.137717 -4.83046 -0.451105 0
0.0427003 -7.03239 -1.62531 0
3.80578 -4.36334 -1.82601 0
4.24445 -4.30685 -1.85552 0
0.0780303 1.81387 -1.03234 36.2348728356017
0.146142 -1.24173 0.0633929 11.9705205044913
0.392752 3.17078 2.00922 0
0.301066 3.24863 -3.04083 0
0.0864973 2.54835 -0.992132 0
0.372963 2.33048 1.38227 0
0.285513 4.15195 1.48585 1.57548447414394
0.137416 4.09197 -1.73025 3.49158124466355
0.975934 0.68188 -1.3326 0
0.410019 1.80265 -2.18137 0
0.0941106 1.2294 -0.302705 3.09008596160472e-05
0.0304032 1.25177 -0.247811 2.56548369264941e-05
