1.30186 -8.74028 1.46152 0
0.491928 2.56872 -0.643018 0
0.352947 3.21181 1.32362 0
0.346575 4.94116 0.528115 0
1.05254 1.3495 -0.83502 0
0.773545 1.15554 -1.41889 0
0.353634 4.27959 -1.80198 0
0.518852 5.45385 -1.29594 0
0.279179 5.86331 -2.16089 0
0.410724 5.04196 0.489367 0
1.48517 -4.72139 -3.0806 0
2.97244 -2.2733 2.79914 0
0.996593 -0.964616 -3.01563 0
0.250594 -1.46216 1.41503 0
1.21577 -2.39433 2.51858 0
1.53672 -2.19913 -3.08749 0
1.26131 -2.46926 2.83289 0
1.12001 -2.43781 -3.11081 0
0.40671 -2.55076 1.73917 0
0.521847 -2.43437 -1.15784 0
0.155635 -3.95515 1.16321 0
0.714831 -3.44687 2.87184 0
0.55508 -2.54191 -1.38828 0
0.599736 -1.18298 1.6285 0
2.98886 0.0517529 0.212814 0
4.59804 -0.0194644 -0.140906 0
0.283211 3.94114 -2.00762 0
0.224831 5.05137 -3.05748 0
0.518138 4.72169 0.544539 0
0.120159 8.64226 -1.50566 0
0.29923 5.78623 0.0470154 0
0.530404 5.93701 0.597095 0
0.475185 -4.04921 1.67067 0
0.378918 -4.66527 0.129923 0
0.869482 1.45328 1.67985 0
0.407004 2.17678 -0.0123266 0
0.337224 2.91785 -1.06668 0
0.547118 5.09186 -1.82044 0
0.51652 6.34688 -1.4209 0
0.222331 8.46983 -1.95266 0
0.82039 2.68034 0.357937 0
1.68183 2.21759 0.313718 0
0.647079 0.686984 -0.0536735 0
0.35503 -2.92017 0.817302 0
0.383873 8.38716 2.76318 0
0.539856 7.32133 1.87024 0
0.318787 0.901 -0.359339 0
0.350938 2.31277 -1.45113 0
0.525903 5.03588 -2.96641 0
0.811533 -4.21759 -2.8135 0
1.90484 -4.26703 -3.09842 0
0.969296 -1.60437 2.47061 0
1.07516 -2.13441 2.69663 0
2.44057 -1.57736 -3.13938 0
0.212384 -2.35481 -0.393827 0
0.466672 -1.60235 -1.56662 0
0.84994 -2.26112 -2.67012 0
0.194728 -3.4054 2.38883 0
1.11362 -1.93257 2.62015 0
3.05549 -2.49383 2.96599 0
1.05033 -2.28155 -2.86594 0
1.00928 -1.69665 2.26465 0
0.190779 -1.73135 2.95075 0
0.317396 -1.62198 -2.79817 0
0.953678 -1.00803 -0.66482 0
0.358948 -4.24373 2.68408 0
0.534707 -3.01642 -2.01856 0
0.213059 -2.9367 1.5668 0
0.249473 -3.34933 -2.6307 0
0.315113 0.0120927 0.384047 0
2.25826 -0.263885 -0.272928 0
0.760389 0.492211 -0.0841917 0
2.42464 -0.131315 0.0127196 0
0.490219 0.400536 0.153647 0
0.0725388 7.65973 -2.62518 0
0.550218 5.25468 -2.41789 0
0.74253 7.62955 2.37362 0
1.00773 7.20641 1.31771 0
0.419654 6.40506 1.03096 0
0.570149 7.30895 1.16701 0
0.584653 6.59543 2.04048 0
0.290577 1.88543 -2.43216 0
0.515133 0.48364 -1.35224 0
0.19276 -1.48513 -0.337129 0
0.324073 0.412756 2.7088 0
0.30733 -5.32617 2.9324 0
0.246338 -5.69615 2.66875 0
0.431807 -4.62608 -1.27583 0
0.460344 7.22029 -0.449025 0
0.193773 6.26707 -2.41949 0
0.159167 5.67341 1.21239 0
0.751674 4.49428 0.164706 0
0.379464 2.86047 -0.709248 0
0.639892 1.31351 0.110905 0
0.170892 -2.06853 -3.05269 0
0.167635 -5.4844 -1.54756 0
0.24259 -3.671 3.00325 0
0.307953 -4.99063 0.536179 0
0.325925 -3.33129 2.52837 0
0.275333 4.45737 -0.945144 0
0.482864 4.5883 -2.48645 0
0.249505 3.73984 -0.162692 7.59796594675105e-09
0.198067 3.58904 0.352711 3.59387612448306e-08
0.0438422 4.13487 0.363921 0
0.518801 3.83818 -0.332464 0
0.935209 -4.37348 -1.10516 0.584790806129128
0.390137 -2.96832 2.60761 1.21625352345935e-08
0.0614745 -2.36382 1.45529 1.50451378645914e-07
0.0868076 -3.29595 -0.0345454 0
0.159993 -2.70189 2.8603 0
0.0811972 -2.94978 1.90579 0
0.174 -2.60729 0.805489 0
0.133706 -2.90083 -1.51903 0
0.130211 3.00831 0.0966851 0
0.0702645 5.30532 1.52289 0
0.23208 4.20553 0.512097 0
0.155437 4.94576 3.04879 0
0.28452 -0.659026 2.26397 0
0.476663 -0.476347 1.85123 0
0.0376983 -5.43294 -0.17028 0
0.435652 -5.35225 -0.183194 0
0.182047 -8.98182 0.668063 3.00734686218308e-08
0.095059 -8.71622 0.815169 4.3486810921087e-08
0.768066 0.893505 -1.5114 12.8889547930913
0.0722027 2.38894 -1.54835 35.5097959731222
0.468299 0.089557 2.88229 21.7375511102841
0.803953 -0.550781 2.93465 11.0233045919536
0.208798 -3.29188 -1.27044 5.37198485736009
0.101645 -2.76023 -2.33497 18.5429244350859
3.2962 0.796716 -0.853119 3.89276211920416
0.327234 0.974528 -0.805063 34.6076400598435
0.486746 5.39792 0.637764 0.126361714464852
0.0501585 3.55524 -2.17645 4.4099745424544e-05
0.042848 3.12274 -2.35563 7.21452255962439e-05
0.266389 3.70379 -2.07115 0.0475301211506184
0.74724 4.17006 -2.40613 0.0165390320181201
