0.373417 -5.10333 -2.31358 0
1.00714 -4.1608 -2.46648 0
1.00557 6.11652 1.16757 0
2.27026 2.09554 -1.64094 0
10.1116 1.67678 -1.0373 0
5.8437 1.73016 -0.925505 0
1.4382 1.85565 -1.05131 0
0.379032 -4.05974 -1.61724 0
1.71752 -3.58652 -2.302 0
0.32237 -2.66815 -1.42024 0
0.732639 -2.92893 -2.72851 0
3.16253 -2.15719 2.25078 0
0.246337 -0.42544 1.89665 0
2.40593 1.7195 -1.6249 4.28643056793155e-14
29.3874 1.68963 -1.60355 4.86691005763509e-14
1.42565 1.66743 -1.57222 5.33736233196501e-14
1.38575 1.60091 -2.12009 1.80417562387061e-13
0.936326 2.15447 -1.83806 9.42749958086977e-14
1.48882 2.29546 -1.91286 1.20666551255278e-13
1.7582 2.42683 -2.55249 2.19981967201228e-13
0.951549 2.2938 -1.51356 9.36036992084376e-14
0.25427 1.27445 2.96293 5.30113064716832e-13
11.9935 -0.0608559 1.0104 8.34216358827667e-14
4.29876 -0.338707 1.37113 1.00774302084008e-13
2.23194 -0.448696 1.35078 1.30816738778554e-13
17.0818 -0.349148 1.51914 1.38853311894578e-13
54.6009 -0.363084 1.51998 1.41941863904782e-13
0.282101 -6.93274 3.05249 0
0.287833 -1.26387 -2.78289 0
1.84747 1.5469 -1.33952 0
1.1781 1.05419 -0.838464 0
0.435789 0.551 -0.80422 0
1.04059 0.278016 -1.09504 0
0.906579 -0.576238 0.630187 0
1.31845 -0.133276 -0.645264 0
0.291861 0.651744 -0.285638 0
1.11464 -1.38663 -0.210923 0
0.481877 -1.99211 -1.20126 0
0.744129 -4.50207 -0.354333 0
0.249982 -4.74186 -3.03734 0
1.33239 -3.88157 0.351014 0
0.485275 3.36906 2.32162 0
0.212415 1.11246 0.38917 0
0.261406 0.619922 0.405855 0
0.385882 -2.50646 -2.02064 0
0.214867 -4.22827 -1.20625 0
0.609684 -4.87113 -1.96123 0
0.617765 -4.79136 -2.16582 0
0.331124 -4.32898 1.33016 0
1.22919 -6.47332 2.80487 0
0.360141 -2.75149 -0.699209 0
1.47946 -1.59534 0.659762 0
2.63444 -1.68344 2.45383 0
2.67525 -1.55429 2.13755 0
3.89213 -1.16238 2.46929 0
3.4187 -1.04542 2.69577 0
5.34687 -1.3223 2.47051 0
0.630786 6.86244 -1.77323 0
0.778983 6.29108 1.77387 0
0.746813 5.80424 -1.47262 0
0.201412 3.66602 0.149971 0
1.25822 1.89815 -1.42129 0
1.03733 0.727674 0.644904 0
0.28981 1.66483 -0.12327 0
0.644584 1.67226 -0.473799 0
0.713071 -0.327133 1.98716 0
0.485785 -0.343125 0.546879 0
3.10838 -0.641297 0.404777 0
0.292557 -7.44479 -0.194729 0
0.111003 -7.84836 -1.08336 0
0.634885 0.0833157 2.68822 0
0.732513 0.961045 1.94021 0
2.27381 0.758983 2.34589 0
0.460304 1.85453 0.862517 0
0.786175 -2.95617 0.859085 0
0.353793 -3.94247 2.84852 0
0.44022 -5.02332 1.70857 0
0.429772 -6.63673 -1.59353 0
0.0393244 -8.80966 -1.43188 0
0.963059 1.14705 2.45892 0
0.549351 -0.618746 2.92367 0
1.22245 0.0562816 2.39006 0
1.52917 2.38491 -3.01107 0
2.72072 3.57172 2.08348 0
1.69131 2.9362 1.95963 0
1.88609 3.56914 2.12075 0
0.363676 2.78467 2.60502 0
0.14233 5.29238 -3.06829 0
0.128867 5.76472 -1.2634 0
0.15559 6.74858 0.233938 0
2.8148 -0.59062 -2.96236 0
0.273138 2.03176 -2.36659 0
0.391991 1.61593 0.687502 0
0.470336 4.28175 0.309309 0
0.514858 -6.77935 0.487459 0
0.0326815 -9.1985 -1.61487 0
0.121184 -5.63186 0.373094 0
0.874373 -4.94217 2.16213 0
0.383424 -1.4346 -0.925505 0
13.4627 1.82308 -1.30913 0
1.89475 2.05344 -1.37913 0
3.88133 1.76465 -1.07133 0
5.54821 2.01367 -1.29056 0
0.293765 -3.08317 1.63541 0
1.03642 -3.18173 -2.73433 0
0.655515 -2.12874 3.05672 0
0.921113 -2.8303 -2.68389 0
1.42905 -2.89425 2.8754 0
1.68137 -1.53874 2.89103 0
0.360225 0.230524 -2.19724 0
10.6998 1.69501 -1.57001 4.48332049468106e-14
19.1131 1.6382 -1.62658 6.6063395648025e-14
2.72563 1.75358 -1.56086 2.73476378543676e-14
1.21358 2.75578 -2.04316 1.75749948039489e-13
1.76761 2.07689 -2.40332 1.99723687139688e-13
1.39906 2.29722 -2.14759 1.55214264730991e-13
0.0586967 3.46499 -1.9699 2.14971959274244e-13
4.05602 -0.13995 0.937357 1.08698524254412e-13
2.54886 -0.42883 1.62353 1.81423696472773e-13
0.423135 -4.28505 -0.134694 0
0.085126 -6.12991 -0.821557 0
0.334352 -4.26453 -2.5799 0
0.0809357 -5.19251 1.76972 0
0.559003 -2.9356 -0.783162 0
0.235258 -2.34657 1.49245 0
0.192991 -0.470751 -1.68604 0
0.301498 -1.41262 -2.69469 0
0.664861 0.395207 -0.256783 0
1.17382 0.46914 -0.183552 0
0.448839 0.271316 -1.26956 0
1.15551 -0.850077 -0.397192 0
1.26078 -1.0759 0.201704 0
0.278076 -2.32327 -0.342405 0
0.173987 -4.15854 -3.10447 0
0.9281 -3.71133 -1.39371 0
1.18818 -3.785 -0.864949 0
0.531941 -4.0573 0.792717 0
0.482422 2.99957 2.73816 0
0.22746 3.21626 -2.85892 0
0.300327 1.20834 3.01272 0
0.104341 1.72536 0.143999 0
0.112497 -2.12015 -1.81505 0
0.354874 0.370345 2.68999 0
0.664484 -5.08621 2.43854 0
0.392398 -5.5169 -2.02235 0
0.774278 -5.43675 -2.15501 0
0.648145 -3.59588 2.80937 0
0.72213 -3.47141 2.97142 0
0.689075 -2.28264 1.06143 0
0.138481 -1.21634 -2.07441 0
4.02682 -1.29994 0.724338 0
0.966771 -1.54028 0.661818 0
2.53048 -1.55893 2.4483 0
0.233179 -1.06785 3.01012 0
7.5796 -1.11831 2.66503 0
10.2216 -1.2507 2.63187 0
23.3789 -1.26768 2.6747 0
1.56681 -1.21405 2.78153 0
8.32001 -1.13191 2.62899 0
23.1019 -1.23731 2.6654 0
9.60938 -1.23505 2.71925 0
1.1172 -1.05062 2.45298 0
9.80102 -1.12817 2.68951 0
6.03608 -1.28243 2.73307 0
2.02774 -1.20368 2.81971 0
0.0635672 6.86482 0.903202 0
0.518441 5.23772 2.52782 0
0.712478 5.77713 0.224651 0
1.16801 2.01584 -0.539682 0
0.204712 3.08821 0.498647 0
1.08874 -0.483225 0.285984 0
0.669561 1.21697 1.62649 0
0.351504 2.15312 2.59083 0
1.12244 0.61057 1.19674 0
0.579936 0.480674 0.945557 0
0.289946 -2.91361 -0.947109 0
0.505149 -3.05549 2.45703 0
0.590248 3.30857 2.03341 0
0.484374 3.22493 -2.05798 0
0.307824 4.56743 -2.61594 0
1.904 3.99557 2.30062 0
0.38839 3.82058 1.62697 0
1.11534 4.17416 2.74948 0
0.723348 4.12416 3.08599 0
0.237152 3.99328 1.1951 0
0.303102 4.09569 0.807252 0
0.324524 5.25687 3.06732 0
0.490676 4.46341 1.96831 0
0.755735 4.13298 0.765102 0
0.964685 4.07385 0.159124 0
0.435865 4.45173 1.28502 0
0.413251 0.716906 -2.32684 0
0.456972 0.576165 0.23041 0
0.324059 1.39418 -0.119217 0
0.137308 -0.693526 -1.91722 0
0.58053 2.09459 -1.37265 0
0.624672 2.25364 -2.77163 0
0.280069 -6.14561 0.99789 0
0.747137 -6.60371 -0.72399 0
0.66931 -5.90626 2.00632 0
0.612734 -1.07122 1.49431 0
0.271953 -1.2013 -2.20916 0
0.270007 7.1012 -3.07912 1.93509686202974e-08
0.252567 6.29376 -2.908 3.57267918821613e-08
0.251766 1.55318 -1.23377 0
1.38492 1.93489 -0.968055 0
7.13145 1.66995 -0.953093 0
0.346992 -2.12104 2.45798 0
0.0487425 -4.24394 -1.38915 0
1.82521 1.76823 -1.54515 2.30161299279074e-14
0.415753 2.2403 -1.55063 8.39295563844017e-14
0.770497 2.81929 -2.02113 4.62932918582135e-08
1.84711 2.67147 -2.12432 4.28851681066515e-08
6.96943 1.69542 -2.25203 1.97392334828179e-13
0.878966 1.82079 -2.34492 2.04104521069955e-13
12.6478 1.69722 -2.32447 0.506938200780101
3.54753 -0.0243659 1.11243 5.37840063012888e-14
0.673874 0.21255 1.11864 1.26902577941931e-13
2.78745 -0.400064 1.30684 0.910746679584531
0.234346 -0.614421 1.51224 9.7599628317398
0.204539 1.68292 -1.57412 8.65637435678238e-08
0.193622 1.74421 -0.597191 2.93037649056989e-07
0.742284 1.21941 -0.754734 0
0.335799 1.53882 -0.92034 0
0.460758 1.58623 -0.844279 9.69905714941047e-08
0.247007 0.992128 -1.6468 3.17925674207455e-07
0.0939674 -6.21143 -0.078505 0
0.563247 -4.72875 1.24729 0
0.336837 -1.98261 1.43159 0
0.233995 -2.92677 0.618806 0
0.37373 -2.09033 1.45134 0
0.38993 -1.69411 1.70239 0
1.5729 -1.63756 2.0809 0
0.533187 -1.86389 2.40745 0
0.327589 8.54378 3.10555 0
0.137517 8.37272 1.25206 0
0.158977 -7.44584 1.19335 8.30229274680252e-08
0.138032 -6.59415 2.52051 1.29741514346991e-07
2.32708 1.59531 2.43452 0.199169747199276
0.830093 1.49125 2.06524 3.91106226192453e-08
1.71099 1.52297 2.30423 3.90764451681343e-08
0.898026 1.40912 2.71707 0
0.758913 1.54049 2.36265 0
0.21411 -0.764599 3.07159 0
0.222314 -1.49622 -1.68454 0
0.243393 -0.995265 1.08961 2.56559689582283
0.279032 -2.87024 0.45908 1.37985027594241
0.974401 -2.83609 1.60174 0
0.760665 -3.00963 1.35619 0
0.233258 -6.30882 -2.20171 0
0.212341 -5.33072 -0.209119 0
0.508457 1.62734 2.40422 0
0.320726 1.00951 1.43626 0
0.441504 2.29463 2.30459 0
0.121252 2.07349 -1.73194 0
0.473446 -5.55624 -1.26088 0
0.108991 -5.19143 -2.49307 0
0.0978876 -0.543861 1.51385 30.3833036264014
0.12849 -0.633256 2.23817 0
0.524516 -0.126463 1.42011 41.3718848236416
1.04673 0.0547169 0.904979 20.9051714726819
1.97959 -0.681511 -0.34599 0.0477925304682463
0.526349 -0.732527 -0.165832 0.174621801222995
0.484813 -5.11985 -2.69132 0.637415354516351
0.385899 -4.40206 -2.16666 1.63759390652177
0.0776415 -0.67052 1.1425 76.5227837361915
0.231794 1.45072 1.88529 14.0983241651617
0.770229 -0.465351 2.74595 32.1073836447835
0.491143 -0.927243 2.26177 38.3095861073631
0.094046 3.76183 -2.73152 8.24182386150655
0.669532 4.07683 3.13845 0.851073977586406
0.298938 1.41345 0.765192 17.8212219875399
0.0886463 2.8475 -2.15363 15.1160448167582
4.39436 -0.367343 1.51407 8.19437193180952
3.95365 -0.277963 1.55595 9.35441643488127
0.313302 -4.51449 2.90941 3.94191553837892
0.917767 -3.84341 2.57397 2.6287026965336
0.449494 -0.293222 -2.82957 5.26392561586156
0.293328 0.688406 2.96366 6.73725080382531
0.147777 2.47814 -2.36935 72.0406520848155
0.205121 3.30192 0.996564 22.8283610276687
88.9087 1.66529 -0.967103 0.223214990128319
0.0972114 -1.91046 -1.78808 0
0.838322 -2.44852 0.607542 0
0.405188 -1.84024 1.1898 10.727056319666
0.030609 -3.19905 2.15987 40.0433760217851
0.206443 -3.5796 -0.687527 4.28851768824673
0.111542 -2.61538 -2.25991 24.7600954409215
0.18393 1.05935 1.70514 0.34748487878274
1.63412 0.743622 2.64422 0.14629961072868
0.993277 0.656402 2.64705 0.191035311429034
0.37395 0.387536 0.414919 17.6609672765017
0.0272696 2.12071 -1.58837 49.96116388013
8.91714 1.66104 -0.956553 0.0837300472082137
4.9567 1.61533 -0.876675 2.60677276034687
0.879242 1.48147 -1.0201 5.63685485646354
1.59759 0.910238 2.64591 2.04137561086552
0.52638 0.766926 2.56866 6.92436298818311
