18.0608 1.22782 3.13553 1.51452316273073e-13
0.359968 8.36041 -0.131389 0
0.728798 6.66593 -1.917 0
0.434185 6.17013 -1.53897 0
0.234131 1.76006 1.41557 0
0.343049 0.626577 -1.93625 0
0.0796969 -5.09134 -1.56806 0
0.635721 -4.37532 -0.631164 0
0.491655 -4.17721 2.3016 0
0.854918 -6.76977 -0.838378 0
1.71812 -5.64908 1.44923 0
0.549641 -4.09489 2.0559 0
0.272209 -3.97992 2.97756 0
0.47192 -5.35166 -0.046255 0
0.520572 -3.31622 -2.84302 0
0.503401 1.50746 -0.907893 0
0.135347 -4.97173 -0.407975 0
1.09178 -3.08827 0.399917 0
0.0315549 -6.49519 -2.32525 0
0.24665 -2.91366 -1.89057 0
0.339125 -4.5406 1.7661 0
0.327463 -4.57116 2.36426 0
1.24056 -4.47832 2.83735 0
0.854214 -3.15302 2.38035 0
2.61261 -3.01397 2.83117 0
1.90316 -2.86789 2.57027 0
0.723626 -3.12419 2.79492 0
0.233893 -2.64242 1.76665 0
0.505965 -2.46704 1.12797 0
0.605136 -1.75133 -0.52577 0
0.159033 -1.7252 -3.05218 0
0.832164 -0.105262 -0.211124 0
0.484633 1.95489 -0.0176422 0
0.417773 4.85441 0.373171 0
0.61696 4.64682 1.75978 0
0.192234 3.8911 1.10836 0
0.26845 0.621982 -3.12802 0
0.580291 -0.433613 0.100526 0
0.592879 0.648293 1.09553 0
0.488451 -3.54562 -3.13889 0
0.336217 -5.44079 1.65647 0
0.749549 8.99699 -0.0678168 0
0.0304429 10.9105 -2.30436 0
0.957893 6.58344 -2.74679 0
0.401488 6.09065 2.71073 0
0.529757 5.65349 -1.85486 0
0.437181 2.97721 -2.84537 0
0.474028 1.5937 -3.08529 0
0.493598 -0.738577 0.450395 0
0.593951 -0.622438 -2.23695 0
0.156443 -0.563706 0.98572 0
0.504014 -2.31831 0.540216 0
0.57771 -2.0512 -1.88755 0
1.06562 -6.1854 0.559475 0
0.411808 -5.81886 -0.218823 0
0.201779 2.89214 2.30548 0
1.62483 -3.18575 0.299423 0
1.71282 -2.75675 0.0543022 0
0.89813 -4.39619 2.94417 0
0.179494 -3.88618 -2.67771 0
0.61395 -3.82961 3.09177 0
0.338412 -3.32154 -2.2443 0
0.560498 -2.95335 0.287113 0
0.944352 -0.324858 0.656419 0
1.49871 2.52066 -0.0174845 0
0.421207 2.67732 -1.40096 0
0.258975 4.29293 -2.32562 0
0.355444 3.41467 0.552644 0
0.469958 3.62877 0.667147 0
0.140032 -5.95765 -0.499358 0
0.555409 -6.3227 -1.91375 0
0.34027 -4.91933 0.743242 0
0.406617 -4.71478 0.240683 0
0.396272 -1.13193 -2.87819 0
0.27276 -2.29867 -2.62726 0
0.104795 -0.484381 2.95995 0
0.746994 2.76046 0.127183 0
0.0918293 -5.42815 0.281728 0
0.0479516 -10.886 0.679115 0
0.179887 -8.11437 -2.58655 0
0.329256 -7.0503 1.44214 0
0.152962 -9.01352 0.0225187 0
0.0528076 -6.83117 -2.05606 0
0.338733 -6.3412 -0.788836 0
1.38013 3.98978 -2.24973 0
1.00458 4.30383 -2.36486 0
0.0709211 -3.92643 0.585246 0
0.327802 -2.40019 0.353462 0
0.453698 -2.94273 -0.0777908 0
0.469953 -3.08793 -0.605983 0
0.262353 -2.32339 0.370627 0
0.510503 1.94375 0.268009 0
0.884386 1.54814 0.0705834 0
0.112225 2.1485 -0.588907 0
0.2454 3.55173 0.565789 0
0.282081 2.86337 0.579179 0
0.273563 2.17637 0.369833 0
0.353547 0.513338 2.36944 1.30063297025484
0.391219 1.13287 -2.98932 0.776678382829768
0.147247 1.2013 1.58573 2.92249161585031
0.487507 -0.0291652 0.817641 1.59528652525562
0.363356 1.65092 0.0773093 32.8698426903706
1.92044 1.9441 0.198585 4.71186114522731
0.569097 -4.48079 -0.283255 0.812404595871257
0.113201 -4.05079 0.798954 6.27103448194548
0.556069 -3.3791 3.03079 3.77262118727079
0.854052 -2.83206 2.80677 4.24572601224824
0.154441 -6.80397 -1.65612 3.62772242071169e-08
0.0715279 -6.85876 1.45317 9.57104279288298e-08
0.119775 -1.19032 -2.92862 0
0.0389387 -0.0767833 -2.11267 1.83568329537692e-05
0.0370268 -0.0786842 -2.05227 1.93636746411535e-05
