0.058571 7.66449 -1.54483 0
14.3534 0.597664 0.295922 6.04922321767348e-14
0.97598 6.92957 2.95549 0
0.304141 3.19791 -0.105168 0
0.448518 3.59988 2.29883 0
6.41553 -0.80065 2.9083 6.08081907962329e-14
0.494017 -1.11295 -2.69488 1.86482785601228e-13
1.73521 -0.621247 3.06775 1.25016506660954e-14
3.99762 0.397516 0.306721 3.67513721136673e-13
3.46959 0.915576 0.236535 2.38506143124077e-13
1.03256 0.933855 0.219277 2.31922481038891e-13
1.19809 0.997981 1.13786 3.4745451582228e-13
1.23519 1.95393 -1.05599 9.84385955836908e-14
0.0584084 4.63228 -1.4063 1.86849872343551e-13
1.33807 1.67195 -0.987666 7.29912945070696e-14
0.631662 2.30406 -1.25955 1.35450862584595e-13
13.3169 0.985589 -1.8183 2.80949970573389e-13
1.16807 -0.416307 2.51146 1.2686874693474e-13
1.00075 -0.891209 2.26503 1.5385009592778e-13
1.29494 -0.785886 -2.7477 1.10038869749911e-13
0.346576 -1.33767 2.96626 1.19771194844094e-13
0.757718 -1.32184 2.82961 1.21655603535314e-13
0.809065 -2.12494 3.12688 1.8126362819418e-13
0.0532778 -1.2528 -1.41023 2.53064666650547e-13
0.193392 -4.46659 0.18444 2.26634028951614e-13
0.133311 -5.64449 1.7298 2.23031928549503e-13
0.229824 -6.26649 -1.68626 2.23329120989707e-13
1.80753 -4.80578 2.13805 2.21735800774521e-13
0.595923 5.96768 -0.400066 0
0.208242 1.69261 -2.40996 0
0.527493 0.402585 1.37624 0
0.414005 -0.760701 -3.05808 0
0.452769 -4.92702 1.69541 0
0.615729 -5.5603 1.76224 0
0.255941 -2.31436 -2.75151 0
0.329368 -7.40994 -1.03592 0
0.291291 -2.83113 -2.91833 0
0.145387 5.59284 2.50241 0
0.169363 3.95542 -1.71546 0
0.295747 4.45702 2.23225 0
0.388379 5.0278 -0.314797 0
0.080964 7.89244 0.64982 0
0.745035 4.40144 -0.676102 0
0.452636 6.12299 1.80704 0
1.21081 3.85058 -0.403092 0
0.317358 2.55187 -0.661337 0
1.17911 3.46228 -0.370027 0
1.26565 2.74155 -0.772985 0
0.123753 2.01687 2.39697 0
11.0251 0.659753 0.329881 0
2.62167 0.730253 0.550283 0
0.764017 7.14333 0.812532 0
0.157625 0.788397 1.57023 0
0.352116 1.33984 -2.05396 0
0.159529 2.80358 -1.777 0
1.18476 0.233966 -2.25093 3.69394696815541e-13
1.17712 0.649792 -2.01483 3.86126114902047e-13
5.80858 0.641337 -1.77062 3.75133419903193e-13
3.3267 0.76702 -1.85953 3.75602380956006e-13
1.29204 0.853896 -0.354881 1.72729491147561e-13
0.493458 0.492818 0.700873 3.88549993911164e-13
1.56957 1.34575 -0.271241 7.61238411873355e-14
0.302326 1.24173 0.406773 2.10900015342435e-13
1.6797 1.29971 -1.42637 1.68330906553421e-13
0.763878 0.887657 -2.0108 3.25095645537208e-13
2.83573 1.13251 -1.6234 2.25485022959915e-13
6.63654 1.06577 -1.84038 2.70469039164314e-13
0.568907 -3.54115 0.442568 2.30617264421318e-13
0.65432 -2.39786 0.588453 2.42758563782382e-13
0.120758 -4.30797 -1.2419 2.25121959211561e-13
1.13195 -2.2518 -1.45575 2.32364403662566e-13
1.52444 -2.74909 -1.68233 2.24298275324844e-13
0.108308 -3.41555 2.57265 2.13955874960247e-13
0.457085 -5.43696 -2.54208 2.22318643798939e-13
0.164015 -5.98497 -3.11947 2.22559421165759e-13
0.262088 -3.52315 -2.06742 2.20090485443886e-13
0.454427 -5.50442 -0.167702 2.24563891797742e-13
0.279146 -6.46378 1.71411 2.23202616440324e-13
0.119693 -6.82582 -2.71882 2.23040655223193e-13
0.433578 5.35659 -1.20579 0
0.299827 5.33915 1.40529 0
1.16291 4.48584 -0.239774 0
0.36021 -2.44656 -2.77286 0
0.29108 -4.08892 -2.94475 0
0.299281 -4.72662 0.469929 0
0.384035 -4.96989 -3.00629 0
1.06923 -4.8175 -1.64335 0
0.3201 -7.12178 -2.06345 0
0.406555 -4.45253 -2.00242 0
0.65123 -4.47581 2.00252 0
0.248288 -1.18875 0.817429 0
0.0431273 -1.88477 1.75715 0
0.306969 1.79325 1.41579 0
0.507791 1.63065 -0.628608 0
0.615848 2.94333 -2.55972 0
0.206384 6.91967 -0.90666 0
0.178745 7.1053 3.02892 0
0.356619 4.87553 -0.221199 0
2.21214 3.93747 -1.00007 0
0.403007 3.11171 0.174532 0
0.393936 3.09476 -2.47237 0
0.330664 1.9865 1.47882 0
0.178094 1.48172 3.10534 0
5.02934 0.579209 0.274728 0.597210205599061
0.221454 4.58242 -2.28368 0.144305430798098
0.289563 3.80119 2.80695 0.291313347781471
7.67017 0.684324 0.137576 1.22411461239706e-09
0.964576 0.677864 0.205841 5.07468084288915e-08
0.609865 0.452624 0.0813731 3.30887107319993e-13
0.187032 1.38033 -0.65944 2.62540871248756e-14
0.017047 3.92436 2.22876 2.07184312386709e-13
0.448957 1.23027 -1.21809 1.39643928462327e-13
1.50844 0.893999 -1.64715 2.72377212762386e-13
0.514281 1.37181 -1.6316 1.95147232574081e-13
0.309174 -1.15792 -2.79011 1.26318317303757e-13
0.0106435 -2.0234 -1.9301 2.16274471335665e-13
0.654582 -1.76843 2.65606 1.66436718460091e-13
1.00674 -1.69799 2.95082 1.54898861620482e-13
0.135241 -2.3412 2.15977 2.04086511364768e-13
0.178242 -1.78451 0.270585 2.59595315144708e-13
0.241278 5.29596 -0.738018 0
0.372923 5.02585 0.0488812 0
0.114844 -3.39455 -2.93377 0
1.54764 -3.53018 -2.74832 0
0.217801 4.28186 -3.04074 0
0.218158 4.23175 0.510114 0
0.0797551 2.90106 -1.96215 0
0.348418 1.8559 1.12319 0
0.186024 0.843587 -1.44003 2.40906032181686e-05
0.181108 0.839041 -1.44086 2.50556835575763e-05
2.82422 -1.47837 -3.07567 2.84310009649669
0.879154 -1.38856 -3.03157 9.9277112529138
1.55415 -1.44888 2.9251 2.33774605234422
0.500899 -1.41281 2.81418 7.4888473676793
0.0630818 4.12082 1.49396 3.13073382528218
0.688547 2.5567 2.28337 1.36139249391291
0.131161 -0.300043 2.59402 0.0210139785447965
0.351453 4.6933 2.35169 0.0380150363474238
0.876784 2.15525 -0.570234 9.41162693248705e-14
0.378228 3.0411 -1.57693 1.73015643511931e-13
0.369824 -0.21215 0.377554 0
0.325325 0.131206 -2.8428 0
17.1589 0.46828 0.351673 0.51503040131525
0.324229 0.253222 -0.133825 0.324520846572637
1.47896 -0.221568 1.01531 0.107183590975168
0.510317 -1.12113 0.622049 0.181491682779318
0.387927 0.152469 1.20509 0.0157802409875669
0.301651 -1.69067 0.430451 0.0125927431349617
0.382893 -0.600042 2.64197 0.0209303851183354
0.714356 -0.595349 0.407052 0.00637380570306817
0.304055 -0.0691835 2.19046 0.0207365673670183
0.842751 -0.27043 0.136832 0.0128763998753475
0.618906 4.01518 -2.06307 0.02825221372386
0.835025 -0.760883 2.60804 0.171732239029612
1.44976 -2.924 -2.93152 0.364367076385359
2.71156 -2.95521 -3.02181 0.448073418038605
4.58922 -3.00574 -3.03459 0.660132653360048
0.232605 -0.376351 1.00233 0.420867655584229
1.41669 0.131573 2.28993 0.0789099623464028
0.181251 -0.462795 0.980148 0.423621694751985
1.52676 -0.480469 2.5362 0.0272890862231954
0.825935 -2.33586 3.02655 3.70309126285376
0.914484 -2.46222 -3.00781 2.31988904581782
1.52154 -2.77058 -3.00001 0.421067226158735
1.017 3.8838 -2.87303 0.108253938781709
0.389542 3.69312 -2.30011 0.346117468052507
0.00303731 -1.75688 0.447046 0.606886510205189
0.00865425 0.105135 1.05263 0.61848847310968
