0.471941 2.47134 0.9319 0
0.17882 4.82078 -0.518277 0
0.238621 5.01116 -2.5537 0
0.389916 6.65109 -0.470124 0
0.397759 7.4065 0.417491 0
0.731034 4.63603 0.366343 0
1.08909 3.75987 1.18395 0
1.09468 3.83836 0.259486 0
0.523555 0.662136 2.36828 0
0.15626 -0.70841 0.813217 0
0.284098 -2.7339 0.37196 0
0.718492 -3.03622 0.950781 0
1.58542 -2.27903 0.870736 0
1.02446 -3.31447 -0.362956 0
0.426343 -4.25012 -1.54915 0
1.2565 -3.05624 0.138492 0
0.74546 -3.33691 -2.08358 0
3.78421 -1.60418 0.282068 2.06980792821935e-13
0.275942 -3.62198 1.62585 5.46496070994773e-14
0.270867 -3.42177 -0.106036 3.04846606026582e-14
0.678762 -2.73272 -2.26187 6.48533186188235e-14
0.844016 6.6949 -2.55331 0
3.29011 -0.638672 2.66751 0
1.81514 -0.795098 -3.08355 0
0.524951 -3.04985 0.139009 0
1.56171 -2.7283 0.927509 0
2.93633 -2.45917 0.715063 0
0.599219 -2.85164 0.0975817 0
0.325547 -2.83045 -0.0241484 0
0.533734 -4.22578 2.64347 0
0.539479 -4.30364 -2.31917 0
0.411434 -5.57317 -1.36116 0
0.287405 -4.70051 -1.19286 0
0.530272 1.04397 2.62854 0
0.478041 -0.838534 -1.09564 0
0.180531 2.5028 0.0468082 0
0.26604 -5.16771 -1.70124 0
0.476562 -4.78049 -0.118633 0
0.409213 -4.11951 2.67045 0
0.178433 -4.18176 0.937156 0
0.777219 -2.80319 1.70204 0
0.430829 -1.18081 2.34489 0
1.95075 -2.06739 3.14108 0
0.684899 -1.74389 2.94087 0
0.115163 2.06461 1.46411 0
1.1754 -0.489355 -2.28921 0
0.10593 0.519272 -1.15374 0
1.49214 1.42346 -1.86357 0
0.168966 -1.79243 0.218152 0
0.403848 -0.93172 -1.81979 0
0.15201 3.03467 -1.39124 0
0.54688 6.53059 0.624184 0
0.563081 7.3207 0.245334 0
0.306129 6.08547 -2.88549 0
0.698203 3.6871 2.64309 0
0.712527 1.10205 2.35468 0
0.596068 1.99987 1.66709 0
0.284466 -3.70678 1.16355 0
0.533621 -8.16585 -1.33114 0
1.58722 5.01903 -2.53325 0
0.614428 0.383485 0.0917774 0
0.243118 -1.16474 -3.05304 0
0.745058 -2.36089 -1.38189 0
0.311268 -0.622189 0.147741 0
1.2734 2.28318 0.367709 0
1.01352 2.08165 -0.360573 0
0.458167 2.48465 0.502081 0
0.286003 2.57038 0.704957 0
0.937134 2.69625 -0.485398 0
0.136888 2.25329 0.588869 0
0.380366 3.00579 1.92001 0
0.670865 2.59571 2.89094 0
0.905238 3.07274 2.76526 0
0.804226 -7.81576 0.398248 0
0.343104 -1.95627 2.58198 0
1.08391 2.1441 -0.241334 0
0.29762 2.59643 0.11241 0
0.319247 0.987093 -2.39582 0
0.475292 4.14011 -2.34872 0
0.3296 7.6381 2.01224 0
0.773659 4.64074 1.03282 0
1.45594 -0.361505 1.14548 0
1.49696 -1.10039 1.60841 0
0.605257 -1.174 0.394644 0
1.14833 -1.06972 0.0819398 0
1.01539 -0.856123 0.504803 0
0.112377 -1.74778 -1.62792 0
1.61827 -1.17805 0.128446 0
0.434827 -1.99767 0.130184 0
0.802522 -2.85006 1.40699 0
0.930016 -2.46041 0.206349 0
1.60275 -1.66624 0.681935 2.05073053761711e-13
4.53387 -1.61031 0.525914 2.11810172164032e-13
2.41985 -1.80764 0.552321 1.77639784192023e-13
1.62304 -1.4148 0.61833 2.54220029230626e-13
0.399432 -3.06935 2.03462 7.70963565967582e-14
1.57715 -3.42443 1.69067 6.11886987811051e-14
0.911536 6.13464 -2.72946 0
0.0809773 6.4349 -1.50933 0
0.405142 0.976486 2.67861 0
0.88118 0.742426 -3.13245 0
0.0978897 -2.41043 2.6684 0
1.05486 -0.529006 2.321 0
0.117693 -1.60427 1.15108 0
2.11744 -0.699462 3.0469 0
0.980014 -3.09006 1.29499 0
0.442424 -4.61615 1.6366 0
0.414654 -6.27968 2.08975 0
0.363772 -2.8229 0.997298 0
0.428393 -1.07953 2.61219 0
0.237915 -1.00914 -1.82617 0
0.630648 2.53112 -2.64651 0
1.39089 2.25207 -2.98994 0
0.5904 1.54807 -3.09022 0
0.0839169 -7.10704 -0.743479 0
0.690749 -5.45898 0.366268 0
0.498645 -5.1768 0.054863 0
0.178519 -5.89759 -2.63175 0
0.391323 -3.72567 -3.10151 0
0.345264 -2.99378 -0.406047 0
0.270972 -1.75817 -2.22123 0
0.233818 -0.638097 -2.63564 0
0.330782 0.0528922 -1.48183 0
1.52415 2.03492 -2.0784 0
2.19861 2.01194 -2.00804 0
0.386578 1.33808 -2.07862 0
0.194513 -4.51048 -1.70993 0
0.0954026 -4.81316 -2.42569 0
0.397901 -1.00761 -0.444122 0
0.21034 0.00993879 0.431285 0
0.176795 7.02067 0.394779 0
0.249819 3.26892 0.295557 0
0.480086 0.881681 0.374324 0
0.209347 1.12267 -0.91479 0
0.65946 1.0882 2.79732 0
0.335132 -7.368 -0.477364 0
0.413418 -7.07421 2.63938 0
0.194026 -7.68918 -1.90675 0
0.557301 -8.46384 -2.65815 0
0.525992 3.07384 1.93233 0
0.238864 3.32508 -1.24355 0
0.308059 -2.00505 1.22385 0
0.440642 -1.04712 -1.29302 0
0.248925 -1.22741 -1.44002 0
0.455997 -4.51038 -2.28529 0
0.371534 -3.55119 1.81285 0
0.402644 -4.84704 -1.13774 0
0.533356 -3.95667 -0.12053 0
0.262536 -2.82565 -1.42669 0
0.484013 -2.4223 -0.488731 0
0.373491 -0.674209 1.30159 0
0.540343 0.793352 1.97657 0
0.820584 2.09432 -0.158086 0
2.75956 2.9256 3.11933 0
0.515746 3.61727 -3.08566 0
0.222364 -5.38809 0.788587 0
0.512705 -3.79994 0.200957 0
0.53578 -0.283023 2.97378 0
0.353279 0.226758 1.975 0
0.399066 5.18505 -2.15617 7.67854173878885e-08
0.0893314 5.92006 -2.91028 1.36183454388634e-07
0.305416 -2.84793 0.208658 0
0.421607 -2.43045 0.770714 0
6.23143 -1.53104 0.701637 2.31567878398747e-13
0.777544 -1.58826 0.605077 2.17821823897956e-13
0.310684 4.43546 1.98754 0
0.219324 4.73481 -1.1321 0
0.132215 5.15733 2.5878 0
0.468582 5.22772 3.02456 0
0.159077 -0.475091 -2.49155 2.67363197401851
0.849915 -1.08706 2.78547 1.53238635424571
0.568322 -3.37906 -1.36524 2.28833834510458e-09
0.414887 -3.01133 -1.55712 6.33644761165689e-08
0.283607 -1.25089 2.04914 0.0487387879177121
0.195493 2.27582 -2.6596 45.2862065417862
0.0218163 1.17963 -3.01908 4.9211055578936e-08
0.079827 1.26406 -3.03324 4.2591979650362e-08
0.911388 0.476099 -1.02155 3.29059136056583
0.183056 0.635134 -1.66514 15.0209466772572
0.255684 -5.20887 -1.45072 7.51788202466898e-09
0.192017 -4.43419 -0.119619 3.62878446046391e-08
0.092625 -5.99729 1.86688 0
0.248627 -5.06277 -2.64735 0
0.0550574 1.58024 0.377411 22.3400630365053
0.109049 0.590607 1.54949 21.9923494085704
0.0458932 7.32604 -1.45857 0
0.107974 8.8717 -2.45162 0
0.231103 7.19297 -2.03267 0
0.1303 6.59322 -1.07317 0
0.0170281 5.63341 -0.923181 4.41201395365526e-09
0.191084 4.06176 -1.68675 1.54800740915803e-08
0.574348 0.112525 -0.67746 0
0.140866 -0.347284 0.477285 0
0.773282 2.89417 2.68156 0
0.375738 3.33286 2.42484 0
0.224222 -0.498695 1.92685 0
0.290457 -1.24722 -1.9398 0
0.0756517 -4.59739 -2.75335 0
0.266985 -3.17318 -0.881494 0
0.290375 0.628377 2.52188 0
1.05876 0.811414 2.74894 0
0.220077 -4.32507 1.84264 0
0.0412146 -6.19869 1.0961 0
0.131906 -2.09378 -0.987598 0
0.37906 -2.13877 1.34235 0
0.465129 -0.638333 1.66553 0
0.176091 -1.18686 1.2854 0
0.28353 0.303189 1.22953 0
0.143291 1.28451 -1.27181 0
0.84777 1.4658 -0.377808 0
0.737892 1.16734 -0.201465 0
1.05391 2.60116 2.89114 0
0.396036 2.9357 2.54073 0
0.0102343 2.0334 -1.23276 11.618173385729
0.10116 -2.38862 0.482012 0.820827633174202
1.06127 -2.72613 0.310109 0.13982154674792
0.122603 -2.65789 -0.146234 1.29556137103586
0.254474 -3.58548 0.985231 21.7168767971174
0.383646 -2.95861 2.2107 26.8617043311384
0.147406 1.58936 2.59317 15.7208388934885
0.0599464 -1.29402 -2.57541 50.5179476503341
0.321673 -1.04393 2.21514 5.01976477055649
0.221961 -0.956381 0.482821 7.79334182490768
0.176317 -0.465377 -0.832823 14.7214815362607
0.153675 -0.216979 -1.08312 11.4388338137074
0.0295795 0.27527 -0.0915193 15.9068226202468
0.0151656 0.104849 -0.89707 21.3201635857529
6.94863 -2.49429 -1.9025 0.00619443511416611
0.055689 -2.33831 -1.77665 0.210228124615582
0.00346773 -3.06253 -2.10327 0.417886024939458
