0.667755 3.61832 -0.351293 0
0.768714 3.62245 -0.778962 0
0.859907 0.302179 -0.815622 0
0.780321 1.72407 -0.758386 5.72812056745974e-14
0.65531 2.43222 1.61983 2.77271178142641e-14
0.0987187 3.45618 -1.33261 1.11628163301648e-14
1.11222 4.49146 1.78846 2.8152568717152e-15
1.8975 4.14974 1.77498 4.30739432674389e-15
0.257632 7.63117 -0.467434 0
0.34638 3.85031 1.36042 0
0.498897 2.15045 -0.745033 0
0.315289 3.24782 -3.05121 0
0.412176 1.88591 1.69596 0
0.549652 -0.130145 -1.94465 0
0.113119 0.989438 1.99225 0
0.649495 -1.48482 1.44265 0
2.27479 -2.60672 2.90382 0
0.908199 -2.35065 -3.01673 0
0.11775 -2.0921 0.323769 0
1.30173 -0.713465 2.47033 0
0.3749 1.56113 2.94296 0
0.421371 -0.621205 2.88768 0
1.34807 0.427719 -3.05166 0
0.552102 0.230639 2.00242 0
0.259577 0.58945 2.62884 0
0.377397 0.895624 -3.02356 0
0.37175 1.7466 2.99007 0
0.550109 2.03108 -0.902446 0
0.227923 2.31847 2.69147 0
0.156376 3.30977 2.75922 0
0.313335 1.61475 0.796881 0
0.404459 5.60015 -2.80237 0
0.488545 5.81885 2.20739 0
0.332276 3.30457 -2.037 0
0.972871 -3.35115 -1.88351 0
0.396284 -4.5596 -2.01054 0
1.21989 -5.41066 -0.687164 0
0.682279 2.11521 1.37596 0
1.22669 -3.12345 -1.49745 0
0.708551 -6.42015 2.09899 0
0.261205 -5.92612 1.6558 0
0.483172 -8.48635 -1.48716 0
0.553279 -6.6553 1.06746 0
0.110906 -3.9705 -3.0967 0
0.343612 -3.5481 3.04505 0
0.483529 0.149382 -1.51506 0
0.964138 2.46554 1.77174 0
0.52514 2.71439 -1.86281 0
0.189329 3.32094 0.224757 0
0.444007 6.59954 3.11195 0
0.167365 9.43648 0.581909 0
0.334688 3.37726 -0.124198 0
0.347241 5.52331 0.230896 0
0.211376 6.18917 2.45338 0
0.641344 4.90775 -0.305629 0
0.383474 2.23008 -0.475471 0
0.27991 0.287201 -1.88671 0
0.637032 1.22235 0.0106878 0
1.00516 0.0317688 -2.36928 0
0.158016 1.00908 3.09539 0
0.814588 0.451693 -1.20459 1.48458417381552e-13
0.665885 5.96192 -1.52709 0
0.395273 4.63882 1.02636 0
0.271421 3.74401 -1.77838 0
0.283646 2.43419 2.5348 0
0.440971 2.65915 -0.0659447 0
0.193183 0.466774 2.23349 0
0.241915 0.23324 1.43927 0
0.316533 1.74944 2.64536 0
0.875956 0.475111 -2.34985 0
0.576402 0.967988 2.09773 0
0.0426268 3.63619 -2.54276 0
0.294448 2.66091 1.57455 0
0.72652 4.74732 3.05652 0
0.568871 6.78217 2.79704 0
0.642115 7.49644 2.81193 0
0.60824 5.06882 0.207656 0
0.185112 0.496395 2.79306 0
0.207116 2.74352 -0.138581 0
0.512689 -0.00439711 -1.81186 0
0.692138 -1.01747 2.49054 0
0.459566 -0.455189 -1.29244 0
0.326907 -1.12838 1.59854 0
0.562812 -1.24861 0.7494 0
0.503874 3.36788 -0.157059 0
0.496558 1.78237 1.55653 0
0.232711 1.45516 -2.20676 0
0.804713 1.62246 1.57612 0
0.0802356 -2.65027 -1.33586 0
0.151995 -2.77773 -1.45409 0
0.724074 -2.31185 -0.407573 0
0.212758 -3.84548 -1.84711 0
0.484294 -5.44741 -0.734505 0
0.765179 -6.1501 0.283969 0
0.460872 -5.96854 1.51055 0
0.19425 -5.96317 -0.901061 0
0.602384 -4.91254 -2.14727 0
0.519466 -6.4152 0.0578261 0
0.571674 -6.91865 0.282159 0
0.592188 -6.27111 0.00989767 0
0.35499 -3.20813 -2.96734 0
0.357116 -4.73414 0.591774 0
0.424666 2.79383 2.58734 0
0.311991 4.40294 -0.6694 0
0.223729 3.72073 1.69917 0
0.471092 4.5906 -2.99705 0
0.582781 6.6437 0.943685 0
0.250854 6.78013 -2.44636 0
0.315757 6.83021 -2.28414 0
0.355785 1.02354 1.74395 0
0.122137 0.584618 0.454289 0
0.128397 1.10102 -0.7202 9.87186255076702e-14
0.263097 0.588509 0.209167 1.38798550021604e-13
0.374559 1.68073 -1.90186 5.93948186117199e-14
0.329803 2.06011 -2.65938 4.10083911318833e-14
0.498376 4.06314 -2.92243 0
0.0964189 5.50115 -1.15256 0
0.0941519 -2.584 -2.75808 0
0.330358 -1.64978 2.50204 0
0.102534 -2.54333 -2.81915 8.2008977825062e-08
0.416459 -1.58175 2.74939 6.64946727200275e-08
0.386694 -2.20305 2.03165 0
0.844167 -2.46626 2.71149 0
0.118015 -1.42703 -1.26855 24.6484057283213
0.272433 -1.69106 2.54934 24.3073103241636
0.17153 6.94461 2.98206 0
0.30647 6.3195 -2.55233 0
0.135953 5.47803 -0.80446 0
0.662693 4.11914 -0.199795 0
0.158641 4.55187 0.849868 0
0.0884762 4.72543 -2.67712 0
0.945173 2.93629 -0.100659 1.25717855936593
0.254823 2.93876 0.284115 4.62460455447279
0.419495 0.641837 -0.559906 43.8494605262783
0.151759 -1.65316 0.460831 3.59334952206146
0.339655 -2.47406 -0.074202 2.95735158657964
0.965907 -5.64832 0.241064 0
0.392653 -5.68256 0.133422 0
0.0432184 -0.922059 2.75061 1.09086761582129e-07
0.275573 -0.272428 -0.0887332 6.20190506254457e-08
6.61939 0.287211 -1.0483 11.8782008686342
5.32179 0.336643 -1.09679 14.5790651213026
1.01167 2.49103 2.34294 3.50443799659211
0.453398 2.99155 2.00952 4.74906313839761
0.838525 -3.0806 0.0485279 0.274930988756791
0.0926778 -3.17091 -0.991917 2.26594678276287
