0.593801 7.94015 0.192043 0
0.640405 -2.4149 -2.54275 0
1.60797 -3.19781 2.96818 0
0.893284 -1.87405 1.88766 0
0.656567 -3.38257 -0.27544 0
1.22503 -2.69918 -1.88177 0
1.57735 -3.09557 -1.48936 0
0.0658183 -6.47215 -0.706859 0
0.111645 -4.48152 3.01708 0
0.904144 -2.52922 0.658051 0
0.167396 -0.818501 1.07323 0
0.693857 -0.705354 2.89427 0
0.535067 0.348228 1.99692 0
0.40095 -1.42107 -2.71998 0
0.384124 2.19631 2.3862 0
1.5216 2.17732 -2.25051 0
1.12435 -6.1258 2.90408 0
0.344812 -6.78901 0.824153 0
0.548899 2.89792 -1.63932 0
0.3882 4.68358 2.91646 0
1.37088 5.32144 -1.9852 0
0.122311 5.14845 -1.28896 0
0.579067 -7.96053 2.07096 0
0.506975 -5.18046 1.55769 0
0.459525 -5.64634 -0.828157 0
0.784975 -1.71318 -2.55381 0
0.162059 3.56741 2.47807 0
0.204307 2.39647 -0.720774 0
0.217855 3.60291 -1.58451 0
1.60983 5.27486 -1.06587 0
1.02509 -4.5684 2.36185 0
0.151666 -6.82633 -2.54956 0
0.856413 -5.53351 -3.1067 0
0.673178 -5.72984 2.90686 0
0.612663 -5.32524 2.13642 0
0.712615 -5.13765 2.62242 0
1.29926 -6.5057 2.82281 0
0.378794 -5.66343 -0.493202 0
0.108969 -7.3618 1.35348 0
0.418061 -3.84836 -2.4939 0
0.119345 -3.02853 -2.60361 0
0.350572 0.385505 -0.579109 0
0.64132 2.62447 1.46987 0
0.668162 5.46311 -3.13661 0
0.25678 5.77879 0.300805 0
0.883904 5.8186 0.84568 0
1.64234 4.95842 1.14616 0
0.165037 4.3542 -2.84856 0
1.27344 4.69121 2.58438 0
0.553598 3.89935 -0.972618 0
1.02556 3.25061 0.242066 0
0.4499 3.8238 -0.614298 0
0.541434 0.937506 1.20841 0
0.753759 9.03972 1.03541 0
0.108336 8.727 -2.57736 0
0.644909 -2.9397 2.46587 0
1.25859 -2.45186 0.132815 0
0.794881 -2.19516 -0.533721 0
0.195785 -2.19018 1.12546 0
0.36215 -2.64086 -1.82748 0
2.04935 -2.84016 -1.20998 0
1.23283 -4.19951 1.43645 0
0.935749 -3.83816 -2.77105 0
0.819064 -3.87456 -2.37513 0
0.211515 -2.22366 -0.359881 0
0.247326 -1.31907 -0.580337 0
1.28915 -1.41544 1.16578 0
0.16976 -2.70844 2.50142 0
0.241268 -1.96015 -2.46425 0
0.208136 -1.7115 1.96225 0
0.193708 -1.34978 1.67434 0
1.15577 -0.476952 2.59233 0
0.31248 0.208425 -2.86471 0
0.228759 0.775631 -2.59937 0
1.93244 0.17875 -1.88283 0
0.152589 2.75113 -1.23404 0
0.599962 1.35812 -2.95297 0
2.45994 2.45104 -3.1209 0
0.62771 -4.00161 -1.37727 0
0.120882 -4.81522 1.77448 0
0.148825 -3.17761 -0.983615 0
0.315384 -4.00121 2.71003 0
0.719569 -2.79846 0.361835 0
0.392794 4.96046 -1.12991 0
1.3515 5.65321 -0.862942 0
0.258712 -1.50962 -2.24067 0
0.305162 2.75844 3.07753 0
0.609738 2.31756 -1.4027 0
0.312559 5.68946 0.739462 0
0.659136 -5.40963 -2.4417 0
0.864541 -5.74209 -2.2624 0
0.989535 -5.75683 2.37155 0
0.578771 -6.56525 2.47825 0
0.482747 -5.81872 2.59801 0
0.32804 -7.69533 -3.01625 0
0.310891 -4.66965 1.33505 0
0.385179 1.74113 1.41839 0
0.103948 -0.701806 0.968055 0
0.131287 6.21056 0.180281 0
0.823489 5.59258 2.19449 0
2.12946 5.75815 1.46262 0
0.133113 6.40362 2.68588 0
0.256894 2.71385 1.11915 0
0.608463 1.20185 1.09465 0
0.478417 1.9908 0.158007 0
1.52021 -1.1604 -1.69016 0
1.86509 -2.37371 2.19494 0.48044308536811
1.25156 -1.7712 -2.4644 0
0.272065 -2.30383 -2.3374 0
0.396103 -1.40302 -2.21816 0
0.112443 -2.22363 2.2297 0
0.245286 -0.926252 0.99234 1.68553403703049e-07
0.592711 -1.49348 1.04071 6.93340379568614e-09
0.79626 0.0958629 -1.64064 0
0.522043 -0.105941 -2.11837 0
0.278177 1.26261 -1.06932 2.66940810808662e-09
0.133612 1.70819 -1.77131 4.35947506448641e-09
0.387928 -6.91407 -0.00976271 0
0.103529 -7.38535 -1.43121 0
0.29096 -3.37972 1.08826 6.89245606762088e-08
0.146049 -2.68295 1.90357 2.41927002019208e-07
0.369598 0.772084 -2.3581 0
0.217212 1.28333 -1.58636 0
0.0428657 4.70305 -0.999049 6.49565673962809e-08
0.0727088 4.69431 -0.863197 6.73294076136864e-08
0.406712 5.82568 1.86597 0
0.423446 5.69988 2.4392 0
0.167072 4.90617 0.0339989 2.2350621891958e-08
0.311205 5.03396 -0.311181 1.74641707240714e-08
0.197472 3.7887 -2.97471 0
0.183691 5.03961 -0.940151 0
0.215619 -0.744664 -1.55847 0
0.320734 -1.81845 -1.3606 0
0.257394 -2.24402 1.77826 5.53813399672617
0.485226 -1.49874 0.865885 5.95439242502636
0.0730935 -1.63078 -0.95039 43.0315851535135
0.537929 0.000736274 -1.71103 15.4403704143679
0.795935 0.219055 -0.0132053 21.8544282286329
0.361922 0.903186 -0.313056 34.33174287008
0.262998 -1.3217 0.371534 6.26748777238263
0.156132 -1.83421 3.14081 6.6077349766907
0.162213 0.719398 -2.18703 6.22306570279591
0.344635 1.87749 -1.54908 1.10536476567233
0.34138 -2.40344 -2.53899 0
1.03311 -3.01057 -1.62937 0
