0.540392 -0.314048 0.79722 0
0.0972992 -3.91577 1.46133 0
0.603512 -1.97422 -0.753076 0
0.471022 -0.85217 -0.771634 0
0.786816 8.32943 0.378939 0
0.511741 6.50704 1.64098 0
0.401389 5.68273 0.82343 0
1.35735 5.2264 -1.51811 0
0.385654 3.40964 -1.88855 0
3.68119 -3.28302 1.85421 0
6.64325 -3.29322 1.66164 0
0.2735 -5.84916 0.223344 0
0.234702 -6.6128 3.00408 0
0.218806 -9.15377 0.00288823 0
0.163995 -7.86784 1.28219 0
0.358023 -6.10948 -2.09976 0
0.214864 -5.27809 -2.03625 0
0.0363894 -5.02374 -0.292689 0
0.199782 -3.24718 -1.67293 0
0.175348 -1.56193 1.11439 0
0.728811 -1.659 0.599144 0
0.286721 -0.72202 -0.375273 0
0.136196 -0.943573 0.353005 0
0.434388 -0.653194 0.571276 0
0.908127 -1.31504 -0.784379 0
1.49622 -1.25691 -0.610195 0
0.233141 0.0782092 -1.27212 0
0.170681 -2.20188 -0.494947 0
1.40815 -0.529505 -1.21326 0
1.70766 0.291234 -2.47574 0
0.303524 3.40976 2.87919 0
0.380678 6.75555 -0.60352 0
0.35523 8.79148 0.0247958 0
0.685515 7.73855 0.466564 0
0.426026 5.5367 -2.16205 0
1.24166 5.10135 -0.905304 0
2.89005 -2.53847 1.59928 0
0.503882 -2.79109 2.27677 0
1.46748 -4.08086 2.06918 0
0.565518 -4.74358 2.95814 0
0.891766 -6.03171 -1.77527 0
0.940924 -6.74142 -2.94566 0
0.637872 -6.37091 -2.52786 0
0.574619 -5.34626 -2.44696 0
0.260516 -5.32077 -0.104113 0
0.35721 -3.18207 2.28454 0
0.420689 -3.61051 -2.01048 0
0.571756 -2.31937 1.41276 0
0.302464 -2.66491 1.16545 0
0.348884 -2.75755 -0.906152 0
0.340998 -2.52947 1.09002 0
1.46034 -0.661805 -0.915744 0
1.7765 -0.112818 -1.845 0
2.25305 -0.243312 -1.45056 0
0.912111 0.665833 -1.46026 0
0.302193 2.94454 2.8525 0
0.235247 2.72871 0.412566 0
0.49412 4.3648 -2.73773 0
0.266958 3.63198 1.89288 0
0.189744 5.13375 -0.606684 0
0.403953 0.526169 0.397119 0
0.329923 0.867959 0.912621 0
0.257847 -6.52698 1.18718 0
0.282845 -7.26304 -3.03305 0
0.174721 -5.60832 1.82623 0
0.202226 -7.06413 -1.67204 0
0.319817 -0.866544 -0.582507 0
0.208088 -1.6473 -1.36898 0
0.350703 -2.9507 2.74124 0.972864767576304
0.172551 -2.47547 2.71071 3.1938194025252
