0.574526 -6.27825 -2.9701 0
1.95736 -0.177894 -0.916321 0
0.742138 -6.32342 0.498596 0
0.38066 -6.05351 2.40137 0
1.42504 -1.52031 2.17645 0
0.539697 3.33948 -0.586506 0
0.742509 0.979275 1.37944 0
0.851305 1.17711 1.08513 0
1.24888 0.0497087 0.0411655 0
0.336943 0.524525 1.80935 0
0.145139 -0.976552 1.359 0
0.215115 7.3025 2.29829 0
0.285373 5.71087 1.72711 0
0.0880752 5.73641 0.858281 0
0.0798433 8.05792 0.511641 0
0.306337 5.15389 1.91407 0
0.42467 3.59682 -2.71141 0
0.678806 1.93926 0.507307 0
0.878713 1.48811 -1.24722 0
0.19049 -0.129897 0.62691 0
2.32555 -0.418372 -0.819397 0
3.15945 4.90396 0.59604 0
0.252477 2.59006 -0.242422 0
0.600776 0.969771 -2.41136 0
0.461415 -0.885211 0.417251 0
0.399414 -3.24377 1.46932 0
0.0738754 -5.4966 2.51191 0
0.94725 -2.63943 2.52914 0
0.738038 -1.3891 0.495903 0
0.720217 -2.41385 -2.57031 0
0.588066 -1.30949 2.8772 0
0.974745 -1.68022 2.33812 0
0.30317 1.14139 -2.28283 0
0.652813 1.15744 2.58574 0
0.925798 -2.09567 1.13988 0
0.319427 -1.42451 1.25791 0
0.286078 -1.51443 0.367725 0
0.416108 1.3749 2.21601 0
0.647244 0.933405 2.17616 0
0.179765 4.59198 1.00925 0
0.245358 3.55288 -0.302924 0
0.322753 3.84378 1.75021 0
0.227351 3.4137 -1.44962 0
0.956536 4.59115 -3.04598 0
1.86782 4.48785 2.26033 0
0.256835 5.12419 -0.177938 0
0.36107 1.80954 -2.85469 0
0.257036 1.03241 0.502707 0
0.372867 -1.36269 3.11557 0
0.362177 -2.06596 -1.26462 0
0.364701 -3.00425 2.11097 0
0.472328 0.23204 1.72668 0
0.511306 -7.46822 1.19003 0
0.141078 -5.77009 2.29451 0
1.41375 -5.82841 -1.93957 0
0.381569 -6.71336 1.94374 0
0.517748 -5.12804 -0.747476 0
0.463156 -3.48556 -1.98783 0
0.193689 -4.33079 0.515829 0
0.480492 0.126409 1.95014 0
1.02344 0.544999 0.612109 0
2.09288 0.204376 -0.38474 0
0.310279 -3.15715 1.02232 0
0.367435 -0.0900474 0.374787 0
0.428783 -1.81859 1.89103 0
1.14942 -2.43483 1.23845 0
0.813796 -2.58145 0.0532568 0
0.683977 -1.45697 -1.41996 0
0.696537 0.154096 -0.830362 0
0.251013 3.73431 1.73334 0
0.410469 -0.302188 2.7973 0
0.504302 2.6393 1.47564 0
0.427271 5.00878 -2.73848 0
0.263436 3.62874 -2.47658 0
0.992385 4.25447 0.96767 0
0.452465 3.69042 0.0361495 0
0.818245 6.09011 0.61342 0
0.330381 5.13357 1.94014 0
0.290628 1.23121 2.80242 0
0.59108 0.868009 0.0924177 0
0.694434 -0.172788 0.961217 0
0.82837 -0.412541 -0.147082 0
0.411736 -3.38827 -2.21042 0
1.37529 -2.57491 3.11728 0
0.843226 -0.743611 2.18428 0
0.495491 -0.771744 2.87839 0
0.523881 1.62131 -0.535108 0
0.602061 4.31022 -3.10944 0
1.08853 3.34463 -1.75052 0
2.21753 4.69147 -0.867144 0
0.709819 3.29311 -0.387475 0
0.946874 3.49427 -0.146786 0
0.368691 2.12864 3.01038 0
0.758304 2.78696 1.92197 0
0.7395 1.32774 -1.59106 0
0.442206 1.0252 -1.36552 0
1.58347 1.59984 -1.34999 0
0.328728 1.08355 -0.552662 0
0.206462 6.42713 2.1764 0
0.88092 4.11052 -1.26116 0
0.0987855 -3.19787 2.95921 0
0.208951 -3.09937 1.45878 0
0.370755 -6.82031 -3.11006 0
0.937621 -0.720951 -0.458027 0
0.369072 -5.43484 -2.08342 0
2.0931 -5.80063 -0.703233 0
0.520621 -8.02162 -2.53049 0
0.727362 -4.47121 2.47496 0
0.33824 -5.13353 0.738185 0
0.289473 -0.813697 1.88871 0
3.20641 -1.50873 2.22175 0
0.235787 0.909141 1.71025 0
0.551322 5.31413 -2.92607 0
0.192454 -1.02881 3.04129 0
0.709194 -3.74179 -0.562626 0
0.835832 -2.30157 -1.25655 0
0.918207 -2.84912 -0.645686 0
0.100296 -2.16384 2.31505 0
0.490381 -1.76874 2.89501 0
0.632062 -2.57853 -2.48202 0
0.251418 -1.35307 -0.619811 0
0.62192 -0.584968 -2.91565 0
0.330779 -0.362798 1.45253 0
2.54331 1.70453 3.03506 0
0.280407 0.54481 -1.6013 0
0.0737042 4.39849 2.66324 0
1.62888 2.55144 -2.87788 0
0.312909 -1.75953 -3.03927 0
0.322497 -1.22267 -1.69817 0
0.336256 2.23644 -0.729331 0
0.142619 1.20233 0.662957 0
0.33128 2.44756 -0.443357 0
0.231671 4.26848 2.72145 0
0.234178 4.25642 -0.620332 0
0.844599 2.86647 2.97479 0
0.265464 1.17526 1.10139 0
0.372366 -3.40774 -1.54414 0
1.01403 -3.43027 3.13016 0
0.425405 -3.6029 1.05144 0
0.251584 -3.09852 2.29363 0
0.522915 -4.15766 2.07577 0
0.635594 -6.18312 0.00224799 0
0.391987 -5.51795 2.51541 0
0.133918 -6.93809 -0.279899 0
0.791835 -2.91811 -1.70167 0
0.494894 -1.76678 -0.324489 0
0.510469 0.386241 0.797777 0
2.20674 0.405 0.947377 0
0.503318 -0.576873 1.2899 0
1.17479 0.503455 -1.48388 0
0.774454 0.509714 -1.54133 0
0.121654 2.11061 2.16908 0
0.194898 2.60542 0.909526 0
0.479055 3.97901 -3.13263 0
0.437263 -0.703976 -0.183829 0
0.959473 -1.45814 1.24032 0
0.38665 -0.58688 1.27311 0
2.68843 -1.04635 0.769047 0
0.81604 -0.78535 0.418779 0
1.14054 -0.65702 0.461588 0
0.550476 4.29248 -0.611947 0
0.396991 7.17973 -2.5162 0
0.253615 5.71379 -0.595682 0
0.566835 7.93537 1.6927 0
0.0263157 8.43428 -2.91427 0
0.554189 4.52405 0.42053 0
0.153689 6.87088 -1.89144 0
0.616946 5.77972 -1.5151 0
0.260813 3.33085 -1.53342 0
0.445151 4.09313 1.06242 0
0.553087 3.16288 0.112453 0
0.975578 2.03675 0.333415 0
0.195646 2.50836 1.93215 0
0.664819 1.73919 -0.379964 0
0.349889 -1.29049 1.81274 0
0.427936 -2.59364 -2.20179 0
0.232262 -1.24482 -0.783765 0
0.610244 -3.41418 -0.491107 0
0.351027 -3.88491 -1.16806 0
0.568147 -2.34998 -1.53298 0
1.65545 -1.1561 0.832822 0
0.484566 -1.35395 1.55524 0
0.271031 3.37418 -1.00926 0
1.09391 4.56669 -0.857235 0
0.868229 4.41994 -0.327912 0
0.501308 4.8584 -0.204245 0
0.260281 4.12599 0.434228 0
0.43769 4.46079 -1.52465 0
0.739166 2.83324 -3.13872 0
0.149127 4.00341 0.787508 0
0.277378 1.62838 -0.420945 0
1.94148 0.934202 -1.13108 0
0.0900205 4.5593 0.493152 0
0.575538 4.24735 -2.16941 0
0.330342 3.94444 -0.990281 0
0.245783 5.14028 -0.593384 0
0.605285 4.00845 -1.91607 0
0.170764 0.961219 2.92281 0
0.245144 -0.447513 1.54422 0
0.505688 -3.671 2.07245 0
0.385799 -5.06025 -2.33051 0
11.1715 -0.687529 -1.81201 0.263502877741009
0.568913 -4.53099 1.1289 1.16549125537045
1.5264 -2.11788 1.06438 0
0.839178 -1.88841 0.886827 0
0.673868 1.92196 -1.7369 0.427733421484582
0.503507 3.70666 -2.05918 0.0203471439404695
0.135763 0.599923 -0.459371 22.1538553878934
0.175955 0.260739 0.446986 72.4174614393555
0.685165 -2.51341 1.62368 0
0.0352534 -3.70262 -1.52379 0
0.513858 -1.54241 -2.62727 7.21214980816604e-10
0.426245 -1.2597 -2.70808 4.78256073820757e-09
0.970889 2.47433 -2.77508 0
0.255885 5.04989 1.72222 0
0.282902 4.55198 0.9446 0
0.0517369 3.97666 -2.97054 6.86421803630326e-11
0.878082 5.07511 2.0992 0
0.862194 5.0538 2.32707 0
0.591041 -1.35277 -2.03207 0
0.339784 -1.88824 -1.53074 0
0.155026 -1.56294 -0.210355 0
0.167259 -2.3613 1.81628 0
0.0746144 1.84637 -0.602866 0
0.119392 1.51724 0.639656 0
0.108454 1.13429 1.51349 92.1649849946533
0.128972 -3.30182 -1.29663 0
0.166373 -4.38937 0.0360542 0
0.13932 -2.94408 -2.91217 0
0.880269 -2.16089 2.41212 0
0.394947 3.34571 2.05977 0
0.184427 2.71795 1.01477 0
0.311334 3.11107 2.58999 0
0.463713 3.02421 0.831482 0
0.170089 3.62406 -0.116364 0
0.426023 2.88423 -1.50865 0
0.0906562 0.784225 -0.0810871 3.11229176876745e-09
0.298376 0.532669 2.84921 8.83746678376533e-10
0.197094 2.13384 2.61347 2.4986969686011
0.188283 3.08563 1.65337 0
0.358247 3.29943 -2.63301 0
0.820321 4.66075 -1.46642 0
0.498058 4.72688 -0.564261 0
0.415282 4.34593 2.50599 4.35472618348685e-08
0.32823 4.43674 2.71663 1.60881652983791e-07
0.568998 2.64458 2.3562 1.80630660733359e-07
0.547798 2.53038 2.73406 2.16399549926121e-07
0.439739 2.03423 -1.07848 0
1.0163 1.66397 -1.22147 0
0.459349 3.99662 2.13689 0
0.616191 3.74846 1.64997 0
0.0689233 -4.6763 -2.83193 2.14697383244689e-08
0.10218 -4.79253 1.50781 1.07662005889534e-08
0.444012 -6.30272 -3.08607 0
0.13306 -6.14376 -2.66737 0
0.158994 -0.25906 -0.19245 20.478297644178
1.11261 -0.77727 -0.390475 2.30754288947304
0.159091 -2.86607 -0.700737 5.10734233094963
0.0360725 -3.20094 1.59235 16.0117849707798
1.02176 -0.160457 0.649821 6.91390391010583
0.213153 0.22997 1.07672 32.4825706866681
0.17819 2.72364 0.441547 2.54907793036686
0.167645 1.49797 2.4758 8.85053474594385
0.887944 -0.753174 0.690306 10.9535043186757
0.475609 -1.00007 1.2741 17.1657961129776
0.603917 0.25664 -0.464523 10.7618789083395
0.250426 -0.716437 -0.256767 21.1012977469949
0.0400488 -6.06008 -2.66664 1.11631252629452
0.790732 -5.31892 -2.26271 0.118037557685136
0.164049 2.17683 -2.7037 42.6238527936785
0.476071 1.41563 2.24331 29.9636976293014
0.423215 3.1891 -2.88737 2.31387261449094
0.0701273 3.26802 1.1405 12.901894456222
0.239948 1.61576 -0.116058 10.3696651569391
0.0681161 0.277885 -2.12526 111.336309336149
0.685141 3.00404 3.09842 0
1.07961 3.373 -2.18892 0.016991123755129
0.973887 2.77246 2.25354 0.0342532461748175
0.374882 -6.42458 -2.65129 9.47745405991938e-08
0.255077 -6.98882 -3.03614 8.84674289891459e-08
1.8189 0.140557 -0.905672 0.503248979078618
0.587061 0.0449891 -0.858444 7.74497264797414
