0.264925 -4.49923 -2.19756 0
0.760105 -4.18122 1.69159 0
0.381901 1.08392 -0.630826 0
0.659613 0.0677769 2.72072 0
1.18037 -2.72438 1.85684 0
0.93471 -2.1487 0.955759 0
0.0660491 10.2002 2.47275 0
0.294975 5.82086 -2.46914 0
0.133442 -8.91027 -2.86277 0
0.322731 -6.41246 -1.11621 0
0.37905 -7.12138 -1.48414 0
0.264803 -3.68711 1.52265 0
0.689512 -2.92379 -1.83662 0
0.0641879 2.76695 -0.797053 0
0.377212 -3.24877 0.0155413 0
0.3803 -5.5983 1.91429 0
0.431345 -1.48421 -0.00544836 0
0.869171 4.32851 -2.69003 0
0.338643 4.06746 -0.252451 0
0.206783 4.22082 -1.26693 0
0.131312 2.99448 -2.20245 0
0.21628 -7.33934 1.52958 0
0.483831 -5.25768 -2.89816 0
0.380552 -4.39146 -0.177221 0
1.30465 -0.23878 -0.844133 0
0.243577 5.67157 -0.789269 0
0.11015 6.86447 0.275487 0
0.191574 -1.44864 1.70667 0
0.260334 -0.960022 -2.34825 0
0.0642045 -4.8724 2.58423 0
0.201615 -2.86696 0.732775 0
0.357488 0.260845 -1.30802 33.0941827564246
0.194678 2.66021 3.00315 0
0.211056 3.54897 -1.57718 0
0.740498 -0.0668162 -1.5817 0.607636802578817
0.0303183 -0.683795 -2.9853 12.0255373514335
0.949618 1.39099 -0.9295 1.10162476662528
0.159646 0.734007 -0.962052 10.8995639054328
