1.65664 -0.79484 -1.75028 0
0.495822 -9.63176 -0.0757028 0
1.50944 -0.238664 1.96701 0
1.34248 0.81086 1.3386 0
2.4058 4.87827 -1.60735 3.467422971732e-14
8.02143 4.82409 -1.81337 3.61426083512496e-14
0.899273 4.01098 -1.85315 8.40075624077624e-14
0.165622 3.35777 -1.06691 1.65482576640655e-13
2.36986 -2.10904 1.77736 0
0.404684 -3.82902 1.17984 0
0.483958 -5.41263 3.10987 0
0.337163 -6.87178 1.0363 0
0.851234 0.740594 -2.14377 0
0.388334 2.21055 1.00743 0
0.971651 2.38549 -0.266126 0
0.118285 2.17163 -2.41226 0
0.109577 2.83186 -2.4509 0
0.497245 5.3079 2.4589 0
0.382069 5.511 1.01122 0
0.0463847 5.11098 0.924267 0
0.517839 5.36958 -2.77696 0
0.190149 4.69732 2.48128 0
0.787744 4.35233 -1.1404 0
0.315407 2.36091 0.933226 0
0.734169 2.00838 -0.896077 0
1.1685 1.60692 2.88824 0
1.32194 0.395934 1.75658 0
0.977225 -3.47058 1.61774 0
0.423615 -4.26383 0.141195 0
0.274834 -5.17972 0.651431 0
0.580007 -4.12012 -2.90088 0
0.966068 -3.2414 -1.17651 0
0.38775 -2.64786 1.30962 0
0.821097 -2.68202 0.168643 0
5.18492 -1.26394 1.0798 0
0.531214 -5.16611 -2.3969 0
1.06437 -5.37705 -2.15236 0
0.622526 2.73514 1.04622 0
0.551618 7.25161 -0.979155 0
0.296739 6.70936 -0.188421 0
0.128906 -4.12455 0.912724 0
1.02234 -2.52735 1.3858 0
0.2547 -4.96113 -1.87663 0
0.882707 2.17731 0.601376 0
0.650395 3.10592 0.401339 0
0.35664 1.70729 1.48744 0
0.623048 3.02134 0.334124 0
0.120583 4.49011 1.61258 0
0.336842 3.97258 -3.12744 0
1.1165 3.70312 1.7577 0
0.612405 3.92391 1.03774 0
0.573197 4.31881 -1.40291 0
0.435146 6.96294 3.0767 0
0.442409 5.73278 -2.00041 0
0.510854 4.39242 0.805936 0
0.985539 3.48096 -2.6506 0
0.832486 3.74211 -2.32836 0
0.592403 3.27567 -1.29555 0
0.456671 2.35239 -1.91467 0
0.486236 0.143298 1.62113 0
0.610067 0.961014 1.11024 0
0.174048 -0.264564 0.389527 0
0.146633 1.69658 -2.64803 0
0.718612 -3.51345 1.88811 0
0.978781 -4.64275 0.770945 0
0.285721 -5.15104 -0.161004 0
0.477604 -3.50556 -0.734959 0
1.16175 -2.28102 -0.799161 0
0.321236 -2.29557 0.329885 0
0.307248 -2.04744 -0.51953 0
0.589121 -1.30931 -2.75879 0
0.547536 -3.72063 -2.00627 0
0.309051 -4.03982 -2.70953 0
0.163301 -4.56905 0.103005 0
0.60744 -3.26037 -1.7948 0
0.13323 -4.08194 2.79833 0
0.762647 -0.231952 -0.753557 0
0.360367 2.96446 -1.99028 0
0.460827 4.84465 2.46779 0
0.16804 8.86232 -1.11503 0
4.06934 4.5668 -1.81363 0.074195027180005
0.145489 4.79889 -0.610821 4.05932605367909e-14
0.295609 5.65875 -1.20563 1.64523987489576e-14
0.160813 -0.815258 -2.95252 21.4681694547756
2.80682 4.11869 -1.86615 0
0.94563 4.21927 -1.64587 0
0.16236 0.41519 1.47958 0
0.202664 -1.10442 -2.61062 0
0.00789681 -4.62497 -2.86574 4.74349098829228e-05
0.0376262 -4.34922 -2.66574 4.78023453375235e-05
2.44832 4.76052 -1.72192 0.0153365905935537
0.726306 4.7226 -1.73341 0.00986911961969227
0.467764 1.06367 -2.35623 10.9254663678696
0.0678495 0.633248 2.21019 48.6969167568737
