8.31432 -4.47896 0.26938 3.04546578558056e-14
0.426136 -4.1976 0.117134 3.90721738251107e-14
7.09756 -4.42569 0.228794 3.17877405699442e-14
22.7462 -4.4634 0.247646 3.07599537721388e-14
6.53124 -3.95124 -2.30621 4.97943855228678e-14
0.354363 -4.20776 -2.52573 3.97745700669631e-14
0.301172 3.86234 1.8705 0
0.925083 4.00436 0.888207 0
0.188023 6.50155 1.0936 0
0.750645 5.49715 0.209393 0
0.588024 5.70859 0.628217 0
0.111101 9.48394 -0.69226 0
2.03464 -1.23435 1.53204 0
1.39849 -0.763967 1.73272 0
0.670853 -0.783785 1.93135 0
0.503239 1.25903 1.07977 0
0.351754 1.95591 1.44577 0
0.762611 1.78672 0.408936 0
0.594402 -3.09562 2.23423 0
1.25941 -5.59951 3.02952 0
1.02039 -2.90498 2.25576 0
0.140282 -4.69429 -2.94201 0
0.310915 -0.626623 -2.60889 0
0.142258 -1.26811 -1.751 0
0.336482 -0.0434733 0.949069 0
0.966642 -0.321786 -2.18281 0
0.969755 0.780356 1.43591 0
0.339757 2.01891 1.58082 0
0.481992 1.18678 2.03001 0
0.734107 2.13178 1.7975 0
0.420249 3.40084 -0.142788 0
1.41124 1.41378 1.49328 0
4.31083 2.9714 -0.626703 0
0.290089 2.59102 1.44396 0
1.01348 4.89753 -1.09958 0
0.422283 4.37286 1.57458 0
0.842483 5.56289 -0.989289 0
0.321451 5.64442 3.11898 0
0.87631 4.8635 -1.35358 0
1.76554 5.06324 2.59307 0
1.25698 4.83352 -2.46994 0
0.520491 3.73377 0.229777 0
1.5738 4.06156 2.83378 0
0.241028 2.69601 -2.60151 0
0.42041 -1.14858 -1.59615 0
0.442811 -3.98408 1.92168 0
0.393301 -4.33893 -1.87229 0
0.736713 -8.58033 2.68882 0
0.91434 -4.53531 -2.32042 2.72264778263956e-14
23.6235 -4.2934 -2.46779 3.60977666537722e-14
1.79354 -1.43163 1.44407 0
1.45754 -0.980602 0.980938 0
0.235913 -1.4105 1.96753 0
0.224351 2.23729 -1.47042 0
0.709522 3.35654 2.80827 0
0.393994 3.40301 -2.19234 0
0.894542 3.21033 -2.33766 0
0.161376 4.14958 -0.436405 0
0.352136 0.850974 -0.16953 0
0.261085 0.770129 1.13103 0
0.374118 1.92063 -2.59393 0
0.892673 -0.85246 -0.055665 0
0.0457748 -2.96133 -2.25534 0
0.425819 -2.95829 2.55851 0
0.284658 -2.19355 0.475247 0
1.03277 -2.78926 2.20581 0
0.664852 -3.77705 2.3045 0
0.144716 -2.44351 -0.539139 0
1.545 -2.79485 2.05458 0
0.625896 -3.27302 2.05171 0
0.408197 -5.37924 1.69427 0
0.36972 -3.5803 -3.08285 0
0.733843 -3.42442 2.3374 0
0.250326 -0.427404 1.87632 0
0.296623 -1.4486 2.75032 0
0.669856 1.23108 1.02335 0
0.196963 3.44584 2.55839 0
0.768861 3.20056 -0.284988 0
0.7695 3.65817 3.08519 0
1.58855 3.58377 -2.34647 0
0.269124 5.67801 2.90821 0
0.665572 5.85471 -3.06557 0
0.221308 4.64448 -2.00623 0
0.687707 -0.462533 0.16087 0
0.129682 -1.0307 -3.00144 0
0.326156 -4.26877 -0.621003 0
0.0822907 -4.93454 1.22301 0
0.279242 -6.32367 1.22176 0
1.09392 -2.27092 1.97289 3.89181212040915e-09
0.27995 -2.10192 1.97203 9.73816484232718e-09
0.597831 2.15665 0.987531 0
0.76757 2.45168 0.934957 0
0.370223 3.14663 -0.17955 0
1.37042 2.84651 -0.358949 0
1.5095 3.09549 -0.471553 0
0.0920908 3.65879 -0.126869 0
0.0615692 4.87048 1.99542 0
0.163432 6.18583 1.77 0
0.284793 -1.66852 -0.346275 0
0.194905 -2.56453 -1.27474 0
0.216692 0.325462 -1.43023 2.74871278283225e-05
0.119921 0.33452 -1.42703 2.81115392766264e-05
