2.81079 -1.31006 -3.0937 2.84362904815263e-13
4.77908 -1.92698 -2.85711 2.84843704557235e-13
0.548287 2.97126 -1.73386 0
0.298916 5.58956 0.794502 0
1.23258 -1.03369 2.78232 3.57340384568456e-13
20.2675 -1.44621 2.57024 1.30152937348496e-13
1.81244 -1.39484 2.60782 1.42469571342772e-13
9.82287 -1.4306 2.62154 1.21432531183068e-13
22.3396 -1.47128 2.54818 1.28287740117253e-13
1.75277 -0.267868 0.3216 1.2185438915088e-13
0.194704 0.196716 1.31153 1.21052607871228e-13
0.22077 0.0640214 -2.54163 1.21122566802162e-13
0.935353 -0.675472 1.75623 8.42594618633457e-14
0.184572 0.0804913 -0.0129067 1.12252093413825e-13
4.40775 -1.07326 2.66149 3.6197317137277e-14
23.8983 -1.43947 -0.212827 2.15601063248439e-13
6.07743 -1.48696 -0.169716 2.04756316244311e-13
3.71517 -1.46793 -0.0525754 2.48616475032075e-13
0.259905 -2.35231 2.49077 5.94685693500756e-13
10.531 -2.65884 0.58113 3.32102602015079e-13
3.13485 -1.39664 -1.84561 0
0.37022 0.0724242 1.87001 0
0.506842 1.20965 2.35777 0
0.080101 2.27033 -0.592597 0
1.16205 1.70098 1.76097 0
1.03415 1.82048 0.0120538 0
0.682261 4.39911 1.45936 0
0.511 -1.11332 0.475462 0
0.478466 -4.72871 -0.250882 0
0.237666 -2.56131 -0.526768 0
6.54452 -1.29335 -1.02731 0
0.950255 -4.93817 -2.79819 0
0.301759 -4.21841 0.139682 0
0.277897 -1.52242 0.0459952 0
0.846376 -2.10802 -2.91295 0
0.232773 5.08421 -0.00705548 0
0.118656 4.4358 -2.8804 0
0.525417 4.45644 2.88858 0
0.573605 4.56078 -0.668709 0
0.692937 4.04271 -2.78536 0
0.338941 2.80761 -2.64736 0
0.512933 -0.231502 2.39033 0
0.38093 -2.86369 -3.04203 0
1.28569 -2.27268 -0.0943932 0
0.296718 -6.54015 0.666509 0
0.229239 -5.6031 -0.0621814 0
0.902035 -6.59173 2.38373 0
0.389919 5.73983 1.36904 0
0.499064 5.80049 -2.38801 0
0.827769 6.32593 -2.42584 0
0.418596 5.76504 1.89871 0
0.0581719 9.31312 -1.38587 0
0.830288 4.15216 0.00824902 0
0.621804 2.565 -3.02307 0
0.399582 -3.98335 -2.52671 0
0.334763 -6.86357 2.26228 0
4.49435 -1.4941 2.8571 8.5538908006051e-14
0.894616 -2.18664 -2.60589 3.64215521406205e-13
7.68863 -1.76644 -2.82249 3.00007052705984e-13
0.658572 4.89747 0.192308 0
0.410446 7.14128 -2.23376 0
0.336193 -1.80361 2.06711 2.89626979862491e-13
3.38662 -1.45791 2.76062 8.78680764303847e-14
20.4705 -1.48346 2.55104 1.2283035657688e-13
2.21992 -1.15817 2.44038 3.28368968814903e-14
0.523545 -1.10077 3.10349 4.12197357687417e-14
0.398016 -1.6424 1.47643 4.88232089410907e-14
1.33987 -1.33259 2.98506 2.45997991382312e-14
2.05587 -1.10968 2.50905 3.48501664744809e-14
0.222338 -1.11315 1.43744 6.94649895366806e-14
1.06906 -1.16394 2.80521 3.0672331224058e-14
0.509715 -0.194751 -0.296693 1.20327940504665e-13
2.99463 -1.39639 -0.213479 2.37265842618944e-13
5.76068 -1.49484 -0.138547 2.10367649818102e-13
0.205529 -3.05286 -1.58371 3.496061106289e-13
1.17935 -2.18202 0.647236 3.5570518176705e-13
0.988835 -0.322553 -2.03383 0
0.919359 1.19872 0.951239 0
0.174735 0.443946 -1.01957 0
0.655158 2.47534 2.0156 0
0.924623 2.88636 -0.02138 0
0.175841 3.35424 -2.37098 0
0.513453 2.76055 2.77167 0
0.385413 0.715105 3.06461 0
0.99221 -0.936852 -1.28298 0
0.22087 -0.823994 3.0388 0
0.398122 -1.81574 1.43309 0
0.351557 -2.28797 -2.49023 0
0.659347 -4.65085 0.0589163 0
0.915366 -4.65757 2.36472 0
0.874987 -4.35244 1.71813 0
0.260636 -3.76362 1.44639 0
1.11502 -1.60367 -0.795753 0
6.66756 -1.18274 -0.841904 0
1.29095 -1.19797 -0.802559 0
0.375975 -4.79695 1.13905 0
0.284242 -4.52091 -2.5209 0
0.484673 -2.84186 -0.918363 0
0.720697 3.48933 -0.284693 0
0.38637 3.45645 2.2729 0
0.205548 2.44764 -1.26071 0
0.126153 7.15933 -0.995619 0
1.04736 3.89737 -2.80012 0
0.727559 4.29157 2.50548 0
0.303069 5.02331 1.14953 0
0.881569 4.86435 -1.16766 0
1.71886 3.55043 0.0289475 0
0.579768 3.37812 -1.22995 0
0.666471 2.22854 0.950023 0
0.182577 2.34852 -1.82909 0
0.139594 -1.55643 -1.32812 0
0.30861 -2.49938 -0.908446 0
0.409464 -0.752645 2.71018 0
0.689078 -1.12137 0.612915 0
0.186387 -2.50219 -2.66478 0
1.1893 -2.67776 -2.89115 0
0.350413 -3.62342 2.34509 0
2.27397 -3.10134 -3.05089 0
1.01608 -4.34324 3.13462 0
0.413809 -5.06876 -0.977676 0
0.177318 -7.10245 -0.2772 0
0.463397 4.39053 -1.99296 0
0.118395 8.57872 -1.31826 0
0.323607 6.23603 -2.79818 0
0.356303 5.13192 -1.21542 0
0.727699 5.50099 -2.788 0
0.22667 -2.13146 2.35675 0
6.84828 -1.90658 -2.88157 0.0784244720776433
5.86086 -1.93798 -2.8048 0.0781596185136097
0.759673 -0.419014 0.425562 1.20101601346907e-13
1.22993 -0.281909 0.810839 1.20305121786436e-13
0.919031 -1.33609 2.69853 1.76693173871459e-07
1.25983 -1.39545 2.62854 1.9197215797903e-07
0.24899 0.0258733 -2.79337 1.18928189077202e-13
0.205757 -1.6745 2.929 1.1036892792603e-14
0.387688 0.067715 2.65191 0
0.326432 0.210645 -2.0086 0
0.20115 3.24234 -0.322166 0
0.200455 4.6004 -2.08369 0
0.158126 -3.61586 -1.76602 0
0.331938 -3.99571 2.59933 0
0.0598141 -6.19569 2.59814 0
0.746011 -4.1876 -3.14013 0
18.6251 -1.32328 -0.965065 0.0586204991957951
0.286773 -0.534151 0.459826 0
0.158852 -1.35273 -2.26778 0
0.0415641 5.50086 1.57889 1.20475154677206e-09
0.072649 5.5343 1.58289 1.13501790856202e-09
0.388429 3.7222 -2.42315 0
0.124076 5.05591 -2.50079 0
0.150222 3.22382 -1.93608 5.69790968067113e-08
0.178432 3.31441 -1.63577 3.10526003767715e-08
0.0990536 2.81 -2.28493 0
0.580009 2.67511 0.393081 0
0.17374 -0.837926 -2.47827 0
0.117996 -2.08139 0.508859 0
0.350077 5.84976 -0.509114 0
0.319639 6.72939 -1.07285 0
0.309577 -1.61372 -1.64651 1.52817380400697e-08
0.0806321 -2.41378 2.5574 2.53533910334823e-08
0.0512555 -3.04204 -2.70315 0
0.231734 -2.29277 1.12164 0
0.35818 -2.29361 -1.16839 19.1129636212202
0.153575 -1.94915 -0.491724 10.8187328893101
0.24051 2.82163 1.21909 12.0033512306009
0.886042 2.63208 0.399914 3.93006287661021
0.00185018 -7.92741 -0.884935 0.000180406791484741
0.0239353 -7.80246 -1.32421 0.000266863674610271
0.311238 1.82346 3.10036 46.3948080402493
0.170023 2.95754 1.68947 28.0020273108019
1.25727 -1.27126 2.19866 3.04834175116129
0.180768 -1.70129 2.76656 14.4788299738818
0.663422 -0.813267 0.429277 1.77306909594453
0.260012 0.0561264 0.364548 6.1004405845662
0.242639 0.0366849 1.13828 68.1817191105068
0.295029 -0.189718 -0.587798 55.1838172599753
1.46461 -1.95613 -2.8986 0.118485150195586
1.22947 -1.89403 -2.73462 0.217156718121608
9.63259 -2.61396 0.550243 0.0468788769613022
0.117125 -4.08028 3.10025 6.59283635299115
0.0299069 4.29686 1.58474 6.06381129029059e-06
0.132098 4.2836 1.65706 5.20444813810991e-06
3.19947 4.08574 2.11093 0.17712902626526
0.091307 -0.691725 1.6074 5.57341614781049
1.96687 -0.768252 0.337518 0.802692514937423
9.34974 -2.60879 0.673942 0.0491062909124735
0.382925 3.18651 0.222385 0.362670818905839
1.07501 3.32798 0.405628 0.344760888951725
1.72078 3.20657 -0.0575802 0.898035696530292
4.51645 -1.27252 -1.02663 0.0717832899006431
12.1545 -1.20901 -0.955514 0.0651911229051412
7.50696 -0.339624 0.49301 0.362853945566594
0.931233 -0.131481 0.591642 1.81687393076055
1.95962 3.16082 0.692907 1.46910194286048
2.22218 2.93385 0.0285658 1.4546005898836
2.56558 3.35683 0.588182 0.837702891772238
0.470482 4.79427 3.02915 0.32094121111733
1.48896 3.43112 0.0746363 0.622502890666743
0.561103 3.38611 -0.135816 1.18195238563519
