4.82584 0.672768 0.0359356 1.84952981808338e-14
0.648578 0.54896 0.0649149 2.02746859307986e-14
0.999958 0.996792 0.282906 1.84853974599436e-14
1.09658 0.983185 0.117456 1.66296147643275e-14
3.09512 1.06079 0.3075 1.83125729363853e-14
2.37536 0.669135 0.468787 2.31125505760951e-14
0.977087 -0.703118 -0.239174 2.74517485278938e-14
1.58877 0.33879 -0.226932 2.00082569973963e-14
0.282996 0.215564 -0.412207 2.0418405260169e-14
2.44032 0.373264 -0.728474 1.53430218627428e-14
28.6039 1.10103 -1.74523 1.07283483968837e-13
6.49384 1.2488 -1.75363 1.40691719376124e-13
0.303059 0.828646 -2.05935 2.23397676479454e-13
1.24113 0.314603 -0.417424 5.07098277587219e-13
5.82519 -0.156981 -1.0109 5.20962774717022e-13
5.00044 -0.177254 -0.975098 5.29755933102658e-13
0.507552 -3.04039 0.50052 0
0.501129 -2.2789 -0.432992 0
0.545674 -3.55194 -0.0191256 0
0.748535 -1.94727 -1.81568 0
0.698817 -1.36694 -0.683205 0
0.898189 -0.37434 -2.78694 0
0.464886 -0.910345 2.29506 0
0.705767 1.27826 -2.02385 0
0.510487 0.800866 3.01341 0
12.2403 -0.217803 -1.44304 0
1.7365 -0.556144 -1.4266 0
0.0558333 2.2209 -1.68776 0
1.06695 -2.44929 3.12507 0
0.77873 -2.97141 2.71949 0
1.21053 -2.25257 -2.70688 0
0.804228 -4.12794 -2.22014 0
0.178737 -4.9953 -1.87421 0
0.724933 -0.825244 -0.817683 0
0.617451 3.9581 3.01011 0
0.956292 5.81313 -1.69196 0
0.198505 7.12363 1.07912 0
0.0649086 7.30554 -2.6816 0
0.242084 6.76344 -2.74297 0
0.476312 3.34929 2.37806 0
0.208519 -2.5005 2.17534 0
0.539294 -5.53688 -0.690494 0
0.471047 -6.30361 2.09121 0
0.762462 -7.83202 -1.63771 0
0.268839 -8.16776 0.89424 0
0.385875 5.93755 -0.47851 0
0.247856 5.40605 -1.55425 0
0.426964 2.52897 -0.901363 0
0.447699 1.44315 -1.93701 0
1.03947 1.56405 -0.149096 0
0.315157 0.884258 -2.30698 0
0.299493 -1.42203 -2.96356 0
0.511583 -0.388213 0.399012 0
0.969349 -1.6526 1.60702 0
0.738349 -2.97103 0.956467 0
0.3101 -3.58478 2.55706 0
0.610342 -2.59911 -2.49043 0
0.86796 -2.07351 -1.60749 0
0.198809 -1.55757 1.10327 0
1.99456 -0.586326 -1.39743 0
0.130109 -6.73238 -2.56318 0
0.162522 -4.84091 -0.106995 0
0.174484 -4.24423 1.34924 0
0.501529 -0.613682 2.95381 0
0.231857 -2.59984 -0.856804 0
0.599502 0.184897 1.9196 0
1.03154 1.89552 -0.267014 0
0.713381 1.54312 0.00844522 0
0.774126 2.00949 -0.704746 0
2.72192 1.92367 -0.478907 0
0.418484 1.5381 -0.700501 0
0.688518 1.44653 -2.18651 0
0.248503 2.999 0.0317719 0
2.51465 1.41826 1.68694 0
4.51061 1.2854 1.53463 0
2.57724 0.650517 0.102306 1.95394505111796e-14
1.5749 -0.093186 -0.496533 2.4508958567343e-14
1.65051 -0.112207 -0.0198805 2.66185760393776e-14
1.60821 0.214213 -0.903954 1.82179119780853e-14
0.834487 0.339077 -1.45533 1.82516378934209e-14
4.40263 0.166353 -1.16616 1.96032397775598e-14
20.39 0.216429 -1.03211 1.82467547699277e-14
1.32054 1.06436 -1.85487 1.37853439527375e-13
10.3284 1.13341 -1.72763 1.08849539520915e-13
6.03738 1.20265 -1.82234 1.47342203315844e-13
13.1731 1.11194 -1.7193 1.02033055888321e-13
0.985412 0.435628 -1.80599 2.62099576362202e-13
0.346995 -0.364929 -2.24033 5.77086684636401e-13
0.605916 0.797688 -1.07795 1.90915115241649e-13
0.854818 -4.19091 1.05574 0
0.283459 -4.99185 2.76525 0
0.36182 -1.38971 -2.78802 0
0.344218 4.1349 -2.12896 0
1.95563 -0.26639 -1.53454 0
3.94095 -0.286827 -1.52921 0
4.77821 -0.262095 -1.52984 0
4.93981 -0.0894731 -1.5165 0
0.607236 -4.86702 2.17582 0
0.546674 -5.59012 1.26168 0
0.375431 -5.26937 -1.50389 0
0.571567 0.206307 -0.462558 0
0.281823 -1.60229 0.40776 0
0.589349 0.0365012 -0.775539 0
0.0586493 3.72607 -1.72573 0
0.866701 5.9264 3.11005 0
0.462827 6.5465 2.07148 0
0.503575 8.20603 2.05588 0
0.375399 6.86099 0.867178 0
0.391476 3.42122 1.23035 0
0.101915 1.78167 0.942574 0
0.501366 1.28796 2.68905 0
0.427077 0.843652 2.46342 0
0.224238 -0.583863 0.583946 0
0.305273 -2.76181 2.12495 0
0.248257 -1.8479 0.608411 0
0.869 -5.48783 -2.17835 0
0.168872 -7.27374 -0.508459 0
0.964667 -6.50284 1.21273 0
0.0790247 8.07523 -1.27089 0
0.0882225 5.09203 -3.07804 0
0.2573 2.70645 -0.213772 0
1.27024 1.76168 -0.83552 0
0.908261 0.197219 -1.9939 0
0.451263 -0.210458 -0.615655 0
0.889622 -0.236248 0.553787 0
0.122995 -5.22459 -0.940926 0
0.58594 -3.35273 1.7638 0
0.444954 -5.5974 2.3248 0
0.748144 -2.77881 -1.35072 0
1.05493 -1.73434 -1.86684 0
0.188676 -1.84278 1.31552 0
0.0957235 0.609023 -2.93819 0
0.675079 -1.26915 0.382551 0
0.976209 -0.458902 -1.48001 0
0.539612 0.27492 -0.994631 0
0.643295 -1.24205 -1.68685 0
0.161514 -6.20409 2.4084 0
0.734657 -5.55635 2.75382 0
0.254192 -3.22351 1.56013 0
0.553149 -2.70302 -1.30354 0
0.0833884 0.209716 -0.023725 0
1.80297 1.888 -0.162208 0
8.05174 1.38324 1.69123 0
2.30652 1.22987 1.55553 0
13.8625 0.972286 2.33219 0.05906169795013
2.6441 0.382525 0.252783 0.315419834706176
1.37161 0.730406 0.267324 2.05804476760693e-14
0.937159 0.73659 0.698272 2.43546063710926e-14
0.647877 1.36751 -1.89585 1.935680299052e-13
0.146408 2.09619 -0.771837 3.3052651831268e-13
0.523519 0.248155 -1.80253 8.843216453909e-08
0.128732 0.409024 -2.12325 2.10011675729633e-07
0.561559 0.160895 -0.402757 5.39510475793214e-13
0.776383 0.0222536 -1.11677 4.52957507370382e-13
3.21793 -0.349661 -0.981534 6.58517932372472e-07
4.30355 -0.290108 -0.938562 2.55980915133069e-07
3.10215 -0.263147 -0.955808 4.61599129817886e-07
0.689186 -0.30876 -0.956852 9.2449139414434e-08
0.229306 -4.35989 -0.549851 0
0.482208 -4.02563 0.64261 0
0.719471 0.536956 -1.48606 1.54908293028747e-08
0.496445 0.33049 -1.40476 5.10094821654641e-08
0.298249 0.332107 -1.56601 2.29177880298475e-08
0.518079 0.389143 -1.14723 5.83541069733315e-09
0.335121 -0.204125 -1.72087 0
1.00314 -0.245243 -1.21653 0
0.496568 0.00646524 -1.7001 7.2314730692715e-08
0.379828 0.0185745 -1.88794 9.15724471527765e-08
0.246927 -5.41262 0.81947 0
0.155891 -6.18821 -1.92379 0
0.549036 3.77297 -0.73085 0
0.200123 3.89286 -0.0788458 0
0.850585 1.2964 -0.468892 0
0.47896 1.79228 -0.129947 0
2.86381 1.36871 1.40105 0.264567870168754
2.03052 0.285122 0.0130978 1.48237924401547
0.556737 -0.0492283 -0.039005 5.59539087550666
2.33884 1.33299 2.3463 0.398631690175375
0.76984 1.3107 2.37149 1.22093555534662
0.0785509 2.37907 1.01346 48.3985177366668
0.593111 1.32596 2.56777 17.26770468275
9.45599 0.347995 0.556288 0.0483596937346531
1.92648 0.5108 0.72643 0.216581491208773
2.12007 0.51607 0.898399 0.36989235564775
1.85979 0.449406 0.548582 0.0591923098157581
0.457952 -0.123674 -1.0847 2.41616481180269e-14
0.560788 1.02076 0.196362 1.73085417856489e-14
0.0636888 0.949786 -0.750284 2.3798100388688e-06
0.0047113 -0.0225519 -0.0345211 6.42690534917856e-06
0.00892021 0.505945 0.225949 5.4800302982346e-06
0.0215867 1.63875 1.13647 1.68829430699258e-06
0.443068 1.3592 2.86252 0
0.285681 0.0899704 -2.0371 0
3.0789 1.32173 1.46083 0.0531454322864521
1.18343 -0.0807514 -1.19249 8.70631077501583
0.0608829 -0.0844923 -1.1794 8.18199325892753
0.576894 -0.904991 -0.901885 3.1492496826552
0.120283 -1.35051 -0.234947 10.4995030684661
30.9689 1.3318 1.47737 0.0534013033105153
9.48438 1.36106 1.41181 0.463505371300426
3.66397 1.33649 1.64215 0.76829728492098
1.61375 1.25435 1.49381 0.39322331916079
