0.85995 -2.11173 -0.540885 0
0.256316 -4.40924 2.59994 0
0.984607 -1.13768 1.36275 0
1.22106 -0.89597 0.47782 0
0.583373 -1.42557 -0.587988 0
0.780485 -0.737776 1.31256 0
0.848114 -1.33095 -1.16881 0
0.636215 3.40459 0.123901 0
0.619492 4.16486 1.87732 0
0.946346 -3.99979 0.1253 0
0.138104 -4.48863 -1.64638 0
1.16335 -4.8926 -0.0696762 0
0.838256 -5.52689 2.97844 0
0.723072 -6.89028 -0.137904 0
0.553284 -8.2959 -2.80659 0
0.874119 -3.24984 0.601854 0
0.471356 -5.16095 2.11065 0
7.50558 1.16136 -1.38479 3.38743779938936e-13
1.12002 1.17522 -1.30078 3.35831624101566e-13
3.8525 1.00975 -1.20806 3.716317152786e-13
0.228722 0.65197 -1.82061 4.44355176047297e-13
0.899907 0.428736 0.936926 4.44798396806147e-13
1.17974 -0.38445 1.63413 4.89659084335036e-13
8.77212 -0.0874292 1.16219 5.05282621484588e-13
16.8618 -0.139353 1.18928 5.05006499889698e-13
9.14136 2.30025 -1.41862 7.63897047621799e-13
2.72268 2.18061 -1.36158 8.71436650552584e-13
0.507565 3.17012 -1.35242 3.06309934994765e-13
0.342542 2.24212 0.702328 9.86812998833944e-13
0.629383 1.13889 1.17046 2.49765296002568e-12
0.216284 2.98785 2.58501 4.01733317330966e-13
1.14251 1.85982 0.984734 1.37167885870446e-12
1.86852 1.87275 -2.84314 1.14252207880865e-12
12.9081 1.58843 3.11511 1.54835253968664e-12
7.67867 1.6691 3.07451 1.43389767566347e-12
5.13349 1.65302 3.05611 1.45843818126759e-12
3.0533 1.62241 -3.06339 1.48959794344659e-12
0.0275051 2.84557 -0.300446 0
0.302388 1.6707 -1.4754 0
0.364252 5.08514 -0.977096 0
1.7065 5.15714 -2.30369 0
0.339603 6.66984 2.81733 0
0.152282 4.40724 0.429126 0
0.522939 2.97007 0.23939 0
0.665329 2.78767 -2.40113 0
3.2592 2.12217 2.63253 6.88656214964915e-14
1.36709 2.30668 2.78471 6.22781798063286e-14
1.74658 2.26152 2.86495 7.04990633378006e-14
0.579408 0.171513 -2.22206 4.74586037378689e-13
0.376392 -2.37308 1.31194 1.39032868281235e-13
0.430342 -3.60541 -2.89712 7.35348114064799e-14
0.701809 -2.60731 2.10387 1.31404616734843e-13
0.283249 2.05949 0.346674 0
0.0719662 5.98131 1.07681 0
0.430441 5.60478 -1.76588 0
1.34793 -4.40302 2.0131 0
0.295411 -1.39231 2.17251 0
0.352124 -0.86551 -1.25816 0
0.116767 1.71601 -3.07905 0
0.666589 3.26294 0.254561 0
0.909086 4.46057 3.02006 0
0.373475 4.28889 -0.641334 0
0.120125 6.76162 3.04436 0
0.496336 6.76255 -0.00665932 0
0.286614 8.46703 1.21562 0
0.143408 9.31479 -0.840254 0
2.12877 -1.40175 0.430076 0
9.36239 3.61927 -0.677947 0
0.387397 4.05816 2.00737 0
0.383591 5.54756 -1.0233 0
1.44336 4.77703 -0.354393 0
0.273344 -0.534065 -2.67209 0
0.446491 -3.78598 -0.219712 0
0.440372 -1.83003 0.844695 0
1.4365 -1.89052 0.323097 0
0.398624 -2.26836 0.969028 0
1.10507 -2.04346 0.25132 0
0.332576 0.218313 1.28389 4.78853711049979e-13
0.527186 2.02432 -1.67132 9.93829526803098e-13
8.88432 2.46741 -1.36852 6.45537908223503e-13
0.356494 1.68098 2.72221 1.45262792506608e-12
0.363127 1.87323 0.665959 1.35882709318389e-12
0.312465 2.31227 1.93789 8.64160625450917e-13
0.755322 1.60533 2.45654 1.58890792734786e-12
0.0736788 3.57279 0.540828 3.50511541934602e-13
0.592916 0.916791 2.05183 2.88288190526827e-12
0.398649 1.20753 0.649038 2.37676170925792e-12
0.739811 0.981999 0.0768625 0
1.19038 1.62332 0.152044 0
0.0947746 1.66093 -2.93409 0
1.87986 1.80943 0.251746 0
1.29515 1.32189 0.955807 0
0.195017 1.49414 0.877322 0
0.0508128 -1.95141 1.56962 0
0.722419 3.75527 -1.3961 0
1.27821 5.76855 -3.08507 0
0.241932 5.58293 -2.07561 0
1.0637 4.6584 2.76182 0
0.206427 5.43885 1.67541 0
0.132291 -0.505741 -2.81935 4.2805248483646e-13
0.213159 -1.0982 -0.648293 2.40197330329633e-13
0.185763 -1.76591 -2.99509 1.87644609372054e-13
0.743872 -2.91894 2.01565 1.1319693988953e-13
1.54488 -2.49974 -2.69032 0
0.394493 -1.24952 1.13864 0
0.139883 -3.1754 -2.77753 0
0.479895 4.41609 -2.77831 0
0.330833 4.58091 1.53024 0
0.51408 -3.99797 -2.62363 0
0.330084 -4.62716 0.364404 0
0.484591 -0.238041 1.60992 0
0.381659 0.370891 -1.54106 0
0.377996 5.65174 2.47784 0
0.245921 7.28967 -3.02272 0
0.103492 0.562574 -0.599209 0
0.00823839 0.568198 -0.561267 0
3.18241 3.64838 -0.699266 2.79900614093846e-08
1.13891 3.67285 -0.744268 4.57255200018617e-08
0.937015 3.79017 -0.958277 0
0.874988 3.85018 -0.575062 0
0.327591 3.87709 -0.28051 1.86071017347684e-08
0.934705 3.69226 -0.596639 1.01552148841941e-08
0.539539 4.84911 -2.351 0
0.660077 4.12608 -0.664356 0
0.206925 -4.44184 -2.45109 0
0.291257 -4.06264 -1.33078 0
0.151146 -7.31819 -2.72223 0
0.1621 -7.64921 -0.607443 0
0.108699 -4.45785 -0.687875 0
0.142058 -6.288 -0.0866483 0
0.258008 -1.53744 -0.445212 0
0.725677 -1.97001 0.326848 0
3.70174 1.2055 -1.4154 3.29254290242624e-13
1.97596 1.16584 -1.29477 3.37901757983496e-13
1.81662 -0.0885345 0.991386 5.05327797257207e-13
2.61987 -0.104114 1.13372 5.05322526985491e-13
0.421945 2.24447 -1.46981 8.05225782251975e-13
4.39846 2.3469 -1.44761 7.24164263632348e-13
0.617147 1.91468 0.218167 0
2.5434 1.93472 0.575085 0
0.232188 0.83535 2.63598 8.70937113657809e-08
0.231206 0.464296 -2.71819 1.47414798639588e-07
0.167595 0.797712 2.42302 0
0.290565 1.80061 -2.37103 0
0.217138 1.34762 -2.20515 0
0.233334 2.21964 1.77979 0
0.184764 3.15354 -1.96256 9.20079374879141e-09
0.184862 2.10009 -1.88791 9.02448935641142e-08
1.6429 4.31705 -2.46424 0
0.343853 4.63357 -2.07964 0
0.16887 5.82212 1.8203 0
0.799757 4.74537 2.42677 0
0.172158 4.75252 -2.79598 0
0.24488 2.95778 -2.32951 0
0.129788 6.25174 -0.303967 0
0.134278 6.70327 2.28941 0
0.158703 4.71216 -0.738013 0
0.135635 6.69472 -0.327344 0
0.146837 -3.19783 1.78097 5.04959224808232
0.0960108 -1.61096 -2.54133 36.2203863883479
0.558582 0.710511 1.12623 13.0519221325567
1.05778 1.20611 1.15892 4.79278155851893
0.966439 5.04123 -1.40574 0.28946076886613
1.15191 4.81783 -0.798517 0.195242650990827
0.360621 3.76645 -1.24312 0
0.239227 2.95305 1.54337 0
1.15436 5.32018 -0.931966 0.337086116879763
0.183298 4.04185 0.521771 0.844314289784475
0.261618 6.00685 0.502972 0.604103546658723
6.49515 2.34758 2.76414 1.33333148007067
3.6142 2.43902 2.70822 0.72138075231355
0.510943 2.66631 2.31489 4.45470271941589
