91.9213 -0.778213 1.74806 1.3605690518641e-13
22.8308 0.459868 -0.383399 0
3.79997 0.523499 -0.507784 0
2.71745 0.286221 -0.401364 0
0.361992 3.67779 0.957924 0
2.03512 -0.379471 -2.54366 3.70720066585535e-13
11.43 -0.324618 -2.73082 3.93443458727109e-13
2.79626 -0.43876 -2.83669 4.0648496401814e-13
0.251996 -0.558353 1.13062 2.11212626414033e-13
0.552124 -0.848496 -2.11923 3.6409338522779e-13
1.66117 0.153759 -0.706951 3.10008371751204e-13
8.61108 0.3248 -1.6567 6.48545678344516e-14
30.9785 0.195473 -1.65948 3.78626833932295e-14
22.5348 0.198248 -1.69956 5.4070668772393e-14
30.1939 0.198146 -1.69667 5.29056521013801e-14
0.0635266 -4.6434 -1.57711 0
0.590383 -3.04008 -2.91036 0
0.268455 -2.65454 0.978807 0
0.131225 -2.18769 -1.49472 0
0.926161 -0.532654 0.00450126 0
1.57496 0.114337 0.294742 0
0.373288 -0.245545 -1.09172 0
0.485398 0.510682 -0.299985 0
1.64036 0.397598 2.86336 1.33602817766472e-13
9.74628 0.293704 3.0301 1.38239501150654e-13
0.506266 -0.2034 -2.65813 1.44346752680336e-13
0.0414586 -1.17143 0.644014 1.31591719866254e-13
1.34669 -0.311408 0.840185 1.22014754824571e-13
0.453076 -1.08812 0.830936 1.23860219115767e-13
1.62712 -0.701167 0.740033 1.26487952696516e-13
1.06336 -1.43311 0.76224 1.29453131100794e-13
1.25471 0.552783 -0.23631 1.1718813029921e-13
9.60479 0.43636 -0.203074 1.20072747988812e-13
10.5435 0.430547 -0.320295 1.10778174413117e-13
0.623889 -6.1536 0.354079 0
0.448918 -6.90801 1.14715 0
0.329587 -5.12 2.5173 0
0.219826 -3.34925 2.14083 0
0.134661 -2.20806 1.97609 0
0.210312 -1.82578 2.4815 0
0.425656 -2.45273 2.27407 0
0.344086 -1.90515 -2.90442 0
0.789549 -1.51303 1.90185 0
0.434567 0.102651 -2.62632 0
0.155618 0.625217 -1.81838 0
0.17517 -3.71153 2.63686 0
0.374124 -3.50636 1.78833 0
0.52157 -2.67083 2.56344 0
0.888721 -5.65902 1.09577 0
0.711777 -1.57419 2.59011 0
0.38377 0.171942 0.172517 0
0.456596 3.12134 1.63912 0
0.435716 4.42458 -2.69984 0
0.321332 3.34702 -2.05399 0
1.00485 5.70751 1.24529 0
1.08221 -5.76495 2.40528 0
0.602788 1.11295 -0.788535 0
0.839258 1.13114 -1.42276 0
0.312385 1.65745 -0.858296 0
0.860118 1.75054 -1.12925 0
0.689624 2.60644 -1.54455 0
1.01654 4.20478 -1.37501 0
0.273414 4.10897 1.9121 0
0.253922 1.72475 0.683769 0
0.724968 0.0661873 1.82419 0
0.340701 -0.0890529 0.827551 0
0.341333 -0.934984 2.75882 0
0.496413 -1.64401 0.251739 0
0.595101 -3.18451 -2.52741 0
3.02316 -3.21796 -2.25216 0
0.90823 -2.55897 -3.07224 0
0.183022 -6.04636 -0.984068 0
0.820873 2.93355 -2.84871 0
0.799755 2.53669 -1.95003 0
0.172203 2.69409 -2.20603 0
0.250374 1.90256 -1.90068 0
0.0307449 3.39523 2.95201 0
1.67096 1.37168 2.94244 0
0.410993 1.01268 -3.06563 0
0.297322 1.20698 -2.76961 0
1.07547 0.81887 -3.11357 0
2.01096 0.890513 -2.91025 0
1.2663 1.28904 2.69043 0
1.7716 1.17371 2.88448 0
1.02931 1.60845 2.46817 0
0.354082 1.12344 3.10744 0
1.38806 1.58434 -2.92989 0
2.33644 1.95478 2.64962 0
1.50725 1.93173 3.10434 0
8.55309 2.19306 -3.00618 0
3.65983 2.22992 3.11522 0
3.77861 1.81583 -3.13741 0
9.80648 2.14947 -2.94394 0
0.244716 2.39871 1.27806 0
0.169218 -2.20996 1.17301 0
0.39859 -0.988173 -2.68573 0
0.0896192 -3.00042 1.50479 0
4.25402 -1.49672 -1.37935 0
0.382763 -2.54261 -2.51776 0
0.54597 -1.82098 -0.316936 0
0.378515 0.90344 -0.608361 0
0.361069 7.67816 -2.80654 0
0.567056 8.78547 2.33387 0
0.239281 4.5433 -1.42593 0
0.776 3.06161 1.38685 0
1.83402 3.45283 2.20266 0
0.323552 -0.603795 -2.52583 3.83726463972806e-13
0.693579 -0.423981 -1.05872 2.90639411977435e-13
0.784235 -0.379166 -1.14528 2.65294044117395e-13
0.278997 1.12341 -2.1865 3.24107691158981e-13
0.153006 0.848135 2.35261 3.82999252229162e-13
13.7578 0.227264 -1.65606 3.93744488241597e-14
9.99638 0.196216 -1.73698 6.90550462805556e-14
11.7873 0.218048 -1.65016 3.58684387606449e-14
34.2271 0.197528 -1.68291 4.73486363236258e-14
0.134421 -3.83942 1.97876 0
0.575835 -1.85111 -1.28486 0
0.238417 -1.75701 0.833318 0
1.19693 -1.49632 -1.06172 0
0.207072 -1.41716 -2.02145 0
0.547919 -0.749285 -0.754408 0
0.365154 -0.0124671 -0.829108 0
0.42962 -0.901744 -0.367065 0
0.160884 -1.73576 1.72238 0
1.27002 -0.110448 -0.724699 0
2.24448 -0.00281479 -0.47611 0
0.594054 0.241262 0.0897836 0
0.17606 0.300394 -1.25163 0
2.48825 0.464255 -0.336405 0
0.423555 -0.0305508 0.320616 0
0.54996 0.545663 -0.134907 0
1.34144 0.946733 0.490307 0
0.24624 -1.10298 -1.57809 1.38244973545739e-13
0.444815 -1.03874 1.63527 8.44732492113025e-14
1.86669 -1.00992 0.807201 1.24299276486802e-13
0.550108 -0.123483 1.07392 1.05834738046255e-13
0.836196 -0.314125 -0.788675 9.99199129577521e-14
1.11658 0.615531 -0.19395 1.20226821185953e-13
10.6322 0.446095 -0.259011 1.15744351140945e-13
27.8568 0.455578 -0.288238 1.13352016604116e-13
0.281605 -6.36116 -0.471654 0
1.96192 -6.23233 0.024806 0
0.209545 -5.07576 -1.61056 0
0.152507 -3.17103 0.307348 0
0.971324 -0.672465 -2.70059 0
1.3544 1.21023 2.53454 0
0.358517 0.391326 1.80915 0
0.421356 2.88041 -0.676125 0
0.3529 1.56268 -0.805252 0
0.500568 4.25078 -2.05649 0
0.524403 2.81682 -1.96735 0
0.79902 1.18855 1.22331 0
0.306536 0.800869 -2.21981 0
0.436205 2.19905 1.05103 0
0.2984 -1.65296 1.35796 0
0.666281 -3.02909 1.88285 0
0.198369 -7.70686 -0.471364 0
0.156663 -3.81902 1.38803 0
0.833811 -3.83189 -2.27855 0
0.287244 -2.08367 -0.0173158 0
0.538742 -2.91393 -1.12812 0
0.835617 -0.40203 -0.894439 0
0.439182 5.84728 0.417395 0
0.581032 1.31623 -0.57027 0
1.00056 0.434502 -0.469375 0
0.172684 1.02308 0.786227 0
0.606742 2.22248 -1.58013 0
1.89688 2.21288 -1.0131 0
0.118733 2.06471 -2.05701 0
0.232408 3.28567 -1.62193 0
0.847852 2.71793 -0.0868926 0
0.731629 3.34185 -1.32233 0
0.420973 3.2485 -1.97907 0
0.518311 2.23446 0.90834 0
0.425579 3.27143 -2.35554 0
0.139269 1.59139 -2.2572 0
0.505942 1.21487 0.192134 0
0.902453 -0.532846 0.0054955 0
0.855109 -1.34942 -0.677812 0
0.791034 -2.8073 -2.57342 0
2.43021 1.36588 -2.92668 0
2.12664 1.27393 -2.65844 0
0.898318 0.564111 -2.43862 0
1.62717 0.786177 -2.03814 0
0.296721 1.6936 -2.67706 0
1.46333 2.2856 2.98756 0
1.30324 1.79606 3.05934 0
0.254148 2.02773 -2.0834 0
3.04652 2.18781 -2.77615 0
0.0846027 1.87549 -1.76741 0
2.43145 1.54365 -3.08037 0
0.405903 0.841854 -1.93989 0
0.401839 0.811316 -2.4381 0
0.5901 -1.51387 -2.01911 0
3.20765 -1.56686 -1.55058 0
1.23313 -1.7308 -1.59451 0
0.519269 -1.50534 -1.58419 0
0.408887 -2.36277 -0.546848 0
1.61328 -1.7795 -0.954385 0
0.259762 -0.906648 -0.138272 0
0.694513 -5.33073 -2.5853 0
1.22054 -4.92157 -2.24609 0
1.16052 -5.64714 -1.19352 0
0.367683 -5.45217 -1.34588 0
0.277633 0.541392 -0.334984 3.83401352131012e-13
0.721821 -0.0751657 -0.991706 2.43682696584289e-13
0.109301 -2.65271 -1.19079 0
0.209515 -2.43046 1.70975 0
1.11422 -1.71333 -0.147097 0
0.133646 -1.08069 -0.120758 0
0.116649 -0.541952 -1.24455 1.05989495956024e-13
0.439031 0.409475 0.502424 1.44801355224144e-13
0.312258 0.254422 -0.306952 1.13932049249844e-13
0.349509 -0.0982051 0.456502 1.43176403163479e-13
0.231339 -3.18451 -3.12527 0
0.510413 -2.81867 -2.41879 0
0.252279 -0.50681 2.90022 4.42759244068543
0.0682835 -1.04034 -0.379461 0
0.17281 0.247513 2.8121 0
0.350206 2.00195 2.56881 3.96736132283933
0.303627 -3.36807 2.53709 2.52538300915157e-10
1.46921 1.58377 -0.645723 3.55164383815764e-09
1.10501 1.55732 -0.786487 6.8021547790087e-09
0.2198 4.37466 -2.12938 3.64073515291557e-08
0.323909 4.83353 -1.85674 1.37701636594608e-08
0.00439396 4.77204 2.04088 9.45402599444946e-08
0.0876667 4.47955 1.96442 1.13577250456557e-07
1.04842 -3.42084 -2.48624 0
0.777919 -3.43266 -2.75997 0
0.0929434 2.67683 2.41329 0
0.661443 1.84966 -3.0862 0
0.673875 1.53582 -2.95328 0
0.139421 1.74491 -1.85197 0
1.73018 0.962532 3.08001 0
0.802881 1.32739 -3.09263 0
0.298403 1.99717 2.62319 1.61941888275303e-08
0.659856 1.98238 3.04241 1.43960425986364e-08
0.332218 -2.18928 -1.52171 0
0.189939 -1.46537 -2.51695 0
1.7196 -0.950744 0.0581998 0
4.9874 -1.06193 0.115223 0
0.0850971 -3.19367 -2.99825 0
0.278881 -3.36517 -1.15178 0
0.360368 -1.70055 0.173304 0
0.245671 -2.91571 1.22489 0
0.272264 2.61495 0.360943 35.2875669448603
0.162931 3.08276 2.86029 37.0808119732466
0.279197 -1.7579 -0.115414 11.6020062943239
0.536509 -1.00566 -0.867764 11.612315700611
0.186742 -1.672 -2.29062 14.8842870712686
0.2549 -1.58083 1.54547 11.8780649957305
0.831506 -3.0179 1.5434 0.254906514219341
0.620682 0.14121 0.0802192 0.114930585698002
0.836264 0.0183254 0.175739 0.0660888489676819
10.0066 0.317859 2.92254 0.0851762843735063
0.0238285 0.609363 -0.102961 2.58452278548695e-05
0.331277 0.651831 -0.0839106 2.27548001452991e-05
0.481083 0.686014 -0.399526 3.35526651493177e-05
0.0575696 0.714133 -0.391443 4.42851150336416e-05
0.420652 -2.04096 2.02096 4.48755393912178
0.0805414 -1.74578 -2.51063 25.9648862775403
0.908203 -3.54204 2.72091 0.0301013219112336
0.690193 -2.63457 2.53244 0.201611139744227
0.800463 -1.47156 0.688402 0
0.189042 -1.06988 -1.18738 0
3.76755 0.124167 0.12722 0.0813074898592753
4.39418 0.0714693 0.175656 0.0567843028351125
0.549085 -0.0966543 -0.127178 0.335258942650187
3.03039 0.18974 -0.0195348 0.246223936888701
0.412585 0.072672 0.510469 0.461815358000897
1.85214 0.373091 -3.0879 0.669616938629894
1.34977 0.129332 2.72689 0.697795745295452
