28.7672 2.55268 1.07242 1.84348963861034e-13
0.177468 -7.23983 2.86807 0
2.32706 -6.97906 2.25119 0
0.758661 -1.25137 -1.42995 0
0.804639 0.490234 0.366581 0
1.11416 0.371137 0.325296 0
0.183248 -1.7986 2.42304 0
0.41981 -2.15432 0.587938 0
3.18875 -0.887416 2.39147 0
0.390899 -6.47974 -1.56638 0
0.616066 -0.418687 0.281797 0
0.19994 -1.13671 0.938644 0
0.353496 4.06665 -0.497279 0
0.957021 3.32144 0.904321 0
1.5452 4.37794 1.94997 0
1.94936 4.63924 1.62098 0
1.32203 1.35651 -1.92345 0
0.434474 0.145434 -1.18955 0
1.47376 -0.675469 -2.721 0
4.06891 -4.49014 -0.968596 0
0.359556 -5.65287 0.248982 0
0.663403 -1.24087 2.93806 0
0.816017 -2.41073 -2.35636 0
7.89096 -0.939287 1.384 7.598498802399e-14
1.57628 -0.0210838 -0.0820713 1.00430597623902e-13
0.728948 0.387057 0.697826 1.05547765749927e-13
1.2664 2.79662 -1.2157 0
0.365548 7.86248 0.880928 0
0.107137 7.86162 1.30411 0
0.494914 -6.5658 0.795548 0
0.40231 -3.89254 1.78534 0
0.234601 -1.69457 0.288211 0
0.33112 -1.76192 -3.05646 0
0.129358 -6.37652 -0.426993 0
0.226209 1.70241 -1.52031 0
1.08505 0.967029 2.3074 1.43224269558904e-13
3.75889 0.789753 2.70945 1.61556932351421e-13
0.664496 0.935188 1.57479 2.16339601611005e-13
0.456553 -0.00518619 -2.50215 3.33609405582212e-13
0.351854 -0.229541 0.197734 2.93958668484362e-13
15.9165 -0.934838 -1.54472 7.6285402815217e-14
0.146343 -1.11613 0.892438 6.18743707203933e-14
0.075297 -1.6738 -2.7685 6.96659020398778e-14
0.321055 -2.27559 3.00564 5.67702903365187e-14
0.128306 -3.3723 -0.538331 2.79977791095726e-14
0.150727 -1.91765 0.48702 2.41943146408886e-14
0.57135 3.64836 -3.07882 0
0.178112 2.01834 2.00349 0
0.19357 -0.567763 -2.48387 0
0.589316 -0.739411 2.30603 0
0.637475 -0.95076 0.877098 0
0.369203 -1.54897 -1.59121 0
1.48689 -2.51864 1.95302 0
0.794797 -3.9674 2.08328 0
0.232836 -3.97633 2.97216 0
1.19897 -4.43416 -2.23594 0
0.0747066 -5.154 -2.69024 0
0.628227 -5.12172 -1.97364 0
1.15676 -4.22086 2.7145 0
2.6265 -3.45791 -2.90875 0
0.343952 -4.64331 0.47417 0
0.525594 -5.08162 -3.09821 0
1.33893 -4.81468 3.11451 0
1.18564 -5.01592 2.98393 0
1.14244 -4.07682 -1.51335 0
0.220676 -4.97952 -2.03405 0
0.0160868 3.42356 2.23958 0
0.787965 3.21195 -0.932172 0
0.936318 3.13054 -1.58929 0
0.100274 5.1477 1.74212 0
0.44294 2.58449 -2.29344 0
0.354971 -3.06915 -0.959045 0
0.274376 -4.16762 2.56841 0
0.271114 -2.52414 -1.5746 0
0.598804 -1.16739 1.29371 0
2.53406 -0.440394 1.65636 0
0.333102 1.17026 2.55386 0
0.334867 1.52035 1.31814 0
0.316968 2.43629 -0.343457 0
0.920319 1.62916 1.31949 0
0.576224 2.74112 0.460004 0
0.830314 2.24994 1.63867 0
0.416822 2.95323 1.27192 0
0.275225 -0.283601 0.626306 0
1.15964 -1.41948 -0.965414 0
0.576227 -1.6115 2.98747 0
0.623697 -0.924831 2.40806 0
0.512995 -2.68319 -1.2214 0
2.56933 -0.995647 0.548237 0
1.61538 -1.16163 0.549383 0
2.70138 -1.32123 0.686978 0
0.142535 5.46328 -0.897097 0
0.293555 3.25028 -3.04409 0
0.579071 1.99326 0.252784 0
0.554533 1.24056 -0.0426694 0
0.294975 0.41588 -0.890154 0
0.466363 1.68285 -0.225357 0
0.749017 1.20583 -0.896507 0
0.558993 2.20442 1.62902 0
0.339903 1.60264 -2.1868 0
4.55443 0.281799 -0.0279231 0
6.85164 0.209432 -0.157205 0
1.04711 -0.192673 0.494643 0
0.906476 -0.441714 3.11811 0
1.41343 -0.463922 -2.98222 0
0.266642 -1.04755 -2.68293 0
0.409824 -3.87058 1.3629 0
0.0896737 -6.06959 2.27948 0
0.288223 -3.39275 -2.16829 0
0.241625 -2.80471 0.192262 0
0.503089 -6.30936 1.95788 0
0.162792 6.37386 2.51975 0
0.267796 6.94884 1.08055 0
0.153834 3.23676 0.0345071 0
0.642486 3.9213 -0.414044 0
0.557564 1.5078 0.719472 0
0.735331 1.88843 -2.73497 0
0.261876 -2.65189 1.10421 0
0.899424 -5.40683 1.43202 0
0.566481 -4.54516 2.06866 0
0.140359 -5.09657 0.929509 0
0.181874 -5.61083 3.08549 0
1.73734 -5.76987 1.31913 0
0.805109 0.479205 -0.791978 0
0.254586 2.13683 -2.2627 0
0.411283 5.70987 1.41788 0
0.540193 5.83953 -2.42179 0
1.65361 5.5588 -1.76811 0
0.167637 6.29249 0.598449 0
0.645327 7.0013 -2.81514 0
1.13293 5.99556 -1.23536 0
0.56263 4.89992 -1.55658 0
1.27331 3.7939 3.10264 0
0.146913 5.26438 -3.03742 0
0.473585 4.29672 -0.955094 0
0.663046 3.34919 2.88512 0
0.181831 3.33359 0.255838 0
0.296429 2.47949 -0.810667 0
0.583798 1.2531 -1.31432 0
1.24813 -6.32373 -1.14175 0
0.945062 -0.050641 -1.01608 0
1.12878 -1.72518 -0.550912 0
0.309776 4.60024 1.38047 0
0.605485 3.26199 1.68358 0
1.61353 3.94641 1.90377 0
1.69501 4.60441 1.54265 0
0.508987 -0.47328 -2.35911 0
0.239691 -1.06941 2.52335 0
0.0884354 -1.33922 2.11201 0
1.37929 -2.46233 0.00838546 0
0.697571 -1.69678 0.447979 0
0.96987 -2.13796 0.43843 0
0.646868 -2.24942 0.0671498 0
1.65527 2.98798 -1.56237 0
0.601176 3.464 -2.08592 0
1.20259 3.08136 -1.8336 0
0.783372 3.18814 -2.35569 0
0.469497 6.08232 -2.43166 0
0.120209 4.53107 -2.39221 0
0.206478 -2.78966 0.247529 0
0.669214 -3.33388 -1.47857 0
0.171639 -2.64042 1.61913 0
0.248491 -3.17538 -1.0671 0
0.238781 -2.72042 -2.30994 0
0.874609 1.75584 -0.905401 0
0.523731 2.10607 0.156479 0
0.771328 0.709765 2.41317 1.89114721394583e-13
0.972859 0.558578 3.05829 2.18395631487334e-13
0.617708 0.0739685 2.39778 3.12236240776782e-13
0.118049 1.65758 0.728398 1.98901349729347e-13
1.16368 -0.16575 0.712301 3.21678527761853e-13
0.19189 -0.19163 2.1726 3.37715409591259e-13
1.07302 1.81218 -1.00052 2.04238240001883e-13
9.1895 -0.772153 -1.49706 8.39349130667604e-14
4.9298 -0.930277 -1.65187 7.92853303904257e-14
0.347595 -1.65751 0.109558 1.53541596586641e-14
1.9226 -1.79433 1.30578 4.93234380593555e-14
1.10984 -1.96582 0.378335 2.039543797637e-14
0.598544 -1.10577 1.3024 7.36635168110458e-14
3.88568 -1.72368 1.72068 6.00744011907702e-14
3.86769 -1.74239 1.69076 5.89855537422631e-14
0.642093 4.07004 -0.423079 0
0.324704 2.94042 -1.71802 0
0.684171 -1.60829 0.831879 0
2.62686 -2.6222 1.73385 0
0.266189 -2.02868 -0.143448 0
4.54105 -1.83153 0.778026 0
0.316857 -2.40015 1.46999 0
0.5603 -2.05548 1.35766 0
0.168996 -3.93482 -2.14506 0
0.226995 -5.121 -3.12786 0
1.01642 -4.77282 -1.47091 0
0.231073 -3.77991 0.164316 0
1.43067 -3.34946 -2.4098 0
0.403631 -3.74519 -1.80066 0
0.86062 3.67328 -2.40172 0
0.209381 3.54962 -0.792148 0
0.222434 -1.61695 -1.15259 0
1.10225 -3.38558 -0.262104 0
0.0910695 -4.29939 1.88183 0
0.141506 -3.48533 1.19306 0
0.114468 -2.65412 0.476526 0
0.339981 -0.646049 2.83127 0
0.738106 -0.565683 2.6505 0
0.374049 -0.338223 2.20717 0
0.807536 -0.338159 1.212 0
2.50681 2.47912 1.55699 0
0.597321 2.20655 1.06957 0
0.62994 1.61768 -2.55425 0
0.450183 1.67228 -0.163495 0
0.27713 0.772863 2.0709 0
0.294375 -3.31875 -2.99892 0
0.110687 -2.58603 -3.05963 0
0.302557 -2.43541 1.17412 0
2.47821 -1.34759 0.630568 0
0.486374 6.15624 -1.61885 0
0.354059 1.63016 0.636592 0
0.115198 1.34571 -1.68245 0
17.8936 0.149033 -0.144782 0
3.06282 0.255525 -0.171609 0
6.81086 0.117106 -0.117546 0
1.22083 0.179756 0.0997427 0
1.92152 -0.898556 -2.92539 0
0.558777 -1.56065 -2.51546 0
0.594252 5.20842 -3.13781 0
0.137233 6.70825 -0.330476 0
0.454194 2.99654 0.487633 0
0.191907 -0.755433 -0.184521 0
0.197527 -4.21792 2.42605 0
0.298756 -2.89981 0.253671 0
0.656115 -5.39033 1.26612 0
0.679167 -5.12103 1.53653 0
0.310333 -5.81811 -0.456533 0
0.0982661 -7.06319 0.921005 0
0.362816 -5.3473 2.49331 0
0.982583 -4.79304 1.54578 0
0.296021 -3.98177 0.831923 0
0.618455 -4.17189 1.27145 0
0.861489 -3.42318 -0.228092 0
0.183356 -4.32475 -1.249 0
0.221337 -3.54044 2.98671 0
0.393721 -3.23419 0.522446 0
0.269613 2.71345 2.32366 0
0.351454 0.685522 1.64627 0
0.363422 1.35943 3.04436 0
0.303936 1.40935 0.0557378 0
0.560225 4.61468 -2.85341 0
0.0922046 4.99488 -1.18673 0
0.428258 5.11339 -0.973558 0
0.384589 4.90658 -2.26901 0
0.750263 6.19546 -1.37373 0
0.694689 5.54825 -2.35862 0
0.899909 5.19517 -0.344406 0
0.120813 6.51795 0.764743 0
0.0738583 7.9024 -2.82282 0
0.419816 4.07666 -0.0699478 0
0.305542 2.27044 0.783709 0
1.18129 2.82543 0.937945 0
2.07567 1.72269 -0.904689 0
1.12914 2.18426 -0.872309 0
0.271063 1.66593 -1.3494 0
0.782848 -0.0304514 -1.90115 0
0.315596 1.24386 0.370436 0
0.213434 0.716343 -0.0953206 0
0.183238 -1.25033 2.54151 0
0.170576 -1.75017 0.174142 0
0.781293 -1.8753 -2.35043 2.37377053412389e-08
0.274669 -1.57959 -2.42136 9.90792669693217e-08
0.223348 -2.60907 1.92087 0
0.473508 -1.86732 1.40549 0
1.1257 -0.770092 1.12749 7.80978770280892e-14
0.283495 -1.04931 0.24718 4.07126955630251e-14
0.0960791 9.27886 3.04473 8.62491050957411e-08
0.361694 8.13299 -2.65989 7.49363851836385e-08
0.361806 -1.63521 0.0377846 0
0.239517 -2.2851 1.23907 0
0.0735093 -1.26882 -1.4719 2.21160878337352e-07
0.208489 -1.33394 -0.469588 2.88632800705624e-08
3.50401 0.838266 2.89841 2.7588144960053
0.224482 0.36371 -3.0885 2.64683571741874e-13
0.616991 0.967831 2.49052 1.30725622489086e-13
0.0972115 1.44551 -0.0490782 2.46008404166856e-13
0.771142 0.459941 0.913095 3.22987275666806e-13
1.07203 3.25469 -1.57368 0.22429192015788
4.71128 -0.8736 -1.53604 7.93288018119352e-14
1.14877 -0.978162 -1.60357 7.55695611308999e-14
0.490112 -0.941747 -0.553441 69.2607084382615
1.12153 -2.56996 0.943641 0
0.220693 -2.38544 0.195547 0
0.486378 -3.38708 -2.65319 0
0.898868 -3.40238 -2.95284 0
0.0798566 -4.14234 -1.2573 0
0.713323 -3.05805 -2.80229 0
0.445278 1.61521 -2.47259 4.6349258928644
0.0409606 1.39772 -0.353264 61.1804986805991
0.336118 -2.0479 2.29672 0
0.329862 -1.98241 -2.26135 0
0.136107 -4.35215 -1.66954 0
0.251862 -4.46588 1.78741 0
0.233237 -4.27194 -0.895386 0
0.0920997 -6.63828 -1.32578 0
0.67799 -0.375333 2.77993 0
0.68883 -0.313637 2.39051 0
0.646233 0.994218 -2.975 2.46806306641853
1.51031 2.3566 0.964184 1.6531035702233e-10
0.343407 2.64493 0.935347 3.61125838241911e-10
0.142263 2.31526 1.94437 1.64199027000429e-08
0.143393 2.2739 2.40805 3.83150894070554e-08
0.22637 -3.01387 -2.99214 0
0.191711 -2.36814 -0.129596 0
0.601922 1.32084 0.0193697 0
1.58515 1.17585 -0.427667 0
0.212106 1.92486 -0.169162 9.3695536684232
0.448103 2.05236 0.251645 10.3806929691737
2.44572 0.187802 -0.224343 6.26370696626087e-10
1.5668 0.227796 -0.184098 7.28370058164389e-10
4.37809 -0.679577 -3.06675 0
2.60479 -0.749813 -3.03658 0
1.36286 -0.539015 -3.01508 0
3.31459 -0.727534 -3.07899 0
0.0315191 4.52214 0.142867 1.15882010218401e-07
0.224262 3.14124 -0.526197 1.48393258359824e-07
0.171321 -4.59973 1.87714 0
0.215668 -5.63117 1.94221 0
0.0821692 -3.22545 -0.0099427 0
0.124567 -4.56735 2.24729 0
0.270608 5.58537 -2.76684 0
0.116536 6.99546 2.96245 0
0.378793 5.68349 -1.08079 1.75162605045236e-05
0.265116 5.68032 -1.08109 1.88125559992028e-05
0.0420686 2.32169 -1.68274 0
0.524819 0.910843 -0.994264 0
0.0662568 1.12525 0.242957 3.00583988748036e-05
0.037136 1.22438 0.302847 3.18646445994731e-05
0.234284 -0.975113 -1.12691 3.22836315652756e-06
0.0998783 -1.05898 -1.01435 5.1009532684538e-06
0.14334 -3.58253 2.09546 9.06041215434695
0.26815 -2.94732 -1.09388 9.11047474872015
0.80188 -1.569 1.34936 1.77550408908462
0.0243746 -3.14439 2.50411 12.6037039281333
0.270472 3.95407 -0.405824 13.2274290953894
0.437826 3.45444 0.741472 13.4704596238776
0.186571 1.43092 -0.943482 41.3521034019131
0.26691 2.65005 -0.10078 8.96359675265331
0.196461 -0.455625 -0.730396 3.84659197278488
0.224117 0.408175 1.39682 3.43444873309451
0.116472 -3.04015 -0.502074 1.49386160040156
0.155171 -1.34051 2.01045 5.75068851286967
0.637077 -0.573768 0.898633 1.13941237713468
0.926204 -0.506498 1.43346 0.807235405574166
0.468467 -0.360701 0.960909 89.2075852770327
0.720011 -0.720092 0.358836 48.6193382999917
0.581969 2.12169 0.983527 14.9014861597824
0.514877 2.82774 0.82557 8.44171050094627
1.10572 -1.06462 -1.60052 0.00427165429658661
1.08573 1.41341 0.197864 0.284015658043727
0.535766 1.72078 0.501976 0.131975387922781
0.29904 2.19276 -1.20716 0.723761043587312
0.428693 0.218455 -0.0401885 3.33188818829952e-08
0.0922517 1.69954 -0.26215 5.33108087018632e-08
3.0205 0.21013 0.210578 0.00312483379389387
2.96616 0.262994 0.0451601 0.0163322824012143
2.71758 0.43975 2.92926 4.41469923760617
18.5733 0.774428 2.81733 0.352158249524804
1.68291 0.746697 2.80942 0.0852332508517351
0.704619 -2.0709 1.69536 2.80819447957426
0.108288 -2.67246 1.43381 10.1589135141549
0.0219652 -4.42769 0.653803 7.93015801650547e-05
0.00242515 -4.5543 1.03919 7.63288148744653e-05
0.0409316 1.07834 2.3098 0.361799044108562
0.0557997 1.47262 -2.22245 0.188531750129427
0.282968 -0.460424 1.181 0
0.112761 -1.20173 -0.315559 0
0.535256 -0.685518 -2.61545 1.40490851535742
0.236768 -0.553757 -2.59532 3.45363879347557
3.84333 0.342221 0.0593006 0.0815027692944013
3.98431 0.210958 0.249651 0.0251198595845157
1.00548 0.116341 0.405749 0.0795856231952577
1.2155 0.166591 0.166141 0.0126260400726108
1.20124 -1.05009 -1.64336 0.00280564246264698
11.514 0.744231 2.81798 0.0678081574859668
