97.5876 1.53486 -1.36086 8.68812803892015e-14
0.627651 4.37419 -0.997939 0
0.553567 4.20472 -0.330495 0
9.30666 4.25336 -0.229009 0
2.38159 0.551683 1.49222 1.80416584655687e-13
1.58131 0.844714 1.42193 1.42409564643653e-13
0.297681 1.544 1.78278 5.1952743167074e-14
1.41594 1.63379 2.9991 7.31445067106e-14
0.483683 2.75806 2.41323 5.16265930073537e-14
3.51813 2.75894 -2.84959 7.91435918275131e-14
3.26711 2.78348 -3.06506 7.20979740679896e-14
0.46704 6.30938 3.13357 0
0.310136 4.61837 -2.86314 0
0.108142 3.34629 1.62002 0
0.332623 3.31979 -0.268623 0
0.174221 6.34854 -2.41042 0
0.263263 2.17112 -1.49448 0
1.65814 1.28929 1.1067 0
6.62725 1.63428 0.869741 0
2.8233 1.73229 0.921616 0
0.0724298 3.29292 1.14961 0
2.32145 2.07737 0.859684 0
2.22392 2.136 0.0795438 0
1.30079 2.0983 0.329236 0
1.98393 2.32701 0.0709877 0
0.114945 0.756408 1.96703 0
0.982981 2.58807 -1.08382 0
3.115 1.89718 -1.60225 0
0.298094 1.98701 -2.16914 0
0.407083 3.32357 -1.89136 0
2.8728 1.86315 -2.05384 0
3.14503 2.12635 -1.86167 0
0.910928 2.39963 -2.48488 0
1.42761 1.96295 -1.81363 0
1.2087 4.19087 -0.0346644 0
0.563615 4.09149 0.649377 0
0.368746 2.68632 -2.61469 0
0.177014 3.63018 -2.02426 0
0.756229 -2.23133 -2.32461 0
0.418935 -4.28008 1.49184 0
0.154369 -2.97334 -1.0312 0
0.546995 -7.23066 -1.57463 0
1.0037 -4.61659 -1.05247 0
0.281992 -3.73018 0.726356 0
0.350126 -4.0068 2.51839 0
0.250218 -2.90709 -0.792833 0
0.688377 -3.22984 -3.09497 0
0.200043 -1.83237 2.27814 0
0.439386 -1.56171 -1.58252 0
0.662423 -0.948614 -2.81018 0
0.645394 0.012793 -0.522359 0
0.320385 4.24153 2.36111 0
1.5832 3.737 2.58569 0
0.738623 3.01123 2.81998 0
0.164349 -1.73122 1.12432 0
1.87256 -0.932003 1.01504 0
0.591229 -1.83499 0.822453 0
0.538895 -0.2433 -0.588746 0
0.969245 -0.117589 0.312107 0
1.68264 -0.381466 0.202025 0
4.30367 -0.321474 0.790262 0
1.2487 -0.397975 0.864025 0
1.1911 -0.106895 0.942347 0
1.17299 -0.739197 0.680142 0
0.595595 0.0401831 0.522446 0
5.2064 -0.500855 0.973724 0
9.76611 -0.528127 1.06345 0
0.809761 -1.05833 0.800678 0
0.449536 -3.05978 0.890945 0
0.302107 -4.51288 0.216581 0
0.774907 -3.48937 1.36667 0
1.18178 -3.93345 0.673786 0
0.124412 -5.7172 -1.98671 0
0.806448 -6.15458 -0.823565 0
0.652806 -5.059 3.07137 0
0.406113 -5.15891 -2.6353 0
0.52329 -4.8402 -1.54685 0
0.533223 -7.70045 2.47034 0
0.310595 -5.03911 -2.68366 0
0.0873345 4.90035 2.66028 0
0.553143 2.67525 0.281261 0
0.507889 3.6791 -0.327128 0
0.86902 4.96029 -3.05675 0
0.366782 6.56428 -2.54059 0
0.135574 5.61067 -1.03956 0
1.49014 4.25112 -0.60183 0
1.74803 4.35973 -0.00142845 0
3.42814 0.707534 1.5546 1.55172173868933e-13
0.600268 1.30271 1.29798 9.7301470865187e-14
2.97052 1.32164 2.5087 6.50533125594565e-14
0.303119 1.91689 -2.82879 9.32978612509871e-14
2.80034 1.56764 2.73087 5.55225016167892e-14
0.146805 2.21322 -1.00901 1.39036359382353e-13
0.958291 1.99918 -3.13556 7.06130542264613e-14
0.377882 4.92536 2.40386 0
0.41183 6.30439 1.42324 0
0.207074 2.95668 -2.86596 0
0.319289 1.45692 0.709843 0
0.834381 2.31363 0.317013 0
0.118376 0.297307 1.61802 0
1.75009 2.18552 -2.04612 0
1.42363 2.0638 -1.64987 0
1.15994 2.06748 -1.76021 0
2.79351 2.40811 -1.56705 0
3.9564 2.51303 -1.71517 0
0.461429 2.00706 -1.88229 0
4.00635 2.3923 -1.9508 0
0.641244 2.3747 -1.25378 0
4.11498 2.01559 -2.14375 0
0.117659 2.37087 -2.49614 0
0.848092 3.43328 -1.15652 0
0.707492 4.2023 -0.682822 0
0.363253 -1.64234 -2.96281 0
0.270321 -6.79646 -1.39218 0
0.217968 -4.13211 0.892307 0
0.558512 -4.20915 -2.52162 0
1.74591 -0.746525 -2.53116 0
1.33369 -0.253722 -2.72225 0
2.26843 -0.617157 -2.57853 0
0.27542 -1.03206 -2.50484 0
0.297524 1.72424 1.44656 0
0.330842 2.99902 2.01495 0
1.15788 3.58649 3.11572 0
1.06146 3.85591 2.77815 0
0.325319 3.91723 1.38848 0
0.874987 3.38542 2.76233 0
1.30657 4.03032 3.02209 0
32.1465 1.15883 1.78657 0
3.76895 1.34369 1.69041 0
2.85368 0.856784 1.86096 0
0.306389 -0.470671 1.05086 0
0.0850167 0.678255 -1.47761 0
0.540532 0.0756698 0.935487 0
0.308039 -0.908635 -3.07579 0
0.574131 -1.61334 0.466169 0
0.880451 -0.00825658 -0.284297 0
0.992173 -0.407206 0.782538 0
2.23425 -0.281573 0.643355 0
0.221493 -1.64723 2.39268 0
0.329106 -2.16092 2.48926 0
0.428709 -2.56453 -0.546823 0
0.854868 -3.94115 2.22866 0
0.40182 -4.57106 0.842849 0
1.08619 -5.23395 -1.54755 0
1.54959 -6.03772 -2.40965 0
0.371334 -5.33541 -2.61203 0
1.03466 -6.06535 -2.94814 0
0.718731 -7.47166 2.78767 0
0.410267 -5.98492 1.99008 0
0.778365 -2.31924 -1.34137 0
0.229757 -2.24563 0.46706 0
0.340005 2.98466 2.22165 0
0.182857 7.18357 2.22449 0
0.61098 7.4895 0.0753378 0
0.154513 10.2938 -2.89746 0
3.65649 1.26112 2.41857 1.73725078450415e-10
1.02584 2.37205 -3.07434 7.0493565696661e-14
1.16713 2.30113 -3.08885 6.99828363784088e-14
0.256304 2.22424 1.35136 7.04360100718244e-09
0.539407 1.93755 1.21308 2.09201440235697e-08
0.278974 2.7608 -2.12267 9.10861611843608
6.41479 2.41351 -1.70331 0.233969603477062
0.0907704 -6.4072 2.50428 2.65997309955186e-08
0.128826 -6.12572 -0.0444785 2.19631280154453e-08
0.242959 -1.86765 -1.43339 0
0.0352779 -3.82909 -1.26908 0
0.140388 -1.2557 2.74275 0
0.366471 -1.4522 -2.31332 0
0.0898796 1.65814 -2.2217 1.86540513723934e-08
0.280501 0.883365 1.2094 7.28463420294786e-09
0.707356 -0.595003 0.254912 5.34559427986803e-08
0.788343 -0.750651 0.278821 4.94095057179881e-08
0.307524 -1.22903 0.625024 0
0.970073 -0.554044 0.41085 0
0.0784027 -1.43663 -0.155448 1.20405930775065e-07
0.188766 -1.20602 0.558575 1.76721596851883e-07
0.0958108 -4.63429 -1.67521 0
0.125628 -2.75642 2.25211 0
0.135137 0.781745 1.39233 2.48800975122402e-05
2.58617 0.682768 1.38817 1.0884047324631e-06
0.30642 -0.372081 0.817891 1.2027537630786e-05
1.66422 -0.348207 0.826763 1.21659535179593e-05
0.25928 2.13725 -2.34731 6.82869532034945
0.540317 2.52163 2.96374 2.25377153214
0.308098 1.23334 1.90932 15.5871550610618
0.273316 0.0175408 1.42607 32.7353187236713
2.76829 0.657478 1.13679 0.118320280427167
10.5511 1.24791 2.41212 0.00712709278665357
0.0250417 -0.902105 -2.41729 6.79867889193952
0.0280704 -0.823179 -2.44389 6.86296157665235
6.62569 0.626425 1.37572 0.0842394202534085
8.12331 0.583212 1.38772 0.0286218425807356
15.7727 0.599222 1.42167 0.0279067228985664
6.68811 1.18137 2.45615 0.0507700441686552
5.17354 2.03091 -2.0372 0.0664690600846184
4.09471 2.06179 -1.9934 0.252126318921852
5.81409 1.93185 -2.04406 0.334589769716905
13.2102 2.03445 -2.01344 0.556609975094251
