0.177761 -8.89873 -2.3897 0
1.0744 -8.94488 -0.596981 0
0.356102 5.10166 -2.52059 0
0.431274 6.53784 -1.8585 0
0.896683 6.30331 -3.05973 0
0.277056 4.97242 2.11708 0
0.0533986 6.08355 -0.867833 0
0.937651 5.86588 -2.90004 0
0.232367 6.66547 0.734929 0
0.126563 3.64866 -2.14147 0
0.724773 7.84773 1.52844 0
0.231507 -8.10066 -2.0069 0
0.134197 4.68852 0.586704 0
0.146339 2.53163 -2.24358 0
0.320367 6.31094 -1.52163 0
0.564612 5.51438 3.08788 0
0.178163 6.10819 0.734398 0
0.470779 4.21134 0.136707 0
0.553929 4.99404 -1.80037 0
0.282241 6.54835 0.630803 0
0.199224 6.13425 -2.31736 0
0.576451 5.42373 1.03479 0
0.222572 5.0409 2.26675 0
0.378421 4.2702 -0.315453 0
0.356527 4.62377 0.585086 0
0.377162 6.34161 -2.03126 0
0.188075 -8.31499 1.90647 0
0.618709 -7.78809 1.67759 0
0.210508 5.61349 3.03818 3.01479840003404e-08
0.231382 4.96768 2.57299 4.73422176037975e-08
1.13754 4.60414 -0.488314 0
0.46867 4.90826 -0.0284987 0
0.172033 5.93341 1.20646 0
0.161755 5.20223 0.957754 0
0.0339547 6.91999 -0.812769 1.72514858170372e-05
0.0646805 6.84494 -0.803749 1.96219725070494e-05
