0.629347 -3.95048 -1.35896 0
0.679124 -1.36998 1.6077 0
0.494273 -3.75525 -0.683585 0
0.0973245 -4.47326 -2.12233 0
1.5014 -0.00730465 3.10532 0
0.179597 3.00151 -3.08991 0
1.7235 -0.114568 1.60765 0
0.566419 0.508871 0.197768 0
0.280261 -0.178687 -1.69914 0
1.47761 -0.324367 -3.09007 0
0.282218 -0.104723 -2.44819 0
0.590395 -0.614988 3.11743 0
0.901093 -0.251019 2.89639 0
0.869305 -0.453053 3.11738 0
0.528547 -1.73884 -2.90931 0
1.3044 -1.29862 2.56398 0
0.210579 -0.508832 -2.14313 0
0.868843 1.09868 -2.39203 0
0.142232 5.57943 1.32343 0
1.03456 5.75221 -0.559635 0
0.276862 5.59905 2.81656 0
11.4813 -3.71938 1.86341 6.90693203650789e-14
2.75526 -3.7393 1.90936 6.76496193430468e-14
3.20478 -1.71181 -1.34499 5.01774316824781e-13
0.808109 0.998633 0.828629 0
0.611222 3.71105 -2.73358 0
0.349276 3.74021 1.4877 0
0.164077 5.33518 0.408171 0
0.180951 7.3199 -2.69831 0
0.360469 7.34845 0.167305 0
1.13872 5.99886 -0.354069 0
0.873539 3.76664 -1.095 0
0.326624 3.20369 -2.53764 0
0.754957 1.79776 -2.18282 0
0.389535 -0.228302 -2.07229 0
0.498827 -2.22889 2.91096 0
0.168111 -0.248084 1.5839 0
0.198408 5.06683 1.16494 0
0.911625 2.31568 -1.35881 0
0.352499 2.1214 -1.19806 0
0.313321 0.160971 -2.07262 0
0.747069 -1.67989 -2.52465 0
0.0946615 -3.75649 -0.204148 0
0.465998 -3.65304 -1.41074 0
0.673516 -5.62474 2.40494 0
0.808882 -5.42838 -0.933901 0
0.298378 -4.865 0.468516 0
0.150771 -3.29327 -2.32904 0
0.108594 -2.80668 -1.69021 0
0.430442 -3.39856 1.38166 0
1.15788 4.11619 1.02598 0
0.0998863 5.11887 1.65458 0
0.461598 3.70027 1.27444 0
0.666114 4.07681 0.260889 0
0.277525 2.20547 1.96456 0
0.365734 1.67002 1.28168 0
0.903402 -8.01036 2.90483 0
1.04435 -5.18286 0.589348 0
0.350206 -3.34253 -1.2956 0
0.612382 -1.24714 3.04714 0
0.245553 0.578306 -0.152374 0
0.103738 3.83234 -0.668345 0
0.559596 0.94895 2.94169 0
0.235536 4.89955 -0.682931 0
0.361144 3.72287 -1.32178 0
0.270115 0.621127 -1.14301 0
0.201799 -2.17807 -1.88208 0
0.548183 -0.778202 -0.226176 0
0.0384137 -4.88636 3.11015 0
0.84301 -1.59334 -0.863067 0
0.0801411 -0.535733 -1.26689 0
0.559337 -2.71219 1.66804 0
1.71372 -2.92357 0.696416 0
0.321099 -5.43758 -1.69964 0
0.653363 -4.92099 -1.52283 0
0.166525 -5.99541 0.358778 0
0.439452 -5.68965 2.34437 0
0.137475 -4.4937 2.67714 0
0.945435 -6.19132 0.39048 0
0.468972 2.69649 0.458361 0
0.267316 -5.47579 1.19011 0
0.419222 -1.33068 0.132667 0
0.274425 -1.10144 -1.98974 0
0.370526 2.91655 1.48319 0
0.405495 3.40618 -2.29887 0
0.649065 1.32762 2.42578 0
3.77711 -4.37505 -0.211962 0
0.906434 -4.10234 -0.513206 0
0.412702 -1.98982 1.04067 0
0.176962 -0.368997 2.68798 0
0.251005 -3.28262 -0.557929 0
0.377261 -1.78492 -2.80493 0
1.31404 1.50267 3.09882 0
0.0611368 2.50414 0.601106 0
0.965005 0.956958 2.52647 0
1.17017 0.680197 2.13849 0
1.41757 0.52785 2.19002 0
1.56663 -0.731215 1.05269 0
0.234342 -0.509792 1.08279 0
0.43143 -0.889279 1.96172 0
0.6251 -0.772249 1.08311 0
0.248674 0.506213 0.815128 0
1.30294 0.796734 -0.689672 0
0.419243 0.445168 -2.30769 0
0.729456 0.595382 -2.12282 0
0.973916 -0.736129 2.43426 0
0.322107 -1.11351 -2.30463 0
0.509279 6.0006 1.95757 0
0.726691 -1.26274 -1.20853 7.51964562641044e-13
6.11475 -1.79267 -1.24175 4.65176933532135e-13
2.19852 -1.65057 -1.31223 5.31231481697959e-13
0.66935 2.40503 0.848522 0
1.33254 3.51448 2.65143 0
0.579655 4.79601 -2.67263 0
1.47332 4.96149 -3.02399 0
0.938027 4.55867 2.67897 0
0.41205 5.52892 3.00622 0
0.212004 5.35274 2.12311 0
0.356764 4.95816 -0.251754 0
0.929383 4.87214 -0.510837 0
0.549926 3.94655 -0.346187 0
0.704109 3.57128 -2.86169 0
0.144068 2.50995 2.92448 0
0.735716 1.31383 1.70535 0
0.520964 -0.402603 1.27478 0
0.334548 -3.00978 -2.89326 0
0.130019 -6.15823 2.35002 0
0.403143 -3.72321 -1.59965 0
0.0610315 1.61712 1.95063 0
0.492008 -3.59781 -0.0853636 0
0.438334 0.605626 0.681492 0
0.209929 2.49183 -2.20543 0
0.766638 2.4371 1.87716 0
0.528424 3.54608 1.49907 0
0.369486 4.18188 1.61109 0
1.02233 2.84249 1.21959 0
0.576228 1.80377 -0.663663 0
0.212686 3.12531 -2.71538 0
0.550241 1.54201 0.0733407 0
0.472287 1.43991 1.8622 0
0.291557 -5.0105 -2.75385 0
0.224659 -3.61522 -1.83957 0
0.534548 -2.38602 0.419174 0
0.432341 -0.466364 1.55872 0
0.481226 0.835154 1.54213 0
2.32062 -0.260197 -0.538674 0
0.346124 -0.913296 -0.783824 0
0.625932 -1.3106 -0.238971 0
0.373452 -2.88922 -2.79842 0
0.86394 -2.29548 -1.36547 0
0.0995354 -4.31442 -0.486578 0
0.824384 -1.98387 -0.973681 0
0.242849 -1.16776 -1.70079 0
0.538517 -2.96592 0.089191 0
0.133603 -1.5964 3.0585 0
0.122031 -2.2876 2.86884 0
0.777668 -3.04157 0.918527 0
0.131231 -4.61622 -0.121984 0
2.08914 -3.09585 0.682141 0
2.3818 -5.49387 -2.88713 0
0.269042 -5.23468 2.26853 0
0.11736 -7.38474 1.12389 0
0.589614 -6.15213 -0.548439 0
0.117881 -4.80049 1.20863 0
1.29048 2.69477 1.36266 0
0.135167 2.69748 2.67568 0
0.355041 2.32856 -2.88598 0
0.378869 -0.101444 1.35514 0
0.324459 -2.86912 1.29516 0
0.451539 -1.46768 -1.49183 0
0.529729 -2.95998 0.818149 0
0.220207 -5.59211 2.63476 0
0.682554 7.96008 2.00946 0
0.454125 -2.37686 -1.80419 0
0.135248 -0.54297 -2.4182 0
0.356821 -3.52482 2.91481 0
0.479802 -3.63686 -2.67245 0
0.0922764 -4.00001 -2.54409 0
0.883817 -3.81517 -2.5615 0
0.403163 0.259937 2.81221 0
1.03403 0.423788 2.7619 0
0.348726 0.387202 2.78689 0
0.0942063 -1.96819 2.22055 0
0.88712 0.324954 -0.522372 0
0.521167 0.73812 -0.386453 0
0.289762 1.68613 -0.354596 0
0.478032 1.82611 -1.16363 0
0.52491 0.796512 -1.72742 0
0.888561 0.290961 -1.74119 0
0.464538 1.09387 -2.73989 0
0.303259 0.358246 -2.18584 0
0.0743403 -5.18665 0.647667 1.69827966872175e-14
0.158935 -4.87039 2.98184 2.07375771432782e-14
0.670489 -2.39976 -0.758355 2.59136312764548e-13
0.544011 -1.84305 -1.14081 4.43293152327152e-13
1.51353 1.17435 0.758616 0
0.482374 1.70133 0.918569 0
0.259737 5.96909 -2.43189 0
0.724964 6.44641 3.08916 0
0.194111 7.03454 -1.56192 8.38277909359146e-08
0.788129 6.72092 -1.25008 2.47446475905805e-08
0.120781 6.77571 1.25356 0
0.209707 5.76492 1.12713 0
0.23716 6.0901 0.944336 0
0.222082 5.84222 -2.73693 0
0.256758 5.5492 1.11354 0
0.0604546 7.59266 -2.06832 0
0.0653534 4.55896 -1.38682 0
0.377802 4.09698 0.826268 0
0.227404 3.64803 0.710169 0
0.363177 3.53949 -0.685375 0
0.239316 3.10894 -2.58375 0
0.177463 3.82114 -2.21407 0
0.411599 -0.027926 1.68049 0
0.052454 2.64876 1.17976 0
0.225457 -5.54675 0.0070936 0
0.0875519 -4.55409 1.64749 0
0.0971737 -1.01681 -3.03576 1.7147004026354e-05
0.258695 -1.2859 -2.95291 4.84132399256782e-05
0.143894 0.721415 -2.6576 0
0.318708 0.396683 1.67168 0
0.338223 0.39121 2.96768 3.10502451622256e-08
0.0857905 -0.208953 2.10952 6.48991163983303e-08
0.356892 -2.52048 -1.69515 0
0.678539 -2.37697 -1.6919 0
1.48465 -3.02321 0.882779 0
0.530212 -3.3584 1.13306 0
0.300806 -4.31009 -0.564942 0
0.31732 -5.16201 0.675482 0
0.330804 -5.67796 -2.92613 0
1.58927 -5.24956 -2.60318 0
0.156443 -3.12985 -2.70163 0
0.20739 -1.45501 -1.6353 0
0.0982004 -4.12047 1.60887 0
0.0662899 -2.43781 -2.57501 0
0.193557 -5.13552 2.12832 1.751519573511
0.14336 -3.58664 1.88849 11.0660812367177
0.155764 -0.695181 2.77936 0
0.355502 -0.388162 0.890944 0
0.301227 1.53969 2.8253 0
0.248859 1.73549 1.69842 0
0.348447 6.6991 -1.44404 0
0.0527363 7.0492 2.02687 0
0.898797 -3.64128 2.09091 1.08405808035298
0.0741831 -4.53913 2.99675 5.33904711590814
0.171181 6.47693 2.98627 0.943086232947004
0.452475 5.20473 -2.72419 1.27471275866478
0.999246 -3.69695 1.82495 0.0336434932082313
0.23918 -1.5522 -0.6698 0
0.388154 -2.23994 2.73014 0
