0.620471 -3.91979 0.385435 0
0.472166 -4.64089 1.51838 0
1.37109 -3.75737 0.316239 0
2.17866 -2.66972 0.75233 0
1.53768 -2.05734 1.19708 0
1.03345 0.785794 -0.296199 0
0.734575 0.443844 -0.107463 0
0.488861 0.514904 -2.8431 0
4.90511 0.72995 1.55547 0
0.274549 3.49116 3.0314 0
0.869472 0.125337 -2.85047 0
1.03868 0.848079 2.88505 0
0.631261 0.892089 -3.06749 0
1.13579 1.0828 2.73781 0
1.36017 2.62692 0.616302 0
0.0808251 1.48315 2.12749 0
0.642299 0.796915 2.07152 0
1.73695 1.21209 1.40735 0
0.108202 1.4959 -2.62743 0
1.83857 0.538263 0.864653 0
1.51161 -1.1181 1.39918 0
0.355984 0.299524 -2.76918 0
0.134231 0.655383 1.2184 0
0.750913 -2.87384 0.615645 0
0.35374 -2.99034 -1.66144 0
0.381992 -4.1395 -1.95009 0
0.176071 -1.83073 0.905892 0
0.783298 -0.762047 -1.7177 0
0.166444 1.51694 2.76521 0
0.228969 0.515881 1.85442 0
0.748149 2.82248 2.80302 0
2.15717 2.2288 2.57235 0
0.0927543 -2.56147 -0.236339 0
0.73884 -2.70372 1.29011 0
0.124912 -0.555108 -0.629144 0
0.178779 0.199419 1.78672 0
0.301109 2.34265 -2.99197 0
0.12209 4.0428 0.488242 0
0.0842403 2.61639 1.17243 0
1.04542 2.27992 1.41179 0
0.662016 2.16104 -1.66414 0
0.401208 1.05353 -2.4125 0
0.563678 0.0644707 1.37804 0
0.715987 0.171048 -2.11001 0
0.47864 -3.85397 -2.28343 0
0.283562 -0.301996 -1.9768 0
0.298306 -1.98699 2.38463 0
0.430938 2.85615 -1.48876 0
0.117935 2.48833 -0.810817 0
0.744664 3.97275 1.62551 0
1.04334 -0.934683 -2.22296 0
1.64515 -0.999562 -2.51611 0
1.00385 -0.866259 -2.39688 0
0.334222 -1.64943 -1.47121 0
3.91952 -2.06346 -1.79861 0
0.822019 -2.3238 -1.68901 0
0.0660191 0.0840735 0.406028 0
0.144414 -3.45748 -2.48045 0
1.04246 -2.14199 -1.48192 0
0.619265 -2.9037 -1.10253 0
0.908667 -4.4279 -2.13637 0
2.90599 -3.46305 -2.90449 0
0.224742 -3.56343 -2.12627 0
1.55435 -2.31553 -0.384457 0
0.140002 -4.40128 1.1373 0
0.651929 0.687621 -2.03438 0
1.43678 0.493759 -1.33063 0
1.7736 0.90943 -1.15088 0
0.600499 0.622072 -0.0741223 0
0.541833 3.68548 -0.547555 0
1.36802 2.75042 -1.83809 0
0.519507 3.8995 -2.92048 0
0.68374 2.74955 -2.2915 0
0.290964 2.07708 -1.32613 0
0.351355 5.10235 -1.7133 0
0.256911 6.86798 2.87008 0
0.662598 -5.76311 -0.699339 0
0.658315 -5.2733 -3.10781 0
0.50625 -5.66718 0.616383 0
5.39834 -4.06882 0.627418 0
1.45407 -3.93204 0.521624 0
0.505739 -4.27898 0.40762 0
0.0904952 -3.14514 2.45379 0
0.185157 -3.40986 -1.87934 0
0.0671515 3.76017 0.0580302 0
1.21215 1.68988 -0.161754 0
0.408675 4.71204 -2.35971 0
0.339508 4.17648 3.0422 0
0.140189 5.29142 -2.39016 0
1.03329 6.66294 -1.64976 0
0.139439 4.75026 -2.20171 0
0.212286 5.34702 -1.69732 0
0.0785399 -1.37291 1.50401 0
0.144339 -1.82059 2.15019 0
0.365449 -2.25062 -0.901451 0
0.318919 -2.81049 -2.51942 0
0.26943 -3.7923 -1.2655 0
0.436256 4.98828 -0.579951 0
0.107308 4.74685 -0.341995 0
0.310038 2.40378 -0.177504 0
0.340234 3.85743 -2.01651 0
0.535589 -0.801798 -1.75768 0
0.780674 0.505339 -2.76223 0
2.10192 0.128175 -2.10699 0
1.42752 -0.229618 -2.09715 0
2.05093 0.794973 -1.90312 0
0.585487 0.749646 -2.16491 0
0.565302 -1.95055 -2.99402 0
0.128501 -3.27903 -2.55827 0
0.549201 -3.80795 -1.1357 0
0.769722 -4.20899 2.09723 0
0.619064 -5.06727 1.9176 0
0.716405 -3.91248 2.94939 0
0.665894 -7.45152 -0.170073 0
0.135402 4.53963 -2.22286 0
0.117551 5.34587 1.80257 0
0.176368 7.31862 -2.53937 0
1.14108 6.14606 -1.30037 0
0.305158 4.41578 -1.06676 0
1.46234 5.47878 -0.070904 0
0.796071 4.89662 0.0473038 0
1.91389 5.27566 -0.465881 0
1.20131 3.69976 1.00139 0
0.588138 0.856424 0.510728 0
0.144415 1.79931 -1.69046 0
0.174499 -1.51703 2.90859 0
0.382645 -2.08462 -0.683977 0
0.306504 -3.12692 2.56825 0
0.319881 -2.39676 -1.00906 0
0.120149 -5.8965 0.509194 0
1.20637 -3.86547 1.00508 0
0.0805004 -5.62526 2.67618 0
0.135107 2.25805 -0.918992 0
0.857041 2.49278 1.06074 0
0.63212 3.51372 1.96775 0
0.529435 3.48819 -0.306005 0
0.236611 4.28906 -2.82188 0
0.820451 1.62508 2.83073 0
0.0624697 1.70582 -0.936569 0
0.543048 1.52302 0.66825 0
0.675436 2.72303 0.464205 0
0.215734 0.8323 -1.98625 0
3.65232 1.07886 1.45254 0
0.212778 1.86537 1.31035 0
0.557601 0.138341 2.45871 0
0.41679 -3.03357 0.0648969 0
0.432162 -2.9095 -1.54252 0
0.158877 -4.73243 0.45914 0
0.17426 -1.85723 -0.471951 0
0.144785 1.20815 -2.95727 0
0.894606 -2.74593 2.08272 0
0.276221 1.40527 1.4645 0
1.04041 1.17194 3.08797 0
0.186819 1.03165 0.247622 0
0.34553 0.776373 -1.94457 0
0.477277 1.06603 1.07558 0
1.26386 -0.00654219 -2.5297 0
0.522379 -1.68539 1.6435 0
0.189193 -3.29953 -2.63769 0
0.487674 -1.10561 2.12373 0
0.927334 -1.41428 -1.56392 0
0.382483 -0.512938 -1.84624 0
2.18852 -1.4792 -1.51126 0
0.736001 -2.10907 -2.43118 0
0.800322 -1.99828 -1.38013 0
0.739623 -2.96059 -1.80857 0
0.232429 -5.72412 -0.505397 0
0.174443 -4.79029 -0.517913 0
0.566236 -3.64984 2.68746 0
2.24151 -3.40663 -2.73002 0
0.408459 -3.9911 2.29139 0
0.515717 -3.20004 -3.11127 0
0.169317 -2.8658 1.88357 0
1.25879 -1.50077 -0.658445 0
0.14289 -2.46924 -2.06996 0
0.300334 -0.891752 -2.99392 0
0.0409165 -4.53879 -0.166379 0
0.87247 -0.696913 -0.929368 0
1.11929 -0.878947 -1.42965 0
2.03871 1.12732 -1.32559 0
0.546287 1.6036 -1.2847 0
0.136346 3.49727 -0.541081 0
0.153958 2.1623 -0.610862 0
0.90498 3.0901 -1.65377 0
1.57284 2.46433 -2.2181 0
0.381451 3.54824 -1.62954 0
0.321492 -1.54249 -2.82749 0
0.0457667 -4.11014 0.760094 0
0.365392 -2.89871 -2.44031 0
0.525234 -5.66939 2.15301 0
0.180372 -5.49579 -1.43969 0
0.213182 -8.39321 -2.12941 0
1.65558 -4.23268 0.627369 0
1.16997 -4.18442 1.18441 0
1.22534 -3.75258 0.52819 0
0.0696769 3.72713 -3.10486 0
0.0459756 -1.33045 1.27515 0
0.953911 3.33753 -1.67589 0
0.356446 3.37689 -2.88958 0
1.23 4.60926 -1.88573 0
0.0706566 3.9398 -1.01514 0
0.483206 4.92135 -2.28201 0
0.207679 4.10693 2.14071 0
0.385597 5.89761 -2.55761 0
0.388287 7.35514 -1.07501 0
0.34047 -0.16816 -0.132666 0
0.677849 -3.38223 0.604768 0
0.414259 -3.37405 1.28439 0
0.220784 -3.67476 1.07163 0
0.574902 7.06723 -1.68578 0
0.362632 4.36626 -0.428707 0
0.0686657 1.28137 2.01212 0
1.47988 0.472603 -1.83767 0
0.247748 0.998325 3.02953 0
0.25935 -2.04871 2.77945 0
0.531644 -1.88775 -0.855567 0
0.540498 -1.46013 0.548236 0
0.424296 -2.94498 -2.98326 0
0.75403 -6.46292 -1.18968 0
0.0380389 8.64613 2.23594 0
0.82128 6.09458 -2.37893 0
0.0519863 6.37616 1.38807 0
0.618612 7.53658 -2.85495 0
0.319516 6.74463 -1.5713 0
0.288688 3.96238 0.3066 0
0.187597 1.17769 0.578547 0
0.154422 3.13657 2.43271 0
0.182607 1.04582 0.775586 0
0.419841 0.320295 -2.18831 0
0.227935 -5.80537 -2.60301 0
0.214634 -6.4908 0.599588 0
0.0751996 3.20514 1.73602 1.09960586207126e-09
0.29052 1.58069 2.67028 0.102190321625029
0.134247 -0.759481 1.30426 0
0.343132 0.664692 1.17999 0
0.329258 1.23777 1.47603 0
0.150775 0.543199 2.1805 0
0.234548 1.95378 2.70059 4.57465996648689e-08
0.0731278 1.72832 1.26966 1.02291121224786e-07
0.319784 2.10036 0.479897 0
0.565849 1.35563 -0.0672138 0
0.37282 1.26283 1.65363 0
0.647335 0.82318 0.89096 0
0.290222 -0.572356 2.67564 0
0.483094 -0.0511697 -2.7165 0
0.0447584 -1.92207 -2.39103 0
0.182684 -3.15438 -0.145822 0
0.80509 0.986802 2.28347 4.79728183547885
0.160861 2.88608 1.53793 0
0.497642 1.85707 2.97115 0
0.76378 2.06266 1.22711 0
0.145435 2.49547 0.174266 0
3.97342 3.3802 2.01434 0
0.851939 3.26049 2.06144 0
0.202417 0.321394 -2.3846 0
0.114811 0.965126 2.54506 0
0.392226 -0.547595 1.82434 0
0.151548 0.0352317 1.76418 0
0.108167 6.26323 0.0693636 0
0.115794 4.93018 0.947203 0
0.228801 -4.73811 -1.71599 0
0.549761 -4.54948 -0.90854 0
0.145371 -5.13077 0.620278 0
0.35034 -4.38523 -2.9594 0
1.04125 -4.28728 2.94016 0.934400829072122
0.158446 -4.60167 2.37361 4.48071180966437
0.261347 -3.69913 2.34426 2.34983615073201e-08
0.23914 -3.03179 2.8659 4.68077696599101e-08
0.332992 -0.0779513 -2.00045 0
0.668113 -0.0949516 -1.25403 0
1.42737 1.59286 -0.880064 0
0.535916 1.15217 -0.661506 0
0.761568 2.15264 -1.41505 0
0.551971 2.14794 -1.24337 0
0.184053 3.69196 0.66104 5.27506744726877e-09
0.0441957 4.49556 2.35189 1.36095681903031e-08
0.0964655 4.98436 -0.972429 0.126828027298529
0.316236 2.4647 3.0893 0.176844631578761
0.322309 4.02615 -1.97331 0
0.0870968 4.45191 2.3298 0
0.20144 4.98587 -0.386202 0
0.163375 3.81007 2.20429 0
0.186514 1.94491 -0.914432 0
0.305191 1.98627 2.81563 0
0.122361 -3.32511 1.25657 0
0.10137 -1.0342 2.162 0
0.221191 -1.96102 0.83769 9.51330368413574e-08
0.352492 -1.52151 0.908243 9.0396548424336e-08
0.121702 6.99451 2.06287 0
0.401017 5.84502 -2.11674 0
0.187557 -5.79576 1.56442 0
0.258195 -5.19945 -1.48946 0
0.248248 -5.35291 0.80666 0
0.340796 -5.44932 2.14659 0
0.17661 5.10814 -1.33935 0
0.550633 4.38329 -2.01819 0
0.184995 -6.70922 1.41797 0
0.466628 -6.25464 -2.90004 0
1.34728 2.28713 2.67902 2.09944404993226
0.086729 2.97937 2.24432 16.420235839097
0.599253 1.82968 1.46142 3.63173705453652
0.0679851 2.35786 -0.259909 19.059922543005
0.346786 0.325084 -3.02111 15.1853408696308
0.208105 1.10963 -1.59924 15.8776391785852
0.369634 -2.8481 -1.24422 7.65379693863493
0.127004 -1.74734 -0.701666 65.5940825306888
0.889958 -3.91737 0.84057 1.74373647417891
3.44606 -4.10524 0.800568 0.37446710919756
0.364051 4.0077 3.02811 8.12726762172278
0.648704 3.18703 3.06778 10.366828494567
0.814672 3.85866 1.79494 2.94590636234374
0.206268 3.99764 0.873786 10.1172018122659
0.0759907 -0.322937 -1.5249 36.0739425477597
0.369333 0.753871 2.56405 6.0427209016107
3.08672 -2.30015 0.303619 0.6225599870799
1.33205 2.7351 1.63342 0.0444604707047181
0.610677 2.09116 -0.679157 0.182829826594205
0.148878 0.85348 -3.14101 0.0624112789307512
0.679831 1.11699 1.71396 0
0.473656 -0.0693223 1.97772 0
2.46569 0.713165 1.46986 0.00884947087675451
3.68278 0.656804 1.47848 0.0375724616529923
0.0724054 -1.34086 -2.15817 101.056017027235
0.813007 -0.38993 -3.11241 17.0681760396069
0.602072 2.87578 -2.63592 0.0760574041802865
0.210835 1.45656 2.92118 0.647188457687068
0.559896 -3.2856 0.0939312 3.72489132023938
0.0608113 -4.21056 -0.152914 13.6750014559883
0.934903 -0.506723 -0.87934 0.0312095747868284
2.41215 0.471458 -2.3487 0.0527337087429247
0.638976 1.01863 1.73778 8.79422615293768
0.364201 0.878575 0.892716 17.0923184054187
0.838841 -2.1075 1.07787 0.323165665305681
2.43176 -2.22331 1.28036 0.426189318317889
0.282016 1.34418 3.12244 4.18172933604429
1.13907 0.676559 2.99745 1.74521285996496
