44.8012 2.57144 -2.85795 7.45740773298811e-14
0.232929 -8.7098 -0.217283 0
0.964419 -8.88172 -2.54218 0
0.144641 -6.45835 2.44327 0
0.54655 -4.5448 -0.385511 0
2.18632 -3.27676 -2.83397 0
0.280235 0.0609975 0.306864 0
0.666363 -0.529376 1.05157 0
0.234167 -0.987985 0.596209 0
0.110954 0.853238 2.49859 0
0.176155 -1.7918 2.96378 0
1.31142 -5.59317 1.37359 0
1.09788 -4.41545 1.88398 0
0.236624 -3.8214 -0.480531 0
0.291017 -2.11502 1.1496 0
0.757566 -1.1039 -2.96527 0
0.627621 -2.38321 -1.38914 0
0.572853 -1.96588 -2.2989 0
0.626414 -0.423171 1.62867 0
0.261058 -3.22839 2.12861 0
3.57802 -3.48941 3.03279 0
0.763274 -3.4184 2.78091 0
0.714436 1.53505 0.51746 0
0.242187 -1.03608 -1.16842 0
0.103712 2.17427 -0.62498 0
0.0147644 -5.55172 -0.325979 0
0.477091 -2.17005 1.5643 0
0.292671 -2.7441 -1.36318 0
0.518837 -4.22852 -1.72329 0
0.546177 -5.36707 0.617559 0
0.370144 -4.67244 1.20789 0
0.152884 -0.648288 -0.568935 0
0.396333 -2.6141 -1.02279 0
0.412909 -2.16803 2.21854 0
0.269906 -4.67915 -0.170815 0
0.516187 -4.17041 1.56645 0
2.35426 -6.58648 0.626181 0
0.1504 -2.71699 2.80347 0
0.378001 -0.857465 -1.78081 0
0.443696 0.0934571 0.663343 0
0.279631 -0.0318747 0.571842 0
0.709009 1.76902 -1.93141 0
0.261588 7.99193 -0.374131 0
0.649414 7.02937 1.99505 0
0.216914 0.0329055 1.00424 0
0.432904 -4.82853 0.89986 0
0.279525 -5.56694 -2.62762 0
0.487099 -3.3834 2.955 0
0.584518 -3.4601 1.29259 0
0.859516 -2.733 -0.366101 0
0.515872 -3.1363 -1.45705 0
1.9052 -2.69064 -1.00473 0
0.844255 -2.40587 -1.51478 0
0.249918 -3.73056 -2.15867 0
0.278067 -1.57795 -2.12991 0
1.58633 -0.705681 -2.42571 0
0.329102 -1.13624 -1.95417 0
0.629553 -1.06405 2.22914 0
0.349225 -0.56473 2.82966 0
0.247331 1.73469 -1.52787 0
0.280241 -0.0219203 0.512487 0
0.347544 0.667289 -2.94193 0
0.1076 -1.20323 2.87144 0
1.07246 0.479913 -1.91276 0
0.488207 -0.602393 -0.103432 0
0.2436 -1.28865 -3.12462 0
3.53635 -3.33098 2.74962 0
0.386497 -3.52193 -3.09506 0
2.0012 1.36951 -0.275027 0
2.01397 1.92678 -0.123468 0
0.541829 2.30923 -0.727481 0
0.411412 -1.87718 2.29969 0
0.211738 -5.78496 2.99335 0
0.539941 -0.401642 -0.715373 0
0.85404 -1.60099 0.407378 0
0.214469 -3.45954 -0.0203145 0
1.8561 -2.39435 1.53891 0
0.291805 -3.01735 0.766704 0
0.141166 -4.93065 2.64562 0
0.202029 -2.78307 -0.62257 0
0.632014 -2.99514 -2.5146 0
0.22555 -3.80296 -0.993782 0
0.486657 -1.46059 -0.521065 0
0.300762 -0.53406 -0.19922 0
0.644862 9.21683 1.95705 0
0.326184 8.5596 0.174707 0
0.241685 -3.46163 -0.0138546 0
0.152819 -2.49056 -0.0694615 0
0.250858 -2.16164 -0.626697 0
0.0689088 -3.81073 0.146742 0
0.146617 -1.79236 -1.58818 3.07484418029909e-08
0.111749 -2.51867 -0.582217 3.01522422461276e-08
0.128698 1.64953 -1.32254 0
0.246524 2.74489 -1.72032 0
0.285419 0.0631661 -2.25422 0
0.198517 0.550067 0.848172 0
0.151264 -4.65206 1.38327 0
0.214701 -5.13248 -2.51044 0
0.29795 -0.118772 -0.0311654 0
3.00231 -0.339492 -0.312067 0
1.08985 -1.77659 0.0229044 0.498692772438703
0.286839 -1.95766 0.0454717 1.56653788668974
0.147082 -2.6779 1.29334 0
0.0871751 -1.89287 -0.17215 0
0.23461 -2.70289 1.01966 7.37503316019226e-08
0.190771 -2.78947 1.01588 5.52133095195798e-08
0.406878 8.01987 2.08942 0
0.284029 7.74468 -2.39238 0
0.0904614 -3.0621 -0.0198969 9.38185921861939e-06
0.195958 -3.05812 -0.0227159 9.03367977074489e-06
0.511097 -0.268816 -1.92982 0.526936546635374
0.239822 -0.430152 -3.13645 1.06573850925585
1.32228 -1.04514 -0.75757 5.93226538595241
0.273786 -0.587651 -0.630569 38.9873483105902
