0.387346 -9.59054 0.324863 0
0.208926 -8.01354 0.0329724 0
0.0611445 -11.3858 -1.99198 0
0.655423 -0.455298 1.28069 0
0.475698 0.4506 -2.71574 0
0.359489 0.0100342 2.72764 0
0.111452 6.1526 -0.442515 0
1.108 6.59969 -0.426331 0
0.291403 -2.32787 0.86591 0
0.571181 -1.3627 -1.20529 0
0.794724 -4.6916 -2.3929 0
0.286542 -2.26898 1.74901 0
0.529711 -2.60419 1.83139 0
0.0923727 10.1137 2.97468 0
0.881996 5.67727 -2.71064 0
0.160574 3.96277 1.64385 0
0.221152 -1.563 2.00239 0
0.089095 -1.70064 -0.701899 0
0.0732067 -0.0741848 -2.67404 0
0.373151 0.473237 -0.300236 0
0.501226 -4.976 -1.00884 0
0.353798 -6.3112 2.71799 0
0.33639 7.71538 3.04045 0
0.296518 4.39332 -1.58385 0
0.484619 4.11968 1.23139 0
0.523092 4.04693 1.64699 0
0.371583 -4.23094 -2.86522 0
0.235579 -4.87359 1.56407 0
0.241963 6.61781 1.22783 0
0.258672 7.35539 -0.493627 0
0.697185 -1.34523 -0.865582 16.433484306916
0.138539 -1.31617 0.0536677 84.2612626782049
0.131158 -2.07335 2.17123 0
0.417992 -0.892486 0.119962 0
