6.66447 4.12045 -2.64724 4.41734451027546e-14
3.9363 4.05218 0.871822 8.00647788985083e-14
0.981423 6.56865 1.66692 0
0.578653 8.47523 -0.765904 0
0.188685 9.26482 0.614218 0
0.197508 -7.5953 -0.973731 0
0.822051 -6.00126 0.916589 0
0.291435 -0.226229 0.241599 0
0.462927 1.6428 0.460477 0
0.239461 -0.203745 -1.96635 0
0.933248 2.31086 -0.697602 0
0.192832 6.26989 -2.87995 0
0.201053 5.4432 2.59768 0
1.36096 3.11445 2.72401 0
0.341815 1.71196 -0.778325 0
0.308892 -0.68126 2.77299 0
0.200705 1.58995 1.63991 0
0.306661 0.204671 2.39788 0
0.764516 -0.304586 -0.924737 0
0.653543 -1.78609 -2.64402 0
0.633149 -2.26579 -1.62673 0
0.723076 -1.32426 -2.16609 0
0.865748 -4.88167 -0.934862 0
0.438683 -4.20615 -1.9597 0
0.299225 -5.76406 0.951466 0
0.812768 -5.04957 -0.549067 0
0.161156 -6.05508 -2.57219 0
0.0824642 -6.63797 -2.3724 0
0.0826415 -4.18559 0.844865 0
0.461728 -5.31563 1.80634 0
0.41766 -4.76933 -1.62065 0
0.213894 -5.12459 -2.9875 0
0.300139 -4.24197 2.60479 0
0.220541 -2.87729 1.20679 0
0.823458 -2.712 1.31771 0
0.73475 0.0550305 0.727447 0
0.634896 0.263381 -0.919955 0
0.659834 2.86327 -1.8326 0
0.375095 1.47071 -2.11795 0
0.308607 3.72854 -0.43346 0
1.7196 2.41025 1.2285 0
0.347768 4.24084 -1.35601 0
0.30296 4.76812 2.34662 0
0.774811 7.31894 -2.24356 0
0.569018 1.57151 -1.09151 0
0.575172 1.8113 1.92575 0
0.70028 1.36639 -0.955451 0
0.255106 0.887813 1.49562 0
0.504694 -6.6168 0.241689 0
0.670149 -8.31563 1.0324 0
0.105998 -8.68174 -1.62266 0
0.580144 8.0253 -0.947876 0
0.763636 2.01212 2.00072 0
0.539471 0.562097 1.41445 0
1.49012 -3.08469 -1.81414 0
0.696626 -2.81841 -1.12052 0
2.3926 -3.84918 -0.789047 0
0.234008 -4.07086 -1.97087 0
0.815139 -5.10735 -0.166529 0
0.321568 -5.65507 0.315579 0
0.16953 -7.25259 -2.49211 0
0.65727 -6.2824 -2.42388 0
0.12826 -8.00619 -1.92767 0
1.20816 -6.69181 2.18533 0
0.390442 -7.34621 1.71939 0
0.819559 -5.60861 2.3446 0
0.58301 -5.44561 2.59978 0
0.547254 -4.34493 -2.98268 0
0.220913 -2.64849 -2.14808 0
0.74875 -3.31094 -2.66321 0
0.284789 -1.93888 -1.11049 0
0.479724 -0.576979 1.3974 0
0.358373 -1.19866 1.59281 0
0.663936 0.0603393 0.518811 0
1.23808 1.85558 -1.57081 0
0.151193 -0.0967794 0.00638112 0
0.230642 3.24211 0.514779 0
0.0467232 3.30314 1.62488 0
0.135824 2.76377 -0.00404904 0
0.547553 2.8012 2.14162 0
0.320157 4.29573 1.38605 0
0.552512 2.5704 0.561186 0
0.327492 4.74239 3.05907 0
0.439135 4.86367 -2.53512 0
0.432377 6.60531 2.92137 0
0.168183 6.6742 -2.86254 0
0.246937 7.92767 -1.30851 0
0.641953 4.64768 -1.25584 0
0.311236 4.74715 3.11813 0
0.39539 3.83522 -1.00827 0
0.353821 4.22262 2.05462 0
0.628748 2.03328 1.67673 0
0.33973 1.68278 3.14148 0
0.0300766 7.8503 -0.445944 1.92468477678097e-08
0.069523 6.9277 -0.593527 3.53611669314434e-08
0.0413796 6.61754 2.43418 3.91714349173578e-09
0.161098 4.51039 1.86188 1.10433956026639e-08
0.390913 0.195194 3.05694 0
0.219785 1.4042 -2.29613 0
0.311887 -5.92805 -0.301567 0
0.187303 -6.07834 -2.4779 0
0.698576 -1.80092 2.18572 0
0.17621 -2.95028 2.92871 0
0.698243 1.94221 -1.74676 0.673014845122257
0.884243 2.8617 1.39758 0
0.694398 2.99967 1.60204 0
0.212354 4.84811 1.34867 4.44527291094833e-08
0.0775831 5.50909 -0.469669 6.59803898422451e-08
0.119066 6.8503 1.79931 6.79845364623612e-07
0.1214 7.58819 -2.56519 5.1622120580564e-07
0.27113 6.14572 0.100026 0
0.0747929 8.23675 1.49846 0
0.0699991 3.88319 -0.470776 1.30011843121044e-06
0.0873333 3.8728 -0.469481 1.22650567132045e-06
0.322883 2.19632 -1.66545 2.8928432924581
0.0833099 1.08207 -0.582049 30.8516515858083
