0.371193 0.857249 -1.0299 0
0.897927 0.866493 -2.05622 0
0.280029 2.04291 -2.49352 0
0.499829 -1.28092 -2.40741 0
0.523028 -1.51164 0.873162 0
0.549259 3.92486 1.07808 0
1.09403 -2.74856 -0.877142 0
0.109253 -7.47646 -1.08737 0
0.577663 -1.40321 -2.53625 0
0.901752 -1.3416 1.74004 0
0.240513 1.30186 -2.48793 0
0.2251 -0.00697506 2.51015 0
0.363006 8.08162 3.07717 0
0.332715 7.39686 0.737729 0
0.462166 9.72496 -0.61579 0
0.695917 -0.466249 -0.630754 0
0.0398917 1.8082 -1.74822 0
0.112267 -1.09032 -0.341219 0
0.638852 6.74917 -0.600689 0
0.389197 5.82243 -1.03099 0
0.866631 6.06116 -0.128009 0
0.882365 2.20916 1.4357 0
0.860225 -2.38201 -1.79008 0
0.682004 -2.47725 -1.75603 0
1.76191 -2.11759 -2.51096 0
0.152642 -6.56305 -0.285778 0
0.206479 -8.30158 -2.51016 0
0.233618 -6.52415 0.153669 0
0.579028 -6.39967 2.68828 0
0.568955 -4.48954 -1.95724 0
0.50975 -2.27183 1.49479 0
0.375652 -3.7716 1.30994 0
0.443522 -2.75583 -0.735675 0
0.535606 -0.0835653 1.36115 0
1.06307 -0.551046 2.06923 0
0.465458 -0.714731 0.684563 0
0.852882 -0.0192328 2.14815 0
0.355639 -0.312108 0.954688 0
0.64346 0.033667 2.47086 0
0.297906 1.29184 -1.25049 0
0.304055 2.12276 2.50227 0
0.177933 0.371187 -0.042508 0
0.492074 3.39644 0.762611 0
0.202213 2.03589 -1.31266 0
0.229469 6.02719 -2.22472 0
0.500911 5.13028 0.145386 0
0.185514 6.24441 2.57099 0
0.118196 -5.77558 2.87875 2.11353729536013e-05
0.0876934 -5.7453 2.84254 2.45423731497028e-05
0.607476 -0.734335 1.40931 0
0.145398 -0.0776095 0.118341 0
0.0360266 5.67779 -0.418476 0
0.209108 4.80886 -2.08749 0
0.345888 7.20371 -1.17961 0
0.146899 7.4134 -1.4306 0
0.0877039 -5.84285 -1.71762 3.94030035168973
0.241098 -4.15397 1.31483 7.7367809421918
