0.507107 6.48448 0.541367 0
0.642295 7.54324 0.962719 0
0.186716 10.5106 3.0514 0
1.15915 -0.1322 -1.30051 0
0.0511417 -3.49627 -2.38228 0
1.43465 -3.56042 2.87795 0
0.689246 -3.54725 -2.9038 0
0.285476 -6.44467 2.55211 0
0.471926 -5.09694 -1.81054 0
0.655005 -7.34945 2.90922 0
0.521239 -7.61305 0.759805 0
0.370164 -6.38468 0.459243 0
0.112053 -3.90077 -3.12627 0
0.310187 7.93369 -1.94641 0
0.15967 6.95637 -2.51707 0
0.496901 -1.8645 -0.597023 0
0.0711142 -3.92502 1.43808 0
0.272027 -5.18409 -1.45258 0
0.103165 -11.073 2.58986 0
0.218552 -9.56648 -0.288837 0
0.401914 -6.63508 -0.0841356 0
0.426138 -6.55394 2.06148 0
0.257414 -2.66238 1.27963 21.7248055750667
0.552905 -2.76383 0.190572 9.12432723664848
