3.93066 -6.21858 -0.883795 5.21603422332857e-15
0.50133 1.81121 -2.47611 0
0.546349 2.48489 2.69526 0
0.489391 4.98011 -0.361081 0
0.221404 6.16746 -1.10807 0
0.373561 9.50532 -1.37145 0
0.37509 7.58353 0.0153947 0
0.772544 1.18076 -2.99074 0
0.237958 -1.06511 1.95374 0
0.299726 -0.762615 -2.38942 0
0.312922 -1.49303 2.72691 0
1.18796 0.104205 2.52544 0
0.717033 2.73237 2.017 0
0.280966 2.90108 -2.06089 0
0.874072 3.52433 -2.05039 0
0.67455 6.77251 2.69927 0
0.399662 7.64137 1.53102 0
0.182275 6.19226 -2.55933 0
0.822571 5.2086 -3.10838 0
0.306672 1.84185 0.548803 0
0.975034 2.20857 -0.19057 0
0.725067 1.9059 -2.83913 0
0.207927 2.95856 1.94558 0
1.76663 0.305629 -1.489 0
1.09576 -1.25236 -0.641666 0
0.512652 -5.16835 1.29904 0
0.29616 -9.9563 -1.36415 0
0.429159 0.0437091 1.36441 0
0.490889 1.3659 -0.908466 0
0.468709 1.04386 0.221972 0
0.485245 3.6094 -2.33912 0
0.301957 3.64277 2.74799 0
0.697679 0.224902 -0.0871722 0
0.0821236 -0.98939 1.41332 0
0.433039 -1.85178 1.12149 0
0.158168 -3.35013 0.89422 0
1.05477 -2.00203 2.15307 0
0.506805 -0.376363 0.914066 0
0.106995 3.09348 -0.906026 0
0.415595 -0.481987 2.44936 0
0.319538 0.797712 2.10734 0
0.309275 4.39506 2.76329 0
0.362988 6.86 1.74777 0
0.614365 7.24428 2.41321 0
1.95421 3.4182 -1.47445 0
1.32056 2.67979 -0.316667 0
0.726925 2.97486 -1.47512 0
0.321386 2.7265 2.33326 0
0.163697 -5.20432 -1.50212 0
0.66575 -4.96297 0.0201435 0
0.338929 -5.99485 -1.54361 0
0.416966 -7.64383 3.14155 0
0.0834045 -5.97821 -2.39926 6.35281895511328e-15
0.207165 0.42247 2.14949 0
0.140749 0.0211351 -0.909048 0
