0.0846341 -5.9048 1.16897 0
0.435296 -0.948836 -2.66642 0
0.435102 1.59958 2.71804 0
0.346942 5.43659 -0.206683 0
0.627911 4.32364 2.25151 0
0.986365 6.69119 0.334935 0
0.136799 10.0824 -0.0724664 0
0.495526 7.28176 -2.70589 0
0.642613 7.6411 2.76826 0
0.0930544 4.73323 2.37578 0
0.621389 5.79009 -1.45536 0
0.741417 1.0815 0.41493 0
0.627077 -3.74817 -0.173741 0
0.293459 -5.9602 -2.83512 0
0.271056 -6.1753 0.857249 0
0.850853 -8.38901 -2.85717 0
0.154925 -10.9196 -3.07693 0
0.374635 -3.72672 0.562353 0
0.176045 -0.781643 -2.44512 0
0.317139 -1.50708 0.0175337 0
0.431742 -0.649327 2.11376 0
0.319667 -1.16263 -1.45111 0
0.321411 1.10404 3.06123 0
0.363266 0.576131 -2.26108 0
0.151875 2.69902 -2.13831 0
0.445364 1.84525 -1.00503 0
0.374919 1.54549 0.918148 0
0.636573 6.46447 -0.710201 0
0.496327 7.38321 1.96407 0
0.426068 4.49866 0.973015 0
0.499522 3.99762 2.37823 0
0.31973 3.65101 -0.571041 0
0.381666 2.8161 -1.99088 0
0.632533 -2.87272 -1.66627 0
0.405447 -4.69041 -2.27841 0
0.366751 -3.41604 1.83581 0
0.0448428 -2.65545 -0.368025 0
0.388585 -0.819162 -1.7246 0
0.130128 5.95114 2.8596 0
0.235093 4.50754 -2.71819 0
0.234738 7.29275 2.05876 0
0.175926 7.59863 2.65018 0
0.223457 4.75578 0.607302 8.77620662462685e-08
0.140382 5.18222 2.2289 7.45192407061965e-08
0.385628 -0.5198 0.59567 5.36443751066707
0.0991035 -0.816106 -3.01318 17.6291460245367
