0.834451 5.99236 -2.48293 0
0.24251 9.687 -2.24872 0
0.536499 3.69423 2.8267 0
0.13269 -1.63708 0.155349 0
0.3946 -0.0150849 2.10381 0
0.108592 -1.24972 -0.866613 0
0.289748 -3.15234 1.2459 0
0.783314 -4.63197 -1.97868 0
0.328144 -3.66535 -1.24928 0
0.236923 -2.84289 1.76591 0
0.841496 3.76377 -1.10964 0
0.342141 8.64841 -2.74804 0
0.599564 9.16228 2.12633 0
0.494763 7.95029 2.88807 0
0.350375 5.17654 2.3504 0
0.136829 3.71147 2.26896 0
0.382335 2.13542 -0.0272914 0
0.293813 -0.0168398 2.28974 0
0.205523 -2.49841 1.17141 0
0.685589 -3.20429 -1.05588 0
0.965499 -3.59073 0.248195 0
0.950986 -5.03176 -0.271397 0
0.456918 -4.84646 0.733253 0
0.305928 -5.96762 1.01566 0
0.271891 -5.07276 -1.68163 0
0.211306 -4.84584 -2.3777 0
0.170526 -4.68536 0.836007 0
0.222109 -6.77165 -2.35589 0
0.413939 -4.6846 -1.96384 0
0.449332 -4.3418 0.676379 0
0.61366 -1.78289 0.344408 0
0.158507 -1.18105 -1.82535 0
0.293252 -0.615365 0.816652 0
0.0780209 1.08044 2.77085 0
0.249909 -7.55787 -2.85198 0
0.462798 -6.45635 -2.36121 0
0.601156 -7.17801 1.08912 0
0.254223 -6.60438 -0.895757 0
0.446137 -8.23902 -2.90423 0
0.576051 -7.81052 -2.11648 0
0.290772 -5.853 1.10817 0
0.124946 -7.05691 -3.01292 0
0.243109 1.59965 1.91853 0
0.103557 0.800255 -1.92819 0
0.0350881 -5.95076 -2.13448 9.16680633253152e-06
0.00141716 -6.03112 -2.49469 8.85775559668138e-06
