20.5529 -1.17068 2.37938 1.42933225560213e-14
0.236575 2.12682 0.887844 0
0.485089 1.61427 -0.730009 0
0.89323 1.18572 -2.07679 0
1.52723 0.487343 1.38648 0
0.595799 0.384166 1.21597 0
1.13123 -0.388523 -1.70128 0
0.255849 -1.31967 2.43068 0
1.51146 0.40513 -1.65143 1.56570438470192e-12
1.06633 -0.896882 -1.50156 8.18317100076766e-13
0.208127 0.17014 -1.89891 1.58749363813468e-12
1.91219 -1.88678 -1.06253 1.38216726535996e-13
3.438 -1.6931 -1.28216 1.96457613384884e-13
1.91313 -3.78389 0.247597 0
2.08025 -4.16741 0.0184609 0
0.94438 -1.49458 -1.16243 0
1.70003 -2.8263 2.79742 0
0.317867 -1.67873 2.07165 0
0.241897 -1.78375 -1.39297 0
0.988754 -2.40912 1.66545 0
0.270335 -3.62476 2.6873 0
0.911199 -3.55022 -1.92301 0
0.182314 -3.67132 -2.31828 0
0.298975 -3.30401 -0.949027 0
0.58787 -2.86753 2.58743 0
0.544788 -2.48211 -1.47463 0
0.45224 -1.56644 2.6914 0
0.306006 -2.14219 0.840631 0
0.25664 -5.68909 -0.628998 0
0.720965 -3.30806 -1.21693 0
1.22082 -5.28024 -1.26669 0
0.715091 -4.49132 -1.20614 0
0.843699 -6.02688 -0.473131 0
0.216693 -5.32843 1.84467 0
0.348401 -7.51071 -3.12834 0
0.9613 -2.29625 -0.744063 0
0.613739 -2.94784 2.28748 0
0.337972 -0.421024 0.827259 0
0.545133 2.28639 1.98687 0
0.4603 -6.98832 -2.10159 0
0.410118 -4.22461 -0.574498 0
0.0276164 3.26979 -2.07557 0
0.344453 1.56612 2.17284 0
0.63523 1.35498 0.679299 0
0.38866 1.91728 2.39858 0
0.369543 2.75408 -1.94333 0
1.24463 -1.51804 -1.05756 4.03229206429632e-15
0.702365 -0.400831 0.199377 7.14776980696572e-15
0.976688 4.69876 -3.0149 9.67465990332635e-16
0.0517873 8.4746 -2.03109 9.4362129994252e-16
0.197271 6.59784 -2.73095 9.42091948972898e-16
0.633965 5.00204 3.09944 9.7668174008731e-16
0.525004 6.99248 0.664867 9.52406624447475e-16
0.366847 3.46749 -2.98062 1.07903448681723e-15
0.398101 -6.82335 -2.2069 0
0.199639 -5.47638 -1.53931 0
0.533962 -1.34823 0.896457 0
0.325823 8.91242 -2.65808 0
0.738876 -5.43313 1.87968 0
0.387546 -4.74576 -2.52648 0
0.957056 -4.65833 2.0642 0
0.0815269 -5.79045 -0.479615 0
0.545994 -5.09415 1.29265 0
2.03284 -4.38666 1.3281 0
0.402993 1.41194 -1.40979 0
0.902804 1.15932 -1.61034 0
1.43361 0.603321 1.64687 0
0.151378 1.51973 -0.869041 0
0.355573 1.61669 1.63076 0
0.10527 1.56353 -1.50817 0
0.25641 1.33239 0.244195 0
0.431747 -1.08934 -2.98671 0
2.73386 0.316574 -1.48872 1.58355776321936e-12
2.71506 0.274449 -1.60985 1.58666736281869e-12
1.87634 -1.83492 -1.30354 1.21726017389036e-13
9.63872 -1.7599 -1.17436 1.69105638260414e-13
0.669547 -3.69262 0.570754 0
1.42759 -3.99121 -0.0187022 0
0.925991 -2.35647 -1.28785 0
0.129825 -4.35784 1.36745 0
0.335703 -2.90195 2.35566 0
1.33672 -1.88357 1.78967 0
1.89044 -1.65678 1.5991 0
0.184649 -2.53746 0.914601 0
0.150266 -4.89421 -0.435806 0
0.727067 -3.1101 2.56948 0
0.98804 -2.63155 3.00747 0
0.363769 -4.73166 0.340212 0
0.509467 -6.12438 -1.65347 0
0.254515 -4.9365 2.13844 0
0.41543 -2.68156 -0.899844 0
0.584634 -4.68762 1.99205 0
0.425244 -2.86835 -2.9917 0
0.20739 -1.39365 -2.47162 0
0.141937 1.4543 -0.656549 0
0.535036 0.618239 1.0057 0
0.115969 -5.05384 -0.791719 0
0.297766 -7.05292 0.69914 0
0.482431 -3.80998 1.48873 0
0.357563 -3.0413 -3.04214 0
0.537442 -1.59889 -1.66152 3.81729830364133e-15
2.19369 -1.91807 -1.24029 3.10398878314606e-15
0.78882 -1.27544 -1.40196 4.77886223437914e-15
1.92258 -1.84982 -0.764919 3.14012298422129e-15
1.70496 -1.41258 -0.809164 4.26544863619772e-15
1.22425 -0.914037 -0.994358 5.93827995740731e-15
0.405211 -1.93011 -1.31504 3.08341164494954e-15
0.803923 -1.10287 -1.11991 5.32039311171697e-15
0.19266 -0.33888 -3.13752 7.2324693385191e-15
0.206211 -1.61829 2.35672 2.25089732142453e-15
0.248234 0.462833 -1.26919 6.5000062341044e-15
0.225581 3.48346 -2.51428 8.69273123088647e-16
0.410135 2.97476 -0.591314 6.67190707525657e-16
0.158716 5.67116 -0.24674 9.24089625214367e-16
0.441854 3.84304 2.14137 1.25760469678437e-15
0.476453 5.11999 -2.49889 9.1119251313074e-16
0.228434 4.14443 -2.71098 9.23804421939989e-16
0.796961 5.65672 0.451783 9.60456440913112e-16
0.428909 4.62268 -0.621675 8.41122663235436e-16
0.645801 4.8547 0.605988 9.9849443459698e-16
0.439403 2.48171 -2.17554 9.32070017079047e-16
1.55965 2.22719 -1.54979 7.44933301101113e-16
1.49751 2.37931 -0.405998 1.16536624446685e-15
0.0479668 3.49178 1.67692 1.41142235368007e-15
0.312906 6.9271 -2.74227 0
0.33324 4.82276 2.51519 0
0.799357 1.01411 -2.03721 0
0.125597 0.0543032 1.03148 0
0.197871 -8.76894 1.27637 0
0.0848116 -1.63987 1.65189 0
0.49385 -1.23404 2.57806 0
0.268823 -1.03626 -0.44025 0
0.689664 0.0544743 1.00733 0
0.864929 0.548285 0.93679 0
0.490584 -1.76495 -1.07733 1.84803894331857e-13
1.13764 -1.95416 -1.08332 1.09389269988205e-13
6.57279 -1.80906 -1.24548 1.36456434240979e-13
19.9768 -1.79998 -1.21777 1.43473743734357e-13
0.595156 -2.55899 -1.32182 0
0.192533 -2.15087 -2.25665 0
0.378767 -2.03889 1.81271 0
0.330224 -2.60246 2.05596 0
1.8842 -1.8096 1.86076 0.00433819944119269
2.56447 -1.77701 1.84789 0.00599233881076348
0.403299 -0.546639 -1.59156 0.853615138048859
0.377853 -1.83651 -2.77014 0
1.46985 -2.1012 2.9375 0
0.0878554 -7.35101 1.52773 0
0.406964 -6.94172 -2.29464 0
0.251843 -6.52683 2.25702 0
0.263116 -6.15522 -1.09003 0
0.0822774 3.20746 2.17174 0
0.387353 1.20415 1.53291 0
0.205554 2.51802 2.82608 0
0.22818 2.57116 -1.15883 0
0.251869 4.15812 2.94276 0
1.12024 4.22616 -2.86751 0
0.106322 -0.449596 0.343678 6.96399710572864e-15
0.402339 0.787903 2.93995 6.08093613435836e-15
0.201572 3.03003 2.57525 1.00937126716224e-07
0.398118 2.3871 2.86191 1.47167838088512e-07
0.279393 6.7934 2.99878 9.52155877480337e-16
0.423522 7.33558 2.05198 9.55712637564808e-16
0.454543 6.94044 0.116006 9.44881511717047e-16
0.180675 7.92017 0.51942 9.47836693844622e-16
0.251883 0.418505 -1.22673 22.5488380534952
0.693644 -0.718652 -1.98444 16.0544375765424
0.324538 -1.35569 -2.56519 21.1024074941105
1.47877 -0.865161 -2.19123 15.1398128692088
0.399573 -1.23488 -1.85485 41.9497369523248
0.0760737 -2.27853 2.48064 12.1047861296747
0.0805388 -4.37832 1.40309 1.40712701838278
0.0226833 -5.36465 -0.604134 8.39155112653934e-05
0.136766 -6.0031 -0.374491 3.86184220398106e-05
0.0389526 -2.16576 2.68763 5.25334988200312
0.413956 0.183726 1.54939 2.14151667615225
0.865944 -1.02217 -1.66805 0.218349673374672
0.0593767 -1.04317 -1.34885 3.14068589120361
0.866482 -1.90592 -0.771195 2.91132137817346
0.457068 -1.49223 -0.321464 8.12654130964778
0.306044 2.34389 0.660265 2.37856249301213
0.728528 1.73261 0.0431277 1.80481052815429
0.181851 -0.609987 -2.14308 24.2974097670617
0.837741 -1.28119 -2.06461 3.2406302428951
0.237841 2.70752 -1.29229 17.8612876622089
0.607961 2.10566 -2.20953 12.6320648138811
0.649015 -2.56843 -2.2607 0.0866706009785264
1.12424 -2.24458 2.44893 0.0148851938696055
0.357551 -1.87162 0.455491 0.128496214282385
0.199413 -2.2924 0.522951 0.0988956026701465
3.5277 -1.81688 1.84957 0.00380902684776961
4.30089 -1.74723 1.80712 0.0159908568573415
5.19421 -1.76559 1.92734 0.0218500685593927
3.54114 -1.72016 1.87994 0.0218906472554833
2.37594 -1.94677 1.7826 0.0349576819495069
0.0957403 -1.0891 2.99924 0.70412863373405
0.181275 -0.666265 2.14404 0.829045527376268
0.468286 -1.24034 -1.04638 0.478910355147217
0.235584 -0.39995 2.30502 0.927476493990647
1.56312 -1.99213 -1.03149 0.0564019075459937
0.401521 -2.09168 -0.962831 0.0695215949273119
0.356011 2.78258 -2.56936 1.85886205591729e-08
0.0938792 2.3616 1.39017 1.35020953079858e-07
0.0624647 -2.94654 1.96215 0.101487910067375
5.6201 -1.76033 1.95135 0.0696629262963429
2.7205 -1.93093 1.81508 0.0664177764245377
5.49091 -1.78812 1.72642 0.0645665932329467
0.402419 -2.00417 -1.05804 0.0455433228788378
1.13503 -2.13076 -0.784134 0.206380501617067
1.10653 -1.94992 -1.3746 0.2820297088274
0.467015 -1.86346 -0.468824 0.51879228787649
0.222426 -1.97898 1.58454 0.345400451050818
0.179771 -1.64318 -2.25779 14.563617040102
0.776839 -1.03871 -3.12815 5.91835951772654
1.31227 -2.00163 -1.09981 0.0643216355249865
0.446885 -1.7026 -0.772146 0.430898859315451
0.889071 -1.83561 -0.994066 6.64615135786645
0.435319 -2.4124 -0.684209 7.89226626265006
