0.136632 6.92906 -0.414428 0
1.01253 4.43753 -0.246938 0
0.188934 3.33339 -2.48883 0
0.816008 2.59092 0.148149 0
0.382324 -1.69164 2.8869 0
1.26147 -1.2941 2.98445 0
0.70491 -2.24932 2.47424 0
0.485667 -1.69491 3.0133 0
1.03004 -1.59774 2.39369 0
0.488554 1.75528 0.406753 0
0.0427898 2.19256 -1.21433 0
0.135711 6.4435 2.92737 0
0.102294 5.87928 2.2942 0
0.0856229 4.33068 3.12018 0
0.223255 3.16929 1.12465 0
0.264984 1.09837 -1.64462 0
0.127506 2.79925 -1.04556 0
0.317369 3.86091 0.159291 0
0.71722 4.0137 2.88235 0
0.534338 6.46409 -2.06921 0
0.856465 6.15498 0.192579 0
0.831959 6.73311 -0.97889 0
0.424767 6.35316 0.678212 0
0.382476 -2.354 -0.281157 0
0.766202 0.987288 -1.24637 0
1.01067 1.36815 -0.711704 0
0.742392 -3.66076 2.87018 0
0.631835 -3.02736 -1.85855 0
0.824589 -3.67632 -2.0539 0
0.285912 -5.93238 1.77804 0
0.173706 -8.54871 0.020714 0
0.499083 -8.04542 2.1737 0
0.560334 -8.35441 2.52745 0
0.134312 -4.30947 -2.96613 0
0.212494 -1.57169 -1.65899 0
0.622801 2.61926 0.689559 0
0.651072 -3.52214 0.727907 0
1.62645 -1.9528 -0.451768 0
0.510259 -1.66441 -0.344497 0
0.813298 -1.39452 -0.187056 0
0.651283 -0.942848 0.25434 0
0.561124 -1.06702 1.10762 0
0.59311 1.09201 -2.9594 0
1.08665 0.278334 -0.356577 0
0.411588 1.19528 -0.348397 0
0.486618 5.37557 2.17267 0
0.797067 6.61976 2.0793 0
0.322478 7.46869 2.22806 0
0.806174 1.79765 2.46491 0
2.40858 2.349 2.82032 0
0.970518 2.52968 2.24045 0
0.465021 2.01725 2.80125 0
2.78173 2.61977 2.72184 0
0.601745 0.112223 -1.01067 0
0.208515 -1.36426 0.433369 0
0.282878 -1.61921 -2.40207 0
0.105701 -2.95042 -1.74917 0
0.41781 -1.37259 2.45898 0
2.96499 -2.80139 0.938785 0
1.89664 -2.77441 1.68483 0
0.287814 -1.75387 2.54174 0
0.605971 -2.20486 2.68163 0
0.76063 1.36984 1.37734 0
0.565913 2.26322 0.987387 0
1.56482 1.25196 0.788896 0
1.81215 0.512809 1.51903 0
0.831972 0.192891 0.372008 0
0.113057 1.29401 2.31967 0
0.451313 0.0836408 3.01855 0
0.369011 -0.7997 0.709258 0
1.19381 -0.27152 2.67208 0
0.112905 -1.41232 -1.3423 0
0.515339 5.56329 -1.27914 0
0.609916 3.34552 -2.55968 0
0.180087 2.68106 -1.64285 0
0.954545 2.95168 2.23256 0
0.677267 4.57721 -1.88007 0
0.153275 6.27245 -1.86468 0
0.0433492 8.23622 2.84163 0
0.76551 5.53481 -3.11732 0
0.57087 6.46909 -0.075816 0
0.38038 5.83974 -1.05704 0
0.10414 1.42283 3.01649 0
0.0254964 3.24368 -2.10072 0
0.501117 0.843027 -1.5017 0
2.42003 1.2941 -0.998868 0
3.89333 1.2018 -1.18654 0
0.572011 1.25468 -0.655973 0
1.57038 1.13057 -0.798594 0
0.652734 0.970122 -1.20975 0
0.374806 0.454363 -0.842764 0
1.43109 1.03334 -0.701836 0
3.99292 1.21872 -0.0362511 0
1.22957 1.3079 0.280099 0
0.177634 0.410705 1.30983 0
0.109028 0.314942 -2.60305 0
0.450232 -0.984396 2.65561 0
0.528704 -2.27343 -0.113305 0
0.547873 -2.09858 0.823917 0
0.0090109 -2.26195 0.0978061 0
1.68526 -2.04588 -1.96379 0
0.305926 -4.21689 -1.4588 0
0.552369 -5.71791 -2.38754 0
0.213913 -7.16932 2.26052 0
0.85062 -5.81719 0.98924 0
0.581324 -2.33806 1.4778 0
0.481067 -1.94382 -1.69958 0
0.117597 2.19603 2.96475 0
0.182074 3.78565 1.08542 0
0.854371 2.62031 2.71232 0
0.515109 -2.10795 -0.336454 0
0.116972 -4.21746 1.0641 0
0.574033 -1.94628 0.437227 0
0.0898184 -1.62634 0.267223 0
1.20459 -2.29257 -0.149114 0
0.423762 -2.25383 -0.367499 0
0.390023 1.83704 2.7931 0
0.0684953 -0.706103 1.71729 0
0.353413 2.64125 -1.14215 0
0.528538 7.79238 -2.24977 0
0.0749891 10.2199 0.84492 0
0.411997 3.25382 1.04781 0
1.97582 2.609 2.46873 0
5.15121 2.58588 2.69075 0
3.21686 2.5614 2.54804 0
1.75898 2.25227 2.68862 0
0.57562 -1.20116 -0.0184473 0
0.825301 -2.06876 2.72575 2.20100918053568e-08
0.561637 -1.70821 2.86361 5.49349597488843e-08
0.245905 -3.48113 2.62539 0
0.511362 -2.52271 -2.81251 0
0.219086 2.00159 0.467357 2.09564367765835e-06
0.0242632 2.39074 0.410064 8.1456241877623e-07
0.180108 5.05412 2.2382 0
0.257952 6.01946 -2.01021 0
0.614613 5.01337 -1.7447 6.18744095123716e-06
0.183492 5.15761 -1.59479 2.76094997941043e-05
1.10223 0.977991 -1.10982 0
4.56925 1.06579 -0.970945 0
0.342641 -3.35324 2.8096 0.249256788078896
0.278829 -2.40878 -2.81425 0
0.171295 -3.08273 0.675928 0
1.7364 -2.22313 -1.65585 0.572906380876792
0.335597 -2.21571 -2.01541 2.99108203682095
0.284111 -5.99299 2.31011 4.55219422785078e-08
0.0321188 -6.71741 -0.161689 2.16130738100749e-07
0.185522 -1.22103 -1.34597 0
0.223185 -1.26 1.47895 0
0.114559 -1.67574 1.93464 0
0.173712 -2.27638 1.48205 0
0.670547 7.70691 -2.81304 0
0.107087 9.35318 0.939327 0
0.182696 6.35474 2.92836 1.03295382391051
0.305018 2.88764 2.17903 0
0.642753 2.51286 2.71807 0
0.269614 2.06676 2.4109 0
1.75665 2.21093 2.57394 0
0.354693 -0.0593046 2.29135 0
0.0874286 -1.16146 -1.30824 0
0.25518 -1.80109 -1.58112 0
0.402983 -2.46002 -2.74923 0
0.200979 -2.88012 -1.5994 0
0.37157 -3.489 2.57039 0
0.186732 -1.53806 -1.61876 6.11517331050132e-07
0.0196099 -1.51944 -1.63254 5.26608132472814e-07
0.387301 0.53552 2.83603 34.8538473476596
0.563707 0.414037 1.93793 25.3578037610602
0.481436 -0.943723 -2.13491 23.0847647880194
0.864968 -1.23251 -2.68142 10.2089424447619
0.501321 -2.59188 -0.716562 9.48251907556592
0.124112 -4.0803 -0.980303 8.70649616815843
0.442364 2.31463 -0.488808 3.70204552491699
0.0724161 2.99638 2.8615 11.5109126516058
0.218207 3.52527 2.63834 7.22842316511545
0.422607 2.2786 2.5919 12.836807919657
0.373498 -3.25142 2.91095 0.025867439810562
0.0790719 -5.14103 -3.01545 4.97467937914188
0.110518 -2.86083 -1.64734 34.6306565375502
0.1544 7.35337 2.05193 0.0168910400831763
0.0910834 6.43695 -0.0339008 0.0718514594931405
1.5194 -2.89099 -2.61081 0.0035367089247464
0.741707 -3.49971 -2.99222 0.125595161717092
