0.320755 -6.49467 1.96292 0
1.79671 1.16133 -2.7384 0
1.23314 -2.82062 0.150191 0
1.28901 -2.03483 1.42917 0
0.725469 -1.66607 0.409191 0
0.650374 -2.74919 0.064527 0
1.25565 -1.9216 -0.123651 0
0.39873 -2.04545 1.40424 0
0.71421 -2.27855 -0.686703 0
1.52276 -1.89044 -1.24586 0
0.548146 -0.293259 -0.0802175 0
0.14398 -4.68091 2.07419 0
0.470687 2.24744 2.65733 0
0.517699 1.60386 -2.1678 0
0.0442986 -5.31251 -2.61962 0
1.5872 -4.27316 1.83245 0
1.52594 -4.38975 2.75417 0
2.70619 -4.18482 2.0441 0
0.278366 -5.57283 -0.0034154 0
0.329215 -4.90866 2.1033 0
0.0709766 -7.14119 2.65605 0
0.167151 -6.43552 0.234374 0
0.164704 -7.04857 -0.348265 0
0.374532 -7.72047 2.35923 0
0.820781 -1.37094 -1.99428 0
0.396037 1.98962 -0.252168 0
0.323929 3.28264 -1.12288 0
0.562706 3.10106 -1.97183 0
0.535644 7.76224 1.25648 0
0.536958 6.88767 3.09847 0
0.505763 3.60904 -1.11845 0
0.531407 -1.16769 2.74737 0
0.0551196 5.27308 -2.12142 0
1.40962 2.66242 -0.0300619 0
3.27121 1.85916 -0.718075 0
0.612884 -0.270918 -0.993634 0
0.39909 -1.40845 -2.07383 0
0.73221 -3.78202 0.0933866 0
0.368591 -4.67937 0.0651341 0
0.285283 -5.08526 -0.529371 0
0.477043 -4.10382 -0.137938 0
0.283259 0.0878257 1.03484 0
0.644718 0.947862 1.6541 0
0.436464 0.518402 -2.5612 0
0.0823248 1.85379 1.06166 0
2.12317 0.962033 2.67749 0
0.507305 1.92245 2.82372 0
0.359177 2.16313 -2.98141 0
0.62494 2.02654 -2.71325 0
1.54467 3.25029 1.6208 0
0.178412 4.93859 -1.36911 0
0.232709 6.99406 1.57585 0
0.407765 5.32751 2.10534 0
1.08595 4.86298 -2.99518 0
0.0767989 3.79403 -0.653508 0
0.844431 3.47412 2.86813 0
0.948609 3.74017 -2.76293 0
1.7609 3.55017 -1.78049 0
0.0548588 4.65796 1.83203 0
1.0713 4.33214 0.826132 0
0.492087 6.62405 -2.37163 0
0.56681 5.65174 1.46727 0
0.738746 4.16471 -3.12333 0
0.248885 0.983601 2.56767 0
0.267031 1.44605 -1.26809 0
0.373043 -3.99961 0.595573 0
0.748411 -4.2881 -2.63887 0
0.627542 -4.29114 -0.745923 0
1.08324 -3.02598 -1.61433 0
0.242894 -3.32503 -0.291178 0
0.468375 4.10505 0.409152 0
0.716286 2.4054 1.79239 0
0.518475 -0.0528423 0.969921 0
0.364768 -2.15 -1.76817 0
0.331563 -6.76097 1.39082 0
0.196765 -6.06847 3.05286 0
1.57152 1.64927 -2.42746 0
0.210552 -3.4559 -1.67641 0
0.417416 -1.94545 2.99011 0
0.286101 -1.39024 0.317573 0
0.847508 -2.26646 -0.337166 0
1.7224 -1.71399 -0.526115 0
0.668389 -1.43174 -1.6878 0
0.302154 -2.90326 2.69748 0
0.431502 -1.68514 1.80644 0
0.326413 0.298444 2.8899 0
0.583812 -0.0517755 -2.20651 0
0.280687 1.23994 0.0755276 0
0.917414 2.21673 -2.7179 0
0.462455 -2.74693 -2.2658 0
0.354879 -3.26325 -1.83904 0
0.303744 -4.43658 3.02328 0
0.411795 -5.71695 -1.37063 0
1.00756 -5.58256 0.827413 0
0.194882 3.82336 -2.5123 0
0.308714 6.44793 1.97365 0
1.36982 3.44928 0.951354 0
0.948477 1.61948 0.0387887 0
0.358131 0.443491 -2.92852 0
0.430602 -3.00675 -0.7836 0
0.423168 -3.24026 0.315735 0
0.402104 -2.59997 -2.70853 0
2.01295 0.0627364 1.03236 0
0.133218 -0.906379 2.80976 0
0.408472 1.48996 -1.50607 0
0.2727 2.50374 -2.35385 0
0.790341 2.66232 1.63574 0
0.496115 3.84146 1.77789 0
0.497954 4.98104 2.63918 0
0.237744 5.24686 1.37214 0
0.280964 4.02431 2.98931 0
0.202586 6.6988 -0.960884 0
0.269483 4.21891 -2.66349 0
0.284819 2.61927 2.40577 0
0.413841 3.99289 0.437745 0
0.568342 4.1613 0.36047 0
0.911895 4.39534 0.351317 0
0.47081 5.19369 -1.61865 0
0.144058 0.752435 -2.69126 0
0.485216 0.772079 0.675916 0
0.0952435 -2.1579 1.72565 0
0.356674 -4.99289 0.311086 0
0.399292 -4.48352 -1.44693 0
0.0756845 -6.41142 2.13977 0
1.21431 -5.10949 -0.835767 0
0.466706 -5.39345 -2.20155 0
0.738193 -5.08533 -0.915354 0
1.54156 -2.56584 -0.69438 0
0.89777 -2.30368 -0.0794155 0
0.199277 -2.7599 -1.68278 0
0.334629 8.17585 0.530074 0
0.365207 1.36675 -1.08023 0
0.968929 -6.70632 1.78156 0
0.165612 -7.16065 2.64014 0
0.141497 -4.97549 -2.46178 2.59415232633889e-08
0.0593531 -4.48563 -2.97307 3.050064243048e-08
0.129118 -1.06894 -1.33583 0
0.285966 -2.1404 0.630753 0
0.55209 -5.73998 -0.732323 1.53146522274355e-08
0.254745 -5.704 -1.99451 3.35889931494136e-08
0.252456 -7.3984 2.99631 1.89539720824277e-08
0.336157 -7.43467 -2.25876 1.43835424821316e-08
0.0929388 4.07396 0.240743 11.768555052934
0.0675261 2.65728 -2.74666 19.5823127475128
0.124212 0.992197 0.225886 4.28330049286471e-09
0.264775 0.394251 0.700316 3.97364039606593e-10
0.416857 0.176842 -1.83825 0
0.346475 0.224299 -0.86091 0
0.0851053 2.43221 -1.94301 0
0.188429 2.79041 0.813647 0
0.313687 2.43733 2.41693 4.08918982509503
0.957275 2.6021 1.63089 0
1.29031 2.21954 1.90799 0
0.110742 5.55234 -1.11406 0
0.462782 4.43273 2.42059 0
0.296811 2.29876 0.137775 0
0.156527 1.52124 0.850386 0
0.311369 -2.66736 1.76565 12.1823526744225
0.865755 -4.12276 -0.464976 0
0.660826 -3.2958 -0.87593 0
0.833234 -3.28287 -1.34313 0
0.951117 -2.94367 -1.62081 0
0.157886 6.65858 -2.30697 0
0.58189 6.72767 2.80242 0
0.247635 -6.74384 2.77888 0
0.349248 -6.66156 -2.43084 0
0.0155323 -3.81792 -0.0142265 18.5484771721958
0.59454 -2.14248 3.03056 2.54492158550345
0.888193 -2.11312 -0.946839 2.40398447749065
0.735593 -2.6137 -0.913282 1.77395554011598
0.0905232 -2.86701 -1.47193 1.36294800238562e-05
0.0348268 -2.88119 -1.46143 1.38301490479985e-05
0.754089 3.42889 1.36403 2.25658521284099
0.0234837 4.60116 -0.209815 22.5146006776493
