67.8327 1.05572 1.58158 1.65390594027635e-13
47.6179 -0.871554 -1.60325 8.76088499492884e-14
0.109284 -6.03151 0.834179 0
0.544625 7.35265 1.86983 0
0.586809 7.08786 2.02552 0
0.407792 8.58415 2.89263 0
0.578041 6.10829 2.89738 0
0.238149 6.37109 -1.81621 0
1.04146 3.44188 1.42188 0
3.27489 3.31465 1.98238 0
0.954644 2.81658 1.88953 0
1.2644 2.45001 -1.41486 8.33850663122223e-14
0.176704 3.84013 -2.37456 5.3598218793615e-14
2.49096 2.44049 -1.87804 7.47061457343556e-14
0.315315 1.3825 0.866438 1.13622764661695e-13
2.3174 1.56661 -2.26729 9.84748595968972e-14
1.3162 2.26809 1.77764 3.45050871091812e-14
0.66562 1.65501 1.07738 8.63004608153069e-14
0.297572 3.31953 1.37965 4.88981081431623e-14
0.64363 3.15675 2.0047 0
1.27798 3.7315 0.409259 0
0.514772 5.12355 1.85049 0
0.202176 5.79817 2.71541 0
0.321182 6.05485 2.759 0
0.317883 7.76252 2.182 0
0.459818 1.68748 1.5841 0
0.587795 0.36678 1.35782 0
0.677274 0.437886 1.66559 0
0.213599 -0.533373 0.626454 0
0.786085 -2.07505 -0.515859 0
0.479249 -2.20025 -1.99858 0
0.141821 -3.15566 -0.864731 0
1.42397 -2.96223 -1.33758 0
0.142233 -4.08664 0.061283 0
0.672882 -5.91274 0.0791019 0
0.32063 -6.45992 0.948521 0
0.198669 -7.61964 1.54966 0
0.649204 -3.45882 0.883564 0
1.42528 -3.89768 1.88904 0
0.309736 -4.02422 -0.380913 0
1.50764 -4.98421 -0.566171 0
0.206821 -3.90306 2.69397 0
0.902372 -3.55701 3.09962 0
0.752206 -1.8368 -2.60434 0
1.03967 -0.601495 -2.28343 0
0.892583 -1.34865 -1.44737 0
0.657787 -1.87801 1.92478 0
0.417639 -1.95316 -3.13838 0
0.311418 -0.720584 1.37128 0
0.39154 -1.02633 2.46246 0
0.320943 -1.32699 2.46747 0
0.60814 -0.205953 -2.17009 0
0.0419918 2.48111 -0.993148 0
0.803605 -0.237476 -1.41203 0
0.636303 -0.42965 1.786 0
0.137822 2.14424 -1.6564 0
1.02296 1.62422 -0.908096 0
2.04776 1.27752 -1.01291 0
0.146127 0.875566 2.3445 0
0.864541 0.858226 -0.671545 0
4.54349 -0.598414 -0.40417 0
2.04933 -0.41081 -0.56825 0
2.33091 -0.757615 -0.778331 0
0.341552 -5.96012 3.09804 0
0.150714 -2.78372 -2.94539 0
0.149328 -0.808853 -0.667259 0
0.374211 0.506359 -2.04648 0
0.186434 1.94934 -1.97895 0
0.665643 0.587058 1.51084 0
0.638108 5.66196 2.67358 0
0.45148 4.38829 -1.88588 0
0.568132 1.89541 0.129065 0
0.517011 1.08866 0.835483 0
0.535649 -1.81878 -3.02021 0
0.220994 -4.59127 2.33598 0
1.57598 -4.4454 1.94043 0
0.471923 -3.63813 2.882 0
1.67437 -5.49763 -3.01523 0
0.278965 -5.31772 2.65883 0
0.500039 -4.48297 -1.58235 0
0.888874 -2.30509 0.79254 0
0.359392 -3.40025 0.538345 0
0.433439 6.09462 -0.93813 0
0.529463 0.966255 -0.391989 0
0.250996 -3.818 1.38527 0
0.508034 -5.97854 1.04824 0
0.484287 -5.30914 -3.09289 0
0.388198 -5.26142 1.79385 0
0.351483 7.79424 1.28538 0
0.747469 7.58135 -1.95416 0
0.253326 2.82037 1.50636 0
0.516022 2.596 2.03661 0
0.346771 4.29843 -0.538577 0
0.547218 2.30347 2.85876 0
0.810032 3.25332 2.47258 0
0.715795 1.50302 -1.58362 1.25980586570504e-13
0.776643 2.07233 -0.716783 1.04055236905851e-13
0.679628 2.17909 -2.93616 4.35720750150205e-14
0.215948 3.2338 -3.12539 4.2511591090509e-14
0.176825 3.18882 -1.10728 6.97969441434481e-14
0.395356 2.79626 2.1888 3.01047510515571e-14
0.579271 1.57429 2.06381 4.30021607058474e-14
1.00437 2.86472 2.08814 0
0.213395 1.99451 1.61706 0
0.196948 4.30549 1.44352 0
0.18734 -3.48357 -0.48686 0
0.0868656 -2.06022 -2.66095 0
0.648761 -6.15497 1.35735 0
0.855623 -5.78791 2.29 0
0.271591 -7.7998 0.0980234 0
0.64364 -4.02735 1.08693 0
0.660705 -4.52202 1.19957 0
0.15298 -3.15335 -0.797035 0
0.404667 -3.08412 -1.83272 0
0.381617 -2.93939 2.71261 0
0.163838 -3.30784 0.212977 0
0.815245 -3.28731 3.04881 0
0.207 -0.32135 1.04721 0
0.525467 -0.915803 3.03251 0
0.958205 -0.917032 -1.75937 0
0.486246 -0.761674 -0.846556 0
0.547725 -0.620628 2.17783 0
0.283016 0.129402 1.97882 0
0.703304 -1.21975 2.10868 0
1.22794 -0.294205 -1.55516 0
0.734282 -0.329891 -2.11881 0
0.617813 1.00626 -0.885952 0
0.0642408 1.12111 -2.3238 0
0.736355 0.154482 0.777362 0
0.134714 1.86137 1.06204 0
0.776011 0.732972 1.14011 0
0.0422381 0.21893 2.92179 0
2.10278 1.04555 -0.0297175 0
0.39387 2.09774 -1.7189 0
2.8772 -0.98498 -1.09295 0
0.393218 -1.02311 -1.68629 0
2.28653 -0.632637 -0.881363 0
2.11166 -1.24855 -0.881309 0
1.84281 -0.456902 -0.0731376 0
0.202998 -1.6742 -0.901033 0
0.698825 -0.568171 -1.21852 0
5.10028 -0.702258 -0.623493 0
0.23523 -4.09753 3.06258 0
0.652647 -5.09381 -0.711523 0
0.0802845 -4.78996 -2.30169 0
0.308193 3.81883 1.45014 0
0.235077 5.18178 -1.98662 0
0.717111 4.70703 -2.66268 0
0.51953 3.35854 -0.376019 0
0.531568 1.52625 0.341083 0
0.533231 0.456241 1.63559 0
0.320119 -1.35407 2.19772 0
2.32725 -1.92907 1.7953 0
1.41971 -2.06334 1.86776 0
2.12869 -2.2675 1.19691 0
0.125106 -2.1921 -0.9212 0
0.492533 -2.55826 -1.30251 0
0.758184 -3.83726 -1.18296 0
0.56649 -4.37687 -0.298094 0
0.764158 -3.13851 1.76017 0
0.170795 -3.24239 -0.510502 0
0.392933 -4.5172 -1.66132 0
0.258004 -3.98222 -2.9523 0
0.939742 -4.33828 -0.226088 0
0.372927 7.37535 -0.814861 0
0.792863 4.9271 -2.39327 0
0.182378 0.372823 -2.2325 0
0.313859 0.577252 0.950639 0
0.105911 2.39704 -2.28807 0
0.570025 -0.248561 1.65883 0
0.49252 -5.36823 -2.7789 0
0.179316 -8.09673 -0.770253 0
0.198476 1.87916 -2.91846 5.18585127328148e-14
1.03897 2.35257 -2.44349 6.02720616288721e-14
0.968302 4.03117 -0.430373 0
0.228885 4.05662 0.197348 0
0.818475 6.00426 1.36989 0
0.0769842 7.0392 1.46177 0
0.518636 2.03811 -0.646128 0
0.18956 2.00976 0.956206 0
0.36057 0.843349 0.0161974 0
0.138026 0.377865 -2.69353 0
0.797353 -1.65635 3.04074 0
0.311918 -1.27044 -2.71871 0
0.424189 -1.45391 -0.846203 0
0.273673 -1.29126 0.6818 0
0.118864 -1.88059 -1.47903 0
0.336214 -0.835118 -2.66259 0
0.342112 -2.44936 2.18516 0
0.0514637 -2.02353 -0.782602 0
0.228162 0.870804 -1.85401 1.63446143345824e-08
0.250239 0.661606 -1.77874 8.85314275659911e-09
0.438948 2.41029 0.676734 10.2665203678846
0.0462296 2.62174 -2.22366 79.4034651950369
0.108524 -1.48475 3.07331 0
0.49176 -1.8262 2.06368 0
0.373584 -4.17294 1.44636 0
0.478571 -3.60731 2.10881 0
0.106987 -6.497 0.834794 0
0.421629 -5.07458 2.17067 0
0.149683 -5.14728 1.41122 0
0.7557 -4.49097 1.27027 0
0.184446 -4.71481 0.134864 0
0.0836788 -5.05445 -2.29681 0
0.303625 -7.47404 2.61137 0
0.401749 -7.24239 1.70704 0
0.056587 3.14268 -2.55652 7.55510095351001e-05
0.0370227 3.32416 -2.60334 9.93033058433388e-05
1.22138 -0.206741 -1.03317 4.73732384954943
0.337586 -0.480807 -1.5529 15.6873606700322
0.782757 -1.7787 -0.00132168 2.8858303606573
0.364607 -1.68828 -0.749903 6.7547968747516
2.26302 2.2476 2.55663 0.137191511872861
0.319814 2.1869 2.24084 0.674941872426176
0.574384 1.7347 -1.95069 3.898466079559
1.59279 1.86271 -2.28539 1.11045209955847
0.980658 1.72151 -2.46472 4.16701149477059
1.95305 1.88777 -2.46626 3.26454569356632
1.27566 -0.335839 -0.431661 3.72421325382039
0.360845 -4.45824 1.78077 3.56993827830397e-06
0.0548835 -4.47896 1.75275 2.44372442945926e-06
3.31005 1.93102 -2.25696 0.837922087705577
2.85928 1.87752 -2.02803 2.15525698707033
0.752863 2.02222 -2.27672 1.7643975235579
0.0577247 3.3924 1.56878 0.532147128510127
14.2623 -0.71732 -0.654067 0.667808779544773
18.2714 -0.66439 -0.647008 0.0425517945294547
