0.340929 7.66181 -0.201775 0
0.42846 2.48347 3.13717 0
0.584312 2.43602 -1.44303 0
0.546327 2.85665 2.15688 0
1.74655 0.40985 -0.212895 0
0.733247 2.25519 -2.58768 0
0.929063 1.68575 2.4829 0
0.605164 2.2265 -2.77612 0
0.278392 -0.330416 0.385154 0
0.478414 0.806841 0.145856 0
0.603994 0.0779258 0.725745 0
0.642584 -0.608989 0.979405 0
0.284167 0.589569 2.29236 0
0.966819 -1.27618 -2.50657 0
0.845064 -1.65507 -2.42111 0
1.33995 -2.43415 2.96233 0
0.434065 -2.48584 -1.95043 0
0.346985 -2.81839 2.80144 0
1.08506 -2.99293 0.863303 0
0.0598864 -3.83096 -2.11309 0
2.213 -1.82254 1.1186 0
0.70621 -1.81003 0.972286 0
0.429368 -2.65486 3.12153 0
0.345207 1.08991 0.469686 0
0.385457 -0.0748869 -1.79272 0
0.377509 1.10591 -0.28982 0
0.30357 0.388646 -0.00086595 0
1.03964 2.38447 -1.60787 0
0.53101 1.90259 -1.01992 0
0.362103 -3.94536 0.335264 0
0.244025 -4.91912 1.30437 0
0.513955 -7.77601 0.0375497 0
0.657046 -9.38775 -1.55965 0
1.41543 3.77041 1.73873 0
1.26482 3.89076 1.14622 0
0.936675 4.02387 0.304339 0
0.315749 2.49317 -1.91369 0
0.389184 0.335023 -2.83383 0
6.79712 1.10855 -3.10113 0
0.431577 -2.15347 -2.87506 0
1.44871 -2.462 2.21736 0
0.853133 -1.77877 1.81191 0
0.899655 -2.10545 2.2377 0
1.50347 -2.28879 1.79188 0
0.275346 -2.30289 2.29409 0
0.78171 -1.98581 1.54088 0
0.751852 -1.74694 0.566391 0
0.540519 -0.710136 -0.512616 0
0.734023 -1.63931 2.41288 0
0.305566 -0.216858 1.29518 0
0.28032 -1.21516 -1.88464 0
0.547254 0.611199 3.11155 0
0.253536 -0.3682 0.704844 0
0.662352 -2.08086 -0.793972 0
4.0933 0.086242 -1.30794 0
0.106085 0.549527 -0.934256 0
0.563606 -0.576359 -1.69743 0
0.368425 0.874591 -1.20802 0
0.453561 1.95823 -2.44187 0
1.78036 2.10258 -1.315 0
0.513155 4.72032 -1.71739 0
0.673947 -5.02947 -0.589632 0
0.472064 -4.22228 -1.35719 0
0.632598 -2.05927 1.56893 0
0.0975201 5.84018 2.51747 0
0.606507 5.15695 1.7224 0
0.456956 5.66208 1.51843 0
0.401229 6.05538 1.76852 0
1.49405 6.20135 0.00497115 0
0.339112 5.97896 -1.54505 0
0.697917 3.12738 1.54374 0
0.238944 2.26773 1.8434 0
1.08874 0.921746 -1.75774 0
0.571518 -0.796539 -1.73323 0
1.187 6.78769 -1.01693 0
0.337067 -5.02736 -2.47111 0
0.182132 -4.12797 2.48002 0
0.539026 -2.86016 1.11069 0
0.0978627 4.94006 0.266532 0
0.184463 1.80581 -1.99769 0
0.022122 -2.09174 -0.453511 0
0.427935 1.19844 2.03816 0
0.255682 1.29971 1.50173 0
0.556299 -0.170111 2.76927 0
0.0495492 -3.62902 -1.92024 0
0.881193 -0.441494 -1.96121 0
1.37372 -2.05101 -2.86963 0
1.03045 -1.43537 -2.89047 0
0.6592 -1.74822 0.997196 0
0.607385 1.92007 -0.561661 0
0.209226 0.944394 -2.122 0
1.65536 1.72165 -1.1702 0
0.395549 1.46089 -2.25175 0
1.1889 1.98491 -1.67477 0
0.251438 1.4748 -2.34495 0
0.676998 -3.63924 0.350584 0
0.151766 -4.60702 -2.24419 0
0.596252 0.0117872 -2.63745 0
1.08813 -0.12369 1.69888 0
1.1868 3.61054 1.26424 0
1.29642 4.29564 1.2786 0
0.294165 3.26027 -2.82407 0
0.0521908 3.88364 -0.309816 0
0.330029 4.06976 1.5191 0
0.154608 4.01975 2.69973 0
0.396348 3.24058 -1.47895 0
0.373157 -2.56425 0.688036 0
1.28046 -1.10887 1.33104 0
0.144876 1.17909 0.970661 0
1.16337 0.0721232 3.04461 0
0.920744 -1.87711 -1.16831 0
0.464532 -1.5895 -1.48774 0
0.0474789 -1.85177 -0.116107 0
0.629126 -0.421419 0.184664 0
0.312057 0.253651 2.369 0
0.419068 -0.660196 -2.03743 0
0.324197 0.52537 -0.428201 0
0.792158 0.268529 -1.83061 0
1.07977 1.11435 -0.0994678 0
0.178351 3.47086 2.366 0
0.658181 -4.04877 1.18584 0
0.111577 -4.65028 0.00380607 0
0.420378 -2.125 -1.23645 0
0.364513 5.66091 0.405141 0
0.107281 5.2351 -0.510501 0
1.00527 6.00185 -1.41599 0
0.284148 5.82372 0.880352 0
2.51084 5.05924 -1.21078 0
0.698795 4.6687 -0.924242 0
0.135646 4.16556 2.40367 0
0.73908 1.6674 -2.70774 0
0.0767417 3.28722 1.09541 0
0.378805 0.261283 2.15781 0
0.265356 0.82786 -2.75588 0
0.161968 -5.33157 0.885589 0
0.400125 -3.73106 0.82659 0
0.284564 2.72101 2.08741 0
0.232231 1.69717 2.58366 0
0.153156 1.75457 -2.60687 0
0.268504 1.42767 -1.15005 0
0.389546 2.2601 -2.46768 0
0.728459 2.30046 3.08407 0
1.18765 -2.39431 1.48902 6.64867394415662
0.195638 -2.4108 -2.58134 27.5639695982777
1.05966 -0.919288 2.44996 0
0.164679 -1.6065 2.27809 0
0.910423 1.44608 -1.00213 0
0.930318 1.65941 -1.26553 0
0.350742 -7.96266 2.41255 0
0.217485 -7.6212 1.67175 0
0.25474 -3.36553 -0.778731 2.77214988465615
0.144102 -4.32369 -1.88176 0
0.540039 -4.00102 -2.39749 0
0.599324 3.61948 0.0831416 0
0.13574 4.51248 0.695009 0
0.265873 2.84558 0.179287 0
0.32526 3.1235 0.914524 0
0.4824 4.45706 2.1901 0
0.103399 6.12741 0.957615 0
1.7699 1.18696 3.06791 0
1.23446 1.30294 2.9601 0
0.261495 -2.13702 2.22936 0
0.236363 -2.91864 1.21007 0
0.0538767 -0.640567 -0.494797 0
0.134985 -1.0572 -3.00758 0
0.0798152 2.07447 -2.19034 0
0.628516 1.79288 -2.36539 0
0.158164 8.4756 1.42616 0
0.153366 8.7546 -0.0263598 0
0.255474 -1.9322 2.49245 5.33361852825171e-08
0.343047 -1.70537 -2.99994 1.7423628658338e-07
0.150221 0.65345 -2.00701 0
0.361431 0.86419 2.15198 0
0.191475 6.33414 0.35453 0
0.174995 7.64385 1.57889 0
0.298708 5.23989 -1.85038 0
0.645878 4.80818 -2.13565 0
0.314004 0.126336 0.846257 11.6309992779441
0.105063 1.08526 -2.38796 21.2748765707804
0.361311 -0.265128 -0.790975 2.90175424731345
0.114238 -1.3434 1.16172 4.64903930649812
0.320689 -3.68698 -0.972683 3.37632744652867
0.255651 -3.28469 0.502489 6.33097385084236
0.423611 2.73515 -2.15287 1.89537199730016
0.120215 3.10751 2.10908 4.60212649809583
0.266328 4.38058 -1.66315 0.258584236269874
0.0911304 3.75017 0.870107 1.42349562837197
0.927202 -0.756379 -3.01773 3.43782942806713
0.311804 -0.501171 -2.76871 11.8646560053559
0.0970773 1.25323 -2.23939 0.518734888444942
0.994898 0.406312 0.300543 0.210194730807174
0.323791 0.112711 1.26677 0.510147003598176
0.440623 -0.122147 -1.10981 0.429932380355164
0.21887 0.584456 1.42992 0.0804882467074516
0.026837 -0.288587 2.9129 5.39919236773399e-06
0.0293364 -1.26744 -0.0652422 7.82956122050403e-06
3.14481 0.288694 1.05108 0.0634772069691482
0.78936 0.928642 1.76995 0.142355095288295
0.38649 0.379207 0.564297 0.0869542415448415
1.89049 0.324242 0.530176 7.31378148486338
0.414862 0.243592 0.908101 33.3994373758902
2.02805 0.40699 0.920449 1.76417088093818
0.278195 0.0972562 0.811905 13.8625019752867
