0.602834 8.75664 -2.32536 0
0.440693 1.09269 2.03256 0
0.155971 1.67593 -1.72019 0
0.363326 1.17216 1.28669 0
0.202728 -1.37624 -1.27356 0
0.111086 -0.410216 1.91583 0
0.223234 -0.398221 2.19434 0
0.289674 -2.01567 -2.48788 0
2.197 -4.36266 -1.70071 0
2.01887 -4.56457 -2.15658 0
0.520705 -4.97568 -0.588584 0
0.516851 -5.78797 -1.22569 0
0.51755 -7.23335 -0.804682 0
0.648087 -6.75176 1.89309 0
1.03149 -9.21533 0.761314 0
0.659514 -4.12331 -2.44691 0
1.02094 3.11778 -0.068278 0
0.401882 3.80991 -2.19576 0
0.248938 3.3143 1.67957 0
0.744182 6.25732 -0.318686 0
0.471126 8.01331 -2.18418 0
0.734396 3.73816 2.9393 0
0.269571 4.57873 -2.9277 0
0.441457 3.60074 -2.19044 0
0.35693 2.25186 -2.99925 0
0.632159 1.20134 2.1066 0
0.364221 -0.632253 -1.20885 0
0.936161 -0.956137 1.72073 0
0.208993 -3.69391 1.23159 0
0.610153 -3.50374 0.276133 0
0.122946 -2.26402 2.63218 0
0.464619 -0.9981 2.37221 0
0.0640081 -0.175033 -2.95933 0
0.587602 1.50669 2.7923 0
0.325975 1.26484 0.571479 0
0.137059 3.84352 -1.93354 0
0.330631 8.43755 -2.13465 0
0.157811 9.50596 -0.933033 0
0.258984 -6.79646 -1.98389 0
0.0916163 -6.59535 2.15518 0
0.211346 0.128782 -1.6712 0
0.190673 -0.964097 1.95489 0
0.370947 -0.658935 0.0788153 34.0324410676057
0.233941 -0.725796 -1.44992 51.9484799676203
0.12247 -2.7767 -1.43713 0.101839738222109
0.208793 -1.37628 2.11645 0.228738102194325
0.111032 -1.72607 -3.08285 26.1033653392449
0.255498 -2.58882 1.14573 4.88872767039306
