0.337529 3.93438 2.71973 0
0.451923 -4.70615 2.46657 0
0.191827 -5.35394 -2.72982 0
0.796132 -5.1126 1.99469 0
0.907424 -6.74471 -2.30198 0
0.439579 3.2956 -1.94507 0
0.706798 2.54076 2.78773 0
40.2528 2.06704 -1.61356 0
22.0021 2.06626 -1.57709 0
0.332647 1.99563 -1.25708 0
7.27682 2.139 -1.50485 0
1.34959 2.17196 -1.65517 0
0.293651 -6.24166 1.87571 0
1.41805 -1.88771 -1.82476 0
0.222355 -1.47123 2.56452 0
0.551228 -2.71083 -0.158382 0
6.01223 -1.14429 -2.29613 1.08844732891649e-13
0.6677 -0.319231 2.76495 1.4128333643497e-13
3.39917 -1.10054 -3.06269 9.29463512711143e-14
0.794487 -1.47392 2.80398 5.61472719976247e-14
1.09458 -0.629929 -2.92794 1.30608531585599e-13
1.17024 -0.555896 2.56954 1.2029557874828e-13
0.476478 -0.926832 2.32397 8.24466130767707e-14
0.48763 -0.920842 0.902033 9.40660497083758e-14
0.217339 0.410253 2.25464 1.54279079107306e-13
1.89735 -0.501782 2.02869 1.18670329378329e-13
2.05566 -0.700973 1.78732 9.9386611966066e-14
2.97102 -0.827555 1.8468 8.71161191267599e-14
1.09427 -0.739474 1.23548 1.01912593743534e-13
1.74665 2.68958 -0.118478 0
0.162855 7.03661 2.18457 0
0.170612 6.2509 -1.20458 0
0.467936 6.07204 -2.95119 0
0.363749 3.9314 -1.85243 0
0.361494 2.15505 -1.49544 0
1.31367 3.73812 -0.240401 0
1.7028 3.64282 -1.39385 0
0.186555 4.16612 -2.86945 0
0.57932 4.4337 -2.38828 0
1.30381 4.71792 -0.990563 0
0.441438 4.74682 -1.77706 0
0.954259 4.21316 2.7798 0
0.293132 5.44634 1.43771 0
0.473029 3.76266 0.828419 0
1.99892 5.17134 2.39269 0
0.372872 5.83224 -2.18031 0
0.509421 6.17555 -3.11709 0
0.406971 7.27161 1.45446 0
11.952 -1.76778 0.685376 3.52558719147073e-14
1.16784 -1.67516 0.181335 5.26957019856634e-14
0.156748 0.812005 -0.998857 8.4636164476648e-14
0.154802 -1.19793 -0.313441 8.71513133849964e-14
1.64846 0.362917 1.51996 1.36977801404105e-13
0.277533 1.59027 0.0878408 0
0.333715 2.12479 -1.69991 0
0.768703 2.88674 2.3974 0
0.380354 2.07959 -0.969284 0
0.239181 4.67086 3.0518 0
0.846168 5.47091 1.35924 0
0.42715 -2.91887 -0.368955 0
0.553341 -1.00068 -0.948082 0
0.417256 -0.537812 1.79716 0
0.743825 -0.719094 -1.75637 0
0.375987 1.25097 1.22901 0
0.686598 2.87294 2.14701 0
0.431353 4.4925 0.848512 0
0.221714 5.96518 1.99551 0
0.555478 8.05878 -2.79197 0
0.590231 6.74797 1.94841 0
0.503219 4.71745 -0.121849 0
0.232414 3.16248 1.79138 0
0.284399 3.93742 1.24825 0
0.603389 -0.909782 -2.614 0
0.296197 -3.35852 1.21287 0
0.670885 3.51029 -2.88615 0
0.67094 3.02928 2.7281 0
0.285335 -5.3535 -2.07533 0
1.35773 2.65134 2.69598 0
0.588798 -3.61333 -0.87469 0
0.30129 -2.57294 0.0908545 0
1.32397 2.01629 -1.8652 0
0.764852 -0.841555 1.63113 8.66843479402828e-14
0.255894 -6.97002 -2.74943 0
0.569066 -4.37735 0.34587 0
0.478729 -5.62872 0.849194 0
0.805575 -5.09209 1.09337 0
1.02648 -5.09918 0.604123 0
0.441306 -5.50758 0.282218 0
0.96191 -4.24065 0.570345 0
0.0751319 -5.50094 -2.86008 0
0.573986 -4.92472 1.53499 0
1.20684 -2.35053 -2.4903 0
0.121294 -1.88702 -1.74266 0
0.140983 -3.01629 -1.88215 0
0.373978 -3.28666 1.89961 0
0.905747 -2.32033 1.20497 0
1.13129 -2.90929 -0.249914 0
0.405086 -2.84922 -1.19347 0
0.26418 -4.93572 -0.0951808 0
2.87723 -1.08886 -2.7128 1.03298427677593e-13
0.853167 -0.9974 -2.98169 1.02569684365092e-13
0.112876 0.46857 2.75709 1.49822625585701e-13
0.801021 -1.13085 1.74936 5.96589768522656e-14
2.94272 -1.0671 1.85059 6.49733795926118e-14
0.912124 2.26658 0.424923 0
1.40447 3.31315 -0.482435 0
0.144989 2.94036 2.44569 0
0.674702 4.01573 -1.24394 0
0.185256 4.35705 1.59203 0
0.230375 4.06872 3.01537 0
0.0426603 7.20518 -1.96916 0
0.580957 6.121 -2.60435 0
0.0671079 5.14886 2.74767 0
0.380017 6.39095 0.0786444 0
0.38362 7.01304 0.603043 0
0.803227 -0.63789 0.16903 1.1242361664164e-13
0.694184 0.478243 2.46255 1.313128630277e-13
0.369858 0.392622 2.29889 1.35018377406013e-13
0.0992236 0.498355 2.30834 1.31349508704678e-13
0.213842 1.02764 1.91914 1.07974571747796e-13
0.564979 -0.43821 3.09351 1.26016667326447e-13
0.35002 0.410806 -2.16688 1.15642132624196e-13
0.839044 -1.05521 -1.77298 1.07234966391448e-13
1.49564 -1.39751 -1.56127 8.96903812534627e-14
0.634454 -5.07749 0.96712 0
0.270782 -3.14146 2.51043 0
0.430417 -1.20616 2.28025 0
0.419163 -0.53612 -2.15421 0
0.258162 0.298529 -0.495244 0
0.349084 -0.395253 2.1745 0
0.494497 4.3638 -2.54755 0
0.273582 3.14255 -1.53346 0
0.234054 2.2974 1.43167 0
0.180351 8.67087 2.46516 0
0.246511 6.7537 -0.463266 0
0.209139 7.54502 -1.08096 0
1.26024 6.42575 -0.540928 0
0.304249 3.26947 2.63092 0
0.704551 -0.673271 1.29337 0
0.263937 -4.53907 -2.02755 0
0.351521 -5.47214 1.69978 0
0.582828 -5.92733 -2.43675 0
0.723541 -5.75056 -2.93355 0
0.647838 -5.25237 -2.61648 0
0.541589 1.98436 2.80517 0
0.257978 2.95519 2.51149 0
0.35822 -2.8629 -0.752631 0
0.507039 -2.41987 -0.337551 0
3.14449 -0.327161 1.32214 0.776847213673476
0.333866 -6.16338 0.0958923 0
0.192804 -6.81196 -0.908497 0
0.0091636 -0.775507 -0.35053 1.91814815325403e-05
0.0506749 -0.919503 -0.195355 1.58056375045278e-05
1.55091 -0.961801 -2.46434 0.0205474008557324
4.56156 -1.08094 -2.18417 0.0208102141303632
0.650906 -0.812572 -2.58312 0.0455923724839742
3.39051 -0.681963 1.64014 1.01872034860133e-13
0.428781 -1.00914 1.69123 7.07490594004553e-14
0.151665 5.5809 2.86953 0
0.301919 4.65192 -0.489929 0
0.111848 -2.12115 0.805306 2.31390088348917e-14
2.08232 -1.81224 0.541713 3.80098053323104e-14
0.279983 -1.49452 1.50807 3.01474498949406e-14
0.447093 -1.90192 0.932932 2.39121724303648e-14
0.434272 -0.257676 0.962411 1.37926693532955e-07
0.510975 -0.272981 1.44067 2.92960049096073e-07
0.0501345 -6.65847 -1.78455 0
0.344046 -5.76029 0.597152 0
0.244988 -5.28101 1.50735 2.16461938021972
0.186421 2.09514 0.366554 4.05357141081246e-08
0.247482 2.11293 0.547095 5.03617692639011e-08
0.179191 -3.88176 2.19078 9.26513613194482
0.178813 3.26861 -1.85349 0
0.031817 4.3839 3.02197 0
0.228022 6.22732 3.12124 0
0.435375 5.9153 -2.65756 0
0.146198 -3.26459 -3.0779 10.7334999065252
0.182813 -4.39706 0.878502 2.77612877256556
0.575023 0.967155 2.44263 6.48307846914165
0.0986215 0.0852496 -3.05878 56.6825157403886
1.02533 0.234923 1.06911 1.56616739148713e-13
0.265949 0.0227485 2.60618 1.5520810144019e-13
0.248889 -5.29437 -0.435554 3.20407680691894e-05
0.268543 -5.12966 -0.343239 2.97912675026463e-05
0.336426 -4.64859 1.1267 0.287491911878707
1.44273 -4.30693 0.748543 0.789138154875469
0.541731 -5.152 1.77422 0.946383956908639
1.07393 -4.55194 1.16874 0.244112926526822
