1.63048 -5.7693 1.31204 0
0.718104 -5.80382 0.592753 0
0.660587 -5.10815 1.42033 0
0.672668 -5.07483 2.3736 0
5.29869 1.00107 2.27119 0
0.407743 8.91351 0.0108411 0
0.530465 6.3647 -2.06613 0
0.327303 2.6563 3.01628 0
1.18468 -5.10772 1.80473 0
0.790758 -4.42273 -0.686824 0
0.0611973 4.46451 -1.1391 0
0.994422 0.945652 -2.61771 0
0.169836 3.90272 -0.589685 0
1.24013 1.45079 -0.194949 0
0.712787 1.6028 -0.384672 0
0.773835 1.53027 0.187425 0
6.52098 -1.25261 1.98482 2.89956990422397e-14
2.79819 -1.19776 2.08301 4.12220494337824e-14
1.49349 -0.613774 2.37996 1.24534093996143e-13
0.272253 -0.70726 -0.0307873 1.95862585565757e-13
1.4229 0.24396 2.66357 2.16045368953626e-13
1.66128 0.408334 3.05477 2.12722140985981e-13
1.26668 0.41898 -2.84251 1.9906141598671e-13
0.72195 0.305699 -2.59822 1.95132915737012e-13
0.201178 -0.578977 -3.11326 0
0.211728 -1.7449 -1.43936 0
1.4765 -2.92627 2.14769 0
2.01401 -2.57697 0.185902 0
0.156398 -0.404972 2.54567 0
0.440186 -4.90108 -0.0272222 0
0.124994 -8.51626 -0.351841 0
0.787626 -7.87566 -0.950903 0
1.03284 -4.65857 1.09774 0
0.423035 -5.61362 -0.662009 0
1.72718 -3.0435 -2.12385 0
0.296783 -3.21837 0.776235 0
0.748898 -3.60073 -0.0282645 0
0.199222 -2.41165 -2.95974 0
2.32366 -3.16664 -0.203036 0
0.286316 -4.99426 0.949045 0
2.77666 -4.21703 -0.133296 0
0.241478 -7.738 2.34362 0
0.193846 -3.83454 -2.89969 0
0.0900229 -2.87452 -2.09799 0
0.906992 -4.24006 -2.98876 0
0.590524 -2.08126 -2.05461 0
0.0617464 -3.99818 2.5439 0
1.50983 -0.65749 -2.18066 0
1.34795 -0.288588 1.43627 0
0.21106 0.5444 -2.89969 0
1.06403 -0.892949 0.151154 0
1.04847 5.6766 0.655014 0
1.15141 -2.26757 -3.12721 0
0.465687 0.0143687 -0.648998 0
0.667845 2.33873 -2.03894 0
0.299623 4.61057 -3.06125 0
0.625812 6.43874 -0.807408 0
0.179953 3.62973 2.68767 0
0.475463 6.26487 -2.69339 0
2.04704 6.94506 -2.88829 0
0.225938 1.45859 -3.11013 0
0.437919 -5.18164 -3.14043 0
0.357882 -6.53853 -0.0873531 0
0.215545 -7.14891 1.73726 0
0.0768892 -6.35956 -1.06149 0
2.42332 0.855245 2.20443 0
0.152803 -6.31292 -2.35144 0
0.821873 2.24852 1.71154 0
0.202602 2.40574 -1.95373 0
0.389565 2.6171 0.447188 0
0.702713 2.65821 2.15977 0
0.105155 3.07228 0.676535 0
0.633513 3.9799 2.90491 0
0.53052 3.79945 3.07966 0
0.757497 4.56901 2.89458 0
0.178784 7.30315 0.36712 0
0.201073 6.54122 -0.978477 0
0.789354 4.86233 2.14398 0
0.516116 4.0848 -1.42019 0
0.289529 -2.71226 1.3451 0
0.560321 -1.26219 2.98356 0
0.15438 0.0452587 -1.86783 0
0.133801 1.46925 1.7188 0
22.8871 2.09329 -1.63705 0
65.0457 2.1107 -1.64726 0
49.7596 2.10868 -1.6688 0
12.2066 2.09239 -1.67379 0
1.16112 2.09725 -1.93808 0
0.0660343 3.29548 1.37999 0
0.329244 3.70888 2.99209 0
0.199046 2.7659 2.81619 0
15.4759 -1.30682 1.95152 2.58107990636809e-14
31.3242 -1.2758 1.94525 2.45949840492322e-14
6.37046 0.26428 -2.79682 2.0649274783611e-13
0.25629 -1.02436 0.876254 0
0.580338 -4.10423 2.11877 0
0.187431 -5.49158 -2.7739 0
0.324046 -4.48323 -0.217949 0
0.177692 -4.31461 -1.20532 0
0.583175 -4.59751 -0.489967 0
0.906063 -4.48018 0.546776 0
1.57542 -4.59681 -0.417883 0
0.256401 -3.55586 0.454365 0
0.277313 -6.6796 -1.43799 0
0.252064 -5.7288 -1.10452 0
0.272918 -6.47989 1.38971 0
0.366706 -3.446 1.72764 0
0.481286 -4.33584 1.25315 0
0.754828 -3.50308 -2.34269 0
0.443464 -4.78081 -2.79025 0
0.0990035 -3.40949 -0.751281 0
0.893768 -3.37964 -2.15804 0
0.463259 -2.97878 2.89657 0
0.632435 -2.51405 -2.28223 0
1.16958 -2.19743 -2.82346 0
0.578127 5.77438 -1.90049 0
0.0129642 6.30642 -2.34268 0
0.438389 5.46751 -1.88943 0
0.25974 6.92831 -0.148988 0
1.52205 5.81181 0.122488 0
0.142252 5.40381 1.03294 0
0.298735 5.20679 2.12887 0
0.336894 -1.03788 3.01111 0
0.0644765 -0.104468 2.62881 0
0.742091 -1.42013 -2.55834 0
0.262135 -2.0095 -2.8485 0
1.52287 -0.883341 -1.27385 0
0.328984 0.359485 2.00596 0
0.303894 0.558971 3.09269 0
0.22015 3.39625 1.91685 0
0.14792 1.92154 2.98821 0
0.365862 4.23092 -2.80433 0
0.161818 -0.505961 0.252194 0
0.332056 1.78612 -1.35559 0
0.591248 1.86773 0.417583 0
0.436948 -0.689702 -1.38931 0
0.215077 0.400618 -2.64628 0
0.289145 -2.5896 2.40548 0
0.480178 -1.85253 -0.155475 0
0.373222 -5.8906 0.673261 0
1.35947 1.46269 1.95126 0
0.789225 1.22354 2.18545 0
0.343652 2.93668 2.36636 0
0.0646863 3.22109 -1.54976 0
0.182787 1.77973 3.1277 0
0.111539 0.27199 1.23552 0
0.931594 -1.37714 2.14414 4.69481400148117e-14
1.51676 -1.16608 1.9731 2.98303465505092e-14
0.697954 -1.36191 1.88693 1.26612896938504e-07
0.711368 -1.44429 2.14527 2.01047264205086e-07
0.32807 0.403468 -0.21907 2.57029984320843e-10
0.564817 -1.30157 -0.17278 0
0.0171268 -3.15486 -0.126336 0
0.413378 -2.56874 0.53502 0
0.319333 -2.7915 -0.530016 0
0.04893 -5.73162 -0.37544 2.01647100105994e-08
0.263824 -4.57798 -0.257003 1.7863700448712e-08
0.0699315 -5.81632 2.18918 1.09307006841937e-07
0.354096 -4.34238 2.68363 6.14315336536935e-08
0.270667 -0.940066 1.06614 0
0.412474 -0.98307 0.646525 0
0.0810846 5.65856 -0.379936 0
0.287311 5.42833 -2.54194 0
0.290011 5.50475 2.56677 0
0.305663 4.43069 1.6298 0
0.543044 -1.35378 -2.17506 0
0.438044 -1.17909 2.43215 0
0.152717 5.68412 -1.26375 0
0.25933 4.91306 -1.87484 0
2.24855 1.15759 2.01061 0.0512787329028176
0.374592 1.52126 2.10043 0.224271118993288
0.101293 3.31013 -0.184445 25.6299366221366
0.37448 2.12199 -2.21027 22.364938889785
0.237706 -2.68451 3.03671 16.1783686476563
0.360731 -1.49621 -2.72162 33.3377877508342
0.694441 -1.53146 2.55233 9.92935522284262
0.449421 -2.24888 2.60483 7.76505322568579
0.0564406 2.00486 -1.80778 6.04814016369077e-06
0.432622 2.0147 -1.8783 4.5902047485485e-06
0.506614 1.35616 -0.0452788 0.00616290186316645
3.26261 0.399561 -0.206318 0.00136507269816674
0.555932 -3.15899 -1.72455 0.596969232669948
0.113064 5.62591 -1.5922 1.64741892615525e-05
0.0172589 5.53693 -1.46046 1.18695346326019e-05
0.0785137 5.51443 -1.49666 2.79611130669169e-08
0.154315 6.37852 -1.23114 2.13066452708192e-09
1.32911 2.14621 0.621017 0.0470801673691512
1.75083 -3.1091 -1.99232 0.153061053938369
0.19322 -2.61212 -1.62725 1.9386480103949
2.45974 -3.05059 -1.98138 0.141407202816552
1.63658 -3.09755 -1.91114 0.0902286154157167
0.332759 -3.7546 -1.95633 1.32474148846175
2.32563 -3.18003 -2.04058 0.358295739535876
4.20382 -0.787817 0.82906 0.473260790003402
21.3901 -0.801546 0.85007 0.207690275353668
3.00176 -0.796381 0.988883 1.50227509160293
6.29117 -0.825887 0.791407 1.18238949681804
1.46049 -3.24701 -1.73624 0.773659503411763
3.53033 -2.98941 -2.02526 0.397172029503259
1.30173 -2.88282 -1.92944 0.670433421197434
0.900069 -2.83916 -1.88304 0.865930394049789
