0.833142 8.96791 -0.111652 0
0.353939 0.428977 2.15202 0
1.29344 0.249662 -0.377466 0
0.713218 -7.27116 -0.693341 0
4.20452 2.35633 2.38849 0
2.83305 1.75021 2.40723 0
0.27329 -5.52142 -0.987443 0
0.970397 -5.49844 2.52252 0
0.202801 -1.40935 2.02072 0
0.673314 3.30993 -0.681057 0
0.653103 3.90428 1.84927 0
0.510581 4.42653 -1.54539 0
0.55829 3.68847 0.988419 0
0.478148 2.49271 0.344023 0
0.752732 4.14824 2.23767 0
0.644121 1.64808 2.18847 0
0.173002 2.28873 0.628274 0
0.918926 3.59538 -3.02818 0
0.091838 4.22134 -0.897801 0
0.26778 -2.31236 -1.96121 0
1.78554 -2.05929 -3.02392 0
0.37262 -0.737506 -1.02715 0
0.379261 -2.51389 1.34709 0
1.73149 -0.633065 0.337001 0
0.748129 -0.722783 -1.23999 0
0.262993 -0.690125 1.62205 0
0.640943 -0.121148 -0.838465 0
1.67745 0.655331 -2.01938 0
0.659539 -0.0630202 -0.573174 0
0.825962 0.0804196 3.1197 0
1.45781 0.92077 -2.81526 0
0.159788 -0.26185 0.32196 0
0.46719 0.273602 -3.03219 0
0.524523 0.889733 0.125523 0
0.787004 1.99093 -0.457994 0
1.0968 2.30492 0.503288 0
1.0331 1.41603 -0.213786 0
0.263362 2.11554 2.75415 0
1.6635 1.78553 0.0960492 0
0.962857 1.98275 -0.289511 0
2.30223 2.51041 -0.910916 0
0.304797 1.5189 -0.938142 0
1.29316 1.80524 -1.00895 0
1.05093 -6.31994 2.87507 0
0.480188 -4.35006 -0.525485 0
0.435499 -4.94503 1.61458 0
0.3145 -5.08528 0.274179 0
0.0829175 -2.80655 -1.41534 0
1.24483 -2.70952 -1.85379 0
0.411117 -3.95192 2.13569 0
0.606254 -5.30441 -1.03226 0
0.764988 -3.99905 -1.23808 0
0.651012 -0.751801 -0.946274 0
0.407499 -0.245272 1.6774 0
1.5826 0.171997 -1.12278 0
0.645646 -0.463862 -0.475951 0
1.08416 0.595008 -0.988929 0
2.6005 -0.647583 2.77021 1.84432003192954e-13
0.363005 -0.792727 2.2476 1.70661393086539e-13
0.793997 -2.23572 -2.6117 3.97669135512686e-14
0.348916 -1.03284 0.28538 0
0.328491 2.51305 -1.34556 0
0.952849 2.26564 0.642504 0
1.58024 2.09318 -0.727502 0
0.235905 1.98343 -0.6047 0
1.04579 3.60818 1.10196 0
0.492114 3.89753 1.11794 0
0.398423 -8.54211 0.692094 0
0.184211 -6.88592 1.23543 0
0.499242 -3.96707 -0.789507 0
0.122627 -1.06116 -1.30401 0
0.807977 6.73302 1.2717 0
0.587381 2.97609 0.51284 0
0.688119 3.85968 2.40831 0
0.539592 3.65927 1.67682 0
0.582465 2.11284 -2.70202 0
0.863763 4.99793 0.327999 0
0.73805 5.33876 -0.607352 0
0.173156 4.45475 -2.40516 0
0.683287 -2.31622 -1.6702 0
0.392573 -2.40239 0.0482338 0
1.25345 -1.89897 2.22701 0
0.136566 -2.71151 -2.97835 0
0.782102 -1.37486 0.316854 0
1.09734 -0.697733 -1.82504 0
0.699877 0.861673 -2.75605 0
0.400302 1.11301 1.11255 0
0.931691 0.591746 1.52954 0
0.144179 2.10953 0.676153 0
0.646647 -5.703 -0.727789 0
1.24101 -5.32793 2.79106 0
0.114705 -4.92393 -2.51285 0
0.389632 -4.75709 -0.184382 0
0.61481 -4.74121 -1.1767 0
0.517281 -5.65059 0.163745 0
1.47733 -4.65068 -2.49366 0
0.760942 -5.24002 -2.54206 0
1.18291 -4.92032 -2.21612 0
1.04841 -3.19581 -2.25838 0
0.0651125 -2.72645 -1.08265 0
1.36717 -3.1752 1.31116 0
0.0958725 -3.08643 2.8055 0
0.739039 -6.37427 1.3793 0
1.31287 -1.0084 2.60676 1.43905172124972e-13
0.620605 0.00792146 -3.01257 0
0.215076 0.301163 0.874095 0
0.25751 2.75452 -1.22038 0
2.29436 1.91293 -1.59508 0
0.112229 3.50781 0.542878 0
0.0953633 -5.72677 -2.13935 0
0.357905 -5.73811 -2.85093 0
0.37847 -4.37851 -2.50257 0
0.167427 -4.70108 0.566417 0
0.443231 2.5461 1.18013 1.17683469929958
0.325949 3.05591 1.71392 0
0.0949745 3.85269 2.58851 0
0.0837977 2.16957 -2.70294 8.30783157142005e-08
0.327378 1.84521 -1.70269 2.29736615113735e-08
0.31732 0.730775 -1.35994 47.6601228744884
0.0526808 -3.56962 3.037 0
0.613977 -3.2368 -1.88155 0
0.115347 -3.63728 1.72829 0
0.366128 -3.17964 0.915687 0
0.0620265 3.1057 -0.234534 0
0.211184 1.88568 2.10212 0
0.634214 2.71687 -1.37207 1.52705388698687
0.150722 2.30566 -0.514398 9.60460880171076
0.123415 1.94355 1.36346 11.0194213647187
0.306163 -3.09685 1.08941 8.88365441765678
1.37662 -2.67832 0.680755 3.00223290105452
0.0639224 3.40229 -2.58086 1.92334989130768e-07
0.244295 3.10621 1.28819 3.75224562577354e-08
6.96136 -0.940668 2.8336 0.124396606626822
2.75014 -1.00357 -0.314125 0.0528798227550733
7.66995 -0.843856 -0.289394 0.0997687768860444
1.22101 -0.757946 2.99651 0.170736292364061
9.99016 -0.848873 2.78623 0.105705957408655
3.78418 -0.890294 2.83827 0.0739495146719711
0.85475 -1.15963 -0.0511189 1.36390361666713
2.72531 -0.868176 3.04483 0.343961267714273
3.39622 -0.756062 2.9236 0.102033368010613
4.38963 -1.00191 -0.250881 0.496350304371194
4.30774 -0.972941 -0.277833 0.22204366962907
3.00634 -0.903296 -0.249323 0.47458932656533
4.12623 -0.898194 -0.359905 0.387195967550115
3.03 -0.722012 3.01548 0.303157913502107
2.37381 -0.772491 2.84798 0.195405865720663
3.90734 -1.04399 -0.380193 0.259693022008348
