0.296248 -9.78235 -0.173433 0
0.359564 9.91204 1.28838 0
7.74413 2.64441 -1.28613 1.3326792938144e-13
1.1283 -0.766603 -0.619938 0
0.351725 -1.4922 0.394696 0
0.163645 0.226045 2.88659 0
2.04204 -0.51197 -0.988463 0
1.35069 -1.16779 -1.4842 0
3.44609 2.21702 0.651829 6.11906667183484e-14
0.923546 2.34087 1.21049 0
0.739348 1.55057 0.346517 0
0.683309 0.0235538 0.736866 0
1.71485 1.57346 -2.12315 0
1.66614 0.842039 -1.90028 0
0.298999 0.368284 -2.4704 0
5.39387 0.807814 -1.89378 0
7.95828 0.553631 -2.20995 0
0.0814047 2.96814 1.39772 2.65557069861272e-13
0.621487 2.64102 -0.937278 9.77151233663259e-14
1.01879 -0.448947 0.614942 0
0.149838 -0.305045 1.16492 0
2.06138 -0.158508 0.144252 0
4.50203 0.362473 0.453555 0
0.208338 1.18647 0.245588 0
7.26059 0.602965 0.461667 0
13.3884 0.514147 0.502652 0
0.322076 0.681538 1.041 0
0.843315 0.740497 0.223556 0
0.0428353 6.85668 -0.25352 0
0.184573 0.355272 0.75311 0
2.72943 -0.458371 0.61445 0
0.100525 -2.6261 0.865304 0
1.86075 1.16932 0.00338721 0
3.09316 1.50957 -0.125771 0
0.245745 0.988255 2.98312 0
0.202828 0.388606 0.487758 0
3.28877 0.78029 3.06923 0
1.03603 0.876964 3.06143 0
0.141039 1.48945 -1.22977 0
1.48313 1.76396 -2.56533 0
0.281287 3.27861 -1.86798 0
0.720948 4.04845 -0.105842 0
0.540395 3.23051 0.460437 0
0.467015 4.07579 2.62153 0
1.38643 3.17415 2.06819 0
0.621275 3.23032 2.14213 0
1.38663 2.60376 0.99362 0
1.55923 2.42911 0.625356 0
2.30982 -5.28114 2.55134 0
1.87379 -5.1878 2.64336 0
0.219709 -5.2602 -2.0195 0
0.771786 -4.65714 2.93584 0
0.111362 -3.48596 -2.30517 0
0.305678 -4.85181 -2.75068 0
0.530059 -3.3971 -2.13165 0
1.16231 -2.93749 -0.578298 0
0.172191 -2.18509 1.31175 0
0.747846 -2.73595 0.0261701 0
0.192291 -2.49248 -0.37317 0
1.25544 -3.33825 -2.83211 0
0.236208 -5.13433 2.90182 0
0.444346 -5.45217 0.649659 0
0.125801 1.97613 -2.20997 0
0.241548 -0.547673 -0.0273203 0
0.698899 0.855657 3.07295 1.41300644292719e-13
0.294881 0.337104 0.790527 3.56018456037913e-13
0.74268 -2.16983 2.59681 2.54867386751082e-13
0.185583 -2.77154 -1.75302 1.79008642976164e-13
0.470131 -2.28228 -1.21628 1.43258997277327e-13
0.351914 -3.48921 -1.21951 1.75541185067921e-13
2.74736 -3.66729 1.40349 1.97235662442682e-13
0.297394 7.52698 1.54842 0
0.161425 6.05177 0.471309 0
2.1983 2.96672 -1.12964 6.67426875074097e-14
0.11141 2.50594 -0.9314 1.27946108555948e-13
0.966174 -2.04773 -0.0742265 0
0.0513731 -1.92925 -2.56713 0
0.444649 -1.63156 -1.04172 0
0.658774 2.40842 0.38066 3.56409364574472e-14
4.45269 1.95044 0.722174 9.00747802090031e-14
0.607549 2.10171 1.69676 0
0.253462 1.19233 0.54964 0
0.127016 -0.182237 -2.28915 0
0.668659 -0.11117 1.23382 0
0.187103 -0.924486 -0.841753 0
0.939507 0.847329 -1.54798 0
0.182983 0.810557 2.51509 0
1.01286 1.28759 -1.7545 0
1.14388 0.706826 -1.55871 0
5.00219 0.737351 -1.93516 0
23.2806 0.720133 -1.83447 0
12.2514 0.702223 -1.85588 0
5.61843 0.758258 -1.77774 0
2.0366 0.769411 -2.05839 0
1.32805 0.450803 -2.35496 0
3.5 0.516264 -1.89546 0
0.93367 0.620984 -1.52361 0
1.31491 2.29066 1.54387 4.24040001619904e-13
0.955403 1.83356 0.473955 4.71560154893239e-13
0.145509 3.97074 0.887378 1.54668896546344e-13
0.123398 3.22897 -0.903447 2.72862772128044e-14
0.582465 3.12829 -1.91858 1.58062416847396e-13
4.8278 2.47741 -0.729042 1.30533184292122e-13
0.993436 2.55598 -0.920095 1.16052243866276e-13
1.93858 1.1581 0.071294 0
1.55688 1.04609 -0.25822 0
0.581786 0.101999 -0.29057 0
0.693089 0.645415 -0.483641 0
0.0788672 -1.54253 0.556583 0
0.388386 1.21973 0.700228 0
3.02364 0.521246 0.511103 0
3.62398 0.486719 0.455755 0
1.17762 0.701603 0.265201 0
0.119877 1.00498 1.93774 0
0.624573 1.34175 -1.39275 0
1.12941 1.41174 -1.84959 0
0.704878 -1.52015 0.0645945 0
1.0943 -0.602259 0.420806 0
0.372858 0.676808 -0.500056 0
0.377789 0.173963 2.74892 0
0.71882 0.827568 -0.73571 0
0.729173 1.14722 -2.9657 0
1.60895 1.83589 2.96797 0
0.142811 1.7094 1.6387 0
0.426702 4.14853 -1.42503 0
0.0807873 5.01642 -0.474334 0
0.778609 3.94951 1.99853 0
0.605329 3.99293 0.839947 0
0.108802 2.64287 2.56558 0
1.2148 2.63103 0.113899 0
4.57075 2.09938 0.431269 0
4.93541 -5.22602 2.48482 0
1.14983 -5.20196 2.19393 0
1.6618 -4.76479 2.26956 0
2.33033 -5.20781 2.27738 0
0.0923364 -7.26272 2.12141 0
0.110882 -4.20196 1.34234 0
0.891604 -4.57003 -1.72422 0
0.436174 -5.03431 -1.97082 0
0.363599 -1.48503 0.0333517 0
0.924587 -1.57746 -0.813263 0
2.30241 -1.00404 -1.61764 0
1.55545 -1.20872 -1.25453 0
0.0968934 -2.80265 1.53521 0
1.30627 -2.00689 -1.6694 0
0.120657 -2.33462 0.20324 0
0.385898 -1.5444 0.296732 0
1.01638 -2.1871 0.81767 0
0.247345 -1.5453 2.451 0
0.673252 -1.48916 2.39709 0
0.66667 -2.10901 0.436557 0
0.276184 -0.938247 2.23385 0
1.19806 -3.56183 -2.1243 0
2.75339 -3.81192 -2.40261 0
0.201179 -3.70151 -1.68984 0
0.688671 -4.64334 2.10836 0
1.30532 -4.49175 1.39199 0
0.4331 2.22752 -1.21811 0
0.255546 0.645199 -1.60033 0
1.30791 1.14277 2.68763 3.39535408522785e-14
2.34977 1.68416 2.89188 8.46316888561013e-14
0.102788 -3.63115 0.580469 1.84493939645124e-13
0.601535 -2.72003 2.75597 2.28546211178235e-13
0.383489 -2.80472 1.3172 2.05188273180251e-13
1.64352 -4.22476 1.10091 1.91651741727171e-13
0.0983134 -4.99407 -1.5619 1.88159427307821e-13
23.6336 0.338443 0.842271 0.00134446989355741
19.3259 2.56983 -1.40022 0.163499672405939
4.23823 2.59683 -1.49639 1.76794271954652
7.39061 2.5755 -1.31549 1.31772452296627
0.471048 -1.91106 0.712837 2.06397220275832e-07
0.326807 -2.07725 0.770646 2.59856402033796e-07
2.31781 2.10168 0.471366 6.44433648838768e-14
4.09852 2.01833 0.353054 6.95962342892258e-14
0.176903 0.56799 1.0458 0
0.331217 -0.184198 -2.77518 0
2.54756 0.58892 -1.92719 0
0.392633 0.428781 -1.93063 0
4.88573 0.693393 -1.83103 1.12659797746324e-07
6.51832 0.733254 -1.82444 9.56449666686577e-08
2.02281 1.98852 1.21249 4.9797591243719e-13
0.355544 1.67457 1.02893 6.22234466424551e-13
0.303375 0.489779 0.440803 0
1.03974 1.0902 -0.200929 0
1.71003 5.54106 2.9483 0
0.420434 5.38731 2.98964 0
0.541335 1.08848 0.287037 0
0.593565 1.35312 -0.148511 0
0.442921 3.68996 1.46781 0
0.507232 3.58812 2.4238 0
0.138374 3.35413 1.68938 24.5372648967602
0.169158 -4.91393 -2.20017 0
0.0723695 -4.80687 2.09046 0
0.128172 -0.205874 0.697594 30.9199860122252
0.043709 -4.14118 3.12021 1.98799760422836e-13
0.821246 -3.26452 2.94084 2.11951624387661e-13
1.0984 1.55075 -1.56635 6.05697419826106
0.0631857 2.59127 -1.38978 38.8277028626109
7.25791 0.621752 0.530865 6.67484719541025
6.15632 0.668505 0.49082 7.64115169546815
4.25552 0.418406 0.43633 3.73236743965431
1.05803 0.490562 0.283868 14.6343992335231
0.285747 -1.10544 -1.89129 15.7116123822054
0.461604 -2.05204 -1.73328 4.1053762428124
0.309967 -1.48305 0.464584 0
0.798731 -1.39949 -0.639769 0
0.990362 2.1133 0.591997 0.040362789449759
0.00361838 4.32398 -0.869235 3.27532292182231e-05
0.106974 4.241 -0.857944 3.14275287242666e-05
0.809195 0.436091 3.06971 67.123651494038
1.53871 0.771087 -3.10402 29.5044010113229
0.270311 5.54647 3.12758 2.73635120059202e-05
0.0784114 5.51577 3.08445 1.97304273152195e-05
6.10598 1.4569 2.75296 1.76348440962432
1.50973 1.50669 2.79857 6.74769791749503
4.79878 2.1522 0.64695 0.0864358027086208
2.4324 1.47629 2.82529 0.137365886607605
19.6525 1.5339 2.90477 0.201716297576472
6.67727 1.42285 2.73248 0.680806476826952
21.3585 1.50097 2.83515 0.039577499972974
2.26786 2.07032 0.58316 0.125126303296581
1.38571 2.09317 0.645749 0.129104621553919
2.47138 2.32726 0.671695 0.317167213210516
3.84613 2.27687 0.687861 0.491500984695427
1.16177 2.10439 0.577283 0.0673628626886065
1.12174 2.17975 0.427371 0.278335820114626
