0.466739 -3.12455 -2.35566 0
0.805615 -2.00248 -1.70723 0
0.266665 -5.37694 0.885012 0
1.58701 -4.58523 -3.04671 0
0.74111 -4.55877 2.25307 0
0.688522 2.0584 -0.519288 0
0.352792 -4.45861 1.96053 0
0.610828 -3.24821 2.15959 0
0.347167 -4.23745 -1.52869 0
0.40764 -8.12717 -2.91508 0
0.417266 -7.17786 0.00453572 0
1.20177 -1.85808 -3.03378 0
0.68193 -1.9594 -3.02078 0
0.315809 -0.761571 -1.62595 0
1.1046 -5.73539 -1.52094 0
0.0321959 -6.29382 1.46732 0
0.305194 -4.97987 0.790424 0
0.348004 -4.5986 2.6078 0
0.41065 -3.33494 0.507271 0
0.416679 -3.74682 -2.24646 0
0.98064 -3.69753 0.0974858 0
0.514469 -2.30724 -0.0584605 0
0.397087 -4.7365 0.882924 0
0.49053 -4.83263 -1.36733 0
0.344448 -5.19607 -0.348789 0
0.486903 -5.85771 -1.64811 0
0.805813 -3.74076 2.07782 0
0.619002 -2.3924 0.268409 0
1.04973 -2.51488 -2.68683 0
0.0873999 0.295853 -2.77796 0
0.451114 -1.73971 -2.45549 0
1.99481 2.08529 -0.52427 0
0.344651 2.14514 -1.41489 0
1.46718 1.33474 -1.99853 0
1.44573 1.26524 -2.5212 0
0.462649 0.176491 -2.14736 0
0.873621 1.57287 2.5144 0
0.58713 2.30773 1.96794 0
1.73049 1.61544 1.14028 0
0.171404 2.23388 2.05904 0
0.0749436 1.24782 0.871342 0
0.158283 2.88722 -1.97993 0
1.06782 -0.938874 0.00753898 0
1.4379 -1.48931 0.642578 0
0.701974 -0.971981 -0.180962 0
0.552005 2.47858 -1.99472 0
0.660345 3.2694 -0.799177 0
0.255844 2.25987 -2.86842 0
0.078025 5.28586 -2.09491 0
0.700886 3.6933 -2.76011 0
1.27841 2.31128 1.61868 0
0.583004 2.32794 1.03662 0
1.05668 1.27196 1.54122 0
0.929893 1.39391 1.32218 0
0.17323 1.85692 0.70641 0
0.416676 0.415985 1.3553 0
0.859665 -0.411174 0.862603 0
0.596201 -0.438635 1.20193 0
1.03714 -1.21425 1.26948 0
0.676925 -2.12939 0.354655 0
0.788771 -1.55632 1.85645 0
0.266023 -1.95366 1.51076 0
2.18306 0.933648 0.6022 0
0.788436 1.19943 -0.0554969 0
0.284386 4.78221 -0.747702 0
0.501694 3.3884 0.0642915 0
0.710888 3.58102 0.242184 0
0.626077 4.49862 1.40444 0
1.28025 3.62858 1.62051 0
0.728544 4.0109 2.20347 0
0.916525 4.11632 1.62654 0
1.01248 6.61246 2.55833 0
0.951557 7.06483 -0.175132 0
0.0912405 3.14702 1.63657 0
0.374581 3.25884 1.83436 0
1.32862 -1.62745 1.6106 0
0.20398 -0.845443 1.31086 0
0.887833 -2.32074 2.53425 0
1.88152 2.52973 0.809557 0
0.649887 2.71817 0.227544 0
0.780866 4.73294 0.875554 0
0.315671 -1.54556 0.315323 0
0.20956 -2.97999 2.52697 0
0.612076 4.15671 1.08497 0
0.385195 4.40879 -1.42108 0
0.670357 -5.99985 2.03871 0
0.74321 -6.4852 -0.557754 0
0.732921 6.38199 -1.91312 0
0.547659 6.96476 1.37527 0
0.34347 7.69211 1.73417 0
0.706971 -2.29349 -2.03862 0
0.40349 -2.33778 3.11227 0
0.483589 -5.59572 -2.33185 0
0.500366 -4.65181 2.09136 0
0.107703 0.91803 0.213796 0
0.724484 2.03869 -0.695303 0
0.42062 0.196421 -2.00597 0
0.329595 -4.33254 -0.733393 0
0.0982606 -2.37668 0.467942 0
0.226966 -3.21893 -1.11284 0
0.485319 -7.85274 1.21595 0
0.417932 -7.09791 -0.661115 0
0.384645 -6.13072 -0.128478 0
1.06489 -1.18843 -2.30789 0
0.306025 -0.258089 3.09473 0
0.208562 0.669448 0.442687 0
0.593605 -4.18568 -1.01709 0
0.242484 -5.6608 -1.42081 0
1.5459 -2.67797 2.65612 0
0.659861 -1.62972 -1.99742 0
0.203556 -2.83095 -2.31964 0
1.04012 1.77456 -1.88621 0
0.882566 0.38551 -2.47304 0
0.323221 0.855657 -1.8858 0
0.849035 -0.283288 -2.02173 0
0.928664 1.64173 -2.98071 0
0.193274 0.578726 2.95705 0
1.68175 1.52441 2.71953 0
1.68788 2.04008 0.694085 0
0.0728465 3.65689 -2.13038 0
0.215454 0.567855 0.795714 0
0.600775 2.24906 1.35605 0
0.124976 2.78342 -0.733695 0
1.13306 1.04352 -0.0381331 0
0.290809 0.669926 -0.319703 0
0.976206 -0.772308 1.15999 0
0.62623 -1.30174 0.142414 0
0.280986 -1.87713 1.3879 0
0.142373 -2.55574 -0.492025 0
0.234345 0.302143 2.19282 0
0.624562 0.568655 -0.0876988 0
0.367713 0.451015 -0.827258 0
0.961027 2.08736 -3.06185 0
0.27701 -1.72316 1.4743 0
0.375789 -0.385428 1.18641 0
0.418756 0.416187 -2.98316 0
0.62778 3.1553 -0.566119 0
1.05622 3.29152 -0.39512 0
1.50016 3.23396 -0.429177 0
0.20741 3.0574 0.50808 0
0.950802 2.26117 2.80872 0
0.11396 3.95964 -2.67811 0
0.364624 3.56395 3.08147 0
0.0186824 6.14565 3.00427 0
0.163989 2.54339 -0.236095 0
1.16247 3.0995 1.59288 0
0.0642332 3.68178 0.701762 0
0.300169 -0.609847 -0.139946 0
0.236217 -3.06002 0.827408 0
0.241662 -1.88635 -0.00339235 0
0.314655 -0.639952 1.65457 0
1.6123 2.3378 -1.57774 0
0.288297 1.08263 -1.80177 0
0.61083 2.4706 -1.93946 0
0.336263 1.76106 2.42494 0
0.424778 1.45249 -1.5859 0
0.450025 4.19355 1.95427 0
0.800404 3.97591 2.2274 0
0.724595 6.1013 0.423765 0
0.406087 6.29553 -0.695968 0
0.452809 1.67374 -1.68762 0
0.288789 0.612974 1.52303 0
0.146044 -1.66631 1.45718 0
0.612378 0.164058 2.37935 0
0.17168 -0.811966 -2.47451 0
0.213848 -1.86362 -0.962885 0
0.23639 -1.9691 0.957345 0
1.03107 6.81915 -2.55639 0
0.276724 6.81076 -2.61069 0
0.608999 5.37484 -2.00778 0
0.140911 5.30617 -0.479753 0
1.10767 -2.21995 2.53614 0
0.397269 0.778626 1.27177 0
0.278161 1.98649 -2.73973 0
0.573158 0.66589 -2.64356 0
0.212587 3.91497 0.993923 0
0.485758 -2.21683 1.75613 0
0.42714 4.52319 0.924152 0
0.178619 5.87378 -0.747166 0
1.15089 7.10097 -1.35255 0
0.207801 -2.69985 3.03698 0.0336129022620078
0.847889 -2.86932 2.24947 0.0224005879472797
1.16336 -4.63248 2.75437 0
0.526812 -4.41821 2.97079 0
0.0307852 4.95702 -0.80473 0
0.37969 2.27034 -0.399252 0
0.222777 3.21404 0.189063 0
0.450348 2.83216 -0.424435 0
0.0708211 -3.93816 2.09513 0.00752848517354601
0.238948 -4.07329 0.317407 3.82864008779481
0.537815 -3.00515 -2.17526 6.92332333473205
0.198208 0.60071 -1.14132 0
0.874226 0.920334 -0.197162 0
0.847607 1.78593 -2.88667 9.66977868014778e-09
0.147383 1.98569 -2.77076 4.65057024396186e-09
0.546705 1.02333 1.38248 0
0.571928 0.902559 0.831486 0
0.0946529 3.73863 -1.44245 0
0.484227 4.15906 2.30687 0
0.326514 4.89407 2.40652 0
0.325 4.57822 2.84309 9.03579208565725e-08
0.378834 4.73079 -2.9537 4.11696997975422e-08
0.0530322 5.24416 0.677343 0
0.162816 2.24772 -0.780869 0
1.34138 -3.01479 2.99302 0
0.999336 -3.10688 -3.10364 0
0.124397 -1.87571 -0.346245 3.68784880583428e-08
0.15772 -1.1018 0.463097 2.08822365792087e-08
0.207402 -0.573595 2.88227 52.0683840999997
0.200241 -1.4656 -1.26379 27.781489747379
0.823206 1.09412 -2.49277 1.91742796006022
0.0854896 2.4317 -2.31182 5.33997483086613
1.03684 0.292215 -0.0526591 6.28533926541583
0.350045 0.0423465 -0.0539729 19.4129319194328
1.29416 -0.201466 0.554237 1.43425070316675
0.174545 -0.752765 0.772891 8.32631480264526
0.478726 -0.505714 0.609886 120.7052000208
1.84411 -0.120004 0.542109 35.0234702633283
0.269499 -0.264307 -2.93656 7.23404302719115
0.221104 -0.146951 1.35238 9.02441055280712
