1.12225 7.06628 -0.838806 0
1.45803 0.153663 0.720564 0
0.916352 -0.158518 0.427849 0
0.307373 0.938194 1.07521 0
0.0546704 2.44581 -2.12377 0
0.154909 -0.756349 -2.7319 0
0.123764 -1.1039 2.07891 0
1.74061 -1.73258 -2.50066 0
0.375845 -2.10212 -1.96481 0
0.341433 -2.13181 -2.24731 0
4.947 -1.41127 -2.3616 0
1.9996 -1.91452 -2.41291 0
0.167954 -3.83547 -2.01755 0
0.122477 -3.4766 -0.279874 0
1.68577 -2.63993 -1.35994 0
0.377137 -3.47696 1.04219 0
1.57226 -3.61289 2.98995 0
1.20861 -3.18971 0.83372 0
1.36442 -3.4776 1.24846 0
0.0399314 -4.99997 -2.24701 0
0.535795 -5.37131 1.50993 0
0.202059 -6.19666 0.0695804 0
0.436239 -8.33033 -2.64769 0
0.500335 -7.02601 1.03462 0
0.890199 -8.76149 -2.89647 0
0.172309 -7.1391 -1.05214 0
0.2706 -4.1983 -2.01478 0
1.03395 -4.87607 1.63653 0
1.10896 -4.7769 1.59593 0
1.33035 -4.50514 0.386248 0
2.98663 -4.30254 0.325829 0
0.236838 -0.30429 -1.32391 0
0.484367 5.44073 -2.21448 0
0.194862 6.67696 1.63109 0
0.83414 -0.208024 0.518413 0
0.804351 -0.576915 0.830983 0
0.371144 0.646767 -1.6746 0
0.375209 -0.980514 0.215642 0
0.278231 -0.376543 2.62414 0
0.236811 -2.21018 0.853471 0
0.827453 -1.15418 2.5239 0
2.01109 -1.46129 -2.39487 0
0.321044 -3.55664 2.00222 0
0.60604 -2.82382 0.306777 0
0.482847 -4.11188 0.914179 0
0.953916 -6.81295 -1.74083 0
0.110508 -5.84543 -1.65935 0
0.837239 -4.23042 -2.82844 0
0.599395 -4.04411 -0.61343 0
0.888083 -4.31069 0.792089 0
0.207244 -4.86792 0.604314 0
0.491234 -3.66506 -1.01658 0
0.331984 -0.215788 1.3174 0
0.75643 0.913543 2.5902 0
0.277268 0.534229 1.46336 0
0.415641 3.31358 0.0354258 0
0.419386 2.36673 1.84992 0
0.223066 6.41854 2.79834 0
0.130824 6.44755 0.558124 0
0.310022 7.00177 -1.32133 0
0.742628 6.41846 -2.80906 0
0.117697 9.44292 -0.354912 0
0.472051 7.45945 -0.353703 0
0.87921 0.377457 0.2259 0
1.24741 0.343151 0.455236 0
2.1925 -1.59959 -2.34969 0
0.517668 -1.78239 -2.20137 0
1.16947 -3.25291 0.414542 0
1.2883 -3.29999 0.800294 0
0.239631 -5.54919 1.57218 0
0.234206 -4.41207 1.62586 0
0.392528 -4.51869 1.18801 0
0.796507 -3.82867 1.02557 0
0.267023 -4.13529 2.31271 0.0812060470333346
0.110816 -2.47904 -1.01879 7.6169896522434
0.14174 -4.10251 0.510037 1.18254293137693
1.53259 -2.56509 -1.15766 0
0.477576 -1.82779 -1.60879 0
