0.646856 7.28176 -3.05549 0
0.597893 7.59953 -0.426745 0
0.869273 -6.6053 1.44696 0
0.239664 -6.16857 -1.44647 0
0.236036 5.95789 -2.83381 0
1.30126 -5.24322 0.300936 0
0.302503 -1.17422 -0.745013 0
0.23072 0.881034 1.8586 0
0.585849 1.99171 1.95441 0
0.444037 2.661 -2.8407 0
1.08483 3.57673 -0.236384 0
0.209574 2.84034 2.08686 0
0.0865758 2.74438 1.93038 0
0.637792 -2.43489 -2.34179 0
0.059036 -2.32181 -2.41642 0
0.531913 -4.17297 -0.263968 0
0.386427 -7.64674 2.90879 0
0.313966 -5.41404 2.0708 0
0.757213 -0.697859 1.2335 0
0.686703 -0.668307 -1.73402 0
0.71621 1.11438 2.85241 0
0.242494 4.14494 1.53153 0
0.122206 4.55948 1.16142 0
0.269144 3.68668 -0.514968 0
0.37291 3.98662 2.32462 0
0.673064 3.18605 -0.0666432 0
0.459753 3.47959 -0.652184 0
0.255282 2.49865 -1.62217 0
0.354866 0.564103 0.61454 0
0.964913 -0.353558 1.86035 0
0.614236 -3.7927 0.26919 0
0.192756 6.10879 2.12648 0
0.122696 8.77308 3.11487 0
0.325124 5.3076 -0.533365 0
0.222896 3.91774 1.91242 0
0.115477 3.96259 0.3571 0
0.335643 1.63549 2.08666 0
0.532117 3.59508 -0.253449 0
1.06966 2.83243 -0.570063 0
2.4465 -1.80305 3.05686 0
2.16451 -2.01841 -2.99756 0
0.468835 -1.68911 -0.937005 0
0.283855 -4.02393 0.571764 0
0.305313 -3.96636 2.63189 0
0.352374 -4.31424 -0.156841 0
0.443623 -4.78727 2.72529 0
0.272292 -4.41424 3.04388 0
0.245972 -1.10921 0.685 0
0.0196752 -4.47151 -2.0347 0
0.552281 -0.683091 -0.143984 0
0.185493 1.10755 0.98177 0
2.14668 0.896782 1.85592 0
0.45208 1.35098 0.643172 0
0.490337 2.89498 -1.79562 0
0.445962 2.66184 -0.108925 0
0.791399 4.39233 0.140408 0
0.163029 0.945892 -1.3653 0
0.222294 0.0553868 2.92044 0
0.322863 -3.91534 2.81107 0
0.44105 -2.48732 -0.67901 0
0.51154 -2.39161 1.63091 0
0.371723 -4.95291 1.07972 0
0.320999 -8.87006 -2.36333 0
1.7241 -5.33291 0.475349 0
0.138251 -5.86346 0.210839 0
0.141345 5.15519 1.15264 0
0.272809 5.69744 -1.486 0
0.0921633 -3.0216 0.324113 20.3730583061545
0.154533 -3.25729 0.792283 15.0409269954943
0.886627 0.062235 1.6867 0
0.260365 -0.276844 1.61622 0
0.428579 -4.10233 -1.13399 6.95340066892591e-08
0.111752 -3.75966 -1.2638 5.13555088437014e-08
0.0396426 3.67955 3.09225 0
0.267444 2.67742 2.03165 0
0.17173 1.03782 -0.597713 15.1365477505529
0.328387 -0.208493 -1.59362 1.73942452628291e-08
0.136954 -0.878904 -2.25643 1.12400082443238e-08
0.217443 -1.23685 -0.909448 0
0.380737 -1.87891 -1.27828 0
0.240807 -5.01728 -2.50894 0
0.0257665 -5.15301 2.50302 0
0.220686 3.98383 -0.499122 5.08804918401914
0.194094 3.12441 -2.42646 13.6624650601433
0.438494 -4.38669 0.295308 0.738706040697879
0.479154 -3.75944 0.916519 1.26738538635715
0.0673858 4.04899 -1.76055 11.8785761208234
0.348318 2.24809 2.43306 13.780282469685
0.00287402 0.665082 2.14286 0.000114816353925388
0.00573702 -0.117042 1.5125 0.000140241032690328
