0.799296 -1.39454 -1.44803 6.8852518890729e-15
0.646237 8.18161 0.879852 0
2.76064 -1.15176 1.81302 0
3.63332 -0.81174 1.60306 0
0.544751 5.83598 -2.97634 0
0.239687 7.4979 -0.66791 0
0.340521 7.01396 1.72435 0
0.545754 -7.95829 -2.2921 0
0.250836 -3.79649 1.95623 0
1.16781 -5.11833 -3.07253 0
0.786558 -5.29183 2.71865 0
0.560066 -5.48327 -3.01719 0
1.06925 -4.93801 2.95136 0
0.0564877 -6.687 0.987994 0
1.1378 -3.1821 -1.48402 0
1.1734 -3.84282 3.12002 0
0.908912 -3.22815 -2.0807 0
0.624195 -1.46979 1.10691 0
0.237749 -1.00909 1.49322 0
0.887536 -1.35622 2.08503 0
0.471013 2.27956 0.662651 0
1.25316 2.84042 -0.840166 0
0.160053 -6.58035 -1.93347 0
1.17307 -1.12623 -1.60495 0
0.841805 5.95698 3.10615 0
0.181561 6.98925 0.775664 0
0.482039 4.44164 -2.6798 0
0.123311 2.73308 -0.864546 0
0.787493 0.846861 -1.46237 0
0.335471 0.839597 0.564413 0
0.450633 0.392243 -1.24447 0
1.08322 -1.44395 -2.92578 0
0.0695409 -2.58043 1.05863 0
1.28048 -3.56777 -0.537714 0
0.500884 -3.86482 -0.136343 0
1.33633 -4.3489 -0.8117 0
0.786025 -5.52985 -1.93475 0
1.37866 -6.5266 0.74077 0
0.71487 -4.8817 0.991211 0
0.360361 -3.10223 2.79792 0
0.408017 -2.34126 -2.20929 0
0.653209 -0.57835 0.8592 0
0.324867 3.23919 -0.371816 0
0.175175 2.64972 -0.199021 0
0.208196 7.77296 2.58412 0
0.516042 7.933 -0.986617 0
0.151506 4.32069 0.525587 0
0.217088 -8.41399 3.13335 0
2.07697 -5.50028 1.71898 0
0.594002 -5.16581 0.592271 0
0.496457 -4.95129 1.83337 0
0.746729 -4.2145 2.75704 0
0.357224 -2.67457 -1.64552 0
0.528059 -1.70141 1.97973 0
0.509268 -1.2447 -0.167614 0
0.374383 -1.28767 1.64547 0
0.163198 8.37674 -2.65529 0
0.564629 5.37319 0.874957 0
0.0857529 4.35992 -0.117446 0
0.542158 2.90495 -0.420831 0
0.57611 3.25749 -2.67211 0
0.0848733 -2.83017 0.506039 0
0.627608 -0.713871 -0.8098 0
3.02247 2.78117 -0.455033 0
2.21387 3.12887 -0.514888 0
0.248793 1.12048 -2.31265 0
0.396783 1.74082 0.476628 0
0.57918 -4.15652 -1.28306 0
0.363036 -1.68379 -2.37803 0
0.269784 -0.556668 1.31771 0
1.25654 0.730293 2.59214 0
0.819871 -0.0557668 2.40841 0
0.182139 1.67836 -0.919089 0
0.0449994 2.0112 1.90846 0
0.18689 -1.13679 2.30328 0
0.440911 -1.54087 2.81127 0
0.337532 -1.8253 -2.13412 0
1.12027 -4.51322 -1.08309 0
0.159892 -5.33652 1.911 0
0.391039 -2.94563 2.98064 0
0.606088 -3.1301 0.71298 0
0.0987858 -3.19765 -0.0109327 0
0.572401 0.63979 2.53648 0
0.398275 3.93634 1.28221 0
0.126042 9.30804 -2.99747 0
0.113022 3.01272 0.410871 4.12964732496462e-08
0.162257 3.7642 -0.437811 1.55461456161294e-08
0.0696365 5.78794 0.714425 1.88236202105224e-07
0.274316 4.57894 0.528611 3.12365519498506e-07
0.0752031 -1.38246 1.76085 5.64287110319455e-05
0.0380326 -1.3208 1.9333 6.74073020090669e-05
0.189878 8.94481 -0.81584 0
0.255374 8.11057 -2.28868 0
0.268908 0.566883 -0.125764 7.22086599056023
0.574319 -6.30739 -2.82731 0
0.353976 -6.79385 -2.54595 0
0.722397 3.96063 2.09036 0
0.161983 4.28433 2.62604 0
0.137549 2.92549 -0.479383 0
0.113155 2.74852 1.26568 0
0.30902 -1.70939 2.05482 0
0.104884 -2.30459 -0.374318 0
0.116401 -0.618948 2.07843 12.417369547043
0.218255 2.43376 0.786697 41.4343682657919
0.159988 2.85635 -1.01322 7.1713885414175
0.124507 1.79261 -0.0292208 26.0288569967956
