0.725631 -5.655 -2.50157 0
0.857867 7.71339 0.675233 0
0.12363 6.95036 -1.61931 0
0.751272 3.96026 -2.80415 0
1.09064 3.11186 -2.6616 0
0.856377 2.43947 2.69297 0
0.723178 0.597497 2.94123 0
0.527331 -0.662679 -0.367807 0
0.499378 2.83472 -1.56252 0
1.52326 3.65304 0.372628 0
0.53971 2.96787 -1.35822 0
0.770519 4.26744 -0.365786 0
0.073044 4.74383 3.07599 0
0.797802 3.43637 1.3194 0
0.830536 1.05882 -1.98246 0
0.243993 0.900677 -3.04629 0
2.43637 0.448029 -1.85872 0
0.108833 -9.99696 1.98212 0
0.482759 -7.5589 -0.487613 0
0.444463 -4.03006 -2.06875 0
0.576247 -3.08231 0.26377 0
0.870834 1.33682 -0.902567 0
0.588468 1.92247 -2.98545 0
0.406928 1.00499 -1.99666 0
0.41434 -0.380336 -0.868017 0
0.372074 -1.6241 -1.0225 0
1.53095 -0.183701 -0.488257 0
1.43081 -1.0178 -0.928595 0
1.97663 -1.06163 -0.645901 0
2.5011 -0.733252 -0.850702 0
0.469099 -0.438963 -0.9671 0
1.3641 4.74935 -2.64809 0
0.668628 4.58917 -1.70125 0
1.18178 3.71712 2.8044 0
2.33256 3.60891 2.23915 0
1.71233 3.23911 2.81008 0
1.4513 3.12532 2.18222 0
0.708946 3.33587 0.293437 0
1.26712 -1.03852 2.77635 2.04761384125887e-14
0.540796 -2.36526 3.03211 1.64086187588835e-14
0.32598 -1.12642 -1.93304 2.03050826720973e-14
0.22654 -2.40161 2.84229 1.77781627974741e-14
3.9634 -0.549645 -2.4208 2.59701610755433e-14
0.50335 -0.294316 -2.47807 3.38403619195215e-14
0.826165 -1.13481 -3.07572 9.75009572414138e-15
0.162544 -0.387118 1.98965 4.45208824989366e-14
3.03231 -1.15347 2.05466 3.17562684129537e-14
7.07698 -1.08252 1.29391 0
1.00698 1.27626 1.44904 0
0.47948 3.63474 3.12811 0
1.30565 3.12039 -3.13032 0
0.528236 -5.08992 -0.357612 0
1.16619 -5.74474 -1.87321 0
0.67189 -3.94562 -1.19719 0
0.806847 -2.32057 -2.08318 0
0.528767 -3.2443 2.13218 0
0.795428 -2.12348 1.85476 0
0.380464 -4.23374 -2.67217 0
1.04802 -1.40643 -2.0579 0
1.44361 -0.685525 -3.13965 0
0.609742 -2.11995 -3.04277 0
0.278571 -2.06794 2.61193 0
0.654499 -1.6044 -3.13533 0
0.337456 -1.28992 1.05994 0
0.682917 -1.5069 2.93997 0
1.2139 -0.781195 1.75051 0
1.04576 -1.09975 1.56957 0
3.92677 -0.0506048 1.45915 0
0.0809718 1.86492 1.31676 0
1.86767 0.594228 -1.07353 0
0.579938 0.14695 -2.57849 0
0.399824 0.148839 -1.75067 0
0.818416 1.07309 -1.57958 0
2.36085 0.474867 -0.686906 0
0.0776275 0.735856 -2.32022 0
2.55941 -3.32556 -0.483138 0
0.257806 -2.5121 -0.505613 0
0.514322 -0.480127 -2.74495 0
0.871106 0.0780258 1.83319 0
1.39715 0.157072 1.48934 0
2.32968 -0.944201 1.29388 0
3.04228 -1.05728 1.42575 0
0.363731 -4.82312 -1.25252 0
0.247173 -5.57406 -3.10761 0
0.197962 -7.58363 3.06563 0
0.126994 -6.99613 -0.142145 0
1.11416 -1.91598 0.952366 0
0.687487 -2.13197 1.9428 0
1.2489 -1.77981 1.24082 0
0.174067 1.01181 1.53139 0
0.629886 -1.41056 -1.24351 0
0.256353 1.84379 -0.495017 0
0.754419 2.09311 -0.720959 0
0.348862 3.30091 -2.62761 0
1.18996 3.44914 -0.292199 0
1.0559 3.91063 -0.957154 0
0.904376 3.81509 0.797181 0
0.834815 2.98742 1.13741 0
0.0628948 5.00535 -2.14932 0
0.267875 2.62684 -1.01126 0
0.450264 1.06361 -1.48537 0
0.271108 -7.61305 3.0436 0
0.419974 -5.71977 -1.77387 0
0.496489 -3.43567 -1.54633 0
0.306259 -3.04241 2.2278 0
1.77776 1.11566 -1.22606 0
0.486818 1.33181 -0.897155 0
1.51372 1.96786 -1.38956 0
0.192396 2.1548 -0.632353 0
0.212072 1.25671 2.14511 0
0.284156 0.409058 2.81187 0
1.03495 6.09707 3.01621 0
0.724868 4.16536 2.93816 0
1.35596 4.2841 -2.93809 0
1.64011 3.35911 2.58149 0
4.10935 -1.34787 2.79124 1.64364810592151e-14
2.68673 -0.591553 -2.30234 2.59718872145239e-14
1.1384 -0.232036 -2.18421 3.78580126188323e-14
3.59207 -0.517665 -2.22515 2.92254016625361e-14
1.13285 -0.692372 2.7228 2.88773492998315e-14
8.80765 -0.943826 1.37932 0
2.97197 -0.944059 1.24278 0
0.496727 -1.12128 0.198701 0
0.232707 -0.947917 0.456846 0
0.727117 -0.663967 -3.06798 0
0.674337 3.7357 -2.68682 0
0.95365 4.02899 -2.64897 0
0.758283 3.90792 2.69207 0
1.71721 3.7272 2.93407 0
0.383075 -4.62068 -0.0009987 0
2.41168 -2.97777 0.219841 0
0.275437 -2.94611 2.93751 0
1.53976 -2.81034 2.52169 0
0.39906 -2.18951 2.59321 0
0.192913 -3.42852 -0.881504 0
1.64208 -2.77357 3.02695 0
1.02551 -1.73447 -1.82606 0
0.59621 -1.60815 2.71125 0
0.639103 -0.778058 -2.73284 0
0.548831 -0.895565 -1.71461 0
1.08114 -1.79623 -2.80837 0
0.699367 -1.58539 1.9762 0
0.149309 -1.12304 1.24309 0
0.174287 -2.05931 1.35862 0
0.769171 0.821085 2.84152 0
1.01818 0.869966 0.227602 0
0.558148 0.708287 -0.30988 0
1.0549 1.5337 -0.683468 0
1.46329 1.71283 -0.457282 0
2.90813 -3.25607 -0.340794 0
7.79176 -3.29026 -0.329912 0
2.94634 -3.35177 -0.531325 0
6.41326 -3.34896 -0.317665 0
9.78505 -3.31497 -0.276277 0
0.567903 -3.53813 -0.215464 0
0.268038 -3.20474 1.1242 0
0.208036 -1.22432 2.91555 0
0.375871 0.267451 1.24069 0
0.647902 -0.988287 1.60292 0
2.31298 0.218095 1.80839 0
1.63819 0.214138 1.6895 0
2.70011 0.190134 1.53626 0
4.95679 0.0206511 1.68634 0
0.968163 -0.322441 2.00633 0
0.488185 -1.17417 1.31226 0
0.628117 6.22204 1.75274 0
0.188783 6.36535 0.580219 0
0.115901 2.71283 2.86512 0
0.178896 2.39853 0.996496 0
0.376326 0.275137 -0.619317 0
0.355915 -0.804146 -0.0864132 0
0.16364 -8.7707 0.26493 0
0.248523 -8.71795 1.28968 0
0.471338 0.398743 2.87285 0
0.853888 0.752339 2.9436 0
0.475391 3.09861 2.58998 0
0.109648 3.39607 2.44787 0
1.2581 3.27422 2.37638 9.20991863940168e-08
0.701867 3.37367 2.43893 6.85007700671859e-08
0.711433 -1.42375 2.7121 1.75279813450596e-14
0.788061 -1.30485 3.1292 9.43840052559679e-15
0.0738194 -2.82732 0.405763 2.77244672506618e-14
0.413816 -1.04868 -1.27945 3.31518090081527e-14
0.521767 -1.50519 -2.36276 1.09393115628991
0.208395 -0.732255 -2.24385 5.06242556151913
2.18671 -0.961797 2.10105 3.3974404524913e-14
2.89549 -0.957313 2.16259 3.31270667276249e-14
1.50559 -0.906045 1.96931 0.229531579448652
0.158055 -0.852551 2.17421 6.30259209779808
0.128502 -0.357884 1.05008 45.6125526759272
0.203522 2.8704 2.66884 0
0.160659 3.09835 2.80536 0
0.261141 6.21606 0.0863348 0
0.0852718 7.89998 -0.39928 0
0.466367 -3.1332 0.17884 2.01673056804014e-07
0.765164 -3.13425 -0.16137 1.38864500486522e-07
0.314303 -3.94245 -0.0584454 5.40761602694913
0.0768036 -3.81278 1.86485 25.2343439035972
0.326654 -0.436569 1.66838 0
0.617225 0.244437 1.40362 0
0.310422 -3.27376 -0.179619 0
0.607071 -3.51157 0.148454 0
0.0404354 1.61505 0.695028 0
0.326448 -0.674639 1.16015 0
0.944271 0.21674 1.66361 0
3.45398 0.0787823 1.57422 0
0.136241 -1.24728 -1.82833 120.971106624495
0.789862 -0.208701 -1.42258 38.4838244289245
1.1653 -0.260204 -1.66605 0.366980322043599
2.79147 -0.474777 -1.67941 0.142622977321817
0.450028 1.92358 1.27767 14.6560736567067
0.840155 2.06213 0.635256 6.84235571214404
0.631118 1.50649 -1.27916 2.28789943688421
0.0390916 2.47356 3.10783 14.651217925429
0.550738 -2.22906 -3.06583 9.28953246477188
1.26374 -2.34278 2.76155 3.61750388183627
1.96457 -0.564527 -2.25124 2.74701624010754e-14
1.04586 -0.340682 -1.81407 3.92063933357338e-14
0.182774 2.20688 3.10521 4.45305803752924e-08
0.25407 2.12492 2.83457 4.25754328114341e-08
0.149974 -0.702146 -1.2632 0
0.690101 -0.32417 1.74384 0
0.00920243 1.26769 -0.132044 49.3419472777744
0.0159801 1.2505 -0.273536 46.4139229376375
6.22676 -1.02759 2.10966 3.15255075830087
2.1132 -1.12268 2.1568 8.66804452674995
15.6654 -0.431482 -1.59655 0.0976723221195055
10.7515 -0.338423 -1.62519 0.534161160018004
4.98302 1.4893 1.42618 2.7338060956
3.25795 1.50315 1.5402 2.59701028991748
8.13339 1.73406 1.46562 0.22123019623762
