0.124608 -11.6157 1.1949 0
1.08185 0.0299972 1.62505 0
0.125898 1.00291 -2.36516 0
0.625829 3.35891 -1.76857 0
1.14286 3.37481 -1.82976 0
0.285108 4.3052 -1.04146 0
0.203242 6.59422 -2.87886 0
0.178278 9.31548 -1.66634 0
0.253807 9.90217 -0.336468 0
0.33995 5.13636 2.08481 0
0.282977 5.91263 0.931671 0
0.352153 5.44391 1.74326 0
1.34713 4.39438 1.7242 0
1.58666 4.16453 2.10447 0
1.04676 2.50554 -3.04471 0
0.599543 1.72869 -2.18869 0
0.604167 -3.11742 0.84677 0
0.481827 -2.13558 0.84601 0
0.763126 -0.919385 0.40771 0
0.107465 -1.90899 -3.12398 0
0.955536 1.22232 -1.4821 0
0.145644 2.04494 0.177428 0
0.320057 3.10372 -1.65421 0
0.916266 3.11819 -1.27839 0
0.630893 5.55542 0.759281 0
0.257208 7.25927 -1.10297 0
0.373136 7.73076 1.53975 0
1.25166 4.89128 1.98989 0
0.190508 5.13687 2.63458 0
0.986843 4.86032 2.56782 0
0.905521 4.32396 2.85043 0
1.01612 2.6912 -0.708746 0
0.366869 1.41219 -2.44 0
0.265428 -1.28781 2.93406 0
0.0305068 -1.46411 1.40109 0
1.24273 -3.79486 0.649093 0
0.230485 -4.24772 -0.496365 0
0.145632 -2.14542 -2.61596 1.42459252970739e-08
0.146112 0.0714309 -1.94087 6.92069715206994e-08
0.403385 3.22148 -0.962508 0
0.351558 3.71643 -1.57921 0
0.231498 2.71686 -1.75514 0
0.463621 3.32525 -1.24023 0
0.13801 5.90515 1.22111 0
0.129436 6.14905 -3.10028 0
0.354613 -3.23559 -0.55778 4.65088908714515
0.0449027 -2.2134 -3.11347 6.41843982907481
0.391063 -2.17692 0.91467 0.769187711561685
