0.279522 -2.07401 1.60021 0
0.598127 -2.96391 1.84526 0
1.21256 -6.30474 0.114254 0
0.636689 -6.57286 0.395548 0
0.172955 -7.85073 1.27 0
0.57564 -2.92229 -0.971249 0
0.226927 6.9734 -2.39903 0
1.01676 -2.94066 2.40698 0
0.755696 -4.04894 2.78458 0
0.0580751 -7.49438 0.338084 0
0.716686 -4.90822 2.58912 0
0.653725 -4.96971 -2.49734 0
0.295269 -1.35355 2.48028 0
0.328092 3.00039 1.89839 0
0.42263 1.70962 -1.86738 0
0.269571 1.10784 1.54884 0
0.704002 6.36562 -1.47918 0
0.26575 -2.86158 -0.554671 0
0.479046 -2.19777 -2.02775 0
0.271082 -6.4978 -2.03531 0
0.379051 -2.25545 -0.386649 0
0.250422 7.67043 1.40129 0
0.0773954 2.55076 -0.40317 0
0.300067 0.0034589 -1.61418 0
0.447869 -1.57361 1.33522 0
0.126087 -0.331544 2.73757 0
0.416494 -2.05877 2.58502 0
0.279105 -3.06943 0.788908 0
0.229132 -7.64946 -1.94251 0
0.824663 -6.40816 -1.95426 0
0.733659 -7.41126 -1.614 0
0.478479 -0.0350146 -1.8983 0
0.351112 0.222059 1.99142 0
0.608412 5.76593 2.87113 0
0.178948 6.55423 1.0725 0
0.38925 5.42955 -1.77229 0
0.333431 6.03163 -3.11416 0
0.69119 6.30331 1.29045 0
0.750647 8.68205 -2.2104 0
0.0685091 -0.708321 -2.83148 3.76760441150062e-07
0.158653 -0.717543 -2.82524 3.76019920328268e-07
0.14832 8.29739 -2.79278 0
0.643727 7.47555 2.71051 0
0.106258 -4.17484 2.27576 4.87216026684611e-09
0.56441 -3.5053 2.55059 1.4493812383524e-09
0.169135 -6.22189 -2.49992 0
0.101115 -6.55628 0.827832 0
0.727518 0.854347 0.0535916 1.76840501461166
0.0464204 1.69672 1.45782 13.7174959091479
0.00306177 -3.00095 1.48297 2.60760418663356e-05
0.142422 -3.24401 1.91806 1.1022802151767e-05
0.136369 2.07047 0.463873 5.59567741208145e-09
0.0594476 1.31969 0.693193 1.73202164345243e-08
