1.43756 -3.21728 -1.57131 0
0.47743 -4.91497 -1.07259 0
0.482387 3.51213 0.716264 0
0.597987 3.04983 1.76515 0
0.289014 3.52284 0.782109 0
5.93616 1.46932 2.92941 0
0.226873 1.53806 -1.23262 0
0.968089 1.16037 -1.22687 0
1.21144 1.07231 -1.9907 0
1.16195 -0.089614 -0.00480549 0
1.96837 0.283611 -0.718835 0
1.18614 -4.07144 2.49813 0
0.638243 -3.97092 2.03916 0
1.69137 -3.08136 -3.04296 0
0.447988 -3.57738 -2.26301 0
1.06144 -0.879331 0.51621 0
1.73147 -1.43097 -0.752182 0
0.216128 -0.954649 2.42835 0
3.33731 -1.49973 -2.01383 0
1.05924 3.87539 1.84868 0
1.3979 2.66049 2.64874 0
0.319065 1.80774 2.61758 0
0.371327 2.38562 1.35514 0
0.602039 1.93367 -1.82351 0
2.10588 2.09223 -1.51057 0
0.151695 3.18497 -0.907761 0
0.160173 -1.40398 0.781644 0
0.639534 -1.07105 -0.874261 0
0.209547 1.53629 1.50582 0
0.394133 1.25685 -0.354917 0
0.10777 2.53474 -2.23194 0
1.11263 2.23385 0.254665 0
0.785904 1.10305 0.101755 0
0.310134 1.95875 2.51272 0
0.358091 -0.227307 2.18991 0
0.61261 1.70938 -0.29665 0
0.528856 -1.88308 -2.53027 0
0.378112 -2.73258 -2.98536 0
0.200504 -4.60351 0.27128 0
0.468796 -3.24078 -0.219532 0
0.798844 -1.54472 2.06242 0
0.670286 -1.27919 -1.80806 0
0.269515 -2.16153 -0.0205496 0
0.247044 1.2786 1.16409 0
3.00135 1.38429 2.96543 0
0.34699 1.83387 2.38415 0
0.464513 0.731639 2.75418 0
0.447292 1.88835 0.782166 0
7.39577 0.549985 0.144309 0
0.463789 -0.929993 -0.983328 0
0.483282 -1.21104 2.28072 0
0.198154 -2.56737 2.1886 0
0.46411 -4.05553 2.77991 0
0.241031 -5.86734 -2.57917 0
0.0831258 6.13544 1.2163 0
0.201219 -0.72087 2.4688 0
0.796311 -2.14915 -1.09555 0
1.81079 -1.85507 2.32823 0
0.261014 -1.06523 0.0309883 0
1.00739 -1.32059 1.76324 0
1.41309 -0.825592 1.87443 0
0.70573 -0.802842 2.54226 0
0.491063 -1.14604 1.87982 0
0.628571 -1.07775 2.41675 0
0.33783 3.57616 0.964962 0
1.11375 4.02415 -1.78523 0
0.182128 -2.907 1.73288 0
0.749312 -1.27632 1.4732 0
0.469413 -3.15666 3.00376 0
0.212227 -1.32073 -0.201907 0
0.200103 -3.31779 2.20201 0
0.317008 -0.621829 -1.57331 0
0.0932427 0.777718 -1.25193 0
1.53904 -2.76473 -0.668139 0
1.737 -2.63837 -0.646001 0
0.452923 -4.19851 -0.224244 0
0.165442 -3.73233 0.586026 0
1.70602 -3.61513 -1.25901 0
1.00233 -5.63497 -2.86522 0
0.633379 -6.83619 0.6141 0
0.697659 -5.15521 0.18186 0
0.753949 -4.66103 -0.958189 0
0.524962 -5.47889 -0.0857667 0
0.112147 -6.07402 -1.795 0
0.288327 -6.41596 -0.419159 0
0.339536 -4.07694 -2.08712 0
0.119197 1.72267 -0.494543 0
0.470683 -2.72445 -0.0296816 0
1.4223 -5.15694 -2.04031 0
0.351584 -2.65744 -0.43482 0
0.200341 -2.7164 -0.711391 0
1.26166 0.754289 0.909206 0
1.01931 2.46521 0.926146 0
0.215337 3.01907 -0.739261 0
0.38475 2.0307 -0.436987 0
1.90865 4.31891 -0.0100655 0
0.408826 6.14861 -1.39866 0
0.424384 6.62533 -0.532399 0
0.553379 5.98187 -2.77738 0
0.432632 4.87098 -0.236741 0
0.67103 5.62965 -1.98213 0
0.371295 0.746055 -3.11465 0
1.04417 -5.16222 -1.67744 0
0.79097 -4.54726 -0.36183 0
1.60216 5.28559 1.35821 0
0.220158 4.4992 0.757829 0
0.0677774 3.24189 1.0844 0
3.51087 1.44542 2.75239 0
0.948536 0.761699 2.477 0
0.363618 0.143563 -2.80972 0
0.669171 1.52711 -0.601239 0
2.26804 1.93381 -1.19961 0
0.102526 1.0557 -3.07319 0
1.38062 0.836934 -0.963041 0
0.573016 1.62447 -0.378648 0
0.192243 0.188538 -0.321773 0
0.567818 1.25166 1.42499 0
0.810351 -5.19679 1.2497 0
0.243479 -6.2382 -2.09213 0
0.144659 -2.34947 2.88521 0
0.0577752 1.18662 0.30611 0
0.617771 -0.0581871 1.88533 0
0.518107 -1.00109 -2.16251 0
0.700245 -1.12763 -0.398901 0
0.614326 -1.51097 -1.52243 0
1.07553 -1.86744 -2.92178 0
1.89108 4.79564 1.51451 0
1.68286 4.36063 1.36959 0
0.0398009 4.38182 3.02974 0
0.477443 4.69649 2.6454 0
0.473693 3.32293 1.83428 0
0.297257 4.46614 0.336391 0
1.34365 3.76358 2.57192 0
0.964499 3.31725 2.33425 0
0.767863 1.52758 1.20167 0
0.452838 6.9073 -1.89861 0
0.224428 5.96018 1.72117 0
0.0722686 5.20777 0.899642 0
0.292155 4.25482 -0.0511169 0
0.407551 4.19952 1.98594 0
0.526628 4.54582 -1.64535 0
0.191683 5.7163 1.93383 0
0.133907 5.11671 2.48061 0
0.0901446 2.53143 -1.39055 0
0.557527 3.14878 -0.26007 0
0.644767 2.13662 2.46499 0
0.0995363 -2.66736 1.99386 0
0.600696 -2.54978 -0.776017 0
0.289883 -0.614259 -0.477388 0
0.831193 1.35807 -1.25999 0
0.19898 1.44917 -0.448966 0
2.9406 1.76488 -0.286219 0
0.25888 2.39405 0.269659 0
0.440436 2.59616 -0.772061 0
0.259403 3.01458 -2.96167 0
0.814855 1.48263 0.212066 0
2.04298 -0.00767246 -1.99094 0
0.962817 -0.192527 -2.70929 0
0.354041 -1.04897 -0.754517 0
1.62132 -2.42615 2.05708 0
0.106697 -2.97974 0.637726 0
0.599251 -6.98645 2.28175 0
0.168782 -7.39429 -0.943786 0
0.511554 -0.477927 1.21702 0
1.3755 1.28556 0.73611 0
1.03495 1.53265 2.77182 0
1.5926 1.1372 2.70217 0
2.0875 0.496268 -0.231488 0
0.576121 0.502605 0.312704 0
0.262135 -1.85929 -3.07467 0
0.117539 -4.82745 0.835321 0
2.22458 4.24742 -2.22375 0
3.19867 3.94433 -2.32163 0
1.17462 4.88938 -2.21534 0
0.617792 6.02361 -1.413 0
0.197368 5.17565 -2.61486 0
0.481685 5.01418 -0.543621 0
0.381619 2.32461 -0.0536816 0
0.355126 3.55112 -2.59214 0
0.183429 4.69912 1.14283 0
0.545101 1.9059 -0.518766 0
0.199995 1.2809 -1.16102 0
0.181979 -1.1846 -0.611691 0
0.606258 -0.157046 -1.85441 0
0.393523 -0.603222 1.26319 0
0.261906 1.35851 -2.82673 0
1.15019 -0.189676 1.00959 0
1.05799 0.751281 1.47914 0
0.571545 0.196717 0.920956 0
1.34129 1.47053 0.563345 0
0.839813 1.84435 1.85675 0
0.313351 3.73327 -0.243853 0
0.958681 3.47839 -2.8119 0
0.33361 3.45753 0.791377 0
0.94449 -2.76358 1.87863 0
0.738595 -2.82213 1.40478 0
0.709705 -2.3941 1.59675 0
0.530675 -0.754779 -2.75738 0
0.268852 -2.69341 0.632869 0
0.348899 -3.14371 0.179712 0
0.217794 -3.68698 -0.184011 0
1.49505 -3.47189 -0.59277 0
0.925355 -4.6807 -0.959262 0
0.320208 -5.32756 -3.02709 0
0.72103 -5.41715 -1.66728 0
0.562956 -7.03432 -1.3973 0
0.229765 -6.74703 2.46115 0
0.894406 -7.22245 0.924743 0
0.67225 -5.97203 -0.352088 0
0.427413 -4.61533 2.52234 0
0.467602 -4.02391 -0.0825619 0
0.586852 -4.81786 -2.18373 0
0.568331 -5.44766 1.85762 0
0.896484 -3.71057 0.11727 0
0.158959 -2.76474 0.418003 0
0.267689 -3.2497 -2.26265 0
0.38604 -3.3328 -0.0895787 0
0.12381 -2.67072 -1.72273 0
0.450329 -5.00358 -3.08278 0
0.567326 -5.69565 1.19632 0
0.597876 -1.28917 -2.73674 0
0.413803 0.0678833 -0.150944 0
0.383552 0.508514 1.43402 0
0.232958 2.63601 0.260521 0
1.39238 5.42116 -0.496308 0
1.29166 5.5877 0.194688 0
0.201258 5.55617 -2.88028 0
0.33639 7.32584 2.17461 0
0.366713 6.95161 0.460535 0
0.267908 5.37701 -0.658452 0
0.309438 7.50892 -0.87544 0
0.0679511 7.37729 1.11011 0
0.692209 5.5271 -1.63368 0
0.327158 5.13161 -2.77912 0
0.196579 1.73557 1.86896 0
0.134078 1.79832 -0.707372 0
0.540341 0.221802 0.797409 0
0.0214835 5.09596 2.02855 1.94236382096613e-05
0.139201 5.09635 1.53226 6.83840682028051e-05
0.109218 5.14909 -2.87237 0
0.135343 3.61613 0.156677 0
0.0139926 5.96833 0.310209 0
0.153299 2.44892 -3.04418 0
0.121838 -0.389295 0.127529 0
0.262693 0.545372 -1.91922 0
0.538939 -3.49805 1.71002 0.0123587428271918
0.226981 -3.14723 1.88649 0.0108501936099895
0.264083 0.46739 2.40671 22.9741894133143
0.677295 -2.07146 -2.49525 0
0.43142 -2.23633 -2.32173 0
1.26432 1.94193 -2.91145 0
0.249037 1.82835 2.61549 0
0.633981 2.57355 -1.59526 0.44747393256459
0.77074 2.43117 -1.72281 0.752172913178801
0.140797 2.99704 1.98225 0
0.310646 1.12557 1.68598 0
0.255834 2.68897 -1.46552 2.76538080456054e-09
0.0321386 3.93855 2.18208 5.13342056912356e-09
0.929802 0.1958 0.93709 7.16763527737629
0.183748 0.240331 0.256506 36.0001025789134
0.663193 0.145684 -1.85551 0
0.295483 -0.760296 -2.50393 0
0.170993 0.0687508 1.23883 13.9899912467148
0.114987 -4.70557 0.392259 4.07064413732351e-08
0.0875143 -4.09276 -1.00812 1.49886149337544e-07
0.394301 0.530855 1.41853 0
0.767124 0.623515 0.508759 0
0.23456 -3.58081 -1.6075 0
0.225029 -3.31999 0.963605 0
0.230624 4.18614 1.14918 0
0.0572588 6.36013 0.784065 0
2.2231 -0.41474 -0.698232 0
0.197002 -1.06731 -0.68349 0
0.884538 -0.298295 2.64866 0
1.64724 -0.494931 2.75467 0
0.495543 1.34876 0.540674 0
0.678386 1.12118 -0.22872 0
1.09806 -0.755576 -2.00128 0
0.373852 -0.801608 -1.72535 0
0.383784 -0.609986 -1.71314 0
0.543253 -0.995411 -2.23221 0
0.149343 -4.20428 1.47271 0
0.355887 -4.7213 -0.626307 0
0.428575 2.45132 -0.109924 1.57683124491411e-09
0.0402033 3.12626 0.674803 1.83990428607157e-08
0.0932955 3.87234 -0.841895 1.49861176960935e-05
0.853969 3.88628 -0.851688 1.03135452702149e-05
0.302736 3.82115 1.3673 0
0.209617 2.92716 2.34591 0
0.198217 -2.84251 2.39948 23.5290551127501
0.454893 -3.27085 -2.66623 6.68841375658262
0.354011 0.0411752 1.76299 22.6484406847631
0.736886 0.730231 2.05478 8.5440731019535
0.759692 0.0296388 0.717119 6.75955246507659
0.217621 0.776587 1.30239 17.93613576421
0.525889 2.94454 0.0853615 9.11188688858249
0.233709 2.89571 1.27398 21.5204152212432
0.195923 0.93284 1.59502 0.541995010590682
0.220648 2.07738 3.10545 0.174028253001928
0.138781 0.746383 1.84307 47.9627877035194
0.775129 1.02914 2.72961 7.00850332084324
0.23667 -2.97561 -0.458248 34.7507603381734
0.462666 -2.87333 -1.76619 19.737970443037
0.15763 2.40316 2.89699 18.9025899713445
0.316204 0.804894 2.66506 39.1389691350829
0.406995 1.58084 0.260235 63.1147066149569
0.992359 1.77149 0.837091 21.6728666251395
0.932261 -2.77941 -2.7272 0
0.193789 -3.53732 1.51076 0
0.762569 -2.72286 -3.12659 0.0300417856620143
0.438823 -0.717094 -1.40867 0
0.421068 -2.0993 -1.3637 0
0.142301 -3.15005 -1.89535 0
1.14812 -2.72904 0.0985207 0
1.19088 0.843914 1.5588 7.36360960999374
0.336787 0.607906 1.84804 36.0211808634923
1.00662 -2.24918 -1.8749 0.218626526451613
2.46354 -2.421 -2.9105 0.0754976380211162
0.54988 -0.721281 -1.96158 5.44299905514773e-08
0.291775 -0.976833 -2.24659 1.09254667166318e-07
