0.852152 -8.2531 1.82035 0
0.344436 -9.84384 2.57462 0
1.31512 -3.72209 -1.38975 3.38164603835647e-13
0.498078 -4.17969 3.0004 0
0.201423 -0.728056 -2.76739 0
0.77447 -1.8047 2.36839 0
1.03408 -1.21958 2.96765 0
0.315083 -0.179846 -1.01205 0
0.505285 -0.852526 2.67366 0
0.535354 -2.6041 -3.0999 0
1.09619 -2.57747 -2.94378 0
0.393876 2.87102 -1.3315 0
0.504761 1.82457 1.19514 0
0.17507 1.42266 2.32609 0
0.354249 3.59254 0.4041 0
0.135187 2.16147 -1.7475 0
0.371024 -5.08 -1.05967 0
0.559911 -2.42016 -2.56209 0
0.464928 -2.00324 1.47789 0
0.780473 -0.641009 -0.0115411 0
0.540422 -1.06993 2.01876 0
0.646673 0.730327 -2.37371 0
0.145991 4.0059 2.98631 0
0.861655 3.61424 -1.44579 0
1.13814 4.62912 1.02944 0
1.10055 4.79301 2.96615 0
0.807543 2.73929 -2.48826 0
0.313824 3.19764 -1.16064 0
0.365223 8.15142 0.368169 0
0.288919 7.57166 2.47285 0
0.857801 5.08534 0.728378 0
0.236458 4.82555 -1.49925 0
0.192248 -0.393859 0.291579 0
0.56 0.685862 2.51493 0
1.44244 -0.956027 -0.193209 0
1.98292 -0.882981 -0.512579 0
0.344064 -6.1387 -1.63225 0
0.193758 -2.70342 -0.429588 0
0.24579 5.14347 -2.84306 0
0.652215 9.02496 1.94927 0
0.267584 -5.57165 -0.905987 7.28506212691104e-14
0.537621 -4.83275 2.21628 8.23102703764676e-14
0.767759 -5.65139 2.59011 2.52813852393005e-14
0.486009 3.14154 -1.02675 0
0.198429 -0.803835 1.56943 0
0.383262 1.79742 0.468826 0
0.076964 -0.663356 -0.713541 0
0.411796 2.05208 -0.875395 0
0.650459 0.979639 -1.81961 0
0.403005 3.53627 3.01434 0
1.08936 2.98705 1.9153 0
0.222619 3.82207 2.02207 0
1.8072 3.43498 -3.10558 0
0.811683 3.95304 -1.00503 0
0.351397 5.57707 -0.49439 0
0.442594 4.441 1.06182 0
0.292595 5.24645 2.64036 0
0.521316 4.32705 -1.82059 0
0.19647 4.31391 1.9382 0
0.732046 1.29569 -1.61347 0
0.551172 0.715067 0.888695 0
0.0754232 -1.78315 -0.266681 0
0.333565 0.580251 -1.14254 0
0.134741 5.36556 -2.82036 0
0.115596 5.27383 -2.16284 0
0.425802 5.32728 0.61 0
0.267138 4.90455 -1.58594 0
0.286509 7.88723 1.89193 0
0.0947612 -6.30218 -2.38263 1.65852532152991e-07
0.211881 -5.04988 -1.09335 2.20342314176962e-07
0.293253 -4.79557 2.67388 0.0270902826927611
0.141217 4.59612 0.0727857 0
0.318501 3.64953 0.697432 0
0.266623 0.798059 2.07601 1.95111220762832e-08
0.0440059 2.39219 1.47086 1.1413134320989e-08
0.537407 4.64425 0.639279 0
0.207047 3.94795 0.726633 0
0.349436 3.92296 -2.7408 9.46020891517508
0.229208 -2.58607 0.556108 16.4000175955257
0.376692 0.545595 1.24861 0
0.248914 1.54451 0.849467 0
0.163612 6.70757 -1.18022 0
0.23841 5.78905 2.56088 0
0.135656 7.83147 -2.33215 0
0.203092 7.25548 0.240256 0
0.253177 3.48873 0.378935 7.44621605112536e-08
0.141845 3.72331 1.59373 1.30560280927545e-07
0.623439 -1.00238 -0.460756 1.15128391595752e-07
0.931501 -1.1005 -0.768327 1.34755462775119e-07
