0.728353 -2.5542 -0.992209 9.29118893436054e-15
1.37552 -2.35542 -0.903367 1.06165146151227e-14
2.44747 -1.4711 3.08575 5.81955088550062e-16
2.22942 -1.80094 2.6764 5.62689360873652e-16
0.265617 3.47939 0.633791 0
0.564795 2.16752 0.935783 0
1.47362 1.61921 2.33928 0
1.5567 6.33433 -2.20373 0
0.276282 5.81826 -0.393621 0
0.0908686 6.1067 -3.0148 0
0.0804866 3.90543 -0.834584 0
0.370915 3.73383 0.94497 0
2.52743 2.83431 -0.279137 0
0.252869 -3.43518 0.320022 9.42735559723352e-16
0.15834 -2.71651 3.05829 1.17400065521053e-14
1.19294 -2.9538 -1.31537 8.05824027181306e-15
1.49607 -2.79739 1.49622 6.29754816320886e-15
0.888182 -3.51935 -0.536146 3.78810714538785e-15
0.761635 -3.66714 -0.793351 4.46375465414423e-15
10.1565 -0.774012 3.03442 1.63128865643967e-13
0.518737 -1.46269 2.51063 7.25785835882558e-14
1.03623 -0.564456 1.26768 1.60306648956656e-13
0.780857 -1.88098 0.760909 5.41736821387036e-14
6.44217 -1.37791 1.06832 7.04242071184142e-14
1.76257 -1.42496 0.989515 6.9960513120329e-14
6.71368 -1.7215 1.04223 4.69894608433779e-14
17.1419 -1.69862 1.11119 4.47897747766888e-14
0.529796 -5.48586 1.1142 0
0.748966 -5.71094 -1.99194 0
0.475459 -2.8571 -0.844688 0
0.888736 -2.03094 3.02644 0
0.153015 1.52272 1.96732 0
0.410817 1.47215 -0.388218 0
0.172127 -0.159763 1.13406 0
0.547014 0.394492 -0.569762 0
0.393733 0.515137 0.563034 0
0.398738 -0.224586 -2.92175 0
0.405636 -0.774558 -0.441533 0
0.225195 -0.374626 -2.00384 0
0.372316 -4.79884 1.19546 0
0.479484 -5.30094 2.77924 0
0.36635 -6.81214 -1.07821 0
0.746792 -7.2702 -1.78663 0
1.37829 0.592606 -1.44222 0
2.20909 0.598404 -0.811811 0
0.919956 0.326199 -0.792566 0
0.190321 1.82916 -2.51085 0
0.581323 0.898985 1.48445 0
0.427989 5.32028 2.83036 0
0.277299 6.60241 1.6272 0
0.485723 9.2726 -0.279274 0
0.572115 -0.360642 1.1728 0
1.23172 -0.66869 1.07711 0
0.222779 0.226018 1.63361 0
0.417275 -0.384831 2.83344 0
1.11144 -0.88415 0.93349 0
3.62527 -0.164907 -0.622462 0
3.32659 -0.00961655 -0.661722 0
0.706734 0.0960882 -0.932085 0
0.397013 0.240597 -1.0543 0
3.6846 0.321636 -0.670182 0
1.4891 -1.7537 2.34582 8.02350727230932e-16
0.506474 -2.37351 3.03848 1.15293132005289e-15
0.520109 1.48695 2.23654 0
0.241571 5.88994 2.4287 0
0.609949 5.5188 -1.4611 0
0.28561 3.65726 2.58504 0
0.593012 3.87992 -0.959768 0
0.587149 3.72147 1.72972 0
0.316396 3.82833 -0.907025 0
0.519776 3.25642 1.03464 0
1.61675 2.45258 -0.483977 0
0.261128 2.49001 -1.4955 0
0.381284 -3.47863 -1.84425 7.32937799045073e-15
1.3692 -4.06898 -0.244274 3.2426883812154e-15
0.433834 -4.69312 -1.69932 5.18549769454212e-15
0.48549 -3.42443 -1.52185 6.84598927191731e-15
0.873787 -0.281416 1.45267 1.9167874832974e-13
3.10479 -6.12869 -1.57865 0
0.458877 -5.15824 0.298286 0
0.282791 -3.48605 -0.594282 0
0.671616 -1.49609 2.77518 0
1.17871 -0.780898 2.82463 0
0.882054 -1.16539 2.88922 0
0.880945 -0.82606 1.99299 0
0.220905 -1.68507 -3.10465 0
0.179191 1.83253 -2.02902 0
0.196586 2.10185 -0.250195 0
0.38601 -3.35802 2.6053 0
0.242606 -4.63315 -0.656343 0
0.209747 -7.04564 2.04098 0
0.160698 -4.35399 1.70827 0
0.759169 -0.0778706 -1.52226 0
0.148208 -1.06166 0.745304 0
0.438725 0.76348 -0.730866 0
1.75915 1.49652 0.754598 0
0.3883 1.17443 2.20092 0
0.828931 2.41792 0.796303 0
0.504694 3.15932 2.44897 0
0.545585 3.39705 1.7315 0
0.463097 4.21512 -1.84177 0
0.332493 3.88423 0.582688 0
0.626905 4.94734 -2.48493 0
0.428744 4.98204 1.45353 0
0.300086 6.53927 -2.2095 0
0.328133 8.19365 1.27059 0
0.22696 -8.96335 1.38388 0
0.760651 -5.02785 -1.07407 0
0.196841 -5.28226 1.56971 0
0.77012 -3.78035 1.68755 0
0.183978 -3.47922 2.30807 0
0.536412 -0.0107423 0.792562 0
0.441073 -1.35003 1.80453 0
1.09982 -0.494386 1.59152 0
2.26723 -0.0815568 -0.458331 0
0.872516 -0.390799 -0.65327 0
4.60608 -0.109141 -0.547183 0
0.792896 -0.733838 1.42275 0.00677600641098471
0.214737 2.18175 1.68867 0
0.179069 1.87327 1.97078 0
0.0610241 3.57128 2.71283 0
0.387112 2.42511 -0.175495 0
0.186218 -2.84793 2.95208 1.28981957986375e-07
0.0816033 -2.76268 2.0109 5.17359961529212e-07
5.68307 -0.797441 3.09059 1.62658196808893e-13
1.28971 -0.938642 3.07884 1.47421181175573e-13
0.249642 -1.55028 1.22798 4.93079790555132e-14
1.46501 -0.90339 1.63708 1.10575031028894e-13
2.149 -1.63196 1.07388 5.06789770022689e-14
2.10473 -1.69567 1.02856 4.91100330133181e-14
0.70967 -1.77539 1.25181 7.29451508540797e-08
1.05015 -1.54846 1.22414 1.38699238440199e-07
0.167358 -4.74275 -0.0927366 0
0.150803 -3.69224 -1.99273 0
0.116117 2.44828 -2.67418 0
0.530224 1.40167 -2.91352 0
0.006298 1.34256 2.95887 0.000124010023979772
0.0562173 1.33018 2.95187 0.000129209099801735
0.123892 -1.50503 0.970994 0
0.351862 -0.047127 -0.446891 0
0.154168 7.76084 -0.165819 0
0.386131 6.94653 1.86257 0
0.242194 1.06422 -0.884385 0
0.535302 -0.061461 -0.844441 0
0.391834 3.50225 -0.314491 6.74948144200138
0.769929 3.28773 0.409989 4.26238652555634
0.718897 -0.894261 -2.79974 59.4827117518622
0.854829 -1.38306 -2.94827 33.7293457990641
2.40099 0.436471 -1.02533 0.232986130354389
0.295556 0.234481 -0.873527 2.01580935788978
5.94759 -1.89272 2.38169 0.0837892397112069
0.0375881 -4.41654 0.465849 9.32721992295135e-08
0.0497471 -4.92584 0.143996 8.08956775699916e-08
0.457877 -0.914061 1.23277 8.09818668713151e-06
0.134684 -0.903324 1.24774 7.67897648428983e-06
1.32427 -1.94195 -0.756786 0.0873541674338244
3.45971 -1.72236 2.40463 0.2013789298999
4.4003 -1.99354 -0.517991 0.344216932614213
3.18572 -1.93995 -0.829487 0.216473322176237
1.10677 -1.87423 -0.843313 0.27684506424492
1.89641 -1.8686 2.28775 0.0884114882081532
2.77452 -1.87814 2.19497 0.0826212439286353
