0.115098 3.8272 -2.69178 0
0.804888 5.64888 2.49904 0
0.797026 6.74618 -0.49297 0
0.342686 0.0442672 -0.183528 0
0.155783 5.09056 2.1955 0
0.345897 6.98771 -2.43964 0
2.81739 2.01769 0.749329 0
0.689054 3.06351 0.511151 0
1.41009 1.91516 1.29571 0
1.26714 1.15125 1.33339 0
5.07799 1.27085 1.11847 0
0.272039 -2.76997 -0.602483 0
0.607337 -0.63104 -1.62033 0
1.50635 0.168585 0.615023 0
0.319998 1.37218 -2.65777 0
0.511118 -1.87827 -0.258395 0
0.380965 -0.509238 0.299505 0
0.931029 -1.64477 -0.962813 0
0.634188 -1.85516 0.242442 0
1.28978 -1.47028 0.599134 0
0.672871 -4.74835 -1.47375 0
0.711191 -2.61841 3.13512 0
2.42386 -1.03139 -1.09368 0
0.8811 1.94763 2.75024 1.98959936286518e-14
3.2634 1.4203 -3.13184 2.02918849509891e-14
1.44718 1.8644 2.78688 2.00340619564821e-14
2.00824 1.55903 -2.99622 1.4582647227439e-14
2.07793 1.67287 -2.87063 1.00610148068561e-14
1.16076 1.33027 1.74765 4.55962654234307e-14
0.665237 1.90058 2.56989 2.33696541907259e-14
0.946421 2.1194 1.7815 3.09071219572092e-14
0.255161 2.79043 1.53526 2.66584452958758e-14
0.646264 1.21295 0.735472 5.43999997265199e-14
1.46463 1.52946 0.58696 4.69385654017006e-14
1.26715 1.70204 0.695592 4.33326196158456e-14
3.55716 1.77449 0.559583 4.19094166968535e-14
4.35095 1.48678 -1.61748 4.88440577861867e-14
0.945115 1.46971 -0.759548 1.22167668984751e-13
0.279972 0.400806 2.30007 3.08074773811868e-13
3.42406 1.44125 0.964157 0
1.4893 1.62752 0.594818 0
0.88198 1.56267 -0.045176 0
0.619384 -0.855342 -2.75365 0
0.464648 -1.26406 -0.0729683 0
0.944565 -0.84521 -0.812234 0
0.461351 0.083861 -0.788672 0
0.148448 -2.46597 2.49764 0
0.285885 -0.718065 -0.863081 0
0.259051 -2.37136 -0.916818 0
0.273838 -0.88186 1.16649 0
0.184249 -1.64524 0.024879 0
0.0367845 -5.73034 2.73572 0
0.385569 -3.19232 -1.62828 0
0.377461 -3.80815 0.263428 0
0.634673 -6.35978 2.16391 0
0.3688 -7.32226 1.84524 0
0.374216 -5.1076 1.00637 0
0.694337 -5.23747 -3.13778 0
0.0301202 -6.30738 1.35642 0
2.1513 -4.57989 2.05704 0
0.261828 -4.76484 1.64184 0
1.27954 -2.36958 1.73834 0
0.533886 7.70559 -0.671073 0
0.744599 7.92836 -2.68881 0
0.57949 5.8612 -2.06747 0
0.287154 -0.911539 1.25474 0
0.496141 -1.62543 0.3238 0
0.28146 -2.80288 0.625594 0
0.471736 3.3769 0.00744922 0
0.534059 3.2655 3.00002 0
0.182291 3.83065 1.23257 0
0.196801 3.9569 0.156562 0
0.643617 2.38367 -2.51691 0
0.173752 -1.35455 0.726484 0
0.461196 -3.62765 -0.613092 0
0.159156 -1.40508 1.0498 0
0.299388 -4.07889 -1.29013 0
0.521476 -3.37732 -2.7861 0
0.621782 -3.60914 1.81398 0
0.276312 -5.63861 -1.84263 0
0.21334 -1.72197 -2.38481 0
0.557227 -1.06049 0.793384 0
0.0874897 5.47369 1.5829 0
1.45587 -0.256611 2.16104 0
0.213088 8.5534 2.41177 0
0.167336 8.26449 2.01323 0
0.167999 7.42381 -2.79858 0
1.44762 2.45365 1.1725 0
0.2391 1.94753 1.893 0
0.254546 4.18604 1.99481 0
0.649671 2.82945 2.57072 0
0.0720883 2.5992 -1.0891 0
1.54639 2.51487 0.904333 0
0.287532 0.822106 -1.8959 0
0.65013 -1.84262 0.935546 0
0.766375 0.492652 -0.437654 0
0.312278 0.501631 0.366592 0
0.519455 1.12931 -1.35048 0
0.419067 2.53963 -2.47609 0
0.660182 1.19282 3.08133 0
1.28286 1.88436 -2.93121 0
0.186836 0.0556688 -1.27727 0
0.5146 -0.658555 -0.539095 0
0.177446 -2.1916 -1.69877 0
1.37663 -1.42734 -0.377504 0
0.529583 -1.01177 0.127666 0
0.203331 -2.98173 -0.868088 0
0.445765 -3.51823 -0.711624 0
0.854184 -3.28841 -1.40214 0
0.139095 -5.57897 -1.10886 0
0.342739 -3.71129 -3.02221 0
0.684311 -2.48771 -0.746219 0
0.489653 -1.98018 -0.680668 0
0.528834 -2.26176 0.404159 0
0.238919 -0.673828 -1.28026 0
12.9772 1.49615 -3.11608 1.82213934356507e-14
3.63781 1.59139 -3.09856 1.59523731782675e-14
0.732875 1.33428 2.93246 2.66358195431062e-14
0.841737 1.6405 2.3895 3.00370140453663e-14
0.173834 2.25499 0.952382 3.40121770971916e-14
1.76962 1.46814 3.11685 1.98216167908771e-14
1.54611 1.69725 -2.78581 8.05181683216656e-15
0.105721 0.874949 0.24262 6.21598938316833e-14
42.3566 1.54921 -1.5867 4.34307556665732e-14
1.86633 1.62691 -1.51571 4.12183256833448e-14
4.28223 1.56325 -1.68212 3.64802573060209e-14
0.413629 1.43479 -1.22825 8.40201969364485e-14
3.93364 1.10771 1.94461 2.47174056224093e-13
7.44387 1.00137 2.01615 2.57334487502337e-13
0.734387 1.00335 0.748033 0
0.71772 1.72904 0.805785 0
0.34934 -0.0379935 2.86548 0
0.262605 -1.03804 -3.13197 0
1.11494 0.524584 -1.1309 0
0.35285 -0.701186 0.320836 0
0.138387 -3.0329 -1.18534 0
0.205682 -1.96775 -1.59193 0
0.728748 -3.76115 2.03129 0
0.587404 -4.32544 -2.41285 0
0.485969 -5.10157 1.72596 0
0.225338 -4.83572 0.00437598 0
0.303956 -6.52205 2.47792 0
0.445866 -4.60851 2.42833 0
0.111639 -5.72058 0.321554 0
0.380938 6.70433 0.876764 0
0.192121 5.52087 -1.81127 0
0.381166 2.27045 -0.955981 0
0.432373 1.55706 -2.44421 0
0.343874 -3.11237 1.34591 0
0.143535 -6.32122 0.913275 0
0.754546 4.02661 1.7435 0
0.118324 5.84589 -1.04505 0
0.837903 -1.3853 -0.0711944 0
0.112505 -1.9087 2.67294 0
0.271181 -1.79663 -1.17035 0
0.244944 -0.57258 2.83232 0
0.66535 -1.58654 2.55089 0
0.263704 -2.75414 0.480794 0
0.752213 -4.59705 -0.886375 0
0.234805 -3.73707 1.69883 0
0.271349 -9.1413 -1.41444 0
0.293521 -3.93538 0.596913 0
0.217041 -0.558118 -1.29925 0
0.417065 -1.82049 -2.97257 0
0.333528 0.385817 -1.14148 0
1.33947 3.84228 -2.26695 0
0.32083 3.07903 2.32721 0
0.254615 4.15674 -2.50148 0
1.56014 3.24604 -0.822331 0
0.00891721 6.22986 2.87451 0
0.100449 3.73309 2.10184 0
0.205272 5.62678 -1.46045 0
0.474178 6.0845 -0.0590053 0
0.0679397 2.58095 -0.798013 0
0.500602 1.09241 -0.229473 0
0.279713 7.45798 1.05396 0
0.296158 7.55301 -0.0655992 0
0.287265 2.98698 0.673652 0
0.180494 3.00511 2.4834 0
0.610077 1.32608 1.33536 0
1.23636 1.66686 1.04092 0
0.0467489 2.42552 -0.730885 2.10137779197312e-08
0.0792012 -0.146525 1.98916 1.11732208820133e-07
0.103662 -0.85985 3.04574 1.45007601945206e-10
0.663429 -0.959926 -1.78034 0
0.0399546 -2.04066 1.24876 0
0.286529 -3.28914 -2.84469 0
0.0553947 -4.34321 2.31358 0
0.177302 -3.26444 3.01855 0
0.348268 -2.32455 2.77015 0
7.15817 1.55411 -3.12453 0.321117801398476
0.816008 1.63336 -2.99355 1.31313714999853e-14
0.661504 1.96579 2.88399 1.74529441476891e-14
0.427206 1.51059 -1.34361 6.62129199448864e-14
0.76111 1.16617 -1.37324 1.07904584109672e-13
0.430316 1.65829 0.830107 0
1.08913 1.29081 0.890438 0
0.180001 0.789556 -1.40871 3.9161472778838e-08
0.537406 0.614856 -1.53473 2.23595299268224e-08
1.26135 -0.260922 -0.96504 0
2.16622 -0.350871 -0.93902 0
0.0455815 -3.15222 0.896016 1.0272272401444e-07
0.420735 -1.34664 1.19345 6.00637579586824e-08
0.196178 -2.86612 0.73634 0
0.198664 -3.43328 -2.06371 0
0.223274 -6.63315 2.09377 0
0.0411716 -6.70629 -0.408094 0
0.15155 -3.41151 0.410533 0
0.173756 -4.16551 0.97755 0
2.1629 -2.64209 1.33406 0
0.354267 -2.61434 0.87149 0
0.074422 5.57719 -0.0650202 3.66580742704438e-08
0.109711 5.94216 -1.94641 1.93649104038652e-08
0.358665 -0.86825 1.21584 0
0.28392 0.110345 2.65888 0
1.69027 4.49801 2.35228 1.5086599677147e-07
0.89181 4.67334 2.48026 2.84471296907806e-07
1.51691 1.30295 -2.96292 3.6203278063646
1.66136 1.29536 3.06026 3.32219391176749
0.674732 -1.74527 2.20281 0.0526290995550112
1.08667 -1.10247 1.53501 0.109414909812417
0.452168 -0.685612 1.43281 0.0693092456166624
0.800104 -0.87949 -3.08564 0.015438288681073
5.1191 1.47219 -3.04668 0.325522924693794
0.362759 1.45203 -3.12698 0.547043914299281
0.415882 1.92754 -0.289779 4.60221884637506
0.0477754 1.12309 0.358532 83.4776919327218
0.163815 -1.61675 2.56493 0.0878085012589839
0.131105 -1.57938 2.49915 0.0778671403788457
2.68558 1.95643 0.704727 1.55147589546277
25.8016 1.46856 -3.07608 0.0283380162958303
7.6211 1.46118 -3.01498 0.615992672942782
16.4303 2.03015 0.708137 0.41199922841877
30.8495 2.05266 0.711615 0.649010485087257
