19.9292 -0.881147 0.827944 9.99854944218947e-13
0.316207 0.319031 -1.47171 3.09543930109374e-13
6.36288 -3.82967 -2.06836 0
0.435753 -6.86942 -1.80957 0
0.0958278 -1.73524 -1.37159 8.08809977070916e-14
0.406875 -1.66317 -0.0406542 1.01414777942303e-13
0.403988 -3.55555 -0.444003 3.24995203443932e-14
0.525558 -3.04267 -1.10274 1.91301586164518e-14
1.44569 -3.34197 1.72549 7.12649516295726e-14
0.399161 -3.52065 -2.58111 0
2.12685 -2.60954 -2.09648 0
0.412289 -3.86872 -0.308198 0
0.195037 -0.302626 1.18527 0
0.35681 -1.98945 1.32803 0
4.92923 -2.83978 -2.60504 0
5.73353 -2.48467 -2.8054 0
3.51364 -2.86779 -2.78999 0
1.03172 -3.21945 -2.56363 0
0.123709 -3.85455 -3.04619 0
0.390335 4.86356 1.25712 0
0.439845 3.75158 1.98361 0
1.1595 4.23827 3.05022 0
0.774065 4.30251 1.83115 0
0.215281 4.19606 1.87394 0
4.6507 3.6128 -2.87658 0
3.19492 3.38617 -2.80715 0
0.262112 0.859098 -0.991423 1.85683325067317e-13
0.283625 -0.538992 0.86926 3.56023105599771e-13
3.94392 0.693886 -0.312995 2.30933289429692e-14
0.912709 0.323589 -0.255083 9.42638251030052e-14
10.3581 0.578051 -0.114544 6.30539884844084e-14
0.428049 2.09314 -2.30871 2.38288736145236e-14
0.74265 1.4526 -0.922919 1.50181136140631e-14
0.854104 1.75329 -2.47534 2.57089890171769e-14
1.06593 2.17967 -2.04802 2.26492673722847e-14
0.486121 4.4862 -0.301688 1.99483468938739e-14
0.241042 4.59519 2.10241 2.07315148627442e-14
0.0975849 4.53747 0.898363 2.01994274521653e-14
0.251558 5.83508 -0.641696 2.03394886143332e-14
1.25268 6.62409 2.4812 2.05058393358953e-14
0.0656944 6.23779 0.6826 2.03924833184607e-14
1.41579 3.98761 2.24734 0
1.53978 3.69305 2.60202 0
0.53583 3.8465 2.85945 0
3.07474 3.30327 2.37807 0
1.78054 1.55123 2.60724 0
0.481306 1.51946 -1.74816 0
0.127414 -2.94092 0.279885 0
0.167333 -1.11493 0.18041 0
0.269872 -0.982475 2.1193 0
0.876192 -1.44073 -2.95409 0
1.22163 -2.92268 2.42734 0
7.50556 -3.08975 2.29229 0
1.05678 -4.0375 -2.97458 0
0.33907 -6.49202 2.1926 0
0.471383 -4.91734 -3.03325 0
0.126936 -5.38118 -0.405031 0
2.40072 -5.61276 -3.12588 0
1.64613 -1.33045 0.290257 0
1.43179 0.774557 0.946558 0
1.37755 1.4364 1.13324 0
0.648498 1.96213 0.586282 0
0.22064 2.78662 1.65239 0
0.299259 2.18862 -0.0380855 0
0.624433 3.05137 -1.08894 0
1.45852 2.62844 0.118423 0
0.313839 2.01471 -1.90576 0
1.57587 2.39822 0.173185 0
0.125894 2.81485 0.0823433 0
0.55529 5.75276 -0.173738 0
0.288521 7.60623 -0.656696 0
0.276035 3.5436 -0.456024 0
0.371476 3.47045 2.83681 0
1.03601 3.96431 -2.78532 0
0.704147 2.50752 -1.23253 0
0.599601 1.70865 2.68728 0
0.360833 -1.21599 -1.61845 0
0.508088 -0.237279 -2.36586 0
0.128363 0.10009 0.915291 0
1.05455 -0.550882 -2.3306 0
1.29411 -2.42981 -2.56787 0
0.583465 -2.56383 -2.71637 0
0.906797 -4.57495 -2.326 0
0.741839 -5.23511 -1.83363 0
0.585024 -4.22047 3.12647 0
0.194956 -5.62867 0.465315 0
0.589254 -2.67505 -1.95076 0
0.0278553 -4.12365 0.943268 0
0.386317 -2.36701 -0.28339 0
0.30242 4.44118 0.352384 0
0.40613 4.64123 -0.395326 0
0.345632 5.7103 -2.50593 0
0.44606 6.83853 0.549569 0
0.560212 8.72791 -0.756923 0
0.18755 -2.95232 -0.580948 1.79454422843624e-14
0.777517 -2.97125 -2.36306 0
0.310579 -6.30371 -0.575527 0
0.67202 -6.62545 0.466631 0
0.371823 -2.07281 1.71426 1.28564781109167e-13
0.405486 -2.18363 -0.953021 2.88985180740493e-14
0.363628 -3.31317 0.822847 5.80423548953017e-14
0.579383 -2.44268 1.02641 0
0.724403 -2.28339 0.862868 0
0.848429 -1.97049 0.569491 0
9.72698 -2.89266 -2.62264 0
4.96708 -2.92482 -2.56266 0
0.164018 -3.46217 -1.47683 0
2.31371 -2.91638 -2.62374 0
0.153023 7.68944 -0.530425 0
0.915673 3.91215 1.74721 0
7.48605 0.375393 -1.01927 2.15861339383127e-13
4.71925 0.160376 -1.02802 2.48652564519186e-13
5.4601 0.152823 -0.979466 2.40363314925304e-13
6.90416 0.416713 -0.928582 1.88903313677159e-13
0.107556 -0.276958 -2.31011 3.13435000025732e-13
3.45036 0.742315 -0.121662 6.76786545174736e-14
6.30445 0.596015 -0.176872 4.37414203821066e-14
0.903469 0.848942 1.76409 2.84204068681915e-14
0.417435 1.29936 -0.0857892 6.12713622250834e-15
0.26426 1.71803 -2.84823 2.67425166702681e-14
0.183736 2.28033 -1.9246 2.19609102707305e-14
0.138493 7.2601 -1.05035 2.04355109343683e-14
0.367855 4.09361 2.87296 0
0.635308 3.90102 -2.72947 0
0.287318 3.99244 1.84439 0
1.68968 3.73365 2.39614 0
4.42714 3.50059 2.24342 0
4.19688 3.66611 2.44146 0
0.200786 2.13005 2.09698 0
0.14486 1.81204 1.33702 0
0.303543 1.64711 2.29552 0
0.259811 0.132597 2.84883 0
0.186622 1.79367 -2.88025 0
0.13931 -1.7148 0.0893879 0
0.796871 -1.54023 1.21451 0
0.0930675 -0.419115 -0.897699 0
1.80957 -3.24095 2.29935 0
0.489626 -2.73955 1.96544 0
1.31385 -3.14252 1.96632 0
0.79032 -3.36191 1.89901 0
0.245008 -4.71914 -1.56813 0
0.480978 -4.31037 -2.33706 0
1.92314 -0.0294571 1.85438 0
0.981852 -0.508423 1.67613 0
1.47996 1.15833 1.77093 0
0.274578 1.81772 1.36957 0
0.366512 2.27764 2.70551 0
0.730299 1.28894 0.786457 0
0.298832 3.36806 -1.46261 0
0.446376 4.19391 1.02116 0
0.0973481 2.61511 0.447158 0
0.385623 1.71846 3.02445 0
1.60566 5.20131 2.22881 0
0.610314 5.60442 2.91919 0
0.306683 5.32438 -1.8557 0
0.366985 4.12657 0.906116 0
1.0985 2.4373 2.50047 0
0.710631 0.326292 -0.113298 0
0.924588 1.16494 -1.47783 0
0.401972 -0.27343 0.273631 0
1.05887 0.821202 -2.2161 0
0.211621 -1.56092 -1.29135 0
1.12444 -0.302635 -1.72304 0
0.617842 -1.67787 -1.09544 0
0.648313 -3.98585 -2.90681 0
1.83194 -3.77496 -1.95794 0
0.506825 -5.35247 -2.60563 0
0.487318 -2.96686 0.951204 0
0.386647 -4.37337 0.47185 0
0.522803 -2.43682 2.07129 0
0.720492 -2.05198 -1.40609 0
0.426066 0.188837 0.720725 0
0.446953 -1.67333 -2.6388 0
0.211773 1.08043 -1.69337 0
0.320344 2.69851 1.43079 0
0.198856 2.8645 1.67889 0
0.257821 7.11364 1.3689 0
0.401991 -0.234606 0.970035 3.54335632548985e-13
0.458514 -0.0217928 0.876073 3.40346818852458e-13
2.33398 -3.00381 -1.80305 0
0.988137 -3.07851 -1.64822 0
0.117252 -2.63808 -0.789597 3.91476637290503e-15
0.171787 -2.23912 -1.31874 3.60865590441404e-14
1.82121 3.50305 -2.77621 0
1.44368 3.29057 -2.96719 0
1.89161 0.14444 -1.20676 2.83969644687615e-13
0.334604 0.527012 -1.57655 3.09856315031496e-13
0.209394 3.37164 2.67525 2.18768994413673e-14
0.309093 2.81228 -1.39464 1.98419763837897e-14
0.203904 4.33754 2.5644 1.90488488092268e-07
0.246976 3.68491 2.73198 7.00151947461701e-08
0.607111 3.59086 2.71467 0
0.696663 3.2457 2.53782 0
0.920471 1.34329 2.46757 0
1.38971 1.30155 2.78481 0
1.41147 -2.97922 2.31889 0
2.12755 -2.93293 2.42408 0
2.48863 -2.93826 2.25189 3.17970697800993e-07
3.68085 -3.06116 2.23182 1.56988712546817e-07
0.495085 -2.90438 2.15099 1.63177088853487e-07
0.434062 -2.84173 2.51784 5.29131455543057e-08
0.204571 -2.40487 1.34053 0
0.582327 -1.86988 -0.238275 0
0.33141 -1.21558 0.464981 0
0.249077 -0.238613 1.18533 0
0.0932348 5.25965 -0.406935 0
0.148146 6.45305 0.557248 0
0.243189 0.487385 -1.47119 0
0.241917 0.507396 2.97966 0
1.37351 -1.70351 -2.27374 1.83303058405153
0.150245 -2.25124 -2.53041 9.90136950146141
0.237556 -5.82889 2.38224 4.34151039068173e-08
0.316625 -5.90492 -2.89157 2.30739189097108e-08
0.167519 1.55495 1.21177 0
0.136951 1.99384 0.241815 0
0.0653802 4.79533 -2.60012 0
0.150291 3.00322 -0.0667345 0
3.19221 1.16636 2.58079 4.67163311895201
0.555647 1.21305 2.78569 25.685206079342
0.19036 -1.05162 3.124 88.8788527678508
0.0442353 -3.80108 -0.96939 27.4537947619492
2.49523 -2.50893 1.28145 0.157465811024783
13.8938 1.22762 1.11844 0.25662612241522
0.418913 -2.80894 -0.0854149 3.21035895142562
0.0148569 -3.49764 -1.82107 44.4602199513641
0.506725 -1.16011 1.0804 7.15692490723237e-09
0.140101 -0.857949 1.44478 1.47520354862872e-08
0.9518 4.02964 -0.922758 0
0.239469 3.28275 -0.287454 0
2.94468 -2.35245 1.31775 0.474470257713689
1.80121 -2.81808 1.3867 0.894027352604517
1.00216 -2.56463 1.57982 0.477322000220465
0.564003 -2.66199 1.29982 0.223472232709698
1.17904 1.07128 1.28232 0.609439768945016
3.30175 1.17004 1.24982 0.152625715891361
