0.236965 0.44177 0.816867 0
2.59765 1.4484 2.81329 0
1.77587 4.28031 -2.67737 0
0.379879 5.22549 1.73495 0
0.258848 3.31644 0.953643 0
1.06555 2.96832 -1.03838 0
0.869189 4.31445 2.3428 0
1.31812 3.1802 -1.27598 0
0.347684 4.76976 1.93279 0
0.973227 4.90484 -0.518438 0
0.147776 6.40498 2.18428 0
1.26472 2.13232 -0.923588 0
1.21731 2.10139 -1.53907 0
0.762236 2.29314 -1.36198 0
2.05365 3.84616 0.68691 0
11.8137 4.17563 0.159862 0
10.3022 4.17852 0.0655065 0
4.87613 4.15308 0.105853 0
10.1618 3.09617 -2.96266 3.06246406463414e-14
3.75387 3.26176 -3.02279 2.60522383827112e-14
2.59153 3.17893 -2.93994 2.39255663095582e-14
4.52142 3.17664 -2.76472 1.48889049943751e-14
0.1871 3.81185 -1.06724 8.70771004792491e-14
0.218729 3.17732 -0.510419 1.39768260697235e-13
1.08587 2.98914 -1.20271 1.20691870759391e-13
0.497088 5.14683 3.02389 0
0.318615 2.28639 -0.332749 0
0.777429 0.514421 -1.76071 0
0.510371 -0.201826 -1.40188 0
0.166217 3.89291 -0.0229021 0
0.992006 4.02514 -1.04991 0
0.142819 6.16378 -0.598932 0
0.425335 4.12138 -0.583602 0
0.26852 8.1216 -1.38817 0
0.350124 3.8953 0.557631 0
0.45205 1.76936 1.98586 0
1.05374 2.01596 2.49227 0
3.21087 1.837 2.12246 0
0.239493 -1.19454 -2.44401 0
0.600907 -1.53516 -3.08464 0
0.885798 1.05709 1.33605 0
0.742401 4.12315 1.08729 0
0.660842 4.87211 1.04319 0
2.86493 4.30053 1.45907 0
0.419881 4.67172 1.21817 0
0.411653 0.675607 -0.84364 0
0.737596 -0.616336 1.37505 0
0.34301 -1.38149 2.75949 0
0.0935272 -3.14347 1.12309 0
0.68683 -5.95702 1.19913 0
0.803592 -5.83551 0.897358 0
0.44883 -7.57701 0.950015 0
0.424233 -6.02679 0.333653 0
0.423311 -6.49988 -3.04755 0
0.518133 -7.01294 -1.63154 0
0.277424 -4.42003 -2.6009 0
0.511033 -3.60532 -0.485276 0
0.275922 -4.06383 -2.73419 0
0.534156 -2.49925 2.11927 0
0.789803 -0.773544 -2.06699 0
1.00627 -5.52145 2.3004 0
0.462741 -5.04526 -1.71165 0
0.491787 -6.76176 0.917139 0
0.271613 -8.22743 -0.863782 0
0.33807 -7.75913 -1.4839 0
0.955943 0.441218 2.10474 0
0.7647 6.81044 1.93535 0
0.20043 6.23945 -2.7883 0
0.0432488 3.92838 -3.13709 0
0.72251 4.56336 -0.305147 0
0.39919 3.78642 -1.10166 0
0.705675 3.40597 -1.29709 0
0.668752 2.81527 -0.694931 0
0.328911 4.23108 0.494578 0
0.314958 0.941723 -0.902651 0
0.773121 2.10499 -1.4783 0
1.6936 2.05863 -1.75439 0
0.984794 2.34769 -1.79067 0
2.66865 2.6851 0.637575 0
0.411635 3.60083 0.962637 0
0.854725 3.1903 1.22115 0
2.17771 4.10942 0.925701 0
1.15624 3.76692 0.785597 0
1.98345 4.32355 -0.0753607 0
0.745631 4.11483 0.292057 0
17.8064 3.10763 -2.96715 3.00898891494952e-14
8.44303 3.175 -2.96063 2.54890503503973e-14
7.35754 3.03954 -2.97605 3.5695763009526e-14
2.33829 3.21392 -2.92001 2.07712334793709e-14
1.17561 3.32266 -1.89689 5.63206995043434e-14
0.59442 3.6201 -2.60985 1.78694113320785e-14
0.501523 3.369 -0.951662 1.0890986628466e-13
3.43956 2.14523 -0.909119 2.61290432714352e-13
4.16076 2.22355 -1.1575 2.28432716339123e-13
5.90931 2.3018 -1.28572 2.04341958506003e-13
0.223151 4.1565 1.39999 0
0.995827 0.571428 -0.961461 0
1.13303 0.859786 2.85376 0
0.564231 3.59449 -1.76872 0
0.442673 5.91348 -0.71825 0
0.468081 6.49151 2.32682 0
0.753023 -1.36991 -0.225583 0
0.173562 -2.20866 -1.46111 0
0.38633 -1.13657 0.316842 0
1.38523 -2.00394 -0.466515 0
0.268653 -2.54778 0.518699 0
1.01298 -1.37115 1.13387 0
0.447816 -1.02065 -0.40479 0
0.844628 -0.15647 2.32272 0
0.242331 -0.0984266 -1.8839 0
0.489072 -0.694589 1.82918 0
0.118948 2.2923 -2.38073 0
0.350739 0.64996 0.994486 0
0.435977 0.716662 1.51046 0
0.335007 1.2233 2.8748 0
0.671503 0.135994 1.80028 0
0.319183 1.26369 1.7022 0
0.604238 2.56336 0.101159 0
0.555819 3.35705 1.13312 0
0.27087 4.17855 2.60615 0
1.45176 4.22755 1.51524 0
0.787968 3.98161 1.00964 0
0.552325 4.42802 2.17233 0
0.666794 4.07512 1.24267 0
0.869413 0.688987 -1.76041 0
0.905043 0.116448 -2.35049 0
0.112976 -0.339677 2.60595 0
1.14297 -3.62881 -0.18798 0
0.398836 -2.82448 -0.726892 0
0.594404 -6.90496 -0.0257622 0
0.392945 -6.45597 -0.585297 0
1.37147 -1.59642 2.84747 0
1.67374 -1.03072 -2.00029 0
0.328911 -1.00505 1.99427 0
0.2475 -4.06158 -0.365465 0
0.157953 -2.72992 3.00445 0
0.282131 -5.23507 0.00202821 0
0.115835 3.67895 0.0727914 0
0.119862 3.06986 -1.79821 0
0.38902 3.775 0.315593 0
0.246841 3.07943 1.24093 0
0.677179 3.33792 3.02199 4.11459459224863e-14
0.366108 3.66872 3.13096 3.46097881058258e-14
0.846883 3.54372 -1.65306 6.59573447290519e-14
0.781346 3.79749 -1.83936 5.41791537503401e-14
0.129821 4.67679 2.00165 0
0.108232 3.18342 2.25883 0
0.155992 1.55022 1.55655 0
0.158982 0.469014 2.51705 0
0.15021 4.00932 -1.4994 0
0.425609 3.22684 -1.12568 0
0.198792 4.16341 -2.60187 0
0.335232 3.73365 -1.70494 0
0.502993 3.48388 -1.77259 0
0.0932915 5.54003 -1.67231 0
0.15606 4.92495 -3.0072 1.76247272773423e-08
0.346874 4.97458 -1.46383 6.51904360507385e-09
0.0286172 -1.16865 -2.51756 0
0.457471 0.492577 2.24293 0
0.639327 -0.0636666 1.71566 0
2.41425 0.316269 1.69143 0
0.08408 0.0192679 2.47377 42.7699550457482
0.606775 0.41674 0.24497 22.3889182907508
0.782603 4.27489 1.44937 2.13803065092619e-07
1.49669 4.20323 1.3008 1.06992645994652e-07
1.49218 0.987565 -1.14381 0.0532787732248049
2.4467 0.803381 -1.53887 0.0281357816146324
0.416407 0.193233 -2.05049 0
0.0441814 1.70141 0.663328 0
0.301849 -2.21521 -2.91046 0
0.625635 -2.98374 -2.59337 0
0.0525111 -6.31276 2.82152 0
0.143026 -6.49471 -1.22009 0
0.676754 -2.68723 0.496785 1.48777899931912
0.774265 -2.58482 -0.0705408 1.43799395637216
0.253964 -1.63992 2.2851 22.4320585085048
1.52894 -1.74249 1.84551 3.39457797422687
0.331115 1.44736 2.45049 0.0200628857317532
0.321426 1.83885 2.2745 0.0326495823375691
0.0630426 2.50309 -2.72368 7.80213239124585e-06
0.283899 2.54729 -3.10517 5.99874279104975e-06
0.118082 2.93588 -2.69696 7.14613599725398e-06
0.0360902 2.92547 -2.70094 6.72618817498557e-06
0.0924469 5.23005 -1.78286 3.00647499194987
0.0930414 3.22267 1.60613 22.2861590267238
0.510316 3.50618 -2.49374 0
0.289559 4.20759 1.69801 0
0.0894134 -3.18553 0.459561 38.4592404974217
0.764037 -2.29658 -0.657656 10.8387127796232
0.574207 1.93606 1.07039 0.207111436196603
0.228924 -0.381866 -1.6862 7.13762201949588
0.305452 0.991052 -1.32992 3.64082169011185
0.160184 -0.126374 1.9265 1.21145774474624
0.103902 -0.178548 2.10893 0.979532323896868
1.63313 2.72297 0.726908 0.0332881159813944
0.942815 3.04401 0.879699 0.0271143160601865
