0.233733 -5.95248 2.50335 0
0.455485 -5.06409 -3.0129 0
0.36485 -6.18248 -1.62256 0
2.06117 -5.95542 1.20972 0
1.20431 -6.98761 -2.73633 0
4.38673 1.43375 -1.33771 4.98199197702783e-13
17.9997 1.38988 -2.08741 5.07560950868068e-13
8.15606 1.43118 -2.12264 4.83381402270042e-13
0.356974 0.878886 -1.58534 9.31936977862735e-13
1.65086 1.48558 -1.79028 4.18191411951022e-13
0.781266 2.08363 -0.848045 3.28680534587951e-13
0.406782 -0.572462 1.90526 0
0.237717 1.88817 -3.1197 0
0.494126 2.84171 -0.212437 0
0.703394 8.594 -1.43081 0
1.25758 4.37426 1.28787 0
0.910517 4.54597 -2.09948 0
1.16145 3.34082 1.86013 0
0.726622 3.71132 -2.65553 0
1.16405 2.81846 -3.01665 0
0.575976 2.31555 -0.933645 0
2.42434 2.06688 -0.837214 0
1.565 1.9695 -0.0621755 0
0.685189 1.1168 -0.3031 0
0.165378 -5.88739 -2.10449 0
0.294744 -5.88067 -2.46988 0
0.76557 -4.2271 0.658062 0
0.400733 -4.16074 2.64595 0
1.06195 -3.07452 1.79951 0
1.22277 -1.5993 1.73256 0
1.22235 -1.02894 1.10384 0
0.376902 -0.205858 2.80355 0
0.080609 -0.440349 2.93811 0
1.70616 1.39203 2.38787 0
2.35718 0.638286 2.21718 0
4.01109 2.56635 0.31995 2.72890008461337e-13
0.53265 3.41957 -0.94444 1.14677200971366e-13
1.11522 3.28457 -0.104264 1.78000640147946e-13
0.283426 -0.91052 -0.586288 8.38661881797019e-13
0.415239 -3.10473 -0.339957 2.12133320805919e-13
0.404337 -5.86148 -2.59972 1.65465740264409e-13
0.786607 -4.64457 2.65986 1.54213680367982e-13
0.824253 -5.75103 3.05941 1.61786331224092e-13
0.476402 5.03221 1.87556 0
0.548334 2.91792 1.09045 0
0.628896 -2.15833 -2.19354 0
0.52331 -2.93485 -0.412153 0
0.301577 -3.83255 2.7597 0
0.514155 -4.32366 -1.50289 0
0.249198 -5.07146 -0.07207 0
0.249159 5.61611 2.68605 0
0.387731 2.04784 -0.227873 0
0.138095 2.55925 0.898814 0
0.700797 -5.49204 2.49686 0
0.237744 3.42755 0.55853 0
0.186771 0.967554 -2.53709 0
0.144543 0.00149504 -0.401934 0
0.721004 0.177279 0.114283 0
2.29689 0.317923 -0.551175 0
1.51077 -0.375216 -0.503052 0
0.686203 -0.42683 -1.43695 0
1.92597 -1.25947 -2.27379 0
0.384653 2.93227 0.0638054 0
0.072924 -1.98233 -2.02431 0
0.566939 -0.0847039 1.49278 0
0.41494 0.236255 -0.718429 0
0.334527 0.664372 -2.81864 0
0.355976 -3.02844 -2.66874 0
0.738342 -3.60572 1.43417 0
0.319237 -8.00229 -0.17889 0
0.282656 1.10797 -1.86222 7.16873129568442e-13
16.1693 1.36648 -2.06935 5.22231531422497e-13
0.680789 1.39338 -2.09191 5.05268734882262e-13
0.597761 1.53859 -1.65266 3.87323133911784e-13
0.447934 0.690484 -2.41868 1.16048172773773e-12
2.57819 1.15659 -0.746412 8.37113311826684e-13
0.28534 0.846682 2.32134 0
0.564579 3.39614 2.60148 0
0.301083 3.08166 0.524105 0
0.690757 7.2589 -2.51023 0
0.223011 3.69368 -1.89109 0
0.469356 4.32243 2.00307 0
1.193 2.38689 -2.66926 0
2.78483 2.49848 -1.13355 0
0.491034 2.02766 -2.07716 0
0.45215 2.48156 -0.871448 0
0.777504 2.04487 -0.0908832 0
1.09279 -5.40992 -0.957123 0
0.281512 -3.58239 -1.1167 0
0.765617 -3.45193 1.96241 0
0.464595 -4.69716 1.90255 0
0.233006 -4.44034 -0.414674 0
0.361531 -3.30116 2.54774 0
1.21227 -2.46483 1.79204 0
1.80656 -1.5355 1.37242 0
0.595415 1.12346 2.40701 0
0.613173 2.65977 -0.349977 1.88355479101848e-13
0.285092 3.51819 2.69525 1.96503121988396e-13
0.200182 2.38282 1.7042 3.60055719489326e-13
0.394758 -4.86977 1.59129 1.44855953855889e-13
2.54959 6.66096 -0.520531 0
0.407594 6.36179 0.0979184 0
0.155044 6.42069 -0.0226405 0
0.188025 3.87618 -0.502079 0
0.89001 1.57887 -1.75681 0
0.310277 0.0609944 0.990758 0
0.421338 -1.53151 1.26689 0
0.446966 -3.3141 1.83268 0
0.426125 -5.27207 -2.52665 0
0.689165 4.50896 1.2733 0
0.180032 1.85957 -2.62205 0
0.320606 2.737 -2.11521 0
0.489877 -0.682031 2.2646 0
0.449132 -0.341853 -2.12705 0
0.456865 0.292033 2.20193 0
0.285598 -0.395157 -0.770836 0
0.382965 -2.55133 -1.97038 0
0.451277 -4.27581 -0.0281348 0
0.388449 -2.98475 -0.968931 0
0.1958 -5.56286 -0.976846 0
0.768915 -6.35467 2.51729 0
0.29113 -6.22026 -3.13958 0
0.479646 -8.02239 0.355908 0
0.904734 -5.9427 0.334416 0
0.246703 1.458 1.30295 0
0.544463 -0.709281 -0.398751 0
0.352212 -0.097884 -2.26164 0
0.102746 -2.52441 1.37698 0
0.314149 -3.07504 -1.35978 0
0.951563 -2.7504 -2.09678 0
0.497221 -3.01371 -1.48745 0
0.518047 7.04772 -1.63401 0
0.585737 6.18339 -0.660563 0
0.153574 4.99512 0.673195 0
0.0749776 6.58165 0.689788 0
0.390185 5.32386 -3.06103 0
0.331625 4.84481 -0.458041 0
9.68561 -0.258642 0.434985 0.0539836188986981
0.693108 -5.72288 1.58667 0
0.483785 -6.46789 1.45642 0
1.73743 2.23786 -1.96912 7.40862861460872e-14
8.47828 2.20573 -2.06235 1.06923149713857e-13
0.230278 1.22072 1.49698 0
1.83686 1.05875 1.70988 0
0.299279 -1.41259 -2.88345 5.73732845282677e-13
0.30053 -1.92376 -2.97198 3.84869228290566e-13
0.311525 -1.39855 -3.07195 5.57506239254832e-13
0.233779 -1.11161 0.834988 5.65623796651222e-13
0.182316 0.767681 1.13847 3.26097334003297e-07
0.177416 1.86243 0.923495 2.77837027030228e-08
0.124039 -3.64205 -2.06373 0
0.501315 -3.02384 -1.51427 0
0.261414 -3.30861 -3.03831 0
0.197682 -3.65968 0.865841 0
0.278298 3.70958 -2.48813 0
0.159114 2.12127 -2.53343 0
0.140032 -4.43984 0.362598 0
0.41571 -4.60678 -1.01552 0
0.326518 -1.00114 1.10123 15.1347938717838
0.164934 -0.207321 -0.526865 45.4085787098141
2.50632 0.164107 0.691767 0.908977321447142
0.996043 0.00830987 0.500765 2.32161527590764
0.268146 -2.1103 -1.96368 54.7613127457694
1.08315 -1.70097 -2.55649 20.075097044533
0.121398 2.09898 1.23744 57.0605087057674
0.687613 1.20759 2.27494 22.8813232370078
0.255049 -1.1827 -0.810239 73.6615814234607
0.165651 -1.49937 2.64026 86.0874524899841
0.187572 1.84673 -0.101219 27.7430856202852
0.538037 1.14792 -1.22673 18.1837352065996
2.10424 0.162315 0.443552 3.65477216431842
0.398306 -0.123916 0.238496 19.3937622659052
12.393 0.888014 1.63762 0.0470382481869843
10.0934 0.944832 1.66621 0.0728143208777346
4.28697 2.24743 -2.12116 0.667013174208379
7.88691 2.58954 0.428915 0.210148673796881
10.4187 0.904034 1.6929 0.4605717378247
4.73535 0.820575 1.60295 0.902005478960461
2.43272 2.23444 -2.10373 5.37900817325038
4.68345 2.24802 -1.98569 3.7320520247268
5.26668 2.48468 0.307663 0.16967014074517
