0.78112 -6.13782 0.285946 0
0.2704 -8.91668 -3.01107 0
0.904182 6.71186 -1.80547 0
0.397454 -2.73256 -2.87003 0
0.778522 -2.45479 2.24468 0
0.745563 -2.62372 -0.488477 0
0.194412 -4.03707 0.483756 0
0.914708 -4.36379 -2.60188 0
0.256185 -4.80637 -1.93504 0
0.760367 -5.70249 -0.0838359 0
0.665527 -2.54623 -0.753679 0
0.563579 1.03824 2.77469 0
0.321336 1.73848 1.854 0
0.3908 2.58403 0.932291 0
0.288909 3.78568 1.42753 0
0.286015 5.48613 2.08612 0
0.554212 5.9799 2.56696 0
0.87499 9.33712 -1.09071 0
0.534168 6.84056 0.259614 0
0.12639 4.905 -0.973186 0
0.729275 4.20804 -0.968841 0
0.064878 1.18841 -1.32488 0
0.314745 0.94183 0.412797 0
0.359723 -0.487504 -2.05185 0
0.21178 -4.26683 -2.86055 0
0.192079 -7.84638 1.50028 0
0.059656 -5.7695 0.786218 0
0.371921 -4.10898 3.10801 0
0.754269 2.87736 1.93544 0
0.307467 4.06511 3.00346 0
0.243009 3.65526 -1.16089 0
0.338054 2.43182 1.57395 0
0.397244 7.1309 -1.0367 0
0.0888235 5.54715 0.579224 0
0.104622 3.51436 -1.18233 0
0.515244 2.58068 -1.18119 0
0.23655 0.229379 0.815815 0
0.332371 0.58165 2.12891 0
0.456161 2.70825 2.19055 0
0.666244 3.23577 1.8315 0
0.727111 2.90341 2.67084 0
0.162896 3.25701 1.34044 0
0.245541 4.42345 0.519348 0
0.301131 4.27363 -2.31641 0
0.32837 6.51869 -2.54265 0
0.236845 7.49214 -1.70017 0
0.984414 2.01715 -0.423788 0.170495800300626
0.216243 1.56394 -0.0625838 1.18529931188189
1.15626 1.17409 2.64972 0.219666729509285
0.438942 0.805818 3.01366 0.762281772006136
