0.121414 5.20393 -0.862081 0
0.349986 2.40077 -0.307052 0
0.142302 0.60803 -2.49401 0
1.07212 0.160883 1.35786 0
0.377121 -0.285614 0.366602 0
1.90947 -0.541047 -1.9131 0
0.134016 -4.85084 2.22893 0
0.737685 -8.49751 -0.997616 0
0.581948 -2.82236 0.856786 0
1.24761 -1.69937 1.48382 0
0.314094 0.632002 1.16166 0
0.173677 5.10575 -1.30438 0
0.589168 5.65228 1.36186 0
0.829975 5.0931 -2.17531 0
0.231762 6.39011 1.84794 0
0.703553 8.51941 -1.98699 0
0.604962 6.55214 1.76939 0
0.33237 7.21869 0.99407 0
0.274169 4.95509 -0.362482 0
0.408546 4.38703 2.55227 0
0.235496 1.97662 -0.229024 0
0.373793 1.22353 -0.792663 0
0.518391 0.323958 0.022177 0
0.495662 -0.202549 1.04995 0
0.598456 -1.64313 1.23033 0
0.307301 -0.18088 0.617165 0
0.429776 -0.382758 1.11998 0
2.48598 -0.607239 -2.08251 0
0.102891 -2.89651 0.275891 0
0.222651 -2.70713 -2.07105 0
0.361403 -4.92048 1.10875 0
0.382186 -5.23679 -1.5447 0
0.357066 -6.1645 -2.53365 0
0.733981 -8.96894 -2.85713 0
0.318676 -3.83516 2.1817 0
0.960072 -3.52432 0.798582 0
0.0736876 -4.05244 1.09595 0
0.846449 -1.82599 -0.0755879 0
0.832688 -1.53935 0.789763 0
0.164967 -0.533587 -2.88225 0
0.586335 0.722357 2.23008 0
0.442815 0.369161 -1.33506 0
0.763212 3.27744 -1.53901 0
0.361194 4.4219 -2.01523 0
0.827088 7.02875 -0.0558357 0
0.90481 8.24427 -2.15668 0
0.575511 7.22452 0.824473 0
0.267347 7.71851 1.09936 0
0.382007 7.91714 2.37648 0
0.263378 6.01541 -0.963372 1.78290220614661e-08
0.248467 6.66032 -1.55331 2.34037688268744e-08
0.430839 -3.11286 -1.05962 0
0.261499 -3.6983 -0.59014 0
0.598653 -2.93137 0.69615 1.15224863832063e-08
1.04575 -3.00586 0.551915 6.2856016975841e-09
0.836958 -2.17632 0.811271 4.7010900058847e-08
0.564192 -2.45947 0.73888 1.02130775408907e-07
0.113262 1.80956 -1.12891 0
0.259589 1.98267 2.14237 0
0.165549 -5.16278 -3.04811 1.32086914439472
0.181558 -4.0407 -0.62962 3.69580304875013
1.95036 -2.45365 1.08178 2.01423113544131
0.251672 -2.68992 0.734553 12.2931646818057
0.455292 -0.129994 -2.12213 15.9799929495338
1.18534 -0.622865 -2.25347 5.13741019245147
0.945225 -2.31193 0.561399 6.7536850859084
0.148905 -2.55673 1.24419 33.6475309697001
0.474485 1.68949 3.0526 0
0.281932 1.64674 -0.404608 0
