0.326951 -7.06783 -1.24996 0
0.896086 3.59636 -2.14073 0
5.91594 3.10974 -2.85021 0
0.746617 0.806896 2.43295 0
0.496648 -1.64554 2.40043 0
2.80251 0.0285258 2.46943 0
1.20461 0.21633 2.70918 0
0.648671 5.5968 -2.83465 0
0.430073 4.6454 -2.65121 0
1.06343 5.14414 -1.58181 0
0.832607 6.14947 -2.64202 0
0.739591 6.85008 -2.64922 0
0.30677 5.24044 2.20066 0
0.543407 5.64392 2.28547 0
0.468006 -2.06077 0.89948 2.98725538991067e-14
13.2956 -2.64002 -0.846508 1.49127933660245e-14
3.46683 -2.62871 -0.915357 1.49366972752547e-14
0.20375 -5.14271 -0.489345 0
0.245198 -5.18029 0.825788 0
0.28839 -5.68988 -0.788703 0
0.403237 -3.28614 -0.822302 0
0.26746 -4.71556 2.79439 0
0.651533 -4.21617 -2.78661 0
1.12009 -2.35197 1.02837 0
0.952153 -2.15986 1.29836 0
0.37988 -1.55736 1.24003 0
1.15281 -1.50671 -0.1441 0
1.06567 -0.53438 0.786808 0
0.679211 0.240643 2.2818 0
0.873576 0.377457 -1.08979 0
0.440959 0.480171 2.39056 0
0.694844 0.287157 0.679447 0
0.999442 1.39541 -0.299401 0
0.0794153 3.89367 -1.84886 0
0.423339 0.278382 2.14529 0
0.823019 1.612 2.52776 0
1.37781 2.5926 2.07589 0
0.253469 3.28421 -0.0503406 0
0.124186 4.54737 0.0351999 0
0.999394 3.622 1.20955 0
0.624764 3.8655 0.731566 0
0.885981 3.62376 -0.57344 0
0.872895 3.50893 -0.929907 0
0.643554 2.96437 -0.817898 0
0.740593 3.25661 2.91426 0
0.500776 2.24186 -1.14526 0
0.84655 -3.3259 -1.33725 0
0.578851 9.13253 -1.5581 0
0.180501 9.01396 0.113082 0
0.282569 -1.24503 1.05204 0
0.305388 -4.01537 1.58603 0
1.19708 4.01504 -2.14344 0
0.605179 4.3591 2.89841 0
0.618823 6.25365 3.02051 0
0.790933 5.53361 -1.93065 0
0.234773 4.97447 -1.22327 0
0.294517 4.87433 0.73447 0
0.760397 2.53641 0.793445 0
0.92937 2.74876 0.330637 0
0.991416 5.20631 0.687466 0
0.247804 0.873323 -2.06688 0
0.226061 -1.06487 1.25682 0
4.13788 -1.42101 2.50687 5.09715647002032e-14
1.0415 -1.49915 2.48695 4.75865761155227e-14
2.05429 -1.47835 2.08087 4.92353875283588e-14
0.896867 -1.31614 2.29818 5.62076689698734e-14
3.10801 -1.58519 2.49842 4.40403018794963e-14
5.61152 -2.04095 2.51554 2.88097843981109e-14
6.41223 -2.08985 2.56986 2.73910268274074e-14
1.97516 -2.26734 2.64109 2.29764030532512e-14
1.33703 -2.49795 2.81395 1.8011904405024e-14
0.708726 -1.65057 -0.943243 3.99489727814777e-14
0.321127 -2.41218 -2.36745 1.76155580849686e-14
1.57656 -2.7839 -1.11427 1.2282833870461e-14
0.968336 -2.66572 -0.895007 1.44236292100704e-14
2.91235 -2.71195 -0.990452 1.35350914740475e-14
0.609303 -2.69864 -0.245256 1.53911059808925e-14
4.9586 -2.57218 -0.8096 1.60742521292409e-14
6.3637 -2.69018 -0.885902 1.40731016369775e-14
0.448835 -3.9759 2.59947 0
0.85472 -2.52688 0.00765831 0
0.989856 -1.07942 0.099014 0
0.805795 -0.783319 0.104048 0
0.06816 0.134917 -3.11424 0
0.530251 0.295962 -2.77069 0
1.08582 0.0953558 2.93112 0
0.319374 0.633124 -2.74571 0
0.242837 -0.225553 -2.61372 0
0.370273 2.26009 3.1223 0
0.701558 3.54941 0.37365 0
0.702613 4.10044 1.1696 0
0.467639 3.33736 -0.767202 0
0.363867 2.64928 -1.27479 0
0.848728 3.40503 -1.52857 0
0.0645455 3.10721 2.91282 0
0.268426 0.445395 2.15426 0
0.0840269 -1.90241 -2.01384 0
0.232018 -4.76945 1.64787 0
0.658893 -6.74316 -0.358727 0
0.158233 -1.18139 2.74051 0
0.256068 -1.42432 -0.481782 0
0.328707 -1.20692 0.532326 0
0.0455892 -2.41596 -1.87805 0
0.211147 -1.42509 2.9383 4.99251292609208e-14
0.934986 -1.91702 2.42963 3.25598734447465e-14
2.11108 -2.01848 2.54857 2.93616967697163e-14
2.06909 -2.10177 2.42871 2.73803243419444e-14
0.592475 -2.35015 3.03996 2.03037242876995e-14
0.943188 -1.74123 2.26258 3.86516547448586e-14
0.175926 -1.20573 -2.88034 5.96657784270851e-14
0.205931 -1.38525 2.46093 5.26927916960085e-14
0.412493 -1.05025 -1.31978 6.76273325949064e-14
0.0527637 -3.62953 -0.950859 5.13787685666448e-15
0.133734 -3.2009 -2.46946 1.99731462773306e-07
0.197475 -1.83979 -1.89591 5.2506915533663e-07
0.920749 -7.13949 1.05742 0
0.180615 -6.95604 1.3936 0
0.15214 0.03979 2.33017 0
0.269732 0.55007 -1.36302 0
0.10135 0.788442 -2.2124 11.8707642281634
0.599272 2.07047 -0.402962 0
0.321653 1.4442 0.350949 0
0.467991 1.99617 1.55519 0
0.590426 1.52848 0.941326 0
0.297667 1.09192 0.445914 0
0.0509979 3.15441 2.32186 0
0.708526 2.6049 2.20563 5.10618734301318
0.249309 2.35769 2.55865 18.4872541616483
0.181664 3.01361 1.3123 1.31487332418984
0.579306 -0.051325 -0.379604 0
0.349161 -0.473805 1.43011 0
0.150032 2.56516 1.78255 0
0.398307 3.50254 -0.0634291 0
0.291276 3.05202 -1.8272 0
0.171363 3.10021 2.37413 0
0.250141 -1.74992 -0.494215 0
0.25575 -0.829696 -2.20187 0
0.0897629 -6.77684 2.65682 1.53310591476335e-07
0.277083 -5.81067 -2.52234 5.11376628584321e-08
0.347559 -6.94184 1.56413 0
0.23453 -5.75254 2.18576 0
0.11 -3.77634 0.30845 6.93047228309655e-06
0.063648 -3.86824 0.180342 1.50804735787603e-05
0.0731267 -4.00653 -1.41267 5.42787735177056
0.312971 -2.1435 0.506207 8.10220320195836
2.17172 2.90037 0.797674 0.00934276515385261
0.777022 4.40249 -0.302224 0.162795661721521
0.0154828 -1.206 -1.5665 5.72522601701704e-05
0.0178244 -1.27714 -1.78554 5.69837533664628e-05
0.618115 -3.02971 -1.28596 9.04037637307594e-15
0.64119 -2.3346 -0.273708 2.16713883196337e-14
0.0843596 1.20305 1.73503 5.48187813122405e-05
0.350579 1.23193 1.71758 4.47131788053106e-05
0.507785 3.1163 0.177434 0.0261228944832222
0.594351 2.49413 -0.359018 0.565682049316543
0.376029 4.09277 -1.29496 0.251898426429771
0.235235 4.16336 0.83282 0.233066212481491
0.581563 2.17707 -1.38838 0.125771202541457
0.530928 2.95846 -0.448938 0.254750902274418
0.479294 3.11282 -0.116001 0.139641069108441
0.0858983 3.81234 1.14127 4.34976863249603
0.281368 2.25586 -2.19104 6.35453802470235
