0.701654 0.0376793 -2.51334 7.60064708966232e-14
2.18207 0.526559 -2.72295 1.76967558167065e-13
8.961 0.237925 -2.32466 1.01026210909719e-13
16.5727 0.192575 -2.29152 9.07646483126722e-14
0.119271 4.76243 -0.489343 0
0.224996 7.53933 -2.60553 0
1.86809 -0.0251327 2.8548 2.22441289610581e-13
0.854065 -0.481296 1.99169 2.34969569524237e-13
4.11487 -0.356271 2.87539 2.16183699443284e-13
2.2505 -0.872985 2.66873 2.33347732800233e-13
1.03763 -0.349153 -2.99718 1.57057308011573e-13
1.24752 -1.39098 1.49246 2.09912210442818e-13
6.7463 -1.42002 1.29955 1.59452622560383e-13
1.716 -1.49062 1.08714 9.83438579072586e-14
7.7874 -1.50763 0.392129 8.75804252272281e-14
24.0285 -1.52817 0.432758 7.55846145754596e-14
1.05003 -1.20447 1.52242 2.32132551048355e-13
1.39577 -1.21444 2.35073 3.72762970765954e-13
0.439159 -1.7861 2.41145 2.95894531731257e-13
1.668 -0.595849 2.59837 5.23303513586818e-13
0.0953038 -6.86876 -0.510917 0
0.67939 -5.28814 0.697541 0
1.25922 -4.58049 1.69163 0
1.69281 -4.93156 0.408735 0
1.26008 -3.31509 1.10104 0
0.263754 -3.53458 2.75188 0
0.569109 -3.37324 0.0670749 0
0.832255 -0.261233 1.82053 0
1.61185 0.0265285 2.40295 0
3.5035 0.264027 2.39041 0
2.47623 0.338088 2.07999 0
5.41337 0.366974 2.35885 0
4.8268 0.359941 2.35075 0
1.15897 0.710983 2.40303 0
0.679347 1.39578 0.964089 0
0.365208 0.885164 -2.47835 0
0.785581 -1.5852 -3.04964 0
1.23148 -8.25299 -0.96528 0
1.15916 4.95308 -2.04421 0
0.841684 5.0831 -2.1846 0
0.490461 4.80057 -0.595772 0
0.436861 2.92319 -1.51853 0
1.08926 2.7117 -0.76977 0
0.599814 2.19604 -1.08484 0
0.253733 1.19154 2.03526 0
0.376911 1.93266 3.10942 0
1.43098 0.182618 -1.69414 0
4.13356 -0.686595 -1.78934 0
0.141918 0.0819713 -2.50642 0
0.919295 -4.08954 -1.56398 0
0.618424 -3.66324 2.73568 0
0.916177 -5.86207 -3.06494 0
0.603266 -6.28941 2.07442 0
1.19906 -6.4634 -1.55548 0
1.27557 -6.06284 -0.488231 0
0.579328 -4.7747 -2.5969 0
0.533042 1.1446 -1.24136 0
0.481348 6.74264 3.08739 0
0.626841 6.5104 -1.6362 0
0.823421 7.25002 1.10504 0
0.132314 8.36506 0.149866 0
1.37428 6.04494 2.63253 0
0.343586 7.28223 0.33672 0
0.245724 6.35657 -1.04704 0
0.256145 7.82525 2.37212 0
0.689945 5.99869 -0.461229 0
0.151566 6.75758 -1.47729 0
0.805822 0.185219 3.07902 2.03360053549001e-13
5.6616 0.33068 2.85938 2.30657252559496e-13
0.269337 0.060962 2.55353 2.43116205497068e-13
0.322704 -1.21978 2.66688 2.34612079897254e-13
1.23359 0.245591 -2.41474 1.06127997277249e-13
0.0808934 -1.45002 -2.43898 1.96011105626556e-13
1.52958 0.0588528 -2.74018 1.1949164675028e-13
11.4142 -1.2723 1.28255 1.82180368463565e-13
0.399367 -1.65055 -0.831217 2.84072979839724e-13
2.29772 -1.46847 -0.167536 1.91835866262289e-13
1.83717 -0.757142 0.353827 2.78902865282166e-13
1.81845 -0.682356 0.5514 2.94084224192794e-13
0.455369 -0.459477 0.673152 3.78035869952533e-13
0.655349 -1.67998 3.00791 3.64415500425297e-13
0.244767 -2.41984 -2.79387 3.03660506250603e-13
1.3269 -2.10154 -2.44814 3.3777550378282e-13
0.363789 -1.35056 -2.26744 4.43001469611852e-13
0.229246 -3.57884 2.50062 2.27168525723654e-13
1.06075 -2.10134 -1.69671 3.17312626772682e-13
1.17931 -3.37895 -2.4198 2.53348887070718e-13
0.85058 -4.10511 0.785116 0
0.340751 -3.94347 2.73333 0
0.199318 -3.47112 2.56471 0
0.771546 -2.42587 0.730837 0
0.194338 -2.67227 -1.79002 0
0.849536 -1.61495 1.3768 0
3.73767 0.39106 2.17271 0
0.723975 -0.0484317 2.44044 0
0.313766 0.206702 2.7076 0
0.357261 2.06917 -1.55863 0
0.335834 1.7157 -2.21978 0
0.366013 -0.845153 0.629134 0
0.212211 -3.30194 -0.913145 0
0.417964 -6.38209 1.1275 0
0.258578 -6.30214 -1.42285 0
0.0948578 -7.72496 -2.42858 0
0.111317 -8.30553 -1.09797 0
0.0852959 -8.61422 1.17374 0
0.266413 5.3662 -1.91107 0
0.914862 5.01036 -2.49042 0
0.37388 4.10515 -0.680174 0
0.370256 2.23385 -0.18375 0
0.847328 0.155008 -0.492968 0
0.3958 -0.337991 -1.59425 0
0.645892 -0.71868 -1.87825 0
0.207414 -4.00177 -1.67267 0
0.787458 -4.66668 -2.12765 0
0.0839171 -4.86964 1.58922 0
0.262654 -8.59042 1.88911 0
0.142438 -5.35129 -3.03856 0
0.0926423 -2.16302 -1.66511 0
0.727854 -2.22808 1.45088 0
0.560686 -1.79704 -1.22127 0
0.421334 -2.10376 -2.74984 0
0.278002 -2.14146 -1.05394 0
0.647571 -0.608378 -1.20751 0
0.468604 8.58651 -2.25098 0
0.350568 7.25612 -2.58574 0
15.3878 0.215852 -2.3412 0.0895119398993304
0.176468 4.55517 0.607614 1.35914453253737e-08
0.068725 4.0601 2.77568 5.14433912567698e-08
0.21114 6.16506 -0.339455 0
0.0517272 5.20012 -1.67875 0
0.167421 6.95202 3.08267 2.48310391132627e-08
0.18288 6.78874 2.79684 5.39904347330828e-08
10.8704 -1.19028 1.17067 1.77209754945632e-13
15.9676 -1.20299 1.15133 1.69736257180503e-13
5.94009 -1.24866 1.17368 1.62880945618465e-13
3.54409 -1.20348 1.16568 1.72599451372679e-13
0.356383 -1.82318 0.481557 54.5293136627226
1.57404 -1.60046 0.434783 6.03584287540399e-08
4.0767 -1.51026 0.445056 9.76350989265631e-09
1.36686 -1.69119 0.358487 8.92911749583923e-14
2.29319 -1.50271 0.470104 6.89279981809325e-14
0.98018 -0.994223 0.292904 2.65655530420931e-09
0.768088 -0.884872 0.373163 3.70734812189947e-09
1.1305 -0.905506 0.133198 3.70450969662629
0.228618 0.129838 2.16772 0
0.50855 0.266596 -2.84679 0
0.396986 0.166243 2.19509 8.35596125415021e-08
0.726243 0.392923 2.59986 7.26032477001587e-08
0.227496 -0.688626 2.21525 0
0.366278 0.663421 2.1547 0
0.438721 3.29111 1.84759 1.64034747031486e-08
0.322303 2.83428 2.37671 4.21755671289939e-08
0.313217 4.42657 -1.05754 7.50817027046265e-08
0.0800848 5.1219 1.60279 1.0907561896818e-07
0.179291 0.415159 -0.57952 0
0.22173 1.30546 0.870823 0
0.12958 0.0636565 2.2476 0
0.180302 -2.11766 1.68976 0
0.427906 -1.43505 1.33403 25.1835123457392
0.203022 -1.64371 -0.157407 43.9209955217999
0.0477595 -3.64637 1.96554 3.42448163706407e-05
0.0499923 -3.76572 2.0716 4.61738046823982e-05
0.472566 3.75443 1.49132 2.52736862747021
0.156614 5.03471 2.14241 2.11809420672924
1.81035 0.364298 2.81367 22.4044248308291
1.2316 0.319486 3.08411 33.4193555722252
0.142265 -1.00157 0.850738 5.84537142992643
0.808161 -1.4154 0.230518 0.727620531470493
0.361631 0.118668 -2.4109 9.55655476440618
0.104312 -0.70687 -0.0758527 26.4629994374158
1.3885 -0.963956 0.0559781 2.4636437029755
0.46899 -0.940417 -0.000600742 7.1668631360377
7.96374 -1.37245 -0.457722 0.230902427075604
12.2376 -0.528535 -1.82681 0.135091061265725
21.5683 -0.557866 -1.81052 0.0767879746485969
1.48326 -1.37812 -0.65236 0.231839663170135
2.1715 -0.538114 -1.96934 0.936319364796461
21.268 -0.551068 -1.81753 0.0812420252780588
7.31325 0.260015 -2.31456 8.09416233868386
5.74114 0.201553 -2.3389 10.244634278401
0.747808 -1.331 -0.426131 0.349884638092915
3.22776 -1.29131 -0.619535 0.303204717639557
