28.4075 1.3936 -1.95576 5.97400062951034e-13
1.5516 0.759521 1.0257 0
0.641806 0.0907395 1.41982 0
0.994565 4.77483 -1.38063 0
0.701454 3.77014 0.539938 0
0.631092 4.27261 -0.0670021 0
1.7095 -0.327539 1.36008 0
0.0557722 -0.822888 0.122604 0
0.723094 -0.629554 -1.28666 0
0.283444 -0.723992 1.83445 0
1.11156 -1.93101 -2.75377 0
0.851706 -4.24412 2.62162 0
20.0403 -0.829458 1.66325 0
14.5191 -0.823479 1.68438 0
0.18292 -0.647153 -0.700595 0
0.423834 3.84214 0.522882 0
0.310732 3.32458 1.96501 0
0.467336 4.26604 1.44936 0
0.16626 4.28295 -2.87578 0
0.433752 6.12733 1.56515 0
2.09589 4.77544 -0.748178 0
0.597469 3.36581 0.28991 0
0.918178 3.39355 -2.65496 0
0.693115 3.10491 -0.814775 0
0.47019 2.12807 -0.0170391 0
0.0273247 3.33053 -1.27127 0
1.44235 1.07331 -1.11766 1.95916211967192e-13
5.39399 0.978217 -1.16518 2.04558828065289e-13
2.27061 0.922087 -1.3241 1.92421813674736e-13
1.30161 0.938521 -1.42464 1.75507948187621e-13
1.31794 1.43093 -1.39471 1.12598647694557e-13
1.16265 1.14072 -1.61414 1.11881299362562e-13
1.61249 0.949967 -1.52573 1.59698375262684e-13
3.04877 1.26222 -2.13563 4.78630578461827e-14
0.983634 1.28267 -2.59322 1.04433842780762e-13
1.41933 1.25545 -2.27621 6.17708426393275e-14
17.3629 1.52252 -2.4325 6.1000610378671e-14
1.21047 -1.12932 0.120987 0
3.18922 -2.1014 0.627469 0
6.19707 -1.96175 0.471137 0
1.37293 -1.9377 0.832404 0
6.32349 -1.95798 0.320564 0
0.733182 -2.99588 2.07564 0
0.783069 -4.81854 1.17045 0
0.163383 -4.02947 -2.14149 0
0.475145 -2.71414 -0.597664 0
0.440082 -0.473846 -1.14173 0
1.1036 3.09838 -1.38401 0
0.331119 0.341131 0.0569992 0
0.584827 -1.33992 -2.14611 0
0.454026 -2.97866 -2.99295 0
0.591633 -3.40879 1.98609 0
0.289321 -4.03496 2.42244 0
0.269166 -3.96124 -1.77682 0
0.0568122 -10.0395 1.56255 0
0.148958 -6.88735 -1.64548 0
0.846046 -5.45306 -0.260599 0
0.35776 0.289893 -0.911451 0
1.73181 1.8236 1.43342 0
0.100213 -5.60086 2.01781 0
0.213595 -0.924281 1.28877 0
0.312995 -1.81078 -0.190721 0
0.830155 0.408465 1.61197 0
0.134946 0.229104 1.0064 0
0.460246 3.11398 -0.376368 0
0.554439 5.10015 1.1299 0
0.575275 4.00533 -0.752358 0
0.631748 6.78461 -0.0562309 0
0.23899 3.57008 -2.96738 0
0.105956 4.56584 -0.419527 0
0.0915424 -1.71252 -0.738769 0
0.692055 -0.399094 1.53834 0
0.367518 -3.71776 1.53569 0
0.840743 -1.11121 2.10362 0
1.75068 -1.22414 1.24703 0
0.49562 2.16287 -0.875634 8.1129001754176e-14
0.0942085 3.34967 1.4587 2.98460484037116e-13
0.368391 1.96739 -2.00646 3.57916121986811e-13
0.147937 2.20161 -2.29575 3.68578123958419e-13
9.16494 -3.58506 -2.56774 0
2.49356 -3.56076 -2.56217 0
0.37906 -3.56517 -1.86044 0
0.641463 -2.2829 -1.03792 0
1.18256 -1.87816 -0.136296 0
0.444206 0.172637 1.93485 0
0.621177 -1.23653 0.871305 0
0.709511 1.36549 0.758272 0
0.333553 6.77081 -2.06743 0
0.431374 8.77601 -1.94779 0
0.22768 6.2477 -0.423267 0
0.200393 7.33879 1.32554 0
0.230221 5.4801 2.20506 0
0.280863 3.66181 1.02711 0
0.112216 5.13473 1.19095 0
0.517806 -3.61948 -0.0789146 0
0.504941 -5.4708 0.136875 0
0.29231 -7.23388 2.85738 0
0.460591 3.92434 -2.56822 0
0.411259 3.73282 0.309611 0
1.39198 -0.414906 0.774213 0
0.78213 -0.0331993 1.35355 0
0.990067 -0.591888 3.1015 0
0.30608 -2.31911 1.41701 0
0.437721 -3.98335 -3.03361 0
1.00908 -3.77296 2.91177 0
0.736701 -3.78413 -0.52523 0
1.49399 -0.909291 1.7976 0
1.78136 -0.563168 1.52116 0
0.100489 0.143785 -0.957879 0
0.461525 2.88686 0.609705 0
0.518786 2.01341 -0.325031 0
0.546708 3.38792 0.765364 0
1.27335 4.07666 1.85007 0
2.30875 4.06199 1.51432 0
3.77524 3.55293 1.9645 0
0.871731 5.87619 -1.44387 0
0.179753 6.42385 -3.04343 0
0.443728 5.48055 0.129443 0
0.585252 3.644 -1.51697 0
0.382316 3.03876 -3.02876 0
0.493303 2.46053 2.76104 0
0.532045 1.6533 -2.13766 0
0.771448 1.67272 -1.88053 0
0.513167 1.30533 -0.393729 0
0.641735 0.745035 -2.23647 1.76190710849216e-13
0.188151 -1.14941 1.96903 0
1.06734 -2.05076 0.488842 0
4.04075 -1.93797 0.414948 0
3.5254 -2.11389 0.39159 0
0.841569 -1.77191 0.168438 0
0.297629 -2.72294 0.333932 0
2.36621 -1.83292 0.565805 0
1.19396 -1.76234 0.517709 0
0.323023 -2.01972 0.556073 0
1.76628 -1.44977 -0.0114442 0
0.15501 -1.32888 0.803987 0
0.0534897 -6.81339 2.72419 0
0.237415 -5.31501 -1.90625 0
0.211422 -2.93429 2.21566 0
0.653298 -3.99544 -1.04224 0
0.673561 -3.2196 0.0265902 0
0.790001 -2.06739 -0.590202 0
0.984957 -0.640242 -0.0624927 0
0.133403 -1.47653 0.751481 0
0.660039 0.0182577 -1.64312 0
0.259051 -3.28552 -0.111141 0
0.342081 -4.25756 0.686564 0
0.250866 -2.55032 -2.06521 0
0.212343 -4.26467 0.178792 0
0.200894 -4.3788 0.800872 0
0.137998 0.161209 -0.367308 0
0.424833 -1.24461 -0.857252 0
0.0258284 6.87189 -3.09092 0
0.350965 5.29779 -0.121759 0
0.754651 4.49801 0.768225 0
0.377055 3.04909 0.584535 0
0.0257842 5.36294 1.45104 0
0.0838517 -4.43846 -0.212578 0
0.233066 -3.0497 3.03295 0
0.133103 -4.11446 0.103383 0
0.653203 -1.39282 2.32645 0
7.8677 1.01347 -0.748867 4.60560927352376e-13
3.35261 1.77103 -1.38034 2.54582570349176e-13
4.30648 1.89182 -1.28017 2.05451945915508e-13
1.24775 2.08248 -1.21417 1.65539279865072e-13
0.0527671 2.8413 1.8159 3.54655786344051e-13
0.257041 2.97032 -1.82027 2.48885811802412e-13
7.88411 -3.72986 -2.49792 0
8.65903 -3.69822 -2.5178 0
0.757321 -1.92365 -1.41403 0
0.61224 -5.22662 2.05284 0
0.422967 -4.5259 -2.74638 0
0.533553 -4.24964 -0.953263 0
0.605464 -4.29894 1.85511 0
0.594047 0.128567 -2.20764 0
0.449602 6.48852 -2.38358 0
0.121176 5.60425 1.26629 0
0.556308 6.41884 -2.06439 0
0.44272 4.51049 -1.75736 0
0.410082 1.55408 -0.0620582 0
0.330069 0.636146 -1.92493 0
0.57332 -1.50942 -2.07785 0
0.377921 -1.27968 0.0340821 0
0.349051 -5.26839 -0.360587 0
0.21557 -6.87316 0.0349331 0
0.34122 -8.11645 1.74557 0
0.308095 -8.57906 -1.64488 0
0.254223 -1.25215 2.22076 0
0.0342807 -2.61272 0.379058 0
0.235668 -3.57409 1.17129 0
0.102473 -5.73453 1.60484 0
0.411196 -4.29944 -1.27585 0
0.388186 -3.5338 -1.96601 0
0.258989 1.23879 -0.411546 0
0.529517 1.8287 -1.20896 0
0.741796 1.24814 -1.86958 6.04018934248987e-14
1.75783 1.25801 -2.51102 9.46314595548085e-14
0.576323 1.39716 -2.58337 9.20005053806418e-14
2.02217 1.24442 -2.44628 8.66665100279665e-14
1.58389 1.51365 -2.46569 2.15199509977871e-09
2.22136 -1.71035 0.362187 0
0.977424 -1.86169 0.103526 0
0.399315 -3.33084 0.152248 0
0.123933 -4.86805 -0.527437 0
0.518558 3.17841 -2.30535 0
0.224809 3.18026 -0.765367 0
0.209068 -0.666364 -1.46738 0
0.112611 -2.23177 1.89704 0
0.154609 -6.08838 1.50183 3.61886847868178e-09
0.0353029 -6.04275 0.876705 2.09749504589103e-09
0.144704 1.28306 2.88788 1.54048265079977e-07
0.306886 1.01557 2.441 8.98775246598163e-08
5.33492 -0.846077 1.55507 0
15.017 -0.84605 1.56282 0
1.36172 2.25616 -1.39651 6.54188403856607
0.304864 2.37461 -1.08206 25.9912710630389
0.0664919 7.57316 -0.102339 2.59561613471053e-13
1.73023 5.95483 0.398701 2.57505648687518e-13
1.86112 5.87196 0.512701 2.57815052380646e-13
0.222572 -1.57427 -0.40717 0
0.0739553 -3.34582 -1.40739 0
0.644632 -1.02248 -1.34777 3.19610562314625e-08
0.390949 -1.31124 -0.970242 3.86088326535024e-08
0.0530649 8.41216 -2.87895 0
0.387035 7.36184 -2.74542 0
3.16181 -0.813741 1.57817 8.14774232339205
2.98124 -0.688647 1.62608 9.38924425616971
0.100991 -1.97554 0.214419 69.650324417389
0.428132 -1.589 2.44718 23.6001456525135
0.165639 -2.08368 1.52434 1.59809267558215e-08
0.127886 -2.56691 2.25246 4.09006139693802e-08
0.365114 5.31008 0.103927 2.52649068618323e-13
18.2443 1.0948 2.55277 0.46139852865644
2.70533 0.996517 2.47508 0.176974623757216
0.0568255 -1.18774 -1.39045 10.0308655367354
0.0170922 -1.03869 -1.30522 12.2415660595497
13.8158 0.99234 -0.794525 0.35142813163604
8.27025 1.02582 -0.808119 0.594547472465846
6.68481 0.969791 2.44353 0.358578501406881
18.6596 1.01756 2.45328 0.225025829253259
1.15469 1.53285 -2.44567 9.83764247790883
5.22899 1.38834 -2.44626 2.66393064987948
26.848 1.02682 -0.766145 0.359291242578214
8.99017 1.06671 -0.784351 0.928652661132612
