0.0172942 9.74335 -1.27825 0
0.50995 6.06833 -0.885579 0
0.296054 2.21192 0.127132 0
0.719537 0.205157 2.93815 0
0.509643 -0.353233 -2.27332 0
0.617978 -0.0355589 1.36866 0
0.278623 -3.1634 -0.864082 0
0.401869 -4.77741 -0.968174 0
0.433931 -8.86976 -0.227257 0
0.278143 -8.08014 2.45454 0
0.184046 -8.36061 1.93493 0
0.597191 -0.94212 2.69792 0
0.174293 1.80887 1.93054 0
0.378868 2.92908 0.495541 0
0.427808 5.37606 -2.20113 0
0.513854 7.29914 0.735795 0
0.368177 6.85572 3.01098 0
0.495135 6.32006 -1.42525 0
0.148769 9.70645 -0.518277 0
0.202677 7.11008 -2.60853 0
0.265414 5.0429 -0.558091 0
0.617074 5.24657 1.61768 0
0.132467 2.80932 2.8326 0
0.608836 2.59464 -2.83918 0
0.729579 2.65733 0.362039 0
0.312967 -1.53969 2.32369 0
0.230105 -3.8745 -0.2334 0
0.332616 -3.60433 -1.5615 0
0.33083 -6.03849 2.97379 0
0.42526 -7.03953 -1.0584 0
0.245235 -7.69186 2.25904 0
0.375123 -7.52413 -1.27014 0
0.384097 -6.31274 0.848399 0
0.447414 -5.30535 -0.94563 0
0.154739 -4.15839 1.94941 0
0.282611 -4.78793 -2.3766 0
0.0878292 -7.9792 -2.80125 0
0.349423 -4.69572 3.00343 0
0.667916 -2.94874 -0.62195 0
0.559137 -5.8871 -1.37556 0
0.0695316 -6.83755 0.453223 0
0.038514 -8.95427 -1.45226 0
0.350526 -6.59826 0.930096 0
0.0647808 8.33602 1.8133 0
0.219169 5.97651 -1.46989 0
