0.127609 3.72324 2.32082 0
0.297107 5.4401 -1.69968 0
0.608279 -3.76053 -2.70419 0
1.6314 -1.84557 -0.309444 0
0.758929 -0.54878 0.224756 1.31858464970641e-15
2.01637 -0.341138 0.747338 1.1789715611532e-15
8.85823 -0.141334 0.8395 1.29001428980342e-15
0.30124 -0.279432 0.700393 1.24950894184535e-15
0.462858 -0.673668 -0.568476 1.5059268656314e-15
2.22751 -0.327088 -2.44972 1.53577681104928e-15
2.88165 -0.185768 -2.74912 1.53957677128378e-15
3.56066 -0.15273 -2.54658 1.51079443189544e-15
0.332186 0.28582 -2.10585 0
0.254148 -1.69275 0.323121 0
0.348542 -5.26754 -1.98904 0
0.693732 -2.16994 1.49589 0
0.330245 -2.3362 -1.49231 0
0.171053 -3.01319 2.79497 0
0.0958586 -5.42397 0.30441 0
0.239772 0.0474573 -0.395472 0
0.133043 -1.72358 -2.281 0
0.414242 4.83984 0.23546 0
0.152203 4.00592 0.154583 0
0.253307 2.88023 -1.3733 0
0.100189 6.78475 -0.327812 0
0.515668 6.13581 0.698934 0
1.15021 5.48263 2.29185 0
0.940653 5.91005 1.78522 0
0.318368 5.46015 -2.71148 0
0.152638 6.6376 1.05681 0
0.171601 5.07779 -1.21888 0
0.405013 6.42282 0.911978 0
0.584161 6.34388 2.41337 0
0.244374 3.3426 -2.68493 0
0.496486 3.92577 -3.06851 0
0.694748 3.16073 -2.0715 0
1.38013 1.60967 -0.979093 0
0.537192 2.75394 -0.548426 0
0.31967 1.3907 2.80509 0
0.710035 3.03933 -1.64669 0
0.272278 1.73483 2.52979 0
0.259047 1.79031 2.41004 0
1.11952 1.53425 -1.77005 0
0.492547 -0.96101 -1.36308 0
0.164001 -3.27839 1.13997 0
0.352168 -2.83716 -1.80191 0
0.100635 -2.78744 0.0100908 0
0.326659 -3.31064 -2.88987 0
2.08329 -4.58784 -1.737 0
0.363978 -5.39616 3.00276 0
0.58873 -6.89162 -0.529864 0
0.294339 -9.02315 -0.986825 0
0.660932 6.6187 3.10501 0
0.520434 9.2062 -2.71421 0
0.150059 8.47263 0.670678 0
0.520925 3.17852 1.76602 0
0.608334 2.83602 -2.96077 0
1.17884 2.43335 -2.96736 0
0.248569 4.96608 -2.4531 0
0.208806 -3.08139 -1.87572 0
0.406252 -4.40084 -2.85638 0
0.189928 -2.55587 0.457296 0
0.63982 -3.20962 2.75139 0
0.205423 -1.2383 -0.421528 0
0.339597 -3.85574 -0.122595 0
0.627972 -2.11386 0.567202 0
0.674712 -0.26704 0.296914 1.42842103591956e-15
0.158 -2.24399 -0.752697 1.09269710926792e-15
0.446572 -0.15255 0.0718067 1.52241286235595e-15
4.15482 -0.192287 0.791902 1.27164067427705e-15
1.46584 0.081051 0.986117 1.39713606109341e-15
3.32619 -0.088364 0.822603 1.33427965884663e-15
1.01192 -0.550113 -2.68325 1.51983360689488e-15
0.667847 -0.562494 -2.28795 1.5433899770037e-15
2.50679 -0.47256 -2.72884 1.52862022604017e-15
8.24383 -0.169711 -2.6147 1.52446405316315e-15
1.10459 2.65712 -2.16629 0
0.226954 3.3261 -2.00477 0
0.419018 -5.2605 0.816258 0
1.39541 -5.83363 1.40307 0
0.851475 -6.40793 1.19041 0
0.852808 -5.75596 0.596297 0
0.873808 -2.93522 1.21845 0
0.300718 -2.12032 0.387409 0
1.22021 -2.97468 2.91795 0
0.533865 0.877472 -2.85836 0
0.270011 2.44748 1.36733 0
0.342087 2.14539 -2.71123 0
0.714851 4.4585 0.126447 0
0.330636 6.35344 0.485563 0
0.359854 6.0295 -3.1233 0
0.841011 5.35957 -0.815847 0
0.174899 4.50555 0.390581 0
0.124078 3.09417 3.08167 0
0.577146 4.15283 -1.49904 0
0.436555 3.68068 -2.85473 0
0.0981534 1.54037 -0.931332 0
0.149897 4.10038 2.91399 0
0.608185 2.74514 -2.4107 0
1.84518 2.09585 -1.06081 0
0.596904 2.40814 -1.85739 0
0.185076 4.08004 2.15668 0
0.483018 0.79387 1.04737 0
0.505853 1.08485 1.74884 0
0.626022 0.946794 1.37935 0
0.372414 0.565377 1.41198 0
0.506635 1.08447 2.96439 0
0.493002 -0.539275 -2.38372 0
1.89079 -0.500134 -1.33296 0
0.511388 -3.11666 -0.0762988 0
0.613825 -3.10977 -1.29786 0
0.517789 -2.12852 -1.83338 0
0.760608 -3.75246 2.80044 0
0.427547 6.20199 -1.26106 0
0.0171317 8.65927 -0.415041 0
0.192687 -4.84265 2.85753 0
0.934981 -3.97806 -3.10928 0
3.5345 -0.13204 0.926154 1.2637125663603e-15
1.88593 -0.266638 0.918856 1.1539303972749e-15
0.958786 0.205886 0.87241 19.29097929093
0.57177 -0.343535 -1.73717 1.48148295736565e-15
0.691458 -0.598944 -2.06627 1.54401788450299e-15
0.019839 -0.495781 -0.618483 6.91383186849944e-08
0.185164 -1.31002 1.99251 2.57607802973326e-08
0.522598 -1.81154 0.873239 0
0.157788 -2.6813 0.332976 0
0.121088 -3.58242 -0.335297 0
0.131781 -4.54334 -0.821247 0
0.149887 -4.55263 2.64166 0
0.241218 -5.13203 -1.26969 0
0.356292 -4.25358 1.34579 0
0.416136 -3.59501 0.586555 0
0.0864875 -3.89686 -2.34147 0
0.268283 -1.97482 0.0740317 0
1.25685 5.07617 1.57104 0
0.525238 5.16146 2.02056 0
0.0591741 2.65161 -0.573123 0
0.296998 2.54693 -1.04918 0
0.248059 1.67572 -0.214431 0.120229480873905
0.115237 -1.77181 -0.56813 18.1386712660307
1.4621 -2.98669 -1.04667 3.22421460799429
0.222552 -3.39017 -0.918293 14.121529640735
0.289315 -3.03404 -0.765656 0
0.658404 -2.37534 -0.00512388 0
4.55821 -0.264592 -2.72567 8.7947326710413
1.28773 -0.278805 -2.57477 31.0025931151026
0.230726 4.37642 -1.07779 1.40980475641836
0.186831 4.47118 2.34482 1.59042970896751
0.40062 0.676396 0.332976 47.005932157307
0.374713 0.902081 -0.758966 43.3159110540662
0.525875 1.77203 -1.54753 4.72880778224941e-08
0.0544936 1.77928 -1.53988 4.48773107276791e-08
2.83948 -0.36649 -1.22017 10.1983110407563
0.600767 -0.520955 -1.11025 44.9826346340819
0.747866 -2.94449 -1.44414 2.88847113450214
0.0452388 -4.22824 -1.50053 13.2668796963734
