2.32098 -4.7268 -2.32628 0
0.0369725 0.303892 -2.63039 2.50396026645165e-13
3.98171 1.68274 -3.05057 1.45976557589415e-14
5.53767 1.64852 -3.10462 1.11040332821296e-14
0.297425 7.50901 -2.79664 0
0.397491 5.29717 2.43463 0
0.622881 5.08838 -1.43613 0
0.659038 3.75169 0.36676 0
0.780286 1.86273 -2.18966 0
2.1816 1.44101 -0.584604 0
0.761696 2.84283 -1.63797 0
0.676627 2.57036 -0.730935 0
0.401238 6.44818 0.887035 0
0.613923 6.71016 0.197628 0
1.73236 -0.887186 1.61148 0
0.715079 -0.56159 1.52271 0
4.87711 -1.15443 1.61996 0
0.358859 3.23304 -0.788002 0
0.629933 3.90811 1.38218 0
0.574586 3.48814 -0.712831 0
0.460166 4.15217 1.16935 0
1.10283 1.00892 0.284722 0
0.88593 0.0324095 0.0304324 0
0.773513 -1.66441 2.13294 0
0.247537 -10.048 3.06003 0
0.144737 -1.12415 -0.287536 0
0.892654 -1.52796 1.72089 0
0.441841 -0.676669 -1.57859 0
3.72009 -3.92317 -1.24135 0
0.526738 -4.39858 -0.762319 0
1.6268 -4.834 2.04694 0
0.560025 -3.85386 2.05391 0
0.667362 -6.11752 2.15228 0
0.522344 -6.38766 -3.11319 0
1.87549 -5.23242 2.16233 0
0.611345 -3.52704 1.5185 0
0.551286 -3.86105 -0.617225 0
0.432685 -1.3676 -0.212445 0
0.168245 -2.02233 -3.06519 0
2.54121 -0.206622 -2.32497 0
0.220245 3.81521 1.43612 0
0.456215 -3.82224 -2.84977 0
0.996455 0.854392 -0.391719 2.73719943789734e-13
1.01135 0.850631 -3.12958 1.31075627759265e-13
0.551084 0.973667 2.064 1.71601318189376e-13
0.746154 5.82435 -2.06004 0
0.596495 5.79048 2.84551 0
1.39416 4.74429 0.690645 0
0.496317 4.06301 0.865502 0
0.199877 3.20007 -1.56911 0
0.0638504 4.19147 -0.43646 0
1.08023 2.68033 -0.700719 0
1.32256 2.50974 -0.345296 0
0.497324 2.06188 -0.566429 0
0.275255 0.982609 2.17518 0
0.0967084 3.51681 -1.69892 0
2.09689 0.590888 1.24415 0
0.383645 1.21167 0.919456 0
0.433835 4.09694 0.858732 0
0.0489833 3.48954 -1.78244 0
0.692201 2.24827 0.724849 0
0.448706 2.85956 2.97727 0
0.276096 1.26888 -1.59413 0
0.434085 -0.0978621 1.80777 0
0.511451 -1.37726 0.626485 0
0.247453 -5.208 -0.207312 0
0.333625 0.263831 2.99859 0
0.572349 4.48969 1.41531 0
0.310269 6.61897 2.05847 0
0.269343 5.63921 -0.71357 0
0.215807 6.89742 2.55944 0
0.198269 2.75025 -1.17782 0
1.09644 2.92576 0.0867271 0
1.11891 1.59573 0.18255 0
0.597845 1.70372 -0.585191 0
0.130528 1.69011 -2.24176 0
0.403348 -0.192639 -2.18157 0
0.51911 0.294378 2.67309 0
0.328502 -2.55669 3.13541 0
0.528295 -3.66309 -0.498409 0
0.218731 -2.78654 1.19626 0
0.163104 -6.2883 2.91942 0
0.846859 -0.821688 3.00774 0
0.642364 -1.06507 1.77215 0
0.212503 -2.42248 0.362964 0
0.853126 -0.838302 2.05072 0
0.439441 -3.28192 -0.796543 0
0.869682 -3.84335 -0.681295 0
0.632621 -4.96654 -1.18061 0
0.158793 -2.87844 -0.408839 0
0.153263 -3.63192 -1.27878 0
0.090414 -2.16075 2.15497 0
0.560723 0.0389455 -1.05677 0
0.920556 0.0401988 -1.21859 0
0.322514 -0.818138 0.248837 0
1.53764 -1.02136 -2.31057 0
0.012799 5.56982 -2.78787 0
0.375987 1.47321 -0.27229 0
0.303849 4.97563 -1.38724 0
0.349559 4.30636 -3.13643 0
0.499824 8.85625 2.93714 0
0.501155 8.2202 -1.37932 0
0.562107 1.51364 2.52765 6.84030435422887e-14
0.548204 1.2813 2.74942 7.06956856660935e-14
0.116872 4.14142 1.03632 0
0.170348 5.16427 2.82704 0
0.701795 2.13655 -1.02384 0
0.145831 2.27643 -1.9085 0
0.156301 2.38846 1.29411 1.09741615691017e-07
0.311279 2.11766 0.637038 3.21633035108676e-08
0.601402 1.35898 1.05131 0
0.153835 2.05698 1.93882 0
0.792953 2.78267 0.717801 0
0.250009 2.73153 -0.252899 0
0.383708 1.90081 0.918279 0
0.564001 2.37671 -0.171986 0
0.300592 2.48139 -0.146751 0
0.629384 1.85554 0.220511 0
0.211975 -0.829126 1.97319 0
0.185181 -1.68222 1.48093 0
1.69855 -2.98468 -2.11398 0
0.413187 -2.66098 -2.36614 0
0.32728 -4.9088 -0.968646 0.586660156837207
0.118167 -6.11125 2.13746 0
0.177141 -6.56028 2.94211 0
0.219158 -6.15883 -2.16447 0
0.0848641 -5.35292 -0.290192 0
0.317854 -4.17955 -1.38079 0
0.602508 0.136412 -1.65832 0
0.4345 -0.687155 -1.30436 0
0.215447 0.221508 1.38067 0
0.0919942 1.602 0.135261 0
0.0812396 7.04668 -0.671122 0.405176086248619
0.0783076 5.04376 -2.96099 3.09930951001752
0.525568 0.116302 2.08586 23.1663834045581
0.101172 0.472537 0.341035 108.411770157144
0.139427 -1.70368 -0.00935407 34.876964765718
0.0829039 -4.0164 0.16244 6.00133472176356
0.707391 1.81774 -0.799415 0
0.344838 2.35911 -2.25277 0
0.281217 5.4227 3.01312 0
0.496236 5.58258 1.18749 0
0.0991569 -1.6312 2.91777 1.11881919110331e-07
0.364046 -0.992234 2.03661 5.42760437576277e-08
0.403147 -6.44763 -2.88466 0
