5.45741 0.374577 2.14073 0
0.772342 0.0461506 2.92734 0
0.782162 -2.96072 0.909078 0
1.06868 -3.04661 0.786538 0
0.0202559 -4.64738 2.46306 0
0.589311 -3.47521 -1.67015 0
1.95119 -4.1019 -1.04577 0
0.938014 -2.57457 0.0624837 0
0.401548 -4.29189 -2.9123 0
0.257958 -6.51434 -1.01323 0
0.534298 -9.06973 -2.45904 0
0.180377 3.64546 -2.69957 0
0.380991 3.52547 0.762168 0
0.620629 1.48431 1.67348 0
0.303791 1.68869 0.106113 0
0.375468 3.386 -0.252638 0
1.19768 3.15905 1.09652 0
4.42332 2.1525 -0.78228 0
0.960151 1.75979 -1.47788 0
1.99855 0.705043 -1.0959 0
1.04484 0.553375 0.74613 0
0.836197 -1.03853 1.77799 0
0.56525 -0.331829 2.00099 0
0.301344 -0.559147 -0.262371 0
0.033039 -4.50916 2.79232 0
0.836635 -1.44294 -1.38414 0
1.58688 -2.19918 -1.09996 0
2.65781 -0.315284 0.456051 0
0.300111 -2.62024 -2.57568 0
0.110342 -4.9152 -2.59013 0
0.648424 1.64051 2.42837 0
0.928941 2.23725 -3.09371 0
0.669072 3.05503 2.94047 0
0.132868 5.03358 2.73621 0
5.99255 -1.98687 -2.61382 0
0.609443 -1.76629 -2.73919 0
0.952164 -1.63806 -2.1055 0
0.214161 -0.290613 -2.62764 0
1.57744 -1.34557 -2.03174 0
1.06448 -0.542577 2.23034 0
0.865325 3.07422 2.03215 0
0.866317 5.14126 1.56829 0
0.243308 4.87214 -1.68292 0
0.472717 1.64879 2.14226 0
0.599107 -1.77366 -2.80615 0
1.09755 -4.66665 1.81139 0
0.623606 -4.54278 2.07917 0
0.553037 -7.49783 2.23622 0
0.0634286 -7.52901 1.28076 0
0.423299 -6.8244 0.899493 0
0.30211 -3.01586 0.0494029 0
0.414715 1.25921 -0.570497 0
0.291233 2.64474 -0.0984384 0
0.86042 0.612059 1.74537 0
0.434077 -2.987 2.43223 0
1.50019 4.48612 3.01917 0
3.94554 4.71135 3.04128 0
3.81091 4.52212 3.03036 0
0.69233 4.61492 2.90042 0
0.205271 -2.14277 -2.55563 0
0.638081 -4.48938 -2.0482 0
0.253603 -3.71446 1.50106 0
1.00925 -3.99104 -1.21445 0
0.201106 -4.91564 -3.06599 0
0.406478 -2.88678 0.690215 0
0.84835 -4.17904 -0.476266 0
0.193005 -4.12207 1.45555 0
0.0923656 -3.3078 1.21485 0
0.161197 -4.4822 -2.79709 0
0.468011 -4.46631 -0.755676 0
0.600056 -5.70978 -3.05079 0
0.473726 -8.29738 0.0315386 0
1.19033 2.90912 -0.390381 0
1.52776 3.30035 -1.52069 0
0.367019 3.97749 -0.881822 0
0.816837 1.92348 1.54647 0
3.29031 2.10947 -0.406622 0
0.949804 1.70535 -1.77961 0
0.127445 2.83277 -3.05819 0
0.521694 0.51672 -1.69818 0
0.391266 1.81817 -0.504056 0
0.244732 2.36273 -2.58252 0
0.5911 0.878286 -1.49685 0
0.244978 0.112084 -2.76221 0
0.740028 0.0971992 -0.550988 0
0.396619 1.17541 0.163848 0
0.304605 0.981488 -0.656315 0
1.18473 -0.476926 2.01405 0
0.183901 0.0111939 -3.04073 0
1.06357 -0.524354 1.68144 0
0.0730591 -2.18814 0.243076 0
0.786151 -1.48075 -1.12936 0
1.17126 0.648395 -0.264398 0
0.203516 2.02504 0.269984 0
0.144321 2.71355 -2.04241 0
0.298521 -0.389158 -2.02475 0
0.035539 -3.35693 -0.95741 0
0.022446 -2.04282 2.65005 0
1.60996 -0.68083 0.197921 0
0.84843 -0.931163 -0.353472 0
0.406751 -1.48585 -2.65367 0
0.351711 -1.14599 0.761948 0
0.321554 -2.48889 -1.00135 0
0.111206 2.18065 -0.24758 0
1.26951 2.29341 -2.53846 0
2.32568 2.41748 -2.51828 0
0.60039 3.69352 2.77719 0
1.20203 3.17568 -2.85916 0
0.534233 3.89834 2.46154 0
0.398803 5.07893 -2.1764 0
0.299492 7.23959 -0.655195 0
0.233202 5.92581 0.664178 0
0.435892 6.48588 -1.71228 0
0.50667 5.74517 0.955202 0
0.0233125 5.53845 2.55095 0
2.03223 -1.98955 -2.9609 0
0.202376 -1.36122 1.15136 0
0.214495 4.86755 0.355365 0
0.659533 4.83921 0.106898 0
0.238846 4.62721 -1.84511 0
0.425062 -2.12895 -0.806483 0
0.306272 -5.31479 2.56941 0
0.442193 -4.44724 0.799008 0
0.229247 -6.29407 2.93418 0
0.118247 -5.67447 3.0182 0
1.13119 -3.47993 1.98739 0
0.209021 -7.33174 0.957366 0
1.02568 -0.635296 -1.50797 0
0.283243 1.17698 1.63592 0
0.0868497 1.49164 0.759652 0
0.365386 3.57024 -3.02129 0
0.5868 -2.34199 1.1479 2.58122445811596e-08
0.346421 -2.49313 1.25741 6.82223649346113e-08
3.38729 3.24554 1.61959 0.172390743572879
0.507895 -2.43605 -1.62676 0
0.42799 -2.55783 -2.01554 0
0.116166 -5.18082 -0.278717 0
0.16207 -4.00904 -0.728126 0
0.0495628 -5.46759 0.423862 0
0.380961 -4.09723 1.10169 0
0.133149 -7.16442 -2.3619 4.13886470870644e-07
0.148412 -7.59396 -0.483763 2.85909469438765e-07
0.85729 2.68404 0.983678 0
0.229477 3.16045 1.39428 0
0.118295 -0.187978 -0.587649 0
0.110845 1.11299 2.43346 0
0.373397 5.11269 -2.43496 0
0.046505 6.39811 2.45728 0
0.309092 1.16473 -0.106764 0
0.130277 2.73317 0.515786 0
0.269003 -1.58993 -2.93618 0
0.139617 -0.862716 0.255991 0
0.239515 -5.1242 1.45255 1.03402390015663e-06
0.687775 -4.24022 2.07947 8.50949766754317e-07
1.07323 -2.63955 2.87395 0
0.189588 -3.05297 2.40843 0
0.152984 -5.83705 2.61548 0
0.184597 -5.29849 0.255702 0
0.985712 4.39656 -0.103118 0
0.0783062 5.30562 0.35882 0
0.879908 -0.574796 -0.13571 3.54443375776103
0.317231 3.67915 -0.482009 15.2570079810959
0.0738628 5.70251 0.717037 8.67285982356161
0.216325 3.57963 2.16678 2.94852726088295
0.144319 2.5063 2.97778 12.729440831781
0.904053 4.11062 0.867425 1.88600963912864
0.60685 3.59424 0.797673 4.70142553370395
0.108866 -1.61132 -1.69317 39.4323680243256
0.157743 -2.96584 1.29348 7.30823779440707
0.428213 -3.20757 -2.78954 0
0.692611 -2.45518 -1.34794 0
0.230716 -2.81293 0.884993 0.113553971461823
5.23164 1.24901 0.0489543 0.0838626044252192
0.467386 0.744722 -0.00369279 0.241468928327838
1.56602 1.73828 0.106983 0.0236695628570904
1.33818 -0.662689 0.0894954 6.60045674322188
0.379368 -0.755307 0.296808 22.0917286656644
2.42044 -4.11192 -2.98087 0.677720803767739
0.00270377 -4.39725 1.82126 3.02914414354029e-06
0.105892 -4.31577 1.92052 3.25284318295047e-06
1.41618 -3.11504 2.15736 1.69158987963333
0.100924 -3.29136 1.64542 19.6871835464382
3.77927 -2.32013 -0.802649 0.10207707315058
6.95114 -2.09609 -0.81101 0.0925317288654329
1.76698 1.59957 0.509075 0.227071467244345
0.586408 -4.61999 -2.55235 0.180760551481828
0.228853 -4.03929 -1.59449 0.812856175314047
0.119367 -4.10273 -2.46385 0.707637178874975
0.712224 -4.56709 -0.792558 0.844895395225058
0.781213 2.56202 -0.419425 4.7807379221064
0.0434975 2.94427 0.592243 57.6660154185939
