0.400023 -5.83003 1.97701 0
0.60692 0.999265 -2.36724 0
3.40187 0.795174 -2.33172 0
1.72002 1.63545 -2.61356 0
0.766746 0.718235 -1.59001 0
0.697406 4.46663 -1.11949 0
0.307977 4.20212 -0.739495 0
0.788913 4.93931 -0.917777 0
0.447617 5.81936 0.173853 0
0.63166 6.9426 1.75331 0
0.0231625 6.85783 1.72546 0
0.58971 5.84693 0.0828997 0
0.271501 5.77374 -1.5741 0
0.349177 5.29939 -1.34993 0
0.883081 4.59181 1.63816 0
0.121813 4.0965 -3.1012 0
1.40605 5.08636 0.369298 0
1.20579 5.00364 0.617929 0
0.893257 4.74381 3.01079 0
1.08539 1.37771 -0.648812 0
1.14214 -0.217252 1.9605 0
0.498332 -1.63854 2.26482 0
0.293225 -3.51396 -1.73222 0
0.235903 -4.11086 -1.25686 0
0.600509 -5.40534 -1.90876 0
0.760753 -6.1799 0.641097 0
0.252353 -5.57982 1.7484 0
0.642949 -8.05276 0.258426 0
4.04168 5.88203 2.01061 0
0.96258 5.93389 1.67444 0
0.137347 -1.93848 0.867815 0
0.273082 -2.20997 1.04119 0
0.418514 -1.22675 3.04025 0
0.70343 -0.666549 -0.116302 0
0.272605 -0.489718 0.973444 0
0.380002 -0.0696669 2.39783 0
0.349729 1.14213 -2.40738 0
0.487357 2.50066 -2.70987 0
0.238969 0.49417 2.48353 0
0.368048 1.26871 2.903 0
0.00507271 4.7539 2.24653 0
0.302852 2.81568 -2.79511 0
0.834939 3.87393 -1.11218 0
0.249695 5.21249 -1.53565 0
0.637399 3.71997 -1.57152 0
0.554831 4.09086 -0.269789 0
0.170161 6.58607 2.32957 0
0.902832 5.55672 -2.11855 0
0.53617 6.21658 -0.533428 0
0.130657 5.20632 -2.74299 0
0.438593 6.88855 -0.313482 0
0.452031 7.15808 1.91369 0
0.213985 8.00527 3.09345 0
0.614459 6.86407 0.0816505 0
0.220324 5.3821 2.5669 0
1.00778 6.97032 -2.54347 0
0.205358 6.15319 -1.87369 0
0.237023 5.36072 0.570754 0
0.821532 4.64335 0.150222 0
0.430668 4.46825 0.289976 0
0.492481 4.87397 0.884403 0
0.0755202 4.58471 -1.45646 0
0.398599 2.67154 1.77063 0
0.196099 2.80012 -1.24155 0
0.18619 2.32309 3.092 0
0.322787 -0.0317988 1.76439 0
0.26284 -2.5746 2.88274 0
0.667363 -2.6404 2.87086 0
0.566288 -2.74723 -2.71493 0
0.624776 -3.12935 -1.88548 0
0.255149 -6.55395 1.05676 0
0.0359042 -7.38082 0.536893 0
0.362017 0.0189909 -2.44011 58.9340379382437
0.55726 0.65219 -2.1718 25.7827104489799
0.905933 0.667748 -2.73479 0
0.284786 0.842083 -1.89004 0
0.127773 3.72184 -1.14382 0
0.303162 4.93978 -1.12566 0
1.65616 4.65865 0.620764 0
2.12631 4.53699 0.678304 0
0.0327086 -5.46746 -1.31084 0
0.449295 -5.05631 -0.717452 0
0.0230135 -5.09385 -2.27278 7.52092902467443e-06
0.00905866 -3.76462 -1.03762 2.01968101359404e-05
0.196743 -2.7499 -0.275744 9.22237294614276
0.157216 -1.30592 0.857358 45.5793356169737
