2.02623 2.7381 0.672698 0
0.446267 1.27457 0.848344 0
2.08322 2.47883 0.480269 0
1.31332 1.7076 0.848076 0
0.191016 0.669458 0.0897294 0
0.327586 0.347505 0.155485 0
0.154003 -0.123755 -2.54564 0
0.351116 -0.0663653 2.56502 0
1.25894 -1.89051 1.06424 0
0.553199 -2.82255 -0.784784 0
0.358772 -7.99137 -0.0779903 0
0.512029 2.54276 2.64125 0
0.154075 2.60441 2.89881 0
0.306168 3.5874 2.61286 0
0.390554 5.67851 2.53957 0
0.12979 -5.10087 0.768031 0
0.369944 -1.75221 -0.697075 0
0.470373 -0.398729 1.97231 0
0.192588 -0.828927 3.10976 0
0.310774 2.12891 0.268208 0
0.400419 2.83039 2.16781 0
0.193773 3.178 -2.11628 0
0.388135 4.76645 1.75039 0
0.98192 6.47282 1.66153 0
0.878963 7.02141 2.75771 0
0.284105 5.41189 0.954187 0
0.0804279 3.63989 -0.0339029 0
0.281559 2.6163 -2.0579 0
0.350553 -0.200852 0.647759 0
0.269817 0.64433 -0.703673 0
0.296207 -0.790754 2.34009 0
0.784355 -3.74977 -1.02204 0
0.424562 -2.2845 1.51308 0
0.98403 -4.89276 0.34648 0
1.0795 -4.87896 -1.14982 0
0.399188 -3.33083 1.63554 0
2.61587 -1.22518 -1.88694 0
1.60368 -1.13286 -1.28109 0
0.852872 -1.60254 -1.88383 0
0.919519 -0.753344 -1.81326 0
0.72861 0.539346 -1.47951 0
0.794915 0.101513 0.0557683 0
0.548214 1.14295 -1.1707 0
0.751729 0.792115 -0.714696 0
0.536839 -2.95102 1.43628 0
0.116786 -1.44055 -2.00696 0
0.367091 -5.91876 1.68754 0
1.42619 -8.88468 2.63059 0
0.199943 -8.39794 -0.691171 0
0.173422 1.90908 -3.06097 0
0.302928 -0.156318 2.35869 0
0.204974 2.30693 0.290618 0
0.474461 1.96026 -2.92607 0
0.0862078 5.10003 1.05134 0
0.82072 6.08409 -2.45885 0
0.537032 5.81278 2.80946 0
0.801225 5.41778 0.286763 0
0.69485 5.08171 -0.58619 0
0.151165 5.82556 -1.83073 0
0.748713 6.01097 1.24258 0
0.505736 5.38389 -0.618497 0
0.200213 6.47131 -1.37232 0
0.424834 7.61055 0.858989 0
0.339726 0.178512 -1.20813 0
0.283636 -0.668551 1.50298 0
0.0794416 -1.30245 0.112199 0
0.281466 4.67574 -1.62839 0
0.413548 3.99417 0.20958 0
0.102329 4.64647 -2.55951 0
0.249252 0.919588 -0.590341 0
0.653042 -3.09086 -2.53836 0
0.651 -2.34727 -2.84968 0
0.917761 -0.965417 -2.52634 0
0.953144 -0.551018 -1.62957 0
0.184416 1.48567 1.82973 0
0.0888915 4.18766 2.84779 0
0.322008 2.90823 2.35439 0
0.317473 5.22677 2.1663 0
0.287822 4.69818 2.24605 0
0.108469 6.34478 1.58793 0
0.50481 5.80733 0.0824128 0
0.220851 -0.791949 2.86655 0
0.185245 -0.649975 1.77969 0
0.277816 0.751496 2.22092 0
0.1033 0.0343296 1.97903 0
0.369934 2.27747 -1.97541 0
0.227498 1.94665 2.79072 0
0.150544 -4.73685 2.55353 8.64472382928063e-08
0.500471 -4.15188 2.54068 4.44135598861452e-09
0.340038 -2.95037 -1.52326 0
0.429141 -2.37265 -1.01174 0
0.590498 0.963244 2.96379 2.62485678138247
0.544056 0.285324 2.76627 4.10323385600906
0.715029 3.05746 -2.79559 7.60527678133424
0.327697 3.84675 -3.05754 7.52509389320337
0.267773 2.41036 -0.815606 26.3338214427335
0.249897 2.49409 1.02282 25.9338096094103
0.205095 0.886276 2.67672 16.7962952369515
