0.615911 5.20968 0.637426 0
1.64993 3.66309 -0.100236 0
0.155724 5.4263 1.47671 0
0.345925 3.27917 1.60599 0
2.03477 2.22871 0.114625 0
0.232771 3.55441 1.27451 0
1.65928 3.18794 -0.20686 0
1.69112 2.93588 -0.100806 0
1.31791 4.16007 -0.691596 0
0.0709389 -5.07146 -0.274051 0
2.48683 -2.5018 1.76538 0
0.393557 -4.72982 -1.0986 0
0.305524 -4.37444 1.32161 0
0.67857 -5.80435 2.65867 0
0.611155 -5.85497 2.95979 0
1.60829 -5.41527 -2.71059 0
0.521768 -5.79051 3.02971 0
0.25994 -6.74194 1.41 0
0.811401 -0.471256 1.48282 0
1.86127 -0.420328 2.25307 0
0.894887 -0.46582 1.86817 0
0.434968 0.253892 2.62318 0
3.18812 -0.737755 2.50974 0
2.23995 -0.22402 2.40585 0
0.403579 -0.304565 2.59294 0
1.4312 -0.195112 2.72332 0
0.140928 2.20898 1.83842 0
0.514672 0.827334 -0.557144 0
3.85552 1.21012 -1.02303 0
1.03065 1.62758 -1.18913 0
0.217018 0.175229 -0.630889 0
1.29241 0.215027 -0.396261 0
2.22696 0.227943 -1.24915 0
1.13276 0.0370056 -1.05846 0
1.12169 -1.18492 -0.199622 0
1.26146 -1.83387 -1.85654 0
0.321851 -4.90535 1.69963 0
0.0778387 -5.42843 -2.33395 0
0.735872 -3.13137 1.46952 0
0.923368 -2.9577 0.0901571 0
0.295054 -3.19499 -1.51934 0
0.237999 -2.78372 -0.327667 0
0.68969 -2.5815 0.80576 0
0.835801 -2.96747 0.318279 0
0.505609 -2.70498 0.337014 0
0.514116 -3.27786 -0.910569 0
1.41162 -4.08422 -0.19929 0
0.291659 -4.58149 -2.51399 0
0.170183 -3.3542 2.76718 0
0.567028 -3.38996 -2.40785 0
0.219824 -3.39985 -2.39622 0
0.910107 -2.73379 2.59591 0
0.321155 -3.45044 1.25341 0
0.497268 -0.490615 2.15254 0
0.674257 7.82136 2.19441 0
0.315263 6.17043 -3.02772 0
0.913541 6.77964 2.65711 0
1.65583 3.47528 -1.47218 0
3.75475 2.05697 -2.32243 0
0.207534 2.34491 1.52325 0
0.0878192 2.72131 2.7992 0
1.34291 1.55114 -0.0761756 0
0.913594 1.8236 0.0369205 0
0.36305 -0.189546 -2.14112 0
0.115377 6.50047 1.79422 0
1.66758 4.95916 0.964439 0
1.22934 4.27758 1.42006 0
0.199017 3.33956 1.71357 0
0.479179 3.41289 -1.46072 0
0.472278 3.03677 1.88508 0
0.316503 2.69468 1.72722 0
0.168179 0.0617007 0.946156 0
0.592341 -2.25841 2.44821 0
0.579881 -1.74294 2.94968 0
0.914537 -2.91453 -0.177628 0
0.359985 -6.30541 -0.429964 0
0.435848 -6.87649 2.04032 0
0.217816 1.49095 1.73603 0
4.69886 1.03557 1.88406 0
0.840605 1.47711 2.65998 0
0.376543 1.94176 0.767726 0
0.652254 2.11013 2.09694 0
0.114058 1.50383 0.42014 0
0.955748 2.61797 0.183329 0
0.552022 -5.32029 0.512267 0
0.0918663 -6.00492 2.84874 0
0.0290002 -3.4472 2.06019 0
0.87927 -5.27202 -2.44755 0
0.244507 -5.88999 -2.33567 0
0.619159 -5.31647 1.48023 0
0.62179 -5.7196 0.377231 0
0.198012 0.473753 2.01195 0
0.737052 1.08953 1.86702 0
1.61429 1.02322 1.96942 0
0.125849 3.05011 3.10233 0
0.55342 1.26137 0.523837 0
0.482122 2.39641 -0.418054 0
0.26331 0.0974467 -1.74171 0
0.889169 1.40624 -0.881483 0
0.533776 -0.26256 -0.830337 0
0.86607 -1.27231 -1.31707 0
0.561303 -1.55386 -0.219944 0
0.955447 -1.38621 -1.23861 0
0.330233 -2.30799 0.291062 0
0.458725 -2.01555 -1.9456 0
0.590337 -5.72784 -1.41629 0
0.409738 -4.73611 -2.15099 0
0.682076 -3.91814 -2.4269 0
0.327011 -3.90605 3.04499 0
0.658244 -3.58647 3.13006 0
0.64591 -2.72022 3.10734 0
0.916351 -3.31041 -3.04275 0
0.158486 -2.72715 0.538108 0
1.02657 -3.23364 -2.90815 0
0.839335 -3.66252 2.54916 0
0.857909 -1.9558 2.76272 0
0.881678 -1.90917 2.01341 0
0.71052 -1.54513 2.31077 0
0.212172 -0.773235 0.955298 0
0.593306 -0.0432167 -2.06896 0
0.473985 0.548581 -3.03583 0
0.262942 -1.16434 2.1171 0
0.358722 0.0967653 -1.10567 0
0.427913 0.3881 -2.94428 0
0.690275 7.89171 1.54588 0
0.692726 5.75743 -1.23727 0
0.739393 2.12515 -1.5003 0
0.379914 3.29705 -2.21975 0
0.896138 2.28923 3.06085 0
0.672378 1.06944 0.410685 0
0.46396 -0.290617 -0.0463047 0
0.0830812 -2.38374 1.22608 0
0.292131 -0.319278 -0.492038 0
0.618884 0.18118 1.23001 0
0.223881 4.06973 0.587483 0
0.783104 3.51731 0.0654983 0
0.3603 4.93048 2.76024 0
0.209005 7.19487 1.23457 0
0.464852 7.34355 -2.25317 0
0.923635 5.76698 0.204644 0
0.952563 5.03436 0.328443 0
1.14721 5.16114 1.0428 0
0.207847 3.04997 0.817876 0
0.509499 2.48827 -1.51803 0
0.213451 -0.110294 0.894331 0
0.130443 -3.52268 1.01197 0
0.724621 0.93115 2.36639 0
0.426556 1.80984 2.30391 0
0.260797 3.43584 0.795685 0
0.0743675 2.16234 1.12484 0
0.308567 -4.76842 1.62612 0
0.196931 -5.88019 -0.227959 0
0.257878 -7.08878 -1.00133 0
0.160457 -7.96404 0.523348 0
0.0413909 -2.79136 1.09509 0.000125709259829044
0.0762091 -2.78152 1.07828 0.000134819209898963
0.550343 -5.29447 3.08592 0
0.294042 -5.7201 2.58017 0
0.373671 0.0130459 -2.78277 2.0865557617883
0.266434 1.77216 -0.874456 7.14477102373657e-08
0.298055 1.7211 -0.51091 8.4279718259456e-08
0.527481 1.94234 -0.469943 0
0.590951 1.41453 -0.208751 0
0.225575 -2.33043 -2.05361 3.09559077481529e-10
0.653175 2.73487 -2.1724 0
0.373739 2.17048 -2.68837 0
0.278693 2.42135 -1.09386 0
0.107016 3.27382 0.499727 0
0.257304 -1.94404 -2.59507 0
0.328521 -2.03799 2.10664 0
0.218671 0.838783 0.227602 0
0.0886869 2.62953 -3.02097 0
0.301638 0.889454 1.54053 0.564496908925293
0.123825 1.85749 -0.900836 0.596537988692002
0.90536 1.32146 -0.973229 3.40028392910371
0.111536 1.98082 -1.86334 15.0205678452011
0.218489 3.85717 2.85314 6.97082650931823
0.116438 5.49115 -1.60035 2.56404201396136
0.396446 -2.74769 2.5005 0.00983295882317638
1.91513 -0.259522 -3.00863 1.80904987603694
0.283678 -0.152473 2.89657 12.4937016521352
1.39792 1.08657 -0.217279 0.318215108326495
0.455293 1.1135 -0.219967 0.968345327129151
1.21941 -2.49352 -1.95657 0.17810501587231
0.840952 -2.90872 2.62473 0.0104747817422875
1.05826 -1.89154 -2.14044 0.312070344811805
1.10522 -2.0713 -2.13919 0.178867825610221
0.583978 -1.90344 -1.19564 0.668785595708208
