0.323576 -10.5884 1.7493 0
0.651062 -1.605 2.48009 0
0.206628 -1.31817 0.621435 0
0.212539 -1.9985 1.83635 0
0.511884 2.5457 -3.12347 0
0.329849 5.77639 -2.21437 0
0.355094 7.34557 1.21566 0
0.167624 10.3845 -0.894711 0
0.558253 1.11718 -1.52427 0
0.129917 2.19664 1.36045 0
0.0528649 0.430007 2.63291 0
0.897456 -0.437939 -0.544584 0
0.37332 -2.23092 2.50814 0
0.0756054 -6.20904 -0.773245 0
0.125222 -6.01961 2.03386 0
0.625298 -3.97265 1.22238 0
0.194412 -5.85604 -3.05475 0
1.03385 -4.55387 2.98897 0
0.761032 -0.565353 -3.12436 0
1.16729 0.316128 -1.55333 0
1.02904 0.905548 -1.7955 0
1.00789 2.92099 -0.841305 0
0.636836 1.57395 -0.697901 0
0.213403 4.1002 1.56116 0
0.356922 1.01863 2.89183 0
0.302568 2.91848 -2.72874 0
0.789616 -1.24499 0.0171198 0
0.144415 -1.83858 2.33075 0
0.400752 -3.18167 1.02486 0
0.167764 -3.68397 2.49019 0
0.772733 -3.79483 0.926371 0
0.165944 -3.20742 -1.71872 0
0.355265 -2.48631 0.298715 0
0.837644 -1.51086 -2.07641 0
0.969997 -1.91602 2.23603 0
0.457271 5.12992 2.7725 0
0.142373 3.51714 -2.26577 0
0.273993 8.0447 1.6353 0
0.500512 -0.266097 0.553072 0
0.213977 0.914209 2.77053 0
0.700058 -0.953833 0.607875 0
0.56144 -3.96957 -1.75976 0
0.828409 -4.03989 0.630951 0
0.709523 -3.21046 -2.1235 0
0.271786 -3.2884 1.44133 0
0.272695 -3.41003 -2.78992 0
0.242476 -3.06456 -1.17261 0
0.166473 -1.28232 2.84594 0
0.101986 -3.22116 -1.76181 0
0.366592 -2.78817 1.16876 0
0.226344 -3.74769 -0.102211 0
0.515839 -4.20194 -2.58399 0
0.468404 2.52254 2.80928 0
1.0677 2.96872 2.80532 0
0.215541 3.73589 -1.43545 0
0.221736 4.43206 2.73759 0
0.253177 2.51536 -0.116795 0
0.381602 2.68033 1.16331 0
0.284301 -4.40241 0.0748188 0
0.176135 -4.26694 -0.752507 0
0.102621 -3.02645 0.132067 0
0.326829 -3.66022 0.142764 0
0.161373 -3.625 -1.70457 0
0.0291775 -4.36354 2.146 0
0.240509 -1.56427 2.66231 18.2905671767709
0.141015 -0.807297 -0.482473 13.7687745830272
0.521172 0.76945 2.79009 0
0.224559 1.11348 3.03419 0
0.355418 0.208414 -0.0568821 0
0.438628 0.80639 -0.969412 0
0.596529 -3.32374 1.06823 0
0.104233 -2.63059 0.79519 0
0.291106 -3.22759 0.24791 0
0.160781 -4.59375 1.70038 0
0.370833 -1.46131 1.50447 35.7589402921276
0.113206 -3.03924 0.493769 25.3687383247429
0.121837 -0.303121 -1.18626 3.87555020998576
0.355073 -0.339306 2.65228 1.31712311214014
0.101843 -5.03137 -1.41761 0.943915650425013
0.0738539 -3.28971 2.60512 7.33489993859745
0.406261 7.20465 -2.97939 0.141765655874462
0.138705 6.96136 1.60293 0.530270488498356
