0.615326 -4.41921 0.423259 0
0.63518 0.18839 -2.25908 6.16018392500265e-14
3.28683 -0.00474793 -1.86146 5.49855385576399e-14
1.87578 0.0728783 2.66663 6.95977908951179e-14
0.208876 4.80955 0.19747 0
0.258564 7.5398 0.279665 0
0.140999 7.96636 1.36564 0
0.597311 5.09517 -2.94315 0
1.40212 4.44537 3.0397 0
0.684857 3.72022 1.88911 0
0.176401 0.637122 -2.095 3.77046290580672e-14
0.527616 1.06051 1.34865 9.25489737070857e-14
7.27765 -0.0666248 0.517781 8.22359912997865e-14
0.773241 -0.222243 0.633473 7.31226655273407e-14
1.54553 -0.221713 0.379629 8.35351806477879e-14
9.74829 -0.146417 0.377947 8.51011235420255e-14
24.103 -0.0645527 0.43238 8.50873295411502e-14
5.73075 -0.133783 0.474316 8.21467989220466e-14
0.119364 -5.46004 -2.33105 0
0.120769 -5.5544 -2.94168 0
0.305868 -1.14637 1.69513 0
0.71753 -2.36189 -1.07796 0
0.134137 -0.102456 -0.314632 7.84546226345637e-14
0.422781 0.0802069 0.243974 9.57734903712529e-14
0.524379 0.194368 -1.49795 5.42963166242304e-14
0.651203 -0.508974 -1.17737 8.55577815677579e-14
1.00428 -0.0375333 2.56557 5.78386238139335e-14
2.54648 0.0455698 2.80235 7.47124902321233e-14
0.18618 1.6249 2.69215 1.00125009125002e-13
0.460573 1.12039 0.209369 0
0.215263 1.01031 1.64732 0
0.397593 4.48629 -1.50011 0
0.492606 5.39139 -1.97659 0
0.0639558 7.40737 -0.0231196 0
11.8829 -0.926649 -0.871059 5.8689285695882e-14
1.17949 6.54802 -0.787665 0
0.521752 6.90747 -0.586864 0
0.876498 6.23756 -2.27496 0
0.356147 6.45571 2.52253 0
0.187476 4.63205 0.2593 0
1.80873 3.33199 1.92898 0
0.562971 0.969694 -1.33325 0
0.40867 -2.33627 1.57502 0
2.01879 -1.88152 0.0436459 0
0.506901 -3.10174 0.190102 0
0.609708 -3.51995 -0.292822 0
0.774732 -2.84851 -1.10466 0
0.189219 -4.78566 1.29297 0
0.370886 -3.32885 -1.03823 0
0.646882 -4.40437 -1.27527 0
0.48584 -5.87914 0.292375 0
1.47536 2.84789 -3.1008 0
0.674467 2.57851 -2.23224 0
0.480639 2.5843 2.46724 0
0.474246 -0.208733 -1.52214 0
0.402484 -1.77508 2.5188 0
0.263588 -1.60862 -2.55865 0
0.190172 -2.56454 -1.87806 0
0.662047 -4.52244 1.31489 0
1.4892 -2.60488 -2.96296 0
1.05626 -2.71055 -2.96382 0
0.403496 -0.464699 2.11408 0
0.297979 -0.335211 0.618685 0
0.0861163 2.06796 -3.01433 0
0.136804 1.0169 -0.479284 0
0.310219 2.48723 -0.241339 0
0.20765 1.16482 1.15127 0
0.298839 1.26418 0.842394 0
0.15055 -2.51494 -2.87573 0
0.304669 -1.81012 0.36807 0
0.429209 -0.601255 2.83695 0
0.360301 1.40443 2.9073 0
0.560407 -0.092103 2.49576 0
1.09246 1.39585 -3.13742 0
0.397008 1.21478 2.38463 0
0.443204 0.19542 -2.20685 0
0.973248 -2.90746 1.1022 0
0.214832 -4.93923 -0.285981 0
0.490283 -5.47002 1.76431 0
0.389671 3.36746 0.720655 0
0.0742444 4.13989 -1.88362 0
1.01664 2.41919 -0.770018 0
0.808336 2.03334 2.89399 0
0.604504 1.35743 -2.33728 0
0.480276 1.12354 0.716999 0
0.195895 -0.183019 -1.29003 0
1.0144 0.346829 -3.0728 0
0.577854 -0.664992 2.04179 0
0.987566 0.468213 -1.52699 0
0.198679 -1.93564 -0.29604 0
0.148009 -3.00885 -2.69608 0
0.497238 -3.09162 0.0222269 0
1.21697 -2.36609 1.66541 0
11.5645 -3.06691 1.52782 0
1.04384 -2.67544 0.565819 0
4.90859 -3.57005 0.0645081 0
1.43121 -4.28301 -0.258474 0
0.8714 -4.66588 0.826554 0
0.618417 -4.76745 1.61652 0
0.319773 3.91873 -0.0914135 0
0.353636 5.64122 0.761996 0
0.671945 5.64733 0.181576 0
0.522183 5.32481 0.581929 0
0.491949 4.81207 -1.46614 0
0.0746457 9.47908 -2.84332 0
0.220571 6.83777 -1.03648 0
0.188422 4.55307 -1.76136 0
2.70565 -0.497504 0.518107 7.20036264819986e-14
0.518928 -6.95468 0.0913963 0
0.0617656 -3.42242 2.91155 0
0.381617 -4.7239 0.261488 0
2.08651 -0.313465 -0.950568 7.33745387272991e-14
4.59945 -0.157601 2.77467 6.35481330064546e-14
0.616646 -0.608062 0.491297 0
0.0633908 1.80602 1.61908 0
0.342829 6.39406 3.1231 0
0.659452 7.64445 -0.599592 0
21.1096 -0.960235 -0.864044 5.63036571744287e-14
0.702982 -0.440704 -0.7345 9.2042753974649e-14
0.624947 -0.810427 1.46091 9.64498851792862e-14
0.499785 1.60429 2.97891 0
0.491761 1.26064 -2.63005 0
0.697906 0.461533 -1.81875 0
1.01196 0.696368 -2.07898 0
0.916104 0.314452 -0.862732 0
0.104787 -1.78149 -1.38708 0
1.15454 -1.61061 -2.18736 0
0.566948 -1.30334 -1.58822 0
0.38485 -1.71662 -1.77351 0
0.211718 -2.40101 1.76107 0
0.444065 -0.7812 -0.837989 0
0.538938 -1.88405 -1.43622 0
0.134514 -3.19009 -0.21027 0
0.198659 -2.89301 -0.240554 0
0.255832 -1.73607 -0.525754 0
0.112413 -7.11623 2.20323 0
0.289817 -5.96719 2.10031 0
0.952625 -2.5473 -3.06853 0
0.276272 -1.94873 -2.29246 0
1.14762 2.80432 -2.79507 0
0.756133 2.1467 2.71948 0
1.38372 2.56675 -2.75864 0
0.137348 1.38902 -2.7429 0
0.379473 2.4281 -3.03118 0
0.58877 0.82589 2.97231 0
0.368009 -0.93848 0.137234 0
0.812829 -2.70613 1.57487 0
0.208722 -3.7169 3.02773 0
0.14893 -5.9885 -2.87298 0
0.490557 -4.02264 1.742 0
0.74937 -2.45681 2.11071 0
1.09294 -2.04944 2.58786 0
0.135733 -0.749051 1.92418 0
0.735933 -2.21369 2.51646 0
0.65073 0.510634 0.630353 0
0.479916 0.928314 2.90741 0
0.195458 1.56116 1.86949 0
0.200129 0.716446 1.78987 0
0.223143 1.95967 1.95666 0
0.392705 0.512967 1.76129 0
0.61075 -4.33953 -1.95215 0
0.036766 -6.15441 2.35859 0
0.244015 -7.19483 -2.52419 0
0.531062 -6.25943 0.456768 0
1.92958 4.26758 0.445548 0
0.591124 3.43696 0.382067 0
4.55364 2.2501 -0.878408 0
3.01015 2.34125 -1.07496 0
0.305954 1.79188 -0.479251 0
0.513094 0.329101 2.56891 0
0.121439 3.73566 -2.37477 0
0.522302 -0.923713 2.38366 0
0.330982 -0.157241 1.38672 0
0.430739 -3.42471 2.24144 0
9.02633 -3.05821 1.42699 0
3.14031 -3.02498 1.54654 0
5.13479 -3.08478 1.47849 0
2.58709 -3.05565 1.37411 0
3.19043 -3.31431 0.22016 0
0.906464 0.151628 -1.56045 3.82553408936299e-14
1.29329 0.111308 -1.66733 4.20210751323183e-14
0.587134 0.397144 -2.11707 1.23919363440584e-07
1.30639 0.262104 -1.90556 9.40553600257062e-08
0.253878 6.27449 -2.32566 0
0.212049 6.13543 1.79434 0
0.500374 0.314874 -2.85612 8.4879145358248e-14
0.273893 0.817695 -2.00643 3.34294380283595e-14
0.132041 1.83229 -2.80534 7.36963735785606e-14
0.184679 0.120898 -2.9969 9.09523261981008e-14
1.94334 0.180461 -0.645703 4.44760243794501e-14
0.694986 0.011619 -0.72475 5.29639572073017e-14
0.40761 -0.265297 2.2184 2.47211239009997e-14
0.405218 -0.73805 -3.02434 8.05509750916929e-14
0.176392 6.15139 -1.01674 1.88165895279699
0.2304 4.33748 -0.799788 3.40488410487359
4.37433 -0.941718 1.49792 9.06390910221794e-14
2.21898 -0.859066 1.50711 9.47673399628985e-14
6.60301 -0.960232 1.52157 0.0755640658809892
0.207846 6.66638 -2.56611 0
0.139068 5.65685 -1.34829 0
0.251639 2.66537 2.33223 0
0.171554 2.14787 0.174256 0
0.109432 3.99464 2.02367 0
0.546408 2.5098 1.6316 0
0.090622 1.69055 -0.0869772 0
0.142367 3.18118 2.29771 0
0.227539 -2.0692 -1.59432 4.82990251888773e-08
0.213164 -1.03142 -0.590037 1.38344029819374e-07
0.608026 -3.39689 -0.634399 0
0.521413 -2.70921 0.0692337 0
0.149035 -3.31044 0.927606 0
0.110868 -4.84524 -2.40781 0
1.9759 -1.64062 -2.83769 0
0.252713 1.93316 0.322963 0
0.191366 3.23272 0.68525 0
0.665016 -0.303833 1.26348 0
0.147778 0.0821572 0.63681 0
0.393622 2.6745 -0.343339 0
0.182689 2.73763 -1.80483 0
0.279483 2.3361 -1.13118 32.0670430505991
1.56752 -3.22687 1.51588 0
1.13399 -3.19339 1.86335 0
0.148367 -3.11261 -0.489323 0
0.204002 -2.54251 0.131807 0
0.105847 -3.33411 1.89426 34.6423903164068
0.7992 -1.72606 3.11592 0.538459538940641
0.17219 -1.17555 2.70997 4.10189469302141
0.659877 2.76856 -1.00499 2.94058648666009
0.178246 2.84186 -0.563531 10.2068656730291
1.09721 -0.744647 0.576643 3.03282562372409
0.138213 -0.215582 0.622958 30.2592899378883
0.387372 1.23118 -1.52792 9.92628160218217
0.141165 1.61591 2.77245 19.3629704937494
0.352813 -2.07824 0.96496 6.0585245510123
0.0410215 -4.62738 1.79718 4.12929984926761
11.4276 -0.379017 3.00281 0.627108820021751
2.25338 -0.530437 3.04219 0.959304117017097
6.4315 2.29865 -1.04567 0.0354058188895369
1.25004 2.2332 -0.972412 0.193632880986745
10.5834 -0.395195 -3.06924 0.871133123646095
1.00612 -0.833469 1.3883 0.219812658293588
3.94502 -0.973692 1.43783 0.0564133633626219
9.2702 -1.57359 -2.93792 0.167427075030578
12.0091 -1.51137 -2.79129 0.109311073931222
16.2146 -1.54036 -2.85019 0.0452450310781332
1.2469 -0.621238 -3.00927 1.9325852452867
1.45329 -0.265777 3.06624 0.976301769049889
11.3174 -1.58136 -2.80375 0.0575047323493461
