0.386934 7.31719 -1.83496 0
0.696871 6.06861 -2.33345 0
1.11243 5.81669 1.06447 0
0.645045 2.18502 1.07731 0
0.468743 0.0420763 2.55096 0
0.435313 -0.188985 -1.03296 0
0.822177 -0.0118423 1.50522 0
1.12382 -1.29079 -0.448031 0
6.97948 -1.59609 -0.322916 0
0.106854 -0.175236 0.584864 0
0.361872 -5.92723 3.03398 0
0.719998 -7.19288 2.5125 0
0.523558 -6.72856 -2.08464 0
2.43074 -5.72027 -1.00756 0
0.658248 -4.43014 1.8985 0
2.19087 -1.70277 -3.06731 0
0.0618715 -2.66793 2.49911 0
0.350277 -1.06539 -2.85711 0
0.169473 3.81268 2.51371 0
0.530212 4.84074 -0.108099 0
0.372706 5.92542 2.68426 0
0.83402 6.24319 0.591656 0
0.249823 7.06294 -0.124971 0
0.283056 5.29127 2.2123 0
0.224208 6.00249 -1.46215 0
0.124916 4.00597 2.86013 0
0.451328 5.12647 -2.02567 0
0.265485 6.06738 1.06003 0
0.71351 4.13639 -0.880237 0
0.41969 0.35619 0.700071 0
0.634211 -1.02805 -0.600284 0
0.268328 -3.35949 -1.22865 0
0.33806 -4.61341 1.58391 0
0.117052 -2.78988 -1.84445 0
0.295411 -5.46943 -0.564224 0
0.1309 -6.90204 2.62444 0
0.641995 -8.16921 -1.57927 0
0.47792 -7.80673 1.37775 0
0.450022 -6.64302 -1.64424 0
0.19916 -0.548942 -1.99984 0
1.86237 -1.46883 -2.93548 0
0.797106 -1.9856 3.0472 0
0.184111 -2.36671 -2.20619 0
1.64727 -1.45164 2.3622 0
0.277644 0.603446 0.82549 0
0.42045 3.77423 -2.47419 0
0.291737 3.33351 0.653037 0
0.0708759 3.86759 -1.37681 0
0.391957 7.86454 2.00021 0
0.232898 6.2751 -1.78409 0
1.61419 6.36672 -2.50072 0
0.826716 6.31503 -2.14949 0
0.263838 1.51891 -1.1604 0
0.133076 0.984627 2.31767 0
0.33542 -3.28604 -1.39729 0
0.0710675 -3.27473 -0.171369 0
0.242854 -6.48356 0.996041 0
0.107314 -6.88138 -1.90298 0
0.311208 -6.15323 0.0333189 0
0.216259 -6.44275 -0.410364 0
0.814406 -2.73971 -2.85504 0.478634915271278
0.240562 -2.8276 -2.82559 1.4678762385625
0.628643 8.27846 0.350743 0
0.256966 7.88586 1.01454 0
0.154668 -1.16712 1.607 6.39794891642877
0.269493 -1.30344 -1.16193 3.2566711105966
