0.281893 -5.39553 -2.97691 0
1.07682 -2.84651 -2.62295 0
6.75818 1.9545 -0.144145 1.56929161717602e-14
0.655812 1.8039 -0.189861 1.56835920866703e-14
2.69744 1.66826 2.99708 0
0.614374 1.87244 -3.11279 0
0.275578 -3.14267 -1.58116 0
0.430982 -2.8468 1.16988 0
0.198201 -5.58619 1.11716 0
3.51169 0.949489 0.415993 0
5.47236 1.01663 0.584448 0
1.98847 -1.89203 2.06126 0
0.142343 -2.54961 3.00708 0
0.252128 0.0602541 -2.46712 1.17841727130641e-14
0.262588 -0.768444 -2.66687 1.72944220363444e-14
1.79285 0.856524 -0.218747 0
2.46711 1.34067 -1.42447 0
0.316068 2.68463 3.02932 0
0.299613 0.699058 -2.56262 0
0.387311 -2.58552 -2.46244 0
0.614123 0.842278 -2.31743 0
0.741661 0.175667 1.24753 0
0.289771 1.97372 -1.50632 0
1.03288 2.59618 -0.814435 0
0.104954 3.19052 2.96435 0
1.66611 1.50665 1.54643 0
0.672912 4.48135 -2.62911 0
0.816402 -2.95699 -0.40246 0
1.4402 -1.23942 0.17647 0
1.76522 -0.63811 -0.314815 0
0.134899 1.13883 -2.35117 0
0.485015 -0.698391 0.546315 0
0.286281 1.0201 3.0699 0
0.142358 -0.946167 2.54871 0
0.901422 0.534577 0.024269 0
0.168685 3.18685 -2.5202 0
1.18847 3.96081 2.17024 0
2.99609 2.68555 1.41244 0
0.733232 3.14629 1.125 0
1.05949 3.53447 -0.856721 0
1.36526 4.36979 1.67641 0
0.366449 4.43491 -2.98323 0
1.00036 6.91437 -1.58573 0
0.0688514 -6.18868 -0.58048 0
0.485685 -3.058 -0.630334 0
0.41742 3.99588 0.0839963 0
0.357575 4.96824 -2.83429 0
0.840506 3.93116 -2.66851 0
0.505099 3.34449 1.60875 0
0.209232 2.35226 -0.734795 0
0.263721 -4.38662 1.88389 0
0.62392 -2.77038 1.48032 0
0.147588 -6.91525 -1.967 0
0.679937 -5.49128 1.16782 0
0.427875 -6.27364 0.640925 0
0.979603 -5.60932 -1.7819 0
0.446165 -5.43453 0.599985 0
0.134154 -4.04718 -2.16914 0
0.115025 2.25773 -1.24231 0
0.43797 0.919888 1.55117 0
0.460113 4.10052 -2.41452 0
0.335557 4.83244 -0.0935694 0
0.106645 6.37572 2.44505 0
0.194246 -0.484804 -1.87698 0
0.435776 0.152601 -0.977227 0
0.557477 -0.697995 3.04837 0
0.452222 -4.97603 -0.316154 0
0.669942 -5.19074 0.610682 0
2.31779 -4.66052 -0.433624 0
0.369368 -5.09243 2.98711 0
0.499417 -4.41751 -1.37152 0
0.960508 -4.44908 2.61342 0
0.0600546 7.84248 0.7052 0
0.334398 5.38195 -0.00940619 0
0.390854 5.37008 -1.41319 0
0.599787 5.4112 -1.34221 0
0.180551 3.85612 -2.3948 0
0.151943 -0.268855 1.10109 0
0.590639 0.127675 -1.77378 0
0.467105 -2.70058 0.0528444 0
0.470702 -7.08831 0.745714 0
0.304026 -7.51522 -0.559797 0
0.424468 -3.83856 2.18048 0
0.230891 2.25547 0.705862 0
0.432818 1.09485 2.84227 0
0.131753 1.54721 0.445161 0
0.872193 2.31635 0.721306 0
0.631775 3.66163 -2.52354 0
0.741395 3.50042 0.0185678 0
0.541327 5.3817 -0.810686 0
3.65137 5.67602 0.0705891 0
5.56027 5.65781 -0.105065 0
0.782906 -1.86745 -2.16558 0
0.0835183 -4.18759 -1.64604 0
0.780589 -6.73546 -1.878 0
0.526818 2.2145 -0.365934 1.51685677864991e-14
0.449977 2.01433 -0.71207 1.43580522893882e-14
1.68626 1.78307 0.0293038 1.61740675950112e-14
0.361908 -4.37336 -1.28576 0
0.183001 -4.27487 1.0154 0
0.746842 0.798725 -0.189401 0
0.118481 1.96724 -2.07391 0
0.582229 -2.13891 1.85873 0
0.250329 -0.840684 0.124599 0
0.747007 -0.0395965 -2.34016 1.15774269449386e-14
6.47163 0.106211 -1.99716 7.27694730058377e-15
1.78661 0.00683021 -2.00398 8.78329101548255e-15
1.84119 0.241397 -1.78793 4.82532355735663e-15
0.401698 0.016423 2.8468 0
0.561514 0.0233551 -0.0742611 0
0.21022 -2.04607 2.32301 0
0.432966 -0.496296 0.75507 0
0.229789 -1.29039 1.22778 0
0.162814 0.791379 -2.66078 0
1.45698 -0.432711 2.59891 0
0.336672 0.719425 0.781603 0
0.258508 1.47811 -2.50652 0
1.54186 0.871792 2.88667 0
0.232864 1.23848 1.43869 0
0.177129 2.11596 1.44999 0
0.373218 3.25949 2.22574 0
0.924636 2.5388 2.14123 0
0.95946 4.09101 -2.46632 0
1.7095 4.08606 -2.41954 0
0.74918 4.49972 3.13283 0
0.198771 4.574 -1.51347 0
1.9309 -3.02289 -0.931076 0
0.989854 -3.15561 -0.435894 0
0.121493 -2.14551 -1.22675 0
1.25446 -2.90879 -0.153303 0
0.0993625 -2.23 0.537923 0
1.0719 -2.43177 -0.288109 0
0.0775941 -2.59449 2.71246 0
0.34879 -1.65138 -0.878456 0
0.956446 0.494814 1.85456 0
0.28919 -0.432332 2.55293 0
0.723561 -0.987611 -2.39986 0
0.100086 0.584365 -0.491747 0
0.453551 -1.03982 -2.12823 0
0.372946 -0.55472 -2.53409 0
0.605763 3.34869 2.38408 0
0.0684787 3.3513 1.25988 0
1.43081 4.1107 2.48148 0
10.5054 2.55869 1.60718 0
4.51334 2.55529 1.64302 0
4.25165 2.57706 1.72932 0
0.114203 2.38232 2.42039 0
0.215663 3.8431 -0.462962 0
0.338035 2.89916 2.06678 0
1.07565 4.40056 0.340001 0
0.247114 3.38004 0.434529 0
0.280546 5.31659 0.49336 0
0.894683 3.97162 -0.374159 0
0.250024 5.06312 0.712642 0
0.672789 4.78624 2.74803 0
0.162153 7.21542 -1.13728 0
0.142392 6.16839 -1.37744 0
2.27431 -4.90322 -2.60177 0
0.837849 -5.40164 -2.97503 0
0.127955 0.0381942 1.00537 0
0.130449 -2.58314 -0.666899 0
0.0801873 1.58697 0.671252 0
0.265949 3.25364 0.780238 0
0.140323 3.68368 -1.35246 0
0.50095 4.02761 -3.04463 0
0.348496 4.3747 -0.0807126 0
0.467662 2.22418 1.02463 0
0.432859 2.63038 2.73022 0
0.676261 2.14745 -2.78206 0
1.12214 0.231898 -2.86335 0
0.398313 -2.40055 -2.696 0
0.469643 -2.79955 -1.91346 0
0.574937 -6.50584 -2.70398 0
0.578084 -6.37911 -0.828991 0
0.490679 -0.28203 -0.488775 0
0.0935938 -3.47133 1.33432 0
0.63031 5.78048 -2.99868 0
0.114039 8.77462 -2.9285 0
0.160621 6.57733 0.788793 0
0.843873 7.09498 1.18062 0
0.174836 5.87699 0.294803 0
0.304658 3.07195 -0.71522 0
0.375483 0.422572 2.70465 0
0.178342 -2.11034 1.98453 0
0.185063 -2.96715 -1.83499 0
0.143472 -2.36481 2.72297 0
0.367669 -4.80981 -0.187125 0
0.252996 -4.0974 3.14122 0
1.41586 -4.57545 0.694674 0
0.511302 -4.03784 1.14396 0
1.41153 -4.78951 -0.536801 0
0.297007 -5.79139 0.983413 0
0.0988511 -4.93708 1.611 0
1.80257 -4.00837 -2.77947 0
0.65601 4.91767 -0.940798 0
0.156203 6.37189 -1.7786 0
0.0777512 6.30721 -1.25302 0
0.25821 3.345 0.185947 0
0.244079 2.98104 1.73272 0
0.185823 -4.45728 2.53575 0
0.543377 -4.317 0.0450602 0
0.278326 -5.95724 -3.037 0
0.44068 -6.87621 2.42166 0
0.152639 -7.56267 1.62985 0
0.276013 -7.46872 -1.85249 0
0.227415 -2.50292 -2.75254 0
0.41499 -0.280447 -2.80667 0
0.430406 -1.06707 -0.804525 0
0.138339 3.53775 -2.10857 0
0.313594 -4.1234 0.146181 3.97490070757092e-08
0.0796929 -4.4181 2.75414 9.99506493967153e-08
0.0474658 -5.18141 0.546673 1.80883457602408e-08
0.0322734 -3.33374 1.00706 1.44184777209603e-07
0.523366 -4.51875 -2.06731 2.94898937638573e-08
0.0578236 -5.44018 -2.33517 5.4917990991771e-08
0.505975 -1.68486 1.46499 0
0.964852 -1.59714 2.07298 0
0.082687 1.90472 1.81836 2.04223435966311e-07
0.205016 2.47211 0.38111 3.98712546169864e-08
0.12322 1.97668 -0.443809 0
0.334998 1.5017 -3.10426 0
1.69887 1.93923 1.12744 0.0294196341902396
0.545897 1.45711 2.23811 0.0939855989262068
0.135147 0.955671 -0.809922 0
0.29263 0.863745 1.49321 0
0.227569 -1.06334 -0.646738 0
0.308175 -1.32627 0.234906 0
0.54892 2.47108 -0.179874 0
0.877718 1.99555 -0.205641 0
0.156925 2.53354 1.12924 0
0.175923 2.55652 2.43587 0
0.896996 3.16151 2.71058 0
1.03127 2.97687 2.88329 0
0.39231 0.758627 0.286855 0
0.761763 0.58137 0.31568 0
0.409524 4.90629 1.96731 0
0.827466 4.67158 1.51462 0
0.198096 5.3293 2.96988 0
0.210108 5.28964 1.38656 0
0.409933 1.95671 2.91379 0
0.236721 2.92209 1.70366 0
0.307964 3.96733 -2.834 0
0.11595 3.6322 1.29193 0
0.169056 -3.54005 2.30271 5.56947999866627e-08
0.123549 -3.80218 2.5451 3.01173621355827e-08
0.0322959 4.7 -2.3715 0
0.275252 4.58043 0.119675 0
0.258825 -5.23199 -2.546 6.13025161339101e-08
0.100695 -6.89835 -2.62001 2.04307257847295e-08
0.0476505 -4.92095 1.24351 0
0.235985 -2.37198 2.55155 0
0.0464861 -3.34692 -0.959458 0
0.856742 -2.11967 -2.84163 0
0.271359 -2.58298 -0.108638 5.3905737619464e-08
0.139768 -3.09427 2.86754 6.4625198149999e-08
0.0791862 -0.763356 -1.27235 0
0.148276 -0.577608 3.07282 0
0.0555113 3.73355 -0.459269 0
0.377585 1.96091 -2.07025 0
0.401969 -0.221519 -2.81574 3.49626342483762
0.453558 -0.630786 2.56987 2.63062748520269
0.12202 3.3484 -2.79247 45.8847697280435
0.40605 2.85968 1.41239 22.3898062170018
1.07661 -0.778517 -2.0976 2.65650957117376
0.353277 -0.850585 -2.05607 7.63472240745958
0.406769 0.269793 -2.77408 4.24772167777067
0.0811849 -1.13363 1.81009 12.8958796125619
0.497312 -3.42492 -1.58561 1.89638144634042
0.108922 -3.51702 -2.61216 7.88483610700349
0.520587 0.0221861 0.201391 29.2164986757841
0.418635 0.870432 0.0842014 25.9517997964119
0.0914944 3.43398 -2.00313 0.158814127472947
23.8625 0.0974186 -1.97733 0.0628454927182149
23.2585 0.047456 -1.99803 0.0401439527159261
0.253099 2.36587 2.80575 3.98180503411323
0.621084 2.85134 2.03484 1.00153316946736
0.231458 1.64222 1.62527 83.5365258833118
0.630397 1.9902 2.53509 22.0757167636964
0.261647 2.00327 3.10479 21.9591454991782
1.03795 2.33198 2.59318 4.02192534140667
