0.0787402 -1.8421 2.44142 0
0.933041 -2.73514 1.05304 0
14.9115 -1.64801 2.56365 2.53384810684753e-13
0.220064 -1.81904 0.222061 0
0.0821221 0.19618 2.86093 0
0.529358 1.7586 -2.71145 0
0.5827 1.07169 -3.01932 0
0.980838 0.797829 -3.04896 0
0.390252 1.87177 -1.00987 0
0.622871 -0.692113 -1.64528 0
0.254196 0.367043 -2.74459 0
0.960626 0.301981 -3.09326 0
2.85233 -0.398558 -2.85171 0
1.77319 -0.671316 -2.34939 0
0.0598819 -4.88724 -2.19757 0
0.0934532 -0.321128 -2.00235 0
0.400405 -0.743366 2.58298 0
0.321584 -1.70716 -1.40823 0
0.214082 -0.895575 0.407219 0
0.594735 -1.36308 -2.8931 0
0.699167 -4.01945 -1.22819 0
2.03544 -0.914887 -1.62245 0
0.988567 -1.80109 -1.85088 0
1.93024 -2.89292 -2.32186 0
0.142334 -3.03181 2.52181 0
0.471877 -3.34916 -1.32066 0
2.80095 -3.67919 -0.808404 8.83426292004483e-14
0.428916 -1.52376 2.55068 2.90098474882049e-13
1.97055 -1.32324 2.51099 3.57596849237103e-13
3.31991 -1.3744 2.65921 3.4010970474831e-13
0.338219 -1.80742 -2.23437 8.08120370562246e-14
1.48087 -0.95258 1.53221 1.32871234312992e-13
0.446826 -1.98844 -0.847519 8.53503021763604e-14
0.655415 -1.92856 0.251139 7.71149114543605e-14
2.20424 1.32149 1.20962 1.23845202247869e-13
0.896031 1.75517 2.39587 9.91927439627044e-14
0.312095 1.41523 -1.2479 0
0.669882 1.87944 -0.460154 0
0.205217 2.97871 -1.27902 0
0.600365 2.14856 0.346353 0
0.792021 3.31095 0.150857 0
0.5848 2.80969 -2.67568 0
0.044328 5.16662 3.04089 0
0.528578 2.90655 -1.94905 0
0.431677 7.04614 -0.898816 0
0.773721 -0.985756 2.09251 0
0.657565 0.971161 -0.91736 0
0.380259 3.66772 0.617648 0
0.526643 4.06211 -2.99215 0
0.407334 4.85618 1.45765 0
0.583978 5.0429 -2.45458 0
0.109594 -2.85634 -3.00658 0
0.352042 -3.1952 0.54532 0
0.82486 -3.36294 -0.623004 0
0.610669 -2.88986 1.55666 0
0.101416 -2.89671 -2.92563 0
1.50666 -2.98674 2.33064 0
5.64909 -2.21534 1.80357 0
1.18925 -2.07747 1.53821 0
0.290845 -6.804 -2.68609 0
0.624159 -7.21847 1.59638 0
0.33647 -5.11538 2.23575 0
0.683881 -0.886505 -2.56223 0
0.422855 4.31609 2.00291 0
0.471778 3.73229 -2.71347 0
0.826866 3.05857 2.14179 0
0.819807 4.95908 -2.57246 0
0.767797 3.70133 -2.90732 0
1.42114 1.50838 -2.01779 0
1.55007 1.65381 -1.56664 0
0.166713 -4.49567 0.540472 0
0.42655 -2.24641 0.106464 0
0.21776 -1.68856 -1.93313 0
0.64005 0.928478 -0.176054 0
0.372066 1.77838 2.2499 0
0.358905 2.40303 0.533368 0
0.847602 0.890771 2.80523 0
0.900143 -0.169966 -1.57859 0
0.305347 -0.780129 0.492656 0
0.0953025 -5.0918 -0.30613 0
0.736842 -4.29011 1.97119 0
0.384104 -3.89357 -2.11511 0
0.669362 -2.27826 -1.14737 0
0.680481 -3.52357 -2.11283 0
0.498169 -4.27552 -1.14093 0
0.915595 -5.99193 2.9912 0
0.185322 -6.9841 0.396219 0
0.1189 -3.91696 -0.830138 0
0.347843 -4.69903 -3.0054 0
1.8479 -1.81609 2.53102 2.08792007227358e-13
2.41717 -1.81618 2.7043 2.0998484356409e-13
2.97547 -1.69921 1.95154 5.34563945222761e-14
1.38289 -0.120943 0.47973 2.19917226490035e-13
0.600751 1.50964 0.739527 9.82630831065563e-14
1.19961 0.485747 -0.485507 0
0.794659 1.98389 0.0164557 0
0.35019 0.97192 -0.526664 0
1.58047 4.57282 -1.80118 0
0.743226 6.64482 -2.80972 0
0.714965 6.85221 -1.70244 0
0.249562 5.92941 -2.42898 0
0.506488 -1.82584 2.82294 0
0.322001 -0.888146 -1.6517 0
0.458032 -2.36754 -0.618047 0
0.457063 5.7399 1.78127 0
0.208876 5.23946 -2.44001 0
0.164879 0.828078 1.42276 0
0.399736 -0.990444 -0.882113 0
0.477696 -2.39307 2.95267 0
0.242298 -5.44363 -2.92637 0
0.612891 -4.53686 2.19448 0
0.51253 -4.29623 3.0742 0
0.0321404 -6.8097 -2.74622 0
0.855459 -3.72171 0.296392 0
0.317135 -1.70296 2.42572 0
0.743883 -2.28882 1.17028 0
3.74212 -2.37648 1.76252 0
0.284783 -6.51866 -0.908248 0
0.217369 -5.54652 -1.22897 0
0.220815 -5.21332 1.79834 0
0.32801 -4.82821 -2.25722 0
0.456158 -1.93854 2.0196 0
0.286605 -1.152 0.223208 0
0.250159 2.66319 -0.119148 0
0.314884 3.5865 0.0266154 0
0.226835 3.74214 -2.70861 0
0.612111 3.6798 2.90216 0
0.263167 -9.00898 -2.89097 0
0.353138 -5.72345 2.15504 0
0.221315 -5.69589 -0.968139 0
0.371017 0.274803 3.11687 0
0.410537 -0.338769 -1.50113 0
0.75885 6.82309 -0.477938 0
0.196526 7.29696 -1.25662 0
2.55952 -3.9426 -1.42865 0.128145733331153
0.341737 -4.56786 -1.73701 0.40941616577792
2.19654 -3.99125 -1.53937 0.0984252713559022
1.87878 -1.59222 2.52651 2.69377882509989e-13
4.83236 -1.65732 2.60526 2.50934532563507e-13
0.450559 1.71589 -2.64927 8.76749805733722e-09
0.14861 1.8234 -2.39954 2.24339986408665e-08
0.181483 0.360866 2.22716 7.1635498415153
0.118639 -2.31769 -1.88175 1.24320865199987e-07
0.372619 -2.28688 -2.68224 9.7072470962563e-08
0.376716 0.452108 1.72047 2.09240099691542e-13
0.579843 0.819936 2.16291 1.80204870496691e-13
0.254332 0.829343 -0.914076 0
1.37602 0.870854 -0.446353 0
0.335118 4.05996 -1.06538 0
1.15474 4.31258 -0.916919 0
0.91258 5.32675 -0.445988 0
0.553246 4.80517 -0.949677 0
0.164244 6.51877 1.71963 0
0.19461 6.36359 0.0322287 0
0.0589872 -1.24032 2.08498 5.24063112473137e-06
0.108915 -1.18937 2.0752 5.9675930511228e-06
0.546533 -2.62763 -0.924819 0
0.18115 -2.5435 0.667461 0
0.392037 0.154408 0.744714 0
0.284174 1.44857 0.957838 0
1.21668 2.15863 -1.94682 1.84511123181189
0.0867032 2.77972 -1.32877 14.0186384572364
0.242572 -3.44177 0.121995 0
0.32283 -2.24118 -0.035913 0
0.111806 8.6432 -0.0609721 0
0.276328 8.26634 3.02093 0
0.00769279 3.78261 3.08274 4.34593505972905e-05
0.028275 3.6997 2.97195 5.06934015749146e-05
0.581858 1.80731 -2.73229 5.53451199937538
0.81902 1.83051 -2.13161 3.85131477722547
0.224621 -2.02337 -1.0345 28.0154505508662
0.406164 -0.832333 -1.51322 43.5929356686006
8.98353 -1.6566 2.08822 0.0329415814795517
34.7115 -1.63006 2.05271 0.0314013079476022
2.68768 -1.94871 1.94123 0.308082818850635
0.515967 -2.06654 1.83927 0.190100418007804
7.77704 -2.0417 1.74111 0.041160228504911
1.45854 -1.91115 2.08278 0.790588772358903
1.4344 -2.15706 1.53427 0.500910411752754
4.19105 -1.79941 1.69422 0.457679907340745
1.2358 -2.13373 1.67781 0.231122759257996
1.67972 -2.1127 1.91855 0.402516969763735
0.681062 -2.41237 2.13168 0.986582624236889
