0.358126 10.5734 -2.76722 0
0.215704 -3.34408 -0.113903 0
0.206616 -2.28658 2.00677 0
0.137877 -6.13405 -1.90344 0
0.194928 -7.1124 -0.707611 0
0.561581 -6.94224 -1.09642 0
1.18551 -8.84425 1.32009 0
0.179194 -8.13964 -2.70211 0
0.86806 -6.12871 -2.9377 0
0.748378 -3.32208 -1.98987 0
0.288033 -0.601481 1.91513 0
0.398847 -2.6502 -0.283165 0
0.391962 -3.22427 0.268586 0
0.26084 -3.73856 -1.26848 0
0.110806 -4.21743 -2.76419 0
0.485216 -5.99618 2.20204 0
0.234196 -7.82981 0.627351 0
0.633121 -7.42069 -2.44804 0
0.0900259 -0.831663 2.62401 0
0.18896 -3.6444 2.28097 0
0.397095 -5.02581 -1.71507 0
0.150891 -4.58809 -1.69896 0
0.046802 -1.86663 -1.53947 1.78699030144438e-07
0.187402 -1.01883 1.22525 1.86298620711907e-07
0.164657 -1.31492 2.46082 0
0.233041 -0.808272 -0.942812 0
0.267592 1.37071 0.64143 0
0.245932 0.869975 -2.75855 0
0.0213955 1.24628 -1.71158 1.9934511955533e-05
0.0774581 1.25579 -1.7161 1.99076579823483e-05
