26.2092 -2.08332 0.600791 3.47837337894075e-13
1.38355 -3.08217 -0.809339 0
0.256485 5.3241 0.783293 0
0.529023 5.95386 -1.10167 0
0.441779 6.97389 2.56763 0
0.254289 5.53979 2.30366 0
0.440874 7.44429 -0.045767 0
0.313913 3.55548 -0.373573 0
0.735674 3.96385 -2.11129 0
0.722305 2.97482 2.78311 0
0.132557 0.698065 -0.332702 0
0.851972 0.816379 2.17745 0
0.231055 -3.27629 2.91323 0
0.503555 -3.07426 -0.683698 0
0.7392 -2.20729 3.02795 0
2.15359 -4.07695 -2.8621 0
1.03344 -4.70889 -2.91037 0
0.0377996 -8.36109 -1.43872 0
0.934742 -5.16127 -2.68721 0
1.29461 2.55808 -1.20948 0
0.584018 2.98592 -0.425095 0
1.14019 5.32657 -0.0524379 0
0.554862 4.78909 -2.7203 0
0.537175 8.82607 -1.49333 0
0.567179 9.08065 0.29963 0
1.14887 0.63053 2.3552 0
0.923323 3.04393 -0.398459 0
0.112921 3.34986 -1.08356 0
14.0182 2.84272 -0.982366 0
0.561779 -3.18578 -1.27333 0
0.841876 -2.7928 -1.50702 0
1.00047 -2.64393 -0.972737 0
1.48134 -3.20494 -1.16566 0
0.337949 3.30609 2.9118 0
0.46119 4.3718 -1.30063 0
0.186151 4.43787 1.33379 0
0.719742 2.97302 -2.81963 0
0.178238 1.06418 1.32518 0
0.406862 0.0346995 1.49436 0
0.416122 -2.29959 0.373899 0
0.492409 -1.77771 -1.64829 0
1.98891 -2.29727 -0.388104 0
0.99276 -2.27268 -1.02243 0
1.97776 -2.21225 -0.904163 0
0.689762 -3.15774 -2.03377 0
0.414774 -7.85869 -2.71854 0
0.890551 0.438952 2.12684 0
1.05902 2.14526 -0.977585 0
6.41397 -3.04061 -1.14706 0
13.1602 -3.02911 -1.19922 0
0.130628 3.07905 1.67985 0
0.228669 3.45985 -1.43727 0
0.815419 1.48464 1.13672 2.36947924817481
0.0391167 2.82015 1.82334 13.5912046973852
0.479456 3.07419 0.114078 0
0.111349 2.83444 3.10248 0
3.64401 0.180689 1.96843 0.0496860166953791
3.8022 0.230626 1.90715 0.03873187463039
3.31027 0.298779 2.00782 0.0200769323232482
8.20909 -2.40245 -0.728109 0.0564914889624184
3.54609 -2.72189 -0.976609 0.208431117034482
2.73385 0.242104 1.92231 0.42595907232067
8.46209 -2.32522 -0.784162 0.066136566037975
8.17226 -2.41992 -0.779157 0.022292914631603
5.77091 0.356349 1.97321 0.171483354086269
2.25681 0.405245 2.07277 0.506979257619041
