0.442722 -6.33084 0.661421 0
0.05986 -3.93853 -2.22253 0
0.371874 0.278059 -1.03564 0
1.00637 0.379258 -0.076737 0
0.969447 1.07179 0.998907 0
0.306792 1.47175 -0.545999 0
0.408235 3.27153 1.03421 0
0.965958 7.25493 1.47245 0
0.787628 6.04083 1.62848 0
0.427182 6.71475 -0.994555 0
0.84971 5.11425 2.82398 0
0.277505 6.87772 -1.09807 0
0.143745 10.258 2.24838 0
0.229351 4.4748 3.09041 0
0.66115 3.52076 2.09433 0
1.62481 2.65475 -2.5345 0
0.192363 3.5971 2.09354 0
1.53615 2.46703 3.12362 0
2.67662 2.3896 -3.08097 0
0.88971 1.39689 0.690108 0
0.746002 1.64053 0.055264 0
0.70376 -0.224061 0.805455 0
0.80112 0.552102 -0.530889 0
0.551551 -2.79172 3.02461 0
0.280715 -2.20198 0.0204767 0
0.862346 -3.7001 -2.4976 0
0.456378 -6.23336 -0.497139 0
0.173918 -9.16792 2.72666 0
0.436575 -1.17431 -1.54653 0
0.763004 -1.40414 -1.26373 0
0.39207 -0.547017 -2.1288 0
0.64214 0.158336 -0.81734 0
0.385153 -1.33255 -2.81097 0
1.26722 -0.137213 -2.23734 0
0.746348 1.17495 -1.44173 0
0.279633 -0.433116 -1.8839 0
0.355373 2.26376 -0.290499 0
0.494576 3.49103 -0.950311 0
0.259639 3.47247 1.27935 0
0.231918 6.3798 -1.7565 0
0.36611 5.80808 2.26125 0
0.346495 -0.627029 -0.821821 0
0.662663 0.0454453 1.03372 0
0.228802 -2.33754 2.1044 0
0.336301 -6.21665 -2.35423 0
0.362728 0.548317 -0.949115 0
0.140933 0.69929 1.79777 0
0.0752387 3.34471 -1.0283 42.7484691984979
0.107115 6.09769 -0.0567895 0
0.12828 7.40645 1.77134 0
0.180856 -5.17227 0.736715 0
0.102101 -5.85586 2.16629 0
0.450285 -2.00302 0.763299 1.04372240611218
0.0294298 -3.35951 -0.73541 4.20453834041074
