0.292062 1.71385 -2.87654 7.12279463691852e-15
0.0928178 2.54501 1.6845 8.66781063655817e-15
0.532727 1.34659 -1.82676 2.4748255458106e-15
0.571452 0.867152 -2.07997 7.53426064673366e-15
0.197469 2.58498 -2.76486 5.90020720679624e-15
0.372415 -7.15967 2.53903 0
0.260748 -6.90581 -2.80276 0
0.626875 -6.65447 2.32481 0
0.497561 -4.41777 -2.60737 0
0.175019 1.78751 -1.8761 0
0.276374 2.57217 -0.694502 0
0.338829 1.44712 2.5552 0
0.282765 9.27047 -1.84719 0
1.8532 0.474087 1.47753 0
0.282253 -1.05907 1.29867 0
0.56334 -6.19531 3.00365 0
0.491856 1.94267 -2.99311 7.08596705616788e-15
0.564282 -3.15978 3.12309 0
0.621557 -1.78054 2.00471 0
0.269367 1.62419 2.59096 0
0.436059 3.13933 -0.764609 0
0.382774 4.36864 -2.16972 0
0.248064 5.34309 2.17362 0
0.271126 7.09614 -2.9632 0
0.218936 5.63814 -0.415148 0
0.27323 -1.70141 2.68459 0
0.255693 -2.56087 -0.0867973 0
0.344859 -4.06964 -1.61135 0
0.194751 -5.39801 0.40543 0
0.261038 -7.08742 -0.91907 0
0.516354 -7.98774 -0.636705 0
0.365471 -9.41839 1.11222 0
0.391022 -8.45308 -1.74908 0
0.197832 1.94443 2.77795 8.73279139059992e-15
0.217592 2.40613 -1.56047 3.57207332307359e-15
0.114839 -8.60896 0.0122511 0
0.777589 -7.93525 1.05477 0
0.0669288 7.43443 2.18624 0
0.07911 5.58771 -3.07676 0
0.211523 1.95308 -1.47809 0
0.17908 2.22319 -2.97169 0
0.162857 -1.40005 -1.42857 6.16054837733916
0.236684 0.855684 0.322805 25.4616227193321
0.393285 1.81058 1.00269 6.77073514761731
