0.234411 1.82291 -2.03664 0
1.06882 2.52195 -2.30522 0
1.39626 2.09802 2.38282 0
0.164374 0.180666 1.07528 0
0.187942 2.73027 2.1815 0
1.17074 2.12378 1.29622 0
0.272936 4.25379 0.829507 0
0.748416 4.12556 0.219063 0
0.43824 3.36147 2.35431 0
0.155845 0.815916 2.83507 0
0.260852 0.951095 -0.117866 0
1.78887 -0.0199917 1.62915 0
1.29909 0.240901 0.719601 0
0.0585693 -0.734805 3.11652 0
0.691855 1.08693 -0.317801 0
0.414295 2.16649 2.81603 0
0.430929 4.61678 -2.72731 0
0.332896 2.9527 -1.18261 0
1.02095 2.73348 -3.12303 0
0.226535 0.190507 1.62504 0
2.75919 0.576343 -1.51541 0
0.281238 0.665686 -2.3614 0
1.26448 1.68631 2.39847 0
0.443819 2.44526 2.15183 0
8.15628 -4.58657 -0.302185 0
0.671803 -3.63292 -2.51324 0
0.566922 -4.60952 -2.07534 0
0.9253 -5.83864 -2.43202 0
0.348529 -4.5679 -2.22772 0
1.81768 -5.63528 1.13333 0
1.52234 -5.68031 1.0685 0
0.217422 -5.29982 0.856748 0
0.312495 -5.20513 0.079279 0
2.48879 -2.77726 1.46275 7.4544680308699e-13
2.53613 -2.48319 1.34175 9.94942242395026e-13
1.65033 -1.97344 1.38687 1.58860654880941e-12
0.741929 -2.15422 1.34584 1.34771306060924e-12
1.45763 -2.32836 -2.69691 9.58268416794348e-13
36.1629 -2.92589 -2.30443 5.06540549602486e-13
0.378647 7.0131 0.906976 0
0.847065 7.05156 -1.31718 0
0.551154 6.42538 0.439719 0
3.16295 3.84351 -1.45899 0
0.732463 4.41392 -2.33951 0
1.33762 3.69297 -1.70253 0
0.939723 3.00021 -0.420155 0
0.353285 1.91969 -1.574 0
0.362243 -4.0158 -0.522333 0
0.421133 0.0228869 -1.58512 0
0.430081 4.01911 0.637203 0
0.308751 3.86258 2.82755 0
0.449446 2.77999 -0.14361 0
0.346739 1.16372 2.49614 0
0.142961 1.75751 -2.69066 0
0.443945 3.58049 1.31181 0
2.71389 4.3086 1.88315 0
0.331928 4.70927 -1.89435 0
1.19807 4.61371 1.12223 0
0.831014 6.00652 -0.74559 0
1.01353 6.00005 -2.11427 0
0.685724 6.40241 -1.301 0
0.316671 4.90508 0.115347 0
0.71747 5.71258 -2.94259 0
0.624954 -0.195166 -1.37115 0
0.784922 -2.11054 2.07173 0
0.353333 -6.22195 -2.41971 0
4.30837 -3.59076 1.41681 2.20669047796555e-13
2.07833 -3.76719 1.2944 1.95110339409623e-13
4.8555 -3.70161 1.28151 2.08666480652937e-13
2.91754 -3.68884 1.41191 2.00369469371206e-13
0.389655 -3.51727 -1.3946 3.1901245975372e-13
0.688103 -3.63142 -2.98535 1.74763015476198e-13
1.19994 -2.4524 -2.71489 6.9849246369162e-13
0.310758 -1.34241 0.569739 2.15720150530138e-12
0.294842 -3.42273 0.607133 3.25084599915982e-13
2.15509 -2.04031 2.39397 1.02949741150295e-12
0.822016 -2.69736 1.51402 5.47776744664698e-13
0.765279 -1.48886 2.48712 1.78669246686226e-12
0.797966 -2.03617 2.82024 1.03440390285903e-12
0.90943 -1.70141 -2.29798 1.51960461738054e-12
0.188054 -2.23516 0.470071 9.63786530376429e-13
0.371048 -1.89696 -1.10214 1.34170363913723e-12
0.275445 -1.21757 -1.7529 2.38599413496316e-12
1.04939 -1.53001 -0.150304 1.86470120233003e-12
1.01831 -1.3809 0.0769197 2.11006452049026e-12
0.182407 -1.45903 -0.779477 1.98695543800748e-12
1.48936 -1.05791 0.451178 2.72353057281948e-12
1.9565 -0.593775 0.573969 3.69065306845707e-12
0.937087 -0.164176 0.458183 4.28652975810467e-12
0.522321 3.03251 -1.20106 0
0.320373 1.26682 -2.36752 0
0.974342 5.98276 0.368942 0
1.18631 5.47399 -0.385052 0
2.71426 4.51382 -0.636781 0
0.220637 3.73482 0.0932955 0
0.340407 2.53598 3.05343 0
0.253454 -7.31649 -1.8109 0
0.369451 -7.29377 0.560249 0
0.188922 -6.12335 1.96849 0
0.40236 -5.72631 -0.127562 0
0.289324 -3.92095 -1.64032 0
0.0994367 -2.31239 0.947367 0
0.223969 1.9513 1.99896 0
1.18166 1.80039 1.65275 0
0.368084 3.22688 -0.641431 0
0.364661 4.58458 0.00873097 0
0.769757 0.135886 1.52498 0
2.35738 0.0729451 1.7958 0
0.870172 0.358048 0.560791 0
1.71996 0.55214 0.103938 0
0.175834 -0.76696 1.74676 0
0.447369 -0.683451 0.476554 0
0.577078 -0.603152 -1.74505 0
0.798601 5.16721 -0.374281 0
0.331321 1.1895 1.76112 0
0.533726 3.05815 0.297854 0
0.564221 1.15917 -2.64399 0
0.685122 0.758034 -0.565972 0
1.68475 0.0581248 -0.72205 0
0.850815 1.86474 -2.40551 0
1.11736 1.38422 -2.47567 0
0.118989 0.640043 2.00451 0
0.308303 2.66719 -2.251 0
2.06495 2.01867 2.01006 0
2.13 -4.4346 -0.458021 0
2.44184 -3.86458 -1.5204 0
0.358214 -4.20225 -2.55575 0
0.518901 -3.7707 -1.74861 0
0.390771 -5.33559 -1.60275 0
0.485342 -5.65411 1.85091 0
0.102418 -4.63177 -1.73546 0
0.716184 -4.81775 1.57072 0
0.572553 -5.3932 0.220912 0
0.465958 -5.61379 2.34009 0
0.25044 -7.17428 1.44861 0
0.666562 -5.58073 -2.9177 0
0.270937 -4.59915 1.90438 0
1.05974 -2.77468 2.03196 6.66093983795763e-13
3.21399 -2.68633 1.46573 8.10050880506156e-13
1.28133 -2.84862 0.849923 7.67044864912044e-13
0.0337396 -4.97304 0.597895 2.19226217775844e-13
0.150903 -3.12966 0.114673 6.4052343471828e-13
0.623879 -3.23525 -2.68182 3.11840413756196e-13
5.4736 -2.94243 -2.2847 4.99183411749774e-13
0.761999 4.72397 2.59446 0
0.103796 4.73916 -2.36491 0
1.85989 2.95411 -0.26571 0
0.0264274 3.87819 -2.38236 0
1.30329 1.70765 -0.228508 0
0.511792 2.24561 0.395571 0
0.099052 1.10374 0.504707 0
0.404498 1.7792 2.62717 0
1.06846 3.90284 2.43367 0
0.98564 3.33615 2.86684 0
0.704907 3.56284 2.06224 0
0.761827 3.83909 1.81299 0
0.319411 5.16849 0.210203 0
0.74827 4.66281 2.05353 0
0.832505 6.15376 -2.08388 0
0.35106 6.29505 2.92914 0
0.576383 5.75701 -2.75721 0
0.651712 5.78397 -2.00532 0
0.985278 3.67857 -0.228928 0
0.203784 3.13588 -2.61283 0
0.23428 -2.33206 1.18184 0
0.72952 -3.23416 -1.51269 3.94640932895588e-13
0.623914 -3.64719 0.703373 2.64264488686393e-13
0.0668319 -3.67284 1.50081 1.97534541494543e-13
1.71527 -2.48983 1.97379 6.49036150180772e-13
0.344546 -1.99966 1.39707 1.12556467751785e-12
1.179 -1.66606 -2.71612 1.54090178869184e-12
0.219123 -1.84834 -0.520647 1.41279391731194e-12
0.982627 -1.41361 -0.608861 2.06631710068806e-12
1.1376 -1.39333 -0.251785 2.09925122717739e-12
0.200565 2.56968 0.687147 0
2.40253 5.91453 0.0757726 0
0.356889 5.52289 -2.72507 0
0.318021 5.24201 -0.78196 0
0.179734 3.59734 3.08225 0
0.58182 -5.6514 3.00877 0
0.165996 -5.11868 -0.852747 0
0.96899 1.77014 -1.50942 0.38262150554309
0.316147 1.23001 2.86564 2.53300275336043
0.0359363 3.15706 0.592511 0
0.171106 3.15695 -1.96416 0
0.743881 2.46024 1.72982 0
1.46024 2.45433 1.46481 0
0.39841 1.25559 -3.04178 0.500403888483634
1.01332 2.23658 2.27778 0
0.453913 2.54283 2.4987 0
3.01075 -4.51688 -0.321129 2.41984404583121e-08
0.55398 -4.46333 -0.564814 4.88834837271445e-08
0.0922302 -5.09184 -2.1476 0
0.245158 -3.39694 -3.09687 0
0.391334 -5.11291 -2.93205 0
0.335884 -4.29142 -2.73369 0
0.845974 -2.31219 1.17131 1.18569969764407e-12
0.433794 -2.27576 0.736506 1.26795604913574e-12
0.204348 4.45252 -2.52689 6.97189900957977e-09
0.191837 4.35004 -1.68156 9.56141697764935e-10
0.132252 4.20839 -0.490017 0
0.995623 3.88473 -1.40673 0
0.0667709 4.46962 0.864785 0
0.382659 3.1104 -0.775744 0
0.528861 3.35864 -0.320777 3.27227900253612e-09
0.0817656 3.21185 -0.101917 7.59469783804083e-09
0.0400438 -2.18218 1.15819 0
0.307564 -2.3897 -0.630952 0
0.075235 0.801513 -2.68579 10.9937994912407
1.29412 0.857596 -2.90902 0.0255408022130105
0.235645 6.92556 0.605023 0
0.442802 6.82232 -1.37131 0
0.353918 -0.110199 -1.35489 0
0.347253 0.578574 -0.1303 0
0.102611 -2.60759 -0.110199 0
0.166889 -1.50083 -2.65694 0
0.139919 -5.46152 -1.20436 0
0.362083 -3.68485 -0.400364 0
3.57629 -3.65459 1.22818 0.0770594935621302
2.16401 -3.82479 1.29229 1.85204044271713e-13
0.749288 -3.82122 1.5485 1.64482016435008e-13
1.06993 -3.58042 1.16896 2.4356584783437e-13
2.69821 -3.64593 1.40364 2.09854851084906e-13
0.270814 -2.61085 1.41907 4.9339780876808e-08
0.1569 -2.19093 1.34538 1.47695611624538e-08
0.428925 -2.20666 2.08253 8.72890878191165e-13
0.454176 -2.84056 1.52818 4.70231457437017e-13
0.118655 2.63109 -2.77674 0
0.0733968 5.02107 -0.811316 0
0.214651 -1.26133 2.448 3.49090114389392
0.0312433 -7.07897 -1.08327 4.45182446082513
0.500266 -4.77636 -2.89413 2.77649626774822
0.0127472 4.78137 -2.15829 6.49813948931576e-06
0.26301 4.5336 -1.92987 1.55998744495905e-05
0.129208 -1.72621 1.89328 10.9328205025041
0.436889 -0.20018 2.32022 9.20014669660475
0.128942 3.38568 -1.58188 0.0160053140283653
2.18399 3.61942 -1.57894 0.0419147264164563
2.45192 1.74998 -1.36882 0.567126531134293
0.46706 1.94694 -1.81581 0.153690029449332
0.390071 3.05163 -2.07163 0.82169810353056
0.376575 1.66271 0.314736 0.701587411152101
0.615409 0.615978 2.897 0.932231514189235
1.89712 -3.48777 1.32749 0.0355719139280355
0.368588 -2.13884 2.70217 2.21196702639499
0.0378942 -1.52806 1.62878 38.6858203767793
0.686248 0.67901 -2.04815 3.12695439152733
0.603094 2.27075 -0.37307 0.367714235854676
0.926226 1.21476 2.69577 0.0191525790074696
1.8166 1.28122 2.771 0.0106261127956859
5.23596 -3.34863 1.31843 0.246460911217965
15.9367 -3.54645 1.35041 0.0702536420849228
0.200119 2.90759 -0.545568 0.334697656263379
0.642923 2.87713 -0.953276 0.245789021250906
0.177476 1.8791 1.67447 0.217709773815282
0.621456 2.68689 -1.23378 0.405641334518526
1.22145 1.51303 1.24917 0.447367469958527
1.43103 0.950953 1.76355 2.01888652987107
0.142426 3.80932 -1.20444 22.207105907547
0.702523 3.15619 -2.29015 8.81425797825864
