0.287193 7.97594 1.83411 0
0.886918 7.53375 0.63347 0
2.52579 4.24271 1.68238 0
0.779537 4.94444 1.34257 0
0.238903 4.53186 -0.216293 0
0.701073 3.66143 1.66569 0
0.663858 5.81112 -2.79336 0
1.18136 5.76674 2.0548 0
1.18426 7.67698 -0.753019 0
0.952818 8.24072 1.52654 0
0.585826 -3.46149 1.89485 0
2.25801 2.36218 -2.45243 0
1.31452 1.48734 -2.11639 0
0.339115 3.05614 1.10808 0
0.934966 3.01257 -2.57987 0
0.136275 2.86675 -2.78125 0
0.160928 6.26845 1.58436 0
0.425326 7.18559 2.6876 0
0.211815 -0.620076 -2.37739 0
0.206691 1.93659 -0.851373 0
0.132327 2.13383 -1.32187 0
0.4379 0.475771 -1.51307 0
0.256868 0.921919 -0.486357 0
0.725905 0.770267 -1.96427 0
0.501844 1.16928 2.26858 0
0.664336 -2.47465 0.858616 0
0.299976 -3.8745 1.34118 0
0.228962 -2.87705 -2.02131 0
0.234711 -6.88642 -0.435148 0
1.57801 4.37028 1.32465 0
3.10393 4.12688 1.41808 0
1.88269 4.29642 1.3493 0
0.237601 8.85804 -2.60514 0
0.126802 -5.49259 0.597235 0
0.441263 -7.28353 -0.324302 0
0.24563 -4.52367 -0.103224 0
0.212078 -3.37062 -2.8591 0
0.283733 5.98939 2.27384 0
0.583716 6.12734 2.29682 0
0.159683 6.34188 -0.0773125 0
0.646122 0.892549 -0.696299 0
0.221929 0.257487 -2.47761 0
0.257786 -0.250099 0.344158 0
1.08547 0.977183 -1.54231 0
0.217639 -0.53991 0.967513 0
0.335746 -1.31971 1.00238 0
0.382214 -4.68924 -1.06322 0
0.55505 -7.36731 -2.04464 0
0.250226 -7.97439 0.468172 0
0.211756 -2.24836 2.20536 0
0.220393 -1.08079 3.07429 0
0.126595 0.556178 -2.75876 0
0.329419 2.02845 -1.39272 0
0.727333 1.66267 -2.37412 0
0.378502 2.02294 -2.95073 0
0.531085 2.81 -3.04073 0
0.996269 2.60105 -3.13054 0
0.724802 1.50609 -0.741462 2.65296966958298
0.217189 1.04742 -3.1371 0
0.119231 0.640396 -0.607079 0
0.0396937 -4.52403 -2.34868 1.63191036630989e-08
0.088962 -2.56735 -0.955354 3.3945362462046e-08
0.190506 -5.11229 0.990515 0
0.241633 -6.86171 -0.273626 0
0.261786 1.04505 -2.90338 23.3747248363806
0.152266 2.19809 -0.999429 14.0760925070299
0.230427 -1.88149 -2.28862 2.03064231941462
0.172957 -1.29474 0.193291 4.62088665835729
