1.33844 3.2286 -2.36892 0
0.184092 -6.82535 -0.233152 0
0.160231 -5.72807 -0.920784 0
0.51798 -1.67658 1.7553 0
0.26244 -5.10526 0.0560234 0
0.952151 -5.30101 1.66703 0
0.667956 -5.98991 0.418937 0
1.32583 -4.85026 2.46436 0
2.10776 -5.08081 2.25358 0
36.8176 1.77949 -1.98203 0
3.77028 1.86243 -2.08571 0
5.07421 1.89307 -1.90468 0
0.784779 1.19448 -1.68235 0
0.580027 0.467084 0.182437 0
4.89239 1.58389 -0.606635 9.13695983383874e-14
1.67702 1.407 -0.753937 1.1702696817073e-13
1.05767 1.61613 -0.0396914 6.20430704860885e-14
1.39845 2.00206 -0.562412 5.89871376849342e-14
1.0803 2.80053 -0.545091 4.27298416294061e-14
0.380237 2.06009 1.03425 4.74655187052561e-14
4.40776 1.94351 1.49487 7.82003215556818e-14
8.42728 2.02026 1.43349 7.08596360540258e-14
0.989042 2.13845 1.37727 6.26133612371697e-14
1.47356 2.16406 2.6393 1.5068947263269e-14
0.840701 2.02259 1.67679 2.49712503872403e-14
0.974868 3.22732 1.97965 6.89900631488335e-15
2.20645 2.80625 1.70462 1.08452752905635e-14
6.6477 3.02201 1.88003 7.72219378338333e-15
4.17653 2.84862 2.00217 6.59503972019126e-15
4.02733 2.89397 1.95276 7.07653217155806e-15
6.02935 2.93642 2.13968 4.50474063457201e-15
0.279334 6.67228 1.04583 1.37322847156514e-14
1.2726 5.27319 -1.33086 1.47970084268339e-14
0.280653 2.92511 -1.01961 2.65536578825615e-14
0.361397 3.25371 -0.442425 2.31690623449533e-14
0.56231 3.64203 2.94736 8.51401083260083e-15
0.250756 1.34177 -3.05084 5.28925720923076e-14
0.154426 -6.11966 0.668097 0
0.39415 -3.9674 1.33793 0
0.403056 -5.54851 -1.1007 0
0.490477 -2.31092 0.0908934 0
0.350279 0.866104 1.66111 0
0.948042 3.62651 -0.288684 0
0.274542 -4.59882 -0.882674 0
0.808778 -2.21418 -1.38745 0
1.92831 -0.344375 -2.73283 0
0.425097 0.729839 2.84232 0
0.634517 0.382629 -2.4368 0
1.03062 -0.231148 -2.626 0
0.987703 0.261796 -1.85764 0
0.968578 0.481564 -1.48621 0
0.732926 0.873794 -0.919467 0
0.145715 1.61449 -0.949068 0
1.14352 1.97546 -1.21964 0
0.179898 2.85562 -1.66211 0
7.29026 2.38842 -1.06528 0
12.3116 2.38695 -0.954346 0
0.575904 -5.26227 -2.14627 0
0.120528 -6.03012 1.1634 0
0.550926 -3.48822 -1.85974 0
0.43744 -0.245289 2.93368 0
0.385583 2.69673 0.510791 0
0.337426 4.35482 -0.608726 0
0.639032 7.42835 -2.26023 0
0.423947 8.75871 0.48625 0
0.486525 2.77513 3.06291 0
2.63689 1.30429 0.825254 1.25885723456426e-14
0.377044 1.09622 1.39757 2.74837586832225e-14
0.128659 -2.39866 -0.862757 0
0.957031 -3.19333 0.18649 0
0.263802 -4.16229 -1.8504 0
0.547247 -5.15803 -0.4769 0
1.12153 -1.52896 2.28074 0
1.77655 -1.31386 2.44341 0
0.584993 -1.23537 1.95426 0
1.79323 -1.54839 2.43313 0
0.562789 -1.95964 1.49725 0
0.133929 -0.901687 -1.83847 0
0.158901 -3.72464 -0.650807 0
0.722871 -2.75695 0.249068 0
0.361132 -5.90132 0.241469 0
0.129434 -4.85753 -2.29078 0
0.568862 -5.67746 2.56764 0
0.523403 -4.68128 -2.96322 0
0.904338 -7.36392 2.93783 0
0.244515 2.16933 1.31391 0
0.433498 0.62984 2.50785 0
0.24493 0.363704 0.869186 0
0.33082 2.06179 0.0417573 0
14.5625 1.5138 -0.630381 9.94167413170509e-14
1.17296 1.64533 -0.385697 7.43166050267616e-14
1.00446 1.733 -1.02726 1.00798475280578e-13
2.51114 1.77374 -0.229806 5.57172197003951e-14
0.359718 1.58145 0.640436 6.46423671340994e-14
0.273812 1.8987 0.448439 3.016198123738e-14
0.548918 2.59654 -0.506501 4.13877151612729e-14
0.237271 2.78232 0.312098 2.10868403673821e-14
0.780076 1.8125 1.54123 8.8966663024684e-14
1.68234 2.42627 1.48845 5.89127848633029e-14
0.463693 2.75766 1.39395 1.52464127231596e-14
8.29112 3.01619 2.10205 5.0308404118694e-15
2.7381 2.8417 2.1377 4.77038004758281e-15
4.02876 3.04504 2.09384 5.18385468436762e-15
0.384254 3.14473 2.90598 6.04622285322808e-15
0.255381 4.596 2.89626 1.1534370944217e-14
0.402178 3.56712 1.67266 1.02107694104928e-14
0.23548 6.06426 -1.42784 1.41985891428678e-14
0.344368 6.60689 -1.80343 1.39192041605523e-14
0.149655 5.32252 1.76906 1.2876296564361e-14
0.684958 6.28534 -1.73489 1.40034821595239e-14
0.646014 3.92697 -1.67918 1.68804222779493e-14
0.110298 2.28052 -2.47233 2.5691114337713e-14
1.08637 0.864615 -2.89413 8.35723369200687e-14
0.239415 0.50877 -1.25737 1.15207691885659e-13
0.618566 0.97042 1.9509 7.35230322507151e-14
0.163491 -4.06242 -0.302793 0
0.317303 -2.15802 3.04463 0
0.202906 1.56896 -0.294611 0
0.200928 0.183863 -0.532579 0
0.53119 -4.33198 -1.38359 0
0.270827 -2.45341 -3.10807 0
0.294745 -0.474034 0.654508 0
3.18634 -0.0822232 -1.39237 0
2.86469 0.0620812 -1.54874 0
0.395173 0.801559 -2.09029 0
0.528112 1.3987 0.193886 0
2.69512 2.56941 -0.980972 0
0.533679 -5.91977 0.759997 0
0.258543 -5.43086 3.11013 0
0.372307 -5.9961 1.91025 0
0.0488715 -3.66023 -2.42138 0
0.478441 -2.98452 -0.113572 0
0.183944 -1.66319 -1.66855 0
0.349485 3.98136 -0.285202 0
31.9296 1.95968 2.25026 0.0191389924378763
10.6462 0.552913 0.749883 0.0679278228167919
3.32155 0.664785 0.764295 0.685510460053445
0.0650807 -5.09503 0.60731 0
0.331797 -4.12442 0.658342 0
0.52726 -1.24816 2.62339 0
2.01317 -1.16729 2.34084 0
0.928211 0.775792 1.15142 0
0.683071 0.572801 1.05951 0
0.971102 1.64812 -0.651206 5.88928168092101e-08
1.49406 1.54732 -0.612425 3.4475195986111e-08
0.667876 2.28773 1.39085 1.29336123104469e-07
0.985267 2.2803 1.34161 1.29458904631889e-07
1.4252 2.79604 1.97671 7.22834581615227e-15
2.05032 3.10124 2.01236 6.22684983062988e-15
1.69352 2.90194 2.27107 2.76388199473752e-15
0.730319 3.13458 1.96505 6.79654797305839e-15
0.148965 2.85862 2.20451 8.25620608213724
0.114795 3.34732 2.30181 5.35317676646714e-15
1.50845 2.79998 2.1264 5.15286072588049e-15
0.0862359 -2.16488 -2.47366 3.66601476765315e-08
0.168538 -0.740536 -1.92482 3.49514364289119e-08
0.196545 -3.39813 -0.57407 0
0.361961 -4.30604 -0.576577 0
1.15029 2.2898 -0.775393 8.55893920273555
6.44146 2.50385 -1.01236 0
4.11377 2.47623 -0.977359 0
0.234552 -2.6625 2.35802 25.4010804213729
0.101531 -1.49641 3.06856 45.3596303036164
0.665432 1.5766 -0.514837 13.9227758007496
0.61568 1.13625 -0.973757 22.1251802558407
8.05566 0.557272 0.711914 0.236425625119461
0.144901 -4.94691 -0.305135 4.44718158015191e-09
0.0873299 -5.51079 0.686312 2.11609178951753e-08
0.673132 -0.018906 -1.92832 0
2.46519 0.34104 -1.54973 0
1.78183 2.31045 -1.15997 3.59331417725826e-08
4.3723 2.33296 -1.07517 1.41626754578764e-08
0.990274 2.55355 -1.04766 1.01827735881604e-05
0.116514 2.43841 -1.115 4.12139664343824e-05
10.1853 0.57283 0.78368 0.32926093141307
2.12646 2.68025 2.03278 0.0552136650781232
0.638535 2.5451 1.83843 0.0805104959677782
1.19082 2.37918 1.58162 0.10591076842939
