0.654128 -8.04255 2.88741 0
0.560327 -6.84005 -0.279587 0
0.610495 -6.45877 -2.1381 0
0.220027 4.25265 -0.645162 0
0.920382 1.15227 -0.702019 0
6.33401 2.13876 -0.67079 0
0.632623 2.11551 -1.25834 0
1.18711 -2.18365 0.562019 0
1.03586 -2.34047 -0.0473064 0
0.578954 -3.3588 2.7922 0
0.369666 -0.814308 1.83589 0
1.9782 0.268711 -2.79613 0
0.208277 1.37141 1.16373 0
0.570909 1.29895 -2.22784 0
0.428906 0.742503 -2.53554 0
1.8819 -1.04975 -2.08211 0
1.73563 -0.0417865 -2.315 0
1.09339 0.265354 -0.0738149 0
1.3902 0.2495 -0.548033 0
0.96192 0.728834 -0.670939 0
2.11438 0.426977 -1.1859 0
0.438316 -6.27863 1.34779 0
0.128017 -5.06211 -2.66119 0
0.564452 -2.49906 -1.11039 0
0.614997 -1.7284 -2.46635 0
0.534973 -4.05851 -1.20051 0
0.368951 -3.39207 -3.1307 0
0.529492 0.282275 0.405443 0
0.353465 -1.67119 -1.80874 0
0.0972153 0.522564 -3.08308 0
1.2729 1.59723 2.1108 0
1.16596 -4.2016 0.394982 0
2.76052 -3.66842 0.0758595 0
0.291785 -3.05764 0.546195 0
0.26614 -6.60879 1.50611 0
0.611045 -5.29785 2.00417 0
0.369248 -2.7208 0.938846 0
0.826307 1.56631 0.967701 0
0.61844 2.94043 -0.977455 0
0.606338 3.9644 2.39282 0
0.034662 5.85259 -1.67126 0
0.62331 5.8014 2.73723 0
0.642003 -3.88456 2.52574 0
0.457283 3.72228 -0.429848 0
0.245205 6.01456 -1.10676 0
0.250809 4.22514 2.12864 0
1.86214 0.914644 -0.738349 0
0.565737 1.16829 -1.56542 0
0.450652 2.73961 -1.13166 0
0.31909 3.54901 -1.64983 0
0.705859 -4.17472 -2.12298 0
0.319702 4.09262 -2.75658 0
1.63083 4.18607 -0.174086 0
0.454823 4.25009 0.0439111 0
0.307815 4.7308 0.861267 0
0.562048 2.4694 -2.25383 0
0.447154 2.39337 0.57373 0
1.31488 -1.29254 0.844531 0
0.35956 -2.48322 -0.098323 0
0.277959 -1.78017 -2.70262 0
0.440059 -3.69319 -0.232079 0
0.769814 -0.742324 2.45103 0
0.903586 0.52657 2.76903 0
0.776333 0.576939 2.32162 0
1.74142 -0.0895028 -2.30068 0
0.845254 0.439929 -2.44597 0
1.99136 0.400286 -1.01334 0
0.324465 -5.97732 -1.77888 0
0.493728 -5.46819 -0.851559 0
0.228458 -4.83162 2.6955 0
0.0963872 -2.88521 3.01716 0
0.326288 -2.19149 -0.718305 0
0.0750133 -2.09512 -0.338305 0
1.2281 -1.64489 -2.20674 0
1.30625 -1.36003 -1.69269 0
0.844532 -0.805472 -1.94927 0
0.158226 -7.11585 -0.0957986 0
0.384782 -2.73944 -2.25209 0
2.22815 -0.490866 -0.497084 0
0.453192 1.42666 -0.370845 0
1.75646 0.805409 2.54454 0
1.33541 0.426391 3.12243 0
0.0884989 2.38921 -1.38863 0
0.790594 -0.566617 1.85534 0
0.273422 -2.10152 -1.43799 0
0.056034 -2.80668 -1.61863 0
1.10659 -3.86663 0.0721584 0
0.554881 0.198484 0.304172 0
0.183961 2.2747 3.00975 0
0.314387 -0.139739 -2.28627 0
0.627886 8.74087 0.169099 0
0.673748 -7.82766 0.0265474 0
0.217278 -6.87072 -2.51082 0
0.165169 -5.01383 1.03253 0
0.104656 -6.57125 1.15909 0
0.321246 -4.13719 -1.81413 0
0.42803 -2.90701 2.01976 0
0.268427 4.12243 2.41913 0
0.299073 3.73685 -1.33072 0
0.22906 6.48775 2.75792 0
0.0567817 5.54097 -0.707421 0
0.381661 5.89554 2.21162 0
1.67219 4.95105 1.70651 0
0.0742149 5.95659 3.03177 0
0.608989 3.271 1.43001 0
0.58444 3.56678 0.230537 0
0.800131 2.12207 -0.688389 0
6.14726 2.09153 -0.604827 0
0.865468 2.19486 -0.452541 0
0.785865 1.94393 -0.416827 0
0.592988 3.51836 -2.48765 0
0.081383 4.02475 0.466636 0
0.764695 0.300484 1.14216 0
0.973397 0.195131 1.12081 0
0.446182 -2.05164 2.11568 0
0.206341 -1.1102 1.93204 0
0.344029 -3.83296 -3.03771 0
0.49786 -4.64341 -3.03744 0
0.925664 -0.620687 3.01627 0
0.874166 -0.598963 -2.72459 0
0.175072 -0.777833 -0.226957 0
0.18424 0.541354 1.41 0
0.147858 -6.15053 -0.53625 0
0.191846 -5.84332 -1.9073 0
0.177113 -6.46257 -1.20204 0
0.213417 -7.86838 -1.14282 0
0.10767 -2.39286 2.89635 0
0.151688 -2.46165 -0.206366 0
0.378808 -1.37271 0.750345 0
0.227041 -1.39814 -1.43415 0
0.413445 -0.751559 -0.377255 0
0.372653 -0.421249 -1.67679 0
0.561445 -0.468719 -1.43591 0
0.144099 -0.103889 -2.97093 0
0.0560124 -2.48258 -1.38604 5.66857481158626e-06
0.0241558 -2.13316 -1.7227 7.58798166593397e-06
0.138822 1.37836 -3.02382 1.72231920718263e-07
0.135498 1.68655 1.53361 1.13630112904317e-07
0.0905119 -8.76893 1.97429 2.66470094912116e-08
0.254724 -7.42711 2.55424 4.88091336891032e-08
0.225622 -3.20017 -0.719525 0
0.353444 -4.33013 -1.10562 0
0.200979 -2.37209 2.33889 22.4837601167511
0.158119 -0.60305 0.719467 170.047862758301
0.483476 5.30589 0.109483 0
0.312125 5.41202 -0.602 0
0.332163 4.32502 1.10368 1.34356252688773e-07
0.349749 4.83927 1.12624 7.23086566359494e-08
0.452671 4.46141 1.80647 0
0.157303 4.18782 -0.590933 0
0.532067 4.03874 2.01676 0
0.745024 4.0397 1.46821 0
0.216687 2.49893 -0.107722 10.4438925972568
0.296517 1.76868 -1.69688 15.4754685768329
0.156988 2.87966 -2.62688 19.0750458453125
0.214839 3.79506 -0.441 5.57087355794422
0.0927078 -6.80324 2.94877 3.2208432200539e-05
0.0831651 -6.78945 -3.10618 4.27761937317587e-05
0.0711621 4.55242 -1.30585 4.21979748766939
0.960338 4.19831 -1.75417 0.442398266346923
0.16704 1.89757 -2.54403 3.77907181589531
0.213982 1.11513 0.567991 5.95751514007537
