2.95367 4.13771 2.19025 0
0.374085 -1.40285 -0.472662 0
1.15248 -2.10046 -2.34173 0
6.41499 -2.37031 -2.56078 4.24023654196255e-14
0.608069 -1.7901 1.19312 1.32028800399176e-13
0.735026 -0.54703 0.91708 3.03352895551497e-13
1.24383 -1.48437 0.247757 1.61035049012537e-13
0.671443 -1.55574 1.99956 1.50216194600087e-13
6.07265 -1.23838 0.0806296 1.92283857322438e-13
0.11646 4.77216 1.68176 0
1.22531 5.46825 1.75812 0
0.410706 4.40845 0.291765 0
0.952105 5.2272 -2.26419 0
0.119493 3.66714 2.71796 0
0.314212 2.38522 1.18436 0
0.735501 -0.80234 2.50324 0
0.358593 -0.19261 1.22058 0
0.953383 -0.567607 2.86171 0
0.450797 0.38729 -2.87243 0
0.148985 -2.10687 -2.42556 0
0.294231 -4.56459 -1.60853 0
0.465244 0.0960852 -2.21305 0
0.750892 1.253 -2.79448 0
0.58643 3.74048 0.796423 0
0.983276 5.86192 0.888239 0
0.171532 6.81772 0.262798 0
0.516609 7.22942 -0.87112 0
0.406243 4.45978 -1.5242 0
0.503072 4.67328 -0.605377 0
0.459667 3.86684 -2.5516 0
0.156488 4.27687 -1.13592 0
0.449457 4.24175 -0.617622 0
0.0339525 2.76412 -2.48595 0
0.540079 3.75412 2.91441 0
0.739464 3.84318 -0.279321 0
1.49607 -0.291221 0.889616 0
0.018038 -2.53857 0.585912 0
4.44204 -0.940783 1.61411 0
4.37809 -1.20839 1.28746 0
0.31797 -1.21743 1.63615 0
0.523251 -2.17771 0.7149 0
0.101808 -2.29523 3.07661 0
0.246406 -2.45189 0.87035 0
0.701176 -1.79416 -0.726059 0
0.85435 -2.24902 -0.992118 0
0.779351 -2.03398 -0.332382 0
0.617921 -2.14764 -1.72356 0
0.904502 -3.3882 -2.27188 0
0.57758 -3.2983 -1.38769 0
1.34963 -3.99477 -2.60497 0
0.619185 -5.58226 0.782391 0
0.132593 -2.58436 2.23798 0
0.389944 -3.3737 0.0866323 0
0.56282 -2.30787 1.32853 0
0.874773 -3.00526 1.10245 0
3.7262 -2.25687 -2.61371 5.04574622849155e-14
2.04781 -2.42614 -2.35271 3.63004518339625e-14
3.14248 -2.38224 -2.51454 4.09706470245552e-14
3.74938 -2.49226 -2.42264 3.34477835736199e-14
1.3738 -2.42618 -2.38491 3.66521732583161e-14
0.0548393 -3.34299 2.92177 2.87939314586191e-14
3.55703 -1.26091 0.173965 1.90375070773745e-13
0.437292 4.63391 1.08513 0
0.152565 6.31458 2.60315 0
0.226003 3.2166 -0.493903 0
0.155992 4.18162 -0.478385 0
0.110171 -2.6989 1.16501 0
0.470948 -7.75736 -2.01101 0
0.186297 -4.7967 -2.73206 0
0.573532 -3.60145 -0.434937 0
0.611238 -3.19079 2.06979 0
0.198938 -2.66807 -1.74026 0
0.493227 -4.00052 -1.94384 0
0.231399 3.45317 1.64833 0
0.321191 2.45452 -1.14357 0
0.230776 2.75702 -2.02482 0
0.276452 4.71442 -2.34952 0
0.682519 2.37679 -2.53263 0
0.0992728 3.36937 1.55737 0
0.94829 -1.16044 1.54502 0
0.519032 -0.820153 1.76335 0
2.0371 -1.2468 1.41461 0
0.414008 -2.08886 -0.0516476 0
0.56731 -2.69404 2.11082 0
0.150858 -1.99874 -2.96548 0
0.342802 -3.48146 2.08848 0
0.487455 -2.63377 1.20965 0
1.87491 -0.996338 -0.645833 0
0.146803 0.4442 -0.465405 0
2.09412 -1.08215 -0.909733 0
0.284013 -3.46872 -0.33729 0
1.36076 -4.21276 -0.972199 0
0.331578 -3.77551 -1.76984 0
0.621566 -5.49863 0.38883 0
0.233804 -7.94538 -0.203858 0
0.204826 -6.34508 -0.597022 0
0.246473 -0.871062 -2.36689 1.50087647780801e-07
0.249531 -1.22205 -1.9748 3.96628810391428e-08
0.505079 -2.08161 -2.10091 0
0.465199 -1.68255 -1.31656 0
0.210669 -2.23644 0.873742 0
0.170676 -1.94135 -1.20932 0
2.15888 -2.45723 -2.4534 3.57881438907559e-14
2.99441 -2.35277 -2.57684 4.37180495385271e-14
0.459576 -1.49851 -2.11962 1.20911296390433e-13
0.0730559 -1.44998 -1.89257 1.2756227574589e-13
0.256671 4.26445 -0.808393 5.4462027602163
0.0848906 3.60186 -3.04929 32.1223622946126
0.317965 -1.07403 2.0291 8.47838691389312e-10
0.209488 -1.04602 1.45943 7.1478466752101e-10
0.201151 0.365082 1.17029 0
0.166011 -1.21771 -0.0417449 0
0.100124 6.42638 -0.92415 0
0.149277 8.06707 -1.82697 0
0.1895 4.27765 0.857725 0
0.530192 5.17642 0.226368 0
0.31146 -3.63592 2.31156 0
0.289151 -3.40467 0.963983 0
0.232344 -3.62863 1.18178 0
0.188376 -2.43179 1.02067 0
0.294749 1.82152 -0.694241 14.0518934105003
0.14268 1.46662 1.6423 40.1069629144938
