0.348407 5.35407 -1.18338 0
0.0979065 0.438448 -1.61569 0
0.203098 1.98245 -1.79817 0
0.319258 -1.76723 3.01747 0
0.233944 -2.22668 1.39496 0
0.704621 -3.56648 -1.23167 0
0.0674731 -1.27006 1.97905 0
0.712968 -0.39529 -2.87384 0
0.455369 -1.39046 1.06241 0
0.193317 2.17023 -2.41865 0
0.372849 2.29451 0.601593 0
0.251351 3.65231 -3.10619 0
0.453512 -7.835 -2.08733 0
0.573495 -3.83739 3.01422 0
0.436098 -5.07364 0.134126 0
0.456983 0.217418 -2.50988 0
0.412415 4.01703 -1.86304 0
0.627605 7.68488 -2.08989 0
0.592362 5.6223 3.04288 0
0.718936 6.51181 -0.133702 0
0.578532 4.24481 3.09504 0
0.408565 3.06891 0.23724 0
0.678515 -0.00864383 2.23123 0
0.296054 -1.81104 -2.74418 0
0.876263 -1.7125 1.8932 0
0.576352 -5.49297 1.31352 0
0.165467 -10.8165 0.459089 0
1.21747 -7.05373 0.334227 0
0.219304 5.31179 1.2377 0
0.224729 3.57014 -0.720765 0
0.288576 -2.97836 2.82206 0
1.07662 -5.35969 -1.49672 0
0.186413 -5.52729 -0.26479 0
0.116795 -5.74482 -0.449044 0
0.206267 -2.60272 -1.8332 0
0.244808 5.08897 -2.5226 0
0.293397 8.7603 1.61039 0
0.557913 8.04463 0.0459022 0
0.377547 -0.302352 2.16999 0
0.356016 1.12396 -1.09159 0
0.396442 2.92306 1.08761 0
0.300787 2.20678 -2.66347 0
0.836275 7.02309 -2.50476 0
0.482257 6.25893 1.92804 0
0.538968 7.40381 0.259411 0
0.492409 4.74252 -0.599008 0
0.363716 3.05106 2.23869 0
0.156725 4.48756 2.22024 0
0.349411 3.07853 -1.06777 0
0.375721 -0.265293 -1.9415 0
0.526038 -0.710022 1.78499 0
0.437873 0.512096 -2.75776 0
0.272991 -3.96018 -0.340753 0
0.418627 -2.57607 1.17906 0
0.217818 -5.93692 -2.51042 0
0.171041 3.90567 0.861222 0
0.301141 2.61421 0.0282374 0
0.200686 6.87544 -2.12866 0
0.460283 7.73135 -0.53792 0
0.26318 -5.65627 -3.07427 0
0.300153 -4.37038 2.49343 0
