0.642122 7.82026 -1.44386 0
0.240604 -5.28425 0.223215 0
0.680483 -6.94305 -0.367995 0
0.435463 2.61226 1.41738 0
0.722252 -0.698459 0.983135 0
0.263449 4.22461 -0.742235 0
0.353099 3.87664 -0.357121 0
0.728747 0.647069 -2.94612 0
0.269571 -5.45129 -1.84032 0
0.61618 -2.43326 -2.41782 0
0.478588 0.0587035 2.2359 0
0.683409 1.49184 1.03295 0
0.142779 -4.4545 0.747305 0
0.306954 -2.29928 1.49509 0
0.40313 0.184078 -1.61458 0
0.703474 4.82907 1.78876 0
0.420289 4.30206 -1.1618 0
0.601438 -2.12512 1.65091 0
0.0970587 -2.81703 2.07848 0
0.61347 -3.07196 0.0253099 0
0.337879 -2.13867 2.50092 0
0.340784 -0.706395 -0.206399 0
0.306614 -6.02114 -2.16586 0
1.0323 -2.98693 -1.22386 0
0.34423 -3.82812 2.83097 0
0.290767 -0.145453 -2.57984 0
0.564003 1.89707 0.08894 0
0.356954 3.39682 -2.46285 0
0.758585 0.565608 2.70162 0
0.207456 -0.918883 -0.0167736 0
0.841123 -1.18066 -2.97021 0
0.686429 -0.700662 0.944225 0
0.566959 -1.91406 -2.10677 0
0.522792 -3.66377 -2.77563 0
0.209136 -3.96046 -1.81176 0
0.0628704 -4.70055 -0.793844 0
0.340514 -3.88628 -1.64822 0
0.384781 -3.60969 -2.76617 0
0.350692 -3.25671 -2.21526 0
0.862793 -2.64737 1.48809 0
0.312839 -1.45524 -1.17489 0
0.399104 0.062186 0.399709 0
0.146229 -0.335467 2.69613 0
0.182816 -0.269879 0.518393 0
0.655189 1.18831 -0.591614 0
3.13495 0.624993 -0.0792218 0
0.305791 1.41788 0.519364 0
1.11 2.39465 1.87762 0
0.294648 3.63567 -2.56332 0
0.589546 3.47098 3.02236 0
1.2192 2.73984 0.91535 0
0.568265 2.65233 -0.517953 0
0.346804 3.88954 2.55119 0
0.625115 1.87149 -1.12581 0
0.279299 0.659007 0.255992 0
1.77666 -1.27756 1.60987 0
0.642192 -2.66745 2.72562 0
1.2285 -1.40656 -2.82766 0
1.06641 -2.58182 -2.81282 0
0.511126 -1.75595 -2.34771 0
2.56721 -5.18228 -2.28712 0
0.294612 -1.93699 -0.961045 0
0.442623 1.02584 1.99197 0
2.95932 5.52123 -2.55436 0
0.180774 4.5977 -2.54305 0
0.55021 5.40055 -1.00684 0
0.456899 3.4398 -0.842835 0
0.454696 -0.785533 -0.564828 0
0.655991 -3.59231 1.0726 0
0.907011 -6.1643 -0.899056 0
0.331561 -1.17942 -0.0907286 0
0.296751 -1.43083 1.14212 0
0.1934 2.7639 0.563725 0
0.386319 3.55392 1.45066 0
0.778211 7.00532 -0.59687 0
0.629341 -0.109433 -0.898154 0
0.213402 -1.11014 -0.834899 0
0.568241 2.2614 2.68879 0
1.12846 4.57452 -2.50738 0
0.340174 4.53357 2.61694 0
0.67674 4.14525 -2.89183 0
0.772964 -0.484867 1.11213 0
0.607605 -1.64089 -2.02547 0
0.148364 -0.873982 2.43497 0
0.200551 -5.31783 -2.05964 0
0.750353 -6.3031 1.06894 0
0.704877 -5.89368 -2.19482 0
1.72382 -3.9956 0.581962 0
0.205006 -3.03944 0.307954 0
0.250313 -5.28811 0.802305 0
1.00565 -3.47195 0.0948752 0
1.35618 -2.72733 -0.406295 0
0.942533 -1.64874 2.45764 0
0.132265 0.78654 -0.617028 0
0.211201 1.21987 -2.3051 0
0.820751 0.479202 2.92084 0
1.04475 0.659413 -2.79566 0
0.336759 2.13638 2.18602 0
0.397841 2.31731 1.37402 0
0.709697 -2.56465 0.188855 0
0.608826 -3.03525 0.293137 0
0.389685 -4.13409 0.515985 0
0.189889 -3.58748 1.97164 0
0.290074 -3.67515 1.37434 0
0.602287 -4.42895 -0.873315 0
0.881238 -1.00583 0.529185 0
0.748608 -2.01558 0.35732 0
0.122429 -0.796762 -0.872844 0
0.906169 -1.92065 0.313533 0
0.97965 -1.33924 0.826657 0
1.36798 -0.557364 1.96838 0
1.43873 0.941734 2.73071 0
0.125308 1.78978 -1.84368 0
0.947823 1.71301 0.0821614 0
0.844118 3.31854 -0.236988 0
0.199223 5.46448 -0.927737 0
0.321509 4.48593 -2.13497 0
1.13448 7.14288 -1.56318 0
0.76675 5.8429 -1.52362 0
0.976182 4.79461 1.76565 0
0.135678 5.60047 -1.1065 0
0.166502 5.55661 1.67381 0
1.15196 3.42385 -2.30113 0
0.304924 3.56434 -0.298395 0
0.445323 3.83048 2.63253 0
0.316944 -5.86116 -0.754646 0
0.821718 -5.45156 2.51708 0
0.552024 3.02472 -2.36174 0
0.588519 1.9936 1.20858 0
0.346562 0.964322 1.54424 0
0.42799 0.934076 -2.19011 0
0.342699 -2.83252 2.51563 0
0.203901 -3.86455 2.57751 0
0.198005 -1.66253 1.34633 0
0.379161 -0.554525 -2.64598 0
0.271154 -0.727885 0.776375 0
0.661524 0.191055 0.24271 0
0.325038 -0.380239 -0.858121 0
0.132653 4.44867 -1.37831 0
0.179968 6.71134 2.96715 0
0.130727 2.76152 -0.787232 0
0.706 1.1563 2.57155 0
0.188703 -3.59959 2.56753 0
0.0588745 -2.77637 2.86681 0
0.0896921 -5.47968 -2.66824 0
0.440928 1.21721 -1.21081 0
0.421789 0.690633 2.61618 0
0.111863 1.74621 1.63497 0
0.665407 2.57615 -2.6083 0
0.582262 4.42061 1.14864 0
0.189092 3.05615 1.3737 0
0.103843 5.59203 -0.757213 0
0.454387 4.46737 1.11452 0
0.212431 -5.9501 2.27202 0
0.498333 -5.31601 -1.89472 0
0.975294 3.66814 -1.33387 0
0.307397 -1.52669 1.82574 0
0.610029 -3.96308 -0.465468 0
1.4541 -4.17432 -1.78276 0
0.58129 -4.20463 0.0902319 0
0.249033 -4.75221 -1.01519 0
0.0820097 1.03634 -2.37027 0
0.853934 0.150458 -2.13354 0
0.393217 0.158044 -1.08512 0
0.692583 2.01329 -2.71021 0
0.55573 3.57371 2.54949 0
0.0895616 2.92951 1.29913 0
1.20017 2.71868 3.06901 0
0.589243 0.377144 -2.79073 0
0.594449 0.614973 -1.77671 0
0.133838 0.810272 1.03511 0
0.0532997 -3.66565 1.54833 0
0.510773 -1.40292 0.75757 0
0.176273 -0.744125 -1.60651 0
1.5029 -1.47223 -2.848 0
0.324361 -3.88073 0.540775 0
1.49759 -5.02325 -2.0021 0
0.115365 -0.335833 2.83648 0
0.566324 1.57825 -3.10474 0
0.252107 2.82121 1.00443 0
0.499116 3.8972 -0.445077 0
0.654877 5.72468 -2.23002 0
0.289894 3.82882 1.47368 0
0.209514 3.4971 -2.54923 0
0.601579 -5.039 2.41856 0
0.464034 -2.73206 -3.01575 0
0.447556 -1.94 2.83757 0
0.242342 -0.412675 -1.77253 0
0.0903313 -2.56918 -0.225358 0
0.150655 3.18609 -1.32825 0
1.10309 4.86807 -3.10137 0
0.504646 -0.927232 -1.3143 0
0.148758 -0.6265 2.55845 0
0.187708 -4.00934 0.0235774 0
0.469564 -5.04011 -2.91829 0
0.21604 -4.89889 0.00609667 0
0.465368 -3.57938 1.99371 0
0.553867 -3.84648 0.0264292 0
0.325453 -3.01943 0.244024 0
0.459078 -2.3196 -0.0979146 0
0.737967 -2.8806 -0.825013 0
0.433226 -2.4359 -1.54691 0
1.47164 -2.23435 -0.462259 0
0.30824 -1.94611 -0.114054 0
0.217139 -1.19173 -1.03355 0
0.551647 -1.01495 0.415734 0
0.397763 -0.0740053 2.12072 0
0.331447 -0.230475 -1.28125 0
0.239557 0.31746 2.79471 0
0.878976 1.2639 2.45135 0
0.249218 0.439674 1.05869 0
0.578967 1.25925 2.89568 0
0.625746 1.8308 -2.22152 0
0.360343 1.8699 -1.67655 0
0.241195 2.67036 -2.18894 0
1.25751 2.95763 2.83628 0
0.272162 3.9628 -2.00206 0
0.576314 5.47754 1.82854 0
0.0901982 4.47221 -2.64975 0
0.538659 4.68944 -0.477088 0
0.181454 6.11301 2.22799 0
0.36888 -4.30059 -1.92892 0
0.421119 -3.63926 0.193379 0
0.290347 -6.74074 2.18492 0
0.0707391 -5.51591 0.179126 0
0.297316 -5.76943 -2.33874 0
0.967283 -5.17343 0.736965 0
0.455186 -4.82091 -3.05484 0
0.335556 -4.09035 0.65054 0
0.622964 0.991102 0.15718 0
0.0872982 3.6685 0.762666 0
1.23151 2.69191 -1.16846 0
0.785586 3.03073 0.00321583 0
0.879889 5.08027 0.674906 0
0.238738 6.12654 2.61869 0
0.445401 7.30915 0.0589915 0
0.163415 7.03924 -1.37828 0
0.649479 4.65 3.08524 0
0.53359 4.30771 2.85042 0
0.69236 3.55471 -2.92387 0
0.295428 4.19609 -1.21464 0
0.662846 3.80665 3.06945 0
0.916759 1.34398 -0.307411 3.31581021297984
0.213473 -5.4057 -2.6872 0.123944454207463
0.094793 -6.85551 1.17213 0.0401682009735972
0.48237 -4.74561 2.41531 0.228554525159769
0.268152 -4.81881 -2.2773 0.444987927062771
0.32348 5.4821 1.29397 0
0.137509 5.13781 -1.80081 0
0.184651 -2.90988 1.68551 0.56534929899691
0.141148 -1.83693 -0.718085 3.87320523424863e-08
0.184008 -2.36084 -0.272907 3.18374616064113e-08
1.29999 -2.71963 0.700674 0.0188587519997774
0.388487 -3.40254 -2.8664 2.94789550158817e-08
0.174691 -3.06574 -1.94966 9.66950801238966e-08
0.611707 4.77962 -1.46385 0
0.500553 4.1474 -1.94017 0
0.0335481 -6.35957 -0.405497 0
0.305166 -6.44505 1.24459 0
0.199933 -5.41387 2.28045 1.61077021293987
0.264304 0.717736 0.603389 0
0.189261 0.171142 2.49362 0
0.227843 -3.3359 0.795718 0
0.075927 -1.96132 1.18484 0
0.0444688 -6.47254 1.49453 2.65737179306479e-09
0.177089 -4.7885 -1.04506 4.82213031253661e-09
0.254356 1.0226 -1.36934 0
0.289688 0.184603 -0.580684 0
0.262302 0.629569 -1.61262 0
0.95092 0.333345 -1.00351 0
0.0552185 1.4033 0.453855 0
0.472447 1.33406 -0.663654 0
0.368408 0.896197 -0.412281 0
0.259363 0.317159 0.69832 0
0.461146 -2.49926 0.569522 0.911649196142915
0.135098 -2.5959 0.844787 2.84763079037258
0.106288 -3.43463 -1.55521 0
0.147673 -5.18084 -1.08964 0
0.508153 -5.26491 -2.6862 0
0.238333 -4.87244 -1.8197 0
0.142239 -3.92038 1.39108 0.688516339628795
0.162319 2.49123 -1.17944 0
0.266994 3.41679 -0.0973737 0
0.0698556 4.4697 2.03293 0
0.339212 2.1089 2.56978 0
1.65787 2.73231 1.5149 0.0931399536330133
0.388941 4.90633 -2.12916 0
0.203551 5.71441 -2.5896 0
0.61859 0.0496716 -0.155453 0
0.0470075 1.06277 2.22206 0
0.147944 -3.28657 3.0267 7.78126263572028e-08
0.0731818 -3.73804 2.13231 6.50949418688795e-09
1.0901 -2.7792 1.75602 0.0482544245077867
0.274102 1.99431 2.893 0
0.0306101 1.08656 2.30279 0
0.00523914 -4.24622 -3.01344 1.8163102774931e-05
0.0628699 -3.6628 2.92612 8.17651703808928e-05
0.370765 -5.23147 2.56999 0
0.177434 -6.42715 -2.50801 0
0.443304 -5.77588 -1.57898 0
0.147113 -5.85597 -1.92398 0
0.222518 -5.5727 0.996867 0
0.148152 -4.1127 2.61993 0
0.0747002 1.15144 2.72557 5.22658517976187e-08
0.161737 2.13449 -2.79764 1.32753193067804e-08
0.398885 -3.45111 0.995183 0
0.543485 -3.98346 0.534725 0
0.512713 -3.1266 0.111517 0
0.533223 -3.62998 0.0951195 0
0.263108 0.464758 1.25899 6.85746702304056e-06
0.312614 0.547778 1.30713 1.83621112329257e-05
0.243967 2.62242 -0.908545 0
0.0358224 5.01328 0.0272965 0
0.586227 -2.61478 1.17707 0.864223952419374
0.137091 -2.86433 2.57403 2.89155540399563
0.376875 0.159966 0.920713 2.54128278176194
0.11764 0.472957 -3.04801 7.42311976601265
0.309267 -6.10771 -3.08766 0.178668248805119
0.0900179 -5.65087 0.878542 0.961871927923455
0.6133 0.695208 0.929204 15.7599246811862
0.0667223 1.5029 -0.788952 77.0553474230312
0.475636 -1.084 -1.0083 0.60280825144167
0.0984739 0.129213 -1.55784 4.73892235097135
0.694472 1.83151 2.69218 17.971012440308
0.0407765 3.05172 -2.5697 92.0343067760473
0.693639 3.30736 -1.86411 0.00497684862279446
0.773856 -2.83055 2.29215 0.0458633352643058
0.736302 -2.85239 3.11518 0
0.0900243 -5.00481 3.07971 0
0.321317 3.10152 2.39349 0.539303636492241
0.385338 3.22033 1.38254 0.202157685871219
0.145167 5.10812 2.9454 0.000117494663143579
0.0269763 5.10962 2.94709 0.000114512803672702
0.76597 -2.64311 1.79256 3.61862185877885
0.216751 -1.99257 1.54377 24.2653307716823
0.579084 3.81888 -1.00474 0.00457494315453637
1.14375 0.675385 2.73709 1.21218288804922
0.292794 0.898258 2.53016 6.65970419268532
