1.59591 1.06232 -2.8464 0
0.304737 2.45917 0.667624 0
0.322977 4.47474 -1.44945 0
0.719759 -0.528722 0.0683175 0
1.55146 -1.21 -0.561974 0
0.836911 -3.44287 -0.0066251 0
1.37096 -3.17409 -0.945403 0
0.507145 -4.31986 -1.35934 0
2.74068 -2.87035 -0.881627 0
0.689355 -3.56126 -1.76999 0
0.590646 -3.9184 -2.14782 0
2.02566 0.0722996 2.92587 0
0.232566 -1.15527 2.00433 0
0.524757 -0.219039 -3.11434 0
5.23121 3.08674 1.27795 0
0.762084 2.32592 -1.05852 0
0.705371 2.33487 0.137418 0
1.25984 2.89758 -2.38131 0
0.649099 4.55751 -1.10448 0
0.474491 4.03284 -2.96664 0
0.756118 4.89768 -1.35553 0
0.271493 5.41116 -2.8453 0
0.0993269 7.08262 2.63007 0
2.12131 -4.42329 1.16919 0
0.0351366 -5.99896 -2.33821 0
0.840014 -2.01967 1.17506 0
0.817227 -1.56266 0.358682 0
0.902541 -2.28233 1.77519 0
1.24813 -1.59357 0.879669 0
0.0743717 -4.72424 -0.10861 0
0.73022 -3.72344 2.69785 0
0.301905 -3.9995 -2.95392 0
1.80117 -2.39529 -1.65144 0
0.954265 -1.69056 -2.58813 0
1.84665 0.391734 -1.18491 0
1.12746 1.16809 -1.2931 0
0.920238 0.587215 -0.903665 0
2.77272 1.10469 -1.347 0
1.35665 4.3147 2.04774 0
1.24744 4.73327 2.46561 0
0.507409 4.90402 1.91839 0
0.421976 3.68488 -2.79795 0
1.50964 0.738033 1.70244 0
0.507262 1.31749 2.64648 0
0.101811 3.54379 2.03008 0
0.0804275 1.50481 -2.23817 0
0.59888 -0.300565 3.06964 0
0.431035 -0.526085 2.606 0
0.609196 -0.928617 2.38604 0
1.52232 -7.21425 -2.72213 0
0.216704 -8.5619 -2.497 0
0.745251 -5.03186 -1.58931 0
0.565072 -5.53283 -0.723077 0
0.119752 -4.74663 -0.436674 0
0.28716 -2.11125 -1.30324 0
0.28891 -2.35483 2.287 0
0.0753244 -2.77363 2.15609 0
1.18135 -0.0774277 0.125528 0
1.54608 -1.12707 -1.76072 0
0.240841 -1.67446 2.61437 0
0.363035 -2.97265 -0.284787 0
2.47042 5.58098 0.570954 0
0.279021 2.46012 0.514407 0
0.318681 1.49093 1.67724 0
0.125962 -3.44618 -2.22691 0
0.600968 -1.66791 -0.847939 0
0.626342 -3.54875 2.51409 0
0.249783 -5.7537 0.82911 0
0.401716 -5.08946 2.66466 0
1.04408 5.60638 2.39959 0
0.316848 5.34414 -2.85814 0
0.239123 9.97095 -2.60821 0
0.590246 6.00322 1.33671 0
0.50244 5.79541 -2.03367 0
2.61682 2.52582 2.77251 0
0.721861 4.32954 0.651039 0
0.590427 3.28571 0.0823008 0
0.728498 3.12977 -0.263509 0
0.406936 -1.49176 -1.24785 0
0.213351 -0.934813 1.7642 0
0.0917492 -2.43047 -1.43974 0
0.883915 -0.80304 -2.44629 0
0.0394863 -4.16631 -2.57611 0
0.21979 -2.41259 -2.26748 0
0.544537 -2.28534 -2.24253 0
0.110914 -4.51748 0.339429 0
0.489559 -3.48607 2.69972 0
0.299929 -2.23725 -0.933754 0
0.685864 -3.08092 -1.84948 0
0.267547 -4.27372 -0.837018 0
0.46644 -1.0829 2.89726 0
1.14101 -2.34599 -0.804664 0
0.274758 -1.05358 -0.760712 0
0.251408 -2.62815 -2.39266 0
0.243158 -3.95794 2.47636 0
0.252473 -2.21555 -2.02979 0
0.461098 1.15049 0.574369 0
0.230744 2.38448 2.4983 0
0.316365 0.0293848 1.78207 0
2.41974 1.25839 -2.92643 0
0.0540549 1.91589 -2.44674 0
0.272057 2.81213 1.69372 0
0.158132 4.14093 2.06983 0
0.281688 4.31383 -2.02733 0
1.05364 -1.43318 -0.17544 0
0.441847 -2.47648 0.27084 0
0.854418 -2.1594 -1.06001 0
0.171958 -2.69508 0.868629 0
0.810885 -4.48377 -1.98908 0
0.0645494 -5.20951 0.551679 0
0.264633 -2.20225 2.43279 0
0.154877 -2.72811 0.0618685 0
0.624463 -2.50438 -0.370529 0
0.156619 -3.69673 -2.71838 0
0.042439 -3.67983 -2.96692 0
0.856601 -0.544106 -2.72874 0
2.04846 -0.688074 3.10441 0
0.200524 1.93265 0.380616 0
0.233465 5.82693 -2.48046 0
0.109833 4.98056 2.1085 0
0.053675 7.3671 -1.75356 0
0.79451 4.93425 0.813264 0
0.151834 -5.71933 1.4996 0
0.438732 -3.53089 0.77574 0
0.620237 -2.74979 1.5782 0
0.299744 -1.60683 1.99865 0
0.566714 -0.790399 0.0150744 0
0.304308 -1.66441 2.83017 0
0.325636 -2.27414 1.7424 0
0.35843 -3.26368 -2.85271 0
0.414375 -3.86647 2.70316 0
0.494628 -3.46639 0.617111 0
0.988542 -3.90362 2.388 0
0.180552 -3.77921 -2.49605 0
0.907617 -4.2298 2.32477 0
0.296137 -1.13409 3.01101 0
1.11259 -1.02669 -2.54475 0
0.769029 -0.282177 -2.89223 0
1.05855 0.380637 -1.37907 0
1.18241 1.48426 -0.672175 0
0.556923 0.0931469 -0.228411 0
0.41461 3.88466 1.87278 0
0.254152 3.60405 0.508075 0
0.32452 2.27512 2.49779 0
0.350834 3.58275 -0.483671 0
0.289183 3.23922 0.864333 0
0.377126 0.957181 1.21127 0
0.4359 -0.531858 0.913717 0
0.804747 0.0785981 2.10908 0
0.417231 -0.780277 2.6741 0
0.923621 -0.147087 0.429706 0
0.194488 -8.22565 -1.98522 0
0.372566 -5.98193 -0.491276 0
0.688815 -5.5964 -0.748613 0
0.667815 -6.15967 -0.968598 0
0.47063 -6.12598 -1.3537 0
0.119179 -4.18295 0.425311 0
0.381873 -3.91496 -0.447162 0
0.421626 -0.6678 -0.620885 0
0.66333 -2.86199 -1.65622 0
0.56942 -2.12585 -1.87425 0
0.184863 -2.30862 -0.616811 0
0.643759 -3.21065 -1.12174 0
0.538522 4.20829 -0.734784 0
0.463896 4.52465 0.827718 0
0.385634 1.27523 0.139041 0
0.527198 -0.0890443 -0.18708 0
0.218016 -0.00059565 -2.56632 0
0.200905 -1.34487 -0.41315 0
0.223104 -3.29141 -2.73506 0
0.673562 -6.82998 -2.15708 0
0.459521 -7.70369 -1.89705 0
0.373047 4.53165 -0.574319 0
0.296895 5.71122 2.62069 0
0.393757 8.62508 -1.49627 0
1.20147 2.49913 2.87879 0
0.202713 3.7455 2.85897 0
0.40166 3.10741 1.72867 0
0.136052 5.2438 -1.6514 0
0.55072 4.50809 1.54622 0
0.531703 5.75243 -0.789516 0
0.187436 3.40107 3.01949 0
0.24697 1.13219 0.425585 0
0.172337 2.79223 -2.8168 0
0.724451 -1.88129 1.94533 0
0.703887 -1.18133 1.49713 0
0.426703 -3.48006 3.00857 0
0.563547 -3.96689 -2.9375 0
0.559334 -5.10682 -3.02662 0
0.920891 -1.15634 -2.60806 0
0.595549 -1.33277 -2.57901 0
0.585025 -0.986946 -2.41345 0
0.564908 -3.67463 2.15314 0
0.198143 -3.82377 -0.0694546 0
0.112847 2.5852 2.01027 0
0.418298 1.97878 -1.6763 0
0.453684 2.49448 -2.00944 0
0.141752 2.11536 0.136041 0
0.539793 2.60418 1.86059 0
0.0901575 4.83304 -1.18723 0
0.158784 7.37423 -2.24606 0
0.301924 1.64604 0.232193 0
0.207086 2.63253 0.325523 0
0.0343539 4.15096 0.405399 1.50511857095332e-05
0.0305002 4.13932 0.424691 1.54469207738913e-05
0.203647 5.22311 0.495478 0
0.273377 4.94404 2.2329 0
1.43965 -3.06052 0.763446 0
1.13589 -2.80258 0.781586 0
0.523099 -1.0663 2.54295 0
0.584489 -1.38864 3.13317 0
0.907217 -0.446082 2.98248 0
0.415456 -0.977033 2.59284 0
0.667132 -0.621112 1.59794 0
0.717015 -0.784542 2.28349 0
0.382445 4.83257 -1.59028 0
0.361571 4.70191 -0.518042 0
0.745732 5.10056 1.69621 0
0.513621 5.62708 1.204 0
0.111238 -3.23903 0.130114 0
0.225007 -4.13456 1.72606 0
0.0326666 -5.25628 1.35528 1.54906473680797e-08
0.113975 -4.61029 -1.50678 2.21195113409446e-08
0.450813 -2.98969 2.9509 0
0.0763073 -3.99932 -0.962871 0
0.0711341 -4.1811 1.85946 9.93776378223389e-11
0.910113 -1.82643 -1.73948 0.193444355631962
0.155302 -2.76946 2.10786 0
0.212501 -1.72773 -2.48142 0
0.225142 0.530571 -2.60523 0
0.380503 -0.40776 -1.96647 0
0.663191 3.17872 1.78071 0
0.887886 3.27335 1.54944 0
0.129063 0.514498 -2.83717 0
0.614697 0.0212345 1.75209 0
0.031371 -1.0597 -2.45636 1.24243560000645e-08
0.0828557 -0.55884 1.8508 8.2691690438144e-09
0.200087 -0.0248546 -0.169375 8.2869325022635e-08
0.223373 0.870968 -1.03324 4.47252671532026e-08
0.831655 -3.69951 0.747524 0
0.812864 -3.31267 0.454964 0
0.178377 3.93203 1.64506 5.75289561758278e-09
0.129259 3.60977 2.28235 1.15953186869495e-08
0.133928 2.99047 1.60323 0
0.393288 2.9565 -1.12362 0
0.136775 6.76146 -2.90864 7.41545350949495e-08
0.141974 8.22921 2.97373 1.64211890280019e-08
0.119237 2.33402 2.05595 0
0.269865 2.36586 -2.69348 0
0.367084 -5.50059 -1.06323 0
0.374633 -5.0291 -0.615949 0
0.15731 -3.51575 -2.27026 0
0.158972 -2.29769 2.37358 0
0.0458273 -4.66907 -2.7751 4.36724662176692e-08
0.147946 -2.96948 2.04354 6.15761213434805e-08
0.219874 1.31254 0.930526 0
0.182334 1.61732 -2.06331 0
0.275637 3.63303 -1.86349 1.56510967251356
0.358681 3.61929 -0.441283 1.21527152349944
0.521194 1.03138 -0.850842 39.3404753031138
1.67316 0.618548 -0.907091 16.2225961477708
0.0138066 6.0126 2.01783 0.000156366269111262
0.140861 7.22467 0.483564 7.50994458286682e-06
0.1443 3.95777 -0.639397 0.379657353657769
0.133417 2.43596 1.39493 1.86470226159091
0.211452 2.74877 1.26401 4.9794501176948
0.288904 2.05045 2.94777 7.20892412657085
0.12543 4.51513 -0.437043 6.65692377375404
0.083159 3.49357 2.73401 27.6834469382872
0.458818 -4.21179 0.907314 0.29349822441177
0.0555229 -6.00602 -0.866019 0.40316419443038
0.113574 -4.13124 0.318172 1.28569239478018
0.111252 -2.15791 0.274623 9.33388073930488
0.246349 1.62143 1.36272 33.3806006358631
0.160057 2.61073 -0.794708 19.7283161083202
0.503422 -0.170507 0.778564 17.7616178620186
0.184018 -1.41652 0.540178 22.5177637745174
0.00503484 7.84035 -2.78525 7.73558061402119e-07
0.00710023 7.19181 -2.29501 8.558550761722e-07
0.273515 -3.27841 1.27998 0.0482650474204613
0.277344 -4.07763 2.43573 0.0160244991125483
0.370792 -3.27741 -3.10493 9.92983772950044
0.0955987 -2.94077 1.24646 53.5407423413091
0.537639 -3.03297 0.0925127 0
0.238611 -2.67225 -2.89485 0
0.649583 -2.27461 -2.37732 12.6685975665126
0.414291 -3.04409 -2.41725 9.25306259139897
