0.483272 6.44242 0.303428 0
1.03419 5.41335 -0.935683 0
0.0957157 3.66158 0.334492 0
0.876698 1.22226 -0.325123 0
0.644397 -2.72935 -0.624723 0
1.374 -3.00112 -0.280337 0
0.901452 -2.3822 -0.643735 0
1.31322 -1.05693 -2.77461 0
1.61865 1.17796 3.05603 0
0.774143 0.533365 0.951625 0
0.262423 -1.56782 0.913665 0
0.868375 -1.88544 -1.7264 0
1.13567 3.6214 -2.9031 0
0.323579 3.10014 2.74717 0
0.419789 2.45785 2.66085 0
0.403209 0.933478 -1.0557 0
0.155067 0.162122 0.405101 0
0.419744 -1.64416 -2.59577 0
1.79904 0.486769 2.65282 0
0.458613 -0.778921 2.08257 0
0.0691095 -2.00787 -0.951542 0
0.88515 -0.0566432 2.36457 0
0.28534 -2.12032 -2.70173 0
0.773127 -0.825035 2.11505 0
0.753708 -1.86603 2.80536 0
0.848405 -2.31387 1.94478 0
0.526127 -3.12156 -3.05847 0
0.464282 -7.8987 2.67695 0
0.388526 -5.0899 -3.0283 0
0.874223 -5.69245 1.5756 0
0.637566 -4.14742 -1.74844 0
0.508438 -1.99573 -0.13853 0
1.42818 1.80013 2.70822 0
0.289971 -5.13109 -0.176269 0
0.296113 -4.48212 3.1041 0
1.17346 -3.58387 -0.953676 0
0.966524 -3.45248 -1.13303 0
0.209585 -0.466185 2.76746 0
0.432108 -1.72333 1.82753 0
1.12406 -0.798563 -0.712156 0
0.218836 0.802096 -2.28976 0
0.506381 -0.104424 -1.08373 0
3.41368 1.07645 -0.646689 0
0.310551 1.94251 -0.168008 0
7.99482 1.30976 -0.480375 0
3.06293 1.24905 -0.381644 0
0.312095 2.42949 -2.73587 0
0.3422 -3.53012 0.941522 0
0.509446 -3.51403 -0.488158 0
0.474946 -2.53691 0.635986 0
0.281349 0.0115974 2.59723 0
0.824848 1.25398 -0.246698 0
0.31951 -0.497628 -1.74795 0
0.750047 3.92258 2.61079 0
0.185036 4.66869 -0.538579 0
0.351774 6.95218 2.06671 0
0.0217225 7.06835 -2.61438 0
1.21787 4.95666 0.521049 0
0.61119 5.71152 0.258729 0
0.307993 4.49013 1.45184 0
0.739508 6.60664 0.989828 0
0.415144 7.56237 0.843338 0
0.942385 4.27374 -1.66064 0
0.758359 5.85416 -1.83102 0
0.216749 5.44673 -2.26963 0
0.207343 3.8088 -0.965019 0
0.602214 2.64935 0.0544031 0
0.241256 -3.64039 0.365414 0
0.295639 -8.4856 -2.27943 0
0.293563 4.91304 1.276 0
0.732603 3.13176 -2.31818 0
0.184714 3.48429 -0.896844 0
0.454705 -5.89137 -0.484306 0
0.284022 -5.23542 -1.02517 0
0.381492 -4.4546 1.19634 0
0.407028 1.07836 -1.87905 0
0.575348 1.51993 3.05599 0
0.83689 0.205903 2.91334 0
0.283664 0.4017 -0.719787 0
0.609513 0.594247 -2.78593 0
0.152378 -2.81598 -2.78475 0
0.315677 -0.989832 -2.26828 0
0.563839 -2.52862 -1.95436 0
1.48075 4.47567 -3.07125 0
3.80838 4.02881 3.09105 0
0.403859 4.03502 2.74058 0
0.494395 2.92572 -2.06261 0
0.0739171 4.74297 -0.944255 0
0.348749 2.22588 -3.01544 0
0.89403 3.39301 2.4471 0
0.565142 2.58514 2.62265 0
0.394843 3.28396 2.55844 0
1.57403 2.53841 1.94257 0
3.48763 2.42078 2.40295 0
0.203381 2.20455 2.75325 0
2.28551 2.54862 2.37636 0
0.554298 2.9261 2.05119 0
0.824862 2.30885 2.7326 0
0.306113 1.39312 1.88351 0
0.327881 -6.27118 -2.43257 0
0.547229 -7.84037 -1.55475 0
0.653925 -6.84737 2.37892 0
0.212447 -6.6741 -1.51313 0
0.685958 -3.91119 0.768891 0
0.195781 -4.36433 -1.85081 0
0.426088 -7.51848 1.92575 0
0.552119 -4.81528 -0.933878 0
0.169382 -3.41465 -2.02707 0
1.28966 2.80973 -0.859926 0
0.0394297 3.43175 3.031 0
0.459375 1.42383 0.353002 0
0.313851 1.43314 2.58514 0
0.699047 -1.02363 1.85896 0
0.636304 -2.59543 2.98496 0
0.235485 -3.92426 1.68803 0
0.831922 -2.81245 -2.13606 0
0.427359 2.51666 -0.0749021 0
0.784509 1.84483 2.51166 0
0.790795 -0.26217 1.51182 0
0.122375 -0.49375 -2.10033 0
1.76823 0.53202 1.24072 0
0.597362 0.494161 -0.408346 0
0.742357 2.44894 0.811257 0
0.452169 1.99353 2.05607 0
0.277181 2.99869 2.86899 0
0.438487 6.03126 0.98027 0
0.127862 4.8204 -2.48345 0
0.112306 4.22726 1.55667 0
0.440796 6.36158 0.735283 0
0.161819 9.2533 -0.536804 0
0.603478 2.53373 -1.07044 0
0.201743 -1.59275 2.95301 0
0.288025 -6.41726 1.08127 0
0.219519 -5.74454 -0.357078 0
0.320325 0.738509 0.705156 16.3091349882305
1.54634 1.00713 0.411207 8.65525371940092
0.294626 0.705247 0.110103 56.2083786705298
0.119301 -4.89318 0.112068 0
0.308111 -5.43208 -1.65141 0
0.370075 -2.54812 -0.582714 0.148608734847365
1.79774 -1.45708 -2.13951 0
0.704866 -1.85508 -2.13304 0
0.402011 1.07348 2.34331 0
0.144562 1.40235 -2.77386 0
0.0491645 -3.06724 1.19466 1.90616188214668e-08
0.354746 -1.95106 1.33789 7.01509532478624e-09
0.166694 -3.28647 2.55706 0
0.277678 -3.25248 1.36604 0
0.157036 -4.5482 -0.479214 9.63622418307092
0.13218 -3.64636 2.48147 19.1632269373367
0.984841 -0.671986 -2.63897 0
0.0250679 -1.8601 0.331767 0
0.227468 -1.32208 2.13603 0
0.147101 -0.730198 -0.555563 0
0.554828 0.786061 -0.607913 0
0.772119 0.622452 0.179153 0
0.321763 7.73495 2.80114 0
0.118052 9.39652 1.66854 0
0.202927 2.03944 2.97304 15.2555051910362
0.407871 2.58156 2.27649 6.67006793808784e-08
0.191666 2.35835 2.58441 1.43050127888576e-07
0.371041 7.0783 -0.44883 0
0.0312371 9.87992 -0.638846 0
0.651426 2.44221 2.02412 7.71042970014244
0.221248 1.68235 2.0592 47.2999065848491
0.468247 0.465698 2.64833 25.6855190716145
0.0517684 1.92608 -1.06341 73.5589657554752
1.1145 3.43909 2.289 0
0.335971 4.27139 -3.10172 0
0.290242 3.94357 -0.929609 0
0.351138 2.64037 1.10183 0
0.300944 -0.142293 1.09153 0
0.425458 -0.320301 -2.3095 0
