57.2602 0.392073 -0.482553 2.48478870297677e-13
15.9076 2.21681 1.45877 0
2.27317 5.15354 2.67077 0
0.140576 6.41261 2.67892 0
1.08084 1.89551 3.13188 0
0.408837 0.713295 1.39951 0
0.545457 3.2082 2.57964 0
0.665148 2.38836 -2.35832 0
0.882521 2.43744 -1.70944 0
0.374655 1.78278 -0.622126 0
0.456018 7.91464 2.27772 0
0.165133 4.61222 0.62963 0
0.326484 5.27866 -0.475223 0
0.780369 4.94611 2.68627 0
0.107969 4.64129 -2.52522 0
0.250202 5.02895 2.28408 0
0.631995 4.1957 0.799807 0
1.75361 3.39792 2.64907 0
0.7177 3.82182 -0.576962 0
0.394623 2.54678 1.45674 0
1.43838 2.93884 -1.46725 1.14283053498688e-13
0.385836 2.16555 -0.806672 1.12181173032537e-13
1.64024 2.02111 -0.965908 1.35927276439151e-13
0.359759 2.90967 -1.19288 1.04049378905124e-13
2.55708 1.40684 0.803194 1.46552684345805e-13
0.395926 1.805 1.31683 1.21026798986562e-13
20.0195 1.50686 0.729744 1.23447174025312e-13
3.25476 2.09244 1.8401 0
2.32408 1.11249 2.41529 0
2.19418 0.981106 2.23733 0
2.70786 0.901019 2.20852 0
1.13711 0.653314 -2.45475 0
0.06786 -0.532136 2.50835 0
5.66978 1.06939 -2.11606 0
4.79619 0.733988 -1.89266 0
3.51723 0.748539 -1.93399 0
3.59464 0.832209 -2.08329 0
0.532283 0.27813 1.99357 6.1573720595481e-14
0.664029 -1.07609 1.03382 4.46785340441695e-14
0.499604 0.864656 2.02371 4.57426034809864e-14
2.00488 0.247763 0.923945 6.00987037580526e-14
1.62572 0.0792973 0.716798 6.29311141804219e-14
1.11867 -0.608994 1.31874 5.68867634013794e-14
1.33404 -1.36239 2.2915 3.04776995685572e-14
2.17745 -1.11834 1.99564 3.92601743381474e-14
0.269328 -1.23526 2.19259 3.46361239821642e-14
1.4572 -1.24549 1.63094 3.77249561506013e-14
0.038191 -2.34824 2.67042 1.03939103076719e-14
0.87378 -1.68846 3.05618 1.74744867523049e-14
0.898554 -1.65087 -2.95302 1.69289077372078e-14
0.620839 -3.68071 3.12424 5.52466895859261e-15
0.820578 -4.18797 -1.68297 6.93483597698827e-15
1.61355 -4.75743 -1.10685 7.93742935531144e-15
0.821024 -4.48299 -1.22047 7.79931470227571e-15
0.241724 -3.20586 1.05575 0
0.554526 -2.47398 0.335466 0
0.0747779 0.282137 -1.34514 0
0.206321 -1.17171 1.49291 0
0.647548 5.40183 -0.735873 0
0.472149 4.84126 -0.330098 0
0.326023 5.11298 0.508613 0
0.73494 5.52964 0.0708702 0
0.389626 3.49831 -0.931988 0
0.190006 -2.64053 0.457746 0
0.469305 -5.46449 -3.06145 0
0.502232 -5.09034 2.34783 0
1.22208 -5.08286 -2.73152 0
0.40537 -4.97959 -0.918653 0
0.786501 -2.55387 1.5942 0
1.9161 -3.81587 -2.35303 0
0.0809356 -4.81074 0.263878 0
0.541059 -6.86706 0.531716 0
0.583198 -5.48707 2.57002 0
0.615552 -4.05678 -2.50117 0
1.28947 -3.19609 1.83786 0
0.343855 -1.72608 -2.64548 0
0.77341 -0.0531464 1.72021 0
0.437144 -0.857078 -1.97921 0
1.47508 0.457339 -1.91157 0
1.24759 1.02403 -2.51282 0
1.30206 2.0842 2.80193 0
0.288165 3.30093 0.695732 0
0.287457 3.26324 -2.42701 0
0.335528 3.64697 1.07472 0
0.257522 1.71325 -0.0907471 0
3.9443 2.60365 0.000914264 0
6.38717 2.38137 0.396987 0
0.411415 3.08482 -1.88116 0
0.104813 5.38085 0.975368 0
0.723302 3.99137 -2.87076 0
0.599566 4.56944 -0.423439 0
1.61815 4.6144 -2.22903 0
0.855203 3.58967 2.5332 0
0.375103 4.10775 -2.45245 0
0.816732 4.37107 2.65254 0
0.515144 4.83065 -2.26253 0
0.0594207 3.22182 0.253462 0
0.374486 -0.996242 2.09305 0
0.287642 -0.104386 -2.54364 0
0.147171 -1.75553 1.06158 0
0.991794 1.72228 -0.127647 0
0.831978 1.17362 -1.22832 0
1.28323 1.45006 0.0983632 0
0.50155 1.23755 -0.375634 0
0.0152107 1.26027 -3.03316 0
0.365918 2.07618 1.85111 0
2.98325 2.2772 1.42097 0
0.528065 3.50484 1.24273 0
0.619086 3.27781 -2.68183 0
0.45286 3.62004 -1.97905 0
0.350406 3.68755 -2.6273 0
1.03638 3.2314 -1.28555 0
0.461901 4.47209 -1.69717 0
0.383577 5.93921 -2.56999 0
0.332911 5.6479 1.61938 0
0.582202 5.47893 -1.75733 0
0.554932 1.30794 0.729071 0
0.128648 2.95683 -2.38284 0
0.308257 -0.239186 -2.72338 0
0.144133 -0.506197 2.20344 0
0.403517 5.09714 1.48487 0
0.721848 2.84399 2.29581 0
0.342963 2.62714 -0.570882 0
0.405558 2.07971 -0.600762 0
2.25955 2.31351 -1.78317 0
23.671 1.50682 0.758209 1.24810727109161e-13
9.73716 1.45813 0.761146 1.3425785392139e-13
0.345103 1.28615 1.16667 0
3.58264 1.36384 2.21923 0
0.243564 1.88186 2.62281 0
5.69216 0.766835 2.48508 0
0.943778 0.685084 2.74225 0
1.17441 0.86402 2.24152 0
0.795932 0.742185 3.02299 0
4.14851 0.854291 -1.8907 0
0.837712 0.637442 -2.05127 0
3.82041 0.966133 -1.93797 0
2.89855 -0.0948754 -3.05824 6.28847530880011e-14
0.695766 0.341946 -3.09929 6.25834365124331e-14
3.68522 -0.0519267 3.07682 6.34833171626318e-14
0.188314 -1.56873 -2.12567 1.92641718246997e-14
0.943774 0.548274 0.584493 5.12509704458185e-14
0.953532 0.629755 0.452099 4.84942042972639e-14
0.157023 1.93019 1.52594 1.53241182190205e-14
0.33019 0.695445 2.87322 5.44542583258345e-14
1.31679 0.0550795 1.11381 6.3409930140514e-14
0.390054 0.125129 0.250041 6.23388333392887e-14
0.307313 -0.370266 0.274143 6.23735707510606e-14
2.74572 -1.4231 1.99486 3.09574754960325e-14
0.158318 -0.417174 -2.26387 5.56548131000252e-14
0.64307 -1.5632 1.79783 2.89138575123584e-14
0.953845 -1.89382 -2.74855 1.13171043386644e-14
0.850384 -1.28581 -2.67484 2.59276059506765e-14
0.173731 -1.20544 2.91262 3.07724271912186e-14
1.92853 -2.19196 -2.23209 7.34323342620384e-15
0.456646 -0.0286616 -0.00345234 0
0.920369 5.47693 -0.83029 0
0.0199602 6.64703 -1.67361 0
0.127896 5.34231 -0.4643 0
0.73586 3.01802 2.40867 0
0.938973 2.35085 1.32634 0
0.177707 4.5244 -1.0037 0
0.548757 2.42936 2.95009 0
0.223089 -1.07915 2.36434 0
0.450082 -1.31442 -1.75795 0
0.511116 -5.46351 -2.13053 0
0.473859 -5.3007 1.75449 0
0.500276 -5.97034 0.786427 0
0.456797 -5.01784 2.08693 0
0.791966 -3.25547 2.45402 0
0.611943 -2.87158 -1.33189 0
0.217158 -4.47375 1.0738 0
1.11177 -4.96311 -1.92763 0
0.968279 -7.00622 0.193545 0
0.447097 -6.20992 0.81382 0
0.416724 -4.94396 -0.889827 0
0.232666 -4.26896 2.7592 0
0.169328 2.32971 -1.82829 0
0.863202 2.68916 2.9439 0
0.357298 3.15942 -0.608022 0
0.395021 3.3444 1.2226 0
0.36502 3.32413 1.76666 0
1.76845 2.57707 0.355562 0
1.14731 2.4156 -0.0892823 0
1.20016 2.83289 0.222249 0
0.44964 3.99666 -0.537512 0
0.273031 2.70969 -0.595617 0
2.14607 4.55335 2.34581 0
0.265977 3.94595 2.57666 0
3.29939 4.24704 3.08385 0
0.293097 4.66491 2.22645 0
0.452544 0.842041 -2.35163 0
0.55405 -4.33089 2.05605 0
0.259993 -4.5429 -1.96486 0
1.26702 -6.71441 -0.709709 0
0.655168 -5.89031 -0.411108 0
0.793062 -6.20128 -0.465858 0
0.418205 -3.71766 1.70457 0
1.35016 -3.75453 0.689986 0
0.399501 -3.26337 1.87541 0
0.360555 -3.15997 2.29726 0
1.80714 -0.742641 -2.43427 0
1.29618 0.508042 -0.636337 0
0.261555 2.64702 2.53467 0
0.426076 2.04818 -0.147407 0
0.531168 1.68937 0.67244 0
1.1059 2.1784 1.38647 0
0.584701 3.82931 2.14741 0
1.61179 4.08355 -2.19206 0
0.290266 2.9014 -2.18021 0
0.31829 3.68561 2.69271 0
0.0832409 3.12531 0.00539904 0
0.479399 3.51157 -2.43774 0
0.0980409 3.88449 0.908481 0
0.390494 4.037 -1.94404 0
0.362228 1.6755 -1.4654 19.9313956948501
0.465059 5.09469 -2.94473 0
0.0408695 7.69823 3.06151 0
0.304378 2.43925 2.88967 0
0.197176 3.37637 -2.92315 0
0.563786 2.28281 -0.481755 7.90036635021094e-14
0.133193 3.25669 -0.603893 7.67959403976395e-14
0.0606556 1.18611 2.30192 0.000162534634586731
0.48089 1.28878 2.28338 0.000138465593983162
1.00477 0.581973 -2.04729 0
1.61033 0.845241 -2.02517 0
0.224032 -0.447647 1.79651 5.93507492742766e-14
0.233438 0.414512 1.14258 5.61454560247854e-14
0.154094 -2.45242 1.42865 34.8608461160508
0.283205 -1.30018 -3.12637 2.67438367674528e-14
0.913312 -1.60971 -2.43337 1.72969068978501e-14
0.165643 1.93323 -2.93518 0
0.279654 3.40144 2.47583 0
0.165916 1.9922 3.12314 0
0.0292479 2.42951 -0.195815 0
0.103836 -2.74332 0.0353276 0
0.512918 -2.991 0.32487 0
0.454472 -3.21526 3.00777 0
0.0864096 -4.35741 0.360921 0
0.451478 -3.45838 -1.93434 4.40814460707637
0.194416 -2.87189 -2.43674 18.4393843266312
0.734877 -6.66235 0.0743047 1.86411677130165e-07
0.381712 -6.92501 0.384415 1.63323663043476e-07
0.111831 -6.95364 -1.70461 0
0.120832 -6.8499 0.313814 0
0.275547 -3.23934 0.733721 7.76838093323394e-08
0.434911 -3.33478 1.39604 8.14041583438571e-08
0.265263 0.0321099 2.8471 0
0.114822 1.18492 -1.47306 0
0.240552 2.97462 2.77444 0
0.803586 2.18628 -2.69278 0
0.207898 4.48314 -2.80551 0
0.466202 3.28191 -3.08079 0
1.11536 2.59876 0.0838662 0
2.68241 2.71519 0.135774 0
0.194242 2.36859 1.39491 0
0.121883 3.60537 1.94893 0
0.908557 4.62666 -1.86466 0
0.45561 3.95165 -1.71862 0
1.45733 4.2601 2.97883 0
0.399782 4.82141 3.09993 0
0.163938 -2.04918 -2.75176 0
0.132008 -0.172105 1.50137 0
0.0394598 -7.8324 -2.5519 0
0.498585 -6.86698 -0.172229 0
0.824442 0.345813 -1.23334 13.066386634245
0.272768 0.276759 -0.871215 40.4350729682617
0.187576 1.59047 1.56621 0
0.980324 1.91557 1.21815 0
0.241101 3.48909 -0.774183 0
0.187315 2.52208 -2.33428 0
0.0294829 5.34859 -2.19357 0
0.0234118 7.2323 1.70295 0
0.102736 4.38064 1.94589 0
0.297012 4.81482 1.76769 0
0.285769 4.31918 2.48257 0
0.581308 4.61612 1.68143 0
0.720133 0.363833 -2.89069 29.631440195467
0.871745 0.579966 -2.41622 22.2650172884556
0.266762 0.731081 -2.74633 26.284372724289
1.28267 0.17147 -2.99914 6.88528130709708
1.02968 -0.848773 1.78664 21.296945124798
1.19606 -0.577141 1.53388 21.6084836513111
0.0907346 3.6022 2.63838 0.000526256142380095
0.101513 2.32452 2.63091 0.00167940745213968
0.290742 -2.26608 -2.71724 2.10314334582082
0.152125 -2.06576 1.16706 4.88478895195037
0.353637 -2.0316 -2.91859 23.879045254699
0.12976 -2.53775 -0.622445 39.5297941167985
0.114511 -0.749382 0.60808 3.64636957620603
0.421924 0.0896944 2.38662 1.27528065157892
8.36456 2.73442 -1.32005 0.0381004879997672
1.13886 2.55855 -1.59859 0.411034669925814
0.155653 1.21738 2.32464 8.94240406129534e-06
0.107253 1.22578 2.37905 1.14142481776278e-05
1.22653 0.923236 -1.55913 0
0.308705 0.401248 -2.53442 0
11.8278 0.874921 -1.84634 0.0954307673096939
0.255693 0.67649 -2.58833 0.0572131334185941
2.17575 1.12057 -1.87281 0.932216492931681
0.694476 0.956348 -1.68187 0.644706782356824
0.394336 0.290589 2.85739 0.408988050122751
0.49526 0.572316 -2.38731 0.155808547665222
1.02814 0.506732 -2.84183 0.0994716474834696
0.685138 0.132237 -2.26946 0.343415512218038
21.5671 0.880906 -1.8221 0.23241104784815
12.0131 0.790616 -1.76199 0.742450099621253
0.443984 1.08812 -2.18773 0.491216761874366
0.305148 0.575909 -2.69023 0.020564943353271
0.565597 0.575551 -2.69203 0.0207564751098883
0.745414 0.746268 -2.34271 0.307832149234495
0.155553 1.12085 -2.69664 0.362793714444588
1.93929 0.354342 -2.93679 4.50992472556365
1.23481 0.563672 -2.77594 5.94357477686152
