0.314468 -1.96099 -2.85262 0
0.815533 -0.245219 -1.23016 0
0.219206 0.482785 2.55907 0
0.28002 -0.795156 -0.178046 0
0.951901 -4.05678 -2.09313 0
0.751251 -2.33924 -1.00093 3.83929793429075e-14
0.23975 1.76937 -1.1861 0
0.428715 -2.74406 -0.350696 0
2.09433 -3.10119 0.282027 0
0.0820227 -2.71936 -0.293827 0
0.795212 -1.85929 0.341002 0
0.336451 0.596658 -2.69186 0
0.236554 -4.54784 1.10873 0
0.418942 -3.68013 -1.95667 0
0.631709 -3.22921 -2.23606 0
0.581789 -3.72244 -1.4039 0
0.48086 -1.23414 2.05077 0
0.203683 -2.07959 0.875628 0
0.178986 2.08758 -1.63064 0
0.0288456 1.26735 -0.402445 0
0.415374 1.82597 2.68056 0
1.74541 -1.26725 -0.825358 0
1.40119 -1.54221 -0.995466 0
0.585393 -0.89288 -1.45674 0
0.525663 0.977505 -3.08335 0
0.220288 2.36703 0.635175 0
0.158195 4.22685 1.88722 0
0.497457 2.70262 -1.92913 0
0.684537 2.16429 -2.55598 0
0.33953 -3.32752 2.82822 0
1.67236 -0.569299 2.4689 0
0.0668006 0.0364937 0.128041 0
2.25218 -0.0237059 2.31389 0
0.436704 0.629623 -1.5986 0
0.466422 0.8131 -2.02091 0
0.0677353 -1.12589 -1.77247 0
0.853266 7.47635 -0.768361 0
0.144728 5.89357 -0.737721 0
0.979895 2.66884 -1.87806 0
0.867992 2.50922 -2.18317 0
0.312245 3.01842 1.30648 0
0.283313 -5.12063 0.782207 0
0.788015 4.95361 2.10827 0
0.557911 3.79597 1.89427 0
0.106952 4.66996 -0.248359 0
0.298945 2.64506 -2.44007 0
0.639529 -6.29119 1.92134 0
0.49125 -6.95421 -1.1712 0
11.4933 -3.52181 1.44439 0
5.42223 -3.47202 1.44997 0
0.326381 -3.92844 1.32879 0
5.44981 -3.30491 1.62338 0
0.3493 -3.22933 1.0903 0
0.0791508 -5.18138 0.175256 0
0.361527 -2.06871 -2.07371 0
0.549492 -0.869231 0.784257 0
0.51495 0.952834 -1.78148 0
0.486634 1.82042 2.52885 0
0.625815 0.581082 -1.42878 0
0.501089 2.73203 2.63515 0
0.518374 2.33467 -2.89465 0
0.0721636 4.57003 -1.91452 0
0.468637 4.28941 -2.92998 0
0.126868 5.51447 -2.15064 0
0.680445 6.64502 0.128346 0
1.10503 -1.46018 -1.73016 0
0.25148 -0.940157 0.466927 0
0.182469 -3.53299 -0.378459 1.45800609994649e-14
0.635348 -3.1928 0.857256 2.56821262779041e-14
0.216344 -2.59503 2.26706 3.83720208511401e-14
0.895421 -3.92192 2.39746 1.42605135942278e-14
0.980612 2.02043 2.98199 0
0.943473 2.02748 -3.08467 0
0.338671 4.48229 -1.79497 0
0.22292 -2.81533 -2.67862 0
0.206212 -0.407624 -0.0257093 0
0.350631 -1.98273 1.12588 0
0.22685 -0.720199 -2.78035 0
0.163963 -0.534744 -0.787604 0
0.728833 -3.58337 -2.21757 0
0.455276 -0.510327 0.49507 0
0.546019 0.171716 2.42065 0
0.309688 2.2266 0.837274 0
0.462578 1.97454 -3.09274 0
0.646956 -1.12306 -1.41597 0
0.41769 0.27075 -2.41216 0
0.121423 -1.66096 0.864456 0
0.231711 0.786752 -1.32983 0
0.288385 -1.55921 0.312919 0
0.332626 -0.857164 -2.69366 0
0.650016 0.749761 0.512942 0
0.322392 0.273717 -1.2725 0
0.206725 0.0829446 1.63653 0
1.00914 0.706007 2.53754 0
0.94594 0.0963115 1.81744 0
0.902716 -0.321378 2.5562 0
0.839154 -0.060529 -1.77749 0
0.21896 -0.366438 0.763663 0
0.412426 -0.219323 -0.81637 0
0.146775 1.94923 -1.0506 0
0.303339 5.30565 1.45433 0
0.456712 4.29031 -0.393263 0
1.14877 3.77011 0.0799104 0
0.748388 1.58378 0.967306 0
0.341127 -0.950618 1.05571 0
0.65901 -0.815482 0.986502 0
0.322538 -0.864888 3.03156 0
1.05569 -0.811893 0.815122 0
0.513191 -1.41782 0.697729 0
0.224371 -2.45383 2.67781 0
0.123992 5.00888 0.701272 0
0.426364 3.32565 -2.9862 0
0.319187 3.79473 -0.232433 0
0.475729 -0.308384 2.05436 0
0.286274 -2.6837 2.83523 0
0.172343 -3.6439 -0.873791 0
0.727582 -3.48987 -2.67015 0
0.555623 -4.03776 -0.992768 0
2.86928 -3.52418 1.46882 0
0.373229 -2.9363 0.401319 0
1.10921 -1.11407 -0.727184 0
0.0168169 2.04476 3.10945 0
0.49715 -1.9013 -1.20117 0
0.180479 1.28932 1.85065 0
0.49534 2.94684 2.32247 0
0.161805 4.79376 -2.26325 0
0.452378 5.6193 1.90268 0
0.179541 7.98064 -1.35354 0
0.555409 8.06025 2.90073 0
0.101533 -3.17926 2.4124 7.32325137064947
10.3073 -3.16885 -0.937664 0.243146832207467
4.76124 -3.15556 -0.804449 1.34999315715578
0.0901771 2.28359 -0.268747 1.47960082384575e-06
0.0897978 2.28669 -0.285275 1.46709873335145e-06
0.181515 -1.527 -1.72282 0
0.133831 -0.244088 -0.135431 0
0.135123 2.9917 1.67935 0
0.61098 1.87339 0.515983 0
0.254764 -3.52673 -2.50817 0
0.364323 -4.00295 -2.23912 0
0.235335 -2.39593 -2.03408 0
0.119784 -1.77231 -0.0667278 0
0.607203 0.589954 0.660268 0
0.122783 1.52018 0.906362 0
0.120796 1.80129 0.239912 0
0.797944 0.86414 0.819501 0
1.1401 1.41073 0.598878 3.46707044033998
0.369485 -4.63731 -1.62736 0
0.704522 -4.34323 -1.42271 0
0.965694 -3.44473 1.60693 0
0.913008 -3.04268 1.57679 0
0.12111 1.48221 2.48882 0
0.169242 0.678011 3.1168 0
0.0582749 4.43474 1.31701 0.000109867343860233
0.0288772 4.63325 1.34895 0.000105513484901061
0.135227 -0.872789 0.473314 7.51044827400531e-06
0.0695278 -0.867368 0.470072 8.01251246704727e-06
0.321436 0.454125 0.577985 22.9009742673579
0.40498 0.332313 1.78275 19.0425452748731
0.0776159 4.26014 -0.994206 16.7370072967601
0.360469 4.39721 2.78916 3.13630946104172
0.525382 -0.665715 -1.16938 18.7728875300498
0.494195 -1.39949 -0.899917 11.4131829749427
0.0456226 7.32668 0.397622 3.38426372633922e-05
0.119939 7.3496 0.422039 3.13285193809196e-05
0.126385 1.87907 -0.936066 53.6786095149735
0.649274 1.26938 -2.19897 18.2726116149288
2.46193 0.585095 -1.33748 2.66890563424667
0.480789 0.354359 -1.22057 15.0989490552179
