16.7803 -5.4729 1.09155 1.721841458479e-16
13.7651 -2.19592 -1.87817 5.49346504052582e-15
0.249713 4.77962 1.46729 0
0.261654 3.59586 0.0552937 0
0.530241 2.24555 0.109569 0
0.508938 1.25349 1.25089 0
1.50607 -0.558341 2.63476 0
0.277594 -1.05346 2.54939 0
0.205362 -1.67519 2.70791 0
0.600053 4.02036 -3.00696 0
0.692367 6.72116 0.633651 0
0.642949 6.03778 1.67353 0
0.274516 -2.86338 -1.22619 0
1.27458 -2.3439 -1.58918 0
0.246558 -2.92393 -0.555864 0
1.92354 -1.10734 -1.12473 0
0.409397 0.996463 2.28618 0
0.254916 2.25933 -2.66383 0
0.164269 5.1317 1.69746 0
0.448763 -1.58511 2.53038 0
0.55398 -4.62694 2.2918 0
1.25322 -4.38013 -0.844643 0
1.37516 -4.64291 -1.13891 0
0.585158 -6.69571 -0.00620654 0
0.176597 -8.20849 -2.87473 0
0.694814 -3.92678 0.455614 0
0.374992 -3.31499 2.19919 0
0.384362 -2.97327 -2.9721 0
0.847437 -0.995845 0.812091 0
0.333623 -4.42207 0.299427 0
0.303041 -3.60924 -0.835025 0
0.456349 -4.73876 -2.33228 0
0.706389 -6.09898 0.701266 0
0.381522 -8.5391 2.29359 0
0.351869 2.12849 -0.867696 0
0.139243 -0.731067 -1.01803 0
0.556345 1.63108 1.83757 0
1.52413 -0.298771 2.27677 0
0.0163716 3.97939 -1.67717 0
0.565823 0.0925118 0.852182 0
0.247576 -1.42235 -2.60594 0
0.475346 5.52195 0.999454 0
0.402039 4.34086 -0.0044096 0
0.396247 5.45009 -2.60082 0
0.24353 6.01063 -0.10611 0
0.480769 6.01365 0.976438 0
0.69392 7.43232 -0.329516 0
0.270022 10.3575 0.410812 0
0.154729 8.31513 -0.138266 0
0.702048 -2.12619 -1.24914 0
0.242615 -1.84502 -0.999353 0
0.180197 -2.33696 -2.79833 0
0.295238 0.860514 0.444702 0
0.322516 1.97784 -1.29739 0
0.407339 1.2176 2.34726 0
1.20038 2.32662 2.23653 0
0.789367 1.75794 1.85563 0
1.00222 -2.20686 1.74054 0
0.271508 -5.08437 2.88995 0
2.34055 -5.08551 -0.931022 0
0.351089 -7.31172 0.0218915 0
0.223429 -7.3406 0.758689 0
0.529089 -5.0588 0.394478 0
0.300898 -2.40906 -3.03283 0
0.290311 5.67356 -2.51207 0
0.450056 5.79906 0.359588 0
0.349315 0.823057 -1.47289 0
0.283268 0.860543 0.867132 0
0.454467 -0.198389 -1.7456 0
0.243009 -0.980608 -0.929624 0
0.0391455 -4.93696 1.40406 0
0.307428 -0.346471 -2.61707 0
0.301809 -6.47807 -1.36494 0
0.301404 -5.63496 1.78952 0
0.0577609 4.94907 2.03826 0
0.500623 3.42409 0.052058 0
0.292793 5.59381 -2.69017 1.52879568637584e-07
0.0741892 6.16738 2.99807 1.04968827249509e-07
1.17898 -2.38523 -2.8732 0
0.975667 -2.87373 -2.7448 0
0.412878 -2.40113 2.6279 1.65701479370695e-10
0.510315 -2.23049 2.66099 1.07912094016995e-08
0.029384 -3.79152 -2.9691 3.91370082984471e-05
0.224035 -3.7678 -2.94454 4.34203983061557e-05
1.36272 -3.96929 -0.624591 0
0.0732108 -4.30284 0.049311 0
0.110818 -7.25 -1.07613 0
0.383485 -6.3848 -1.10561 0
0.465093 -6.25814 -2.03875 0
0.0901502 -6.50952 1.25644 0
0.176573 0.302792 2.70381 2.15704366910097e-05
0.0353926 0.288614 2.71757 2.24036862115886e-05
0.0402169 -2.85131 3.05111 31.1814222941677
0.779697 -1.99038 -2.30007 3.71194388608947
0.20922 1.40053 0.391492 0.938756506155932
0.0680975 1.72886 1.56738 2.15870880741776
0.0115948 5.59229 0.340346 6.11628009360138e-06
0.0380312 5.74001 -0.310095 6.5271745269378e-06
0.157605 1.00113 1.82962 1.78406455642887e-08
0.138131 1.78764 0.547438 9.62739992474081e-09
