0.659124 7.3108 -1.48653 0
0.383022 6.93675 1.55825 0
0.103216 8.45653 1.57539 0
0.595881 5.52459 -2.19263 0
0.180305 4.85882 2.16711 0
0.0907137 3.47435 1.18003 0
0.472262 3.1711 -1.4676 0
0.652604 2.82529 2.51073 0
0.332541 3.20662 -2.9751 0
0.972686 2.03634 -3.05833 0
0.740131 2.34822 -3.02448 0
28.6938 -3.56402 2.18528 0
0.395538 -3.72505 1.68434 0
2.73161 -3.72558 1.84896 0
1.59396 -3.31872 2.01642 0
1.14688 6.02848 2.38982 0
1.12779 5.59656 2.62795 0
0.234183 6.27666 -3.0422 0
1.1403 5.69364 2.41562 0
0.251973 -2.30384 -2.37326 0
1.43825 0.770662 -1.79165 1.10593572378332e-13
0.282648 0.654941 -1.92217 1.34637702406453e-13
1.43528 0.947722 -1.09249 3.45727540004046e-14
3.08756 0.913286 0.314728 1.60432892560794e-13
5.32604 1.01908 -0.0443789 1.23342895478192e-13
0.650636 1.32329 -2.71328 0
0.571422 8.14984 -2.60924 0
0.178147 6.6342 1.88865 0
0.38039 6.34052 -1.66552 0
0.492301 5.40717 0.705183 0
0.384968 4.69919 2.86198 0
0.508162 5.90895 -1.49322 0
0.753244 2.2333 -0.637847 0
0.29875 2.30901 2.94591 0
1.04508 -0.927166 -0.039222 0
1.33543 -1.07911 -1.22441 0
0.314063 -1.94893 -0.389596 0
2.20025 -0.992011 -0.487899 0
0.48659 -0.709077 -0.407128 0
0.40261 -0.337632 -0.1814 0
0.737333 -1.68088 -1.69108 0
0.657541 0.68165 2.65411 0
0.807823 -0.278275 -0.964442 0
0.43847 -1.59919 0.824304 0
1.34035 -2.29072 -2.09213 0
0.744753 -3.72562 -0.894662 0
0.462261 -4.76314 -2.58705 0
0.580139 -5.96526 1.80578 0
0.117929 -7.09379 -0.958283 0
0.403367 -7.27764 1.58234 0
0.350598 -4.62056 -1.24382 0
0.757734 -3.27584 0.145088 0
2.0348 -3.75449 0.720408 0
0.803035 -3.05747 0.704617 0
1.06878 -4.53994 2.12496 0
0.918146 -4.44218 2.12713 0
1.87585 -3.82047 2.13402 0
1.30523 -4.16359 1.88044 0
0.374582 -5.34336 -1.60732 0
0.183744 -6.39488 3.00316 0
0.138988 -6.11725 -2.53785 0
0.445321 -5.4872 1.11202 0
0.104438 5.85965 2.00459 0
0.692204 6.25338 -2.18155 0
0.533577 2.59808 -1.61111 0
0.0703538 2.90511 1.07608 0
6.04748 -3.55169 2.23684 0
1.42873 -3.50688 2.05506 0
0.199437 4.72078 2.39542 0
0.445403 3.10898 -1.996 0
2.39955 -3.20792 1.91633 0
0.961717 -2.76806 1.82903 0
1.50915 -2.27722 1.92841 0
8.74074 0.908757 -1.80313 9.89920525933817e-14
3.9924 0.765581 -1.84133 1.15954798204201e-13
3.34152 1.15 -1.83073 8.67464434562302e-14
2.22381 0.993067 -1.56467 6.66061165129296e-14
1.52812 0.8901 -1.43718 6.30994992556343e-14
0.203664 1.15187 2.6198 0
0.508957 2.10313 -1.44274 0
0.0766311 7.35893 0.319142 0
0.704113 5.13315 -2.32703 0
0.333743 5.51418 2.39142 0
0.518237 4.90927 -1.73447 0
0.630615 7.27165 1.07693 0
2.94552 -1.00398 -1.49771 0
0.402541 -0.689572 -1.14556 0
0.076407 -1.86043 0.615682 0
4.13622 2.56912 -0.211311 0
0.449633 0.603604 -0.232893 0
0.0440619 1.71655 -1.91792 0
0.068742 -3.55286 -2.38375 0
0.1997 -5.39253 -2.74296 0
0.900007 -5.38043 -1.71872 0
0.765959 -5.51057 2.87098 0
0.712758 -4.44277 -1.56791 0
1.10661 -5.27445 -2.37146 0
0.911374 -3.6116 -0.395566 0
2.02823 -3.82268 -0.538981 0
0.145333 -3.81185 0.364646 0
0.904809 -3.88234 0.828497 0
0.117168 -5.2391 1.87169 0
0.0284791 -5.75061 -2.47057 0
0.120032 -7.56677 -0.585623 0
0.57167 -6.26014 0.0646727 0
0.210754 -8.0095 1.84798 0
0.393071 1.71748 -2.63384 0
0.0938847 2.31818 0.411041 0
0.292973 2.94817 -1.90622 0
0.651271 2.45504 -2.43204 0
0.874687 0.597056 -1.63724 1.1673765751977e-13
1.07146 0.950745 -1.59842 7.37493142292865e-14
0.100931 0.800455 0.116083 1.53376585489744e-13
0.535115 1.08035 -0.181323 1.06463605604415e-13
8.78847 0.982824 0.0897694 0.109903794006478
0.290317 0.832937 -1.46315 9.135169860471e-09
0.321237 1.01855 -0.97736 1.63701849181008e-08
0.185077 6.2731 -2.452 0
0.273642 6.5637 1.06304 0
1.24302 -1.08158 -1.569 0
0.0466973 -1.96369 -2.36616 0
0.0685198 -0.476907 -0.584833 0
0.12388 -2.38668 -1.32257 0
0.0127711 -9.62922 -0.798295 0
0.0465237 -7.01951 2.52923 0
0.0034246 -4.3228 -0.929008 3.00917951668344e-05
0.109266 -4.06424 1.50992 2.91654503667687e-06
1.08883 2.5249 -0.206034 0.589090058760131
0.109521 2.65726 -1.00522 5.10705510127594
0.0172728 5.40957 -0.0593659 0.0517196522954465
2.08944 0.97106 0.194112 0.111692805306093
1.37862 1.10785 0.18062 0.186225686720997
0.328319 2.56813 2.84412 1.01630581095379
0.408941 2.28919 2.16636 1.09705005471456
0.613529 3.43798 1.64594 0.189526264923048
0.0778269 4.77 0.106109 0.101433365985017
0.131877 4.12471 0.601992 0.0942514767048552
0.363275 3.27186 -0.648422 0.381341083721497
0.039375 -3.61103 2.47975 0.215928927156188
0.122322 -2.52312 -0.00539562 0.0470195575702621
0.187419 -2.54094 0.553828 0.120427930219173
0.10507 -2.80823 -1.049 0.10792871854441
0.720761 -2.26573 -0.438108 0.036862536643034
0.209574 -1.40712 0.619599 0.338689793655917
0.78836 -2.1839 -0.445324 0.686964472731272
0.0725955 -1.40433 -0.512159 0.24278083212367
0.254798 -1.35013 -0.399501 0.259350977766646
0.648115 -2.32349 -0.398101 6.71950124537662
