0.191397 6.31221 -2.14932 0
0.56814 5.79759 -1.78707 0
0.791837 5.13726 2.35705 0
1.81484 -5.72092 0.436397 0
0.164508 -4.16741 -0.545561 0
0.467114 -3.23017 -2.64302 0
1.75104 -3.4708 -2.19987 0
0.391987 -2.14948 -2.31658 0
0.458631 -1.73296 -2.83843 0
0.854497 -1.68263 -0.717818 0
0.82956 -1.27979 -2.03357 0
4.24318 -0.605308 -2.06194 0
2.39764 -0.0928689 -2.03942 0
0.1348 -0.728619 -1.72538 0
0.38047 2.72248 -2.94085 0
0.791063 0.85609 -2.81393 0
1.83912 -0.583578 3.07548 0
2.48053 -0.714854 2.68393 0
0.150032 3.03324 -2.0816 0
0.953177 4.31816 -1.45974 0
0.900105 4.04843 -1.02363 0
0.0828823 3.96656 -0.0906164 0
0.344982 3.40087 -0.786918 0
1.21529 3.60192 -0.427378 0
2.05277 4.06151 -0.716847 0
0.516555 3.39313 -0.472335 0
0.181022 3.67151 -0.235464 0
0.137046 5.06264 -2.53386 0
0.504453 3.25002 2.10945 0
0.0745702 0.823708 -1.13757 0
0.295977 3.32135 -0.688004 0
0.523779 -1.46278 -2.6603 0
2.39763 -2.25856 0.934287 0
0.731337 -0.865302 2.09333 0
0.320578 1.09688 0.582437 0
0.580061 2.89217 1.46904 0
0.635183 3.10153 0.327128 0
0.54006 4.45304 -1.16611 0
0.218914 -5.92084 1.92578 0
0.187764 -1.48715 -0.332494 0
1.09824 -1.08966 -0.178279 0
2.39797 -0.352253 -0.0927423 0
1.22504 0.284371 -0.234287 0
1.74123 0.0449523 0.142846 0
0.42581 -0.266952 0.724715 0
0.46334 2.06776 -1.23653 0
0.403988 0.963919 -1.06516 0
1.12188 1.94586 -0.605762 0
1.02034 3.65547 -0.282961 0
0.236913 2.64891 0.598622 0
1.74396 3.87938 0.520562 0
0.327917 4.90883 -1.24569 0
1.45843 4.01636 1.0168 0
0.214175 4.97365 0.692481 0
0.283965 6.6525 -2.13171 0
0.493068 6.18057 -3.11465 0
0.35846 2.04263 -0.0152405 0
0.464427 1.36569 -3.01978 0
0.763377 -0.91037 -2.51558 0
0.908772 -2.04598 0.78114 0
0.365955 -2.75082 2.35537 0
0.683198 -2.92525 0.440831 0
0.447039 4.2751 -1.39452 0
0.47765 2.97215 -0.75487 0
1.22772 2.4099 3.1035 0
0.275848 2.04485 -0.483066 0
0.173454 -2.81969 -1.26959 0
0.592858 -1.62501 -2.67876 0
0.887868 -2.13219 0.957336 0
0.572249 -4.26911 -2.67294 0
0.618663 -5.23283 -0.519369 0
0.388008 -4.36548 0.823441 0
0.485354 -4.87477 0.182889 0
0.368614 -5.43055 2.44297 0
0.216168 -3.38891 2.34907 0
0.215196 -4.73205 -2.89526 0
0.454507 -4.33543 -2.13169 0
0.468573 -3.68542 2.23405 0
0.352604 0.114191 -0.530315 0
0.355012 -1.62089 -1.6863 0
0.748164 3.27685 1.38319 0
0.108631 3.46795 -1.62729 0
0.545004 -1.08785 1.13672 0
1.02913 -1.43704 1.70923 0
0.278727 -4.83429 -1.56265 0
0.121467 -4.85807 -2.54984 0
0.705573 -3.28633 -2.85396 0
0.503995 -0.877724 -0.00691653 0
0.353815 0.65541 -3.11215 0
0.719876 5.90401 0.877377 0
0.715092 5.48266 2.0432 0
3.14179 5.78987 2.49005 0
1.13852 -1.9552 3.0632 0
0.212838 -4.21139 -1.77542 0
0.534477 -3.94397 2.30776 0
0.841596 4.66718 -1.68906 0
0.63587 2.95072 0.458498 0
0.60567 -2.28727 2.48859 0
0.398482 -4.97146 -0.347074 0
0.674849 -5.74243 -1.50112 0
0.302886 -1.46542 -1.32291 0
0.13863 -2.94169 0.946325 0
0.311662 -1.34756 0.856477 0
0.500952 4.31323 -0.378263 0
1.13749 4.61358 -2.78433 0
0.678117 4.57094 -0.603316 0
0.89258 2.93153 2.16636 0
1.09722 2.40963 1.06916 0
0.807836 4.94806 3.13185 0
0.713495 4.16893 2.84014 0
1.4183 4.77814 1.71666 0
0.589895 -5.79436 0.752979 0
0.292235 -5.24941 0.092388 0
0.25591 -5.35295 -2.59867 0
0.924905 -3.14537 -1.48522 0
0.399641 -2.12501 -1.53995 0
0.436536 -0.111077 2.72153 0
0.0800833 3.48033 0.0599131 0
1.07748 1.71713 2.51904 0
0.118444 2.72542 -2.58876 0
0.759488 0.724254 1.54513 0
0.584414 -0.739882 2.79022 0
6.92477 -0.855716 2.85562 0
0.192004 3.15325 0.0579657 0
0.961684 4.24441 0.576172 0
0.734852 1.83703 -1.24081 0
0.41192 2.3483 -0.344992 0
0.0744864 1.61346 -0.047041 0
0.465299 2.48116 0.257091 0
0.717904 2.48823 -1.68992 0
0.0560886 0.842643 -3.12108 0
0.334588 2.67088 -2.268 0
0.129782 4.9746 -2.22801 0
1.052 2.11875 2.83352 0
0.550206 1.34378 2.23138 0
0.499894 2.44207 2.53875 0
0.363184 4.13244 -2.05824 0
0.946991 4.74069 -0.913037 0
0.726439 4.41493 -0.718975 0
0.206415 -0.0737694 -1.4535 0
0.513308 -0.764804 1.61637 0
0.205869 1.06133 0.678943 0
1.67964 0.145567 1.52622 0
0.157086 0.566944 -2.17891 0
0.715181 0.0280452 0.15503 0
4.77178 -0.234428 -0.200367 0
0.507374 1.30962 0.33512 0
0.732221 1.98452 0.499315 0
0.168968 3.06967 -2.10021 0
0.70913 2.23159 -1.29702 0
0.343263 1.33325 -2.3019 0
1.81203 3.02093 -0.502701 0
0.851689 3.91748 1.58033 0
0.89102 6.85414 -0.790942 0
0.321355 6.13658 -0.440897 0
0.407407 -0.762349 2.57136 0
0.251423 3.54706 -1.23479 0
0.321665 4.29978 1.838 0
0.82413 3.29364 0.148755 0
0.416069 -3.93992 3.04207 0
0.358456 -5.29884 1.72435 0
0.444442 -5.90958 -0.679198 0
1.29267 -4.94868 0.44238 0
0.226783 -6.3432 0.458307 0
0.859039 -3.47519 3.08959 0
0.198411 -3.05112 0.729213 0
0.201873 -3.27771 3.00522 0
0.489268 -2.93709 -0.556951 0
0.245086 -2.89996 -3.06236 0
0.512982 -0.265039 2.89192 0
0.820632 -0.193844 -1.95861 0
0.200506 -0.853438 2.26796 0
0.341383 -0.647649 2.43348 0
0.894757 0.0438232 -1.75751 0
0.814995 -0.175175 -1.87156 0
0.736482 -0.28774 -0.239218 0
0.62223 -0.0909842 -0.942289 0
1.55646 3.71681 2.01063 0
1.98035 3.23989 2.57289 0
0.437145 0.112007 1.98679 0
0.603539 -0.590234 -0.577679 0
0.519341 -1.10964 1.58842 0
1.23135 -0.728364 0.523615 0
0.44946 -2.10448 0.00293417 0
0.756556 -2.7952 -0.143317 0
0.341884 -3.29717 -2.20568 0
0.695046 -4.13088 -0.781539 0
0.184915 -4.8501 2.80282 0
0.676445 6.65992 -0.381429 0
0.919971 5.71784 3.00047 0
0.273317 -6.81425 2.59908 0
0.176609 -0.871277 -2.94836 0
2.79292 -1.29043 3.05681 0
0.221186 -0.824901 1.33095 0
0.175985 -3.68583 -0.474755 0
0.032253 -2.12284 2.43563 0
0.87682 -4.17616 0.760048 0
2.44531 5.23353 -1.1116 0
0.700395 2.75899 -2.55078 0
0.283067 0.79337 0.342434 0
0.179806 -2.3739 2.92957 0
0.667536 -2.60188 -0.424089 0
0.0692811 -2.90699 2.94737 0
0.248893 -9.16076 -2.80682 0
0.474272 0.387557 -2.72574 0
0.484087 0.149656 1.09385 0
0.502327 1.73489 -1.42758 0
0.401427 4.36071 2.49022 0
0.136704 5.00807 2.58001 0
0.511832 4.23337 -1.73326 0
0.328426 5.02263 -0.734159 0
0.363184 4.64038 -2.7356 0
0.0943653 -0.217998 -2.25652 0
0.355483 -0.044176 -2.12578 0
0.225404 3.91467 0.266651 0
0.6932 4.01353 -0.751074 0
0.249852 -0.253851 1.16547 0
0.628731 0.633531 1.53471 0
0.216094 3.65149 -0.812404 0
0.11276 5.19028 2.60345 0
0.396716 -3.06168 -2.29335 0
0.0282935 -4.93725 -0.355431 0
0.463571 -3.44882 -0.409513 0
0.116654 -4.59489 -0.715464 0
0.358524 -3.20332 -1.13134 8.52617208629825
0.9474 0.0975913 -0.531069 0
0.150459 -0.507855 -0.0382913 0
0.378577 1.76756 0.0573299 0
0.119589 1.13207 -1.47314 0
0.0460305 3.35714 1.45222 0
0.411179 3.87249 2.22158 0
0.208462 -2.17162 -0.790672 1.11683901673362e-08
0.0644483 -2.3368 0.583127 4.28782079429833e-08
0.166945 -3.94119 2.34557 0
0.166712 -3.52482 0.604617 0
0.162114 -2.44345 -2.29229 0
0.345428 -2.0899 -0.848278 0
0.145436 -0.906895 -0.0179501 0
0.433631 0.493395 -1.0867 0
0.0884029 1.38019 -2.92766 0
0.149429 2.86008 2.92746 0
0.177113 2.26922 -1.53586 0
0.485994 -0.516802 2.15504 0
0.237889 -0.482657 1.06323 0
0.656581 -3.5184 -1.44144 6.95717309178227
0.440752 -1.36951 -0.702245 7.44431858015779
0.0826374 -0.237699 -1.45742 81.1346603162977
0.275209 4.46346 -0.960259 0
0.486975 4.71797 -2.21729 0
0.193453 5.91875 0.299903 2.39633817925189e-06
0.184948 5.90478 0.292313 2.59927005624585e-06
0.140899 -5.58767 0.305692 0
0.17652 -7.20781 0.608528 0
0.263569 -3.49222 -0.0714423 0
0.402877 -3.25715 -1.88453 0
0.361476 2.92041 1.52201 0
0.0887629 3.58118 0.716183 0
0.574191 -0.415815 2.50081 9.65761036987006
0.70467 -0.875691 2.94488 6.08086190817026
0.255458 -0.716483 2.61561 6.26547714920503
0.548129 -0.274366 -2.63631 3.56764489669523
0.388742 3.76911 2.13271 3.52938822298391
0.203232 2.76751 2.61278 18.2550938789164
0.106782 -5.05311 -2.28683 3.80739848218035
0.415303 -3.80649 -0.688513 3.41364170633559
0.0616369 2.42021 0.558984 0
0.244153 0.951663 1.78857 5.56819885417835
0.0783308 -0.354201 0.149878 24.1920103950337
0.542895 4.86624 0.00348986 0
0.346427 4.53489 -0.458355 0
