0.880136 -3.67933 2.17009 0
0.826544 -6.54959 2.70756 0
0.175045 -9.90691 -0.21817 0
0.457918 -3.27623 1.7157 0
0.694274 -3.30383 -2.75147 0
0.538096 -1.62657 -0.592785 0
1.76199 -0.955102 -1.0704 0
0.326726 -1.82039 -0.250473 0
0.466464 -3.35208 -0.56406 0
0.352791 -4.16411 2.0704 0
0.303875 -2.55197 -0.850848 0
0.118837 -3.46747 -1.68834 0
1.00286 -2.52613 -0.659159 0
0.0160392 -5.02303 -0.108658 0
0.672296 -2.59354 -1.00828 0
4.00365 -3.33262 -1.13833 0
0.0286207 -4.26497 -2.25676 0
0.737214 0.582169 2.32387 0
0.320603 0.479683 2.01429 0
1.97656 -1.82364 -2.70401 0
1.01879 -1.90909 -3.02694 0
0.594612 2.00714 0.609765 0
0.64203 1.28471 -0.966784 0
1.18551 2.18977 -1.95399 0
0.377642 1.31741 1.92755 0
0.596002 0.905185 -2.22544 0
1.22663 1.02893 -1.66684 0
0.415477 -1.25921 -1.51707 0
2.66616 0.0448546 2.23668 0
0.753195 -0.534735 1.86605 0
2.39008 0.486551 1.99286 0
0.658039 -0.156385 1.48768 0
1.0399 0.782892 1.86218 0
0.0286633 3.63928 0.596547 0
0.582294 1.17479 0.981159 0
1.02237 7.50153 -2.61532 0
0.298639 6.78452 -0.171814 0
0.306888 7.29737 -1.66875 0
1.64983 4.65167 2.44557 0
1.25892 3.22984 2.32067 0
0.828821 4.64813 -0.0940696 0
0.38787 4.31183 2.9409 0
0.281023 5.01966 -1.28484 0
1.84055 3.89111 -0.66827 0
0.670591 2.68455 1.50822 0
1.114 1.91978 1.28291 0
1.53869 2.09956 0.235484 0
0.58337 -2.76212 -2.37697 0
0.197949 -4.16177 2.67542 0
0.333796 -1.8002 -1.76043 0
0.226913 -2.08183 0.0401745 0
0.362384 1.33487 -0.078591 0
0.241425 5.52382 0.172489 0
0.335291 7.5536 0.619549 0
0.344459 -9.45397 1.44363 0
0.261816 -8.1325 1.43654 0
0.135287 -6.89328 -0.212513 0
0.205435 -2.28847 2.97655 0
0.354593 -3.77495 -2.21136 0
0.0910466 -2.549 0.459744 0
0.349661 -3.99346 -0.0969818 0
0.575955 -3.32575 -1.42992 0
1.24245 -3.18246 -0.844585 0
0.535924 -3.51881 0.0487299 0
0.596549 -3.41314 0.638302 0
0.793463 -2.66904 -0.199371 0
1.64386 0.569754 1.89094 0
0.162481 0.422768 1.40619 0
0.496524 -1.22097 2.62807 0
0.354518 -1.30771 -0.0110134 0
1.01619 2.28212 -1.49524 0
1.38829 0.879721 -2.83484 0
0.671048 1.00565 -2.45934 0
0.237031 2.22748 -3.03738 0
0.825369 0.955992 -2.54097 0
1.181 -0.785553 2.89746 0
3.78167 -1.06974 2.96238 0
1.96028 -1.32184 2.65653 0
0.990816 -0.553964 1.86095 0
0.802056 -0.761899 2.73582 0
0.451805 -0.795885 -2.84194 0
0.421594 -0.165634 1.97614 0
1.30032 -1.0417 2.34805 0
1.90262 -0.376368 2.02223 0
1.46954 -0.00478263 1.78861 0
0.820641 7.24158 -0.829933 0
0.435038 7.78244 -2.03313 0
0.431101 5.3932 3.07179 0
0.447424 2.52349 0.419753 0
0.130872 4.34977 -2.90706 0
0.533886 3.94815 1.18316 0
0.13598 3.45871 -2.27615 0
1.35619 2.40481 0.907787 0
0.376932 1.55615 0.565915 0
0.290606 -2.88212 2.11308 0
0.78618 -1.77292 -2.75024 0
0.440903 7.53464 0.354915 0
0.356898 7.17239 -1.75642 0
0.202149 -1.51583 -0.829565 0
0.409502 -1.35365 -1.75562 0
0.108919 -3.01193 -2.12452 0
0.229031 -2.55159 -0.682619 0
0.369397 -3.27686 -1.09724 1.97604154228031e-08
0.8829 -3.25843 -0.915744 1.68248446938717e-08
0.400995 -1.6593 -2.50167 0
0.850747 -1.47167 -1.86143 0
0.620672 1.76053 -0.472784 0
1.22545 1.4267 -0.363368 0
0.058133 3.42771 -1.80746 0
0.812416 2.0552 -2.1437 0
0.23481 0.487608 2.07261 0
0.70732 0.00447425 1.94733 0
1.21823 1.12739 0.508216 4.54251874356491e-08
0.476012 0.857917 0.451495 1.20980640445679e-07
0.420524 1.32089 1.43041 0
0.375423 1.08825 0.717979 0
0.775285 4.64222 2.37925 0
0.175552 4.9064 -2.53303 0
0.356836 4.14377 -0.795914 0
0.0825789 4.05825 -2.11867 0
0.250567 3.43007 -0.296069 0
0.325716 4.30784 -1.65973 0
0.334805 1.98901 1.53635 0
0.149617 1.15735 -2.44406 0
0.0702353 1.86791 0.21025 15.3790603089409
1.03623 1.36166 -0.329076 1.67041472858217
0.56895 -1.86219 -1.40164 8.74148588177865
0.732588 -1.58996 -1.98664 8.76319331216438
0.0114612 -2.44387 -3.03574 80.1317150672156
0.00308986 -1.60177 -1.35517 129.416944039628
