1.19468 2.37121 -2.63771 0
0.286646 3.46557 3.00794 0
0.750834 5.10084 -2.1871 0
0.638784 2.58881 -2.17699 0
0.296757 3.85639 -2.36021 0
2.84224 0.781841 -0.349687 0
1.08909 2.03899 -0.954276 0
0.286602 1.41068 0.482235 0
0.298015 -4.42598 0.994142 0
0.0174684 6.8588 0.452986 0
0.991747 1.76591 0.950444 0
0.444513 -0.796151 0.780901 0
0.322877 0.627946 -3.08797 0
0.901719 0.19754 2.28311 0
1.82903 0.665195 2.72216 0
0.605177 2.93103 -1.58777 0
0.645099 3.4049 -1.59219 0
0.556059 3.75665 -0.014956 0
0.393702 1.56133 -1.14831 0
1.37056 2.43917 -2.74214 0
0.862909 2.45193 2.97707 0
0.381503 2.14334 -2.62368 0
0.74179 2.49392 3.09173 0
0.706742 2.7365 2.22671 0
0.898776 -1.19692 -1.34379 0
0.75111 -1.5494 -0.562954 0
0.70246 2.08689 -2.71393 0
0.312539 -0.403892 -2.4773 0
0.311129 4.33154 2.43242 0
0.103779 4.24512 0.39814 0
0.492952 3.78261 0.236126 0
0.905394 4.26208 1.88823 0
0.284689 4.26435 2.8249 0
0.536998 6.15666 0.557987 0
0.361626 4.73822 -1.90189 0
0.655694 4.26749 2.63754 0
0.566076 2.4717 2.39242 0
0.623093 2.99375 3.05491 0
0.678224 1.85029 1.55377 0
0.411192 1.0015 1.66741 0
1.19104 1.60189 0.994104 0
0.292142 2.90174 0.577118 0
0.224074 4.8926 1.64639 0
0.30991 3.20453 -2.9993 0
0.813207 1.56961 0.860928 0
0.640281 -0.0661199 0.0469503 0
0.140282 -2.60289 0.949829 0
0.579861 -1.0522 -2.74079 0
0.251576 -4.32979 1.77343 0
0.56929 -3.90971 -0.146581 0
0.289839 -4.70711 2.38628 0
0.64035 -4.97991 -2.03377 0
1.64537 -0.28206 2.93548 0
0.034837 -2.04571 -1.6065 0
0.33249 -3.88473 0.247655 0
0.5399 -3.39061 2.90256 0
4.31473 -4.15568 2.43515 0
0.421327 -4.28838 0.346678 0
2.21107 -4.7837 2.24785 0
0.876978 -5.78056 0.498184 0
8.46767 -5.43275 -0.746833 0
3.69757 -5.47594 -0.774883 0
0.432835 -6.13058 -0.346818 0
0.733113 -4.9692 -0.597859 0
1.33636 -5.61535 -1.14951 0
0.348776 -4.76771 0.355561 0
0.0601356 -2.70643 1.24961 0
0.707716 -1.79445 0.218501 0
0.694825 -1.26322 -0.978774 0
1.0177 -1.55507 -2.22262 0
0.263154 -1.30641 1.02961 0
0.935326 -2.32411 0.867027 0
0.479826 -4.24351 0.621194 0
0.578815 -3.21178 3.00604 0
0.687343 -5.93325 -2.73183 0
0.351557 -5.58006 0.555405 0
0.91215 -5.26211 -2.15056 0
0.84709 -4.20306 -0.424776 0
0.390354 -4.30848 -0.923406 0
0.354223 -0.893558 2.34487 0
0.35568 0.373746 0.029809 0
0.638561 3.02808 1.23585 0
0.639371 1.69292 -2.32667 0
0.355304 2.58094 -0.812355 0
0.763831 4.79362 1.08189 0
0.237543 5.09777 0.49418 0
0.339473 4.52293 -1.45763 0
2.09569 1.82278 -1.02428 0
0.652744 1.52837 1.35597 0
0.299889 0.925758 1.14723 0
0.975805 0.333762 1.53058 0
0.276765 1.60157 -0.895222 0
0.160886 1.25198 -2.14128 0
0.854339 0.289532 1.53765 0
0.566044 -0.27833 0.648313 0
0.492221 0.0895789 2.08185 0
0.310049 0.283839 0.225523 0
0.205452 -0.265145 3.12802 0
1.97771 -0.508503 1.88021 0
1.28839 3.69777 -0.989681 0
0.453102 4.58299 -1.31079 0
0.693944 3.90573 -0.372569 0
0.214663 5.30828 -0.478817 0
0.307333 3.95518 -0.592346 0
0.118881 3.20183 -0.937411 0
1.04142 3.78395 0.165305 0
1.27751 1.96989 2.60961 0
0.39677 1.26283 2.07619 0
0.644197 -1.73775 -0.764765 0
0.852422 -1.15068 -1.29624 0
0.471314 -0.963933 -0.715633 0
0.522148 -1.53545 -3.0093 0
1.17526 -0.140573 2.92334 0
0.213126 0.379356 -0.385393 0
0.979729 0.834101 -1.83382 0
0.340023 -0.594193 -0.487661 0
0.767521 0.46161 -0.0782813 0
0.628776 1.76216 -0.711705 0
0.0790452 -0.24723 -0.23639 0
0.626457 4.29761 -2.27693 0
0.28658 5.19203 -1.58364 0
0.280979 2.54842 2.11033 0
0.21035 2.27555 0.779717 0
0.679468 3.6455 1.16985 0
0.475707 4.17368 2.54323 0
0.924959 5.10673 2.14832 0
0.078075 6.55253 -1.40049 0
0.609685 8.45738 2.80626 0
0.765288 5.78669 0.75128 0
0.534054 4.51615 0.722236 0
0.502108 4.51048 -1.35365 0
1.46105 1.77996 3.0665 0
1.05957 1.605 2.05953 0
0.732403 0.86865 1.92344 0
0.960153 0.947704 1.36396 0
1.16309 1.4114 1.19992 0
0.0749576 5.54758 1.68547 0
0.202422 3.09642 1.99424 0
3.95189 -0.270683 -3.08916 0
0.056565 1.23705 0.102008 0
0.477028 -5.33176 2.94645 0
0.351933 -4.65453 1.17997 0
0.124899 -7.41233 2.59302 0
0.314793 -5.51155 1.59833 0
0.418741 -5.29116 -0.704971 0
0.775377 -6.75635 -1.83163 0
2.89405 -5.467 -0.70369 0
4.66129 -5.47651 -0.797115 0
5.3692 -5.39335 -0.655277 0
1.04314 -3.76838 0.906981 0
0.268818 -3.49763 0.579882 0
0.449119 -2.18967 -2.55238 0
0.58078 -0.909805 -2.19344 0
0.701418 -1.95741 0.862623 0
0.376728 -0.727658 0.492889 0
0.691941 -0.0669744 -2.91808 0
0.175355 1.22993 -1.88017 0
0.0361376 -3.18536 -0.636215 0
0.427204 -0.558492 0.140276 0
0.384455 -2.26537 2.13972 0
0.148414 -3.20818 -2.95432 0
0.883141 -2.73495 1.09191 0
0.54055 -5.31085 -0.347442 0
0.435787 -3.50845 2.37972 0
0.420154 -4.31268 2.61035 0
0.295485 -5.61128 -2.91102 0
0.340141 -4.50592 3.0705 0
0.269059 -3.06718 2.0782 0
0.42728 -2.13499 -1.21798 0
0.313014 2.86283 -0.388651 0
0.386873 6.71792 -0.984907 0
0.0770464 2.51217 -2.50641 0
0.127475 1.42196 -2.29658 0
0.281849 2.7795 -2.91366 2.60446423889251
0.376916 2.36899 -1.20624 25.3656824765573
0.592588 0.0360788 2.32598 0
0.142573 -0.28991 2.17767 0
0.873155 -1.25747 -0.868818 0
0.44167 -0.997978 -1.11869 0
0.3198 5.06876 1.23257 0
0.22745 5.13915 0.0472435 0
0.0999064 5.89474 -0.743009 0
0.27597 6.91326 -0.687617 0
0.27131 7.39718 1.53808 0
0.172326 7.79373 -2.97265 0
0.112293 -1.98068 -0.424194 0
0.172152 -0.981656 -1.77969 0
0.0944534 -5.07693 -1.14494 0
0.163074 -3.14385 2.39268 0
0.562332 -2.80541 2.63887 0
0.171829 -2.87469 0.470929 0
0.164246 -3.88219 -0.361317 2.44172014020585e-08
0.0770225 -4.08012 -2.52236 5.54617601089182e-08
0.25025 0.392173 -1.52579 2.44885276688015e-08
0.259087 -0.148785 -2.3897 2.09776089689946e-08
0.194946 -3.20025 -2.52022 0
0.150297 -3.59894 0.465054 0
0.168136 -2.92628 2.55978 0
0.0919009 -1.45934 2.25043 0
0.0499454 -2.12825 -1.13505 0
0.304933 -0.309942 -2.75185 0
0.0952266 8.12723 0.0967905 0
0.389865 6.2139 0.273624 0
0.18221 4.26073 2.41117 5.20812392100603
0.246417 3.64754 0.0998848 7.08501075974831
0.25002 -2.55101 1.14142 13.2650867565604
0.118596 -4.43298 0.866741 4.30065232129838
0.0647212 4.81804 -3.11299 4.12031809452198
0.547381 3.08153 -2.15661 2.76419096748811
0.522851 3.04953 -2.71708 1.12782754216752
0.870287 3.11217 -2.11241 0.636631077829526
0.70331 2.0538 1.8935 0
0.149345 0.385533 1.29637 0
0.0481123 -3.03826 0.270378 1.57751586408604e-05
0.0033243 -2.89475 -0.332516 1.52186000681771e-05
