0.245395 -7.1363 0.702132 0
0.422544 8.76797 1.85774 0
0.597338 -3.16931 -1.59752 0
0.361627 4.91127 -0.775491 0
0.37438 3.02607 2.77845 0
0.290273 6.89176 1.50419 0
0.186717 3.49618 -2.60405 0
0.345311 3.14645 -0.223289 0
0.735622 1.86783 -1.41154 0
0.576982 0.578396 0.00824609 0
0.675074 -0.89961 0.426373 0
1.32802 -3.21912 -2.54163 0
0.717337 -2.07801 2.54714 0
0.447346 -0.491592 0.337769 0
0.406196 -3.16692 2.09669 0
0.406201 -2.88059 -1.99826 0
0.722327 -3.16053 -1.64038 0
0.282185 -2.00275 2.95305 0
0.187973 -1.9904 -2.32803 0
0.736046 -0.0174008 -2.73333 0
0.615638 1.84175 2.22453 0
0.468217 2.63902 2.45092 0
0.288854 5.53024 -1.86173 0
0.216201 1.3349 1.24101 0
0.342166 -4.62495 -0.273348 0
0.678268 -9.52559 -1.59613 0
0.49136 -8.88125 -1.02996 0
1.01066 7.19583 1.81398 0
0.216113 6.18881 -3.08882 0
0.448296 -2.42261 -3.1294 0
0.17453 -1.77937 -0.0860405 0
0.385643 0.391265 -1.02869 0
0.221359 -1.04447 -2.59126 0
0.130003 1.41953 1.85978 0
0.109591 2.04219 -1.50641 0
0.767834 3.33914 -1.36722 0
0.681723 4.27289 2.60945 0
0.533384 3.70133 0.0585561 0
0.863098 6.85782 1.68864 0
0.550247 3.57635 -1.79314 0
0.349374 3.83507 0.891422 0
0.531074 0.437751 -1.13331 0
0.455857 -0.605947 -0.573346 0
0.733167 -1.22217 1.544 0
0.319625 3.71667 -0.359266 0
0.3426 6.2703 -1.36125 0
0.185322 7.05276 -3.02272 0
0.117528 -0.631915 2.53896 0
0.228589 0.715456 -0.504201 0
0.703075 1.11846 -0.41323 0
0.428254 0.759163 2.22765 0
0.625183 0.28526 -0.130649 0
0.197526 -1.03421 0.476175 0
0.214984 -0.616564 -0.300453 0
0.925042 -1.08042 -1.79734 0
0.170548 -0.544609 2.30086 0
0.191449 -4.16528 -2.86746 0
0.727403 -4.22103 1.08805 0
1.45838 -4.18467 0.391925 0
0.185757 -3.93776 1.2908 0
0.158725 -2.83853 0.433642 0
0.355711 -1.35053 -2.22615 0
0.501598 -2.58264 -2.66262 0
0.232697 -2.24265 -1.30737 0
0.0420727 -4.11536 -0.369881 0
0.161493 -2.76378 -2.57693 0
0.376875 2.4331 1.8412 0
0.739667 3.82339 1.49638 0
0.649078 2.55099 1.82938 0
0.688125 1.45649 2.65784 0
0.509654 3.02458 0.667444 0
0.290778 3.03825 -2.78997 0
1.168 2.05995 3.01706 0
0.325491 4.12481 0.527785 0
0.61208 3.68079 -1.82911 0
0.826569 4.89837 -2.46779 0
0.390916 5.75871 3.0948 0
0.496034 0.562685 2.11783 0
0.136063 -1.50401 -2.41396 0
0.373546 -2.96821 0.718929 0
0.083619 -5.53849 -2.90864 0
0.554137 -2.44673 2.32135 0
0.141248 -2.14918 0.803507 0
0.209701 3.32409 0.0765781 0
0.312672 2.53342 2.54935 0
0.233328 0.0300485 -2.1273 0
0.0546205 2.65549 2.22843 0
0.450143 2.90877 0.0862652 0.173822015200476
0.109607 2.62775 1.39698 0.94712757713018
0.188881 3.2578 1.8585 1.44478187865455
0.214917 4.96818 -0.554086 0
0.269982 5.73445 -0.973527 0
0.0604727 7.06472 -2.30746 0
0.426112 4.99793 0.764096 0
0.425242 2.89544 1.60559 0
0.181661 3.95056 0.538246 0
0.1538 -1.59823 1.19561 90.7308394796863
0.267286 -2.44249 -2.28615 25.3141818633212
0.381226 -4.10023 -2.57221 0
0.105216 -4.25551 -2.39148 0
0.239738 -3.36759 0.751668 0
0.181311 -2.83165 1.91774 0
0.17132 -2.26167 0.932725 0
0.0526219 -4.15472 0.241745 0
0.323199 -4.20312 -1.5587 2.86542313679955e-08
0.0947783 -3.84281 -1.93588 7.85981829294827e-08
0.339108 -3.67213 -1.93825 0
0.509642 -3.28305 -1.47418 0
0.196538 3.31592 0.940344 0
0.209463 2.31758 -0.540609 0
0.127474 4.99433 1.63231 0
0.209178 4.97086 -1.70993 0
0.314636 -3.52768 -0.628672 0
0.131758 -4.82396 -0.403766 0
0.159276 -2.14617 0.399095 24.2410006662137
0.234902 -1.37451 -3.12644 33.8429121075654
0.222752 -1.45616 -0.774413 5.62862151591175
0.123724 -3.16939 -2.125 1.92486521955005
0.102489 0.877296 1.74934 4.16252208925279
0.365986 1.38586 -2.5363 0.771595601326666
0.073188 -2.18822 -1.52927 59.8269380936853
0.363708 -0.249052 -2.72538 52.6495188634199
0.413234 -3.00872 -2.86128 0.0615284551653267
0.155031 -4.02953 2.09727 0.0592620767404211
0.246454 0.590277 1.21926 35.1518220283738
0.148178 1.52969 -1.34684 28.495377545531
