1.75106 -2.86979 -0.659563 0
1.30806 -3.06464 2.44298 0
1.23609 -4.84276 1.0077 0
1.64525 3.49413 1.676 0
1.78888 2.65656 2.24588 0
0.892 -1.4109 -1.29905 0
0.259737 -2.56171 -2.74698 0
1.47942 -2.67733 1.12806 0
0.915376 3.1225 -0.898718 0
10.3187 3.02534 -2.53265 4.64149226092161e-14
3.41381 2.83174 -2.53635 5.54899208091351e-14
0.315536 2.99099 2.36966 3.42622969396562e-14
0.17895 3.21484 1.4936 1.681794032986e-14
0.0667198 2.67829 -0.819171 1.67989828392262e-14
5.01643 1.83481 -0.252672 4.52020250596865e-14
0.0330281 8.05303 2.95329 0
0.584311 6.06289 -0.84444 0
0.200167 1.0504 -2.77551 0
1.36699 2.79763 -0.269111 0
0.354271 1.50556 0.217469 0
0.51159 1.10144 0.038377 0
1.61551 -0.94389 2.84619 0
0.237618 -2.04825 0.646591 0
2.34341 -2.6841 -1.76067 0
0.730231 -0.680477 -2.08499 0
0.463273 -3.90783 -2.6321 0
0.412064 -5.1425 0.047356 0
0.194385 6.76612 0.48716 0
0.328127 6.63482 1.88637 0
0.632481 4.08305 0.0450369 0
0.231169 2.0002 1.37791 1.13202296013196e-13
1.57452 2.58098 1.1071 6.34051232048877e-14
0.413422 1.31446 2.57759 2.19452195681067e-13
1.83824 1.82697 2.75686 1.34263002174825e-13
4.63756 1.80575 2.85713 1.37923497703195e-13
0.69042 1.77581 2.53258 1.40007605171324e-13
2.30385 2.21968 0.821828 9.5764289578319e-14
4.96414 2.24449 0.677335 9.51165032754671e-14
3.77362 2.25273 0.451251 9.69985209674217e-14
5.5549 2.26995 0.781487 9.15618305686554e-14
0.619448 6.63426 2.13074 0
2.30283 2.97924 -0.535398 0
0.569921 3.44776 -2.26833 0
0.377581 4.05097 -1.49555 0
0.825629 4.75725 -2.53316 0
0.324491 5.30003 0.76218 0
0.745598 5.9389 -1.73182 0
0.819093 -0.667163 0.0990016 0
0.373963 -1.5913 -1.43223 0
0.71709 -0.334209 -1.44456 0
0.28487 0.831036 -1.61735 0
0.640115 -0.110341 0.0290342 0
0.639881 0.752218 -0.367437 0
0.675833 0.534681 -0.945794 0
1.61536 0.47374 0.998097 0
0.587284 1.99188 2.47076 0
0.700249 1.07805 1.95395 0
1.01034 0.146224 3.02551 0
0.591271 -0.582876 -3.04607 0
0.659361 -1.36744 -1.26566 0
0.847431 -1.1362 -1.86219 0
1.69603 -1.3531 -1.8966 0
1.18232 -0.951945 -1.92597 0
3.55191 -1.58742 -1.30536 0
0.365223 -3.29199 -1.43407 0
0.385891 -2.6836 -2.52203 0
1.62513 -3.68931 -2.97087 0
1.23492 -4.81716 -1.04271 0
0.0519576 -5.12441 2.4446 0
0.274592 -6.31579 -1.68036 0
2.0187 -4.61761 -0.727616 0
0.269713 -5.34583 1.28694 0
1.47571 -4.91057 -0.821547 0
0.548512 -6.64807 1.94286 0
0.317825 -7.92333 -1.0959 0
0.423877 -7.77888 -2.00582 0
3.2104 0.197286 3.00976 9.51499885923238e-13
0.263461 -0.535276 3.01736 8.72229471423619e-13
2.39623 -0.124246 2.93309 9.75348825454073e-13
0.900932 -0.0694437 2.45527 9.77766994890817e-13
0.321579 0.508756 -3.0902 8.42852236916926e-13
2.24066 2.34962 0.169925 2.29255526244022e-13
2.33543 2.61279 -0.0558838 1.84984257599587e-13
3.08325 2.55106 0.0881404 1.95594459815709e-13
0.226107 3.13208 0.354902 1.31012915870338e-13
0.5277 2.55175 0.353228 1.96908043061193e-13
3.79368 2.67279 0.0401754 1.78082469600504e-13
2.67785 2.62916 0.0237569 1.83752714076294e-13
5.551 2.64068 0.119582 1.8315228792532e-13
0.510701 -3.19991 -2.83982 0
0.396299 -0.53614 0.810669 0
0.591665 0.44483 -1.03302 0
0.472489 4.64999 -2.7013 0
0.549894 -5.45482 -2.92595 0
0.636654 -3.189 1.05813 0
1.2324 -2.75179 -0.252271 0
0.137322 -2.87382 1.90334 0
0.597953 -2.56657 1.22193 0
0.4213 -2.54571 0.926023 0
0.85861 -0.0948344 -2.30305 0
0.27319 1.83225 -1.23224 0
1.20662 1.06311 -1.30759 0
0.516847 1.25261 -0.286677 0
0.654498 1.02279 0.34453 0
11.6654 1.02604 0.827476 0
1.0085 1.1559 1.29229 0
2.07642 1.14691 0.938908 0
1.63498 1.25853 0.749961 0
3.54516 0.906506 0.726332 0
5.2562 1.12466 0.924185 0
0.378721 2.19042 1.19139 0
1.17137 1.98623 2.66006 0
0.750838 2.78035 2.83537 0
1.36216 2.70054 2.87638 0
2.79349 2.44805 2.83381 0
5.8578 2.36351 2.98088 0
9.21566 2.42189 3.09238 0
3.05519 2.42668 3.10669 0
4.1748 2.58097 -2.85801 0
1.39506 2.64298 -0.761797 1.72342882098696e-14
3.03121 2.55627 -0.459515 1.88281624205295e-14
3.6137 2.65251 -0.540997 1.65551256609841e-14
0.582117 -3.83709 0.627638 0
0.520539 0.599011 -0.894221 0
1.15766 0.139581 -1.92572 0
0.0338899 2.27205 1.52318 0
1.26723 -3.5001 1.5469 0
2.83168 -3.36122 1.56933 0
1.06587 2.13553 2.67624 0
0.643068 2.62775 -2.13195 0
1.30749 3.02255 -1.39338 0
0.634133 3.21003 -0.582734 0
0.68642 3.4067 -0.278507 0
0.195759 2.39454 -2.36237 8.6113852132639e-14
0.485616 3.00082 2.9721 3.84648660612995e-14
0.433311 1.94689 1.48997 1.18797417343222e-13
1.91418 2.06559 0.00863396 3.54472345893111e-14
0.580462 2.42989 1.12168 2.95673488779255e-14
0.55945 1.72029 0.609516 5.44865814279843e-14
0.0252871 3.75788 -0.745403 2.42351835368355e-15
0.29965 2.43116 -2.10634 0
0.166228 -1.39502 -3.14123 0
1.17057 -2.19261 2.56965 0
0.598592 -1.19793 -3.14096 0
0.562228 -1.48039 2.94293 0
0.786192 -0.0414421 1.49524 0
0.31993 0.0672572 1.96555 0
1.15612 -0.990585 1.75045 0
0.297377 -0.996503 2.33085 0
0.130744 -3.29602 2.38433 0
0.136938 -2.9552 2.46148 0
1.11904 0.0956343 1.85786 0
1.02278 0.662596 1.92333 0
0.263727 -0.0897362 1.10672 0
0.112598 -4.29453 2.40225 0
0.3743 -1.55419 0.0917103 0
0.479483 -3.07875 0.959343 0
0.378728 -3.56782 -2.34083 0
0.332318 1.2127 -1.8255 0
0.498424 2.67178 2.1997 0
0.184659 4.43427 -0.930956 0
0.533726 6.48362 -2.93877 0
0.150088 6.5911 -2.50646 0
0.339373 5.53613 -1.2695 0
0.183903 5.70465 0.359046 0
0.877274 3.88737 -0.592711 0
1.15407 3.52997 0.25582 0
1.83352 2.01024 1.82779 1.0920444801011e-13
0.977899 3.11679 1.7182 2.98054766915252e-14
1.10005 2.72102 1.92233 4.8288266706461e-14
0.0745457 1.7829 3.11346 1.4458566999951e-13
0.958445 2.35768 2.6282 7.55739181811034e-14
0.439429 3.23687 -1.54239 0
0.0470841 6.91851 -1.22678 0
0.835415 3.85245 -0.347383 0
0.560671 4.62331 -0.834266 0
0.466769 4.92547 0.678912 0
1.59279 3.16489 -1.4806 0
0.29525 3.08848 -2.74573 0
0.183959 3.8884 -0.573593 0
0.4757 4.72099 -2.49315 0
1.02027 5.64295 -1.78301 0
1.3059 5.35301 -2.31159 0
1.39414 5.82229 -2.17595 0
0.267561 6.77122 -0.892658 0
0.294598 -1.30766 -1.2907 0
0.892888 -0.212549 -1.12621 0
0.0918088 2.60219 -0.457731 0
0.37543 2.56116 2.11431 0
0.280529 1.37085 -2.82015 0
0.472513 1.23 2.75769 0
0.392168 -0.603803 0.927284 0
0.394657 1.82717 1.26098 0
0.505494 0.587009 2.13328 0
0.117586 -1.56297 1.04436 0
1.94459 -0.932248 -2.30996 0
1.45609 -1.42332 -1.55583 0
1.93778 -2.7651 2.79904 0
0.599102 -6.43311 -0.0112666 0
0.366352 -6.18807 1.83872 0
0.652131 -6.04979 -3.05011 0
0.223788 -9.08902 2.19866 0
0.399752 -7.74128 1.67003 0
0.165376 0.407954 -3.06913 8.85617120028768e-13
0.366914 2.39121 -1.53838 1.68144431913425e-13
1.56875 2.36926 0.412077 2.26450714850266e-13
2.47762 2.48189 0.0346882 2.05640123513768e-13
0.499535 -4.21059 0.75581 0
0.358828 -3.09972 0.251828 0
0.435689 0.203038 1.40673 0
0.281912 1.28434 -0.857452 0
0.821291 7.49196 -1.70855 0
0.132784 7.43347 2.24917 0
1.10583 -6.08446 -0.707214 0
0.123096 -3.66235 0.444716 0
0.551803 -2.53698 1.00335 0
0.357956 0.518424 -0.286438 0
1.026 1.00475 -0.985764 0
0.487187 1.31169 0.423332 0
0.280781 0.143574 2.01208 0
1.13721 1.15342 0.958414 0
4.94647 1.05143 0.858641 0
0.082943 0.259465 2.1343 0
0.166859 4.17043 -0.256102 0
2.09231 2.65394 3.12716 0
3.56707 2.39886 -3.10746 0
1.12863 2.1409 3.05075 0
0.10272 -4.36257 1.57987 2.81469131048474e-10
0.48253 -1.71543 -1.2358 1.37674183361503
3.76149 -2.50199 -0.934455 0.233604223780648
0.547212 -4.55529 1.21695 0
0.903196 -4.92902 0.979379 0
0.3347 2.22037 1.23363 0
1.62466 1.87611 1.18229 0
1.02911 -2.4805 1.80074 0
0.487178 -2.59403 1.51037 0
2.6198 3.15214 -2.51818 4.15264492455199e-14
0.950229 2.71906 -2.58696 6.1112507242547e-14
0.370565 1.82165 -0.0204076 4.63026060121923e-14
0.68863 1.69218 0.447018 5.51397663997662e-14
0.234076 -2.19673 -2.90031 7.97040029550819e-09
0.189619 -2.30279 2.68813 2.77747890326026e-09
1.20888 -1.08621 1.23382 0
1.4655 -0.914733 1.17288 0
0.186251 -5.11743 -1.15617 0
0.211135 -5.40247 -0.521924 0
0.0839886 4.5706 2.75238 0
0.345443 4.65348 0.819443 0
0.279677 2.99867 1.87791 3.40715639510339e-14
1.33944 2.35831 1.69153 7.51494968543678e-14
0.586675 1.92948 2.49031 1.19367644609337e-13
2.42542 2.05399 2.65752 1.05400604951748e-13
0.307062 1.81382 2.22946 0.000209407258837348
0.161495 1.81753 2.21974 0.000203366698869554
0.488042 6.11003 2.06578 0
0.312819 6.10644 0.885707 0
0.119697 3.41527 -1.76014 0
0.834354 2.7982 -2.18118 0
0.0531245 4.61916 1.9284 0
0.234173 4.3448 -0.493567 0
0.134721 5.0719 0.00410767 0
0.304529 3.77918 -1.29374 0
0.873563 -0.625655 -0.311557 0
0.30399 0.088526 -0.283609 0
0.141254 0.420591 -0.130061 1.17855225111236e-07
0.347407 0.733561 0.122327 6.20251676795616e-08
0.446168 1.77902 1.20524 0
0.0688275 3.08626 -2.00903 0
0.65439 -0.0729346 2.56025 0
0.605104 -0.696229 2.28778 0
0.322083 1.0221 3.09344 0
0.241243 0.0100613 2.92952 0
0.350964 -1.77928 -2.91438 2.08713687371325e-07
0.190055 -1.2467 -2.19288 2.74470900369582e-07
0.0871565 -3.63418 1.22944 2.34398857609442e-08
0.106403 -4.45329 0.65018 1.67409944569274e-08
0.417215 -2.89759 2.88509 0
0.152188 -2.08484 -3.01208 0
0.0377592 5.32051 0.351582 2.03345493932599
0.276952 -2.82395 0.104124 0
0.200709 -2.93774 2.59071 0
0.09253 2.26103 0.216091 0
0.417976 1.02504 -1.11784 0
0.319085 1.36219 0.777651 0
0.780092 0.74597 0.0207241 0
8.6358 2.22019 -2.90858 1.76677775233058
0.108446 -0.529067 0.95011 41.7526779233566
0.567117 -0.53916 2.50804 7.92437112308287
0.00798764 4.33953 0.714519 0.000140699227273176
0.0187879 4.33946 0.721788 0.000143146892346088
0.679567 0.707762 1.11897 10.0688598887305
0.163489 0.132045 0.252732 52.3761417248481
0.804296 -1.11651 -1.35547 11.0912629032132
0.167137 -1.50552 -0.384897 38.1475955012275
0.383801 -0.855949 1.5668 10.4648993273352
1.0056 -1.01179 0.963732 3.57509351446438
0.490915 -4.26079 2.08404 0.00243679051688612
0.428736 -4.50513 1.43974 0.00253014698362465
0.38972 -2.62421 -3.10952 0
0.20494 -4.08287 -0.263441 0
2.92072 2.41796 -2.86627 0.197779315368763
0.289926 2.01277 0.227156 0.106941982503417
3.37318 2.3636 -2.86001 0.471306650124302
1.1808 2.04824 0.234852 0.100934953205142
20.7252 2.38597 -2.89378 0.276603026010877
0.465869 1.74885 0.432679 0.838850796142453
0.77569 2.10546 0.250734 0.14666804809342
2.14709 1.92274 -0.0791546 10.7217911281123
1.02833 1.8178 0.164975 24.0972092780052
1.3417 2.07683 0.214909 0.100800513241667
0.235788 2.91819 0.526839 0.702845218517237
