0.613745 4.28222 0.347478 0
3.32438 5.38599 2.08231 0
1.74466 5.05638 1.39989 0
0.28285 -3.80011 2.62862 0
1.78885 -4.98998 0.73557 0
0.471133 -1.44238 -1.89198 0
0.522683 -0.296498 1.39202 0
0.492918 0.364502 2.88657 0
0.885977 0.805172 1.31485 0
0.951163 1.63759 -3.00051 0
1.46212 1.31641 -1.88947 0
0.184125 2.26779 0.592944 0
1.34947 -3.69744 -0.317688 0
1.20198 -3.95006 0.0381036 0
0.367157 -4.05496 -0.99783 0
1.69668 -3.17909 0.464195 0
1.4639 -3.00046 1.0006 0
1.96936 -2.62457 1.21424 0
2.12578 -2.83953 0.895917 0
1.2507 -3.02303 2.42523 0
0.85807 -3.52817 2.91462 0
0.249051 -4.85076 -0.29524 0
0.505323 -4.99514 -2.39919 0
0.55296 0.651859 -0.445825 0
2.92988 -0.414185 -1.3885 0
1.22777 -0.410067 -1.24749 0
6.13879 -0.654867 -1.31185 0
1.16618 -1.0052 -1.45651 0
0.594939 -2.53766 -2.90585 0
0.82875 -0.893981 2.50392 0
0.720251 -2.29407 2.4517 0
1.60556 -2.17191 2.82867 0
0.194739 -2.44887 -0.995089 0
0.313526 -1.34024 -1.15497 0
1.29282 -1.25526 -3.12729 0
1.8151 -0.473933 -2.79075 0
1.08084 -1.15892 0.703731 0
0.635459 -2.36726 0.153018 0
1.79836 -2.24279 -2.72922 0
1.07817 -2.67298 2.58089 0
1.76537 -2.77224 -2.90927 0
1.16713 -3.07556 2.88807 0
1.81779 -2.67062 -3.09071 0
0.109543 -3.69488 -0.694573 0
3.07282 2.60336 0.338113 0
0.241445 2.73591 0.382612 0
0.116437 2.97264 -1.30656 0
0.169191 3.3611 1.37882 0
1.9345 2.68733 1.02051 0
0.350491 6.19962 2.97525 0
1.03576 6.05664 1.54633 0
0.274659 4.18833 -1.17802 0
0.34458 5.54053 2.35477 0
0.696408 4.67411 0.514156 0
0.420088 1.7041 1.16304 0
0.645438 0.565685 -2.92186 0
0.449765 0.352102 -0.806999 0
0.223196 -1.80708 -0.874213 0
0.224065 -2.80425 2.86421 0
0.475494 -3.07723 2.15241 0
0.443717 -4.16798 0.125251 0
0.598414 -6.57205 1.22324 0
0.19562 -6.36042 -3.09865 0
1.27038 -5.41342 2.5322 0
0.924007 -4.20406 1.86141 0
0.387465 3.30991 -0.496681 0
0.655839 4.34963 -1.14507 0
1.67975 4.13132 -2.05615 0
2.5544 3.92814 -2.62599 0
0.211904 1.90891 -0.586443 0
0.39922 2.72676 3.08742 0
0.404483 2.83118 -2.8427 0
1.45934 2.51795 2.45179 0
0.49765 -1.40693 0.327123 0
0.358237 -2.83628 1.75063 0
0.151146 -5.02405 2.12669 0
0.286728 -7.42075 2.94706 0
0.341704 -5.82326 2.87883 0
0.620994 -0.461463 0.32987 0
0.299542 1.39368 -2.91699 0
0.532593 3.79991 -3.03106 0
0.180771 4.14359 -0.39033 0
0.750788 7.08069 -1.43025 0
0.853219 8.47224 1.69681 0
0.113765 2.66227 1.8394 0
0.179983 3.23544 3.05267 0
0.634582 -0.746074 1.6814 0
0.230421 -0.826719 -1.37103 0
0.166964 -3.12261 2.33669 0
0.350518 -1.87616 0.380374 0
0.842209 -0.793773 0.692827 0
0.824528 -3.16776 -2.06371 0
0.450551 -2.18288 -1.23743 0
0.430836 -3.53911 -1.92743 0
2.03482 -4.53783 -0.29801 0
0.856637 0.845436 2.3008 0
1.60506 0.477573 2.61158 0
0.309315 1.66893 -1.9697 0
0.540864 0.442522 2.86784 0
0.333681 2.37137 -2.7046 0
0.205719 0.497253 -2.44223 0
0.137181 -0.379938 -1.10986 0
1.11241 1.17583 0.426284 0
1.08721 -2.91016 -0.0133661 0
0.20713 -3.07588 1.34682 0
0.161123 -2.51804 -0.832114 0
0.998596 -3.03921 1.69349 0
0.469628 -3.11944 3.00553 0
0.137498 -2.66455 1.78888 0
0.440864 -4.53167 -1.05109 0
1.67074 -3.91257 -1.08405 0
1.33581 -4.25208 -1.03373 0
1.3578 0.228082 -1.45863 0
1.07201 0.0757044 -1.05717 0
0.939277 -1.2733 -1.75213 0
0.327646 -0.319983 2.86661 0
0.537621 -0.83722 -2.16761 0
0.325015 -1.16386 -1.81961 0
0.817893 -1.55858 2.21525 0
0.48283 -2.1638 0.397306 0
0.659832 -2.27496 -0.629356 0
0.782264 -1.35892 -0.111215 0
0.301278 -1.43304 0.615653 0
0.817271 -1.72457 -2.86003 0
0.967096 -2.22493 -2.35911 0
2.07979 -1.51436 -2.43024 0
1.77446 -1.88562 -2.48205 0
0.83712 -1.16168 -2.59743 0
0.354748 -2.84139 2.17972 0
0.141738 -2.19907 -0.458085 0
1.18685 -0.588474 2.19873 0
0.826427 -1.07096 1.27736 0
1.72366 2.45471 0.926278 0
1.2805 2.24075 0.734586 0
0.514152 3.05005 0.809363 0
0.154342 4.675 -1.38125 0
0.69682 3.94801 2.04678 0
0.397741 4.17886 1.95735 0
0.584678 4.80896 2.30459 0
0.289916 3.85642 1.12454 0
0.236213 5.9911 2.8111 0
0.608497 5.97425 1.02468 0
0.227839 6.82383 2.30912 0
2.28938 5.75605 1.33271 0
0.754208 6.16075 1.884 0
0.282113 5.2243 -1.85691 0
0.346094 6.65146 0.78825 0
0.616977 5.3361 1.58582 0
0.295464 5.53502 -0.449605 0
0.214319 2.95433 -1.30004 0
0.321398 0.698084 -1.22249 0
0.224873 -2.43523 -2.86042 0
0.441864 -2.658 -2.82533 0
0.524123 -5.91371 2.58846 0
0.537599 -6.58844 2.63364 0
0.573187 -6.41763 2.30349 0
0.639839 -4.03999 2.57673 0
0.230118 -5.66634 -2.79275 0
2.22957 -4.39663 2.65024 0
1.72299 3.62514 -1.07222 0
0.0886858 5.21715 -0.43592 0
0.168227 4.09192 -2.76807 0
1.51458 4.25219 -2.34374 0
0.729513 4.41212 -2.38911 0
0.63996 3.60615 -2.69161 0
0.731372 4.40216 -2.05178 0
1.78324 3.49377 -2.24568 0
0.782265 0.268451 -2.96412 0
0.0993468 2.23708 -2.31881 0
0.243505 -3.94442 1.09955 0
0.29592 -5.25388 -1.4209 0
0.707444 -4.65703 0.547903 0
0.635002 5.58188 -0.307247 0
0.109244 3.72746 0.906419 0
0.648769 3.83876 -0.644839 0
0.194778 2.81534 2.2459 0
0.444578 0.24903 -1.66274 0
0.146924 2.18358 -2.60097 0
0.476668 -6.52816 -2.35263 0
0.36757 4.86903 1.42909 0
0.553427 4.70077 1.17936 0
0.28599 -0.783837 1.15647 0
1.00758 -0.450607 1.28372 0
0.0446126 -1.80748 2.00144 0.053441243439125
0.984014 -0.898684 -1.51483 0.0243068384297223
0.0549712 -2.82736 2.14574 0.0406954063143588
2.54492 0.119282 2.67986 0
0.258781 0.0161109 3.10108 0
0.62334 0.56037 -1.8436 0
0.794644 0.221731 -1.38484 0
0.226399 -0.317272 -1.36427 5.77689575064617e-07
0.234132 -0.0413036 -1.55347 4.43705179992911e-07
0.71593 -2.11126 -0.102664 0
0.358895 -1.91276 0.146592 0
0.832748 -1.71894 -2.24647 0
1.16176 -1.69627 -2.606 0
0.394693 -2.30533 0.974844 0
1.00031 -2.46982 1.08015 0
1.7936 -0.982734 1.91019 0
0.76137 -0.633399 1.64491 0
0.861174 2.11154 -0.101043 0
0.19156 3.03291 -0.29543 0
0.0185296 5.72756 -1.6809 1.01887399040146e-10
0.0394655 -3.72394 -2.68434 0
0.41243 -2.94867 0.212609 0
0.127431 -4.29492 3.08589 0
0.192465 -4.37493 0.603376 0
1.02182 3.65001 -1.15777 0
0.621677 4.12688 -1.05479 0
0.165375 4.25707 -2.31594 0
0.439657 4.35263 -1.24164 0
1.0258 4.21858 -2.08459 4.11722850442675e-08
0.927132 4.33372 -2.3452 3.31109137921167e-08
0.474651 2.64448 -0.742014 2.03245781682499e-05
0.791087 2.64463 -0.739222 2.21577032826776e-05
0.084437 -3.48262 -0.0882585 7.7408578466284e-08
0.24434 -2.53314 -1.37078 1.66537427998462e-07
0.386408 -3.85593 -1.70197 0
0.415985 -3.05572 0.170808 0
0.193511 -1.77661 2.37323 124.156487539862
0.41227 -6.01421 2.48345 0
0.184958 -4.88968 1.79086 0
0.632558 2.50698 -0.10216 22.1326712401688
0.238009 3.43517 -0.554977 23.4403566666115
0.410674 0.999989 -2.67778 7.78699001511024
0.051689 2.73196 0.605248 12.4120120442191
0.512293 1.85501 0.112415 19.0506235980411
0.287293 1.18819 0.828282 61.8745271202472
0.414684 1.68355 1.65869 0.0667514144277648
0.356068 1.53311 0.545966 0.089391925963974
0.310234 2.13932 -2.92524 34.6900006095776
0.182967 2.59975 -0.958223 37.3997202220613
1.53866 -1.19961 -1.05764 0.0326511601280474
0.33988 -0.982778 -1.48449 0.0917976992457774
0.290527 4.6862 -0.183941 0.00534368695899718
0.409954 3.02378 -1.09126 0.0720485594898695
0.58593 3.63198 -1.11182 0.632247767790117
0.124469 -5.82511 -2.00016 1.10902019450395e-05
0.0133943 -6.49797 -1.3803 6.86390144832901e-06
0.309486 -1.92237 -1.51065 15.9240851657769
0.447633 -0.884301 -1.59658 27.1562907669804
0.148112 4.91298 -2.71005 0.0217865032257528
0.278237 2.73749 1.33564 0.1116339986311
0.889008 3.48188 -0.67135 0.504401765174495
0.294045 4.16908 0.323939 0.405966709994524
