12.9718 5.25723 -2.35923 0
1.01559 -2.31912 -0.663918 0
0.358489 5.57778 1.27132 0
1.13326 5.18425 -0.793874 0
0.0983787 4.41345 0.348861 0
1.49221 5.10735 -0.5098 0
2.00729 -2.02941 2.04375 0
1.18345 -1.70692 0.653577 0
1.31175 -1.46195 1.29373 0
0.542178 -0.426904 0.372811 0
1.78238 -0.898924 0.725223 0
0.189126 -1.50042 -0.795133 0
1.19572 0.944503 0.211315 0
0.654984 0.58471 2.69749 0
0.958522 3.38954 1.12768 0
1.86697 3.77593 2.51227 0
1.15117 3.31908 2.71234 0
0.242592 2.43117 1.30903 0
0.563735 2.38287 2.74846 0
2.13231 -0.0694909 1.38068 4.66902050343299e-15
3.252 -0.229628 1.51939 4.62722911966864e-15
0.842604 -0.276283 1.27162 4.34465267508572e-15
0.987798 0.0454963 1.93887 4.62740522936527e-15
1.66811 -0.955007 -0.958953 2.78414940366838e-15
0.355081 3.41708 1.93628 0
0.183401 1.4858 2.75657 0
0.259737 2.61745 2.49881 0
0.637318 1.24721 0.507868 0
0.601157 0.646453 -2.4137 0
0.382813 -0.0548749 0.893288 0
0.475075 -3.06439 -0.509964 0
0.361682 -4.73122 -2.73821 0
0.447631 -3.74597 -2.84321 0
0.271315 -4.54769 0.552455 0
1.76755 -3.60437 1.94018 0
4.99439 -3.66146 1.2255 0
1.01852 -3.79993 0.801409 0
1.2364 1.23003 -2.64407 0
0.697987 1.32494 -2.96231 0
1.05642 1.28936 3.12174 0
1.23667 1.27414 -2.59995 0
0.456887 1.40138 -0.491963 0
0.488178 -1.34583 -3.09877 0
0.614929 -0.178838 3.10482 0
2.1074 -1.46816 -2.79434 0
0.515167 -2.96179 3.10523 0
0.460241 -2.59772 -1.21751 0
0.156624 -2.29226 -1.78744 0
2.22884 -2.46626 -1.15913 0
1.84723 -3.28167 -1.00155 0
0.123074 -5.39183 1.98251 0
1.61534 -4.51618 1.4294 0
0.713921 -5.58986 3.0593 0
0.535929 -5.5848 -2.46971 0
1.09597 -5.2545 2.34501 0
0.585211 -5.30224 -1.193 0
0.146288 7.19777 0.345351 0
0.904194 0.706449 -0.492512 0
1.03147 0.191698 -0.311333 0
0.617291 1.18512 1.38073 0
0.660389 2.48896 -1.93487 0
1.7459 3.14302 -1.70768 0
1.68829 3.47459 -1.13884 0
0.630812 4.06599 -0.414609 0
0.206447 3.40174 0.269779 0
0.365835 -1.82847 -2.04193 0
0.490261 1.298 0.409282 0
1.41792 5.17916 -2.48879 0
1.12401 5.50363 -2.57131 0
0.614435 0.457901 1.66997 0
0.153036 -0.528575 -1.56844 0
0.0304735 -4.64656 1.4093 0
0.654313 -2.50223 0.329233 0
0.771537 5.65315 -1.85169 0
0.237988 6.28336 -3.03635 0
0.777352 4.58738 -1.11871 0
0.0653057 6.41863 0.967823 0
0.534962 6.18187 1.15159 0
0.326707 7.35598 1.79789 0
0.315541 -1.25035 -0.674579 0
0.895909 -1.06304 -0.468752 0
0.963133 -1.37616 -0.152326 0
0.173121 -1.14499 2.22389 0
0.683662 1.62311 -1.54889 0
0.174546 -0.179923 1.01324 0
0.620752 0.200539 -2.23533 0
1.96046 1.30717 -3.05528 0
0.0898453 -0.0206661 -2.42405 0
2.17141 0.653905 2.48632 0
0.301669 6.08459 -0.160247 0
0.45836 6.96108 -2.33903 0
0.170722 4.44554 -0.820214 0
0.462838 3.17476 2.59163 0
0.954291 -0.00136925 1.27338 4.66079164712562e-15
0.939968 -0.16952 1.47752 4.64916064146704e-15
7.25839 -0.068983 1.27434 4.60249722027123e-15
8.09879 -0.874467 -0.847113 2.63562326151023e-15
1.07095 -0.942608 -0.546568 1.77643417716071e-15
0.48702 5.84385 0.442526 0
0.363228 3.18708 2.28511 0
0.281021 -1.12267 0.0604142 0
0.31048 -2.33466 -0.407315 0
0.538698 -4.60602 -3.03067 0
0.374248 -4.38109 0.937275 0
0.556328 -4.06228 0.889613 0
3.04069 -3.85401 0.933694 0
0.134909 -4.56671 0.819749 0
1.53347 -3.8581 0.779685 0
2.98427 1.36644 -2.80273 0
1.58197 0.991077 -2.76363 0
0.168208 1.01887 1.47747 0
1.20207 0.399528 -2.96851 0
0.851531 0.715249 -1.51841 0
1.48643 0.675072 -1.53417 0
0.654335 -0.990841 -2.62917 0
0.409371 -1.1679 3.01943 0
0.547449 -1.52116 2.4692 0
1.13554 -2.68854 2.94346 0
0.596883 -2.94355 -2.39128 0
1.17607 -3.9165 -0.827 0
0.362823 -4.78171 1.35353 0
1.32791 -5.90161 1.52171 0
0.307187 -5.085 1.34669 0
1.69781 -5.78641 2.85738 0
1.34984 -5.63703 -1.23914 0
1.48124 -5.86204 -2.17257 0
0.335534 -7.09138 0.680182 0
0.112524 -6.20097 1.64973 0
0.271277 -7.22406 2.2311 0
0.401047 6.64923 0.428058 0
0.477135 7.46675 2.32415 0
0.615288 5.5015 1.48933 0
0.188356 5.65923 -1.57645 0
1.77263 -0.183812 -0.458841 0
0.499295 0.743888 -0.488826 0
1.84596 0.546698 -0.780623 0
0.608852 1.52181 2.2224 0
0.071933 2.96892 2.09692 0
0.761449 2.93578 -1.51958 0
1.08632 3.04114 -2.17031 0
0.847949 3.09117 -2.49105 0
1.00383 3.75097 0.0328088 0
1.4709 4.12278 0.191713 0
0.1292 3.7149 0.360187 0
0.334101 -6.94433 2.48864 0
0.780919 -5.54068 1.96611 0
0.376719 -6.29043 1.24859 0
0.536376 -4.72036 -0.593709 0
0.396603 -3.97625 -0.631806 0
0.176412 -2.59992 -2.49915 0
0.55743 1.60668 1.13568 0
0.200127 6.27232 -0.876671 0
0.225384 5.60252 2.77275 0
0.40423 5.8716 2.17048 0
0.672041 6.53831 1.67091 0
0.392252 -0.448071 0.794326 0
0.619327 -1.26893 1.19974 0
1.20524 0.852426 -2.34368 0
0.301239 1.14631 -1.71939 0
0.584841 1.71824 -2.72227 0
0.779935 1.55456 -2.40498 0
0.555426 0.432015 2.53474 0
0.37314 1.1019 2.37072 0
1.22281 0.797422 2.51596 0
1.9302 0.701581 2.63008 0
0.267338 1.06531 2.45642 4.43966617222889e-08
0.390466 0.915232 1.90558 3.83485838924982e-08
0.420578 3.0184 2.9466 1.77241438308348e-07
0.809252 3.00904 2.37815 9.34828491346325e-08
0.154215 -0.692815 2.37245 4.70800742351241e-15
0.14909 1.07519 2.2268 2.54605433776326e-15
0.144876 2.20459 0.0849911 0
0.0579808 1.82373 -2.37809 0
0.307348 -5.10643 1.96533 0
0.621625 -4.71639 1.50191 0
0.42843 0.00972496 -2.65752 0
0.114336 0.197743 -0.575004 0
0.265887 0.107612 -1.3018 4.33939476895215
0.76039 -1.16184 2.58285 0
0.514282 -1.22392 2.72625 0
0.700883 -2.81402 -1.2542 0.85527650373412
0.10755 -3.67591 -0.703097 19.2542315351893
0.276042 6.67121 2.00887 0
0.212996 6.73483 -0.0348239 0
0.0970733 5.50362 -2.51094 0
0.274606 7.19093 -1.96906 0
0.218075 -1.28502 -2.53004 0
0.155015 -1.2384 -0.246847 0
0.143859 1.7268 0.0387527 4.20015353139234e-09
0.250548 1.03298 0.374583 4.00282681597972e-09
0.0699246 1.4846 0.684635 3.49327462257515
0.161972 3.88899 -0.66844 0
0.328573 3.54503 1.69713 0
0.290015 4.79812 0.832261 0
0.270397 4.80196 -0.662496 0
0.156933 -4.50633 -1.80555 4.7982213796554
0.317029 -3.04596 -2.62675 10.2440556097856
0.210541 -3.43306 2.66822 19.3277454686376
0.602063 -3.39721 1.52798 7.03765043041249
0.800875 -0.700331 -0.731886 4.25607290999689
