3.20401 -5.02249 1.40009 0
0.564171 4.95398 -0.216638 0
0.178779 4.49567 -1.05041 0
0.420464 5.86624 1.62499 0
0.444826 -0.773988 0.244449 0
0.877881 -1.74809 1.76648 0
0.124989 -1.9913 -3.13669 0
0.297872 2.93648 -2.95984 0
0.80777 1.294 3.0244 0
0.175295 0.994326 -1.55298 0
0.939773 1.98308 -2.41118 0
1.42282 1.6246 -2.3724 0
2.5221 0.951493 -1.72425 0
2.13029 1.02391 -2.5555 0
0.367396 -0.25122 -1.53415 0
1.10416 0.651729 -1.40908 0
0.477489 0.273585 -2.03791 0
0.401128 1.33241 0.0205828 0
0.755245 2.73597 2.8012 0
0.311685 1.58644 -0.877826 0
1.05419 2.90719 2.44294 0
0.268413 1.85179 -2.80175 0
0.906464 1.24073 2.11971 0
0.666518 4.16906 1.02659 0
0.602451 1.60663 -2.59344 0
0.862518 0.299722 -1.03299 0
0.440568 3.07209 -2.93324 0
0.476731 3.17656 -1.74369 0
0.287149 1.22969 1.08031 0
0.925739 4.83857 1.69292 0
1.92715 6.25356 1.57033 0
0.191313 6.95302 -2.03579 0
0.0969291 7.29899 2.69213 0
0.130939 7.2504 2.17587 0
0.164726 2.75642 -0.0513068 0
0.499144 1.07565 -0.280641 0
1.27246 -0.0846415 0.398489 0
0.389563 -3.53915 -2.32599 1.38717872081084e-13
1.00968 -1.92844 1.86573 6.38327304282826e-13
0.455292 -2.84174 1.47229 2.54819842439922e-13
5.23487 -2.53967 1.92731 3.47321535297732e-13
1.28712 -2.47878 2.07203 3.69842187267755e-13
3.28391 -2.64965 2.02141 3.1079576352279e-13
0.663238 1.27864 -0.0533473 0
1.20448 1.69733 -1.30933 0
0.271335 2.1563 0.931044 0
0.49451 1.17475 2.90954 0
1.45386 2.25805 -0.0818574 0
0.37825 3.02313 0.574006 0
0.776348 2.17037 -0.40771 0
0.439299 3.84622 -0.626497 0
0.609318 3.59957 -1.74217 0
0.701603 3.33828 -1.49105 0
1.07882 3.82801 2.71955 0
0.28376 5.11244 2.54212 0
1.14786 0.984011 -2.41963 0
0.331691 -0.435541 -3.03955 0
0.828776 -1.29302 -0.838528 0
0.140551 -3.78614 1.41744 0
0.930768 -4.89565 -2.33104 0
0.964939 -4.5473 1.63381 0
0.299359 -2.72216 2.34318 0
2.40867 -2.79205 1.97487 0
0.267958 -4.0677 1.55674 0
0.748542 -1.673 -2.19873 0
0.229756 -2.86712 0.907876 0
0.608521 0.519462 -1.32148 0
0.4557 3.11218 -1.55432 0
0.0700183 3.852 2.42282 0
0.1782 5.0836 2.68025 0
0.625298 2.80369 -1.01248 0
0.914762 3.92883 -2.17063 0
0.520644 -0.875163 1.35162 0
0.99691 1.27293 -0.202534 0
0.14485 -0.444663 1.88075 0
1.42465 -0.922189 0.0901809 0
10.0708 -2.46177 0.790503 0
3.39676 -2.1855 0.694086 0
0.435059 1.59403 -2.33272 0
0.215682 2.76781 -0.205536 0
0.369416 -1.37306 0.413139 0
0.60768 -6.01076 -0.358033 0
0.081 -10.6017 -0.166523 0
1.17048 -4.711 1.18036 0
0.158854 -5.72559 -0.0926221 0
0.225916 6.05204 3.10005 0
0.802455 5.13223 -3.06463 0
0.738174 6.40028 -3.03188 0
0.151528 6.32696 0.678013 0
0.233097 -4.77096 1.15716 0
0.464164 0.0734352 -1.96939 0
1.00816 0.730839 -1.20368 0
1.15152 0.612094 -1.6129 0
0.249464 -0.0217095 -1.2773 0
0.875442 4.08405 1.30238 0
0.278794 4.53182 -2.26221 0
0.44022 3.16286 2.68484 0
0.31858 6.44018 0.775541 0
0.212572 3.21958 -0.744443 0
0.549769 4.12565 -0.304409 0
0.316524 -2.16232 0.923503 5.09198345078749e-13
1.65439 -2.82579 2.23423 2.60435843917725e-13
0.317769 -2.577 0.335305 3.41737944595422e-13
1.94558 -2.3399 1.73283 4.24585867560249e-13
1.24059 -2.49509 2.13535 3.64089135769847e-13
0.39375 -3.32548 2.71232 1.58651140185748e-13
0.414224 1.60012 -1.22031 0
0.899099 0.639616 0.835706 0
1.25386 0.986473 0.429638 0
1.2696 1.21847 1.07205 0
1.61536 0.980403 1.04592 0
0.297186 0.669273 0.186782 0
1.59835 1.18995 1.32052 0
0.808158 3.04532 -0.595166 0
0.571008 4.25695 -1.67238 0
1.09102 4.63598 -3.04202 0
2.54342 1.58938 -1.66209 0
3.52346 1.72789 -1.63338 0
0.681436 1.94834 -2.48259 0
0.916637 0.948238 -2.68815 0
0.420436 1.51346 -2.73607 0
1.08475 0.541971 -1.81726 0
0.331557 -1.39857 -2.37532 0
0.47931 0.573078 -3.11019 0
0.540676 -1.5355 -1.73327 0
0.134647 -3.16865 1.5261 0
0.667007 -1.57923 -2.04738 0
1.58621 -4.31249 -2.73305 0
0.116118 -5.96933 1.50025 0
1.37919 -4.95324 -0.38422 0
0.395715 -5.33384 2.59921 0
0.176083 -4.88718 0.924911 0
0.697652 -2.10963 2.42307 0
0.563081 -2.13093 -2.81411 0
0.661211 -2.38103 1.41533 0
0.478853 -0.834673 1.65782 0
0.28769 -1.95149 0.781351 0
0.51545 -1.34512 2.4207 0
0.617239 -0.40984 2.16842 0
1.39299 -3.95595 -2.79602 0
0.64851 -4.2057 3.1082 0
1.18587 -3.71169 -3.0902 0
0.207365 -5.05575 0.718987 0
0.141619 -2.86276 -2.84738 0
1.21469 -5.01287 -0.231696 0
0.0686282 -3.43625 0.802594 0
0.964597 -4.54085 -0.962165 0
0.102331 -2.45671 -2.85806 0
1.02524 0.531419 0.823966 0
0.888101 4.07119 -1.93121 0
0.424064 4.42326 2.17684 0
0.271198 7.86686 2.91585 0
0.3949 6.84578 -0.979364 0
0.399573 3.73649 -0.821948 0
0.197974 2.6994 0.599475 0
0.368755 0.49473 -3.06826 0
0.184508 1.3215 0.420329 0
3.72952 -2.28813 0.538154 0
0.565953 7.64269 3.01523 0
0.406255 7.25109 -2.21995 0
0.366723 5.31993 -2.27913 0
0.356944 6.01414 1.4161 0
0.494938 -1.53253 -2.93961 0
0.519264 -2.34226 1.57429 0
0.638388 -0.62141 -2.22825 0
0.197362 -3.22071 -3.09247 0
0.308334 -1.12327 2.33717 0
0.272312 -4.46079 2.46955 0
0.509567 -4.46492 -2.56254 0
0.281937 -6.60974 2.42065 0
0.797156 -6.93955 -2.35615 0
0.1141 -3.77123 1.62408 0
0.261558 -1.88876 2.52623 0
0.263956 -5.98369 -1.96552 0
0.236812 -5.96427 2.84211 0
0.217984 1.03885 -1.06838 0
0.181345 1.92153 3.10381 0
3.45331 -5.28608 -1.06569 0.0513736375147876
0.27194 -5.40248 -0.852943 2.90617877526493e-14
0.828046 -5.43852 -1.11239 2.91647564921522e-14
0.519673 -2.38169 1.87263 4.07096027953898e-13
0.124829 -3.59063 1.85974 1.16239674487445e-13
0.976274 1.58124 0.51505 0
0.00198803 5.18893 -1.4961 0
0.470294 2.11497 -0.231325 1.76468785584377e-07
0.794502 2.13748 -0.167504 1.15498940832339e-07
0.530916 4.16972 -0.0891366 0
0.488008 3.60875 0.551723 0
0.311934 4.91408 -2.07829 0
0.39043 4.95505 3.02647 0
1.19464 1.27806 -3.04918 2.39190879957809e-09
0.421439 1.10759 -3.05279 2.67939681109476e-09
0.274633 -0.657548 -2.59385 0
0.121594 -0.115431 -1.53939 0
0.33791 -4.47038 2.08773 1.68164320036976
1.08701 -2.88493 2.59838 3.66792608968984
0.0809428 -3.19387 1.78388 36.0711010489379
0.193767 6.30399 2.74919 0
0.468993 6.1699 1.34075 0
0.164555 2.67996 0.20985 0
0.290691 2.94439 -2.9024 0
0.318176 5.4333 1.28748 0
0.25923 5.05731 0.167142 0
0.123763 3.59007 2.12723 10.8640587855986
0.190888 7.1848 2.33224 0
0.577704 5.71962 -2.34914 0
