5.12621 -2.5111 -1.82896 0
4.20397 -2.3239 0.16003 0
0.142114 -1.48467 0.638004 0
0.389612 -4.22499 2.4833 0
0.361416 -2.15506 1.14548 0
0.11636 1.6072 -2.23001 0
1.27499 0.658473 3.05073 0
2.06639 0.89509 2.86153 0
0.446906 2.57173 1.68579 0
0.270785 4.04779 -0.796383 0
0.856675 5.00735 -1.25339 0
0.252396 4.3696 1.1203 0
0.380759 6.31841 1.49087 0
0.259978 4.33308 -2.2046 0
0.266412 3.20258 2.30816 0
0.365956 1.83793 -1.93096 0
0.504974 -1.81505 1.65169 0
0.126467 -2.45223 2.20616 0
0.645769 -2.48578 -1.34127 0
0.155009 -5.17405 -2.80349 0
0.87299 -2.94532 0.103997 0
0.451761 7.77911 -1.15565 0
0.0983523 7.74065 0.348846 0
0.789204 7.18492 0.0822597 0
0.38582 7.45841 -2.4692 0
0.251154 4.65819 2.93607 0
1.31574 6.1943 -2.82022 0
0.672193 5.64538 1.05843 0
0.724067 3.14318 0.366112 0
0.190588 1.52916 3.12828 0
0.114505 1.30585 2.34794 0
0.369915 -1.73601 -0.375447 0
0.25605 -1.62508 2.35023 0
0.745681 -2.56804 -1.76604 0
1.53116 -2.88652 -2.97232 0
0.358641 -8.95805 2.72204 0
0.505245 -8.21843 0.541067 0
0.668115 -5.48669 -1.84558 0
0.120102 -3.21417 2.16476 0
0.542396 -3.41477 1.32038 0
0.333544 0.99687 -0.357415 0
0.589947 2.1849 2.57629 0
0.729492 5.52144 -1.08266 0
0.12824 -2.57648 0.224624 0
0.503606 -1.71569 1.02472 0
0.191862 -2.6105 -1.01764 0
0.983121 -2.22184 -1.55534 0
2.46824 -2.64921 -1.72065 0
3.35234 -2.36282 0.370195 0
2.06014 -3.76333 -1.60957 0
0.408656 -8.14312 -1.10513 0
0.833932 -0.100968 0.196237 0
0.76071 -0.788166 0.761962 0
0.0737101 -2.46486 2.22947 0
1.13466 1.45359 2.68113 0
0.54004 0.629508 2.48334 0
0.68674 1.53244 2.65998 0
1.53727 0.797651 -2.86615 0
0.959801 1.43375 2.6519 0
1.26635 1.00962 -3.12003 0
1.19171 1.44654 -2.71389 0
0.21831 1.669 1.94178 0
0.253533 4.24715 -2.20785 0
0.766519 4.13278 -1.76755 0
0.485008 3.5516 2.36144 0
0.437271 4.86481 -0.160651 0
0.711085 3.37229 1.04515 0
0.284334 1.04414 1.63595 0
0.510371 1.50536 -1.78064 0
0.792182 -0.0264998 1.777 0
0.31111 -0.210975 -0.710252 0
0.856623 -4.51824 1.38013 0
0.645634 -3.80754 -0.402767 0
0.441289 -5.34344 0.188379 0
1.13228 -4.59877 0.120433 0
0.614433 -4.96889 0.77952 0
0.748337 -1.33553 -0.521437 0
1.23484 -2.49817 -0.06915 0
0.12842 -1.89701 2.72605 0
0.392608 -1.31802 -1.28247 0
0.729448 7.73749 -0.131348 0
0.415968 8.71908 -0.542201 0
0.505912 6.27846 2.18156 0
0.129594 4.76629 2.85179 0
0.68089 2.12178 -0.790316 0
0.643658 0.651638 0.722658 0
0.154164 -7.14283 2.64485 0
0.21711 -6.27726 -1.39318 0
0.132507 -7.20268 -2.71483 0
0.194062 -4.99589 -2.31101 0
0.195777 -0.43204 -0.219295 0
0.271248 -2.49506 2.45329 0
2.23443 -1.36734 1.78259 2.16724268352493
0.0981443 4.22795 -1.8785 4.42107471094534e-09
0.0562873 4.39323 -0.406333 1.62706476229944e-08
0.196241 -0.032618 -1.06 0
0.105172 1.95933 0.650123 0
0.317674 0.13778 -0.74754 0
0.345075 0.342154 0.208323 0
0.562077 -0.410356 -0.148048 0
0.175431 -0.838172 -0.502675 0
0.269152 -3.29126 2.65273 0
0.42032 -3.09164 -2.67492 0
0.0684851 4.56952 1.13687 0
0.185636 3.51687 2.40297 0
0.736797 3.65707 0.0938334 0.880342277187927
0.224966 4.64212 -1.5735 2.64733289608032
0.0554916 4.77712 3.04298 9.3390972885522
1.86165 -1.80171 1.38155 0.415453448532252
0.225088 -1.46808 1.44829 4.6115611206369
0.274331 -3.7552 -2.10158 1.39043329052274
0.356133 -3.53407 -0.687666 1.33354817090022
1.62783 1.23052 2.53189 0
1.17309 0.928575 2.9482 0
