0.827939 -6.52728 -2.1046 0
0.367875 -0.310904 2.87794 0
0.98713 -0.654973 2.65097 0
1.43289 6.12879 0.245434 0
0.94711 6.65949 0.284783 0
0.367499 6.01625 0.895926 0
2.09832 5.69426 -3.01673 0
0.342735 6.85002 -3.04811 0
0.361145 5.79524 -2.09329 0
1.43654 5.82167 3.12552 0
0.229205 4.91142 -2.45423 0
0.30654 3.83194 -0.670355 0
0.209748 4.69108 0.0957652 0
0.644978 4.59334 2.94158 0
0.859316 4.51593 -1.56669 0
0.154628 3.73366 2.39106 0
0.150459 5.34718 1.02442 0
0.442466 2.99737 -0.234871 0
0.565757 2.00742 -2.11242 0
0.385721 2.1541 3.01335 0
2.47639 0.586609 1.23908 0
1.89427 1.06013 1.0642 0
0.68738 1.76195 -1.36357 0
2.62819 0.00922753 -1.38256 0
0.225864 -1.56548 0.495572 0
1.29049 0.504826 -0.585865 0
0.3378 1.5905 -1.6519 0
1.98397 -0.019672 -0.222708 0
0.114414 -1.01676 2.30509 0
1.01006 -3.4956 2.73692 0
0.328809 -3.31058 2.79227 0
0.0889464 -3.75609 -1.27684 0
0.354017 -5.45216 -1.3462 0
0.259576 -2.88028 -1.69448 0
1.00686 -3.66324 -2.99017 0
0.287171 -3.33436 1.81275 0
0.492412 -2.94843 0.972413 0
1.80557 -0.862736 0.750451 0
0.426274 -0.682239 2.99876 0
0.428653 3.67087 0.122908 0
0.687228 2.20207 -2.80053 0
0.877876 5.3143 -0.108682 0
0.567157 4.15772 2.93466 0
0.268166 7.85874 2.86277 0
0.73954 8.33457 -1.61282 0
0.555228 1.08072 1.4863 0
0.393778 4.43209 0.226215 0
0.301164 4.40386 1.63523 0
0.583334 5.64399 1.02793 0
0.131677 6.38535 -0.612782 0
0.390504 3.44174 -1.55941 0
1.84623 1.9134 -1.70126 0
0.0611483 3.21958 0.410779 0
0.406506 -0.184153 -2.17178 0
0.133777 -6.77096 1.0385 0
0.308575 -8.90155 -0.497669 0
0.218851 -8.81673 -0.65279 0
0.872949 -8.86984 -2.07074 0
0.478948 -5.57743 -0.389919 0
0.588111 -6.50679 -1.52695 0
0.660308 -0.0445984 2.8789 0
0.626419 5.49967 -0.370473 0
0.232813 7.67293 1.46882 0
0.737958 3.33268 0.022372 0
1.22228 0.779941 1.08332 0
0.193155 0.980246 -2.84932 0
0.54537 0.231275 0.386683 0
0.69772 -0.30798 -0.764426 0
0.344923 1.09356 -2.38475 0
0.239908 0.628185 1.10682 0
1.88176 0.697378 -0.216182 0
0.363294 0.549824 0.324073 0
0.132099 -3.30697 0.596756 0
0.270071 -3.16552 -1.61804 0
0.270673 -5.2066 -1.29267 0
0.0417582 -3.64536 2.12239 0
0.181172 -3.96859 1.59555 0
1.1028 -3.80896 -1.22053 0
0.468588 -3.52265 -0.948396 0
1.31478 -3.46608 -2.77614 0
0.264051 -3.78566 1.75552 0
0.382288 -2.18638 0.605109 0
0.414036 -2.92641 1.09546 0
0.251877 -2.45561 -1.70174 0
0.553996 -2.09594 2.06582 0
0.737479 -1.60129 0.999294 0
0.553111 -0.279045 0.839851 0
0.455648 -0.677115 0.543366 0
0.347757 4.19774 1.03198 0
0.384906 4.20976 2.85461 0
0.255894 4.3683 -1.48257 0
0.539921 5.20395 -0.66769 0
0.492619 3.04931 -2.75882 0
0.360242 3.712 -0.93576 0
0.170598 1.6875 2.00676 0
0.496141 -0.922702 -2.47306 0
0.448264 -0.155807 2.26257 0
0.418586 -1.13731 0.928019 0
0.172574 -7.86744 -0.824377 0
0.750721 -5.87075 3.03402 0
0.34252 -0.737579 2.04899 0
0.950154 -1.31429 1.92017 0
0.036346 7.15781 -2.83572 0
0.342587 6.34817 0.453132 0
0.28412 3.63334 -2.13361 0
0.542306 3.05132 -1.28924 0
0.183083 2.28795 1.40393 0
0.442867 1.02118 0.917505 0
0.083397 0.0805811 2.45216 0
0.28472 -0.211251 -1.79061 0
0.246415 -4.57705 -2.88206 0
0.355696 -3.8234 2.2408 0
0.154684 -2.92732 0.450168 0
0.187902 -2.82501 -1.57599 0
1.45063 -3.14632 -0.803051 0.0658799628128999
0.101595 -3.73521 -0.373242 0.521588111546867
