13.858 -1.51326 -2.86085 3.85818619444311e-14
1.02904 -1.75066 -1.3663 0
0.320607 -4.35345 -1.41287 0
0.924738 -3.7722 -1.86815 0
0.978034 -3.38729 -0.303262 0
0.661076 -3.99928 1.27187 0
0.899882 -4.44976 -0.514734 0
0.826437 -4.77886 0.405543 0
1.3607 -4.41293 1.33411 0
2.93911 -3.72191 1.6401 0
0.647044 -4.18557 0.166808 0
1.15701 -4.08423 1.59365 0
0.863415 -4.75194 0.061918 0
0.208089 -4.75741 0.866278 0
0.684266 0.767748 -2.9023 0
0.379946 -0.303166 1.11733 0
0.133968 4.22552 -1.66477 0
0.581571 1.5131 2.15526 0
1.28264 -0.829791 -1.31933 2.1117283443482e-13
0.205221 0.56208 -0.48751 4.90308276011108e-14
2.33992 -0.157608 0.185967 5.20646708585503e-14
2.5931 0.144021 0.0394875 2.94146641065616e-14
1.95182 2.15185 -2.61662 8.81477889355432e-14
5.16982 1.91985 -2.34655 8.85990785356118e-14
3.6576 2.01715 -2.29649 8.7985219569691e-14
2.5334 2.09706 -2.45989 8.80854774765319e-14
2.80945 2.05017 -2.29519 8.7829150911143e-14
4.65274 1.99174 -2.23753 8.78932979904155e-14
0.189677 4.01357 -3.05352 8.28668065843753e-14
0.746941 3.1668 0.693909 7.84166422099977e-14
0.745215 -4.06187 -1.29875 0
0.913492 -2.35567 0.33115 0
1.24775 -2.22075 3.03166 0
0.318167 -2.10528 1.56337 0
2.24255 -1.35767 2.32109 0
3.27807 -1.31595 2.55141 0
1.93872 3.41761 -2.25335 0
2.04683 3.19403 -2.69377 0
0.542267 1.96355 2.29163 0
0.743851 3.05768 0.710563 0
1.2209 2.15696 1.65216 0
0.730604 2.78001 1.23207 0
0.819114 2.23374 -0.219554 0
0.308443 3.13165 0.942595 0
1.20739 2.34393 0.28086 0
0.0129772 4.70346 0.697167 0
0.0879748 -0.742197 2.83136 0
0.928335 1.15034 -1.8864 0
2.3087 0.111595 -0.940279 0
0.895852 1.92125 2.94652 0
0.30544 -0.504503 -2.16993 0
1.41071 1.08713 2.76152 0
0.465609 -0.440519 0.77754 0
1.59528 -0.0751629 -3.05418 0
0.297335 -2.11185 0.795025 0
1.16401 -0.883311 -2.78931 0
0.667189 -1.84449 -0.351125 0
0.501975 -1.53679 -1.76857 0
1.48288 -1.50019 -0.623853 0
1.57982 -1.85082 -0.320687 0
7.91043 -1.37258 -0.452491 0
4.71219 -1.36706 -0.615928 0
5.1783 -1.46642 -0.467354 0
1.19405 -1.07668 -0.390564 0
2.85976 -1.05062 -0.389931 0
0.484892 -2.46761 -1.72374 0
1.21018 -2.3919 -0.0974974 0
0.817327 2.02383 2.41416 0
0.44845 4.63167 -3.00923 0
0.220426 3.7303 -2.89368 0
0.336829 5.22528 1.91292 0
0.250814 7.77688 1.92925 0
1.6932 -6.49333 0.241599 0
1.05577 -6.80024 -0.0342264 0
0.702504 -3.61141 -0.954888 0
0.178475 -4.43563 2.58073 0
0.413391 -3.62384 0.0293472 0
0.659496 -3.9632 -0.499288 0
0.701125 -4.20078 -2.82017 0
1.02514 -4.30926 0.0201705 0
0.216762 -4.62248 -1.43321 0
0.234021 -4.91275 -2.47607 0
0.958722 -6.5217 -1.0344 0
1.25064 -6.98494 -0.159302 0
0.465351 -2.57667 -0.589712 0
0.0684769 -0.137873 0.131026 0
0.713422 -1.00148 1.67121 0
1.21715 -0.0185052 0.644441 0
0.115251 0.421944 -2.50073 0
0.359599 0.482657 0.760237 0
0.412175 -0.167328 -2.07934 0
0.545355 0.58128 1.55112 0
0.354834 7.01484 0.608979 0
0.542387 5.9603 2.20249 0
0.308098 5.78854 -2.6008 0
0.162352 0.980727 0.4236 0
5.36848 -0.815932 -1.34561 2.11974120398548e-13
4.34822 -0.965258 -1.39621 1.97945878156986e-13
3.36313 -0.78911 -1.53895 2.10800016261545e-13
1.41917 -1.04875 -1.44571 1.89322704832126e-13
2.83071 -0.827437 -1.63336 2.05314484059972e-13
0.282437 -1.42918 -0.989457 1.63364983769354e-13
0.433396 -0.713708 -2.10893 2.0229924895625e-13
3.43023 -1.58197 1.77199 5.82626357036228e-14
1.42526 0.327927 -0.37095 4.39369443836058e-14
0.636692 0.303587 0.164497 1.40519436855953e-14
1.55842 0.0230879 0.354181 4.11110871122323e-14
1.11831 -0.0162057 0.242102 4.1650111754985e-14
0.1147 -0.374607 3.07986 1.96650758386287e-14
1.23941 2.37738 -2.08703 8.56616958031686e-14
0.385382 0.939637 -2.34214 8.9421451209494e-14
1.90247 1.6995 -2.17713 8.90181300724864e-14
0.366763 1.5625 -2.1286 8.94342463476185e-14
0.468806 2.00737 -2.21915 8.7751774457469e-14
1.08982 1.97244 -2.42015 8.85620368843567e-14
0.12509 2.08593 -2.11663 8.69692026964891e-14
0.827836 2.53174 -1.0382 7.92919087491386e-14
0.104713 4.84294 1.55747 8.13825436204186e-14
0.96902 2.9836 1.32922 7.99521265348715e-14
0.266941 -5.2889 -2.11579 0
0.341983 -5.8323 1.68559 0
0.891299 -5.08124 0.629422 0
0.877334 -1.49582 1.94417 0
2.42337 3.26263 -1.84808 0
1.29774 3.15516 -2.21253 0
2.64691 3.15539 -1.82781 0
0.818711 3.51793 -1.58068 0
0.753273 3.47898 -1.95865 0
0.394246 2.17114 -0.734405 0
0.348593 1.86026 2.30477 0
0.122771 3.88972 -2.92051 0
0.545964 2.45771 -0.125517 0
1.63457 0.458119 -2.28389 0
0.504663 0.448626 2.84399 0
0.146392 -0.718553 2.33604 0
0.2756 0.909418 1.12907 0
0.407568 0.0881489 -1.81509 0
0.400379 0.364617 -2.21217 0
1.10733 0.532157 -0.719891 0
1.2319 0.680774 -0.676491 0
0.793013 1.0713 -2.70776 0
0.344528 1.26736 0.275226 0
0.277866 -0.580791 3.11176 0
0.485419 -0.902671 -1.94765 0
0.190794 -3.06641 -0.998756 0
1.4716 -1.65564 -1.05454 0
1.64389 -1.56104 -0.509475 0
3.32339 -1.47764 -0.712115 0
2.89435 -1.22527 -0.593503 0
0.0958519 -3.08487 -2.14771 0
1.96868 -2.68142 0.410754 0
2.68522 -2.31606 0.185221 0
5.35608 -2.85684 0.460782 0
5.23734 -2.86145 0.346392 0
0.285224 -1.15643 1.85437 0
0.509677 -1.81921 -0.966518 0
0.708919 -1.29667 -1.53644 0
0.956836 -1.19731 -1.82158 0
4.01572 -3.6238 -0.448119 0.349165970553715
0.446285 -3.95337 1.17528 0
1.14785 -3.92256 1.47974 0
0.250252 4.52426 1.02228 0
0.328446 3.41041 0.398233 0
0.250801 5.07035 2.0838 0
0.2333 6.49445 1.14933 0
0.857932 5.42805 2.4998 0
0.323099 4.68835 2.02768 0
1.68212 -1.331 1.67474 7.74900614047662e-08
0.607469 -1.46799 1.45971 1.86668943361357e-07
0.408139 -1.73556 2.35328 3.57784758068986e-08
0.380351 -1.80861 2.11663 4.30069547234743e-09
0.488938 -1.72614 2.01173 3.43929292140289e-14
3.18495 -1.56768 1.72969 6.1900683703288e-14
3.8428 0.157804 -0.0851979 3.33005552435864e-14
0.782614 0.00902533 0.00196336 4.10448489779842e-14
0.946813 0.612277 0.112659 1.17124221694045e-14
0.150068 0.355371 -0.812583 7.07494148219823e-14
0.882956 -0.475192 0.462785 3.52341596837041
0.336605 -0.353493 0.428414 9.66883971309299
5.23401 1.98715 -2.37782 8.8378608433207e-14
3.56052 1.92851 -2.39174 8.86906911508959e-14
3.36271 2.04662 -2.3647 8.80646516824014e-14
4.80063 1.94211 -2.40628 8.86663621952002e-14
0.170605 2.77071 -1.5548 8.23107331361423e-14
0.0803644 3.70397 2.99565 8.32749876940781e-14
0.260953 -3.37427 1.94632 5.70556663235105e-09
0.15519 -4.28543 2.40205 6.30000048086119e-09
1.03693 -1.82928 2.19512 1.34882818976484e-08
0.25793 -1.58662 2.15761 8.02119837309196e-08
0.100537 2.74976 -2.21129 0
0.178908 2.07307 -0.419749 0
0.53668 0.393639 -2.23385 0
0.171808 1.27985 -2.6795 0
0.271601 0.842065 -0.350915 104.652440098935
0.0616326 -0.982907 2.99351 0
0.319596 -0.248286 3.09828 0
0.151154 -2.53961 0.0276573 0
1.21272 -1.51738 -0.349726 0
3.84063 -1.46151 -0.475509 0
2.56496 -1.48519 -0.359147 0
0.319274 -3.45556 2.66593 0
0.0855316 -4.36999 -2.81669 0
0.221778 -0.487776 1.85416 25.2179639529608
0.152673 1.42561 -1.61793 55.3099026614472
0.12977 5.23172 1.41324 0
0.378707 3.88542 0.038634 0
0.0161145 -5.16513 2.59302 4.6848108817382e-05
0.0462928 -5.13866 2.48424 5.44331581478632e-05
0.166537 -2.72975 -0.0851274 17.6118460219809
0.382687 -2.76394 -1.86703 7.41271879093461
0.235191 0.32505 -1.32332 7.55911562937841
0.210946 0.669631 0.954931 7.20492313467604
1.62876 0.139252 -0.168553 0.165941424995712
3.64096 0.241091 -0.111547 0.22111525513146
0.801555 0.902728 -0.834196 19.0160170964708
0.286528 0.781718 -1.08759 35.4956771204155
7.19466 0.117018 -0.240367 0.347192395078167
2.6361 0.0939876 -0.232523 0.389158208276655
36.2479 -1.2931 2.47261 0.12697651930677
36.1023 -1.33312 2.46586 0.0733482043892986
