0.443662 2.43838 2.02097 0
0.878836 -1.58031 -1.32354 0
0.213968 -1.42586 1.3225 0
2.00044 -1.41559 -1.60172 0
0.414237 -3.64784 1.68377 0
6.46656 -2.86309 -0.276256 4.60859273393568e-14
0.350445 -3.26355 0.301856 3.58722030180433e-14
2.3293 -3.15011 -0.146885 2.23636424315541e-14
1.96625 -3.20128 -0.308674 1.76470089417242e-14
0.571754 -2.86255 -0.523586 4.99724067192777e-14
0.146636 -3.71032 -2.24971 8.13307962228355e-14
0.224567 -4.69565 2.80687 6.9910232198238e-14
1.19553 -5.06508 1.14663 5.32908963875671e-14
13.9977 -2.38877 -3.11963 5.25441060647738e-13
1.30204 -2.29797 -2.67872 5.69193548732868e-13
0.818471 -2.33253 1.68181 5.81746176019221e-13
0.182121 5.69178 -2.64378 0
0.327004 5.69082 2.39548 0
0.627272 7.44921 -1.50695 0
0.403095 3.89536 2.70356 0
0.161941 5.61065 -0.741718 0
0.66925 3.03893 -2.09106 0
0.924703 2.63315 0.0839362 0
5.83837 -2.68003 2.30126 6.56422475803412e-14
8.43069 -2.68279 2.20371 7.21932122265708e-14
0.785442 -2.9689 2.65565 6.26937160171244e-14
1.57157 -0.982094 2.79532 2.49471763754042e-13
20.821 -1.22515 2.67226 1.8318175671182e-13
13.6513 -1.28156 2.74014 1.66815237942989e-13
32.7255 -1.21182 2.70211 1.85847771799981e-13
0.561437 5.93571 0.408284 0
0.642565 5.65986 -0.497581 0
0.584507 5.37106 -0.0231793 0
0.535327 5.65417 1.04621 0
0.683052 0.94585 0.554938 0
1.38969 -0.994337 -0.299276 0
0.384052 -1.41715 1.13782 0
0.130844 -2.21761 2.99801 0
0.599232 -1.85058 0.780845 0
1.22155 6.42993 -3.02892 0
0.414964 4.64377 1.47789 0
0.386502 4.15179 2.89963 0
0.0627435 6.51861 1.80115 0
1.4034 -0.917033 1.50931 0
1.00104 -0.563041 1.52897 0
0.385543 -2.87645 -2.49584 0
1.06345 -3.0086 -1.30555 0
0.243457 -5.33441 -0.872016 0
0.585478 -6.63247 -0.31096 0
0.362795 -1.32207 2.63973 0
0.314855 0.81238 -0.243639 0
0.198317 6.37853 1.65629 0
0.638919 6.85881 -0.445841 0
0.544304 -7.35703 -1.91038 0
0.8106 2.5889 -1.71624 0
0.216601 3.78503 -2.66463 0
0.0329906 4.51732 2.43633 0
0.142492 -1.06853 0.224863 0
0.214623 -1.91996 -0.616765 0
0.336538 1.24657 0.697 0
0.445729 -0.255387 3.05486 0
1.23797 -2.91359 -0.329979 4.14402474002231e-14
1.03278 -2.51604 0.00307505 9.03012701456598e-14
2.17081 -2.78156 0.098231 6.09726444517589e-14
4.50458 -2.60948 -0.121457 7.56897151919629e-14
1.00055 -3.15512 1.2871 9.10624501699212e-14
7.22965 -2.40733 -3.08469 5.15182325932558e-13
0.130447 -1.03044 -1.71271 1.84546584776542e-12
0.760243 -2.68812 1.10875 4.1888177065643e-13
0.317792 -3.17119 0.642367 2.6498192102818e-13
0.777953 3.17333 -2.53421 0
1.72716 3.30263 -1.95672 0
1.23224 3.79015 -3.11667 0
0.815214 3.68544 1.69408 0
1.57902 4.7995 3.12173 0
0.960308 6.04627 -0.947005 0
0.518946 4.35882 -0.103961 0
0.210366 3.64675 -2.33169 0
4.11898 -2.81365 2.234 7.32570445317596e-14
0.171215 -2.10667 -1.4388 1.96351783211571e-13
0.935257 -1.64389 2.31167 1.16484699180375e-13
0.779845 -2.39749 2.69424 2.62808706371854e-14
1.85053 -1.3 3.06615 1.64375491642075e-13
1.5171 -1.11502 -3.1086 2.17440309915357e-13
0.809112 -0.971542 2.96875 2.53087032841703e-13
1.95186 -1.18309 2.93673 1.91879804547756e-13
1.43808 5.6799 0.544649 0
0.757662 5.29356 0.0612101 0
0.341164 1.60406 -1.84185 0
0.231084 -0.515046 0.948331 0
0.696035 -0.456257 -1.59804 0
0.678888 -1.57161 0.130177 0
0.342785 -0.937482 0.192415 0
0.432754 5.67595 1.35034 0
0.457352 0.487336 -2.32066 0
0.375263 0.42706 0.992281 0
0.197547 -1.60111 -0.178738 0
0.227569 -2.74302 1.51928 0
0.465756 -3.8311 -0.617829 0
0.323206 -1.64702 -2.1784 0
0.445774 -5.52891 0.207698 0
0.381771 -5.58464 -1.81022 0
0.337352 -6.35137 -1.57737 0
0.831639 -6.51229 2.03189 0
0.407005 -6.52754 2.6179 0
1.04638 -6.26457 1.73159 0
0.20747 -3.98061 2.62884 0
0.157701 -3.58175 -1.7781 0
0.281547 -0.320581 -1.07227 0
0.312254 0.465914 -1.1905 0
0.553251 -0.358564 0.896748 0
0.358707 4.48614 1.85268 0
0.209366 -6.02549 3.05164 9.93177916825897e-08
0.134407 -7.59068 2.79029 6.11442637215483e-08
0.969811 -2.52465 -0.205895 8.62020743167855e-14
1.90098 -2.71775 -0.151767 6.22467824707764e-14
0.505573 -3.66779 0.947626 5.66201430868635e-14
0.0753565 -4.91864 -2.77319 6.46931027168587e-14
1.83501 -2.43698 -3.06236 4.99576210253029e-13
3.05852 -2.31072 3.09522 5.69281563609148e-13
3.60202 -3.2771 -0.0230428 2.32821793133316e-13
3.5144 -3.30674 0.0693517 2.27855248671318e-13
0.25735 4.21395 -2.54569 0
0.326203 5.06699 -1.59129 0
0.324627 6.02926 -1.40816 0
0.172936 7.02795 -1.11762 0
0.36686 0.928279 0.24046 0
0.269988 1.53933 -0.958242 0
0.503693 1.60616 -1.20988 0
0.182459 2.11651 -0.972642 0
0.582627 -2.43931 2.47 1.55014440309863e-07
1.12611 -2.69621 2.50815 8.83727953766328e-08
0.142407 5.51533 1.01742 0
0.692295 5.3313 -0.501316 0
0.198536 1.95791 -2.24849 0
0.254798 2.23394 -3.04872 0
0.21884 -1.66064 0.648603 0
0.331478 -2.47979 1.67079 0
0.985975 -5.33215 0.213726 1.10749586787537e-07
0.592695 -5.36371 -0.08672 1.54127227117709e-07
0.348716 -6.39486 1.82302 0
0.39426 -5.99643 1.19594 0
0.531866 -6.44098 -1.09868 6.73432972219125e-08
0.184439 -6.15209 -0.836533 2.59523534008343e-07
0.0939183 -5.59286 -2.63678 0
0.140021 -4.23266 0.77674 0
6.35442 -1.33512 -1.0773 1.92468689716794
5.06454 -2.66589 -0.294904 0.272123401442342
6.70224 -2.71248 -0.27165 0.0382691489682209
5.38727 -2.71872 -0.258024 0.118638681328464
3.22786 -2.7532 -0.324523 0.334969122851332
0.120645 -2.30196 -2.96723 9.89861650219206e-05
0.221207 -2.3001 -2.96796 9.7310568545996e-05
0.0813525 -1.74585 1.74598 5.35241301950135e-06
0.0673129 -1.75738 1.72568 5.50797806863432e-06
0.839641 1.91415 -1.01046 2.5417629098577e-08
0.161919 2.26519 -0.558465 6.61201976947995e-08
0.164117 2.67908 1.35143 0
0.633111 1.22044 0.907433 0
0.596123 -1.42546 -1.3155 0.633265166621159
22.8678 -2.78376 -0.236974 0.127489239143312
4.34254 -2.73746 -0.30977 0.31607517556901
11.8464 -2.76381 -0.241314 0.0484523255552435
1.3578 -1.38594 -0.996601 2.85531214233746
8.5279 -1.36357 -1.38392 1.39369913410395
