0.314717 8.0036 -1.23351 0
1.25484 6.43792 1.65177 0
0.304713 8.09943 -0.897511 0
1.1373 -2.2682 0.629681 0
3.24635 -1.24372 2.86189 0
1.21927 -2.01771 2.76886 0
2.00273 -1.86804 -2.70254 0
2.19809 -0.347008 2.57234 0
0.577248 -0.424144 -2.88483 0
0.623284 4.88474 1.33288 0
0.114568 7.54412 2.93164 0
0.850657 -2.27333 2.40763 0
0.652558 -1.48704 1.62101 0
0.735865 -0.303475 -2.71092 0
0.717289 0.583252 2.97096 0
0.605389 1.54839 3.01547 0
1.80706 1.13163 2.41979 0
0.854815 1.39611 -2.46146 0
0.97384 1.97504 -3.01417 0
0.0608691 4.0495 -1.44011 0
0.71987 1.52873 1.98142 0
2.7236 2.63763 2.21193 0
0.0799698 2.52933 1.92062 0
1.28635 2.58756 2.77777 0
0.126136 1.8513 2.72533 0
0.023188 4.98002 -1.88569 0
0.238321 3.32701 -2.84045 0
0.733603 2.77808 -2.71954 0
1.15436 3.47745 -0.547965 0
0.413367 3.19664 0.550995 0
0.6059 4.63347 0.406304 0
3.06493 4.27919 1.32716 0
2.7125 3.6932 1.7528 0
0.467959 4.22361 0.56056 0
1.76574 3.31381 2.79876 0
0.300159 4.13293 -0.298954 0
1.76024 3.83702 -2.19081 0
1.54613 4.22304 3.09699 0
1.54993 4.71173 -1.75423 0
0.664575 4.29086 -1.48572 0
0.979426 4.79045 -2.94277 0
0.893739 6.56072 -1.99249 0
0.461195 7.42864 3.13444 0
0.104141 -0.696019 1.73826 0
0.788694 1.21828 -1.90636 0
0.770839 0.66661 1.16274 0
1.05138 -5.47759 -0.307995 0
0.0978723 -8.97429 0.435833 0
2.98288 0.903625 -0.805066 0
1.51 0.723829 -0.822764 0
0.231765 0.815742 2.5676 0
0.159832 -0.978293 2.5141 0
0.831688 -0.244212 1.14873 0
1.68953 -1.52083 1.10753 0
0.662569 -1.89173 0.0426764 0
0.639811 -0.57225 -3.00435 0
0.162143 -3.18742 2.26766 0
0.154669 -1.87445 -0.0273659 0
0.0914973 -3.20454 0.851201 0
0.569399 -5.00641 -0.651882 0
0.651305 -3.354 -2.08598 0
1.07412 -4.16348 -1.22934 0
0.619758 -4.45864 -2.52896 0
0.148834 -4.86014 2.90855 0
1.66902 -4.53296 -2.07315 0
0.423043 -5.78847 -1.78978 0
0.527941 -5.17122 -2.27305 0
0.829886 -5.40102 -2.35406 0
0.115239 -5.50293 3.09232 0
0.85688 -5.78304 -0.752422 0
0.780951 -5.22133 0.553147 0
0.313487 -5.89351 0.927875 0
2.4579 -5.42732 1.67348 0
0.538209 -5.03687 2.70908 0
1.27548 -5.38416 2.76201 0
0.635043 -4.72838 2.90085 0
2.37261 -4.00827 2.51137 0
1.17594 -3.40772 1.45576 0
0.537208 -2.01433 2.28099 0
0.656551 -1.09364 1.44405 0
1.94253 -1.25027 -2.96798 0
0.418644 -1.78925 -2.76486 0
1.13519 -2.16415 -2.14891 0
0.283731 4.40481 -0.0311421 0
0.699444 -0.622002 1.73031 0
0.173735 -1.14843 -0.760188 0
0.630127 -6.25405 -3.06903 0
0.273571 -4.62068 -1.45408 0
0.344654 -5.20887 0.314461 0
0.649561 -4.33667 2.6649 0
0.591891 3.44731 2.63524 0
0.165499 4.90517 -2.87105 0
0.466525 -1.60338 -2.71773 0
0.703189 -0.754683 -1.38779 0
0.681199 0.452741 3.02036 0
0.816059 0.437872 2.92055 0
0.358436 0.138262 1.62972 0
0.326698 1.54302 2.78487 0
0.389068 3.26262 -1.86878 0
0.532214 2.94399 2.51973 0
0.516719 2.75962 2.48258 0
2.81048 2.67787 2.34678 0
3.76659 2.69618 2.65246 0
1.92855 2.52221 2.55972 0
0.254125 2.33649 0.698785 0
0.335193 2.72015 -0.647316 0
1.41884 2.3949 -2.2097 0
1.33272 2.32797 -1.47907 0
0.346624 1.14289 -2.46189 0
1.03572 2.82859 -0.531718 0
0.0836297 2.82523 -2.36376 0
1.97614 2.80707 -0.732802 0
0.361471 3.46262 -1.30351 0
0.907756 2.98973 0.10133 0
0.169904 4.38958 -0.458366 0
0.88509 4.28651 2.00361 0
1.59191 4.02858 2.4553 0
1.62983 3.12794 2.19385 0
0.266732 4.63723 2.26749 0
0.482362 2.97809 -2.33302 0
0.605 7.14006 -2.45864 0
0.988578 6.19438 0.29917 0
1.15487 5.99182 0.446326 0
1.01902 6.51226 0.84485 0
0.293732 3.75302 -2.84691 0
0.222021 3.08284 2.28117 0
0.736085 -3.7192 0.238765 0
0.227027 -3.91483 2.38988 0
8.23535 1.09285 -0.566629 0
4.84459 1.00596 -0.534866 0
0.360469 1.34006 -0.31804 0
2.47395 1.10574 -0.974885 0
0.870864 1.43748 -0.563302 0
0.378407 0.45389 -0.910197 0
2.67502 0.908149 -0.342645 0
0.113393 2.02994 -0.29301 0
0.99629 1.11886 -0.354226 0
3.15663 -1.52022 -0.919044 0
0.323034 -2.74671 -1.27452 0
0.92464 -1.78525 -0.503266 0
0.986856 -2.71016 -0.240194 0
0.543309 -3.80805 -2.21865 0
0.622994 -2.59599 -1.89437 0
0.78354 -4.17976 -0.775691 0
0.543888 -4.86372 -1.27593 0
0.863952 -4.15058 -0.946592 0
0.715051 -4.2956 -1.97255 0
0.244768 -5.84334 -1.21448 0
0.525341 -5.17576 -2.80343 0
0.181968 -4.53092 -2.96975 0
0.3345 -4.97425 1.89337 0
0.273259 3.80126 -1.83707 0
0.173013 3.84985 0.619913 0
0.36972 0.972313 1.20772 0
0.499827 -0.228893 2.42212 0
0.102919 0.202868 -1.69422 0
0.280511 1.35608 -1.806 0
0.183223 3.40872 -2.66361 1.19104914815914
0.31442 2.33482 1.5223 16.3051147402459
0.38454 1.81521 1.62608 0
0.665488 2.44325 2.12467 0
0.632167 2.44087 2.04986 0
1.15005 2.30362 2.47433 0
1.77332 2.50863 -0.815984 0
1.01053 2.64189 -0.77365 0
1.32871 2.521 -0.882858 0
0.250124 3.20954 -0.30095 0
0.0707782 2.99057 0.312924 0
0.349712 1.26014 2.46981 0
0.145071 -1.43296 2.31006 0
0.218749 -0.407079 -1.66701 0
0.285415 -2.87794 2.73425 0
0.10567 -3.18384 -0.413579 0
0.240887 -8.27992 -1.76988 0
0.153152 -9.15938 0.38608 0
0.096328 1.26173 2.77351 5.72060056370677e-06
0.0512143 1.27316 2.77148 5.67266770938277e-06
0.437205 -2.55017 -0.829418 1.11346693069308e-08
0.320133 -2.61088 -0.38906 1.48593947177824e-08
0.185654 -4.40145 -1.66781 2.11038707924916e-08
0.00883248 -5.78657 0.5688 8.48860889610387e-08
0.176612 -6.20629 -1.20852 0
0.365837 -4.73912 -1.81862 0
0.407554 7.36579 1.32635 0.025881786309431
0.0897647 6.45388 0.690916 0.292244781458253
0.257636 3.89626 -0.831497 2.88657627570842
0.378687 4.18198 0.519505 1.47902404762049
