0.121784 -3.06984 -0.192676 0
0.106227 -4.0298 -2.5333 0
0.295787 -6.04829 0.539085 0
0.350307 -0.880716 -0.283611 0
0.463289 0.946727 -1.08069 0
0.419833 1.20759 2.91924 0
0.45933 6.45386 -1.00056 0
0.606529 6.34246 -0.863879 0
0.203247 3.85395 0.813985 0
0.0954589 -1.65315 0.713136 0
0.349647 -2.59582 0.734957 0
0.271247 -2.1427 -2.76914 0
0.360069 -4.87792 2.65894 0
0.1991 -2.30695 0.971403 0
1.23316 0.146399 0.303285 0
0.293807 0.64506 1.39244 0
0.43068 1.33428 -0.983418 0
0.170039 1.56053 -0.769445 0
2.3621 1.34516 -2.62244 0
0.288347 1.06259 1.09671 0
0.65961 -3.40248 1.62268 0
0.832604 -4.26945 -2.65353 0
0.388657 -7.0001 1.17872 0
0.127632 -7.03734 0.715404 0
0.346475 -6.64301 2.90164 0
0.77486 -4.15961 2.86498 0
0.789835 -2.27685 -2.51422 0
0.200776 0.520765 3.03387 0
0.646873 0.437205 2.19965 0
0.245367 3.57896 1.33569 0
0.521656 4.72619 -2.57687 0
0.435688 7.1308 -2.4166 0
0.337099 6.8869 -2.49055 0
0.101956 9.79367 -1.80573 0
0.195767 8.52442 0.899967 0
0.331935 -4.71565 0.0820424 0
0.319957 -3.13625 1.59275 0
0.228403 -7.44713 -1.39951 0
0.408325 -7.88389 -1.83913 0
0.218157 -7.51451 1.59551 0
0.211221 -9.28073 -2.05496 0
0.138504 -5.81795 -0.362413 0
0.257028 2.39252 1.47748 0
0.127005 4.77019 -2.37714 0
0.125355 4.07815 1.90099 0
0.221122 5.15405 0.763892 0
0.171913 6.58898 -2.13918 0
0.254671 6.83297 0.350876 0
0.687956 6.72488 -1.56428 0
0.172228 6.06919 2.80204 0
0.516914 5.97703 -2.9152 0
0.319272 7.97792 -1.01204 0
0.573228 6.05725 -1.97133 0
0.0940383 4.66779 -0.18129 0
0.295585 4.83281 -2.89184 0
0.158076 3.55766 -1.33919 0
0.278804 3.58647 -2.95399 0
0.612354 3.30938 0.339935 0
0.204168 4.71243 -1.12461 0
0.328301 4.22982 -0.454866 0
0.533052 4.74347 2.51115 0
0.656957 3.68055 -2.32032 0
0.440081 1.73553 -1.25168 0
0.798781 -2.22085 -1.7633 0
0.910108 -2.49236 -2.97776 0
0.487912 -2.90916 -2.7422 0
0.230939 -3.20781 0.169781 0
0.566395 -3.20501 -1.94565 0
0.349903 -4.24542 -2.5428 0
0.323338 -4.18365 -2.21117 0
0.649943 -3.79975 2.03591 0
0.601729 -4.58751 -0.895262 0
0.142725 -6.30038 0.631716 0
0.342923 1.10212 -2.48605 0
0.205183 1.88529 1.97936 0
0.284993 0.854009 1.62853 0
0.212166 -5.36518 -0.0583691 0
0.505933 -7.96524 0.0936761 0
0.116295 -7.38349 -2.07811 0
0.85734 -6.08088 1.19859 0
0.20958 -4.90039 1.85434 0
0.657432 -5.51284 -1.00133 0
0.661043 -2.07777 0.308468 0
0.64381 -1.23386 1.48774 0
0.245601 0.349315 -2.66965 0
0.333844 4.21268 -1.75063 0
0.284168 3.51127 0.787724 0
0.823319 4.9359 2.1859 0
0.525698 5.14074 -0.812844 0
0.557829 6.56155 0.0382129 0
1.08032 7.74551 -1.27731 0
0.0302603 10.212 2.67072 0
0.502807 4.49113 0.523824 0
0.0683703 5.64033 0.244617 0
0.475416 1.54125 -1.39851 3.49634441369233
0.148281 1.57349 -1.96435 10.8259091591261
0.186693 -2.15208 -1.18924 0
0.242282 -1.4102 1.60037 0
0.555185 1.00476 1.32585 0
0.31091 2.05225 0.974559 0
0.142232 1.06332 -1.26421 0
0.347326 0.331926 2.70439 0
0.488475 -0.523098 1.0437 0
0.262396 -0.349957 -0.62688 0
0.0580979 -7.83712 2.36014 0
0.625783 -6.34356 1.17583 0
0.137481 -5.20014 -2.98431 0
0.361993 -3.7464 1.97815 0
0.490167 6.74514 0.452479 0
0.0595688 8.63785 -0.526781 0
0.342828 4.92899 1.57988 1.09294785318241e-05
0.160365 4.94139 1.57646 1.22761088988562e-05
0.0995994 0.918853 -1.54621 40.670858357023
0.685441 1.31786 -2.33364 4.33608536061781
0.231354 0.475506 2.5688 85.8473192703506
0.117233 1.91559 0.00806332 54.4440467381169
0.332416 -2.56078 -2.62324 11.7688251660958
0.125012 -3.87854 2.07511 8.40865899576547
0.350343 -1.70651 -2.3122 60.6138426822065
0.0387399 -4.22214 -0.773733 45.770342355123
