35.8353 -0.206166 -0.725428 5.53208552180496e-14
62.8823 1.23546 -2.24495 4.53684224483471e-14
0.718167 -0.884793 1.96732 0
0.812997 -2.67541 2.07669 0
2.09124 -2.70671 -0.501107 0
2.75086 -1.7899 1.40583 0
0.367318 0.622244 0.941264 0
0.849645 -0.534878 1.33628 0
0.701848 -0.0296282 -2.7256 0
0.198437 -0.586347 -0.917253 0
0.141964 0.441812 -2.49094 0
0.796523 -0.665523 -2.25228 0
0.379084 -1.91586 2.67853 0
0.119547 -3.59909 -1.6324 0
1.01912 -1.93349 -2.51763 0
1.39491 -2.45731 -2.7372 0
2.27596 -2.45495 -2.88402 0
0.1549 1.7069 1.90301 0
0.676654 1.69811 -1.12735 0
0.83374 1.04866 -0.0635144 0
0.845394 0.163582 -1.84098 0
1.44493 0.4073 0.0723005 0
1.6818 -5.39608 -0.376918 0
1.08002 -5.25665 -0.348852 0
1.28047 -5.32745 0.164116 0
0.68581 0.133975 2.83787 0
0.764971 0.454227 -2.31972 0
0.496864 -0.672692 -2.16017 0
1.46542 -0.0426734 -2.5208 0
1.45172 1.13197 -3.03553 0
0.563513 -6.5656 2.78021 0
0.331399 -5.16869 1.65877 0
1.24107 -4.03986 -1.8424 0
0.182535 -3.72831 2.634 0
0.141827 -4.58192 -2.09738 0
0.799739 -3.40797 -2.26741 0
2.02552 -3.19331 -1.88122 0
0.150799 -3.65962 -1.93724 0
0.211446 -2.9458 -2.8007 0
2.06604 -1.94679 0.800543 0
0.9304 -2.41012 -0.272899 0
0.946339 -5.64638 2.81248 0
0.469063 -4.41053 1.89039 0
0.674074 -5.08041 1.20261 0
0.123598 -6.21478 2.47064 0
1.32342 -4.3481 2.06643 0
0.58249 -3.76194 2.1129 0
0.038827 -6.13587 -1.38798 0
0.796293 -3.34928 2.13124 0
2.33297 -1.13429 -3.13584 0
0.159522 -1.46841 -0.8664 0
0.641241 0.246498 2.74159 0
0.608131 0.101006 -2.59742 0
0.0962857 2.28047 -3.11367 0
0.247583 0.370503 -2.58307 0
2.56124 -2.45683 -2.25937 0
0.352225 -1.0084 -2.22163 0
0.643775 1.77137 2.35706 0
0.740932 -1.79149 3.00134 0
0.61681 -2.7504 0.333501 0
0.348862 6.67018 -0.0903104 0
1.33631 6.63478 3.1363 0
0.605043 4.08351 2.15861 0
1.32119 4.13678 1.78774 0
0.496916 3.95151 1.45548 0
0.21232 2.19953 -0.628443 0
0.936181 -0.31736 1.14803 1.56972384724533e-14
1.28066 -0.633435 1.64055 1.72202870284898e-14
2.5229 -0.26416 1.71993 1.16680548157914e-14
0.233515 0.506474 -2.614 2.17280338351206e-14
0.216443 -2.6527 -0.767655 2.06742106731676e-14
0.440645 4.73919 -1.73357 0
0.674802 2.55878 1.09308 0
0.5987 0.617149 -3.11437 0
0.670633 1.6825 -1.30884 0
0.306983 -0.824872 -2.07904 0
2.23344 -1.34137 -1.63511 0
0.993248 0.225636 -0.300665 0
0.815633 1.02252 -2.01453 0
1.21064 -3.12134 -0.5025 0
0.137949 -1.48787 0.220946 0
0.616357 0.295501 -3.04633 0
0.246996 3.39089 3.12513 0
0.700307 3.22824 2.6832 0
0.816129 3.99912 -2.69436 0
0.542703 3.10927 -0.104413 0
0.393766 1.79507 2.86335 0
0.110511 -6.02638 -0.257096 0
1.025 -3.58726 2.00439 0
0.658323 -3.39044 2.1162 0
1.16046 -1.68622 -0.999241 0
0.488692 -1.21704 0.899967 0
0.774475 -0.00978651 -3.01054 0
0.180265 0.474531 -1.71161 0
0.550638 2.67986 2.77871 0
0.8067 4.00686 -1.36219 0
0.369014 4.57636 0.858631 0
0.12891 6.46643 0.581728 0
0.197685 -4.88199 0.111437 0
0.221405 -6.08507 2.67853 0
0.307497 -1.84423 2.06015 0
0.214238 2.0622 -0.79205 0
0.179601 3.82068 -1.04251 0
0.130499 3.09005 1.81584 0
0.708684 2.72369 -2.75028 0
0.53541 -7.57683 1.97574 0
0.389176 -6.13101 3.05575 0
0.269743 -4.80355 -2.84344 0
0.135285 -1.29994 -0.196043 0
0.0222986 3.32417 1.28396 0
0.889152 2.50183 2.47666 0
0.655717 2.85231 -0.575666 0
0.243938 3.66625 1.46239 0
0.943415 7.86406 -1.34426 0
0.480666 2.92267 1.25439 0
3.97191 2.00449 1.64593 0
0.521015 -0.0229785 -2.96336 0
2.95303 0.481168 -0.388251 0
1.64509 -0.321062 -0.555535 0
0.10994 5.08596 -2.22527 0
0.962371 1.7775 1.47426 0
0.234489 2.50426 -1.57069 0
0.206222 -6.60611 1.24802 0
0.0486375 -8.35323 2.55381 0
0.226521 -0.00852427 -2.88379 0
0.382581 0.913533 1.61027 1.11934943625677e-14
6.96213 0.855559 1.41095 1.1202750424629e-14
0.0660197 -1.49506 -2.33104 0
0.279253 -1.59249 0.363265 0
1.09173 -1.46345 1.34765 0
2.22432 -0.849463 2.58023 0
0.486101 -0.221147 2.79038 0
0.99063 -1.83888 -2.97192 0
0.411931 -2.89404 -2.46725 0
0.108234 -1.89042 0.119704 0
1.02292 -2.78766 -2.41392 0
2.56815 -2.46374 -2.69491 0
1.62602 -2.90978 -2.94159 0
1.06611 0.975738 -0.854861 0
1.27703 0.949392 0.205543 0
0.298007 -0.485414 0.873025 0
0.403733 -4.49955 -0.829911 0
0.442523 -5.5628 0.712527 0
1.02047 -4.93005 0.414705 0
0.788995 -4.36764 1.05186 0
0.806379 0.853383 -3.05123 0
1.43439 0.122805 -1.85182 0
1.47487 0.605915 -2.93345 0
0.82186 1.29984 -2.29858 0
1.14467 -2.36372 -1.01613 0
1.97773 -2.92279 -0.111674 0
0.689491 -2.0171 0.119454 0
0.627562 -3.65871 0.0589938 0
0.263306 -4.28074 1.207 0
0.823239 -4.89466 -1.03672 0
0.751178 -3.40789 1.53997 0
0.480305 -3.25665 0.857916 0
1.36742 -0.658412 -0.40663 0
0.178067 -1.68121 0.632213 0
0.891636 1.67073 -1.98447 0
0.39621 0.799488 -2.80341 0
0.107578 3.02836 -2.87648 0
0.651088 0.0596862 -2.08449 0
0.59762 1.09554 -1.64888 0
0.197578 -0.453378 -0.299655 0
0.608455 -0.266745 -2.76812 0
0.179179 0.713446 -2.17579 0
0.0724234 -2.76078 1.22769 0
0.645329 -1.88458 2.93365 0
0.264079 -2.57541 1.28086 0
0.561176 3.03631 -2.20579 0
0.496238 2.07247 -2.06865 0
0.296674 0.50193 1.23593 0
0.30381 -0.802785 2.56174 0
0.0544515 -2.52512 0.354577 0
0.633594 -2.66554 0.494691 0
0.355389 -2.68306 -0.939896 0
0.322756 -0.817505 0.791834 0
0.21056 4.26749 1.79008 0
0.582432 4.15695 -0.85994 0
0.36462 6.92057 2.87374 0
0.480124 5.93281 1.71353 0
1.46273 3.83575 1.4682 0
0.0385796 3.21791 0.0851827 0
0.829578 3.13706 1.83663 0
0.932986 3.08873 2.52578 0
0.45199 3.27293 1.39221 0
0.296734 2.87899 1.15697 0
0.472891 0.568726 -2.83032 2.23273739829081e-14
0.185614 1.35305 0.0359668 2.17788995070369e-14
0.42116 -0.284044 1.7201 1.20276688200709e-14
0.313926 -1.22578 2.26889 2.195033238448e-14
0.526303 -0.3409 -1.2633 4.79403674872278e-15
0.283883 -1.46541 -0.64205 1.89142853079504e-14
0.165403 -4.64236 2.16322 2.154765621754e-14
1.21717 -3.71308 1.04894 2.16797996476688e-14
0.125629 -3.32888 2.13603 2.18007976409293e-14
0.984544 -1.08126 -0.305254 2.00044445698606e-14
0.24989 -1.92076 -0.662856 1.98792065497459e-14
0.352209 -1.58755 -0.15012 2.09583896186068e-14
0.325791 -1.79493 1.63439 2.23229017798516e-14
0.65436 2.84133 -2.87662 0
0.857058 1.79891 -1.12805 0
1.51408 1.18929 -1.37052 0
0.819496 1.27277 -0.521985 0
0.515689 1.72367 -1.40572 0
0.637588 -0.900328 2.57317 0
0.268433 -2.60174 -2.63511 0
1.09678 -2.33607 0.46607 0
0.176247 -2.52019 -0.274802 0
0.144558 -4.49619 -1.44949 0
0.181828 -2.00089 1.70769 0
0.668111 -1.95283 0.20272 0
0.188075 -3.43592 1.26387 0
0.287594 2.18688 1.92174 0
0.306581 4.72755 -1.6113 0
0.532428 -2.05601 2.85722 0
1.50727 -4.58641 1.2753 0
0.214023 -3.89047 1.53065 0
0.491607 -5.75641 1.75157 0
0.606621 -5.81218 1.00522 0
0.79695 2.26446 0.115268 0
0.438583 4.81941 -2.93154 0
0.296159 1.93876 0.366945 0
0.172131 -2.26754 -0.00167625 0
0.185672 -4.59994 1.04612 0
0.628583 -2.60894 -1.93017 0
0.341674 -3.24573 -0.765954 0
0.490178 -0.86845 2.28644 0
0.481856 -0.440281 0.621086 0
0.300906 3.57873 2.17975 0
0.182098 1.81752 0.371554 0
0.275998 4.45862 2.51376 0
0.344396 2.64585 0.520765 0
0.400606 3.95842 0.393795 0
0.957959 3.77523 1.9837 0
0.161376 7.53617 0.513329 0
0.479653 5.94164 -0.516748 0
0.67634 3.71161 1.53376 0
0.261604 2.44992 0.443287 0
2.35068 2.26161 1.65005 0
0.468298 2.14881 1.87446 0
0.906358 1.61605 1.15699 0
0.0364422 3.1451 3.06632 0
1.56619 1.24057 -1.3456 0
0.264628 1.44065 1.80845 0
0.415912 1.27168 -1.62725 0
4.22905 1.0948 -1.23786 0
1.25051 0.403516 -0.618247 0
0.15065 0.0360977 -0.424034 0
3.6554 0.0187473 -0.633496 0
0.491291 2.09224 0.846612 0
0.0642004 5.72489 0.730984 0
1.05687 2.88137 2.07149 0
0.283138 4.23561 1.13742 0
0.824928 4.33759 2.93997 0
0.254032 4.3993 0.911415 0
0.486529 -7.92589 -1.16296 0
0.3638 -3.68399 -3.03879 0
0.0412547 -1.87937 -1.64497 0
0.354762 -2.07767 0.359129 0
0.330168 -1.74562 -2.85434 0
0.0741296 3.49238 1.81736 0
0.172997 -1.78968 0.663949 9.39581892513886e-08
0.0857469 -2.63327 -0.0461222 5.36329322192821e-08
0.13705 -0.108541 -3.14148 2.24260936992183e-11
0.454521 -0.332092 -2.90099 1.21948926010708e-11
0.223247 -4.54856 -2.63771 0
1.03837 -4.43667 2.97493 0
0.53119 1.36844 -2.46932 6.39396298621118
0.465925 -7.36506 -1.29221 0
0.230318 -6.26109 -1.32401 0
0.77473 -1.76216 -1.57808 0
0.404191 -1.90976 -1.56095 0
0.272462 -5.05674 2.1373 1.27838283593834e-05
0.419352 -4.91677 2.04706 4.21299529608221e-05
0.054412 -2.55811 2.90794 0
0.416386 -3.10232 2.2147 0
0.583112 -1.03256 0.449929 0
1.48253 -0.929147 0.163537 0
0.140297 -1.18194 -2.83728 0
0.554814 -0.109664 -2.5934 0
0.478839 0.753415 -1.38058 0
0.190383 -0.486473 -0.304064 0
0.61151 0.8965 -1.82268 0
0.545193 0.36944 -1.28516 0
1.3229 -2.55406 -2.23131 0
0.288341 -2.58298 -1.98557 0
0.152751 1.03556 -0.68289 0
0.575844 1.31769 -2.28708 0
0.144277 2.89511 -0.465113 0
0.179466 3.69159 0.964488 0
0.222157 1.54513 -0.723582 0
0.250558 2.39388 2.67508 0
0.2206 -1.12124 1.1344 1.80092642074973e-08
0.47736 -1.13274 1.14947 1.71961423092119e-08
0.217898 5.3136 1.86391 0
0.560599 4.9669 2.81773 0
0.109449 0.897784 -1.7248 8.81669742007417e-09
0.0278409 0.916032 -1.67152 8.79657022881328e-09
0.238255 2.35917 -2.6604 9.83939424514612e-08
0.122766 3.02976 2.1536 8.02882445387057e-08
0.419458 -0.887609 0.386479 0
0.259899 -1.72429 -0.929047 0
0.255347 -4.92154 -2.86517 0.572098971855275
0.147937 -3.8583 2.58867 2.86704622317356
0.216815 1.34734 -2.71092 0
0.411608 1.15228 1.5347 0
1.12042 -6.26079 1.35313 0
0.816941 -6.63871 1.16334 0
0.153067 -1.1094 0.407113 4.81563007428224e-08
0.1175 -0.195533 -0.987063 9.29756041131776e-08
0.397812 2.85627 -1.68818 0
0.193996 3.1197 -0.257928 0
0.494211 -4.84546 -1.67501 0
0.306925 -5.00485 0.821456 0
0.267238 -3.36485 -1.14161 0
0.222142 -2.03942 0.0803147 0
0.308448 -2.86597 2.1508 2.93568682843007e-08
0.354882 -2.86235 1.88319 1.36171380429594e-08
0.207813 6.2831 0.107547 0
0.598389 6.56061 1.0218 0
0.269663 -0.2446 -0.808139 0
0.708143 0.401206 -1.29275 0
0.738626 0.844419 -0.5986 0
0.568191 0.835981 -1.23283 0
5.71062 -0.0149228 -0.755649 1.98684485359717
0.0784776 4.57883 0.815742 0
0.54208 3.0327 1.38313 0
0.15867 -5.02907 2.6198 0
0.184337 -5.14927 0.999487 0
0.327247 -1.17519 -1.00661 4.30811652848889
0.0859181 0.0423306 0.194482 29.1231686758921
0.538709 2.45951 -1.07937 0
0.708329 2.87858 -1.54759 0
0.553577 0.33716 -1.72454 66.9056020072406
0.361423 0.994703 -2.36783 70.4467033252875
0.297161 6.14432 -2.25324 0.367645370322597
0.199573 6.40628 -0.278392 0.421838058687054
0.463095 -2.14292 0.863983 2.18862404951591
0.0573745 -2.70213 2.54606 10.1403482139782
0.136862 -4.44266 -0.190236 2.38160740856258
0.0369776 -3.17795 2.08242 31.0967828214703
0.0982016 3.85956 -2.85187 22.1488202149084
0.241295 4.58427 0.554353 4.3680077500734
0.291197 4.37075 1.55352 6.55045825038514
0.218112 4.74582 -0.284031 6.00557436566716
12.1461 0.75492 1.17666 0.349307484638057
2.02178 1.03343 1.30877 2.97330992824801
0.37218 0.879991 1.01596 18.164879645068
0.470126 -1.63622 0.367569 0
2.11986 -2.23124 0.467678 0
0.0491246 -0.59342 2.76448 3.05160015253494e-05
0.0371115 -0.100493 2.63277 4.71012026987413e-05
0.330888 0.968648 0.826679 1.71768780904536e-14
0.31035 -0.815608 1.6684 1.90664111404236e-14
0.0695204 0.303804 -1.09479 3.64272129507772e-05
0.0584105 0.827261 -0.892671 3.44911078738733e-05
1.60613 0.772091 1.32135 0.0567899154877263
3.99407 0.240129 -0.511485 1.73496908079618
6.81408 0.0979395 -0.589937 0.614329914796093
2.62889 0.649645 1.34997 0.568014843155807
5.46123 0.752097 1.25231 0.255588902929305
3.11407 0.216831 -0.569122 1.40835621190632
