0.0622336 8.53809 2.65544 0
0.126615 3.71771 2.01731 0
0.816222 -1.69574 0.841667 0
0.399757 -0.546796 2.87962 0
0.909484 -0.371058 -0.736506 0
1.72125 0.0507015 -0.39644 0
0.367103 -8.09627 -1.69657 0
0.292821 -9.26721 -2.04971 0
0.259838 3.67809 0.702274 0
0.822061 3.53528 0.259905 0
0.864767 2.69868 -0.232778 0
1.93942 1.46753 0.260003 0
0.339321 0.371321 -0.254732 0
2.50436 -0.747458 -0.872128 1.02136780659055e-12
6.0978 -1.12882 1.64264 5.75216534786783e-13
5.7132 -0.9682 1.71734 6.78481457291432e-13
1.68395 4.6999 -1.50183 0
0.751957 4.20096 -0.0868308 0
1.1767 3.95738 1.68064 0
1.00714 2.83788 1.44528 0
8.46245 -4.37572 -1.76095 0
1.73032 -4.09001 -1.50378 0
3.20599 -4.41302 -1.20147 0
0.508849 -4.32463 -1.16173 0
1.47985 -4.12319 -0.739127 0
0.225169 -5.55258 -2.93667 0
0.401762 -5.56513 -0.43309 0
0.687113 -6.12539 -2.17014 0
0.413361 -3.71223 1.79937 9.58382858496213e-14
0.571535 -1.98357 2.13927 1.8180516445579e-13
0.867788 -2.33236 1.94188 7.78598009844498e-14
1.91279 -0.924629 1.32839 6.94156107790581e-13
1.47195 -2.26314 1.98034 9.56327015198338e-14
1.6249 -1.47566 2.78714 4.45962400234706e-13
0.263527 -3.28006 -1.4052 2.38523716736424e-13
0.273826 -3.80999 -0.272827 1.81993669952107e-13
0.956984 -2.75752 -0.972958 2.91586728263001e-13
0.576919 -2.0087 -2.38253 4.01882264162453e-13
1.4578 3.6686 -1.56145 0
0.179405 3.2998 -0.052758 0
0.476333 2.99908 -1.47864 0
0.383531 1.58522 1.02782 0
0.534246 -0.493851 1.85103 0
1.19522 -1.85672 -1.54419 0
0.802464 -1.30125 -1.06999 0
0.679242 -2.74466 -0.111112 0
0.411921 -1.67251 -2.2791 0
0.992511 -1.10908 -0.535618 0
1.20248 -1.32357 -2.42614 0
0.575871 -1.1304 2.46946 0
0.347499 0.684697 1.65937 0
1.02177 0.419483 -1.76877 0
0.506453 4.35876 -1.46805 0
1.15428 3.62446 2.52164 0
0.215196 4.72834 2.03715 0
1.08893 -0.388239 -1.25379 0
0.46346 -0.549941 -3.12006 0
0.250767 1.58034 1.96686 0
0.613112 2.54642 -1.05232 0
0.451829 2.33707 -1.82287 0
0.313943 3.57699 2.4865 0
0.597174 4.60169 2.73789 0
0.0523322 6.09323 0.365112 0
0.105354 2.6835 -1.28726 0
1.00508 3.08421 -0.49432 0
1.0134 3.41646 1.26454 0
0.195737 2.53733 -0.887719 0
0.359345 2.154 0.0114416 0
0.501377 1.99268 2.38487 0
0.223165 1.87236 -2.49569 0
0.613278 2.71313 -2.89713 0
1.45599 2.16636 -1.26067 0
0.863005 2.27089 -1.77065 0
0.189676 2.04083 -0.789686 0
0.89933 1.48417 2.97645 0
1.8596 0.307 0.595955 0
0.745554 0.372052 0.404881 0
0.458856 0.616069 0.972552 0
0.790787 3.51274 -0.473395 0
0.417111 2.22137 -0.794211 0
0.285366 0.547115 -1.94712 0
1.10807 -0.75126 2.91887 0
0.205356 -2.79603 -2.60605 0
0.617962 -2.18588 -1.40683 0
0.376621 -2.69928 1.96644 0
0.677111 -4.08708 1.52212 0
0.541671 -3.77046 0.908355 0
0.365811 -4.2244 1.85155 0
0.25804 -2.7379 1.01018 0
0.62725 -3.23007 0.759767 0
0.0608428 -3.2405 -2.8141 0
0.105978 0.599784 -2.1012 0
0.601375 1.401 -2.47334 0
0.0269823 6.53956 -0.705757 0
0.607026 5.97918 2.35138 0
1.38968 5.34528 1.67323 0
0.564966 4.92772 -2.5479 0
0.328817 -4.02543 0.868732 0
0.165178 0.725688 -1.4356 0
0.490795 0.721924 0.511672 0
0.600981 2.52699 -0.560284 0
0.148891 1.88985 0.888802 0
0.412894 3.69445 -2.78119 0
1.40702 -2.60518 2.56128 1.23355209646318e-13
1.60499 -2.58573 2.21859 7.32869395971095e-14
0.217569 3.92852 1.57171 0
0.28011 -2.98065 0.582287 0
0.346846 -1.4596 2.3475 0
0.759656 -0.412717 -1.15788 0
0.272821 -4.97287 -2.30825 0
0.474557 -5.63794 -1.84479 0
0.13259 0.887966 2.45982 0
0.686672 -0.701191 -1.55588 1.05349048438074e-12
0.790158 -1.08161 -0.871496 8.45532081201083e-13
2.5503 -0.0994573 -1.55947 1.21252329029044e-12
0.565065 -1.03587 -2.28215 8.45845919775192e-13
2.54175 -1.03259 1.42218 6.44383611920607e-13
4.6339 -1.04325 1.59712 6.30709240148047e-13
5.83978 -0.998083 1.74647 6.58543990641715e-13
8.31456 -1.01561 1.63824 6.4792483451368e-13
3.10586 -1.18701 1.63427 5.39543340071265e-13
0.996047 5.71229 -0.464897 0
0.571907 6.32338 -0.728339 0
1.04497 6.33154 -1.02701 0
2.02662 5.87913 -0.486454 0
0.693848 6.47526 -0.283311 0
0.687481 6.10417 -0.106521 0
0.245418 6.22035 -0.614189 0
1.04219 5.01378 -1.17136 0
6.13127 -4.52587 -1.7004 0
5.57479 -4.44394 -1.8302 0
5.08533 -4.32625 -1.69354 0
1.305 -4.56514 -1.7499 0
0.964213 -4.30642 -1.56512 0
1.80447 -4.34932 -1.00831 0
0.458875 -5.38541 1.40601 0
0.333391 -4.96442 -2.5771 0
0.364777 -5.03662 -0.403646 0
0.262224 -1.04482 2.54011 6.42692909255971e-13
0.156277 -0.950682 0.6419 7.41882849271087e-13
0.886984 -2.70959 2.72655 1.38685368755719e-13
0.0625749 -4.52571 0.843234 1.39114959229889e-13
0.435042 -3.85963 2.48409 1.19237519753501e-13
0.643738 -1.66023 -0.674832 5.41878307985431e-13
2.18045 -1.05559 -2.764 7.50393074148707e-13
0.326545 0.0470085 -0.208789 0
0.193151 -1.89654 -1.38746 0
0.20076 0.598316 1.31215 0
0.392983 -1.32886 0.571569 0
0.0661293 -2.07369 2.60092 0
0.558472 -0.201016 -0.519932 0
0.265352 -1.62829 -0.284709 0
0.297353 -1.31581 1.00624 0
0.511633 0.748858 2.24247 0
0.0574572 2.67548 -0.907469 0
0.567729 1.73137 -2.39224 0
0.203887 6.95639 3.08727 0
0.100122 0.202271 -1.42216 0
1.06891 0.754369 -1.9746 0
0.937426 1.09799 -2.17371 0
0.353405 2.17389 -2.30459 0
0.465588 2.34442 2.87727 0
0.0890628 2.02687 -0.153452 0
0.358628 3.46528 -1.55467 0
0.548166 4.17893 -1.7504 0
0.821126 4.03578 -2.97379 0
0.313983 3.05932 0.744259 0
0.613309 4.14756 1.94456 0
0.719732 3.44615 0.259673 0
0.41497 3.01757 1.55193 0
0.468695 1.70098 0.590792 0
0.556113 2.48327 -0.557868 0
0.239249 3.05396 -2.95074 0
0.201438 3.12813 1.53393 0
1.64248 1.93879 1.96034 0
0.247404 2.69232 2.10094 0
0.4934 1.4591 0.920674 0
0.24258 1.77525 -1.00268 0
0.428491 2.86771 -1.67011 0
0.713542 2.11199 -1.35319 0
0.410213 2.94088 -1.16968 0
0.365817 0.908357 2.3858 0
0.82632 0.619142 -2.61088 0
0.616722 1.54563 -0.473376 0
0.154246 3.25969 -1.67998 0
1.05804 2.01348 0.151432 0
0.277491 3.78269 -0.645659 0
1.0373 2.64252 0.48535 0
0.770667 3.41404 -1.00816 0
0.117249 3.97113 1.60626 0
0.0893747 2.83246 0.754037 0
0.54112 0.0942651 2.90147 0
0.601393 0.703104 1.5114 0
0.652932 -0.625687 -3.03031 0
0.326585 -1.58277 -2.75298 0
0.4272 -0.772681 0.964131 0
0.669877 -4.60464 -0.122135 0
0.720476 4.48231 -2.0014 0
0.729563 -4.80379 0.0302128 0
0.334765 -5.63453 -1.0068 0
0.083645 2.59449 0.466965 0
0.414336 2.31937 -2.16103 0
0.385421 2.65937 1.50467 0
13.7284 -2.86855 2.10542 0.207287746363935
0.0844569 -3.11654 2.91649 0
0.505353 -3.33569 1.85036 0
0.0597483 0.722879 0.123833 0
0.363363 -1.15893 2.53622 0
0.0666074 3.5904 -0.737088 0
0.209862 0.790236 0.727227 0
5.80788 -1.21513 -0.794332 0.03151277768755
0.229054 6.77023 -0.707933 0
0.279179 5.62023 -0.00580179 0
0.223157 -4.0831 -2.26626 1.78761529204908e-13
0.317092 -3.92547 -0.266688 1.78102765692298e-13
0.832342 -1.78338 -2.15156 3.51203642924607
0.698257 -0.760257 -3.00572 0
1.70883 -0.571138 -2.85802 0
0.278886 1.21671 2.15684 0
0.150065 2.28004 -2.38157 0
0.105911 7.69036 1.67313 0
0.282538 8.03394 -2.81519 0
0.239474 8.20302 -2.50781 0
0.272713 8.2829 -1.55891 0
4.67938 -0.349922 -0.976504 3.36846077858155
0.137813 5.19528 0.959825 0
0.224673 4.01168 -2.525 0
0.260064 4.82036 -2.24961 0
0.130393 3.99755 1.12659 0
0.187334 4.75687 -1.18543 0
0.482048 3.38214 -1.0231 0
0.780153 0.887499 -3.09271 0
0.178155 -0.0887292 2.96147 0
1.41869 0.65713 0.518235 3.94175562376672
0.433296 0.400331 0.567344 14.5893624941145
0.168939 3.71618 -0.736397 0
0.344936 3.20691 -0.181453 0
0.484221 -4.54162 -0.634837 0
0.19523 -4.30572 -0.00651446 0
0.330966 4.75275 3.00063 0
0.192023 5.25342 -2.04233 0
0.337613 -4.81648 -0.328435 0
0.117825 -5.71231 -0.863147 0
0.125487 -5.20618 0.15392 0
0.312652 -4.41653 1.71611 0
0.047963 4.95512 -0.859304 7.14061600821606e-06
0.315891 4.96888 -0.856022 7.08093692475664e-06
0.492239 -4.33198 -1.72703 2.18910904353344e-06
3.19532 -4.32908 -1.72662 1.58525878364874e-06
1.55251 -1.1946 1.49918 3.22029680649723
0.451292 -1.012 1.11256 12.8487384078043
1.17067 -0.284237 3.13837 58.0002730303586
2.54663 -0.508435 -3.10843 24.4306899632261
0.094365 2.99803 -0.981664 17.3142052034341
0.331825 3.14036 2.29765 4.30179074632919
0.240744 2.58662 -0.43827 1.69219963992543
0.235816 2.42922 1.62961 2.01629520093474
1.41418 0.166048 -1.01743 1.2180734394058
0.147247 -0.327575 -0.964736 11.2110822245572
0.0887048 -0.84181 -1.61801 6.70472357480546
1.2781 -0.580008 -1.3441 0.540387178039421
0.335732 -1.22624 -0.634414 23.7343324799325
0.746828 -0.492153 -0.962171 17.5469225513229
0.212805 1.5694 -1.71976 14.1550685416561
0.310658 0.407608 -0.671716 22.3587705443026
0.0798953 2.59841 -1.31366 0.444055278356954
2.67775 2.47831 0.649033 0.069698975597694
13.2228 -1.276 -0.925463 0.0159443878834028
1.43429 -1.30273 -0.901602 0.0177432960265531
0.638236 -2.11256 -1.94649 2.28856542015329
0.15506 -1.78947 -1.08708 12.859056521511
2.1332 -0.561999 -1.10904 0.477996856910523
0.540385 -0.601373 -0.914537 1.84582170647812
1.42083 -2.67856 2.01895 0.137977285787969
0.379786 2.45882 -1.15247 0.45737459024484
0.544105 0.998827 -0.794151 1.32275733527863
10.0835 -2.71867 1.97241 0.209518018262857
4.62715 -2.75833 2.02758 0.0990524741696056
