0.233848 7.84007 -0.0806095 0
0.463847 -7.42633 2.13629 0
0.649546 -7.38117 -0.887435 0
0.597704 -8.51871 1.75408 0
0.162106 -5.51172 -2.53944 0
3.2322 2.81871 2.55348 0
0.14067 3.9661 2.38376 0
0.473138 8.85786 -2.83974 0
0.320387 6.80858 0.516037 0
0.574981 6.91962 -0.920572 0
0.313296 4.00839 0.262509 0
0.573114 -2.81477 -1.0323 0
0.387787 -5.63341 3.08464 0
0.564156 -7.14885 -0.633237 0
0.384892 -8.66886 -1.20897 0
0.272976 5.60669 2.90255 0
0.234056 7.81026 2.90287 0
0.782981 7.58843 -0.268203 0
0.57106 -4.57046 -1.87801 0
0.240259 -0.882111 2.10859 0
0.218935 -1.83473 -0.917183 0
0.549433 7.28323 -0.418906 0
0.20059 7.45769 1.17681 0
0.366027 -1.03284 0.786027 0
0.238688 -2.48049 -2.91656 0
0.289964 -4.55678 2.09449 0
0.464489 -4.76248 -1.26213 0
0.361269 -7.40634 1.11378 0
0.373374 7.48596 0.520941 0
0.199833 8.23407 0.725387 0
0.260269 -4.53489 2.3319 0
0.0340507 -5.6105 0.369667 0
0.165613 4.60334 0.911931 0
0.276871 4.31833 -0.192491 0
0.56438 2.36223 2.40476 0
0.262894 2.02439 -1.52861 0
0.267876 -0.606364 1.19119 0
0.143425 -0.68457 -1.99215 0
0.559778 -2.59393 1.40462 2.39971895671619
0.0315078 -3.31068 -0.0542811 21.0379903126623
0.404803 -0.254961 -2.41289 24.3846748953028
0.337268 0.124208 2.77072 29.9554488905429
