0.267365 -3.11995 0.304214 0
1.52005 -3.24677 2.09315 0
0.397676 5.8822 0.774935 0
4.02244 -0.13952 -2.76715 0
4.2339 -0.360321 0.375276 3.75235586575523e-13
0.694473 5.75905 -1.38114 0
0.193856 7.58097 0.74586 0
0.533431 5.45229 0.241998 0
2.3914 -0.54134 0.82386 3.49201275195107e-13
1.69573 -0.0504342 0.994955 3.19983441963246e-13
0.581532 -0.076933 0.794654 3.52202018756437e-13
0.560831 0.667382 -0.974096 0
0.591116 0.754624 2.35631 0
0.406348 -0.983287 1.58071 0
1.10335 -1.08969 -2.33197 0
3.61581 0.131385 0.636048 0
0.272215 0.584097 0.280799 0
0.540657 1.15151 0.241322 0
1.1684 0.546011 1.22999 0
1.41387 0.485248 2.15958 0
1.0562 1.1463 -1.20299 0
0.180797 2.69947 -1.25635 0
2.09365 1.73355 -1.35239 0
1.37721 1.74938 0.708479 0
0.243114 -0.0700226 0.593477 0
1.15433 1.8772 -0.124487 0
9.29795 0.504319 2.27197 2.94502609310137e-13
3.41413 1.41423 2.39902 4.84408216132833e-13
0.0708093 2.96967 -3.09556 0
0.494301 2.31283 -0.32596 0
0.0707688 4.53964 -0.0146462 0
0.328407 2.92928 -0.247016 0
1.12267 3.28935 -0.0521194 0
0.32526 4.5008 -0.729452 0
0.217263 1.72277 -0.618486 0
0.603636 4.65663 -0.649385 0
0.324312 4.29167 0.61515 0
1.81564 4.76694 -0.471731 0
0.684939 4.41659 -0.694114 0
0.452776 3.47047 -2.79338 0
0.386902 3.54422 2.15547 0
0.687631 -3.64514 -1.54093 0
1.50618 -3.35687 -1.15987 0
1.26369 -3.44216 -2.19339 0
1.64289 -4.41113 2.10631 0
1.36118 -2.90139 -1.29355 0
0.207301 -2.98969 -0.113048 0
0.287558 -2.42227 -2.44727 0
0.0293786 -5.25937 1.81656 0
0.707301 -3.51543 1.08567 0
0.672119 -2.91947 -2.95433 0
0.517698 -1.5253 -0.773095 0
0.430906 -3.54293 1.13349 0
0.296637 -3.04515 -1.96058 0
0.0879592 3.00158 0.129848 0
0.23877 2.90288 1.71038 0
0.554323 4.39375 -2.74203 0
0.369698 4.62092 1.4399 0
0.500318 2.05562 1.30294 0
0.367346 1.35463 0.0303342 0
0.401202 -2.94825 0.55795 0
0.936703 -2.93186 -2.29632 0
0.808748 -7.08551 2.28468 0
0.506871 3.24462 -1.18224 0
0.252328 2.85419 -2.74944 0
0.241576 2.70587 -1.74911 0
1.07502 -1.76928 -1.03081 0
0.76178 -3.67167 2.20303 0
0.901943 -5.93238 -1.0572 0
0.389243 -5.80667 0.975008 0
0.14594 -5.21629 -0.703551 0
1.99335 -2.80905 0.751602 0
0.204767 -3.22891 2.35651 0
0.309654 -4.36224 1.9627 0
0.413914 -3.56668 2.59637 0
0.28813 -3.20618 -2.61146 0
0.263301 5.34329 -0.792579 0
0.218258 3.49401 1.56275 0
0.303559 1.60499 2.87892 0
0.496433 -1.17202 0.652897 0
0.167844 -3.37606 -2.59934 0
0.347687 -1.36544 -2.43882 0
1.00269 -4.24107 1.78414 0
0.835755 -4.62379 1.86979 0
0.307961 -2.41068 1.38935 0
0.259293 0.664583 2.15141 0
0.363043 5.88965 -2.89469 0
0.1224 6.66749 -1.15361 0
0.662347 -4.73497 1.56069 0
0.256101 -2.28592 -1.89657 0
0.67322 -0.693212 2.2164 0
0.394167 3.39971 0.920805 0
0.204752 4.30247 2.03295 0
0.16929 6.11214 -0.00184875 0
0.535991 7.51942 -2.18337 0
0.136433 9.45501 1.74452 0
11.3576 -0.211859 2.00476 7.20518662266849e-14
0.617099 4.60214 -1.49168 0
0.41095 6.74925 -0.648346 0
0.566998 0.170999 -2.92364 3.67432413258533e-13
0.829689 -0.903864 1.04555 3.33124417344151e-13
1.09284 -0.00144378 1.18121 2.79661504578609e-13
0.520435 -0.190512 0.273924 3.71240699996971e-13
0.8295 0.695195 0.787486 0
0.11725 -1.69908 2.467 0
1.16389 -0.338117 -2.3612 0
0.830304 -0.977501 -0.891228 0
1.68952 0.294753 -0.0506565 0
0.0604116 2.05933 1.31648 0
0.220248 2.01012 2.91424 0
0.297077 1.15639 -0.348797 0
0.285211 2.46574 1.00605 0
0.513596 0.429923 2.69761 0
0.405095 -0.537253 0.65074 0
0.133485 0.0064333 -0.91527 0
1.57352 -0.419884 0.475501 0
2.66896 -0.421036 -0.0290117 0
3.00897 -0.430741 0.258771 0
4.50446 -0.337853 -0.00122173 0
1.42992 0.335609 2.29126 2.37207754689599e-13
0.759946 1.05075 2.14471 4.30894650884564e-13
2.36492 1.24876 2.51453 4.74736249857519e-13
1.11279 1.09826 2.54254 4.60225538059095e-13
0.827968 0.829785 0.160476 0
0.485047 1.71171 -0.44487 0
0.148885 3.69097 1.03946 0
0.653663 4.53418 -1.06973 0
1.07523 4.19738 -0.642119 0
0.51744 4.38581 0.328077 0
0.692534 3.93765 -2.78361 0
1.54018 3.19164 2.81616 0
1.54879 2.78892 1.47625 0
0.231789 0.545183 2.19391 0
0.162324 -0.388367 1.08601 0
5.2089 -3.43198 -1.26935 0
1.23667 -4.23075 2.79543 0
1.00849 -2.81157 -1.84301 0
1.27603 -2.35581 -2.44576 0
0.373738 -4.20148 -2.91315 0
0.458078 -1.31488 -0.862127 0
0.299852 2.49382 2.00603 0
0.53091 2.27052 -1.89267 0
0.303174 3.05036 -0.88474 0
0.274656 3.32213 -3.01962 0
0.174988 -0.979981 2.51841 0
0.287073 -2.68822 1.68671 0
0.282662 -1.15451 -0.173267 0
0.0935688 -3.78214 -1.52147 0
0.755876 -3.64588 0.564189 0
0.359495 -6.40629 -0.684959 0
0.267059 4.96892 -2.30177 0
0.465977 -0.840964 1.56635 0
0.676656 -6.43849 -0.975773 0
0.782588 -2.61928 0.41041 0
1.23521 -2.91165 0.574092 0
0.542775 -3.49371 1.76209 0
0.525376 -2.71375 -2.36455 0
0.350072 -0.0442837 -1.9535 0
0.418346 6.86544 0.565971 0
0.418159 5.09238 -0.9562 0
0.274434 3.94082 -2.15612 0
0.397001 4.84432 1.70783 0
0.325142 2.38102 -1.4534 0
0.42122 -2.06935 -1.52732 0
0.413451 -5.09039 -1.69741 0
0.53886 -0.596672 -0.0520634 0
0.777213 6.01945 -2.53139 0
0.214265 5.14706 1.27157 0
0.334352 6.80878 1.97025 0
1.32085 5.15361 2.47016 0
0.350138 3.46632 -1.88058 0
0.360301 -4.05863 3.08287 0
0.780338 -3.57933 1.07741 0
0.331788 -2.31685 1.27479 0
0.626274 -1.49857 -1.8611 0
0.0849464 5.53071 1.14345 0
0.443239 7.16359 0.546367 0
4.96472 -0.116491 2.08192 2.98284798685436e-14
11.6907 -0.0968159 2.10809 3.63152428307511e-14
1.97519 -1.01982 -0.391968 0.416226800316191
0.435519 -0.894492 -1.03405 0.394063166124981
0.0663742 -0.716816 -1.51332 2.80809740113047e-13
0.521222 -1.0132 0.609964 3.69312096369525e-13
0.225126 5.51923 0.82775 0
0.204981 5.24579 -2.54849 0
0.157821 -1.52567 -1.52112 0
0.0884552 -1.45412 1.52113 0
0.80374 -0.5107 0.438442 3.00374838488135e-08
0.442206 -0.219378 0.317617 5.0021881824028e-08
0.566875 0.0193061 -0.0580667 3.85121133561882e-05
0.0656315 0.00794719 -0.0716885 4.51966395477599e-05
0.408011 0.148525 -0.771755 1.23692328577852e-07
0.184212 0.150906 -0.88142 1.40266503620512e-07
0.356011 -0.225875 -1.76945 0
0.254491 0.828551 -1.39294 0
0.730716 3.47085 -0.414923 0
0.270535 3.77374 -1.02927 0
0.0106062 1.09258 0.571572 1.5853436432168e-07
0.184899 0.988942 -2.40078 5.72086805564071e-08
0.39619 0.707651 -3.09966 0
0.0175557 3.57545 -0.990012 0
0.444592 -0.0164075 1.89791 7.42598190784599e-10
4.87609 0.255738 2.12723 8.88594458195904
0.982597 0.362213 2.07291 43.0111005288211
1.80477 3.54085 -2.414 0.0850317646766899
2.65055 3.87133 -3.10257 0.0416584918271241
0.761215 3.68712 -2.9007 0
1.53554 3.60065 -2.70338 0
13.5592 -3.43572 -1.29977 0
18.5956 -3.45276 -1.30329 0
1.73013 -3.57627 -1.28918 0
3.07618 -3.43987 -1.31696 0
0.448748 -0.282032 2.16847 0
0.194107 0.34645 2.70726 0
0.147399 0.981337 -2.86258 0
0.397407 1.93609 -1.50641 0
0.16842 2.13279 -0.626749 0
0.341459 0.994408 2.34533 0
0.0403247 2.70153 -2.96916 0
0.273499 0.484386 -2.57517 0
0.142859 -2.39165 0.895946 0
0.297122 -1.86299 -2.38057 0
0.161509 -2.66127 -0.505212 0
0.350148 -3.17458 1.05541 0
0.804953 -3.35608 1.19706 9.31773778345845e-08
0.194508 -3.14541 1.15274 1.2583366624971e-07
0.32356 -3.42148 1.23016 0
0.0377073 -3.67686 -2.9768 0
0.0762416 -1.45942 2.41231 0
0.19382 -2.91564 -2.42936 0
0.238218 0.0480219 -2.24156 0
0.420908 0.555758 -1.16954 0
0.222349 3.22157 0.655297 9.2428708545529
0.154492 3.18849 -2.72714 0
0.2354 2.50505 -0.433125 0
0.112981 6.08801 -0.584377 0
0.208262 4.18417 -0.983274 0
0.193996 -1.3883 2.42888 18.2929344045701
0.546278 -0.950181 -2.62816 9.28718842333596
0.274094 0.839293 -0.482008 39.6904613929066
0.669451 1.23632 0.315031 11.9122543807923
0.365882 1.55209 -1.74539 2.6528995560732
0.664174 1.40935 -0.908582 1.65567753519132
20.3718 -0.175734 2.075 0.0469363433113137
39.9864 -0.148271 2.08021 0.0990262590604015
2.86209 -0.475588 -0.827847 0.179251711142153
0.581532 3.20555 1.56776 2.80187391065207
4.83296 -0.0653613 1.73483 0.0875751217878725
2.04117 0.318284 2.13941 0.197714807628971
0.115757 1.08986 2.10043 3.0239267773256e-05
0.0610644 1.04279 2.14372 3.17643049656364e-05
0.692344 3.64769 1.34079 0.147877788423923
20.9698 -0.0554894 2.1114 0.0508577029391993
2.19661 -0.504377 -0.663449 0.0771774995440609
0.24425 4.99297 0.797468 0.024966804971704
1.23339 -0.385753 -0.644077 0.330267441027052
1.01678 4.79392 0.221986 0.512392674650321
0.606657 5.38254 1.38668 0.446794139572421
