0.31447 8.84012 2.47668 0
1.2505 6.38964 -1.37542 0
0.726023 8.73869 -0.868762 0
1.27577 -3.0825 -2.92916 0
0.223774 -4.42833 -1.38139 0
0.275257 -5.84621 -2.83662 0
0.0667999 -3.2755 0.968517 0
0.6848 -5.59369 1.20904 0
1.29751 -0.250415 1.19596 0
0.551878 -2.27078 -1.10599 0
0.365865 3.44723 1.12813 0
0.351349 -4.89129 0.658032 0
0.206639 -5.08305 -1.52153 0
0.747985 -2.72591 -0.442845 0
1.38655 -3.34193 2.28023 0
0.926405 -4.13143 -2.55198 0
0.696067 -1.31293 -2.64143 0
0.504288 -2.21454 1.49292 0
0.7284 -0.889056 -1.30195 0
1.68862 0.575729 -0.167258 0
0.272468 3.15217 -2.86597 0
0.876071 1.41303 0.420518 0
0.476003 3.24728 1.73568 0
0.0976878 3.5369 -3.04171 0
0.344722 3.84493 -0.872437 0
0.490614 7.24802 -1.57914 0
0.451423 6.85902 0.161166 0
0.994814 -4.23617 -2.56958 0
0.124199 -6.3119 -0.286756 0
0.721896 -4.78579 2.69507 0
0.296865 -0.162318 -2.01556 0
0.438879 -1.89235 0.790907 0
0.238108 -3.30487 1.6808 0
0.223653 -4.51275 -0.715441 0
0.498841 -4.85689 -0.510361 0
0.324616 -0.632992 -3.05859 0
0.469249 -0.909459 0.88173 0
0.802094 -1.38377 0.235335 0
0.323173 -0.734316 -0.600376 0
0.960807 -1.94543 0.525479 0
0.352786 -1.01188 2.18284 0
0.289342 0.708861 -0.263615 0
0.521667 -5.1572 2.51441 0
0.285422 -3.97554 -3.10768 0
0.54156 -1.51794 -0.553845 0
1.68548 0.418312 -0.45292 0
0.257098 1.35376 -0.348787 0
0.288441 1.52428 2.03348 0
0.932523 0.466491 0.216923 0
0.214593 4.1446 -2.85454 0
0.663518 2.78186 -2.96856 1.2088671795332
0.814793 2.65793 2.68515 0.0933878589893261
0.846431 3.32492 2.90464 0.056598326916579
0.337252 1.98171 -2.16386 1.08198995479187
0.101183 3.65573 -2.816 0
0.82097 2.15501 -3.07162 0
0.247283 2.25333 -2.11164 0
0.186724 1.01194 -1.12966 0
0.295641 -7.22576 2.28783 0
0.240471 -6.97357 -2.85182 0
0.784716 -0.802541 0.896037 0
0.450017 -1.31648 0.130689 0
0.140235 -0.733415 0.361971 0
0.425341 -1.6144 1.08975 0
0.30615 -1.00851 -0.716088 0
0.229932 -0.80678 1.22521 0
0.200745 -3.27607 0.695191 0
0.321312 -2.61627 1.9076 0
0.362601 -0.753698 -0.634753 0
0.134281 -0.856184 -2.33495 0
0.489137 0.876674 -0.0510453 0
0.523621 0.630052 -0.609177 0
0.389569 -4.17091 2.34592 6.13847167435263
0.33037 -3.72838 1.26329 11.2396285106206
0.794725 1.56508 -2.36221 6.96188117985921
0.0235699 2.50002 2.8677 94.4602444400149
1.11399 4.19877 2.342 0.0537558604183073
0.809619 3.66293 0.98145 0.143004879239989
0.30568 3.38472 -1.2343 6.24504679680747
0.578285 3.3324 -2.23372 3.43662096562755
