0.97912 -5.22579 -2.58403 0
0.991852 -3.79305 0.485712 0
0.156716 0.643033 2.30039 0
0.471691 2.11323 -1.2945 0
0.387008 4.15999 1.1985 0
0.762886 3.80998 -2.5373 0
0.379743 4.8438 1.63386 0
0.52293 0.252531 -0.858991 0
0.477886 1.42924 -1.61117 0
0.492716 0.995541 2.8629 0
0.334098 -1.25985 -0.811248 0
2.12951 -0.362872 0.560002 0
0.222365 -0.559936 2.17699 0
1.13181 1.01221 0.290108 0
1.81897 1.15228 -0.156182 0
0.202813 2.10871 -1.06218 0
1.58257 2.04699 -0.984183 0
0.365894 3.23114 -0.0906704 0
0.662213 3.83233 -2.09558 0
0.870761 4.54157 1.21133 0
0.235164 4.61483 2.81446 0
0.329123 2.71408 2.8454 0
0.187675 3.01318 -2.74277 0
0.690194 2.64478 0.859681 0
0.794519 0.679488 2.56718 0
0.226293 0.0972516 1.51317 0
0.366167 -1.96781 -2.21225 0
0.271867 -5.10327 -1.07446 0
0.809092 -5.24221 1.33143 0
0.581914 -5.18299 -1.81372 0
0.258469 -4.0035 -1.06038 0
0.345157 -6.65139 -0.58762 0
14.3951 -0.772594 -2.09501 7.57311924641377e-16
4.41199 -0.187897 0.579425 1.34793836756958e-15
1.03035 0.492868 0.729358 1.07089865504318e-15
7.26011 -0.197821 0.82105 1.34600169043309e-15
0.364408 -4.60624 -0.897948 0
0.111785 -4.78108 1.1863 0
1.24719 -3.57103 1.42472 0
0.193564 -5.2499 -2.72537 0
1.04196 -3.13942 1.37445 0
0.337731 -2.76747 -0.679772 0
0.628775 0.00293575 -1.50196 0
1.13301 -0.898537 -1.06676 0
0.59173 -1.86122 -1.46395 0
1.02819 -3.1857 -0.66046 0
0.32521 -3.62008 1.18799 0
3.145 -4.32173 -2.01554 0
0.0420987 -6.13639 -0.223058 0
0.0297326 6.75915 1.75441 0
0.138206 4.62332 -1.5751 0
0.380539 5.18989 2.4152 0
0.377174 5.42744 2.35993 0
0.498577 -0.934249 1.24886 0
0.12918 4.35566 -2.81517 0
0.428461 1.26225 -1.71105 0
0.173213 4.12599 -2.26403 0
0.24543 7.33862 -2.31259 0
0.534602 4.57895 2.04163 0
0.558036 2.35836 1.07407 0
0.339928 1.49132 0.136817 0
0.423955 0.932534 1.09309 0
0.128918 -4.43558 0.170806 0
0.378283 -6.80863 -0.407574 0
0.32444 -7.32182 -3.13793 0
0.302759 -7.12375 0.896727 0
0.55633 -5.10203 2.81852 0
1.75324 -6.42995 2.5929 0
0.663503 -4.80677 1.26181 0
0.0346728 -6.47641 0.241327 0
1.28421 -1.85899 -3.02643 0
0.0873368 3.34895 2.24325 0
2.03692 3.73056 -1.6266 0
1.33324 3.46011 -1.63089 0
0.539411 -6.98274 -2.11349 0
0.0996054 -3.71063 -2.90564 0
0.232866 -5.1718 2.05269 0
0.0421801 -5.48817 1.2386 0
0.251985 1.24823 -0.549717 0
0.549424 1.95314 2.72737 0
0.70144 5.75599 2.63363 0
0.71869 7.32905 0.221468 0
0.30508 6.68233 1.11923 0
0.468352 1.91072 -1.76721 0
0.0807857 2.68528 -2.42413 0
0.763864 0.106072 0.460834 0
0.874433 -0.00514374 0.200512 0
0.651336 1.60188 1.58451 0
0.549247 2.48767 -3.12556 0
0.148564 1.0491 -3.12468 0
0.257396 -0.533167 -0.0575996 0
0.600664 0.564427 2.60677 0
0.35036 -4.66299 2.38183 0
0.440957 -4.58536 0.0354072 0
0.375438 -6.62791 2.69629 0
0.252655 -5.28175 -0.452795 0
7.75145 -0.802811 -2.10971 7.40176266628996e-16
0.606753 -0.465546 -2.93677 1.22686598925268e-15
0.124538 -0.946488 0.80096 1.15011127149908e-15
0.218983 -4.34953 2.22906 0
0.369695 -2.99443 -1.09803 0
0.271419 -2.54081 2.41128 0
0.318893 -3.84548 -2.7414 0
0.670645 -4.47128 1.30089 0
1.1199 -4.07405 1.47233 0
1.24887 -3.80478 1.69882 0
0.788406 -3.55594 1.2943 0
1.70373 -4.5674 1.24138 0
0.647888 -2.86214 -2.75916 0
0.156684 -1.51807 -2.79173 0
0.0490095 1.21258 0.165938 0
0.958408 -2.41203 -0.109495 0
0.930935 -3.48372 -1.02055 0
0.517129 -3.5297 0.52963 0
0.257907 4.17288 -0.512846 0
0.108692 5.77418 2.10664 0
0.606766 6.56704 -2.87378 0
0.199931 -1.20373 2.55969 0
0.175195 -1.57305 0.0946751 0
0.596421 -1.9427 -2.1875 0
0.448881 1.52031 -1.69228 0
0.481245 -0.42749 1.55014 0
0.27528 0.323827 -2.30535 0
0.492577 3.0448 -0.117217 0
0.483173 2.78449 1.68661 0
0.10988 5.70473 -1.96963 0
0.207222 -2.86535 1.16171 0
0.279003 -0.961704 2.87751 0
0.413382 -4.50355 -1.97967 0
0.355098 -4.82347 0.519319 0
0.185456 -6.58214 1.4932 0
0.665739 -3.39761 2.12759 0
0.286854 -4.08498 -1.84786 0
0.610304 -1.46568 3.10997 0
0.505997 0.648631 0.893015 0
0.305043 -0.196189 -2.62232 0
0.683915 2.36471 2.95487 0
0.445049 2.76857 -2.40741 0
1.69171 2.67658 -2.46117 0
1.81144 3.34921 -1.68949 0
0.314127 2.82311 -1.11057 0
0.52225 -6.42467 -2.41524 0
0.338356 -5.64476 -1.03349 0
0.316011 -5.10118 2.4127 0
0.424125 -5.70501 -1.35023 0
0.260908 -3.2698 -1.9248 0
0.255838 -3.24637 1.85369 0
0.251224 1.2932 1.17488 0
0.405679 4.49127 -1.3962 0
0.494251 3.12128 -1.12815 0
0.303208 6.21596 -2.66686 0
0.332633 7.9214 -2.20164 0
0.531 8.88056 -2.41039 0
1.2979 -0.296138 1.05133 0
0.268965 -0.65804 0.895551 0
0.216325 -0.266979 1.43164 0
0.645549 0.509419 0.582847 0
0.297681 1.05149 -0.358125 0
0.169988 1.89573 1.46767 0
0.348244 -1.26251 -1.91969 0
0.160605 -2.15249 -1.23904 0
1.34783 0.123038 0.64894 1.28840149264777e-15
0.69611 0.189706 0.541295 1.27956388145496e-15
0.18831 -2.59126 2.45727 0
0.443799 -2.52761 -1.61638 0
2.45677 -3.89914 1.61006 0
1.40481 -3.8438 1.66077 0
0.387255 -0.589104 -1.47959 0
0.248981 -1.29448 -0.065792 0
0.0891252 0.506592 -1.08552 0
0.225274 -1.25115 0.49831 0
0.425472 3.0742 2.22714 0
0.139777 4.47697 2.76194 0
0.347996 4.68666 1.51792 4.85802081044257e-10
0.537634 4.37726 1.2838 5.42244461753109e-10
0.390953 5.76778 -0.44918 0
0.202526 4.97974 -0.948721 0
0.558137 1.59549 -2.37691 0
0.0883852 1.97232 -3.02945 0
0.0736761 -6.46683 1.93749 0
0.0683558 -8.64138 2.49186 0
0.369539 -6.28475 2.39671 0
0.334642 -6.95557 2.06733 0
0.0871213 -4.66586 1.81251 3.66965585304081e-07
0.254451 -4.56105 -1.14679 9.82646397070733e-08
0.0615067 -1.8565 1.71638 7.73140510571847e-08
0.224215 -1.35024 2.30998 3.87094494043017e-08
0.211176 1.59616 -0.984972 0
0.521962 2.50074 -1.57402 0
0.293362 3.54569 -2.00744 0
0.126246 2.54348 -2.43809 0
0.359765 5.40471 -0.813356 0
0.283778 5.29525 0.175653 0
0.600797 1.68801 0.946539 18.3997908788604
0.404263 1.06204 0.474419 47.2421580897709
0.138461 1.71628 2.60937 2.77936369276124
0.0916635 -0.661894 -1.74181 9.84338113704894
0.377124 -2.88723 0.258279 11.3049937149226
0.148555 -1.92866 -0.430044 73.9769787816668
0.245988 -2.73366 -2.79286 15.495924282552
0.108658 -4.59237 -1.79118 5.4899326209824
0.268667 -2.43479 0.0482844 46.0964746408031
0.170327 -2.43462 -2.46621 72.7953834576034
0.152232 -0.184532 2.75346 23.5728486919708
0.496574 -0.0119006 1.22282 7.33642989323399
0.223448 -4.57585 -1.44574 4.33961577233077
0.234905 -4.53251 0.788137 4.31675295598125
0.760197 5.87294 -2.69122 0
0.166037 4.81615 2.39076 0
1.20964 0.0411325 0.509384 1.98870536166049e-08
1.60136 0.107174 0.510169 1.7928973640048e-07
