0.324083 -5.96293 1.64671 0
0.842649 -6.80089 -2.34479 0
0.451383 -8.03647 0.931496 0
0.424711 -7.62899 0.719798 0
0.729706 4.0004 -2.54798 0
0.420432 3.48506 0.0247664 0
0.997228 7.10959 0.127867 0
0.194061 4.22123 2.69054 0
0.296624 4.0138 -1.93946 0
0.97983 2.44494 1.70252 0
0.428807 2.80523 2.31008 0
0.497475 3.794 1.63816 0
0.428137 4.4914 -0.439258 0
0.661549 -7.4198 -1.36328 0
0.409981 3.89167 -0.655779 0
0.597008 4.73615 2.95106 0
0.59068 8.76485 -1.57377 0
0.110181 9.57982 0.820808 0
0.120889 4.35727 2.41086 0
0.43434 4.46114 -1.99613 0
0.247125 4.52394 -1.21227 0
0.260156 4.27171 -2.99355 0
0.0365341 8.25621 -1.24806 4.08261399497822e-06
0.116042 8.02968 -1.12961 5.0350609127018e-06
0.17658 7.0785 1.71683 1.33755066852876e-07
0.156408 7.10622 -2.78122 1.94106345248711e-07
