1.32011 -4.65144 0.0637148 0
0.569636 -3.28704 -0.2466 0
0.984068 -1.3486 1.65296 0
0.250213 -3.38658 2.35345 0
1.54394 -1.29849 1.28041 0
1.00001 -1.28486 1.24305 0
0.143507 2.3511 1.79274 0
0.282684 2.18845 -2.84681 0
0.718059 3.31938 -1.55429 0
2.27419 1.98908 -1.06688 0
0.437092 2.00626 -2.62459 0
0.353255 1.17618 -0.0851771 0
0.377312 -1.14909 -2.01198 0
0.486882 -4.72135 2.77036 0
0.182271 -8.41814 2.29981 0
0.0721118 -10.6168 0.42878 0
0.600581 3.86355 1.35652 0
1.09614 3.25158 -3.13777 0
0.234051 2.60506 -1.0584 0
0.803671 0.205539 2.05233 0
0.331604 -3.59938 -2.08569 0
0.158405 -1.56068 2.43764 0
0.715833 -1.88534 1.84152 0
0.59583 -0.753302 -1.8984 0
0.0657825 -1.98401 -1.87255 0
0.0906172 -2.33456 0.0993051 0
1.16649 1.78908 -1.42393 0
0.374739 2.84049 -0.360441 0
0.872353 2.29994 -2.04973 0
0.413783 3.26568 -1.38855 0
0.18285 2.30142 -2.56025 0
0.680075 6.09469 -1.20258 0
0.113256 9.92283 0.428719 0
1.71593 -8.37628 2.91742 0
0.165956 -8.15016 1.78131 0
0.543655 -5.03869 -0.635866 0
0.220822 -3.47911 -1.92797 0
0.865441 -1.43628 1.36584 0
0.580301 2.52822 -3.02068 0
0.207392 1.97535 -0.642886 0
0.840518 2.32224 -0.815734 0
0.469291 1.70351 -1.76772 0
0.896759 2.00212 0.122367 0
0.531219 1.8731 -0.862276 0
0.16555 -0.684072 -2.57967 0
0.550133 2.25766 1.58982 0
0.448958 -3.33363 0.768532 0
0.452379 -3.23486 2.44261 0
0.25234 -1.99688 -0.746577 0
0.20729 -3.94474 -0.318434 0
0.246541 -5.16958 -1.90635 0
0.448221 -7.69525 -0.121983 0
0.180563 6.50132 -1.81237 0
1.25755 6.12692 3.06054 0
0.417908 0.988524 1.58125 0
0.218437 1.76419 -2.80737 0
0.159384 4.31124 1.41327 0
0.017556 4.71045 1.35634 0
0.348425 3.35207 1.63464 0
0.38952 2.73201 -1.88127 0
0.578667 7.33957 -2.72829 0
0.474319 6.89627 1.51387 0
0.681481 8.01459 3.08295 0
0.172161 8.9068 -0.667236 0
0.760171 -1.72509 0.951957 2.05960328547023e-07
0.750821 -1.9166 1.53034 1.72819613129778e-07
0.160326 0.533862 -0.0922502 0
0.304617 0.425684 1.16758 0
0.167683 4.8311 2.0069 0
0.081113 4.94572 0.855913 0
0.252193 3.90935 2.21683 1.50890989163788e-07
0.0507003 4.49487 1.74026 6.21385642116503e-08
0.144919 3.37859 2.60345 0
0.380478 2.81325 2.91119 0
0.469236 -2.40623 -0.805149 6.81027183637696
0.100657 -1.57056 -1.58259 70.6420287567315
0.17913 0.490198 0.080432 0
0.282639 0.714155 -2.36718 0
0.233127 4.06828 2.11983 0
0.242127 4.6091 -1.86473 0
0.56355 3.30957 -2.00847 0.0522660909558049
0.10422 3.05913 -0.877429 0.363564844650989
