11.0483 -1.68889 0.219567 8.32977668188331e-14
0.386816 0.0075345 -2.74282 0
0.160285 -0.620122 -0.392825 0
1.23723 -1.76741 -1.51055 0
0.448508 -2.07722 -1.36218 0
0.639075 3.10072 -1.59853 0
0.744429 2.2218 2.09016 0
1.78827 3.1976 1.81085 0
0.974732 0.0897722 -2.45105 0
3.02324 -1.16054 1.58906 0
0.925188 -1.75582 -3.0922 0
1.48598 0.838504 -2.96415 5.4788787870445e-14
0.558901 1.18569 0.78104 1.25592020530579e-13
0.0127504 4.00698 0.942859 6.99048363423273e-14
1.74354 2.02816 -0.746558 8.23189353067374e-14
0.643808 1.5147 -1.07745 8.49885210444036e-14
0.293537 -7.09651 0.386845 0
0.282629 -5.91967 1.68572 0
0.336977 -5.56682 1.70052 0
0.21592 -5.86044 -1.16431 0
0.518884 -5.86704 -2.63148 0
0.264646 -4.20915 3.09374 0
0.18057 -5.08254 -0.1908 0
0.600876 -4.08561 1.46949 0
0.275231 -0.894424 0.198331 0
0.684554 -0.64084 -2.27626 0
0.297761 4.72428 -0.103289 0
0.373434 5.32211 -0.146922 0
0.934086 6.23068 -1.1352 0
1.85211 6.91925 -0.620368 0
0.398516 6.32645 -0.468143 0
1.42159 5.26255 2.8733 0
0.517545 3.82168 3.09152 0
0.157641 5.42551 -2.53501 0
0.510793 3.70031 -0.638739 0
0.241012 5.94995 -2.80314 0
0.518603 6.14137 -1.24024 0
0.678681 5.14715 -2.85246 0
0.289505 2.172 2.88676 0
0.408998 -0.0809225 2.79895 0
0.173165 1.1384 -1.53032 0
1.01918 -1.78818 -2.55783 0
0.431682 1.15952 0.26619 0
1.01468 -4.32601 -0.127393 0
0.743922 -4.19114 -2.15673 0
0.537203 -2.44348 0.0585996 0
0.290587 -1.32938 -1.5065 0
0.10722 0.175135 -1.92152 0
0.102006 3.1321 0.734026 0
0.357192 2.50602 0.431787 0
0.432479 5.92544 -1.05463 0
0.273263 4.90391 -2.61821 0
0.295792 5.83447 0.204694 0
1.55869 7.08279 1.06263 0
0.36701 7.29656 -2.05343 0
0.294893 -6.09441 -0.132324 0
0.402443 -1.91815 -1.07883 0
0.709732 1.60024 -0.469365 0
0.870351 0.822109 2.26581 0
0.857162 -3.83875 2.57839 0
0.820844 -3.77843 -1.04925 0
0.550811 -1.94742 -1.7001 0
0.151783 1.64666 -1.22425 0
0.64213 3.14002 -0.515063 0
1.55337 3.1156 -1.86032 0
0.607374 2.7988 -1.54903 0
0.643023 2.3474 1.9176 0
0.958331 3.08092 1.39781 0
0.100407 2.11245 2.73445 0
0.282751 -1.58948 2.91261 0
1.15084 -0.266697 -3.12409 0
0.935171 0.311303 -2.65934 0
0.236783 -2.72791 2.50321 0
0.287003 -0.264043 -0.635424 0
0.294851 -1.57543 -0.0507377 0
0.305447 -2.50237 3.11535 0
1.46373 -1.52205 2.21809 0
0.838925 -2.24693 2.40445 0
4.51227 1.13027 -2.92312 2.98480312129765e-14
1.19401 1.56142 0.264619 1.11362775185267e-13
0.702226 0.964272 -1.46462 9.03389553886335e-14
0.513208 -8.83933 2.93851 0
0.286867 -9.60579 -0.371473 0
0.894622 -4.80357 1.72464 0
0.779439 -5.56194 -0.910061 0
0.323859 -4.26533 0.129045 0
0.149096 -6.3873 -2.72288 0
0.315457 -3.3531 -0.263424 0
0.216079 -2.33454 2.99885 0
0.396436 -0.532265 0.900724 0
0.49712 1.01687 -1.90607 0
0.0542675 3.22497 0.493367 0
0.315975 3.85283 1.02732 0
0.339576 5.22457 -1.70963 0
0.81913 4.57486 0.701013 0
0.926775 5.64559 -0.65035 0
0.109685 6.56591 0.929357 0
0.538288 2.30791 -0.530269 0
0.207345 -1.58129 2.99457 0
0.682381 -0.548964 1.25094 0
0.816837 -2.63971 2.83736 0
0.164105 -3.26647 -0.378681 0
0.155389 -3.40583 0.501587 0
0.152888 -0.963078 -2.32723 0
0.481557 -2.43969 -2.67823 0
0.368194 -2.58526 1.6893 0
0.685082 -0.0124146 -0.248153 0
1.05153 0.984194 0.910195 0
0.381824 1.13266 2.0311 0
0.714219 1.34875 0.767119 0
0.392242 2.06646 1.65402 0
0.614524 5.62845 -2.33592 0
0.833098 4.82165 -2.71161 0
0.273424 6.33157 2.00872 0
0.465012 -5.78401 -2.29231 0
0.155585 -5.34183 -0.0928381 0
0.114968 -6.02228 -2.86075 0
0.446431 -3.91832 2.27246 0
0.492727 0.320162 -1.47455 0
0.278615 2.59353 -2.87377 0
0.645449 6.21576 -0.760857 0
21.7629 0.599087 0.276456 0.0420664158604346
5.10721 1.06307 2.19069 0.0673877041126221
2.54507 0.928932 2.09891 0.0301133106511213
3.43397 0.956977 2.079 0.0188835005216364
1.25443 0.868884 2.16996 0.0780471953733803
0.560144 -3.20161 -2.82988 0.447722044550153
1.43357 3.11381 -0.665118 0.176406532031546
5.68419 2.59165 -0.875208 0.0747973953902548
0.164236 2.17556 0.825462 0
0.281901 3.45417 2.51566 0
0.587882 -0.207171 -3.13645 0
0.703344 -0.926907 -3.11798 0
1.54978 -0.502043 -2.81315 0
0.319196 -0.753727 -3.02947 0
0.0993073 -2.44666 -2.41092 0
0.423513 -1.63181 2.7666 0
0.256853 -2.1216 1.59945 0
0.165731 -2.63727 0.530811 0
0.583579 1.58993 -0.9487 1.37767164838539e-07
0.538265 1.44018 -0.857012 6.87393822969156e-08
0.139239 0.991506 -2.26235 2.13471672226375e-10
0.0932465 -6.88066 -1.73505 0
0.203609 -6.09482 2.63241 0
0.126884 -5.98792 0.0926877 0
1.12553 -6.03803 0.809218 0
0.1982 5.25346 -0.469139 0
0.208725 5.3586 0.186223 0
0.531005 4.16946 1.77715 0.468814899945833
0.260284 3.71373 2.32652 0
0.36273 3.63947 -2.5609 0
0.0801249 -2.90158 -2.86036 0
0.387196 -0.909439 -1.41969 0
1.53707 -0.901481 0.645903 0
0.547201 -0.59551 1.03383 0
0.185316 2.4492 -1.71503 0
0.560559 2.49546 -0.855508 0
0.529073 4.41951 -3.12243 0
0.416329 5.03438 2.76496 0
0.746773 5.14729 -2.44122 1.0090886576713e-08
0.602123 5.11176 -2.7088 7.55124136768889e-09
0.328024 6.4974 2.86279 0
0.183056 6.76273 0.291793 0
0.165414 -3.59581 -1.92075 0
0.127685 -3.82656 2.73436 0
2.04967 1.00543 2.0616 0.0267820546421297
4.76881 0.933409 2.06031 0.0365783986117699
2.61575 0.830107 2.1788 0.102221987938491
1.43173 1.05574 1.93738 0.100375665528589
0.52488 -4.59973 -2.53408 0.158006235302625
0.699245 -3.84583 3.02807 0.107086295057299
1.9408 3.32488 1.10399 0.0678049703747158
0.287434 3.30876 1.82815 0.065938908100315
1.6084 0.995679 -2.7166 0.0387050234176734
0.0302465 -0.5783 -0.337698 1.76831797948549e-05
0.101424 -0.645873 -0.448183 1.82528937047979e-05
6.306 1.00656 2.11115 0.0747364115709168
2.53499 0.948695 2.14478 0.172713529218739
9.95453 1.00704 2.01455 0.153427108222662
1.71208 1.00248 2.08994 0.0318394532960495
5.3081 1.0401 -3.05251 0.284956774747173
10.3487 1.05089 -3.03598 0.186442107691903
0.468637 0.807764 -1.57248 0.121689618457613
0.382912 -2.34312 0.042365 19.7226035069413
2.64102 -2.17386 -0.206997 3.40271506411559
