0.523278 6.59306 0.350138 0
0.465026 -2.17165 2.33627 0
0.631157 -4.32023 -2.509 0
2.97715 0.281189 -2.45462 1.32440708035483e-13
2.936 0.170393 -1.87091 1.30047731402762e-13
1.39633 0.473637 -2.48038 1.26561867930115e-13
2.88917 -0.0350511 -2.12585 1.34883194835676e-13
1.49664 -0.560102 -2.66346 1.08037752941731e-13
3.21771 -0.289513 -2.56248 1.25359426884505e-13
1.80042 0.939081 1.50775 0
3.23046 0.694126 1.64201 0
0.861455 1.29726 1.43328 0
0.718881 0.781726 -1.72376 0
0.509877 -0.199328 -2.51777 0
1.87265 0.29871 -2.95583 0
0.87006 1.41854 0.181596 0
1.30932 1.17082 1.90251 0
0.830142 1.96305 0.35524 3.80705047961349e-14
0.749697 0.0534492 0.227315 1.3055842219623e-13
1.14248 0.46555 -0.115599 1.01833464446304e-13
1.47451 0.510075 0.752805 1.17329679402691e-13
0.797918 0.54144 -0.993875 9.28970067110894e-14
0.432303 0.271285 -1.99608 1.27847484358445e-13
0.701954 3.97524 1.74286 0
2.07259 3.54912 2.06193 0
0.259423 1.09172 1.43964 0
0.551085 -1.9249 0.118478 0
0.632939 -1.36421 1.39605 0
0.890994 -1.45588 1.68708 0
1.03582 -3.76159 -2.77068 0
0.503814 -4.06065 -3.0119 0
0.898641 -2.54272 -1.7707 0
0.140814 -0.572352 2.75023 0
0.562954 -1.32077 -2.46028 0
0.745691 -0.781102 2.61368 0
0.493723 -4.39722 0.845815 0
0.879188 -5.29405 1.67594 0
0.345075 -4.8471 0.771587 0
1.51822 -4.81622 1.37847 0
2.39819 -4.73875 1.43068 0
0.887377 -5.09646 0.0937087 0
0.254892 -7.22287 -1.56343 0
0.139051 -6.62037 2.48866 0
0.667824 -8.65798 1.84749 0
0.507296 6.26916 -2.55902 0
0.308199 3.91725 2.21756 0
0.201505 4.62599 -1.88854 0
0.974098 4.17501 -2.3702 0
0.242254 1.46925 0.0692445 0
0.39115 0.87871 -1.42899 0
0.498506 -0.394006 1.74808 0
0.578385 -4.11757 2.90319 0
0.552032 -0.121745 2.32688 0
0.0996565 3.8456 -0.533071 0
0.342727 2.57352 0.0712393 0
0.554943 2.97231 -3.05987 0
0.736973 3.9853 -1.26697 0
0.735826 6.02138 1.44496 0
0.353775 9.17295 0.511126 0
1.46806 6.49288 0.286808 0
0.452626 -3.24655 1.11581 0
0.785411 -4.06128 2.55756 0
0.381808 -4.65456 -2.58499 0
1.6873 0.355528 -2.35305 1.29302123409422e-13
0.827121 -0.109336 -2.66034 1.31038242617067e-13
3.20424 0.888375 1.74453 0
0.159552 2.44516 0.567536 0
1.49308 1.24061 -0.253575 0
0.316224 1.22571 -2.6287 0
0.578187 -0.497612 -2.11865 0
0.540179 -0.252676 -1.8445 0
0.941334 0.467972 -2.33465 0
0.593918 0.656849 -2.99498 0
0.245906 0.942641 1.30487 0
0.256536 2.17748 3.07494 0
1.22155 1.26643 3.13149 0
0.735908 1.07253 2.61581 0
0.807414 1.52442 -3.08019 0
1.84003 1.6255 -2.35374 0
0.305659 2.53958 -1.30847 0
0.592563 1.46434 -1.75909 0
1.17782 1.85048 -1.60582 0
0.644107 -0.136191 2.21197 0
0.389609 -1.35957 0.520442 0
0.554629 -5.82786 -1.91929 0
0.636632 -5.24302 -2.69992 0
0.397245 -5.71298 -1.14675 0
0.672645 -4.72802 -2.68066 0
0.350962 -2.61655 -3.03969 0
0.16428 -1.12967 0.350006 0
0.730102 -1.72055 -2.50913 0
0.367123 -0.531635 1.51738 0
0.414527 -0.406657 -2.18059 0
0.732181 -3.29321 -0.234283 0
0.650439 -3.75384 -0.0466937 0
0.268947 -4.07436 0.386629 0
0.499263 -4.3202 0.490565 0
0.72155 -5.13735 0.109656 0
0.161769 -4.7664 -2.9837 0
0.258126 -8.75314 -0.361063 0
1.4069 4.20777 2.35053 0
0.768502 5.03927 1.84938 0
0.467215 3.32506 1.99773 0
0.6109 2.55752 -2.87305 0
0.645086 0.0201567 1.17728 0
0.129711 0.590174 3.10137 0
0.681981 0.81689 -0.00885237 0
0.234599 1.00995 2.13449 0
0.168572 1.51845 -2.87317 0
1.21914 -4.08819 2.92512 0
0.28719 -0.49675 -2.75551 0
0.212866 0.699936 1.18698 0
0.058629 6.02882 3.10808 0
0.465237 7.27252 -1.34993 0
0.0981442 9.55066 -2.83548 0
1.41148 1.45283 0.20466 0.0555230158172232
2.99972 1.45838 0.0234152 2.58293516799516e-07
2.77606 1.51697 0.131876 1.67234212066936e-07
2.37608 0.753787 0.13559 3.18554148218588
0.175772 0.781745 -0.134179 43.0050558213802
0.484931 0.981579 0.184584 1.35712809435508
0.195579 0.971769 0.0889724 3.5242715220108
0.327567 -4.37394 -2.33691 0
0.153466 -4.0721 2.13837 0
0.510136 -3.55555 -2.43869 0
0.930592 -3.38424 -2.72759 0
0.19383 -3.63173 -2.94941 7.89728230087077e-10
0.225408 -3.69895 -2.53552 4.08175011058308e-10
0.104864 -2.08268 -1.5063 0
0.178202 -2.53506 0.989417 0
0.206784 6.6231 -1.15946 0
0.282631 6.65961 -2.20833 0
0.0039269 4.4905 0.399525 0
0.397865 2.75703 0.243313 0
0.0604485 -4.81411 -2.29518 0
0.439555 -3.18783 3.00795 0
1.51525 -4.26321 -0.229819 0
2.61157 -4.05382 -0.319655 0
0.053935 -2.67797 -1.08828 0
0.349153 -2.19607 0.313271 0
0.164119 7.96466 -1.71923 0
0.17344 6.62364 1.69488 0
0.347181 -0.363658 -1.73218 0
0.299399 1.21239 -0.199307 0
