0.243327 1.42309 -0.16992 0
2.57208 0.439623 -3.03142 0
1.29826 -3.55469 -1.01602 0
0.67951 -7.03474 -0.116665 0
0.739124 -5.972 -0.453013 0
0.38875 -6.68166 -1.22874 0
0.728433 -5.46151 -1.0339 0
1.81407 -5.99726 -1.2559 0
0.185471 -3.35661 3.12355 0
0.358768 -3.89848 0.740373 0
0.71733 -4.05942 -1.94772 0
0.171324 2.53116 -2.74473 0
0.287839 2.14167 1.65054 0
0.189089 4.67288 -2.04764 0
0.0743786 4.07471 -0.552345 0
0.353901 4.16798 2.30909 0
0.729448 3.45332 2.86987 0
0.586848 5.26039 2.75689 0
0.564436 6.38836 3.08203 0
0.804356 6.5844 -0.882099 0
0.851007 4.866 -0.550426 0
0.513152 3.43202 0.536442 0
0.186346 2.78246 2.98318 0
0.199943 2.35577 1.46765 0
0.259899 1.00993 -0.519971 0
0.600205 1.98208 1.64997 0
0.659399 0.0358828 0.161035 0
0.535856 0.129066 0.657905 0
1.75756 -0.303605 0.5606 0
0.270753 1.59226 -0.0625823 0
0.247878 0.0518056 0.956493 0
0.815997 -1.91264 -0.685244 0
0.0273867 -1.51978 1.63868 0
0.400318 -5.14616 -1.19165 0
1.84885 -5.2308 -0.21874 0
1.25513 5.91366 0.890075 0
0.784919 5.68993 2.62389 0
0.980295 1.3746 2.75487 0
0.845968 0.422993 2.70462 0
0.391133 0.858145 1.60509 0
0.47091 1.13355 0.735901 0
3.07835 -1.45009 -1.57963 0
0.775308 -1.0838 -1.7918 0
0.740927 0.830366 0.227526 0
1.04611 1.32819 2.72551 0
0.44574 1.20373 -2.69506 0
0.182415 1.9703 2.5107 0
0.634809 -0.360851 1.51573 0
0.389627 -2.61542 2.26983 0
0.426269 -3.05317 -1.98521 0
0.467189 -2.68008 0.586659 0
0.0518721 -5.17854 1.72133 0
0.527597 -7.74661 2.92976 0
0.486675 -7.95357 -0.483714 0
0.283459 0.713292 -0.556737 0
0.43279 0.555084 -0.0660145 0
0.715987 -6.40306 -2.48102 0
1.03512 -4.39311 -2.87924 0
1.58267 -4.63971 3.0544 0
1.19095 -4.98896 2.89781 0
0.555506 -4.52203 2.63073 0
0.646767 -5.05661 2.07794 0
1.4603 -4.26854 2.48995 0
1.08656 -3.21523 2.33337 0
1.28746 -2.71872 2.6974 0
1.96721 -1.99696 -2.64016 0
1.81117 -1.867 2.47665 0
0.339253 1.3535 1.12886 0
1.37805 2.30592 -0.3044 0
0.884703 -5.31127 -1.61247 0
0.919233 -6.04705 -1.45584 0
0.142942 -3.20713 1.82885 0
0.562824 -1.52408 1.7536 0
0.306223 1.48154 -2.06477 0
0.696013 3.305 -0.711282 0
0.696283 5.50461 -1.51514 0
0.871794 -4.44459 -1.1077 0
0.588442 -4.71647 2.38402 0
0.71835 -5.50035 -2.38496 0
0.32201 -7.91005 2.49845 0
0.323514 -8.22371 1.19459 0
0.202957 -7.52701 -2.36616 0
0.250077 -6.7901 -1.66332 0
0.505358 -3.97617 -0.0578167 0
0.353928 -3.23568 -2.44984 0
0.355325 -3.01725 -1.09625 0
0.168145 -1.41487 -2.93256 0
0.140996 -1.75406 -0.515281 0
0.686219 0.750328 0.592623 0
4.25128 -0.30696 -2.61733 0
1.29661 2.01423 0.0200628 0
0.402816 2.6969 0.757668 0
0.329425 3.7384 -0.727623 0
0.677535 2.98679 1.50799 0
0.350758 3.0388 -2.94053 0
0.668291 4.61596 1.05235 0
0.456549 3.47128 -0.0598713 0
0.679736 2.27032 -2.4007 0
1.04102 3.05811 -1.07566 0
0.123179 3.6673 3.07673 0
1.01668 3.41088 -0.924796 0
0.290146 4.18006 -0.457747 0
0.350438 5.6833 2.1685 0
0.253768 4.17666 -2.72352 0
0.872286 5.7482 2.67947 0
0.252418 6.56947 -2.30493 0
0.702888 5.351 2.67725 0
0.291154 6.48007 -1.88651 0
0.301574 5.28968 -0.0598311 0
0.202643 3.20532 2.92515 0
0.758573 3.92327 -0.712131 0
0.214743 3.46387 1.01026 0
0.33056 1.7989 1.61514 0
0.648192 1.15393 0.00789637 0
0.308459 -0.0558627 0.824405 0
0.483629 1.12107 1.29901 0
0.314452 -1.11416 0.449807 0
0.318326 -0.213121 -0.190081 0
1.17463 -0.416424 0.519438 0
0.187924 -1.06437 -2.71206 0
0.356813 6.42355 -0.856101 0
0.199629 5.7675 -1.73155 0
1.01527 4.92128 -0.572239 0
0.117797 2.98679 -1.72415 0
0.349981 2.95124 2.4433 0
1.02285 2.74716 1.15664 0
0.556383 0.151041 2.49819 0
0.548128 -0.773388 -2.56094 0
0.347713 0.0526362 -0.947355 0
0.183758 2.84234 0.611895 0
0.580769 1.62032 2.0415 0
0.430584 0.581745 0.290914 0
0.331279 -3.62212 -2.21868 0
0.590666 -3.89326 0.869243 0
0.0944668 0.757049 -3.11824 0
0.204261 -1.03908 0.682621 0
0.628262 -3.32694 -1.5024 0
0.512441 -4.90501 -1.38372 0
0.854951 -5.1604 -0.912753 0
0.214603 -2.88365 2.65579 0
0.405976 1.50048 1.24221 0
1.36546 1.03961 -0.561793 0
0.211854 3.16126 -1.23605 0
1.44768 2.7254 0.469967 0
0.397714 -3.26982 -0.673034 0
0.643326 -1.83244 -0.972363 0
0.177988 1.58648 -0.499693 0
0.291008 3.2051 -0.177176 0
0.089025 1.22062 0.885894 0
1.04176 3.31111 2.02564 0
0.296363 4.67083 -1.34863 0
0.742709 -5.99143 -0.921738 0
0.35544 -5.90983 -1.39907 0
0.470572 3.96085 0.710507 0
0.261602 4.80082 0.286969 0
1.05845 4.38276 0.81297 0
0.456572 4.53571 0.367083 0
0.359459 4.70171 -2.73592 0
0.176098 4.92517 0.258603 0
0.194354 2.45322 -0.171759 0
0.243788 2.11688 0.188639 0
0.360495 -0.827067 0.740168 0
1.55603 -0.282051 0.59894 0
0.701149 0.0269978 0.394361 0
0.399165 -0.256735 0.560431 0
0.360238 -1.60326 -0.877002 0
0.51777 -1.89046 -0.189337 0
0.0200915 -6.03642 -1.78828 0
0.412855 -4.33485 0.817643 0
0.382844 0.443993 -2.66328 0
0.97982 0.742585 3.02005 0
0.272052 -0.890929 -0.400361 0
0.045921 -2.54423 -0.537879 0
0.607171 -1.31788 -1.90783 0
0.108328 -2.46033 -1.08308 0
0.307859 -5.94996 1.39014 0
0.264135 -5.27354 1.52147 0
0.341442 -6.349 -2.21995 0
0.11355 -5.25463 -1.53908 0
0.53405 -3.69573 0.744752 0
0.373357 -3.7893 1.32841 0
0.151384 -2.05287 2.98237 0
0.351174 -2.18474 2.73848 0
0.342341 -2.58693 -2.41794 0
0.585915 -2.1288 3.0376 0
0.288722 0.0326616 -1.78528 1.51000233197136
0.048605 2.52636 2.97708 1.42367962692915
0.296213 0.749682 2.74367 2.6449787012402
0.272142 -0.578348 2.49929 3.18146206880187
0.0278034 2.19575 -1.43079 6.53493297736877e-05
0.0188264 3.75464 -1.41195 3.28676526034009e-05
2.1314 0.883855 -3.10907 6.21434627879965
0.91417 1.16854 3.13602 11.6784375644369
0.95657 -1.99861 1.3413 9.39781870147993
0.206645 -1.72178 1.92875 56.1378632567848
0.249206 1.25985 0.571161 1.0894206861762
0.519717 2.00892 -0.0498781 0.261710348488167
0.0431787 -0.93516 0.606173 2.75984795763993e-05
0.0282371 -1.24959 0.807074 2.09135174078662e-05
0.179204 0.0133958 2.07417 4.53606205001491
0.24058 0.00856342 -0.764632 3.37526088373433
0.320878 -0.675139 -2.79197 12.0496536120372
0.346187 -1.32131 -1.72021 6.86457501557354
1.43136 -1.15159 -3.01689 0.765399349637185
0.248202 -0.767824 -2.84894 5.85447984541444
0.751153 -0.199962 0.189123 0
0.145639 0.0671903 -2.25592 0
