0.476127 -4.64726 2.31551 0
0.50726 -6.46357 -2.24407 0
0.533694 -8.39802 -1.99304 0
1.15533 -5.24336 -0.137632 0
0.697309 -5.52797 0.369672 0
1.15283 -4.62263 -0.114181 0
0.925464 -6.70042 -0.506254 0
0.936149 4.376 2.43751 0
1.29753 4.28204 1.62089 0
1.19398 5.41694 2.71739 0
0.453282 0.839034 -2.59365 0
0.0878657 0.945292 -2.61322 0
3.67044 0.299967 -0.184365 0
1.20898 0.528348 0.0654958 0
3.36897 0.441188 -0.259856 0
2.67494 0.632183 0.105337 0
0.123688 -0.727443 -2.18876 0
0.119123 -6.24286 0.787778 0
0.121719 -5.90461 -2.73559 0
0.25889 -3.68883 -0.530457 0
0.354779 -4.44849 -1.85549 0
0.197332 -5.26685 0.128294 0
0.312664 -0.777146 -0.241585 0
0.684209 -1.39671 0.466525 0
0.359824 -0.843992 -0.926417 0
0.374778 0.816574 -1.56376 0
0.292439 -1.98498 3.11171 0
0.110131 -1.49044 3.03412 0
1.15531 -2.21389 -2.90242 0
1.51263 -2.54222 -1.78776 0
0.32946 -3.76017 -1.88252 0
0.18025 4.91352 2.31555 0
0.292366 2.81987 -2.8839 0
0.134686 4.62013 -2.87149 0
0.680495 3.10834 1.14601 0
0.186377 4.3363 1.9221 0
0.184685 2.26032 1.19463 0
0.655766 0.553351 2.79775 0
1.22551 -0.231438 3.02189 0
3.23619 0.585174 -3.00201 0
4.40105 0.510119 3.11439 0
0.669217 -1.58528 -2.95215 0
0.147119 -1.45574 1.75379 0
0.617777 5.10143 -0.332367 0
0.274478 5.36272 -0.987442 0
0.224756 0.450662 2.51912 0
0.366865 3.15563 -1.86935 0
0.122853 2.6592 2.65792 0
0.206992 1.56947 -0.610075 0
0.257573 2.46626 -1.2352 0
0.995542 -1.65879 1.80907 0
0.321178 -0.0940396 1.81479 0
0.43322 5.35576 -2.44091 0
0.0290207 4.77409 -1.38135 0
0.329337 -2.84788 2.55793 0
0.689675 -3.30649 -1.46487 0
0.728567 -4.75729 2.1757 0
1.19042 -5.02172 2.98919 0
0.335936 -5.47881 0.342368 0
1.32403 -3.952 2.62684 0
0.413156 -3.76504 -2.29578 0
0.0996869 -5.77739 -2.90947 0
0.351013 -4.08897 2.57504 0
0.315886 -2.6165 -0.397193 0
0.297761 -4.1426 1.92289 0
0.373506 -1.36788 -0.653621 0
1.30742 -2.41177 -0.470341 0
0.820976 -1.91077 0.144026 0
0.170568 -1.87978 -2.24919 0
1.78661 -1.95664 -0.740653 0
1.86573 -1.92643 -2.50446 0
0.185843 -0.694788 -1.44739 0
0.746428 -1.51783 -2.85429 0
0.697244 1.47041 -0.170031 0
1.53893 1.70899 0.565144 0
0.83651 -3.78406 -1.22353 0
0.367664 -4.28964 -2.90059 0
0.565365 -2.99522 0.778264 0
0.391278 -0.617081 -2.65657 0
0.351806 3.08473 2.5412 0
0.721024 7.10629 0.584858 0
0.3845 8.69094 -2.1892 0
1.34003 2.26533 -0.148929 0
0.680579 2.97646 -0.665561 0
0.445268 -7.1074 1.9733 0
0.475097 -5.45032 0.119907 0
0.399072 0.92844 -2.81193 0
0.137991 -1.39945 2.37243 0
1.91894 0.357398 -0.285754 0
1.59058 0.184598 -0.330939 0
5.07061 0.229692 0.0536985 0
1.472 0.0650247 0.163222 0
0.272692 0.916584 1.33625 0
0.177234 -2.62199 2.53922 0
0.851263 0.437104 1.89805 0
0.831927 -2.67235 2.92885 0
0.271723 -3.78392 1.8417 0
0.311561 -4.00213 -1.71736 0
0.37962 -3.56254 1.46472 0
1.49395 -4.82946 1.55255 0
1.77797 0.197142 3.02041 0
0.209722 -0.429324 2.57121 0
1.08327 -1.16068 -2.84379 0
0.316331 3.59449 -3.08269 0
0.297018 3.67745 2.72725 0
0.608788 0.804544 0.78348 0
0.268202 -0.315627 0.132227 0
0.828152 4.59125 2.23687 0
0.302845 4.47607 0.73329 0
0.635414 -0.693414 1.12479 0
0.342531 4.18774 2.77027 0
0.241183 6.30274 1.63134 0
0.385612 0.989825 -1.46759 0
0.152316 1.05396 -1.73088 0
0.773935 -2.66935 1.31058 0
0.621821 -4.62967 1.21521 0
0.412938 -6.23284 1.57451 0
0.861966 -5.50668 2.83816 0
0.291803 -2.8403 -0.88973 0
1.20831 -1.80006 -2.71299 0
0.146104 -1.77922 -1.21367 0
0.264015 -2.27461 0.951389 0
0.980998 -1.16819 -2.88617 0
0.553731 0.421571 0.871126 0
1.02481 1.72068 -0.356133 0
0.213372 3.34893 2.11477 0
0.595639 3.10079 2.58271 0
0.426591 2.13564 1.46187 0
0.0857706 -6.79485 -0.643353 0
0.298543 2.05849 0.145897 0
0.602009 6.79745 1.57182 0
0.515929 6.5449 -0.263912 0
0.522883 8.0606 2.52731 0
0.24017 -1.78727 0.605549 0
0.162857 -3.49733 -1.68768 0
0.231607 -2.99026 -1.22949 0
0.14631 -2.67527 0.0532056 0
0.162454 2.94455 1.0181 1.21947519219052e-07
0.0916956 3.4329 -2.34005 2.53652297871819e-07
0.505706 -0.148704 2.57354 0
0.515525 0.407941 -2.2775 0
0.320666 0.791315 2.97203 54.8027223683892
1.20515 0.338796 -3.02468 4.72602872881969
0.143456 0.135064 -2.08675 0
0.535609 -0.0267366 2.49888 0
0.177407 2.87643 -0.789212 7.23520845759902
0.826188 0.15518 -0.419675 0
1.41222 0.342562 -0.722364 0
0.042525 6.63239 -1.10791 0
0.324147 6.36183 2.7328 0
0.143812 4.92345 -0.0651106 0
0.387746 4.11817 -1.23594 0
0.446606 -7.05027 -1.3712 0
0.218213 -6.94361 -2.44291 0
0.362417 -7.06257 -1.70971 0
0.43289 -7.11269 -1.06081 0
0.222629 -5.09536 -2.71632 4.35682642658284e-08
0.27395 -4.80726 2.5264 8.59068607714352e-08
0.225957 -2.27257 -0.202752 0
0.827445 -1.70217 -0.615734 0
0.144627 1.15197 -0.056951 0
0.11048 2.11321 -3.02245 0
0.0977618 -2.8159 1.97998 0
0.353764 -1.78232 -1.29612 0
0.180772 -1.50007 1.62793 0
0.0553213 -3.83012 0.721484 0
0.202234 -2.18879 -3.10441 0
0.172003 -1.74818 -2.5619 0
0.191857 -0.208586 -2.09507 0
0.403327 -0.0725576 -0.537012 0
0.374266 7.67564 -2.4053 0
0.116373 7.51363 -0.602193 0
0.125443 -1.04608 -1.24519 22.8571819282642
0.609878 -0.192859 -0.116593 7.38643131514066
0.600704 0.884494 -1.2947 26.4558649003731
1.06866 0.603174 -0.867344 17.7788024389056
0.13728 1.8652 -2.44092 0.365588180458106
0.2884 1.95125 0.457503 0.160192794096775
0.497102 -1.21844 -0.586248 30.3889251355249
0.23444 -2.27907 -0.12106 24.0165301037149
0.127882 0.981362 2.15698 102.768083783248
0.728427 0.211651 3.10491 26.8626378642717
0.110632 -1.51875 -0.211442 13.614824982605
0.301646 0.101544 1.27124 11.9053919197398
0.41972 3.96099 2.66528 0.0114633754083333
0.223256 2.41593 1.61514 0.486554063233477
0.362045 3.10731 2.06747 0.0237252323484154
