0.155559 -1.18238 2.16966 0
2.01846 -5.12555 1.08131 0
2.08938 1.59408 1.27187 0
0.304456 -5.11992 -2.35319 0
2.10678 5.21577 -1.62234 0
1.02352 5.43116 -2.74824 0
9.54905 -1.22356 1.99544 2.68188692820385e-13
8.60498 -1.31449 2.03034 2.41291176340387e-13
7.4881 -1.47719 2.0894 1.98887774199144e-13
0.530865 -0.725436 2.35122 3.71035287341357e-13
0.11795 -4.92503 -0.65811 0
0.509744 -0.095521 1.23536 0
0.647615 -1.87384 -2.45894 0
0.154575 -4.37659 1.71334 0
0.0612332 -2.59949 2.4013 0
1.0258 -0.542641 -3.03954 0
0.192892 -1.26856 -1.11635 0
0.219904 0.469248 1.8905 0
1.33536 -1.2907 -1.96254 0
1.56589 -0.420558 -1.16111 0
2.71611 -0.752964 -1.09926 0
1.45084 1.33866 0.0758174 0
1.23908 0.871344 0.398615 0
0.548734 1.77613 1.30876 0
1.14744 1.64238 1.87314 0
0.513339 1.46059 1.92708 0
1.61133 1.91288 1.70292 0
0.440836 -1.36819 -0.554131 4.32916891283581e-13
7.11318 -0.353314 -1.97992 5.58139528398948e-13
2.67504 -0.27527 -1.99061 5.7250503623526e-13
1.99151 -1.97761 -0.417546 0
0.485704 -5.58479 0.243611 0
0.23823 -4.42348 2.9056 0
5.37334 -1.51227 2.33484 1.49417484431933e-13
1.00299 -2.19283 1.74977 1.83639453196481e-13
0.33818 0.818024 2.88264 5.50191321880877e-13
0.190825 1.3609 -0.572437 1.423726872163e-13
0.945034 -3.61297 1.73136 0
0.559069 -4.37014 1.42368 0
2.00745 -2.92246 2.88124 0
3.03802 -0.565154 -0.748511 7.58019123762645e-15
0.586896 -0.846907 1.262 4.13159329001558e-15
1.31238 -1.3481 -0.0676786 3.72624276126235e-15
0.536817 -0.845159 -2.36496 7.48951468649184e-15
0.193036 4.14965 0.972636 0
1.20472 2.63022 2.0284 0
1.62738 2.24727 2.66555 0
1.65642 3.17844 2.38839 0
0.253891 2.80403 0.330121 0
0.525923 2.76587 1.77665 0
0.698716 3.75866 -2.90823 0
0.109767 4.18909 1.54756 0
0.403183 5.9352 -2.51857 0
0.624055 -3.46248 -2.71887 0
0.394627 -3.02458 -0.207493 0
0.54556 -3.56089 0.403558 0
0.464996 -3.5518 2.1848 0
0.241184 0.00801952 -1.66677 0
3.64972 5.50121 -0.70583 0
1.9461 5.30846 -0.607459 0
0.525907 5.58339 -1.55014 0
0.289562 3.97466 2.86247 0
0.529507 3.67549 2.47003 0
0.546866 0.624663 -1.64905 0
2.18291 -1.09819 -1.25218 0
0.0428157 -2.30416 1.70327 0
0.205162 2.98936 -1.23496 0
0.26115 4.92219 -2.06839 0
1.0475 3.60317 -1.05769 0
0.332047 4.44389 -1.35064 0
1.01759 3.06371 -1.92501 0
1.37776 1.97288 -1.76805 0
0.597298 2.54169 -2.48096 0
0.469783 -1.48681 -2.42142 0
0.512587 -1.19954 0.055471 0
0.117088 0.014952 -2.42776 0
0.403877 2.44449 1.48691 0
0.788854 3.7843 -1.03407 0
0.491871 5.50568 -2.091 0
0.697282 5.79266 -0.621949 0
0.0845455 -0.576153 -1.38494 0
0.347148 -2.18503 0.639877 0
0.284788 -1.55071 0.110705 0
0.148794 -4.11493 2.81949 0
0.456754 -3.02981 -2.66556 0
0.86538 -2.37099 -3.04595 0
1.33595 5.11632 -1.74676 0
0.172926 6.4528 -1.383 0
0.740901 5.00247 -1.34942 0
0.136521 4.68361 2.32284 0
0.481998 4.66888 -1.35187 0
0.990167 -1.66806 2.54281 8.9229750950851e-14
0.400279 -2.18272 -0.810607 0
0.172899 -1.91283 -1.06661 0
0.155341 -2.42358 -1.18026 0
0.337682 -0.713637 2.31342 0
0.816561 -0.686207 -3.01613 0
0.258513 0.824394 0.801604 0
0.687026 0.74091 2.14941 0
5.01638 -0.559257 -1.95999 5.11081205213796e-13
0.331514 -0.566686 -2.26318 4.77057283329737e-13
1.2967 -0.228333 -1.92152 5.83810893455114e-13
2.95904 -0.265045 -2.01072 5.7316676333218e-13
0.319272 -1.062 1.0533 0
1.9412 -1.42835 0.479419 0
1.32772 -1.70076 -0.213528 0
0.197601 -4.23945 -1.06734 0
0.117325 -5.30176 -2.16358 0
0.768929 -0.125059 -1.48779 6.04416844860922e-13
0.656239 0.474907 -1.07267 4.85123184683415e-13
0.407292 1.13636 -1.51378 3.48197573426995e-13
2.44257 -6.11727 -1.34699 0
0.231037 -5.41487 -2.2981 0
0.86569 -6.3793 -1.27756 0
0.315569 -5.79758 -3.12973 0
0.277689 -5.76105 1.73872 0
0.748237 -2.66223 2.42916 0
0.29501 -1.82461 -2.8026 0
0.700357 -0.0976473 -0.377324 8.31278051802667e-15
0.853268 -0.406677 -0.426014 7.71765857393464e-15
0.249156 -1.96738 1.82802 1.79249207156894e-15
0.983482 -2.26919 -0.358938 2.78200046679554e-15
0.389092 2.95431 0.881608 0
0.64405 2.53671 2.72289 0
0.641341 4.24419 2.83326 0
0.389891 5.01869 2.77883 0
0.375082 3.89724 1.5642 0
1.25359 4.49944 2.16376 0
0.16663 5.88888 1.20238 0
0.211139 6.65971 -0.785694 0
0.432673 6.04697 2.10916 0
0.146026 6.88396 1.7681 0
0.396284 6.17476 -1.33453 0
0.106799 5.93962 2.59008 0
0.742761 4.73001 -0.433355 0
0.129823 1.70566 0.273424 0
0.443657 0.737486 -1.58777 0
1.88853 -0.629598 1.82028 0
1.20453 -1.01839 2.71472 0
1.26217 5.73792 -1.01984 0
4.24798 5.70616 -0.641208 0
1.5144 5.63603 -0.693546 0
1.03906 4.92382 -1.02241 0
1.0652 4.43192 0.248639 0
0.491722 3.47272 -0.65106 0
0.474021 0.38221 -2.77963 0
1.73234 -0.886925 -0.930727 0
0.928887 4.14045 -1.09988 0
0.788145 3.3576 -0.479418 0
0.660306 3.21462 -2.08422 0
0.219386 3.38133 -3.0867 0
0.512364 3.44082 -2.73317 0
1.49694 2.90689 -2.63963 0
0.142386 2.513 -1.88776 0
0.167734 1.53431 0.221422 0
1.24173 3.70842 -1.75129 0
0.205441 3.09212 -1.62821 0
0.121727 3.73096 -1.89417 0
0.566511 2.97589 -1.53786 0
0.644995 2.33746 -2.37055 0
0.176351 -6.1623 -2.65595 0
0.75925 -6.12638 1.43291 0
0.534278 -5.75552 -2.03848 0
0.368251 -6.01459 -0.254099 0
0.446142 -5.51816 0.504229 0
0.550233 -4.45205 -2.04078 0
0.500285 -0.171273 2.82511 0
0.294917 0.632989 -1.62305 0
0.573408 0.360704 0.982721 0
0.198244 0.908696 2.70214 0
0.555547 4.89129 1.27005 0
0.920032 5.16569 -1.04769 0
16.3398 -2.13222 1.16774 0.0969453917637815
0.601464 -1.20231 -2.04254 0.0122285780054408
0.770179 -4.69307 0.733382 0
0.560518 -4.18014 1.37867 0
0.62441 0.71251 -0.637762 0
1.4044 0.615518 -0.195849 0
0.413828 1.34922 1.72333 0
0.827488 1.5448 1.63851 0
1.40922 -0.19412 -1.90605 5.89245029343475e-13
4.1425 -0.192638 -1.95521 5.8729901572797e-13
0.373368 -2.64098 -0.146318 2.54266127065414
0.0813301 -3.3693 -1.76405 14.5026080170893
0.721581 -1.83215 2.56371 9.64430944830335
0.391012 -1.59061 1.78319 14.3408684857526
0.150769 -7.62617 -2.33321 0
0.235595 -7.58942 0.280136 0
0.0912344 -6.97867 1.0914 0
0.287882 -7.34955 2.32407 0
0.0460084 -7.37645 1.70862 3.58492602985092e-09
0.145858 -5.4705 -2.92152 1.54123654176958e-08
0.141534 -6.45231 2.23908 2.49421118720553e-15
0.265698 -6.72734 0.170932 2.49173397593048e-15
0.244158 2.75493 -2.19533 0
0.154247 1.69751 0.743175 0
0.263301 2.73519 1.4047 0
0.574604 2.574 2.21356 0
0.511221 4.18427 1.37134 0
0.135746 4.12061 1.19014 0
0.0400884 6.29621 0.796149 0
0.623492 5.39723 1.3519 0
0.300517 -1.52139 2.19636 0
0.245512 -1.75406 -1.12436 0
0.73003 1.81495 -2.09615 1.82717019916068
0.274411 1.29023 -1.98685 7.86221429971572
0.778137 1.49834 -1.83226 12.7805939491914
0.0633921 1.94279 -3.10466 103.360481079584
0.11878 -4.91807 2.01497 0
0.306626 -5.32867 1.26896 0
0.203974 -3.39711 2.54863 0
0.152292 -5.18439 1.65073 0
0.104884 -2.87553 0.438029 0
0.180942 -3.26013 -0.593459 0
0.387244 5.00594 -1.15546 0
0.163943 6.69473 -0.170489 0
0.878722 5.32803 -0.651743 0
0.111691 5.69843 -1.82726 0
0.993019 1.39247 0.348224 10.2542531410554
0.836587 1.83445 0.28174 8.08539167241648
0.283315 0.204334 -0.881582 4.50209466285423
0.164519 -0.267915 -0.963799 7.74648812417718
0.421645 -2.08348 2.82865 6.19430205111514
1.51204 -1.73832 2.48574 2.40333916186444
0.432429 -1.70304 2.07646 4.44038077868136
0.337302 -2.29674 2.99534 3.22336897182858
0.196963 -2.81296 -2.96627 14.2890555216761
1.18034 -2.81554 2.68943 2.3919661692958
0.0836916 -1.22001 -1.05936 0.000168816575442488
0.013361 -1.05532 -1.06488 0.000214080973048375
0.520471 2.0633 -1.35256 0.777503150138148
0.35168 1.30711 -1.79138 2.31855506886953
1.00176 0.704265 3.08431 6.99625757464582
0.187993 1.2884 -2.57106 24.1151055838664
0.612491 4.56438 -0.229361 2.69609028014416
0.814602 4.35189 -0.779012 2.50036884662088
0.466604 0.134415 2.607 0.0199691719973446
0.230196 -0.25109 2.39989 0.0178523028677789
0.591798 -0.57419 -0.811454 0.317451643838169
2.61599 0.0417812 -1.01345 0.483271787958686
0.0763116 1.51633 1.80112 1.77362648463298e-05
0.0532214 1.51854 1.30054 2.87586213158805e-05
0.349114 3.67123 1.82785 1.56090955258536e-08
0.179438 4.21062 0.935338 2.5719768511374e-08
5.25652 -0.658027 -1.16381 0.182471412647921
0.675434 -1.3168 0.268316 0.169888649144899
0.0934155 -0.133116 2.95898 0.526335566209001
3.44064 -0.337838 -0.839844 0.756078267406166
5.4493 -0.278711 -0.893686 0.311810814164126
1.37408 -0.152115 -0.874037 0.793897455941754
2.38038 -1.25818 -0.996413 0.173817811902675
9.74 -0.958211 -1.11481 0.0295668027460856
