0.860654 -6.73973 2.57423 0
0.281703 -9.0516 2.67854 0
0.299184 -9.33519 -2.09475 0
1.68764 6.16597 -1.71726 0
4.26925 1.90467 -0.994131 0
0.76325 1.7919 -2.01797 0
0.673574 2.26809 -1.04535 0
0.129537 4.40967 -1.28424 0
1.02981 3.2204 -0.921103 0
0.616774 1.41787 0.99673 0
0.471944 1.28904 2.44618 0
0.972818 1.55158 1.45442 0
9.4008 3.05177 1.07464 0
0.0119731 -3.63035 0.857245 0
0.0968874 -4.11238 0.176929 0
0.209362 -1.77478 -0.724327 0
0.34362 -2.68937 0.0683797 0
0.293565 -3.46129 -0.750236 0
0.223241 -6.99646 2.48293 0
0.279489 3.35818 -1.59939 0
1.60781 3.34792 -1.55221 0
0.24843 -0.829255 1.98681 0
0.996103 1.06479 -1.10634 0
0.235765 0.544902 1.66468 0
0.492067 -0.520593 2.73112 0
0.403443 4.09238 2.63009 0
0.217107 4.46659 -2.8084 0
0.975329 4.5864 0.377149 0
1.18278 5.375 2.63168 0
0.190768 5.73319 -2.05711 0
0.737788 4.54116 -2.77968 0
0.916244 2.97506 0.948037 0
0.445311 1.51009 -3.06357 0
0.455711 1.09015 -1.94315 0
0.320929 -2.58096 -2.05968 0
0.369638 -4.63574 -2.88527 0
0.550986 -4.95916 0.244462 0
0.642596 -5.38494 0.26513 0
0.146725 -5.05092 1.08049 0
0.742181 -2.59058 2.25012 0
0.367448 -2.59326 -2.56073 0
0.534769 -1.73268 2.84951 0
1.27227 -0.574823 1.98484 0
1.04847 -0.621142 3.06146 0
1.1419 -7.70227 2.58722 0
0.5015 -7.15856 -2.94233 0
0.113533 2.36658 -1.10102 0
0.695561 2.30369 -0.831286 0
0.782733 4.29855 -0.425839 0
1.10462 3.40764 -0.751612 0
0.395625 2.47893 0.492699 0
0.841346 1.75788 -0.500016 0
4.51565 2.08536 -0.515146 0
0.157387 0.946504 0.356296 0
0.107917 2.60901 -2.75589 0
0.296714 1.14662 -1.92498 0
0.623139 1.88229 -0.0124453 0
0.336533 2.68619 1.29496 0
1.76026 -2.55281 -0.0968362 0
1.22965 -2.86765 -0.119061 0
0.319694 -5.14781 -2.05609 0
0.178345 -2.28177 2.87201 0
0.344608 1.42147 -0.2347 0
0.446059 2.23887 -2.17867 0
2.14985 3.07922 -1.31537 0
1.78889 3.00909 -1.34221 0
0.527247 0.503079 2.60012 0
0.249681 0.858619 0.928485 0
0.258013 0.132632 -2.71371 0
0.218079 0.850615 2.02752 0
0.900558 -0.410158 -2.20382 0
1.89417 -0.107921 -2.88643 0
0.106957 -0.960241 -0.303576 0
0.0790645 3.18429 -1.5864 0
0.0899737 4.48241 -1.64021 0
0.205156 6.32512 -2.85742 0
0.680635 4.18551 2.72262 0
0.191833 5.55956 2.65691 0
0.535768 4.81161 -2.38156 0
0.759844 5.55471 1.83553 0
0.311491 2.12171 2.85063 0
0.585374 1.57685 1.18763 0
1.2063 0.211288 1.03718 0
0.50973 1.28247 2.89825 0
0.385996 -0.679482 -0.529692 0
0.245339 -0.298248 -3.07963 0
0.441366 -3.7037 1.47007 0
0.516955 -4.05766 0.216894 0
0.593595 -4.58598 1.11721 0
0.224377 -3.49026 -0.0470645 0
0.517734 -4.16984 1.9566 0
0.440761 -2.45041 2.8441 0
0.607472 -2.09524 2.45514 0
0.743875 -2.76811 -2.60427 0
0.305398 -3.47183 -3.01815 0
0.356133 -2.71331 1.03274 0
0.138263 -2.12051 -2.43879 0
1.42335 -2.42009 1.78564 0
0.135383 -0.411421 3.02331 0
0.374304 -1.47692 0.986442 0
0.374487 -0.256366 2.98459 0
0.207866 2.62279 -1.50099 3.81016167874186e-08
0.148951 2.84542 -2.74964 8.46147070372903e-08
0.190545 4.43666 -2.12332 0
0.200143 2.96616 -2.02401 0
0.422539 -7.47845 2.59174 0
0.106857 -8.95028 -1.36803 0
0.376801 6.91464 -1.04029 0
0.0623048 7.06757 -0.622992 0
0.128974 5.98707 0.653598 0
0.254764 7.3171 -0.258739 0
0.0994643 3.51874 -0.408959 0
0.496427 3.48645 -0.68748 0
0.483176 2.6126 -0.302257 0
0.146804 3.16983 -1.28155 0
0.307051 3.61458 1.21544 0
0.86905 2.73943 1.41211 0
0.341137 -0.511469 -2.99298 0
0.282021 0.12141 2.58784 0
0.0967119 6.10593 1.48983 0.314352288978211
0.0811299 5.11154 1.76328 1.01469900850329
0.246809 2.52449 -2.28344 0
0.535717 1.90075 -1.16124 0
0.287458 0.786299 2.45024 66.6884271578597
0.261615 2.34528 1.31355 3.71485154360969
0.0581163 2.67611 -0.0228041 12.0529275404754
0.149813 -0.573639 2.71231 0
0.218145 -1.09129 -0.358509 0
0.210607 4.17796 0.87079 5.60184653742342e-06
0.857213 4.17954 0.87049 5.48237994463186e-06
0.204216 4.96058 -0.13286 3.80000186599523e-08
0.0235134 6.09834 1.57499 1.1226561734438e-07
0.069545 -5.34378 -0.041159 0
0.260054 -3.61233 1.5981 0
0.332338 -4.22351 1.21222 0
0.347144 -4.8452 2.7053 0
0.94264 -0.467347 2.61346 0
2.13507 -0.337792 2.92536 0
0.389388 0.751894 -1.805 35.518611674
0.090268 1.30592 1.38343 100.260100357605
0.00777254 4.54987 -0.251619 3.45618960804146e-05
0.0540435 4.6671 -0.164421 3.80084460189339e-05
0.214774 -3.60136 -0.639581 1.39542672509571e-07
0.0585435 -3.57361 -0.653479 1.19987961279011e-07
0.0499444 2.9425 -0.67597 1.14260822613593e-05
0.0892004 2.93578 -0.561622 7.03425611700832e-06
0.294764 1.52851 -0.884903 1.89884412104468
0.119546 0.157896 -1.25756 11.1433398455121
0.019356 -1.53038 -0.446042 95.7568793595751
0.208672 -2.4314 -0.548438 29.7434108578405
