2230926.26084019 0 0 0 0 0 0 0 0 0 0 0 0 0 0
3886825.74197088 0 0 0 0 0 0 0 0 0 0 0 0 0 0
6025504.68709824 0 0 0 0 0 0 0 0 0 0 0 0 0 0
8570758.72846368 0 0 0 0 0 0 0 0 0 0 0 0 0 0
11509079.1178734 0 0 0 0 0 0 0 0 0 0 0 0 0 0
14746409.4719225 0 0 0 0 0 0 0 0 0 0 0 0 0 0
17817559.2271102 0 0 0 0 0 0 0 0 0 0 0 0 0 0
19903486.2407438 0 0 0 0 0 0 0 0 0 0 0 0 0 0
20361534.3530504 0 0 0 0 0 0 0 0 0 0 0 0 0 0
19249734.2155586 0 0 0 0 0 0 0 0 0 0 0 0 0 0
17212058.2896563 0 0 0 0 0 0 0 0 0 0 0 0 0 0
14866051.8245399 0 0 0 0 0 0 0 0 0 0 0 0 0 0
12405956.7946355 0 0 0 0 0 0 0 0 0 0 0 0 0 0
9766793.62764694 0 0 0 0 0 0 0 0 0 0 0 0 0 0
7009684.02567793 0 0 0 0 0 0 0 0 0 0 0 0 0 0
