8.35184472569249 7.72656179300859e-10 1.36413913276604e-10 1.53895832462624e-05 2.94599432135515e-22 0.000104320675058066 1.87057723693311e-13 2.51584836476941e-13 1.24378355956527e-06 3.58567870241828e-07 5.25351929372029e-34 3.89747290262736e-87 1.46409645893775e-166 2.78490310287569e-272 0
15.9663387595243 1.64284714804799e-09 1.00454973120692e-09 0.0001133286285987 2.19389613285598e-21 0.000776881340569877 1.3930283241162e-12 3.65456322881138e-12 7.75223586638528e-06 2.22391038520547e-06 3.25833882112814e-33 2.41729144844021e-86 9.08062208077444e-166 1.7272531775084e-271 0
24.9679186425586 3.91915889071126e-09 5.93266224118133e-09 0.000669295361738417 1.31028457758051e-20 0.00463985490911357 8.31973812557215e-12 4.25747303835315e-11 3.90032564639893e-05 1.10618713156893e-05 1.62071839683882e-32 1.20237609901225e-85 4.51675902015508e-165 8.5914668622981e-271 0
32.2170450383348 1.30404773665364e-08 2.80991519947812e-08 0.00317001564126547 6.27596633527984e-20 0.0222238612788467 3.98496740956004e-11 3.97771570781152e-10 0.000159728783575961 4.41270940982314e-05 6.46523460299221e-32 4.79641841315993e-85 1.80178782245216e-164 3.42723627725406e-270 0
34.9639154286293 5.08011194834509e-08 1.06733858827381e-07 0.0120412175427308 2.41079893400777e-19 0.0853689702303123 1.53075363406494e-10 2.98044410918716e-09 0.000542027464643764 0.000141171641124071 2.06836139521167e-31 1.53447280574644e-84 5.76428947001823e-164 1.09644330692354e-269 0
33.2771962920758 1.81018478685733e-07 3.25144652999948e-07 0.0366813075310992 7.42688647611268e-19 0.262994081888323 4.71575498101975e-10 1.79099194130441e-08 0.00157710248437381 0.000362205470959177 5.30681521657738e-31 3.93701200080947e-84 1.47894943035905e-163 2.81315539864869e-269 0
29.9791969040396 5.39010512149634e-07 7.94358285150812e-07 0.089615807237335 1.83492361374633e-18 0.649766499803609 1.16509831169881e-09 8.6312101160568e-08 0.00414352429519418 0.000745294568271001 1.09196046797946e-30 8.10101971030625e-84 3.04317042554645e-163 5.78850847493525e-269 0
27.8711906346967 1.31998681279754e-06 1.55640153531758e-06 0.175585982522272 3.63575494194033e-18 1.28746094945907 2.30855019310212e-09 3.33591636809052e-07 0.0103098953132536 0.00122989012392338 1.80196053004689e-30 1.33683573711373e-83 5.02186036385327e-163 9.55223573155167e-269 0
27.302429879582 2.67510102751143e-06 2.44563859417126e-06 0.275905571735591 5.77745572329918e-18 2.04586146170575 3.66844048704185e-09 1.03400830569689e-06 0.0244070964273776 0.00162768394572289 2.38478394820119e-30 1.7692198880558e-83 6.6461233673711e-163 1.26417965666792e-268 0
26.5727946809579 4.55114496683709e-06 3.08196935332858e-06 0.347693448463034 7.36281787326221e-18 2.60725666133478 4.67507994826568e-09 2.57038576875237e-06 0.0526592311486793 0.00172758431976012 2.53115192648671e-30 1.87780714114957e-83 7.05403438230898e-163 1.34176967092299e-268 0
24.1658308842343 6.61179549502559e-06 3.11479708928488e-06 0.351396920954593 7.52518011477019e-18 2.66475175990783 4.77817458656831e-09 5.12434069765385e-06 0.0981610818153948 0.001470529817466 2.15453123639839e-30 1.59840035645523e-83 6.004435079647e-163 1.14212214518002e-268 0
20.0879307454301 8.31597214683606e-06 2.52462345278257e-06 0.284816276132205 6.16815317027858e-18 2.18421375379751 3.91652040803576e-09 8.19300260540153e-06 0.152287682536718 0.00100386155933271 1.47079716501697e-30 1.09115276358972e-83 4.09894548915246e-163 7.79673083803585e-269 0
15.3365189173587 9.0915375735759e-06 1.64107667299223e-06 0.185138637737803 4.05470077028842e-18 1.43581645125546 2.57456690022144e-09 1.05054242870388e-05 0.192720722605511 0.000549590505234813 8.05226726239945e-31 5.97380378852497e-84 2.24407589011646e-163 4.26852607375892e-269 0
10.8059026955882 8.5711824059941e-06 8.55512855658388e-07 0.0965149814572507 2.13760707685747e-18 0.756951615943531 1.3572922735168e-09 1.08031276833418e-05 0.197062799604252 0.000241307058684939 3.535484893438e-31 2.62290015500543e-84 9.85299686497367e-164 1.87416897120276e-269 0
6.93418643692876 6.85919552101061e-06 3.57675848046201e-07 0.0403513256563733 9.03779230737728e-19 0.320038866538452 5.73862677122709e-10 8.90944864493995e-06 0.1621255663841 8.49701213777052e-05 1.24493076233091e-31 9.2358734032476e-85 3.46948134925493e-164 6.59940765236168e-270 0
