317318783138.67 0 0 0 0 0 0 0 0 0 0 0 0 0 0
500973769502.156 0 0 0 0 0 0 0 0 0 0 0 0 0 0
764555870600.302 0 0 0 0 0 0 0 0 0 0 0 0 0 0
1151706526368.97 0 0 0 0 0 0 0 0 0 0 0 0 0 0
1737628569820.19 0 0 0 0 0 0 0 0 0 0 0 0 0 0
2628986614875.71 0 0 0 0 0 0 0 0 0 0 0 0 0 0
3941941113095.95 0 0 0 0 0 0 0 0 0 0 0 0 0 0
5756054228770.96 0 0 0 0 0 0 0 0 0 0 0 0 0 0
8056219812895.93 0 0 0 0 0 0 0 0 0 0 0 0 0 0
10686475823310.4 0 0 0 0 0 0 0 0 0 0 0 0 0 0
13340841811896.4 0 0 0 0 0 0 0 0 0 0 0 0 0 0
15606160567235.5 0 0 0 0 0 0 0 0 0 0 0 0 0 0
17054697551685.3 0 0 0 0 0 0 0 0 0 0 0 0 0 0
17364508420683.3 0 0 0 0 0 0 0 0 0 0 0 0 0 0
16427800852532.3 0 0 0 0 0 0 0 0 0 0 0 0 0 0
