0.100147875874852 0.181037420980228 0.315212241841392 0.496887541214551 0.68612351463562 0.822756183073987 0.861175857729377 0.795373409941684 0.65452601509419 0.481346925842576 0.314528201867361 0.180427648626287 0.0896231901705206 0.0380903604751213 0.0137292081866326
0.27514424323085 0.35897025236621 0.489750316373092 0.681805380978106 0.909050185081939 1.10995131973698 1.22134219072078 1.20887937642744 1.0746596205831 0.851547069297749 0.593783783315171 0.359284779744975 0.186405269865873 0.0822137594847046 0.0306545422827465
0.735045880470498 0.755001027466829 0.746966609268854 0.78018374240593 0.889583619538999 1.05309264146019 1.21028707622544 1.29312497356561 1.2510878565112 1.07403807821334 0.804362090645269 0.518648888187019 0.285315442056291 0.133135127629798 0.0525135180159677
1.54418591691334 1.4698354038057 1.24315195470083 1.01535655152314 0.903214610256575 0.932515624577686 1.05322707788848 1.17994978607802 1.225712558932 1.13554433071681 0.916413986780256 0.634809142337672 0.374000986971955 0.186349895914742 0.0782501211135893
2.38920283792443 2.25526549206216 1.86489312561503 1.442042277686 1.1590799728218 1.05812439684523 1.0862216554498 1.16002746506993 1.19722199281088 1.13295063418466 0.947992613092757 0.684844420762512 0.420958436946028 0.218314115776355 0.0950705993102452
2.92282123180269 2.77014505090627 2.30783907859333 1.79899419736331 1.43435744653993 1.24525459781485 1.16470813640103 1.11987271099427 1.06177838736244 0.954734972669474 0.781896844316787 0.563350868981943 0.348649784879184 0.182728435431921 0.0804730952702245
3.15423344398788 2.97570807740882 2.45232604555887 1.86757514297441 1.42720499682224 1.16266808154645 0.999223449039196 0.865556095030611 0.733664684745711 0.597904220838808 0.456451147487087 0.315265190713545 0.190829004385647 0.0989933056671174 0.043427589274634
3.11636190765257 2.90832878234856 2.34047792737248 1.70328283141677 1.21795659934875 0.928000477176335 0.755346044422542 0.61491110366342 0.473567267300278 0.338231154320679 0.223387165217408 0.135585930186834 0.0743937535700417 0.0360988296228079 0.015179778232731
2.67470518894674 2.48628772450152 1.99029742835517 1.44828209500857 1.06064662802594 0.860058695276689 0.755322322652479 0.645615320674845 0.495096778315851 0.32907233834285 0.188101686521629 0.0928904284858163 0.0400380822663296 0.0152370251258244 0.00516171140477592
1.83466550668194 1.71847821158047 1.41067468413097 1.10002908940107 0.922258465454003 0.877118826410031 0.864072196257673 0.784714909321035 0.616759954242355 0.409522499115723 0.22796010621956 0.10621363605568 0.0414680810027946 0.0136059881939243 0.00377025672555108
0.921429902131924 0.877615311150584 0.755223377953374 0.654700996578779 0.639833095140119 0.690331345355862 0.726145865661284 0.677661064785746 0.538306790074793 0.358683577281039 0.199519882474919 0.0925174001164612 0.0357504058667311 0.0115136731953741 0.00309178086193266
0.314708880149708 0.30683439596967 0.280466759909104 0.272330708812394 0.301901756087277 0.352748795629776 0.38397976236991 0.362825402364902 0.289471621443614 0.193175667044541 0.107502770569184 0.049841504221638 0.0192459564117154 0.00618916975057428 0.00165757526127601
0.0696293861624661 0.0699291115525509 0.0685264940340183 0.0742257137445332 0.0906610139262017 0.111477447531183 0.123769588565998 0.117742414831081 0.094147078482091 0.062874303438857 0.0349982772344837 0.0162273175051341 0.00626592294442231 0.00201481110065798 0.000539494537959659
0.00971290130532459 0.0101174382858819 0.0107085061581608 0.0128342822203502 0.0168815679569237 0.0214812999556442 0.0241492839419917 0.0230685071239713 0.0184702114798382 0.0123402446914027 0.00687000729499688 0.00318549197009559 0.00123004204299058 0.000395519658676961 0.000105904598066542
0.000842267996845751 0.000916985065715646 0.00105420260653882 0.00138393802549943 0.00192659792562094 0.0025107362394525 0.00284621661374241 0.00272625255511563 0.00218472176909703 0.00146005065974121 0.000812904344337827 0.000376938857243454 0.00014555200375498 4.68023175474762e-05 1.25318167094224e-05
