8.34710990047373 0.00111438546652361 0.000785852353875791 0.0480388120153914 5.87395111844626e-12 0.00377893447170078 5.76529501105656e-40 3.77078531080863e-90 2.38265564278066e-22 2.59767274597545 4.88653800701312e-24 1.5860315021387e-93 8.88210744059922e-209 0 0
12.4467415748981 0.00445958083134594 0.00399337103490922 0.14775909002066 1.00080463592252e-10 0.00985237687309517 1.50311839643887e-39 4.85402510536516e-90 3.06712510901797e-22 3.34391053458933 6.29030194224347e-24 2.04165342089717e-93 1.1433685280792e-208 0 0
15.4944146257266 0.0128921817583571 0.0146718174454354 0.328222904261101 3.59088988608489e-09 0.018550917684413 2.83020290447989e-39 4.51258044465594e-90 2.85137560845526e-22 3.10869123243474 5.84782585985694e-24 1.89803824700499e-93 1.06294103323495e-208 0 0
18.1488904232659 0.0269229642215136 0.0389620183660838 0.526545962996001 1.03514152617627e-07 0.0252256582540026 3.84852827619855e-39 3.02970694967677e-90 1.91438858609299e-22 2.08714804019962 3.92617901562062e-24 1.27432623932797e-93 7.13649291128388e-209 0 0
22.0055121941502 0.0406139594371108 0.0747680605701529 0.610037339070297 2.16651221471326e-06 0.0247726430263803 3.77941444394498e-39 1.46902442406526e-90 9.28236174928531e-23 1.01200264534505 1.90369991652642e-24 6.17886944478154e-94 3.4602958513737e-209 0 0
27.6694979683305 0.0442574300511807 0.103666463567823 0.510421871951418 3.27554839509904e-05 0.0175693182000919 2.68044612377379e-39 5.14410869929734e-91 3.25042096253141e-23 0.354374748734617 6.66621952707585e-25 2.16366559616243e-94 1.2116978928053e-209 0 0
34.2553432117909 0.0348470957184922 0.103838323819276 0.308428755200721 0.000357655351522982 0.00899891603588412 1.37291096511788e-39 1.30090021308915e-91 8.22003104904089e-24 0.0896182824062888 1.68582876261082e-25 5.47172153552246e-95 3.06427826294846e-210 0 0
39.9265116722327 0.019884748407084 0.0751342708148867 0.134596316116788 0.00282032009349373 0.00332872730215651 5.07844077530495e-40 2.37591314255954e-92 1.50127424111086e-24 0.0163675317169098 3.0789315528519e-26 9.99333767330468e-96 5.59647767303413e-211 0 0
43.9721885718137 0.00849493843462106 0.0392693337455907 0.0424193698904649 0.0160614523609558 0.000889239946311764 1.35666036669748e-40 3.1337897964879e-93 1.98015567751566e-25 0.00215885012668803 4.06105935085552e-27 1.31810456672347e-96 7.38166068189388e-212 0 0
49.4272459625876 0.0035980368981501 0.014824685228882 0.00965490444623345 0.0660577769170717 0.000171558577551491 2.61736692887417e-41 2.98512067033043e-94 1.88621574109684e-26 0.000205643280367569 3.86839992435475e-28 1.25557278672387e-97 7.03146966257342e-213 0 0
59.631912152427 0.00332386343363609 0.00404222726721787 0.00158702757966966 0.196207598130426 2.39033426399802e-05 3.64679046701717e-42 2.05355646354332e-95 1.29758591177415e-27 1.41468347253221e-05 2.66119147114741e-29 8.63747196973614e-99 4.83716458007979e-214 0 0
69.8241226532573 0.0048800202482828 0.000796067632680485 0.000188396875302252 0.420882061538956 2.40523527387641e-06 3.66952404877677e-43 1.02024419528179e-96 6.44664277739289e-29 7.02840475358385e-07 1.32212831698176e-30 4.29125314812488e-100 2.40319132785558e-215 0 0
68.6736860457439 0.00593688898246393 0.000113231355279172 1.6151603474277e-05 0.652015226463279 1.7478703707274e-07 2.66662160169768e-44 3.6606174343234e-98 2.31304358828149e-30 2.52177871684381e-08 4.74377211841853e-32 1.53969374800338e-101 8.62260634605543e-217 0 0
52.2444011712047 0.00528782397688703 1.16323240501043e-05 1.00002376269544e-06 0.729470589726183 9.1730472953608e-09 1.39947703044246e-45 9.48543565435425e-100 5.99358619577136e-32 6.5344631560941e-10 1.2292119019669e-33 3.98967284512129e-103 2.23430006373918e-218 0 0
29.7478316491929 0.00340556454644038 8.63070662482801e-07 4.4715462077061e-08 0.589400586079331 3.47673339731671e-10 5.30423655157622e-47 1.77505963429167e-101 1.12161141653812e-33 1.22282857665312e-11 2.30028910498247e-35 7.46608535386929e-105 4.18116362659435e-220 0 0
