6.39142290940039 3.86490586260477e-74 0 1.44449686216075e-98 2.30255040481937e-05 1.04898086647221e-83 3.75283978698734e-21 1.64652729292022e-09 5.7038146496268e-62 1.47788351052989e-38 2.79010809967747e-36 0 0 0 0
16.4459814612091 2.27778635574489e-73 0 2.43989980436953e-98 3.88923813504592e-05 1.74895795932149e-82 6.25708173075031e-20 2.11007390509062e-09 1.17830635906857e-61 2.44737746356515e-38 4.62042348764884e-36 0 0 0 0
35.0805963328952 1.08953117413495e-72 0 3.3448757397581e-98 5.33178381372864e-05 2.36670310608591e-81 8.4671302064603e-19 2.19471941920127e-09 1.97562105357211e-61 3.289382038008e-38 6.21005065811247e-36 0 0 0 0
62.1645321233413 4.2297913215476e-72 0 3.72169339763919e-98 5.93243700545613e-05 2.59932628361298e-80 9.29936418126572e-18 1.85273349500457e-09 2.68844822315993e-61 3.5882300886333e-38 6.77424828308192e-36 0 0 0 0
91.848480309189 1.33275656237508e-71 0 3.36088616084232e-98 5.35730467328499e-05 2.31702341574102e-79 8.28939586974306e-17 1.26940296035388e-09 2.96928794407603e-61 3.17686571396421e-38 5.99763019004192e-36 0 0 0 0
114.031800494925 3.40828045781686e-71 0 2.46331311883927e-98 3.92655932148991e-05 1.67630350956214e-78 5.99715276686412e-16 7.05892662477245e-10 2.66167827658488e-61 2.28281143104858e-38 4.30973795865771e-36 0 0 0 0
121.049984004663 7.07412005944988e-71 0 1.46533878279944e-98 2.3357727496101e-05 9.84300017322364e-78 3.52143722102635e-15 3.18588749637167e-10 1.93647284917058e-61 1.33135485567482e-38 2.51347548023686e-36 0 0 0 0
114.018899485073 1.19168681704201e-70 0 7.07471705573777e-99 1.12772087274072e-05 4.69088664333146e-77 1.67821421667544e-14 1.16701062604954e-10 1.1434570891132e-61 6.3018813411099e-39 1.18973721864809e-36 0 0 0 0
101.88665027317 1.62931273027583e-70 0 2.77225205343647e-99 4.41901277539163e-06 1.81440816122338e-76 6.49123673739958e-14 3.46953915285283e-11 5.48000478173134e-62 2.42102471796598e-39 4.57067192846227e-37 0 0 0 0
93.9488199325875 1.80800394414879e-70 0 8.81675878374435e-100 1.40540502637977e-06 5.69596943429672e-76 2.03779319544518e-13 8.37184892166433e-12 2.13154551468954e-62 7.54885063711105e-40 1.42515354936921e-37 0 0 0 0
93.593392240183 1.62834679351976e-70 0 2.27581948530724e-100 3.62769156130353e-07 1.45128570175497e-75 5.19212780510349e-13 1.63954590137556e-12 6.72916055649714e-63 1.91035926221723e-40 3.60658253023952e-38 0 0 0 0
98.0445645512996 1.19027425472132e-70 0 4.76781362942476e-101 7.59996888197712e-08 3.00117133673145e-75 1.07370072801516e-12 2.60602384616915e-13 1.72416878293788e-63 3.92375490202607e-41 7.40768826182171e-39 0 0 0 0
101.702727987277 7.06154585765255e-71 0 8.10687239427188e-102 1.29224803474667e-08 5.03710809030389e-75 1.80207859426663e-12 3.36190780692858e-14 3.58551275456413e-64 6.54095710669106e-42 1.23487252364553e-39 0 0 0 0
99.3056938637474 3.40020525699726e-71 0 1.11876793449244e-102 1.78333344152174e-09 6.86158358013285e-75 2.45480396109245e-12 3.52002561566835e-15 6.05167188164551e-65 8.84979759678589e-43 1.67076036638675e-40 0 0 0 0
88.1308674078514 1.32881062550154e-71 0 1.25308142025669e-103 1.99743122125425e-10 7.58612600781494e-75 2.71401666333269e-12 2.99128959173114e-16 8.28995323848019e-66 9.71802432881151e-44 1.83467358553571e-41 0 0 0 0
