1.24109474347589 0.937035636277857 0.522059418128662 0.354725140819356 0.240318292856888 0.182659837730885 0.0691573138244762 0.0342914948221166 0.00287416364845663 3.07698432050131e-05 4.18014832783548e-08 7.20533566808907e-12 1.575838611719e-16 4.37284647583464e-22 1.5396134478164e-28
2.2438939260158 1.5691516178914 0.875396381328316 0.613188518657414 0.496196885631599 0.395105094605564 0.191683290207647 0.10271458032307 0.00862632489438234 9.23543200426285e-05 1.25465482854103e-07 2.16265434013936e-11 4.72982391583478e-16 1.31249553439249e-21 4.62110352615151e-28
3.60496671001418 2.24671380131752 1.15969931002194 0.833145001341707 0.805224170022837 0.674134354739193 0.423557333919626 0.240700947315652 0.0202435160597567 0.000216735941191836 2.94441956111994e-07 5.07532820972725e-11 1.11000185316325e-15 3.08019640889917e-21 1.08449677403229e-27
5.24254487650335 2.83596907930061 1.21956874194587 0.890968375842813 1.02790041081933 0.910807307131066 0.743341866349482 0.441264393596026 0.0371488578442121 0.000397746043932935 5.40358690169726e-07 9.31439184735356e-11 2.03714820066941e-15 5.65309853459538e-21 1.99042749830307e-27
6.87843225505859 3.23641807212912 1.02930073442961 0.752480017251052 1.03926440128668 0.982440059054296 1.03330018542123 0.633137682528109 0.0533431504951759 0.000571188022369711 7.76054389223168e-07 1.33783975283131e-10 2.9262734694972e-15 8.12128781185093e-21 2.85979171773621e-27
7.99810721136605 3.37588795760456 0.71553965016705 0.509028368149936 0.860330183608103 0.866740314855474 1.13835447765238 0.713040339291238 0.0601251602375139 0.00064406514040701 8.75437560031929e-07 1.5098493768257e-10 3.30412396921868e-15 9.17476184610595e-21 3.23259009106186e-27
8.14295698312549 3.23913976801523 0.439064182594784 0.295057742992972 0.663265978214141 0.677632513930539 1.00744463259962 0.639398740228955 0.0540248518124549 0.000579815139110977 7.89708955192432e-07 1.36497370929642e-10 2.99410661800883e-15 8.33494200697989e-21 2.94467440347396e-27
7.37592275250239 2.9614075393897 0.286895528713377 0.187393738837615 0.628210135502586 0.572572047053625 0.76487102340302 0.487381426049841 0.041498762782865 0.000449041249121702 6.16947433196945e-07 1.0762941862112e-10 2.38425121426325e-15 6.70701029798231e-21 2.3959619893071e-27
6.31723845698072 2.8120836944781 0.265801597679596 0.178736867037993 0.790771206963596 0.622055183410523 0.615059842372452 0.392745605409216 0.0341987049471513 0.000378809042657985 5.331598077707e-07 9.53490588876076e-11 2.16669987636876e-15 6.25610672910973e-21 2.29525253813053e-27
5.57813087369177 2.96002147072336 0.337084647048824 0.211832395345122 1.01033196125803 0.757804145042792 0.675665602794273 0.440132101110792 0.0393909377515215 0.000448267250682226 6.47845898002813e-07 1.18898024574554e-10 2.77094378118018e-15 8.19998933809293e-21 3.08115883369733e-27
5.22731362991227 3.24962952818356 0.432274063476962 0.226545908830888 1.08584790335629 0.837704430687649 0.888435175519462 0.595651109693792 0.0539789075682968 0.000621404790406109 9.07894383430726e-07 1.68342276031649e-10 3.9613318096537e-15 1.18296786080773e-20 4.48314009145913e-27
4.87206616800279 3.29978399043016 0.473495496819029 0.195833026754996 0.928024411088242 0.76838595062204 1.06620839625618 0.730952161567327 0.0664625942796756 0.000767303448786208 1.12403429672214e-06 2.08933878958401e-10 4.92780405904585e-15 1.47472753343851e-20 5.59992976734037e-27
4.15543538837097 2.86587017812583 0.420181586964855 0.13381337199608 0.622758662691676 0.572507871910416 1.04281675723684 0.725787037022352 0.0660495766014715 0.000762992751077111 1.11833840720912e-06 2.07981883560357e-10 4.90768692998892e-15 1.46935579426013e-20 5.58181690658079e-27
3.08386664251213 2.0620244739543 0.297761977307405 0.0720814745162625 0.327333721654483 0.346046194753826 0.807166851135297 0.567482130830254 0.0516574407713803 0.000596810529936343 8.74858477128525e-07 1.62717780667898e-10 3.83997157918173e-15 1.14978526091606e-20 4.3681861505863e-27
1.94385621099648 1.21823072488147 0.168045395845225 0.0306565528568758 0.134752267234698 0.17008538069628 0.490825609351863 0.347424147960087 0.0316296650017894 0.000365434267194225 5.35698358967999e-07 9.96383491928359e-11 2.35140729822919e-15 7.04083745813994e-21 2.67495131653444e-27
