0.208399638169794 0.218770891841452 0.221948671874362 0.23346954579727 0.249472482817127 0.252204219169734 0.232633792179321 0.199037714814832 0.163486251315027 0.129162664017554 0.0940338308566574 0.0597808765527258 0.0319433676000716 0.0140519734348172 0.00503880979603267
0.389211936478212 0.391766675876203 0.369104177006901 0.357010050588409 0.363015015647376 0.368308334911618 0.358335990220808 0.335889605466719 0.305369574769397 0.261308030233617 0.199592576261918 0.130073991645513 0.0703815893949037 0.0311828408137177 0.0112380082503571
0.643131317958221 0.623302243389881 0.545071746389176 0.477403175847525 0.453770705610446 0.462987156640002 0.483230619438333 0.500489407438529 0.497225049385025 0.450370518850886 0.354154254657474 0.233885075408209 0.127342365490529 0.0566255687337199 0.0204679682547707
0.956813802882417 0.899886833696408 0.737200704748926 0.5828068200817 0.510295976916039 0.524374180739953 0.592875825204339 0.672717472429252 0.712070113345765 0.665751558370872 0.529764462794207 0.350868664563098 0.191025995334192 0.0849112631024748 0.0306972578099367
1.28330862047704 1.18293207186543 0.924555219539586 0.671745350739663 0.54416045676836 0.565218064451533 0.688557361017529 0.834330598905225 0.912734485118808 0.86057098694198 0.682385216144187 0.448665785654863 0.242509110053457 0.107171285163409 0.0385845933352044
1.53271443174153 1.39712432539724 1.06291489530939 0.733655164560317 0.567282547338925 0.602286435955974 0.776881623449122 0.975383283426714 1.07545573998917 1.00526760055503 0.784927842709119 0.507605255386818 0.270247586508816 0.11791216855334 0.0420130059795532
1.61359396419698 1.46372508405045 1.10110614383366 0.745983423752945 0.5747356295761 0.63414789303314 0.851839277029879 1.08642058095033 1.19316700998641 1.09871737499713 0.840887121908088 0.532271370908861 0.277557925908888 0.118811897574208 0.0416180763152091
1.52354944141864 1.38149614698854 1.03885879499757 0.707084790505965 0.559226166433655 0.644325333865136 0.889014215614749 1.14251387436892 1.24975271536766 1.13794805296134 0.857180128692894 0.532553720557029 0.272205733457804 0.114179932080121 0.0392085973057771
1.39435498613273 1.26963649141019 0.962812464365852 0.665849447681043 0.537532008575656 0.625542063958957 0.863840623430022 1.10906460241429 1.20987464279813 1.09554440724151 0.818053366800989 0.502341581800037 0.253183067822117 0.104543476384721 0.0353022465265133
1.40518273991361 1.29136395011944 0.994354179751573 0.697400594040671 0.550031697625962 0.597329025180587 0.782539327427777 0.980840117112154 1.05872873372116 0.952372682488156 0.706499738446935 0.430431813544417 0.214887359754371 0.0877624584510166 0.0292785865878349
1.61937492099843 1.50540665922099 1.17874104555376 0.833849070984027 0.624240790662484 0.592984622380934 0.68903314283658 0.808322892668268 0.843580586161795 0.744039131513149 0.544097329008408 0.327367059285338 0.161482828593047 0.0651709535768752 0.0214856194482611
1.90609352208765 1.79142536633401 1.42383482047464 1.01689304223763 0.73529348159078 0.621535984496169 0.626428973916506 0.662168832579879 0.646861342469957 0.545669570875831 0.385733075692059 0.225579702539709 0.108514842662274 0.0428161624566165 0.0138312574355629
2.03690071497945 1.93485648026834 1.55915007716133 1.12761501515973 0.808909567452242 0.645769447242162 0.591043849228662 0.568027338234019 0.513470091025332 0.406538285145637 0.271975358785696 0.151252971781794 0.0694324319933224 0.0262295378724329 0.00814203260464673
1.87045349807127 1.79705436983052 1.46752172171786 1.07551715962167 0.775895426101204 0.610470497347176 0.538167166146985 0.492377730388686 0.422576198263192 0.317426466900294 0.201188301107304 0.105772087228061 0.0458019741384446 0.0162987041227109 0.00476531626942495
1.45157213473144 1.41228806355816 1.1682558694485 0.865944112485573 0.629294761106493 0.496001000971105 0.435338334462426 0.393723433586517 0.331549763382724 0.242709819466152 0.148982464841878 0.0753902470728579 0.0312244306680437 0.0105598270541032 0.00291641457687997
