0.0289617518344014 0.0136351970494432 0.00426177374027577 0.0358105988643959 0.130913138596435 0.124254063424457 0.027607620019699 0.0022692265370403 0.0115363962374671 0.0448653500743554 0.0402927305723187 0.00792948025979728 0.000337033269393481 3.08170228484549e-06 6.05532014137661e-09
0.187545544473773 0.0886865388215086 0.0201556918145023 0.116301223012752 0.365343188751245 0.322585753454529 0.0727164641860166 0.00935467018374241 0.047216184390856 0.165613369072324 0.144048272999229 0.0280944645745574 0.00119122417537371 1.08850229825175e-05 2.13845746516068e-08
0.805385771195847 0.383557983281815 0.0683991485815863 0.260822229368212 0.689194207473696 0.554992390510682 0.141920017988022 0.0362799237292798 0.137783436542336 0.403764758589653 0.328899231772113 0.0629015349540223 0.00265271711101219 2.42045737245387e-05 4.75336067127717e-08
2.3417203768052 1.12519057890076 0.16757333759816 0.401103367114478 0.899009132445193 0.68095335880553 0.266210091369148 0.123843590280545 0.298581985516844 0.676516621396335 0.487432331019047 0.0894290182796263 0.00372688949472204 3.38962107271605e-05 6.65088229193886e-08
4.75594771477083 2.30465038312514 0.305243929271333 0.421409523283308 0.828153051674628 0.697866996770522 0.533878826798779 0.319368624900113 0.481919902855741 0.816502473577868 0.483170855625664 0.0815818673209517 0.00331327838669813 2.99187667662113e-05 5.8590996411908e-08
7.0735962367206 3.44405488142998 0.445636996544021 0.330669744496999 0.559734368149084 0.696431630078802 0.908539125883594 0.579674141094966 0.567977492409082 0.733110120947784 0.336380505139516 0.0488405562493408 0.00187720657001796 1.66781189768433e-05 3.25158353248071e-08
8.26782248147306 4.02714884934787 0.607841394930705 0.315420358507066 0.320142091156997 0.638264718737593 1.12679519094929 0.772551445550932 0.512184657891219 0.511783358225493 0.180723523443419 0.0204725212894974 0.000694875671841971 5.91738900867983e-06 1.13936653593648e-08
8.29806771321228 4.06338753825441 0.894391659005711 0.538776138046493 0.229535602221532 0.477030784608574 1.08820763680309 0.892821540510852 0.465474673227513 0.369532133550879 0.10670085018368 0.00837849919326588 0.000201186236261228 1.43032506574323e-06 2.57731592395995e-09
7.67924139219431 3.86000877059728 1.33309523488383 0.938720942503883 0.249180551341416 0.31695458371208 1.00506520967528 1.02767786290161 0.553719082111699 0.427286356247212 0.117552625964149 0.00738226416097782 0.00010897234224851 4.2528836379373e-07 4.93351957888714e-10
6.78931540137674 3.57185745082136 1.72152850973061 1.25245455820215 0.279259187384079 0.22755487455563 0.923358220337197 1.04894827898079 0.637621697952958 0.534247018936425 0.148358388929422 0.00908512520820807 0.000120472417146838 3.50505077122845e-07 2.3316140635066e-10
5.88087290940454 3.22300129878238 1.79033435087863 1.26170636436365 0.255581990818728 0.159130519479262 0.689755748732405 0.791168939233704 0.526202338457277 0.472248602910742 0.132032750423062 0.00808304932715267 0.000106434820557583 3.01479570874651e-07 1.84223916850844e-10
4.97781493793119 2.7988480989373 1.50060748038275 0.98884803685991 0.184662645893007 0.085031077516149 0.359939844765845 0.40419139389538 0.284672458150978 0.267586504707762 0.0750952908930933 0.00459878472096383 6.05383419982439e-05 1.71209547410121e-07 1.04040099060759e-10
4.03872172058786 2.31938005894499 1.03655343153918 0.612342330902298 0.106035663408238 0.0312954760893328 0.12404017934243 0.135753244237998 0.0988673348462177 0.0957590304274685 0.0269363513641762 0.0016498136581714 2.17183104686678e-05 6.14172023862861e-08 3.73097458798557e-11
3.21459712314381 1.85706790869557 0.600340588331799 0.2916771271796 0.0473204748566078 0.00790321041916849 0.0276901975684267 0.0296095628705621 0.0218932906832002 0.0215927394887466 0.00608276483616474 0.000372592248418967 4.90487534287408e-06 1.38704652974776e-08 8.42588772214181e-12
2.49108092122827 1.39632070582174 0.300828613384414 0.101396291227175 0.0154797619855754 0.00143685259305313 0.00396901812223788 0.00416194270103698 0.00307991876445945 0.00306635911896403 0.000864558985030535 5.29602232872073e-05 6.97180746402523e-07 1.97155354040852e-09 1.19765814382021e-12
