8.26834854218417 0.0698901424065529 0.00598837208679662 1.49566280603727e-08 9.08666534410738e-18 0.0258224527987783 0.181731092190731 3.79178434661715e-21 2.65481443758769e-22 1.06592583184275e-06 2.14227486460686e-10 1.26657374848068e-11 6.65136460040833e-60 3.10253013941494e-155 1.28542353038036e-297
19.4234811661096 0.279861415047301 0.0270164197167836 2.22836732291976e-07 3.6597113262888e-17 0.104001544678995 0.598016753643912 1.24774880292406e-20 6.06772699383267e-21 2.43623315126038e-05 3.70181226759098e-09 2.18861655775199e-10 1.14934378780243e-58 5.36111603623032e-154 2.2211886403687e-296
36.072327740306 0.777987699599615 0.0843519417462693 2.17544817001613e-06 9.65821979040084e-17 0.274466943503565 1.28945583230822 2.69041113702449e-20 9.08711138540267e-20 0.00036485362688228 4.19142352003583e-08 2.47808863696681e-09 1.30135896597944e-57 6.07019109116526e-153 2.51496878736543e-295
53.6806630082857 1.51405723383508 0.201419407116739 1.39161443098795e-05 1.67014930153861e-16 0.474622434494487 1.8218410458298 3.80117706287997e-20 8.91730514754929e-19 0.00358035792355946 3.10968686730463e-07 1.83853520255253e-08 9.65499875355186e-57 4.50357579662215e-152 1.86589719992898e-294
64.3566194762726 2.06389245942897 0.430297707693581 5.83306937585761e-05 1.8924371537989e-16 0.537792130691124 1.68667212920518 3.51905055143704e-20 5.73389007628287e-18 0.0230219538613416 1.51174914171959e-06 8.93789031848447e-08 4.69369962372995e-56 2.18937698094144e-151 9.07090845765626e-294
62.7886209929504 1.95581512692578 0.860463039530378 0.000160207683183297 1.40506233889609e-16 0.399290148451388 1.02325016352018 2.13471975349806e-20 2.41586718694306e-17 0.0969986905451592 4.81560392275364e-06 2.8471218200843e-07 1.49515535987344e-55 6.97415469726374e-151 2.88949410627356e-293
51.3415678413569 1.27257477167322 1.40517913493769 0.000288321814492409 6.835616322646e-17 0.194254342798694 0.406822872520945 8.48524115647547e-21 6.66967550587835e-17 0.267791952276129 1.00514738258721e-05 5.94271682486766e-07 3.120795482031e-55 1.45569557882254e-150 6.03115929904235e-293
37.8357586615695 0.561157339931553 1.64069226023007 0.000340000553853969 2.17905263537117e-17 0.0619242719305489 0.106027173528774 2.21001625719175e-21 1.20654719044018e-16 0.484436802594799 1.37472772139236e-05 8.12778076236151e-07 4.26827362461127e-55 1.99093695191711e-150 8.24874244728728e-293
29.5014588969403 0.16586570453064 1.29082198632154 0.000262717924690081 4.55161710874175e-18 0.0129347847558335 0.0181276344149948 3.77167883546716e-22 1.4301838777804e-16 0.57422843496225 1.23200250882271e-05 7.28394876641353e-07 3.82513841252647e-55 1.7842364575186e-150 7.39235212293349e-293
28.8682259980066 0.0325974581782708 0.670990975474715 0.000133017181991447 6.22976521214504e-19 0.00177037734335201 0.00203741004652509 4.21776034003448e-23 1.11082949062453e-16 0.446005503083415 7.23459879688615e-06 4.27730029806771e-07 2.2462082308283e-55 1.04774420802596e-150 4.3409572132965e-293
32.8050166673782 0.00423628496659303 0.229097304558914 4.41299808327877e-05 5.5870890700088e-20 0.000158774704082038 0.000151394114858644 3.0905590828498e-24 5.65341519307757e-17 0.226988417989369 2.78371820145315e-06 1.64581326858608e-07 8.64292673576026e-56 4.03149463326747e-151 1.67030708207121e-293
35.8987616895192 0.000362768113190401 0.0512899484498185 9.59329263400631e-06 3.28327657702988e-21 9.33053914944524e-06 7.55175221543905e-06 1.48388471013336e-25 1.88530804206755e-17 0.0756963844466175 7.01849579551676e-07 4.14953406553407e-08 2.17911227236388e-56 1.0164472868865e-151 4.21128950000005e-294
34.876488923545 2.04250181096152e-05 0.00752556393383127 1.36649989820232e-06 1.26426262594079e-22 3.59289646579465e-07 2.62501358637939e-07 4.66843403925753e-27 4.11966323878006e-18 0.0165407246643528 1.15950006346862e-07 6.8552937161056e-09 3.60003181839214e-57 1.67923544872712e-152 6.95731761448647e-295
29.3814572087102 7.55177482703006e-07 0.000723566855199138 1.27543835407247e-07 3.18988545508054e-24 9.06569488094571e-09 6.84990986691826e-09 9.62388116615905e-29 5.89860167634314e-19 0.00236832820009758 1.25517842920639e-08 7.42097139053994e-10 3.89709533036586e-58 1.81780077397817e-153 7.53141398605661e-296
20.8207137415837 1.83769674897933e-08 4.55861991612112e-05 7.80040764541215e-09 5.27376574324053e-26 1.49895783576991e-10 1.46945378906381e-10 1.29998168657835e-30 5.53406659977433e-20 0.000222196491789374 8.90324070852061e-10 5.26384879182445e-11 2.76429047719028e-59 1.28940375920064e-154 5.34218801352223e-297
