0.363092823144831 0.313918521543654 0.201547195246423 0.0985536964579057 0.0401863718668455 0.0178861496068297 0.0123897020386179 0.0122885486229709 0.0127323722082061 0.0114082960401681 0.00810364214730484 0.00439860123012991 0.00179912101775897 0.000552151971063409 0.000127109775140328
0.663245035854041 0.579706780205564 0.381875834679769 0.200336966084926 0.0982361178283517 0.0598523332445066 0.0511906413231792 0.0525304957419545 0.0538304388081426 0.0480675720022312 0.0344122808713554 0.0189752149096818 0.00793031207073066 0.00249923722020139 0.000593640202754488
1.0887707187653 0.968417008450497 0.663760549203958 0.383839820077082 0.229056565337413 0.172878586739527 0.161603940589172 0.165741461111037 0.167396568765584 0.149215385107368 0.108083178925742 0.0608832035650883 0.0261813812212133 0.00854205209151306 0.00211240907449906
1.66674423102575 1.51210126703283 1.0798166315647 0.681094925341298 0.465960363116115 0.39259862695471 0.379660726250801 0.385821953708124 0.384832272241118 0.343893036271736 0.253633828120611 0.147152486474009 0.065731819249807 0.0224289009241486 0.00583255783422004
2.31961542416182 2.13867549309038 1.57108818831262 1.04138693476348 0.760670667466221 0.672100128572399 0.658918521769403 0.664536073111993 0.658666573362849 0.594787489762499 0.451108273837394 0.272577793262489 0.12790575726351 0.0461072365778428 0.0127050555138681
2.78304055917195 2.59546813251796 1.93312284360695 1.29934810376852 0.960841557731045 0.858646433761995 0.846501120200585 0.852081947303061 0.84802624589199 0.7836922245195 0.619509363162829 0.39472811424345 0.196468440697787 0.0752449530157513 0.0219912699290136
2.79588890674312 2.63647080213763 1.97933988005196 1.32141996551116 0.95271477302466 0.83520490571348 0.820236286282406 0.827771407442659 0.837028494132964 0.803343939817251 0.670643994615802 0.454439144248997 0.240577149602552 0.097612431422877 0.0300347902857079
2.42719369964232 2.33187425480464 1.78063452542932 1.18522356988483 0.82102992285988 0.686335029765937 0.65710331406681 0.656026705484623 0.668993407000691 0.665242716318829 0.585413093446507 0.419717469125419 0.234198422011206 0.0994784917757666 0.0318029742539956
2.03865583784709 2.01632875527538 1.59670775668786 1.10011321006817 0.774749004508338 0.642310672046104 0.594936121080397 0.556632100927476 0.524791824268287 0.496729656524124 0.433655880106107 0.315944768900979 0.18057625646962 0.0785732773263202 0.0256594553566349
1.8655483183459 1.88464605146407 1.55057215920443 1.15200079393302 0.918904242904743 0.85272926167766 0.814457007260055 0.714482114129661 0.574646384187621 0.442564099655638 0.325110676223088 0.2128692431525 0.11512149544465 0.0488502266780046 0.0158035745092654
1.81558837370124 1.82752616328591 1.52845482138437 1.23193428426243 1.15403999853853 1.23314084815577 1.25714474134779 1.10833985277042 0.838052002297304 0.55479445067395 0.325397441254106 0.167674237561688 0.0741055418735476 0.02720018448184 0.0080158490714789
1.67204643514202 1.65157769641396 1.37812575311289 1.18730072132403 1.27243740956785 1.5119498381852 1.63437701904585 1.4933899977024 1.14748961370305 0.743046200777616 0.401148855073191 0.177436821190266 0.0635752810716204 0.0184390868722237 0.00434805778535215
1.32664185903914 1.28532914308626 1.06355442033986 0.962368358330195 1.13833112979742 1.46105163942867 1.66591539249324 1.59435824743645 1.27468462986458 0.844932040732917 0.454772402000828 0.193839796911378 0.0641870089137122 0.0163648519675081 0.00321757326455458
0.851573037145931 0.814244553952378 0.669901223686832 0.630211467423245 0.805295792317001 1.10539498403275 1.33465727826722 1.34736351306949 1.1261520042728 0.768083648066196 0.417865012080274 0.177177615644079 0.0575033152422903 0.0141206759067373 0.00260855069427178
0.42286352002778 0.401630014625107 0.331001910742738 0.32519918325425 0.449509996420319 0.664191655681713 0.856740550826236 0.915395273273177 0.79655454728056 0.554640774910838 0.303027204057234 0.127652702213832 0.0409091498463715 0.009879275174536 0.00178641757226977
