2.26909542293613 3.03814556275499 0.790651123904879 0.504677545188364 0.0184930477810255 0.0177188921437845 2.15093117622449e-05 6.01453560013003e-09 0.00363650428784383 0.037749713354302 4.11469731022772e-06 4.70930487771893e-15 5.65940015254952e-29 7.14132301103845e-48 9.46197143121529e-72
4.72472085792479 4.55200199061918 1.44013082407864 1.11239882433784 0.0465316810354812 0.078537158453338 0.000272246482863792 4.63315517279469e-08 0.0128109713312269 0.132987742420823 1.44955883743117e-05 1.65903199894852e-14 1.9937392442686e-28 2.51580301079995e-47 3.33333979963651e-71
7.97384280354374 4.88807240628408 2.00673619258052 1.75074302616096 0.085216718305182 0.235407383336686 0.00252342113291272 3.5355306713089e-07 0.030507791141543 0.316694352462593 3.45195045062147e-05 3.95078565180195e-14 4.74785079774418e-28 5.99108301957292e-47 7.93794879262783e-71
11.2974446074151 3.97110767791546 2.25716951786273 1.9685324351731 0.113838984123205 0.477595572215145 0.0162565989491478 2.17024173431846e-06 0.04911003228003 0.509799932751 5.55679030555012e-05 6.35979215903495e-14 7.64287079507571e-28 9.6441685705295e-47 1.27781431187364e-70
14.2070069474876 2.72217962904073 2.09417615519604 1.5755116057419 0.113398902950943 0.657719861832585 0.0714766639423699 9.67834877086588e-06 0.053439258637661 0.554740634345067 6.0466413998705e-05 6.92043076107863e-14 8.31661740361297e-28 1.04943367914475e-46 1.39045824921717e-70
16.7443906506781 1.78480561502838 1.55915987546255 0.90046199269034 0.0973875781612319 0.620423883037652 0.21363682750525 3.20365471080424e-05 0.0393080390999793 0.408047699406174 4.44769674257633e-05 5.0904254639499e-14 6.11741125182242e-28 7.71926503923645e-47 1.02277218322622e-70
18.5499500561595 1.15272089177268 0.885456584692061 0.398631871396544 0.110206759155275 0.411931573961218 0.436995183446941 9.16687817072615e-05 0.0195448834104216 0.202890932561675 2.21149963880713e-05 2.53107950619379e-14 3.04172104278933e-28 3.83820049661018e-47 5.0854643306382e-71
18.7573107921347 0.766242434509199 0.367433762790657 0.208768348376217 0.176621997843164 0.206773185423581 0.631996911877991 0.000275883676525291 0.00656924621085395 0.0681938316180903 7.43308890585526e-06 8.50723132266694e-15 1.02235526251585e-28 1.29006060092282e-47 1.70927943346077e-71
17.3104958615295 0.683485118591657 0.110984379860196 0.191059299495598 0.251429942572958 0.0894504031475198 0.720040905460413 0.000821615287382772 0.00149254953189491 0.0154938125484428 1.68881676583605e-06 1.93286466374001e-15 2.32281724306757e-29 2.93105060275383e-48 3.88352648715581e-72
15.0580436943538 0.807322132903675 0.0380602407038858 0.180229482083617 0.255312781723134 0.0370055323791931 0.798938361562601 0.00195329392308655 0.000229230738604061 0.002379590638404 2.59374027754523e-07 2.968557057701e-16 3.56745904150138e-30 4.50160381971472e-49 5.96444757798409e-73
12.7249679832666 0.906109178373545 0.0589240131029113 0.123697510296837 0.17685379559425 0.0145546878746537 0.938453869086849 0.00329794492360246 2.3798521973806e-05 0.000247045504771079 2.69278196749424e-08 3.08191108556959e-17 3.70368207638002e-31 4.67349707118839e-50 6.19219935901241e-74
10.6490202425464 0.899947385058794 0.132582028350558 0.0579483248137181 0.0829389150650121 0.00570047240894688 0.966062598237337 0.00381230069030983 1.67030426736168e-06 1.73373377572798e-05 1.8897599663034e-09 2.16284580761496e-18 2.59919674164016e-32 3.27980050905734e-51 4.34560636296904e-75
8.65911929310034 0.856934010222105 0.212248661576637 0.0183749132183704 0.0262996439568164 0.00248390883896225 0.734346378253589 0.0029883846875706 7.93588515239404e-08 8.22467250434539e-07 8.96484630585339e-11 1.0260340251813e-19 1.23303486807689e-33 1.55590699357836e-52 2.06151542229789e-76
6.23080681373388 0.757884815713642 0.230263932774438 0.00394094394063691 0.00563758264448598 0.00106554135232597 0.386437215358729 0.00158472752990822 2.6091191984538e-09 2.63745809285885e-08 2.8748143379711e-12 3.29024862914992e-21 3.95405141039761e-35 4.98942601031328e-54 6.61079274733461e-78
3.54082249393016 0.543692505550386 0.168900615995489 0.000572636500227864 0.000816902993802017 0.00036008963088127 0.138289123096316 0.000568180522546161 7.96015512922574e-11 5.71719850492307e-10 6.23171389129596e-14 7.13224774806212e-23 8.57116815358004e-37 1.08155420568851e-55 1.43301668048303e-79
