0.676730317006867 0.56222954786554 0.345959581313014 0.298521341750024 0.236153936361337 0.130940771970377 0.167273890273056 0.341152602472913 0.415320817483171 0.315278308039068 0.17251506583764 0.0673833160481258 0.0168676815244491 0.00240863310129404 0.000175711879267707
1.54001582856157 1.25758231039109 0.711046529332084 0.534325010344299 0.398096772021806 0.209299695647431 0.236667715073318 0.477994632523899 0.61577900670333 0.522370236114437 0.331123685464063 0.150615447833804 0.0428346151717289 0.00663065067420985 0.00050331165403622
2.67854870706962 2.14182197764968 1.10758518379105 0.707264564091971 0.489438788703129 0.255074836304234 0.281525323914185 0.543290751934257 0.712070255158785 0.668169975368787 0.496732940473316 0.263572037792458 0.0833066617831035 0.0136189961957726 0.0010576710627477
3.62465588476757 2.83016769023975 1.33542605787935 0.703566250574323 0.44305213152905 0.250468970800735 0.324078041183209 0.568399541218086 0.690870709697333 0.690582872875777 0.603856509024778 0.366495493114686 0.12425238454029 0.0208663578770126 0.00163200542151263
3.98405792841589 3.04261169445466 1.31724395756087 0.553159708222863 0.306257243313327 0.219108408238669 0.384000772110629 0.609651811436502 0.629617756773304 0.626248974038313 0.626221784501594 0.414057540665897 0.143779537429357 0.024060613214565 0.00186197523887022
3.90097513604686 2.95056545974921 1.20758796352935 0.404577410934181 0.191257830495512 0.192390915130702 0.422924725001941 0.635478630609056 0.573069452803654 0.545969201098738 0.585889777800145 0.393837301567546 0.132978233655362 0.0214001339800907 0.00160038828085497
3.88489827797428 2.96757379289332 1.21215454379034 0.373672530123321 0.17673950943022 0.191244746981677 0.391444524943593 0.569962970369819 0.497634173341875 0.477770412931185 0.519118061484052 0.333875602156021 0.104678094309704 0.0155917857996804 0.00109309774406232
4.17170031562906 3.22593348499815 1.34836028525236 0.459352053587423 0.277823062328912 0.23983371868798 0.317161966462355 0.436057161545841 0.411730579944124 0.43159822092989 0.461220031113501 0.277528318117529 0.0799831352125953 0.0109706384805399 0.000725145759750005
4.45890556303632 3.44172500745937 1.45300862481524 0.574769041952582 0.444735758698067 0.341156257418938 0.278741406877178 0.351976765275761 0.385776362692604 0.427666598960291 0.437034428142919 0.255064709346452 0.0735748939441536 0.010626652046701 0.000789757365742449
4.30637950241371 3.28419071712765 1.37887849147699 0.616142552886231 0.564304188239668 0.433155745149802 0.301466919474941 0.38436954864495 0.451434968494948 0.456017139746879 0.436567133235726 0.270463489616514 0.0910309194310157 0.0163162339340138 0.00150509541196073
3.67444141004379 2.75250420627994 1.12968595854929 0.532183000820859 0.535627147774836 0.430320636555853 0.332190055731389 0.472454774856011 0.539283276393361 0.464696211878023 0.42741358828529 0.308576765972959 0.128770584923859 0.0277584711990729 0.00288070678623738
2.96584692920776 2.15893705068616 0.834512110719273 0.365340472846985 0.375009118211353 0.322334392044511 0.311408760108939 0.500410287537459 0.545376239797113 0.413256418038741 0.390011795739012 0.340068053767044 0.167156169074308 0.0397195169648151 0.00432593850270801
2.52611674654017 1.7685007956217 0.615855743905485 0.20706500612635 0.19348533228411 0.182164942941432 0.233406221606874 0.414509888298542 0.435348701704866 0.307670358688387 0.318179848766033 0.324149163273477 0.17447338428803 0.0432939197860044 0.00480634384631815
2.25652840142634 1.53110144879095 0.483399194723639 0.108710525113682 0.0744439814077634 0.078895570667785 0.137092815442721 0.261439396637545 0.267670023208366 0.186295033228316 0.217769656075897 0.244931219990169 0.137580140377486 0.0347606353862302 0.00388834946595142
1.85583870773775 1.24014593544516 0.371578237645082 0.06009131371838 0.0222662443130477 0.0267483722733165 0.0621347878954853 0.124013634623385 0.12495157229919 0.088975295500759 0.117261065873427 0.139407301145482 0.079783251286744 0.0203059329307939 0.00227825764799794
