0.834008738423512 0.848126204960182 0.620542678876806 0.475394570905121 0.481043998002051 0.438539084686243 0.27852544664482 0.115258992060046 0.0298099715310571 0.00461833101947669 0.000414698216078388 2.11496189448918e-05 6.05982002785221e-07 9.70118330543936e-09 8.6545347171027e-11
1.48148623483235 1.52269794253846 1.11997763573309 0.826473922709932 0.794294411316391 0.724408926049027 0.475052212740409 0.203756913340098 0.0541132690702339 0.0085171352507717 0.000771234392046726 3.9498687988329e-05 1.13406157941766e-06 1.8174133927382e-08 1.62230324675754e-10
2.15918891947304 2.24176746821906 1.66923972749071 1.20139835316255 1.08726851676662 0.978536376841729 0.657850332079576 0.290922155820802 0.0789943167903137 0.0125949429515287 0.00114825929985272 5.90123533520784e-05 1.69751420861979e-06 2.72388100170067e-08 2.4346846778957e-10
2.62644231996634 2.74934088163403 2.08770999150501 1.48543131280505 1.25203525743106 1.08746417795808 0.740453196693677 0.335377864810744 0.0927158387803836 0.0149397651866332 0.00137004166542181 7.06679856334847e-05 2.03931042351221e-06 3.28611052296273e-08 2.95754489732198e-10
2.75691049897673 2.8933436161818 2.24991312310559 1.59908784539745 1.23934055424005 1.00591606358387 0.680787343686157 0.3132040783892 0.087829687521527 0.0142919485804003 0.00132095531455416 6.87600552932558e-05 2.01243297751523e-06 3.32233442623421e-08 3.11889524927111e-10
2.65666197184147 2.7548597189779 2.17558006306567 1.54463562466754 1.09118687639939 0.798675806136512 0.523669011373259 0.242398769116279 0.0689415702703945 0.0114224212878865 0.0010849049385505 5.91146874150238e-05 1.86820879981857e-06 3.48595652272538e-08 3.91455174440808e-10
2.57456069335511 2.56570797473866 1.98872302025104 1.38834464683583 0.908023061785277 0.598897496935873 0.374973976025095 0.174454020335301 0.0514165209932744 0.00913400547997885 0.000975482852484575 6.33491137278902e-05 2.52026874379114e-06 6.10437650290988e-08 8.83783303714744e-10
2.70007472189182 2.51207567449647 1.80658400432232 1.21146383851399 0.792498821139143 0.530860586969806 0.33820604782176 0.16468185319899 0.0537731881077391 0.0112890907785876 0.0014923548435021 0.000120985990372524 5.83638793780571e-06 1.63274189891906e-07 2.60196300491008e-09
3.03248848162592 2.61746146756994 1.67616678626057 1.07410210336483 0.804607592735133 0.652052007927774 0.465049089871243 0.247338233774495 0.0906534700710091 0.0217249210625965 0.00323317290652078 0.000286008763309022 1.45958021956252e-05 4.22219369335429e-07 6.85770103549349e-09
3.39164929905767 2.76152526887079 1.57985090124655 0.993636799742698 0.927007340442772 0.919615838427829 0.728038399556892 0.418390424437181 0.165423625227072 0.042256136516596 0.0065721503014568 0.000597063331079496 3.09273157214628e-05 9.01860985599235e-07 1.47104270258969e-08
3.52998433484297 2.77084466756426 1.46354961531704 0.934173982852108 1.05678148123129 1.190467346092 1.01446927575366 0.622206740040452 0.2603427114961 0.0692107980709262 0.0110239194426041 0.00101450876483626 5.29020782280942e-05 1.54786030606197e-06 2.5289980875247e-08
3.27751002340436 2.5214407225226 1.27165373382546 0.83202054467746 1.06437534257461 1.29331298471038 1.17185357281131 0.76380380811864 0.335510229708631 0.091997664728631 0.0149066099801664 0.00138398717531669 7.24868401326583e-05 2.125474904323e-06 3.47640405298482e-08
2.64533117206791 2.01434552422512 0.990260962429898 0.655223471842787 0.896163573247952 1.14979092909428 1.10590197967208 0.764299575659799 0.350376426546814 0.0985245157002195 0.0161776584879896 0.00151202869739295 7.94519523092063e-05 2.33340442928785e-06 3.8194219132475e-08
1.82154083339147 1.37984392897447 0.66700680010149 0.436398074009185 0.61701575548691 0.831375922336297 0.850249429648669 0.621253062503964 0.295521683938329 0.0848152408766001 0.0140720737996279 0.00132196768398297 6.96373277531791e-05 2.0476127412151e-06 3.35356322465862e-08
1.0537967282687 0.795923868170044 0.379176096144345 0.240168767349605 0.344670352220389 0.488487321978856 0.532076661017271 0.409322000172435 0.200898824159943 0.0586110421585742 0.00980345091198339 0.000924580050244433 4.87962271774979e-05 1.4361076038015e-06 2.35307574694663e-08
