0.247571656767113 0.246954950898329 0.23009148773782 0.2115069773755 0.20006614474482 0.193412571038198 0.182414374821169 0.160539078463458 0.12933112326479 0.0961738794792223 0.0680747932067563 0.047604406704747 0.0333891382914158 0.0229712380809123 0.0148634377367854
0.45028148680472 0.447180718223799 0.413138677366889 0.374845083629778 0.349441681287906 0.334254717054391 0.314225890735724 0.278122558186325 0.228036318361435 0.175552896079242 0.131234199482248 0.0981180393047468 0.0731850708083617 0.0525870086137612 0.0348983201241832
0.71019905974462 0.70258799333502 0.644167290516662 0.577378262879655 0.530746647639441 0.502519027986763 0.471427970921525 0.420935045413587 0.353355305433624 0.284006015973517 0.225773534003405 0.18040700362449 0.14203405311145 0.105658100587285 0.0714621128854722
0.973050319792591 0.959810156511722 0.874511829834334 0.775527653255295 0.703717442549906 0.659954859337816 0.618685301586339 0.559255814416649 0.483803093337891 0.409151405470028 0.347146977914157 0.295158310419366 0.243089858762769 0.185727301858868 0.127383743287452
1.16331584668326 1.14630580901211 1.04073857282698 0.915947430430595 0.822259342310902 0.764479377544718 0.716842538895946 0.65795243116345 0.589810278168366 0.527448670719323 0.477089199600459 0.428234937618407 0.365534038268837 0.28490045582399 0.197382486856175
1.22756396574535 1.21333786614695 1.10396964200798 0.970334701712919 0.865586274428103 0.798447891857284 0.747878355646975 0.696613691926653 0.647620324088995 0.611573596188361 0.58553899209824 0.549064620509888 0.481423745810303 0.380644933676078 0.265594402254365
1.17543632070028 1.17524185320841 1.08359209767418 0.962382824683995 0.859520293079511 0.786233450356774 0.730239371959563 0.683320167951632 0.651777456305489 0.64188137548587 0.641279301128185 0.620362412600012 0.55407223719871 0.442351817334557 0.310127963981742
1.082117011697 1.10936173498157 1.05345643284677 0.959914275674179 0.865478581107414 0.78220818538475 0.708723650254463 0.649353461830134 0.616757976307404 0.615518928042091 0.627224840167382 0.61672486480107 0.556480103106493 0.446762630982319 0.314112764677177
1.04335910889327 1.10875227529849 1.09522502735758 1.03032552287792 0.938653833750791 0.832833903754226 0.722854796044338 0.626805249372206 0.565946569598749 0.54688875611601 0.550164450236504 0.53976907471482 0.487603174881241 0.392032554022647 0.275912560145497
1.11321582285075 1.219061091282 1.23981498157926 1.1892725094186 1.08421177828632 0.939789780748439 0.776775417064026 0.6255937618031 0.515938565704709 0.458571578928418 0.436795748250844 0.417410951022418 0.373200598765274 0.298992077799675 0.210202232699696
1.26885581008292 1.40531860683917 1.44035260871934 1.38169674735265 1.24568733072414 1.05324365509511 0.834322928933292 0.627636182985937 0.46795414699339 0.369235797285313 0.318645904853245 0.287460768360984 0.250330922851571 0.198444243594646 0.138958049767704
1.42536101583454 1.5718306802212 1.59735084892293 1.51145731376869 1.33678836481429 1.10219752537712 0.843745531887448 0.602405512834077 0.412366830877607 0.287439488127144 0.217550568452397 0.178641908415375 0.1481044145767 0.114924752479664 0.0797922080797947
1.48731693035004 1.61964417944034 1.61816812661691 1.49919279198778 1.294497793258 1.03997189431885 0.773172309309618 0.530954228936227 0.341283148397777 0.214286835451216 0.141076747548224 0.102007379436388 0.0781221571872085 0.058357951475109 0.0398774474930744
1.40157588705455 1.50171759200766 1.46914592300905 1.32743409573262 1.11530264285167 0.871551362903014 0.630224335480087 0.419437358585917 0.257699011346248 0.149747036549725 0.0871498356361041 0.0545465050866912 0.0373264324291753 0.0261986394509186 0.0174070826806617
1.1798628462839 1.24209160823372 1.1877234557393 1.04418054594719 0.851414403677676 0.645630618718178 0.453678297295096 0.293468887035454 0.174190810058266 0.0958322883617252 0.0507128244004467 0.027647740588629 0.0164725827819612 0.0105323419211848 0.00667728325547741
