0.248854542515091 0.205172691619643 0.113292991816493 0.0428240654741292 0.0146292657670582 0.0135899396483388 0.0264271153833663 0.0561342134059127 0.117606128227287 0.201722221403317 0.248010144582967 0.207980103920512 0.117244385239085 0.0442550516488351 0.0111733431508769
0.519420950708775 0.428358564965416 0.23670320663106 0.09013566735151 0.0330895365898545 0.034205186785011 0.0616452528620279 0.110451667936812 0.200861976881659 0.323851928657876 0.390523445939809 0.325741074394812 0.183380341377622 0.0692045369656144 0.017476527718818
0.915443865620729 0.755117769533844 0.417596997239456 0.160484716116957 0.0640750693681433 0.0740028938358787 0.127302445523245 0.19691438692188 0.302577621771018 0.444377162216344 0.518720276657428 0.428696493660742 0.240818835215972 0.0908881036819402 0.0229803127245797
1.36947759842226 1.12977783952144 0.625315369381772 0.242989749101718 0.106569769083414 0.136974635633305 0.229923713490097 0.318017437499259 0.409772656338949 0.528065742837632 0.584338968820973 0.475389574071998 0.266274396033407 0.100693408495826 0.0255993487170803
1.75654408451385 1.44901695224657 0.802629764275058 0.315877264143989 0.152998277929935 0.216724438702864 0.360564712238752 0.462794079000916 0.508560477778533 0.555638277129992 0.565074497583752 0.447998616125379 0.250594886554301 0.0957965406586909 0.0249100981646636
1.96938666570307 1.62395925300275 0.899956397961655 0.358819968465921 0.191230173628275 0.294362117833606 0.49116538898111 0.604973074231921 0.588719087461397 0.537104764110365 0.48326783668373 0.369151218785572 0.209075971130609 0.0835941645308956 0.0235124742922618
2.00046573436681 1.64802021570293 0.913038985781623 0.36771774557469 0.211317547308903 0.347064399552591 0.587120330084614 0.714608939761833 0.647014818754284 0.504283732705454 0.392620930535079 0.290562605088268 0.175662935197338 0.0799976848816311 0.0268215313805842
1.95376739693504 1.60687441841018 0.888842991676758 0.35848346915389 0.212085293917126 0.362428625903751 0.628597294310233 0.775756816915518 0.687535995783731 0.489448588326786 0.344765200079216 0.263091874937253 0.185201732563567 0.102210925778472 0.0410079934107839
1.97710629332641 1.62261553185 0.894908530129214 0.356597228510411 0.201476570338903 0.344779388270623 0.618980060182688 0.790185509849996 0.713984322447281 0.504729896792607 0.360804223115504 0.309353510717301 0.254199566490606 0.158816891669293 0.0692848793005898
2.17672641779001 1.7831257861294 0.980172420008131 0.381924244021958 0.190131366999332 0.307216291653223 0.5720025581694 0.762348988751883 0.717406149872587 0.533437494356572 0.422162499178133 0.411291143414788 0.367838347697563 0.240696942982526 0.107712996807535
2.56439548079752 2.09838954151449 1.15059883827987 0.438326980169378 0.184019324678306 0.259801223016827 0.496078775586572 0.688037691640042 0.676253700201264 0.539893357425111 0.482204744808545 0.516713073443756 0.480633065227419 0.319332588162061 0.143904552055745
3.03951303620203 2.48598861589194 1.36118535926411 0.510097878821709 0.181739039180115 0.206837417882677 0.395494504535374 0.564892544386237 0.576394251391079 0.49465222662103 0.493496709521962 0.565736545228283 0.537373748986166 0.359167203390634 0.162198450205773
3.40895822390498 2.7876817882074 1.52526226009302 0.565728542863369 0.176920191967753 0.152097029258985 0.281746680890988 0.409819857019577 0.431311328859974 0.396826556620748 0.436399026952569 0.526212681467696 0.506654041556767 0.339702598443249 0.153536883067297
3.46653230314176 2.83460219659701 1.55035556603398 0.571514542524143 0.162899535596083 0.101822554401444 0.175164973844616 0.257105867551475 0.278087962832991 0.274071382146465 0.328833137832577 0.412676289892676 0.401310707033347 0.269638654578873 0.121926202949223
3.11325190828993 2.54567211559423 1.39205064578364 0.511304860487746 0.137053361469473 0.0619173155878528 0.0936588664569732 0.137642378020527 0.152897288800975 0.161651261096335 0.209936363593271 0.272206699254096 0.266772187932438 0.179527164905325 0.0812053522823328
