1.18938781353203 1.02296002534148 1.26355690257943 0.514861917432918 0.351907203580485 0.141732478307152 0.0651600092971822 0.194896829210844 0.249300997268419 0.493384145129223 0.234330847974461 0.0171385701570191 0.00017465474549096 2.36540739760209e-07 4.17820150931664e-11
1.37248304502793 1.25585102389007 1.63427377989158 0.72979711110151 0.509765939285655 0.196187109216352 0.107922742732323 0.33031423397293 0.399752742918452 0.715925200531173 0.321061916905733 0.0228177907963033 0.00022985412174748 3.09993772854981e-07 5.46769175364834e-11
1.32676697891795 1.26262079374526 1.71448592863515 0.871139066710171 0.60546053521177 0.216843244470314 0.14256531917924 0.444825596438302 0.522649697122301 0.841812463632176 0.352026711464459 0.0241382609107686 0.00023962208103162 3.21457146568067e-07 5.66036502219962e-11
1.14072028473346 1.06403389900018 1.47043482549637 0.886413043389341 0.597310224961094 0.193783570962103 0.152458194593058 0.479702931358654 0.573684335873427 0.817384940605288 0.31090107248156 0.0203300026278406 0.000198018510991324 2.63968486060123e-07 4.650925800803e-11
1.0035672817446 0.802658277957661 1.04262753024478 0.77220602573064 0.495563238035693 0.147027523230876 0.141351100956987 0.424178699729491 0.561464331741951 0.685740191460705 0.224861154558993 0.013696141305427 0.000130075566764737 1.73340802522801e-07 3.19148253472864e-11
1.11398502358206 0.646451011672638 0.627527380038379 0.57422134967897 0.349409560473686 0.113739117599984 0.142038386475358 0.330572696231534 0.532023864955409 0.540631119808413 0.138921673073394 0.00749759804091116 6.99227576313249e-05 1.04749426105954e-07 3.13300703085511e-11
1.67764607841633 0.726821844450501 0.358476475926297 0.366779537562857 0.212742779526864 0.125232529947522 0.201723451015945 0.27205307888487 0.509760413058684 0.435694237030392 0.080345260919301 0.00364601164696288 4.29515651035867e-05 1.45365803099118e-07 1.1148480098243e-10
2.93282548136287 1.14073390472874 0.283197380597939 0.218925965655287 0.118084667605192 0.188929283763052 0.3480731947299 0.29332998116584 0.478455418841051 0.357227237270902 0.0502837853186298 0.00271305716884992 8.61796500462296e-05 5.8216763747143e-07 5.50901815827338e-10
5.00629954574718 1.92300795256736 0.396788611324531 0.164322677504878 0.0693784800258371 0.278566243111506 0.552433636305614 0.394261328384694 0.425722948559206 0.275823705985166 0.0415737451665907 0.00604098751494761 0.000318441803467649 2.35564254384561e-06 2.26409712202372e-09
7.59768901929172 2.94341089178239 0.648770777973152 0.191420300385453 0.0510051592031871 0.342381803272042 0.724635559504267 0.535915453075829 0.376255710100062 0.194687710993444 0.0571759213785233 0.0180791181751113 0.00102997967772117 7.67238479183646e-06 7.38159699518598e-09
9.8533470683728 3.85327212383579 0.922947950781814 0.252860560453782 0.0436934583009176 0.337444256082723 0.76787826221345 0.655157073382004 0.361644671799252 0.140899010290333 0.111673011192632 0.0460692865296041 0.0026541181213669 1.97827354520457e-05 1.90342309282986e-08
10.7766303069903 4.23899391164707 1.06545518205522 0.290044812544089 0.0359117685346582 0.264645891030342 0.657025086512539 0.691810569696072 0.373330218143019 0.129109359743633 0.213437259058556 0.093749882120771 0.00541153779428297 4.03383592823832e-05 3.88123053044851e-08
9.93565245753899 3.91135211132307 0.985697237291387 0.268093171002334 0.0255392017802835 0.165019585907211 0.456740512758985 0.621258362337515 0.366458087589549 0.145184995665562 0.339368278500864 0.151105786146664 0.00872556757878744 6.50423482485061e-05 6.258174137636e-08
7.7698406895025 3.0438185548227 0.730296129703941 0.196728031810628 0.0152177461451522 0.0818955532577175 0.260468665131459 0.469190228380483 0.308887355591142 0.15897801965645 0.431327490509282 0.192649958237825 0.0111253763514956 8.29312420355695e-05 7.97938889157633e-08
5.19858342261647 2.01567532106271 0.434830967966814 0.11429530332583 0.00752074894173901 0.0324162307181304 0.123293262584952 0.294493690073357 0.213119161110472 0.14809834269534 0.434503239595074 0.194234925578798 0.0112170916948529 8.36149463354256e-05 8.04517291602494e-08
