0.215090737117947 0.192004068695133 0.165266638515094 0.226204906876207 0.376548109376844 0.496716421393903 0.465524907483895 0.305731110437287 0.142823081924836 0.0518201469763892 0.019368212309843 0.00939269867413251 0.00448254937334485 0.00160194652550231 0.000395533453850897
0.470566095516797 0.417700338792797 0.335647990050972 0.406431428101017 0.648431470040002 0.858703217792498 0.817704690256175 0.549650841208224 0.268780417235619 0.111155678394901 0.0543256312167711 0.0324275580610015 0.0167231716435355 0.00619823724308472 0.00158206325037758
0.869185870850947 0.775265385035522 0.589057346695768 0.60851357779782 0.889651543563207 1.16614633891336 1.12668847005962 0.779260779048802 0.406785960956056 0.200328525913932 0.126194950922773 0.0866903146160917 0.047294901007848 0.0182357533254701 0.0048544592307468
1.41647756000753 1.27854779691484 0.934533018204959 0.806748571732457 1.01108956033734 1.27365081804501 1.24327966441427 0.894187287617721 0.514142832567546 0.311420523818988 0.240419293917738 0.180828258210435 0.103371447481656 0.0416237498063898 0.0116160790309473
2.02316201305035 1.84841131596662 1.32131450669078 0.974380180141125 0.992624902998178 1.15343033053302 1.13531477800426 0.871981865151584 0.580312404721631 0.434549675960158 0.38272800779637 0.30247788982716 0.179166840504741 0.0750809221501152 0.021876202652787
2.45533586110658 2.2613815577554 1.59899072006195 1.0604598499877 0.879949997110949 0.914029647495945 0.918738076238189 0.796151517499169 0.647699090010302 0.575292832826598 0.531600258073091 0.421528422327377 0.252593203915429 0.108309603297973 0.032438532599895
2.54358588367858 2.35107243059933 1.65857916979894 1.04718735134814 0.756407470341965 0.7122044336929 0.756972850186832 0.779091846588579 0.767718434124425 0.741139191720107 0.666249634759702 0.504423518819785 0.294736950696814 0.125577323486886 0.0377308770161532
2.41122960326757 2.23281167792231 1.58821093647736 1.00779755337961 0.704886554227638 0.646648309377369 0.73537189460031 0.854594467089181 0.918506631843305 0.884936828643358 0.742773420440853 0.519475111489594 0.285858965448441 0.117193296734952 0.0343804301158712
2.27237798673082 2.11993210481262 1.54239866462539 1.02131207739604 0.747200607630505 0.705221515733059 0.812708664882159 0.943270602893322 0.989938115035996 0.903242934761427 0.699806126453152 0.448418671196534 0.228311987328009 0.0880120605640551 0.0246349963186648
2.12488327516185 2.02672452000971 1.53635193616551 1.07894181384835 0.838005202298874 0.808437803324624 0.88852537801291 0.943181928159339 0.899148051814672 0.749855736266066 0.532929659795979 0.313717681364212 0.147504539631498 0.0529872104895317 0.0139587296655378
1.87258665474256 1.86463499413927 1.5089431121054 1.14065427215237 0.936638945899559 0.902905353877751 0.915807289214336 0.851088012417845 0.701754488533815 0.515243205455507 0.329478772970661 0.176779572420592 0.0764439856246139 0.0254810214970439 0.00627848340875192
1.5656756232753 1.66252321814222 1.4653284687303 1.20191560339472 1.03227390242691 0.975175716506458 0.90857151687478 0.742980984392817 0.529077879712288 0.337857297796717 0.189979260913018 0.0896399527256665 0.0341761142562244 0.0101932927837554 0.00229208917464099
1.313877655801 1.49900171653523 1.43103985602206 1.24944793147604 1.09232184791893 0.991950058124299 0.859807411560559 0.653096309046369 0.439236893807713 0.268057847872694 0.140445293509645 0.0581324727917936 0.0182758331264211 0.00436896270497778 0.00080085637655827
1.10739374096155 1.34215444803861 1.35068710322735 1.21292253540795 1.0463491190838 0.898019338813316 0.731945618239686 0.545811451051411 0.38422251165004 0.251098994554568 0.135374706617326 0.0539735567244377 0.0151479295713949 0.00297204499127411 0.000414938581545511
0.861063443724315 1.09159279863006 1.13041857889768 1.01780053297168 0.849870981605144 0.683292851159889 0.525644598798343 0.394626703747892 0.301205359059589 0.2145524702456 0.121012704903431 0.0486434054460082 0.0133629323390382 0.00247858427057165 0.000310663657157592
