15.9857667705833 0.0101754386942546 1.39784079704159e-07 0.000443312468681791 0.398576247673302 4.88573851431061e-05 0.00764402617542997 0.0217479279809016 0.00352385546612587 0.0147477280799142 4.60372105436317e-09 2.00134347550618e-07 1.07121487200478e-08 1.22549867028885e-26 2.99661073058491e-61
20.6668362606693 0.0130613120497222 1.48079042333226e-06 0.0005005338358185 0.422456455319227 4.78553670815966e-05 0.0107993805067191 0.05080046081331 0.00779781444975605 0.0180662150520916 6.76212235075862e-08 1.69807908027141e-06 9.08893164852661e-08 1.03979826463481e-25 2.54253285865565e-60
22.9021936942415 0.0135900861570315 1.28127095649527e-05 0.000463969260617514 0.407574009898413 5.65181977258342e-05 0.0171585000126861 0.111110427469756 0.0230940750826115 0.0179367190790877 8.04990614756148e-07 1.16769115544439e-05 6.25004077463357e-07 7.15021501169972e-25 1.74838305006062e-59
21.9806342798397 0.0114734033106512 9.0813822843206e-05 0.000353143888261102 0.417058783611121 0.000171282919529968 0.0324403715298971 0.212946874865758 0.0734588314005631 0.0144328679846867 7.76662576133073e-06 6.50776537921989e-05 3.48326594003161e-06 3.98495006868441e-24 9.7440694357099e-59
18.510116123088 0.00791763219771377 0.000529193212930817 0.000220754343263646 0.516561128611913 0.000867723514976047 0.062770765936314 0.345679547754949 0.206885947772895 0.00941230923319112 6.07306193492652e-05 0.000293947408866842 1.57334579972256e-05 1.79994997815522e-23 4.40126909136889e-58
14.0082238269778 0.00470488192128839 0.00254641125121839 0.000113679942890759 0.710042819777461 0.00409963392192466 0.107626260090375 0.472128950913442 0.482636778849548 0.00497478313228668 0.000384872437858305 0.00107607192045175 5.75964221556437e-05 6.58918584961748e-23 1.61119922048777e-57
10.1251241016005 0.00318282648338553 0.0101669652031027 4.9648444116074e-05 0.911016434002194 0.0161885153507338 0.153992314512342 0.551459298721958 0.917119490453149 0.00213102613998271 0.00197678610923866 0.00319261816555755 0.000170883683417654 1.9549553714697e-22 4.78029098357152e-57
8.08930650459005 0.0040668622529599 0.0338419912699692 2.26038966691112e-05 0.992960047152526 0.0527593951818633 0.180951837154834 0.575151239167329 1.41404268417937 0.000739860820118226 0.00822879645398317 0.00767691732169897 0.000410903136682281 4.70084257399489e-22 1.14945822802918e-56
8.60898978446505 0.0076115485542605 0.0942734703759244 1.95412844719272e-05 0.889643487815064 0.142134754286056 0.175020017037053 0.573168155097587 1.76745295962197 0.000208210340674888 0.0277617429256327 0.0149610220786192 0.000800777912399536 9.16111503386538e-22 2.24009183201587e-56
11.9316365957455 0.0132936997713764 0.220251170774433 3.00279725500364e-05 0.648709634435311 0.318232652780966 0.141563777507218 0.577231258493713 1.79058641845318 4.75163459174102e-05 0.0759085867916195 0.0236303812592817 0.00126479017720566 1.44695403402971e-21 3.53811724986577e-56
17.6047532417186 0.0192488991878687 0.431519731832255 4.5749491054766e-05 0.383849016566618 0.596266641654591 0.0991311674205567 0.584816602454931 1.47022890588483 8.81147606965838e-06 0.168216600971408 0.0302493610039524 0.00161904400098932 1.85222995143658e-21 4.52910499419585e-56
24.0353244759931 0.0227066015290253 0.707355640721787 5.80862389129768e-05 0.184148992475268 0.941380085580502 0.0635782193278491 0.566641184484168 0.97839047016251 1.33957855739395e-06 0.30212076082176 0.031383352266939 0.00167970335184416 1.92162588287475e-21 4.69879313654e-56
28.6410815961219 0.0217835096702164 0.966306126331079 5.99758928262748e-05 0.0716086668103759 1.25861547665663 0.0394798860926273 0.501761787574274 0.527686373636748 1.73280342398135e-07 0.439770461634205 0.0263890008035442 0.00141234336887855 1.61575886013672e-21 3.95088175589949e-56
29.1085572645594 0.0170079223883693 1.09486201862262 5.0210780042798e-05 0.0225694166460692 1.42734362193597 0.0239269705949533 0.396551056469728 0.230661763592834 2.17184353390944e-08 0.518806382804059 0.0179842346571168 0.000962457964891831 1.10107783882466e-21 2.69237474264538e-56
24.9705082983337 0.0108241090593918 1.02395236992852 3.40702445956032e-05 0.00576553552945205 1.36981638353615 0.0134911282538059 0.276114276842417 0.0817167846965855 3.39074574322184e-09 0.496041868669406 0.00993378772038549 0.000531565780968585 6.0812557291041e-22 1.48699926120434e-56
