0.0653514459935924 0.0510328833992932 0.0304207978040479 0.0331256873275591 0.0645486473542191 0.117039511413004 0.165057282835048 0.177181305022351 0.14022173288271 0.0838792438753875 0.0458317556488726 0.0289330760241671 0.0171855667746099 0.00662663965487293 0.00141771422560299
0.237881955351526 0.192713994183105 0.126977598075867 0.135732501144908 0.216751230854591 0.319988525630674 0.368183858580841 0.345439303269087 0.291371188093209 0.226088563816957 0.166251010291657 0.124415865603208 0.0773098608362932 0.0299359133145066 0.00637824083184871
0.580361182915962 0.489964726351719 0.345398297210427 0.352072393958725 0.469777642778996 0.565312255587166 0.531607156555828 0.447660608601425 0.429801540725956 0.417039281709533 0.359687143087383 0.291976397648201 0.185778115075931 0.0719910965780248 0.0152592431718435
1.17051058207228 1.0149594308492 0.699789232027707 0.636781992203496 0.742167075139789 0.756279190951991 0.582929472304531 0.433770653521014 0.453391489471287 0.484818010954376 0.440503031824585 0.370355152111916 0.238589712580924 0.092312445694193 0.0194488537986779
2.16287087216385 1.89389489673542 1.19634433801626 0.904289483037672 0.951612372186355 0.902100536501353 0.617081416421252 0.376164002975843 0.340913870772477 0.344394938792077 0.303168574107575 0.254074890589708 0.16394638206257 0.0631868707659443 0.0132235339830235
3.38244130723187 2.98083797528927 1.76610346501869 1.12040588615045 1.0506384661394 0.97446188262376 0.662713151409383 0.353925288318657 0.226089870498832 0.172128612581942 0.125770176333206 0.0964098987208645 0.0607078477626845 0.0231617550563371 0.00480583611167981
4.12634969247102 3.66674144839452 2.17733882375744 1.31431438225486 1.09660256983272 0.953941999490639 0.67189430229278 0.397963055733729 0.242150580469232 0.137972667841182 0.0662796289544279 0.0325263571794133 0.0155787849910603 0.00520841018204009 0.00100809744578778
4.17841825751102 3.75362963230754 2.35529080697006 1.51005632202344 1.15862715603074 0.904802675995078 0.675718786826276 0.523928412058343 0.412643574934529 0.272366580297305 0.144307809615131 0.0626151370722954 0.0201891460878418 0.00421085560176112 0.000521019943344286
4.18325906651436 3.74487944809457 2.41104081387276 1.58734275177186 1.1605090796147 0.868598655852266 0.733598751977894 0.73181058132485 0.712239908443061 0.567048011236637 0.35348674167903 0.165709773773608 0.0532407048933654 0.0105724500855654 0.0012033118551914
4.18561497638364 3.63206508525874 2.22474531129242 1.39566421174937 1.03052902313573 0.824610639703786 0.773478820463773 0.870635709938497 0.955066611615901 0.840134380540781 0.548458815763289 0.256000899933584 0.0805786923518818 0.0157460903784058 0.00177497922752505
3.74196885059174 3.13871895501336 1.81213116203457 1.0864106678912 0.856679456396411 0.748559767883769 0.693055836613525 0.75462622958986 0.855568331585241 0.779310899009548 0.502722754676037 0.223517279741065 0.0668178399593917 0.0126084611237619 0.00139466382322223
3.08628978449772 2.59163993516456 1.5190132390212 0.932020545507928 0.767979526916764 0.703410712458799 0.608825645800729 0.545499697991039 0.551818470178738 0.492993187984863 0.309245202137771 0.128599368637286 0.0353192774793679 0.00619127490370677 0.000649679873544651
2.52072753309094 2.18223234562569 1.33808134518222 0.832412268255229 0.68776681975698 0.677307462922814 0.611126154651487 0.476984104193496 0.387481764829419 0.326509213763607 0.215540581000322 0.0950456523620441 0.0264713526924708 0.00443645619517808 0.0004261487757063
1.89225044175222 1.65809007523653 0.991995618357573 0.56867721034662 0.470248642365382 0.537143503303417 0.568956455852383 0.470089912809201 0.343951578331172 0.280852214057305 0.215994876421663 0.115051604080599 0.0366093434300051 0.00652429359980839 0.000630322033586788
1.09071344778758 0.947354521247395 0.526584241235818 0.25651734694295 0.210797716150456 0.29928879475173 0.388948268779635 0.35803722153677 0.25520139892966 0.207228393295736 0.18059270738712 0.108397054290776 0.0370226939293478 0.00683392219349293 0.000670246843694908
