1.46332667325343 1.81090371515246 0.611453203845738 0.641035238527866 0.00383790251614729 0.609840037417722 0.0134770025370073 0.603100058933389 0.279585091545612 0.455630463376013 0.00178695973489951 8.32983710629443e-11 2.43010678044402e-13 3.80062291023222e-20 5.57651208771307e-32
2.66789335189888 2.48154371802334 0.630291968017986 0.637568276920007 0.00515826575744966 0.91053969972155 0.0278277065862487 0.702619958341938 0.427811551478226 0.686508858117779 0.00269001294793324 7.03714023768813e-10 1.00067575740243e-11 1.56503049177806e-18 2.2963108051429e-30
4.13783563587006 2.64632064296263 0.505483763631278 0.467175929462831 0.00571967561294217 1.04160905632189 0.0435436536591855 0.603106309693861 0.482778070184863 0.762066226212413 0.00298331601807518 1.8324970687054e-08 3.03575474928084e-10 4.74784035993288e-17 6.96632888425123e-29
5.50278355934925 2.30822434451822 0.337735946461213 0.252240345978878 0.00849287342042791 0.920331448009124 0.053715788806062 0.381694650756273 0.401691246250377 0.623236115262798 0.00243752720712619 4.07093625520341e-07 6.78492842706979e-09 1.06114491076505e-15 1.55697830631005e-27
6.49119956875782 1.76819415560785 0.217455076204049 0.100725415344398 0.0258909958445568 0.631115882720663 0.0627059441206222 0.179348239149694 0.24637981959861 0.375513876440872 0.00146725637318188 6.70165110745033e-06 1.11719540662464e-07 1.74726414996513e-14 2.5636954475215e-26
7.41675316597178 1.27128794374317 0.185218318711039 0.0323153264609654 0.0877218694623866 0.336086899302994 0.0970987668867314 0.0667648893456062 0.111384103906647 0.166691327623484 0.000650723011725234 8.12956757191849e-05 1.35524650259016e-06 2.11956978546459e-13 3.10996560526245e-25
9.09214236159486 0.916630064579298 0.26452362020582 0.0214888996845024 0.233092880138734 0.139093402589503 0.189935000095279 0.0299650014341389 0.037110698217983 0.0545147238497989 0.000212993403354867 0.000726543720077076 1.21119127050792e-05 1.89427120194046e-12 2.77939340590417e-24
11.9592509005139 0.766405202322664 0.446328027249594 0.0595203179252732 0.460347321019773 0.0460991595634757 0.336444322352733 0.0301085158723606 0.00911183832606809 0.0131349548436921 5.38606191719901e-05 0.0047836728215864 7.97466506856491e-05 1.24721658356802e-11 1.82999432422995e-23
15.2988902608732 0.835505068303213 0.635814223850322 0.168227497474495 0.674412573953937 0.0154712978421368 0.474257178859318 0.0402148399877492 0.00164991568178013 0.00233161839140525 2.21321177161396e-05 0.0232041931237445 0.000386827601558523 6.04988166270982e-11 8.87676547191933e-23
17.5839009127803 1.04165371889714 0.69215235015154 0.35963481574351 0.745373855220501 0.0132213047026217 0.549363939745381 0.0541724765165054 0.000226916232550558 0.000304930347087557 4.78517814425327e-05 0.082923334480485 0.00138238095243062 2.16200734934476e-10 3.17223265820099e-22
17.8441794295895 1.26282259695576 0.567012936626048 0.577982009564502 0.664791414040882 0.0339471445686868 0.597442890152056 0.0932359832587851 4.83178347555989e-05 2.93804396842721e-05 0.00012297671362898 0.218319398758856 0.00363951329600153 5.69210280289087e-10 8.35180990973055e-22
16.3587640938294 1.39899251199508 0.357748664901517 0.71442245330931 0.579759997290343 0.0975538686092528 0.685992064284365 0.197478173087574 7.53097824454615e-05 2.08559924467228e-06 0.000238317195287852 0.423460766124767 0.00705934102698969 1.10406231763011e-09 1.61994941494383e-21
13.8247900663139 1.37367287621096 0.193572643887924 0.712253350853146 0.614250653816883 0.224030081878445 0.77526696316563 0.377153822780635 0.000150046085516561 1.09075455366951e-07 0.000340539356242924 0.605116944539787 0.0100876567900455 1.57768291579817e-09 2.31487523448869e-21
10.5798803970713 1.15991781488427 0.116592821418089 0.613573861948713 0.709555595763144 0.386093170269293 0.740672218472622 0.55737153715102 0.000224684559153519 4.20536283404577e-09 0.00035850747053931 0.637045911345706 0.0106199315209139 1.66092927983297e-09 2.43701951616641e-21
6.98981418214184 0.820655218095412 0.0893267794013675 0.478915188256551 0.703634117794142 0.493042310642622 0.547886576631448 0.613189294007987 0.000248007107496712 1.21710395914653e-10 0.000278057678429156 0.49409155864311 0.00823679804610496 1.28821348988033e-09 1.89014755411075e-21
