0.0277594860390176 0.0413973252623042 0.0649726915142728 0.0997911365775062 0.13852787363824 0.167136165992564 0.171602142923396 0.146759508267027 0.102217564190325 0.0568864151776451 0.0249657531998574 0.00857511927225744 0.00229759223411557 0.000480206551298094 7.8492719421478e-05
0.0950281477187153 0.129886941088497 0.188150071720079 0.275238306972977 0.371891647120864 0.440784086348548 0.44688722573785 0.379360517246537 0.263747134915294 0.147367006791338 0.0653335850355575 0.0228327136075701 0.00628164641688471 0.00136407178434029 0.000235110690813935
0.243806595114263 0.310137102648457 0.416888649257677 0.581354652327886 0.766169292967176 0.894780987402929 0.898694225405406 0.760312095592316 0.530890686129601 0.300684506249479 0.136605732609387 0.0495622143134489 0.0143735861743312 0.00334606852234196 0.000628336245719609
0.469550722346321 0.569274561530628 0.724810291191173 0.975020001762483 1.26182809957936 1.45822966239705 1.45625332081968 1.23449400506108 0.874015184687288 0.509534791491438 0.242379560826998 0.0937236017908387 0.0294424767770414 0.00751079315171275 0.00155186177587965
0.687164775286877 0.819300794294822 1.02518725872141 1.36454363819781 1.75386469662852 2.01286929049885 2.00225694164577 1.70872433319552 1.23972356160761 0.756468169619978 0.384215365678428 0.160962153060762 0.0551344210799672 0.0152970041425779 0.00340413021745393
0.802428076111132 0.968529110007342 1.23474191871384 1.66538214806375 2.14286001802198 2.44220671621799 2.41732627718052 2.08253744123372 1.56103035494292 1.00726488566725 0.549340708356333 0.248138913336975 0.0911366922056048 0.0268091477690242 0.00624351029055311
0.868160153746311 1.04815617504497 1.33752372630706 1.79978335214272 2.29646334708791 2.58792297060836 2.54971546413883 2.22864756990557 1.73830629095849 1.18946422830253 0.691747756872484 0.331292186075807 0.127579640782797 0.0388850713630296 0.00928708661221069
1.09953198647443 1.22547382531337 1.39921522595942 1.72311750119042 2.09768473950623 2.31756718841551 2.28780877417721 2.0557853113597 1.68636680394099 1.2240118733048 0.750944910448847 0.374981632701539 0.148794263425401 0.0462862603430436 0.0112041840895349
1.6339211653367 1.62451700378985 1.51507553788541 1.51366130303971 1.63238058830928 1.73443042336188 1.73300929751039 1.63010615309094 1.42012470441615 1.08915446887966 0.696286272339849 0.357451355373785 0.144372730516647 0.0454069878998994 0.0110640758213203
2.28286511235126 2.1188773336157 1.68760127688905 1.32814419546762 1.17946600453083 1.16194286198624 1.16914186145169 1.14754969862609 1.0475187624529 0.832694940538139 0.544914591043003 0.283746232157153 0.115567268803198 0.0365208244608835 0.00892123735804724
2.63307605321694 2.38234381572231 1.77533704946032 1.22598033593957 0.938250402888282 0.846750202816492 0.818489900755535 0.780006349563592 0.694757958632678 0.54378478112352 0.353209662142714 0.183398857316448 0.0746317630637447 0.0235784889670865 0.00575836611706415
2.43650261184743 2.19846319631064 1.63180225226153 1.12549712536778 0.863583735613184 0.763554704423322 0.683509101192448 0.571664333023683 0.441783118595847 0.310029704592038 0.188657776704086 0.0947340237967913 0.0379430270114435 0.0118992827993747 0.00289583110532158
1.8159798547236 1.65164742469748 1.25950228044114 0.929270913945865 0.77886658804785 0.713412275052054 0.609205473863607 0.448973558984328 0.287634689824347 0.165646017671381 0.086437763620204 0.0395123534275367 0.015066655448949 0.00461459307019574 0.00111071531371277
1.09366662656521 1.00683871088002 0.797194664481775 0.638173130391408 0.585606180706714 0.558337128359373 0.470081786238386 0.324842675966985 0.183546242857311 0.087618239800541 0.0369924571860652 0.0141546806158292 0.00480845805513438 0.00138314728162002 0.000322835452754567
0.527585723253389 0.491738057968898 0.403666403206905 0.346471265770327 0.339879228151374 0.333577557246796 0.280572018074592 0.189213775944799 0.101014727152446 0.043283397995734 0.0154003914272382 0.00477223094839241 0.00133526059078999 0.00033534212499381 7.24472502029044e-05
