0.217100135899382 0.270146266283094 0.302013379654771 0.305480170897762 0.28302506879063 0.252916396651901 0.233936298442684 0.227317165273543 0.220606373451143 0.201558077926171 0.164892040113101 0.11515095564745 0.0658308015929284 0.0298856725410517 0.0105683400675408
0.416173509466006 0.492829140380203 0.52637635857821 0.520856734572292 0.489700631949257 0.460013207518582 0.451604415126358 0.454404895231682 0.441080686432281 0.393264075278592 0.310724447258943 0.209792727545179 0.116736755959442 0.0519799910920033 0.0181484495280157
0.646926501515851 0.737703900018545 0.757147084543932 0.732573428449644 0.696382092893342 0.682748900622776 0.703976253099133 0.729089351920855 0.709542350498716 0.62121417775614 0.476203908263648 0.311130017702415 0.168275275449652 0.0733856470453434 0.0252959893063779
0.821095717415849 0.918941285195571 0.921367465199118 0.877964740644103 0.839938005479166 0.847065951843277 0.903056905856106 0.956606546822451 0.937481003255248 0.814201239263474 0.612016109362125 0.390177658198052 0.206435152980705 0.0887563966722577 0.0304738990439387
0.862193112141625 0.972688935381009 0.981180122137905 0.939323260378738 0.903407639206298 0.918572374022973 0.991700719410439 1.06666402633304 1.05904756521117 0.925549982501582 0.694838012787198 0.440931234748543 0.233018843218622 0.101049330025833 0.0354731024675136
0.77433161310092 0.911188621524984 0.962510416336577 0.95521344758032 0.929616489064113 0.935259142606588 0.998975073802938 1.08051355860124 1.0918498072442 0.973801450064676 0.745480341183004 0.483292584323749 0.262852568535438 0.118766546600989 0.0441098604886807
0.650243278639289 0.823235707643507 0.940188089820471 0.989085280577916 0.980092311348523 0.965569461495043 1.00222832309078 1.07683092989041 1.10346399339132 1.00700985746762 0.792358352826248 0.531600328197672 0.302636441502618 0.14531828253261 0.0583776785982339
0.605351184028763 0.813681361193003 0.987737536282702 1.08323820675939 1.08264558832329 1.04117082017491 1.04351220404451 1.1000345455686 1.12653355718551 1.03734765124832 0.829737345704151 0.572789282326171 0.342018602976444 0.176576174246027 0.0783159444702291
0.697756649174962 0.928226109785847 1.12264664307696 1.22768302332823 1.21425781334082 1.13917912068828 1.10176354863514 1.12523780858062 1.12937746796149 1.02985795703087 0.826305599657956 0.585048365928439 0.37042471342663 0.210373014303511 0.105424633485104
0.905285686367133 1.13292151984638 1.29902789300911 1.37123451893209 1.32707928848655 1.21610558633025 1.13103928857891 1.10064531280169 1.06200349306282 0.948724303503313 0.765691889665614 0.566241938142051 0.390834205890116 0.249019248444198 0.140270179883125
1.17007439450792 1.36477784505574 1.4583361331256 1.46589008430196 1.38349708116957 1.23955799243098 1.10042774439929 1.00030857506659 0.911819969183994 0.798908167493158 0.664031002599684 0.530556587729151 0.406389965890788 0.285768636770148 0.173391866805281
1.43959021997589 1.57655584109424 1.56688702025559 1.48830933091084 1.36199845318062 1.18877186187322 1.00033390068345 0.837087278875178 0.712894666935595 0.620541407381088 0.549117562274848 0.483426680688492 0.402951605705349 0.298345840157137 0.185579883338026
1.64434311148272 1.71215010996573 1.59091939346812 1.41835088011567 1.24369012151775 1.04815017976342 0.833852290822921 0.64167233425983 0.511622225346928 0.451367434145656 0.43362156058359 0.414190401570129 0.359623237108797 0.267700488435687 0.164658837193519
1.67604908477241 1.68139521976284 1.47541202745136 1.23153304244199 1.0217007460603 0.82281404334816 0.619590178910156 0.443410515224619 0.336035965029024 0.305406005267968 0.316083581418754 0.316192709533749 0.275247480764612 0.199949534518577 0.118953352773819
1.45953557854906 1.42599258203448 1.19530604031284 0.937261689355996 0.730040896512055 0.557031984090578 0.397711686399101 0.26847699102917 0.196897581609427 0.185110698908437 0.201593024365917 0.204925927922797 0.175165787318502 0.122468302014594 0.0696373773140405
