0.297559462747464 0.333642411082466 0.259152800418252 0.145968316042962 0.0761821903803364 0.0603528973748364 0.0648034179104127 0.072736229556459 0.100880234099321 0.156617314701748 0.198065900584131 0.177082115539859 0.108113119210903 0.0447494975762585 0.0125392417953522
0.515599040947359 0.549019473108128 0.412954475742507 0.244703951808797 0.170371458343601 0.18386298808492 0.204302419448873 0.193833306384496 0.195601718197522 0.246415844177905 0.292794646950847 0.258229373479114 0.157217523417657 0.0650378122833169 0.0182221327496962
0.842200001067205 0.850198966237567 0.621719998459807 0.403344678096923 0.36994045362889 0.461824631543706 0.505212429291407 0.427757782696348 0.325919084850472 0.302145816256452 0.316006298502789 0.270199411146099 0.163449169223941 0.0675274064025344 0.0189146187460522
1.31165128820044 1.27957274810822 0.928884866661792 0.665108580823496 0.716365243995846 0.922682569143388 0.972706868695098 0.762432158818775 0.476245397897324 0.31067861997476 0.256590325108561 0.204302160899821 0.121667535950371 0.0501039393052078 0.014024872631398
1.86143557223361 1.7866430461082 1.30618234395234 1.00092843757026 1.14226112768625 1.44511849153144 1.46177581732753 1.08557323158517 0.602679601025441 0.292186030349823 0.168748493656568 0.11418178481425 0.0652071888737393 0.0266046001928693 0.00743147409756667
2.34520551690507 2.22828899783245 1.63472759509664 1.277085213229 1.44634955519082 1.76966621552963 1.73243328470335 1.24891352592833 0.659819422667929 0.271734722246375 0.107784845662954 0.052060705431864 0.026007142465939 0.0102158210656687 0.00282375671367078
2.66627611942497 2.51046367083806 1.82484715708613 1.37449765555146 1.45961877950381 1.71850998252125 1.66823563073974 1.2205980253893 0.665444442186435 0.275968522239268 0.0931479091629886 0.0294746270055524 0.00981671507136521 0.00313177919688674 0.000798432876957122
2.82464749122085 2.64633174976698 1.89603036958404 1.32100708364123 1.23917145642715 1.39738599499739 1.40856801538428 1.12748044432137 0.697304852756294 0.331404518708361 0.120810156858993 0.0339056593751944 0.0075194454886456 0.00140274929521707 0.000233461667054959
2.82019274363418 2.64657015474468 1.8877728874301 1.2257247049467 0.990626760797016 1.06743994976662 1.17450896341104 1.08589628220543 0.780512266912283 0.421894526473845 0.168114993706952 0.0486250724272613 0.0100975271840092 0.0015038469667435 0.000163785867227547
2.6239324617563 2.46715353510058 1.76763283689489 1.11521749430511 0.817474236428658 0.853293498234561 1.02259810332024 1.05455200330475 0.826969957749602 0.474131341464691 0.195717356472071 0.0575666311798696 0.0119499906010418 0.00173612476076317 0.00017558439680842
2.28591029026649 2.12646637964602 1.51073694645237 0.942042941980444 0.673645770203207 0.706807009502236 0.88474138743827 0.947893500982921 0.75948727994728 0.439304846617764 0.181518505414084 0.0532007659832563 0.0109750974942464 0.00158088568805355 0.000157842767318947
1.96738284310769 1.773427054391 1.20478493852946 0.718319290708359 0.516793117674829 0.575247630596624 0.742971501696672 0.796998604533132 0.632474646150277 0.361266708391125 0.147321469554728 0.0426096898187606 0.0086733359894362 0.00123239350523872 0.00012132622979443
1.79704251169026 1.55471271291373 0.978793290218201 0.524254817861345 0.369470095442931 0.454880287425329 0.621621458397009 0.67719722857528 0.540554216049611 0.310265062027911 0.126981339933307 0.0367389350083529 0.00744552057497474 0.00104794398628746 0.000101720710204737
1.70832364311921 1.4372301493354 0.848115180789004 0.398146783776637 0.254594792349672 0.340320378773763 0.503001623873082 0.576634916419587 0.48080538050211 0.287028237654118 0.121324633087047 0.0359207530473953 0.00737805440376328 0.00104337375970244 0.000101028481586572
1.49042196686863 1.240212092612 0.709103831941906 0.303120260617214 0.165787700999459 0.224858398736005 0.359115849988285 0.440180934585881 0.388707995521322 0.24321503116335 0.10652385379339 0.0323282727893876 0.0067456161233168 0.000962444255418738 9.35496364350743e-05
