43.5674122706981 1.89489774491941e-119 0 0.476678700342745 0 0 0 1.12080639669759e-161 4.79103212069371e-48 0 0 0 0 0 0
62.9077062099235 1.61453730938717e-118 0 1.29905323484099 0 0 0 1.96926295803944e-161 8.4178695926955e-48 0 0 0 0 0 0
82.1448166017975 1.06214600686141e-117 0 2.73339238288444 0 0 0 2.67147215499433e-161 1.14195537622097e-47 0 0 0 0 0 0
104.901344449038 5.39503398911507e-117 0 4.44069392033775 0 0 0 2.79815276338621e-161 1.19610664317152e-47 0 0 0 0 0 0
136.574431964562 2.11581639724899e-116 0 5.57023514536768 0 0 0 2.26290342016373e-161 9.67307378328361e-48 0 0 0 0 0 0
177.152725451598 6.40671789027267e-116 0 5.39473414482241 0 0 0 1.41297489576168e-161 6.03994421451768e-48 0 0 0 0 0 0
215.830560785771 1.49784561507407e-115 0 4.03404180453067 0 0 0 6.81203235166897e-162 2.91189146494999e-48 0 0 0 0 0 0
233.958451016802 2.70378611098405e-115 0 2.32908088254715 0 0 0 2.53567031770401e-162 1.08390512183054e-48 0 0 0 0 0 0
218.259473921567 3.76835181759242e-115 0 1.03825152057502 0 0 0 7.28756935451737e-163 3.11516591644652e-49 0 0 0 0 0 0
173.393217902876 4.05512625795407e-115 0 0.357350513105138 0 0 0 1.61713562251654e-163 6.91265568596251e-50 0 0 0 0 0 0
120.247760129967 3.36923379442367e-115 0 0.0949642348173295 0 0 0 2.77066498332632e-164 1.1843566355358e-50 0 0 0 0 0 0
81.6051717115298 2.1613830663741e-115 0 0.0194849621021307 0 0 0 3.66518091957906e-165 1.56672905914855e-51 0 0 0 0 0 0
67.8750264834593 1.07054806315686e-115 0 0.00308683123868364 0 0 0 3.74352421822332e-166 1.60021791693449e-52 0 0 0 0 0 0
72.2406202048076 4.09406208753158e-116 0 0.000377572222988527 0 0 0 2.9521587400075e-167 1.26193849271711e-53 0 0 0 0 0 0
77.6303464483587 1.20886139347566e-116 0 3.56583313363636e-05 0 0 0 1.79751529400294e-168 7.6837119563031e-55 0 0 0 0 0 0
