30.0674037216303 4.57077131593692e-05 8.45670060033808e-52 3.50786354721353e-239 6.40393137803203e-136 3.39962539396598e-13 2.28027470738432e-32 5.53971930712201e-05 2.0095028229308e-10 2.19970366025338e-27 1.7234630493313e-185 0 0 0 0
43.247813326209 0.000361141161652719 5.6491287920376e-51 2.343274747401e-238 3.9781277032308e-135 2.11185023105277e-12 1.41650861774377e-31 0.000337073451476109 6.45305859535192e-10 4.16647446537928e-27 3.26442371161779e-185 0 0 0 0
52.6069708343517 0.00229031900592646 3.02464406315169e-50 1.25463099072012e-237 1.98071982717794e-134 1.05149556191455e-11 7.05283217091012e-31 0.00164389325566105 1.72084542781026e-09 6.3253643890008e-27 4.9559092867733e-185 0 0 0 0
55.8775820888541 0.0116561200231879 1.29801392275501e-49 5.38419880115644e-237 7.90459557645389e-134 4.19627604738669e-11 2.81462250312697e-30 0.00642591471004908 3.75745739186441e-09 7.69687886281786e-27 6.03048790386506e-185 0 0 0 0
54.6586108427066 0.047596108127718 4.46474546203057e-49 1.85198916149614e-236 2.52841605075081e-133 1.34224851973432e-10 9.00303708757635e-30 0.0201330039048671 6.65716324337691e-09 7.50682049980096e-27 5.88157758844636e-185 0 0 0 0
52.5308418854031 0.155912127795374 1.23091010167884e-48 5.10585023596967e-236 6.48230856151787e-133 3.44123312639735e-10 2.30818279986512e-29 0.0505585344143326 9.51884389048441e-09 5.86826461042231e-27 4.59777260114956e-185 0 0 0 0
51.6668295484046 0.409657492190563 2.71999587046429e-48 1.12826205082766e-235 1.33205801075181e-132 7.07143467389759e-10 4.74311483271929e-29 0.101763644504646 1.09506797649084e-08 3.67684755210641e-27 2.88080208647273e-185 0 0 0 0
51.6829017337713 0.863265934521432 4.81750785145598e-48 1.9983160075292e-235 2.19396075634935e-132 1.16469778646225e-09 7.81212809190754e-29 0.16417351842819 1.01184397932864e-08 1.8465192361357e-27 1.44674381866181e-185 0 0 0 0
51.4100235417339 1.458843237372 6.83894159991337e-48 2.83681249622331e-235 2.89632203921044e-132 1.53755706805044e-09 1.03130553726841e-28 0.212288191300406 7.50223592609638e-09 7.4326610193457e-28 5.82347379627122e-186 0 0 0 0
51.0855957886311 1.97686508972079 7.78157731427749e-48 3.22782048113261e-235 3.06462345083017e-132 1.62690245903097e-09 1.09123332685248e-28 0.220019333924235 4.46116122380857e-09 2.39798848967278e-28 1.87881878334319e-186 0 0 0 0
52.4269614696384 2.14792642502693 7.09673610237573e-48 2.94374639167464e-235 2.59908013347092e-132 1.37976163408165e-09 9.25465365095793e-29 0.182771355141921 2.12697702275892e-09 6.20100582727187e-29 4.85847462324089e-187 0 0 0 0
56.3979347167672 1.87115613847948 5.187545903527e-48 2.15180884773806e-235 1.76674754433244e-132 9.379050870288e-10 6.29093208820839e-29 0.121693587940334 8.12959395884269e-10 1.28525547435461e-29 1.00699487800361e-187 0 0 0 0
61.0520287351703 1.30685446206781 3.03932769213146e-48 1.26072180193282e-235 9.62590565166665e-133 5.11005995560543e-10 3.42753660172864e-29 0.0649440752567896 2.49074911775185e-10 2.13515330400865e-30 1.67288798514464e-188 0 0 0 0
62.1713840770872 0.731733113339293 1.42726750760463e-48 5.92034636043332e-236 4.20359611979804e-133 2.23154360520863e-10 1.49679210256934e-29 0.027779450850698 6.1168326866199e-11 2.84302671656629e-31 2.22750526936856e-189 0 0 0 0
56.5827970973846 0.328451376819339 5.37211756711156e-49 2.22836970062091e-236 1.47133864489602e-133 7.81082732627462e-11 5.23905722891202e-30 0.00952401460882359 1.20405986336584e-11 3.03420623535986e-32 2.37729400790787e-190 0 0 0 0
