3.10249447370615 2.13950167327217 0.648226850513445 0.0958156518520776 0.00758752009541628 0.000317070518798907 9.30032061226273e-05 0.00125925974278411 0.0073027804210788 0.0168127006142221 0.0153705271978778 0.00560350096000833 0.000830335569546769 5.40694410232357e-05 1.92999589488632e-06
4.00204685194902 2.80941925619201 0.890101299609738 0.142578239726066 0.0123519311785137 0.000557192015972109 0.000222070835610393 0.00298519524204655 0.0172799983338476 0.0397878343775953 0.0364389579517731 0.013394140818018 0.00205733486320894 0.000152491098422214 7.13520335204703e-06
4.47984581495274 3.211593775062 1.06897400618608 0.185310895657116 0.017398049979602 0.000874578210057032 0.000472606762667162 0.00594424893572969 0.0341857799081383 0.0787120307024517 0.0723615599279842 0.027075167646853 0.00447108403804552 0.000408309410489334 2.52775264826739e-05
4.42540989757053 3.24082597004322 1.13113590942239 0.210404891875508 0.0214439188389936 0.00139407072407329 0.000999670020310021 0.010075510050349 0.056660399656232 0.130311158114869 0.120771990517615 0.0469105351278957 0.0088558823595955 0.00106278000434931 8.23409685517446e-05
3.95728377314117 2.94366796973354 1.06477111622518 0.210222821645813 0.0245148636583453 0.00287895601433298 0.00247241649780126 0.0151635361177826 0.0792075562848137 0.181048863923829 0.170640224471558 0.071442492943884 0.016694056672194 0.00264577689972503 0.000236817773118907
3.31944524282494 2.47373065018232 0.907044748983129 0.191309102085359 0.0307560582046536 0.0080784143392715 0.00735337947726391 0.0225917593806292 0.0954405434109317 0.212706903590585 0.207227514597285 0.0995074731911186 0.030610229437804 0.00604132503385764 0.000585362739896388
2.725050777163 1.99632929150065 0.725079201943331 0.17635845649149 0.0515759494950019 0.0243703215444353 0.0226455890562497 0.0390891113342921 0.105617988392093 0.215757957999975 0.222837790458002 0.13250332516441 0.0536197339126737 0.0121589692425694 0.00122541568079779
2.28109557106849 1.62284001886576 0.585679350141704 0.197566639079701 0.107135867837075 0.067068016575598 0.063528479831061 0.0807930251363128 0.123016487184537 0.199430365109439 0.223143821137757 0.172544540129459 0.0860808266543653 0.021021439818124 0.00215718250817162
2.02125297476165 1.40870480002359 0.53372603586268 0.283271507526251 0.222295067634054 0.159785865637818 0.153991210243015 0.172514782322001 0.171615272099035 0.187783698181751 0.221841034636849 0.216486734579284 0.122028451929532 0.030806059197612 0.00318327060579517
1.96388597009099 1.37991408296322 0.584631756904626 0.441295006287196 0.412981473645802 0.325412441879265 0.317396759928533 0.335573840877302 0.271863866442293 0.203734948516808 0.229604806803197 0.253376676036193 0.149582156431718 0.0380647474293592 0.00393399696366638
2.10799058031913 1.53263702782802 0.721703946838077 0.645416901230343 0.665567623551018 0.564894795542737 0.554119833474358 0.564373891943798 0.420347640821014 0.253217087545622 0.248669208170271 0.271302374733849 0.157764690219639 0.0396653157748112 0.00407419536722173
2.37581673033855 1.80031110253802 0.894620591449574 0.836375666595806 0.923938286130294 0.835160025100526 0.819095546592456 0.807900653678088 0.578445246345473 0.319896976800924 0.274502388185928 0.267249881716556 0.144543452432024 0.0350506805562994 0.00354465971147217
2.59467266240333 2.04240162179132 1.02932204218508 0.944855452505847 1.10311076194825 1.05087410110847 1.0256612163563 0.981014361375098 0.685217603529865 0.373020886503584 0.297624689042188 0.247782865001227 0.117833565619815 0.0266042383619085 0.0026052455298776
2.5779059416407 2.10070825607748 1.05714462946384 0.926932791743926 1.13149926181947 1.12443549819231 1.08853913744223 1.01056714894351 0.692400432814111 0.384163581624746 0.304354704285655 0.22005801892197 0.0885047337033698 0.017754447741618 0.00163564618501217
2.24905490710295 1.89481204938829 0.95080698131575 0.788359747423107 0.995376352281177 1.02198032728365 0.97947350895435 0.883930785082718 0.595936592962766 0.34343752880939 0.282358582386207 0.185589441653886 0.0631477852708452 0.0107809915207715 0.00089511767214742
