0.0147055903263276 0.0240496334491988 0.0423493259058921 0.0681003780015487 0.091778491187509 0.111198867793942 0.131034306634817 0.14008355573383 0.121238192727297 0.0863733863285538 0.0626904546893207 0.05304662116789 0.0418357422327959 0.0248301369534129 0.0103004126510024
0.0674351758742132 0.0966035096306307 0.153297738394736 0.236214615852769 0.304690494605505 0.333528215491908 0.340645622949287 0.32750244105547 0.27215542061027 0.198943631310138 0.157950813831114 0.144320204860758 0.117055787471848 0.0699610162989847 0.02906732676035
0.226116332399437 0.283813767249559 0.392122407286152 0.568581768397205 0.713761036169722 0.739480516677899 0.682653260777307 0.594811502652465 0.469846374474414 0.34348623827002 0.28239555334722 0.265088844535792 0.216855120982061 0.129843567083829 0.0539640185820287
0.57777626492264 0.643379191381589 0.746913611412762 0.979527092291353 1.19661977452337 1.22038417606338 1.08906324671728 0.909922744762317 0.696699619527922 0.490657072884919 0.377030753122341 0.334398429156264 0.267344074852422 0.158973628655606 0.065940959132209
1.17662364950751 1.19671578569326 1.15694602924003 1.3009929372135 1.51528167761584 1.55790957824839 1.42934072136852 1.22867588007402 0.950589292826961 0.636987791192634 0.41502277984291 0.306246792074127 0.223864146139241 0.129277801662179 0.0531567338323337
1.96468439529052 1.89681144313325 1.59314856038364 1.50209746689898 1.61702791013142 1.68172914336448 1.62964912047896 1.48234493412333 1.18251701683512 0.772964040096461 0.429790668924413 0.237121508013548 0.138185698607342 0.0721620759044236 0.0286235020719457
2.69855624241916 2.55313386919618 1.99052393888124 1.6430878844873 1.62634136697838 1.69676205560293 1.71623184861864 1.61883273184447 1.31667602070237 0.862858886565777 0.450872975435861 0.198836057763084 0.0817099904939127 0.0322348870537227 0.0110392493031742
3.04210590814966 2.87209935327523 2.17477314965121 1.67202887778026 1.57082436238668 1.65035901626597 1.7102839412278 1.6223206409962 1.31357669822472 0.864916818109125 0.45358679297205 0.188446827095988 0.0626013710963275 0.0172077439083502 0.0040904711364593
2.88818905599057 2.73768099793875 2.04743000426741 1.52118921604946 1.41220701337014 1.5223989522212 1.60167219845742 1.490028178112 1.16398147848626 0.747287475237949 0.389655594556799 0.16112499492185 0.0510728061735577 0.0121131186697389 0.00215743419907184
2.50241492533133 2.36331508071485 1.73193291209553 1.2491627158295 1.17486346924733 1.31836108570115 1.39464697375675 1.24390097174196 0.90453970468352 0.538275039321092 0.264677778354376 0.105683265588074 0.0327311811242868 0.00749969364569174 0.00123452406104963
2.20812737043505 2.03902017873776 1.42399236325495 0.959808287385191 0.894254279293399 1.03671277741515 1.09423001688653 0.927910438693053 0.616255868965267 0.325624256531634 0.14157564264708 0.0512984758144802 0.0149668506368395 0.00331675449180105 0.000532237413202703
2.05764558686358 1.84076183510351 1.2022430022084 0.711353881794118 0.599493660699057 0.692390733160046 0.728042532078085 0.593754737445021 0.364373151056236 0.170099854339379 0.0628145258885001 0.0192474787068551 0.00494531850800913 0.00101755065931861 0.000157256334995264
1.92882189095334 1.68183727606288 1.03652935601523 0.521978117908346 0.346488481068546 0.368406954719935 0.384000177161526 0.306646997033651 0.178881952584286 0.0761843293749314 0.024270870756255 0.00608733278288806 0.00127415508999684 0.00022541000922913 3.20038287282212e-05
1.72464560299873 1.47717341816562 0.876394006810409 0.386337276348051 0.181314908955157 0.151577897408658 0.15192240947115 0.120057827675946 0.0682511376445824 0.0275791481016503 0.00798807382731196 0.00170725679102422 0.0002850627839026 3.98114885739734e-05 4.74871549752335e-06
1.36838358278766 1.15782750116973 0.672410613880089 0.274917413804471 0.094564274828221 0.0500412310443753 0.0436219821771477 0.033889365090885 0.0190365813784267 0.0074969365216001 0.00206755105812574 0.000403634648194771 5.742741775932e-05 6.31217631359415e-06 5.78782136559315e-07
