0.124387226807569 0.217382201472198 0.294463725733923 0.263261790795503 0.152555167239268 0.0592760162001567 0.0739419368979324 0.164316265748936 0.153393712188322 0.0544293602110046 0.007297156578558 0.000369050910212303 7.03659882608021e-06 5.05674969636115e-08 1.36950545313572e-10
0.336819619783682 0.517234576718352 0.624783035852435 0.545632462372072 0.325107293575692 0.129748995918672 0.156036281776635 0.334505689750499 0.307878798312556 0.108583576882725 0.0145178671878645 0.000733301861893261 1.39729556634748e-05 1.00382491218108e-07 2.71816782646646e-10
0.750222807497533 1.02319306830451 1.08187973161461 0.906589253135868 0.552521253254089 0.230870380213402 0.276940604381467 0.557665423630078 0.49773268033434 0.173105855074362 0.0229955980218449 0.00115792168364874 2.20298312702934e-05 1.58135640089557e-07 4.28014737059642e-10
1.38291838145951 1.69391005629431 1.54131473886092 1.21037049088812 0.750028681218398 0.340966450565015 0.433461526387312 0.788462956378311 0.66110715046451 0.222889027590586 0.0291640515861114 0.00145753677886093 2.76234317345789e-05 1.9788273655934e-07 5.34997395551125e-10
2.13809544095395 2.37290120969791 1.82797481353404 1.3036737193067 0.816427939639355 0.432183696673989 0.629289670084449 0.999042390472206 0.750537381420175 0.237395890041207 0.0300221061558691 0.00147384708172715 2.76685801244767e-05 1.97186855419433e-07 5.31593980853154e-10
2.84421401995548 2.87269105403979 1.84109252058302 1.14347613073677 0.720486331757081 0.489932498577146 0.862265007082858 1.19713210315386 0.774211743758424 0.219193476326545 0.025861057223849 0.00121952336067743 2.23803225360832e-05 1.57472224179531e-07 4.21459935370607e-10
3.39402922209368 3.12110313473547 1.6355963375006 0.840924202405123 0.534323723222086 0.512361346737531 1.08046475861731 1.36804644347032 0.766225444902966 0.187735205719817 0.0197303863880706 0.000859256583507147 1.49969343544629e-05 1.02373069541834e-07 2.69127830168845e-10
3.82987797273585 3.21200473679773 1.37379505479893 0.57308392064323 0.37606624711335 0.497623334281261 1.17664312660183 1.42549854583013 0.726734762156727 0.156527755312459 0.0143181466889294 0.000551530003263415 8.76707043452046e-06 5.61237015824905e-08 1.4157240664172e-10
4.25652528594883 3.29020173641743 1.19971989217957 0.463181154039987 0.329376454290676 0.448480113005612 1.07131065130293 1.27946591367431 0.625317390007912 0.124634486995071 0.010199789165594 0.000344784787065439 4.81998387387165e-06 2.76770206038074e-08 6.43411446492081e-11
4.67904298333256 3.40081628430585 1.15727645191303 0.52962168838252 0.405614823864087 0.38458794082882 0.800283879163941 0.951188521139155 0.459966796557234 0.0887778681173388 0.00683608006185283 0.000210729277282689 2.61868461586126e-06 1.32214380525717e-08 2.72239946332049e-11
4.95558612106895 3.46377570358298 1.20354895233907 0.704006756268296 0.547079416454761 0.329555282896288 0.489982037768717 0.573975963295485 0.278554789829429 0.0533861979432867 0.004014442583573 0.000118192058252694 1.36564083843991e-06 6.23722844989381e-09 1.13808537754881e-11
4.91110174009995 3.37107161133374 1.27197589333209 0.882536260622694 0.65997246398462 0.285829672548117 0.250397338132447 0.278735399175566 0.136315541550527 0.0262226806818868 0.00196169016659711 5.67714970054163e-05 6.34389605021366e-07 2.74289627353613e-09 4.61848196828665e-12
4.48382813334077 3.08327488575683 1.31584365157638 0.985309148948229 0.673929922465797 0.23772235743818 0.11165946233135 0.108738575971113 0.0534582604905666 0.0103598256413809 0.000776814232122259 2.23913251949463e-05 2.47172565869969e-07 1.04375844780011e-09 1.68922386139967e-12
3.75799747244047 2.63642076402418 1.30278674997359 0.984639087333238 0.586368069084052 0.177492351811727 0.0465829871653624 0.0342165215846948 0.0167414696332983 0.00327003197841337 0.000246379576356831 7.10959759573033e-06 7.82382856842044e-08 3.27578254121556e-10 5.21594018617595e-13
2.88070679204319 2.08872572963001 1.19548379492684 0.885840321111164 0.446129665278098 0.115381309621105 0.0192866722201352 0.00880101608774276 0.00418172952518771 0.000822286341371578 6.22816831366645e-05 1.80218163698196e-06 1.98390489534905e-08 8.28704975623075e-11 1.31181370568242e-13
