15.4035356450039 6.33711767862484e-06 2.05150574573001e-15 9.31573502181641e-72 1.01004525328482e-06 9.42888366976734e-132 0 0 0 0 3.35615250281683e-116 1.19003052356891e-10 8.77834305232678e-299 0 0
30.9742284881359 1.63563160967891e-05 5.21309035185749e-15 4.22850987781284e-70 1.72983138131276e-06 1.61481664407283e-131 0 0 0 0 5.13236194755852e-116 1.8198420275813e-10 1.34241914831233e-298 0 0
53.0024477757279 3.1622070891751e-05 9.92227064680396e-15 1.43764240550966e-68 2.21901385293929e-06 2.07147386841555e-131 0 0 0 0 5.8787659271847e-116 2.08450327820175e-10 1.53764836341151e-298 0 0
78.5516307339516 4.58279615415739e-05 1.41455614085605e-14 3.66106721235797e-67 2.13210975875089e-06 1.99034793946692e-131 0 0 0 0 5.04368973506255e-116 1.78840047676559e-10 1.31922606933737e-298 0 0
103.410043806129 5.04999366090247e-05 1.51050654122203e-14 6.9832538917597e-66 1.53444881073463e-06 1.43242486280461e-131 0 0 0 0 3.24118529523051e-116 1.14926524662683e-10 8.47763514733326e-299 0 0
123.985215805155 5.34494346265395e-05 1.20814297998969e-14 9.97702969017678e-65 8.27158152287235e-07 7.72161244167183e-132 0 0 0 0 1.560100799553e-116 5.53183316239091e-11 4.08059526591572e-299 0 0
136.854170499506 0.000178021590974216 7.23781305672891e-15 1.06767235962896e-63 3.33978112852004e-07 3.11772246251873e-132 0 0 0 0 5.62464039371286e-117 1.99439499456568e-11 1.47117936031051e-299 0 0
138.699584280526 0.00135744966758892 3.24780309306394e-15 8.55791635167317e-63 1.01004508787351e-07 9.42888212539248e-133 0 0 0 0 1.51890344095042e-117 5.38575483553796e-12 3.97283957055932e-300 0 0
130.003497689377 0.00884934018629994 1.09160451426232e-15 5.13796778901538e-62 2.2880042041296e-08 2.13587711971906e-133 0 0 0 0 3.07226641262531e-118 1.08936968880023e-12 8.03581139281687e-301 0 0
118.207945583029 0.0435332583026589 2.74811091726909e-16 2.31051089005269e-61 3.88209521907615e-09 3.62397858730732e-134 0 0 0 0 4.65458410934919e-119 1.65043071195227e-13 1.21745171125217e-301 0 0
113.921610952337 0.16046992951247 5.18198909052791e-17 7.78247913233242e-61 4.93365733162912e-10 4.60562193575823e-135 0 0 0 0 5.28197321461643e-120 1.87289145674738e-14 1.38155142926873e-302 0 0
121.713263002947 0.443066117533572 7.31900483014114e-18 1.96345617630084e-60 4.6964331658117e-11 4.384138336953e-136 0 0 0 0 4.48957063799129e-121 1.59191994179175e-15 1.17429083406858e-303 0 0
133.982313099597 0.916299522304859 7.74285053147483e-19 3.71037463577327e-60 3.34913212655988e-12 3.12588874224681e-137 0 0 0 0 2.8582928707334e-122 1.01349856975132e-16 7.47614279811741e-305 0 0
135.182459986626 1.4193841590384 6.13540195126811e-20 5.25179318158627e-60 1.79582135965878e-13 1.66938338165855e-138 0 0 0 0 1.36301911238996e-123 4.83301741083124e-18 3.5651089589626e-306 0 0
115.158946512949 1.64685728696288 3.64148451113791e-21 5.56789158144725e-60 7.85888443444765e-15 6.67777770561787e-140 0 0 0 0 4.86844723732165e-125 1.72626268023724e-19 1.27338969088839e-307 0 0
