3.25626191270736 0.541417487769705 0.211973323267262 0.00362645500729383 0.000408021761327468 0.122641951384201 0.397193044010468 0.000730199746079265 1.74531934189375e-07 4.23405974111391e-11 8.43971881745569e-14 5.77640460284918e-15 2.24069352870215e-19 4.92529782716288e-27 6.13490322710357e-38
5.95727128214152 0.60988459251674 0.239388125977435 0.028353544506689 0.00309163203761424 0.16014127240429 0.518639485607453 0.000991979023494519 6.15721139598174e-06 1.76584144290625e-09 1.65720559553773e-11 1.13438550895085e-12 4.40033280858981e-17 9.67242924716006e-25 1.20478841046074e-35
7.52183233159494 0.666350119841827 0.292124094932751 0.134074300900351 0.0145405063486585 0.125037956698208 0.404952055870199 0.00151368694628324 0.000134601100358257 4.46253263632978e-08 1.94597582144559e-09 1.33209047494946e-10 5.16723933325968e-15 1.13581765353139e-22 1.41476345849014e-33
7.99018824781517 0.916066028078668 0.391914092098661 0.379671038515881 0.0411615631006416 0.0584019515999045 0.189108352570295 0.00930763901554831 0.00182072218241943 6.82369313822918e-07 1.36639995637256e-07 9.35355628571402e-09 3.62828688098189e-13 7.9753849700162e-21 9.93406220434184e-32
9.45215400461343 1.30526122843799 0.399030698144752 0.643103013781158 0.0699248882989213 0.0167738349734171 0.0531051983068864 0.0636310000479326 0.0152488450622024 6.3252282793523e-06 5.73707181978382e-06 3.92726125741427e-07 1.5234024432213e-11 3.34861088648678e-19 4.17099725838417e-30
12.9590639600139 1.67669491406696 0.267451218236776 0.651454179832238 0.0730913571146008 0.00870743511216496 0.0102727290637008 0.276769292261889 0.0789956481461134 3.60637837026866e-05 0.000144036704422039 9.85990682117547e-06 3.82470254887059e-10 8.40712882515792e-18 1.04718381649312e-28
16.9852631202922 1.93194954307519 0.140744554165538 0.394645919585062 0.0598384930995706 0.0463367835307266 0.00610100099054706 0.747961685932621 0.252532066304639 0.000134783313267096 0.00216235081817096 0.000148021846137522 5.74183450694331e-09 1.26212017211284e-16 1.57208465124387e-27
18.8936188919161 1.92608322378409 0.11396478447574 0.143120508768007 0.0861992975922639 0.216172012886282 0.019205055842666 1.27254537542778 0.496654772041163 0.000402716187877723 0.0194110553203444 0.00132876692811937 5.15434714445627e-08 1.13298380460527e-15 1.41123364373943e-26
17.8536641602428 1.65838498001551 0.148836776372735 0.032527489278903 0.179263391316432 0.623088583422603 0.0665762313678383 1.40684547691387 0.600138563622701 0.00126419452503355 0.104193863601039 0.00713250019932472 2.76672915747946e-07 6.08158364056809e-15 7.57516162711182e-26
14.9820311643617 1.2491251598885 0.184705638072201 0.0139524954018286 0.265465348950027 1.13505343508818 0.17052333951645 1.10926208844946 0.456965643995262 0.00411350055655903 0.334429943557522 0.0228931082996638 8.88034047920663e-07 1.95199928533007e-14 2.43139138689882e-25
11.1772183903029 0.780451028394512 0.257753519231152 0.039448260437791 0.256057760072535 1.43323509105279 0.294886770596743 0.781762058613188 0.297187626593019 0.0120337095401895 0.641856944215265 0.0439377406775743 1.70436487696008e-06 3.74638678500869e-14 4.6664630614972e-25
7.2177217775802 0.425799604033306 0.431726006570342 0.0929046688847722 0.220107601585203 1.52661977955921 0.366123199310074 0.645381922483913 0.432397372566983 0.0293490098388286 0.736616738869626 0.0504243917317287 1.95598501161601e-06 4.29947630243551e-14 5.35538600268988e-25
4.30878473255152 0.349896443425221 0.571417844973286 0.132353575679546 0.318018816306622 1.55169101537028 0.375587927996934 0.666274403617691 0.91046862500157 0.0532693608420562 0.505493649974278 0.0346029880657809 1.34226559189487e-06 2.95045159837837e-14 3.67505390891883e-25
3.07047395585893 0.501276817419065 0.479510392600749 0.113475954933324 0.545693050587216 1.30799622491159 0.331557065447242 0.701066097289691 1.3570112042797 0.0645653053168363 0.20742553384952 0.0141989596853311 5.50784082288914e-07 1.21068571359011e-14 1.50801838831959e-25
2.70370527554609 0.607769280501847 0.243172221812917 0.0590313390663148 0.656656876370147 0.778889588783477 0.220970161547439 0.560120173149837 1.29475202910968 0.0495254722690521 0.0508962782809323 0.00348393013632201 1.35143229180226e-07 2.97060104164572e-15 3.70015186012159e-26
