2.50811803477033 0.0137055833620585 4.22251182133992e-11 1.2343943222759e-32 5.17039013297686e-62 1.78591303161938e-29 5.83016207869913e-10 0.00179879411195512 0.411232607326967 0.421300959128557 1.48339791209658e-06 2.23506072758367 1.54460513817528e-06 1.00884881445e-25 6.22752050116762e-58
4.35087255773718 0.0481730714919025 1.48635107066667e-10 4.34514668092565e-32 2.42052049063028e-61 8.36077365642635e-29 2.72939749345376e-09 0.00842107609479216 0.744921621559871 0.883369102902305 2.86330483182897e-06 2.87951237806936 1.98997260330089e-06 1.29973768182576e-25 8.02314771428134e-58
6.4449559863961 0.141704269950294 4.37626033175564e-10 1.27934062354422e-31 9.47819439467476e-61 3.27388823277626e-28 1.06876979375216e-08 0.0329750121676442 1.12866443669776 1.54926228701183 4.75552077146732e-06 3.10298584523648 2.1444105840556e-06 1.40060784594712e-25 8.64580891586523e-58
8.24893214864153 0.348773937077545 1.07774525743904e-09 3.15064275236012e-31 3.10437241048264e-60 1.07229048960532e-27 3.50052171587434e-08 0.108002439655397 1.43037637557853 2.2726912503675 6.73623741787224e-06 2.79686730278467 1.93285826794785e-06 1.26243382462308e-25 7.79287482088555e-58
9.30909798457252 0.718179293347998 2.2200375201025e-09 6.48997995973383e-31 8.50458920240332e-60 2.93759744579119e-27 9.58986743906869e-08 0.295878488956986 1.51623685428466 2.7886144284134 8.08462422696024e-06 2.10860460988935 1.45721387997197e-06 9.51769781723324e-26 5.87517747275657e-58
9.61055182308777 1.23713944133509 3.82503779644466e-09 1.11819815731737e-30 1.94878605769331e-59 6.7313679752495e-27 2.19747353943007e-07 0.677991800868386 1.34435824694763 2.86199493213382 8.1833874727173e-06 1.32968773877035 9.18920228039519e-07 6.00186778950489e-26 3.70489157236271e-58
9.69010543208541 1.78275862875826 5.51242089344481e-09 1.61148182351384e-30 3.73513467918099e-59 1.29016603706613e-26 4.21178241681117e-07 1.29947136697724 0.996997956357143 2.45686591972578 6.96489974305855e-06 0.701350965345995 4.84689427615144e-07 3.16571751796478e-26 1.95416503064228e-58
10.4358000421678 2.14922622799501 6.64477427293499e-09 1.94251004350929e-30 5.98797023646673e-59 2.06832652053323e-26 6.75210865976283e-07 2.08324433696363 0.618450441900516 1.76411187484902 4.97453773534803e-06 0.309422831978874 2.13835843583549e-07 1.39665492464327e-26 8.62140793713913e-59
12.6705876787333 2.16825145590556 6.69960685372924e-09 1.95853960050367e-30 8.02942146118845e-59 2.77347221007352e-26 9.05407610516984e-07 2.7934758934628 0.320883346360892 1.05950435636834 2.97788014777788e-06 0.114182760092026 7.89093896879704e-08 5.15391553919903e-27 3.18145932491839e-59
16.6618278008507 1.83225768913684 5.65001538777381e-09 1.65170568627979e-30 9.0057548875441e-59 3.11071167557397e-26 1.01550035906581e-06 3.1331477003483 0.139258510752127 0.532244554008827 1.49293442282439e-06 0.0352435737064114 2.43561189916458e-08 1.59080409368266e-27 9.81987089130996e-60
21.766813925916 1.30088487266742 3.98548499908141e-09 1.16510265861686e-30 8.44864828728256e-59 2.918279755803e-26 9.5268043102247e-07 2.93932786428215 0.0505510645970314 0.223641026015735 6.26532357118013e-07 0.00909893504700597 6.28808946982065e-09 4.10702479876397e-28 2.53522438315498e-60
26.4899222657049 0.783534014585464 2.35149464315569e-09 6.87427568724602e-31 6.62957328442408e-59 2.28994635313106e-26 7.47559268223391e-07 2.30646260354414 0.01534889949231 0.0786001583923294 2.20031948707666e-07 0.00196486362468355 1.35787740039663e-09 8.86888805236604e-29 5.47467384384851e-61
29.0654385387237 0.412170289925053 1.16048138578107e-09 3.39250830624107e-31 4.35126119034136e-59 1.5029859351519e-26 4.90653881168849e-07 1.51382622930657 0.00389828768546977 0.0231061185664026 6.46528041136598e-08 0.000354899578129375 2.45263900505965e-10 1.60192523731427e-29 9.88852057297708e-62
28.3171100300488 0.204265027985402 4.79031508357149e-10 1.40038070006297e-31 2.38877893618505e-59 8.2511740345898e-27 2.69361839627724e-07 0.831068567176226 0.000828227249321294 0.00568148872851 1.5892749233525e-08 5.36178970004635e-05 3.70542411590777e-11 2.42017369616169e-30 1.49394845821871e-62
24.2885662042598 0.108894444274895 1.65395183730538e-10 4.83506744358677e-32 1.09690242567343e-59 3.78885339274605e-27 1.23688158275595e-07 0.38161805182503 0.000147224384697781 0.00116850030153753 3.26806268432778e-09 6.77556150076318e-06 4.68245313379729e-12 3.058313853811e-31 1.8878658477679e-63
