0.562633493284595 0.52493527145829 0.41599603353102 0.333153799168987 0.32919636609125 0.38000537327996 0.430726622579343 0.449946148534143 0.43562869559729 0.39081833957022 0.315845879128583 0.22103909582693 0.129621681074567 0.0622930470668544 0.0241807598303521
0.960144163119401 0.883857394282549 0.676140014075658 0.501102974389119 0.456215635193887 0.51854204167132 0.608989566447642 0.669360965960058 0.677999988706046 0.627190217557286 0.516649899745457 0.36698739196456 0.218535735954041 0.106812310180881 0.0422004263784402
1.36635147818479 1.24821295724151 0.930002953086107 0.639635680161816 0.522412977160206 0.567137790283859 0.681271131542131 0.782165404115478 0.823679285058633 0.783257241984154 0.658438988231822 0.476623913540303 0.289625137284657 0.144613517275742 0.0583549922253801
1.67417246726093 1.53503251873161 1.13753065564256 0.748834170601715 0.548787263130388 0.542466809890816 0.639341818222736 0.748887586565966 0.812114351919776 0.795551477339824 0.689318614946646 0.515107054231495 0.323352309089515 0.166597609012126 0.0691874537025976
1.83015537573846 1.71252218063864 1.30482480147217 0.877954202626757 0.621253010836835 0.550537848655876 0.589092861379887 0.662077197536464 0.720870271518004 0.72983584425106 0.663176033503823 0.521575963165487 0.343540757247573 0.184658494535563 0.0795447742990108
1.8543174910733 1.80117149558793 1.45857494942072 1.07085253827653 0.810751043993995 0.692098191990003 0.654703352532488 0.656532731972881 0.680153195502536 0.697507568763178 0.663126653242357 0.549319288352735 0.379362317244216 0.212452367825235 0.0949090986640733
1.7998373273936 1.83030327155146 1.59627224186711 1.30111596922366 1.08559522768141 0.950375137545999 0.845443974340977 0.762197516860539 0.722133755283703 0.715388701281862 0.686286461346073 0.584303173543682 0.416844877102439 0.241545672416647 0.111855457896347
1.69620010086987 1.79944191742747 1.6704124526704 1.47186416134753 1.31521353075368 1.18873827861286 1.04318403837777 0.887026158378805 0.772138483365815 0.715423526844377 0.670015000514624 0.575851219151116 0.422454475948561 0.254314308102834 0.123140676503132
1.53900025114876 1.68627186579536 1.62832682115573 1.49495965267712 1.38389549962408 1.28320549744483 1.1376173941528 0.948724892698293 0.7786045489553 0.671206770567692 0.604012864757237 0.520703634265136 0.39397261319884 0.247941707706297 0.126195426386589
1.32891560291534 1.4845502518162 1.45874473450721 1.35995553479709 1.28562579648383 1.23192055401104 1.13264966696372 0.96402165888392 0.778165223508269 0.637223057685704 0.546945345521143 0.464881988076438 0.356635591036645 0.230676279633921 0.121164534753575
1.08946989721673 1.21769278682763 1.19390430361377 1.11834262942465 1.08899613075105 1.10474099089095 1.08510403201066 0.976906191799142 0.812528635228622 0.659527251116967 0.544665126772625 0.44418191323646 0.330974748364001 0.210416745948693 0.109457882741007
0.845963700339529 0.924153258583844 0.887217775866666 0.833453551331551 0.852847006450147 0.937867843926202 0.998128959546214 0.961878540819527 0.842830579579844 0.702071809322524 0.573876809179151 0.449951285396131 0.318623331126546 0.192570302221426 0.095692052620501
0.622250350804087 0.650929079165804 0.600187826085747 0.561824661704795 0.609915471824399 0.730505895025591 0.837024433714188 0.856156353477711 0.788503464566591 0.681063353296015 0.564063083375582 0.436596806754272 0.299405752403448 0.17338707799523 0.0821586117193296
0.447206908180754 0.442575192899958 0.383318961056728 0.347336436765826 0.39130360273617 0.501751859995007 0.609421039643702 0.652425217604632 0.623783069852386 0.554921686279529 0.468109088835437 0.364163169558557 0.247920501614804 0.141115544559021 0.0652147502735912
0.327781745344074 0.307780430236682 0.24644416601933 0.204579109289424 0.224023075827822 0.296418720990778 0.374659582074807 0.413841808915726 0.404378289546718 0.364960002644514 0.311020047374923 0.243758492064603 0.166580254412246 0.094722530289084 0.0435046921179368
