2.81446984850941 1.0435683283355 0.0534967720485692 0.00289286386833415 0.00418023123255073 0.00178923523941091 0.0138063620389385 0.0452874052996016 0.0211883610711491 0.00147836435674086 1.73116217701782e-05 3.88274587681744e-08 1.63152603461127e-11 1.24047746923195e-15 9.01097198535684e-19
4.03101264611541 1.4978921223633 0.0787275702501757 0.0137428679224122 0.0224126553658204 0.00896468718636267 0.0395188718163592 0.127923022457448 0.062247674924373 0.00492269520565301 7.28492449672567e-05 2.07438399079663e-07 1.00873501039612e-10 2.23733381983942e-14 1.16238813306491e-16
4.73378254959851 1.77583889990362 0.102916203702177 0.0483337971431597 0.0823585109888511 0.0344030112827537 0.0825543905760138 0.256838573527855 0.134498636999205 0.0129592423126878 0.000245975391105751 8.28375918526688e-07 4.8755200314221e-10 1.283109895031e-12 1.01418327310739e-14
4.74544243747946 1.84222381282707 0.145300299712384 0.12528252002765 0.211132822639719 0.0987988512301413 0.140260647872736 0.395782933328215 0.229660499711044 0.0276732095603981 0.000634186032813764 2.42831115532856e-06 3.50876334306936e-09 7.11072083106506e-11 5.91580118897007e-13
4.43936897295038 1.89050059825049 0.272444632019333 0.260061121590757 0.391095997593721 0.211223603002833 0.221123333439327 0.523648810190073 0.327592388398501 0.0464068605745636 0.00119795359497444 6.49021680835935e-06 6.61832631932996e-08 2.7330976862258e-09 2.30463205854444e-11
4.5739177435064 2.25665090273477 0.592867681964517 0.478690510804572 0.558433039665992 0.344951056510375 0.341893909463194 0.647849544452584 0.39321664162724 0.0586715064884595 0.00181976356749788 3.07021848101205e-05 1.37737078179868e-06 7.07376977933679e-08 5.9948728703234e-10
5.31959097810036 2.96764652848046 1.11152390694459 0.781944759073685 0.67049460470007 0.455041383475686 0.504610345829069 0.765977704828362 0.403202108791989 0.0595567215228301 0.00377321397222478 0.000222837301072543 2.17578905579374e-05 1.22660333866313e-06 1.04115158480313e-08
5.91853901183524 3.50974037244339 1.54074949357137 1.03349475000433 0.713735880140997 0.512459401271483 0.6846897434722 0.879614691829353 0.403031071607702 0.0724671845138402 0.0136008522708132 0.00143985352418291 0.000242509762033581 1.42248173001806e-05 1.20724416540077e-07
5.80970273404967 3.39457968582983 1.50605983925603 1.03629113712879 0.661064547054699 0.505147241998827 0.831124415782752 1.01107260974642 0.486339405135957 0.147332399256286 0.0459269158094104 0.00751429285011585 0.00185468928892206 0.000110251642153579 9.34605836909906e-07
5.52537071942285 2.8597985819872 1.0444598699757 0.792933394762453 0.517350466273017 0.456314750767488 0.912395956631017 1.16733929338882 0.688171867999632 0.310987653979202 0.113472247517914 0.0313160211235469 0.00960685619993855 0.000571004623543617 4.83089867799642e-06
5.83000111842568 2.5236096829359 0.553423694366676 0.489518375673069 0.352831890585631 0.4284481084086 0.963765010157229 1.30308698620885 0.906944404190205 0.49374732607257 0.206687585947878 0.0999067652188884 0.0335157600246452 0.00197624239890768 1.66730449442118e-05
6.33948961104371 2.45974376478384 0.273914389967262 0.270236089489189 0.241986484134084 0.435857493290489 1.00078706330361 1.31938230670842 0.965520234857399 0.554635129340584 0.29791635594984 0.231978980859834 0.0786110303050341 0.0045717753062896 3.8425480842202e-05
5.92844271507114 2.21999865341502 0.159462652383881 0.175706030937338 0.216402514202419 0.409305415977189 0.924518806235494 1.12300236471817 0.786373538274678 0.443322725480856 0.361038954772589 0.3787373127132 0.123965306355124 0.00707175742660311 5.91399850947794e-05
4.35380178130718 1.61695219661995 0.104473256131826 0.171202901791071 0.246262178207898 0.307126572146274 0.666383615717856 0.744277915832265 0.476389549809243 0.260540179046854 0.36203943459316 0.427141810682351 0.131565774705304 0.00731776403203184 6.07930473391547e-05
2.48228029569918 0.920482289702154 0.0646566641523517 0.174098463479074 0.252101260452056 0.177500875128528 0.345660171524767 0.361032917464321 0.209532280614585 0.118708202980425 0.278928193269917 0.330184316764634 0.0941254931306468 0.00506890730314121 4.17453265183861e-05
