4.51175193877884e-17 3.42072979707228e-17 1.52209346262966e-17 1.22495255679621e-17 1.29099824358549e-16 1.11459357522754e-15 5.5519933306699e-15 1.5891568009877e-14 2.61368476391138e-14 2.47006363519095e-14 1.34131739408758e-14 4.18526970598819e-15 7.50384443840887e-16 7.73059057989339e-17 4.57625275213288e-18
3.13679892097171e-08 2.37783162483705e-08 1.03824162392173e-08 3.26586160676879e-09 1.05385887504409e-08 8.81607357488225e-08 4.39009961097215e-07 1.25658224454998e-06 2.06669963173219e-06 1.95313515780874e-06 1.06060998706335e-06 3.30938737415252e-07 5.9334594390761e-08 6.11275273926486e-09 3.61854650780826e-10
0.0199261556531723 0.015104736489889 0.00658129298102128 0.00169536967479224 0.000963043055039679 0.00631063313292575 0.0313376877778381 0.0896955806314479 0.147522178169836 0.139415880841209 0.0757069345192436 0.0236225923084481 0.00423533655813486 0.000436331711934249 2.58293875085736e-05
12.345790259648 9.37620181127163 4.13065760938167 1.10710551478509 0.266340167121084 0.453764133937867 2.03019369066135 5.78143752561684 9.50605704332595 8.98355872695797 4.87833283773706 1.52217049135508 0.272912651843197 0.0281159343377158 0.00166436988947686
15.7946016242695 13.8987202102413 11.1053446207061 10.392687534874 8.09002013419752 3.97236908758861 1.2429101379591 0.521003208756289 0.570392536741229 0.52351026378162 0.28379717862342 0.0885436505617685 0.0158750592082315 0.00163547558280862 9.68147183695761e-05
0.138571253809736 0.293522978488014 0.622203524796126 0.900757445224476 0.774719338438268 0.385056659467116 0.11007982882645 0.0181010778433711 0.00173613102512229 0.000120038954828947 1.77869910815192e-05 4.70114619144537e-06 8.3414120359685e-07 8.58830167722304e-08 5.08381370960072e-09
0.705149051187059 0.53453813481501 0.232869637949678 0.0583477671289815 0.00844800082688282 0.000726452412007473 4.26022519455998e-05 2.4945573563687e-06 1.64873370863213e-07 8.3084044379828e-09 2.56333890458892e-10 4.78877975956902e-12 8.65113641960391e-14 4.34881816972139e-15 2.41930168356847e-16
9.69019624734625 7.34542302438021 3.19940729119991 0.800738531545978 0.115154364563539 0.00951565215492924 0.000451819730483046 1.23270826631946e-05 1.93251966550245e-07 1.74082905979478e-09 9.01067849071484e-12 2.67997932229134e-14 4.58034930681168e-17 4.49971131868856e-20 2.54627957001104e-23
0.120210707082323 0.0911228702742916 0.0396899095644548 0.00993347736283573 0.00142853531897611 0.000118045418727277 5.60500198298544e-06 1.5292232170176e-07 2.39736673079788e-09 2.15956631240899e-11 1.11780769002672e-13 3.32457489254944e-16 5.68163888464066e-19 5.5792986953688e-22 3.14814028454937e-25
1.34619980762241e-06 1.02045477820247e-06 4.44474123121409e-07 1.11241715812497e-07 1.59976928699911e-08 1.32195146204856e-09 6.27685567646728e-11 1.71252632192823e-12 2.68473142711849e-14 2.41842663176575e-16 1.25179572917934e-18 3.72308107106554e-21 6.36267879885417e-24 6.24807141780506e-27 3.52549780981944e-30
1.36091715921288e-14 1.03161091688852e-14 4.49333343800096e-15 1.12457867704563e-15 1.61725879110325e-16 1.33640371820128e-17 6.34547750463138e-19 1.73124854417566e-20 2.71408229770632e-22 2.44486612078805e-24 1.26548100662587e-26 3.76378371625421e-29 6.43223888971866e-32 6.3163785615868e-35 3.56404037274714e-38
1.2419658348812e-25 9.41442691785176e-26 4.10059244014096e-26 1.02628458027113e-26 1.47590185862099e-27 1.21959499766624e-28 5.79084936464276e-30 1.57992830717012e-31 2.47685721646472e-33 2.23117195071115e-35 1.15487130445869e-37 3.43480920482588e-40 5.87002734791376e-43 5.76429382241312e-46 3.25252448110016e-49
1.02315964238913e-39 7.75581856443682e-40 3.37816111909354e-40 8.45476529747001e-41 1.21588144814995e-41 1.0047300389637e-42 4.77063313551134e-44 1.30158079744543e-45 2.0404911895901e-47 1.83809009159794e-49 9.51409191532597e-52 2.82967377924751e-54 4.83586175515078e-57 4.74875607711888e-60 2.67950348671442e-63
7.60909396376851e-57 5.7678928857023e-57 2.51229078190674e-57 6.28768971378085e-58 9.04233885356596e-59 7.47203560222911e-60 3.54785258241914e-61 9.6796728280574e-63 1.51748452055616e-64 1.36696167845147e-66 7.07549597974785e-69 2.10438848260566e-71 3.59636218692274e-74 3.53158292262584e-77 1.99270895390741e-80
5.10832225033222e-77 3.87224230714761e-77 1.68661222500697e-77 4.22120497145025e-78 6.07052311098517e-79 5.0163088935279e-80 2.38183079010032e-81 6.49839367458836e-83 1.01875466091006e-84 9.17702001136381e-87 4.7500942579478e-89 1.41276932052937e-91 2.4143974390628e-94 2.37090824590213e-97 1.33779389979303e-100
