0.135586315127574 0.124637047125833 0.108676837579616 0.133900657817688 0.223727463371627 0.360307978191638 0.494939096924909 0.567832069314641 0.534178319166997 0.40122408378293 0.23470521505027 0.105066143013978 0.0356024497768007 0.00907001910186315 0.00172854366433915
0.258348280967 0.238229858640444 0.207598334229137 0.251259099617344 0.407364621116793 0.633252840063633 0.835947421185013 0.924351450781073 0.848598625724411 0.632541563110003 0.372766096915141 0.169886402491966 0.0589539315240943 0.0154128748993926 0.00301237257161286
0.428597853615376 0.397531786832482 0.346420340154504 0.40970425844169 0.642897252258587 0.968199513718461 1.23510941526587 1.3210926430215 1.18483117842483 0.876449987722216 0.520277513054558 0.241281037463281 0.0856216791546447 0.0229118816328197 0.00457611120015011
0.626242297899964 0.587527706981531 0.513482045216262 0.587797400978573 0.883272445481644 1.28723882339434 1.59368382096667 1.65637560295487 1.45449309611744 1.06802353873343 0.638081489609251 0.300566068597618 0.10876136753249 0.0296803293620754 0.00603326489655417
0.817874255831055 0.784259335647863 0.693037164893951 0.759025435410579 1.06879704471204 1.49271312562377 1.79451993976372 1.81935201888338 1.56849889942026 1.14363119935865 0.68653787085885 0.327510364935026 0.120388949393701 0.0333651918941146 0.00687478582472206
0.971060443629383 0.967728024593081 0.878475872767388 0.913806415589215 1.16711439639889 1.52571289679856 1.76856057740698 1.75118832561086 1.48559027980102 1.07551398231784 0.647121058264372 0.311391110409876 0.115751671611401 0.0324364430587937 0.00674809104281837
1.06632259334544 1.1291704474826 1.07628633757657 1.06961966053354 1.19987896309991 1.41004483736805 1.54493620866121 1.48799619996853 1.24308461880117 0.892630846149819 0.536059310356946 0.258670635066261 0.0966571376542323 0.0272434242827169 0.00569828793625555
1.10037831676881 1.26746135580883 1.29460196150935 1.25549703334453 1.2281437533729 1.24021372822436 1.2394504463539 1.1474660296663 0.942682435133756 0.669237772812396 0.3977915313778 0.190385732673811 0.0707612599500611 0.0198867750411304 0.00415444829699487
1.08360380954703 1.3821367404418 1.5282633086843 1.48451521221316 1.30826776610104 1.12154950169713 0.986748983323262 0.863834735679984 0.69629653054754 0.485532560592409 0.28084995548275 0.130282629461429 0.0470706676521459 0.0129387762471013 0.00266037034257347
1.03475409612526 1.4701851656825 1.75477838796947 1.73966069799585 1.45711619003918 1.11214954177651 0.868524027019829 0.717515441146098 0.568268061630762 0.386611355727456 0.212934718349297 0.0924505410008565 0.0311664034406357 0.0080548443889558 0.00157653630654355
0.971162798799251 1.52309726861249 1.93873902552064 1.97827997678659 1.64661250301831 1.20323815902792 0.884079588631567 0.704660922282581 0.55073022719863 0.365836056599785 0.191330721120649 0.076712021215686 0.0234374542095315 0.00545686723344011 0.000967909018415505
0.897071780049857 1.52131195729061 2.03473287419139 2.14100263315265 1.81559288783861 1.33349947909274 0.967747336029332 0.75658065131615 0.582069549288385 0.379251492612656 0.191881785243284 0.072957227211548 0.02067181616934 0.00437088529108691 0.00069330267209523
0.801549877164469 1.43638042043272 1.99405876067135 2.16248252075402 1.88715004992427 1.41796143842586 1.03049400338747 0.787800991725848 0.591022101318149 0.377773504049562 0.187613919402297 0.0695977845744036 0.0190252089562072 0.00382159270632258 0.000565247961961824
0.672241829742188 1.25057722759292 1.78829923626113 1.99705654252295 1.79763969693813 1.38388524826009 1.0036113717041 0.742585732918864 0.53737243556071 0.335599919141073 0.164334051693969 0.0602478856452625 0.0162376415127536 0.00319699179475684 0.000459276514995806
0.513215004037243 0.980886322506197 1.43943336165361 1.65425605652419 1.53476736929616 1.20669460113734 0.868308079861044 0.61661680666474 0.426266595685184 0.258533168326565 0.124705190613173 0.0453418101766 0.0121418540239027 0.00237303254887684 0.00033742527505687
