4.98185129916255 0.633137813444653 0.526841709349105 0.11960250467728 0.150347680737561 0.319928288340032 0.198282852830682 0.00428825126419348 0.000289223423544693 0.00495265569824954 0.196698054651824 0.000642478887089313 8.09311286923462e-11 2.27266918444672e-23 1.38914547004838e-41
7.24252304503243 1.20188872161469 1.0716076725728 0.204496306923093 0.317474763898912 0.440874641071282 0.405235160597375 0.0181561621266073 0.00147790732411365 0.00904650934944195 0.378351106486725 0.00231579146026989 2.95203325121228e-10 8.28989690337492e-23 5.06711362786454e-41
8.79935514925655 1.81368583796734 1.71448915062197 0.266243789534584 0.510864740149352 0.460721855306255 0.63885966882217 0.0590089871001704 0.00625636611068725 0.0124770260998836 0.573434365582403 0.00632696431854786 8.11382016517851e-10 2.278541247594e-22 1.39273475595605e-40
9.29409979102102 2.16909673310342 2.15657603973311 0.264759874968748 0.626522063470022 0.373532293040922 0.799873855739224 0.145822750950889 0.0223306009926352 0.0130896220614111 0.704126248985261 0.0130642650426939 1.68045227041395e-09 4.71910365639736e-22 2.88450328653747e-40
8.99327413965504 2.04440356344709 2.13079486598011 0.203061891182287 0.590447915749429 0.258287685652305 0.838024806054723 0.272748206271354 0.0668839641273446 0.0107956344129323 0.721236595332959 0.0203574724782157 2.62254379468626e-09 7.3647327896348e-22 4.50161673579608e-40
8.55354811203378 1.50978576486147 1.65148355791212 0.126389936506151 0.440522386988624 0.196651610142186 0.783038425368945 0.385375658459334 0.164168844770798 0.0079391134398347 0.625899979276233 0.0239213789712321 3.08400182334403e-09 8.66062683495114e-22 5.29371857373903e-40
8.653355622195 0.87339769996053 1.00204524061308 0.0829543326305905 0.282593396253308 0.198282850065257 0.671406603661029 0.411461700006809 0.320953687440639 0.00686693363663262 0.456065102673188 0.0211888879808937 2.73276058295571e-09 7.67426007241652e-22 4.69081209578563e-40
9.61239071321652 0.407941108548451 0.474641706244657 0.095483505696633 0.182974632109359 0.211586277432109 0.509778353174726 0.334641499508828 0.488532409569403 0.00781852995234402 0.271631422073099 0.0141451478454653 1.82466655443878e-09 5.12411129187441e-22 3.13206003054031e-40
11.3032830702227 0.184914524417663 0.174892908542408 0.155266984831359 0.136811463297819 0.190118110575435 0.322992689034681 0.218603384998883 0.570496969935908 0.010038548710506 0.128678505298601 0.00711611555719195 9.18037347788983e-10 2.57807441414044e-22 1.57582132194453e-40
13.5380902607114 0.136195021947032 0.049928337370618 0.222909115620406 0.112767902346313 0.139391975663275 0.167319191233856 0.14805763012998 0.506806492719403 0.0161181828078728 0.048638085852075 0.00269770282351933 3.4804233229003e-10 9.77388439679475e-23 5.97418575181943e-41
16.2057339939089 0.178838617628076 0.0109975687653889 0.247367222600959 0.089985224066867 0.107721292485727 0.0795586609956975 0.161950297304223 0.340932728160649 0.0364295422628257 0.0186875244104604 0.000770639742382594 9.94257004709821e-11 2.792118211736e-23 1.70665337971224e-41
18.622189617907 0.265776807901675 0.00186358672704219 0.207660385218983 0.0632739414058771 0.149369564387369 0.0501605269629552 0.234738921728661 0.173257973433567 0.0862522942458555 0.0172912431347718 0.00016589020563673 2.14022833640067e-11 6.01028766638583e-24 3.67372617534547e-42
19.2355363107871 0.369778063544577 0.000245534030178911 0.131442626002874 0.0372833293246677 0.289962591431103 0.0464482063609062 0.298156073196898 0.0664347543578367 0.168238600344433 0.0293367029896338 2.69175386031635e-05 3.47149399894111e-12 9.74880919661219e-25 5.9588587955202e-43
16.8561045571278 0.454397270981263 3.01764528220915e-05 0.0626991521729597 0.0184587774091055 0.489729000668958 0.0427348988426128 0.292758327965497 0.0192120343347297 0.251913018369323 0.0434956184442743 3.30491471301745e-06 4.24294688736687e-13 1.19152384028279e-25 7.28306624182122e-44
12.099429432778 0.472102030423764 9.34130785927701e-06 0.022536727718051 0.00842023042434985 0.636284975275876 0.0315085258948807 0.217455574927024 0.00419184084145655 0.285265262043548 0.0492391466290314 3.21368440492116e-07 3.90763300235505e-14 1.09735906633777e-26 6.70749379996372e-45
