9.73586444448365 0.0128509977888364 3.85048901697944e-08 0.0260408030249558 5.2108890563346e-05 9.57723433477878e-14 0.00142660135702154 9.83412387409858e-07 8.03924740656258e-22 9.76945839245287e-57 1.76482161878692e-111 4.7392146234852e-186 1.89185206275828e-280 0 0
15.6966397635592 0.0233516986213699 3.71924202991234e-07 0.0497636093156342 9.66812768952348e-05 5.25292856465344e-13 0.00782369138742662 1.0116534584987e-05 8.27011512819296e-21 1.00500135845704e-55 1.81550302285477e-110 4.87531339332132e-185 1.94618147362256e-279 0 0
21.1282965485128 0.0401681072119169 2.84579417868624e-06 0.0788587956851854 0.000142148713846552 2.28038989005075e-12 0.0339464341591442 8.23381803619099e-05 6.7310231558479e-20 8.17967744169847e-55 1.4776327411318e-109 3.96800368964532e-184 1.58399156013901e-278 0 0
24.3637951283117 0.0775518729811823 1.725812516464e-05 0.109841505559394 0.000166638672647913 7.84572707754455e-12 0.116533284581199 0.000530205396524879 4.33435004004168e-19 5.26719109800592e-54 9.51501336780756e-109 2.55514155172048e-183 1.01998963948734e-277 0 0
24.9171095813973 0.171376585714238 8.30540837495202e-05 0.146159853744971 0.00016441408856044 2.15133189401649e-11 0.316503995212887 0.00270122275221601 2.20820936320464e-18 2.68346132475562e-53 4.84758762345091e-108 1.30176092071423e-182 5.19651309072861e-277 0 0
23.629269493384 0.368532561396207 0.000317961357123571 0.194831791434111 0.000209029869149618 4.81194220107613e-11 0.68011413490738 0.010888048006901 8.90081716785359e-18 1.08164556434962e-52 1.95395834563753e-107 5.24711838678148e-182 2.09460269943827e-276 0 0
21.9367233595004 0.677560968146173 0.000972846554783224 0.249334110315312 0.000751267617932219 9.56511481158762e-11 1.15626618564138 0.0347226630145829 2.83852603215789e-17 3.44943507329101e-52 6.23129486343755e-107 1.67333873439007e-181 6.67981846751884e-276 0 0
20.9908781868593 1.01368974322467 0.00239873402583075 0.281990838797124 0.00396684794164385 2.08838965537913e-10 1.55527544132936 0.0876091351723925 7.16191645765771e-17 8.7033078228435e-52 1.57222490579185e-106 4.2220194866255e-181 1.68539239290753e-275 0 0
21.0255087741097 1.22462411740387 0.00483336395704905 0.265668045078112 0.0180106159241379 5.89677020959224e-10 1.65512330336384 0.174887645012523 1.42968048125394e-16 1.73737705406488e-51 3.13851644771496e-106 8.42810564349473e-181 3.36442434317619e-275 0 0
21.338421635113 1.22125781332012 0.00812641271115702 0.202834253134126 0.0652293702528159 1.82865380796419e-09 1.3935645873273 0.276211804121534 2.25799041094416e-16 2.74395627534352e-51 4.95686982962465e-106 1.33110733306956e-180 5.31366134241122e-275 0 0
21.1367124024911 1.08140096622433 0.011692601864038 0.124438848280564 0.187081234623172 5.03946813637639e-09 0.928320322664252 0.345142712230287 2.82149033242205e-16 3.42873294144473e-51 6.19389712001144e-106 1.66329602352096e-180 6.63972886453006e-275 0 0
20.4613858715286 0.979027548094613 0.014698816913338 0.0614765742500167 0.424567707890705 1.13284491910764e-08 0.489263911545658 0.341215340992857 2.78938465752914e-16 3.38971746659172e-51 6.12341690430058e-106 1.64436941556197e-180 6.56417553944789e-275 0 0
19.920435480062 0.998914877568779 0.0162163739605071 0.0247068949205914 0.762336577997879 2.02957363412627e-08 0.204015952907896 0.266889665877353 2.18178331957623e-16 2.65134785434616e-51 4.78957565947482e-106 1.28618251068764e-180 5.13432547213617e-275 0 0
19.472031238447 1.05271889482071 0.0154709906231872 0.00822644865279926 1.08298340570182 2.88174321549626e-08 0.0673073769030682 0.165161316222035 1.35016919301238e-16 1.64075330523334e-51 2.96396871540887e-106 7.9593788573792e-181 3.17731280516135e-275 0 0
18.0636114898867 0.991393791228746 0.0124515527196447 0.0023268143200849 1.21722425233176 3.23855959447793e-08 0.0175688160117906 0.0808645698175401 6.61055829996315e-17 8.03328607720853e-52 1.45118760625563e-106 3.89698848414748e-181 1.55564292567487e-275 0 0
