2.01123737100875 0.844488599881871 0.326867547468636 0.803086009498566 0.54004679540432 0.269814684505762 0.365006149693906 0.110561546751329 0.00541123366772693 4.24332460675555e-05 5.32782361765385e-08 1.07083840990926e-11 3.44590455577306e-16 1.78201282212135e-21 1.54521870766397e-27
3.1326013743027 1.32258853276671 0.464331024591311 1.04161131993989 0.70787635506884 0.354590645654936 0.435012341127751 0.129451856532751 0.00628798112561231 4.90776303879232e-05 6.14384494476727e-08 1.23329298175668e-11 3.99482186321128e-16 2.24745554593844e-21 3.66707432571198e-27
4.19497253500698 1.77914838872841 0.545586935765193 1.11926948488069 0.824167884970891 0.43028138856895 0.434297263591928 0.123097929769427 0.00584021040741587 4.49030503584344e-05 5.57252825894468e-08 1.12681126488755e-11 4.20107552639626e-16 5.66644593786117e-21 3.77524363351549e-26
4.91104424187823 2.09150289676983 0.538790860669886 1.04090084408688 0.932258468420151 0.532566315120289 0.406827668755881 0.103401162935982 0.00460543439529027 3.39486055376469e-05 4.18171544115793e-08 1.04578930173759e-11 1.17331436529626e-15 5.56125735768156e-20 5.13227188603206e-25
5.22592523305775 2.23410539401789 0.463730890940967 0.893059655026217 1.06951858569685 0.675681865921813 0.407850404945176 0.0886695819584308 0.00351287535738314 2.41911114165977e-05 3.79421036701506e-08 3.22450691249465e-11 1.02510599618206e-14 5.9607605846292e-19 5.61251350261465e-24
5.36046832847852 2.29609803072173 0.37936060973854 0.752272485781217 1.191957771059 0.80655001431539 0.433514952960454 0.0835999532482737 0.00298970902200119 2.40815478418793e-05 1.18061686977297e-07 2.35988317806171e-10 8.59559968696406e-14 5.05988326395244e-18 4.76923567337262e-23
5.52657328433511 2.36800837062054 0.348389275844285 0.641377920729054 1.21143357131362 0.843792012606739 0.428056727967579 0.0785326942267571 0.00303799373589269 5.9905480139149e-05 6.7982654418053e-07 1.53905566987607e-09 5.66114093356323e-13 3.33498195993609e-17 3.14360097979738e-22
5.67156295612662 2.44660753625646 0.416838950322282 0.56983240662796 1.10592105346005 0.765946311598383 0.357612563854618 0.0669818115130544 0.00460682309466211 0.000247523459047373 3.42354068319458e-06 7.86067704346732e-09 2.89403574299317e-12 1.70498148676028e-16 1.60714635443271e-21
5.60838514507367 2.48499204972534 0.602730274406812 0.569903567266233 0.955780726545809 0.638577433762737 0.251601901851193 0.0590415158022046 0.0117283981633773 0.000947849623633955 1.35473043461434e-05 3.11660968909002e-08 1.14756187230361e-11 6.76075003823081e-16 6.37280785732398e-21
5.34197842738735 2.49622640636677 0.865627542106789 0.66052037994819 0.859099685370508 0.548016677145484 0.16838403195745 0.0783413987881437 0.0328444946511035 0.00289880197408833 4.1652074503516e-05 9.58511140480431e-08 3.52937916803527e-11 2.07930173011358e-15 1.95998832778741e-20
5.11416751498698 2.54212339964025 1.08959832091829 0.791911503780358 0.835823149138686 0.525605990675666 0.141219701792292 0.146076660360873 0.0770886989047119 0.00690858838407843 9.93537109897265e-05 2.28647161369558e-07 8.41914832510702e-11 4.96006565525118e-15 4.67544980803109e-20
5.06720184104715 2.60876676887084 1.14366205177194 0.860549508568003 0.825324889949835 0.537279626522369 0.160600457363344 0.257432215283217 0.142244046803675 0.0127802940062628 0.000183822038465453 4.23041305658274e-07 1.55770536518954e-10 9.17708155213165e-15 8.65048715568911e-20
4.97533934691269 2.55092537341892 0.986722402429881 0.791100809804853 0.754701639483545 0.523729007432552 0.18973347629411 0.366027055799159 0.204033645917531 0.0183397928705497 0.0002637918600969 6.07081723823526e-07 2.23537161865765e-10 1.31694916042667e-14 1.24138068675774e-19
4.45241846731875 2.22025254398247 0.699418037965095 0.598193308542564 0.59969350441254 0.44692804638096 0.19196571228817 0.406498221739294 0.227079914488503 0.0204128804487424 0.000293611431997135 6.75707631743971e-07 2.48806317442171e-10 1.46582012741509e-14 1.38170921944626e-19
3.40223696009959 1.63849493805978 0.408828639046828 0.366996641081004 0.398134980419532 0.317265387387475 0.15590680993476 0.350611798270655 0.196033380899277 0.0176223126301458 0.000253473095020252 5.8333461262852e-07 2.14793100267321e-10 1.26543430598526e-14 1.19282183024584e-19
