2.61368050214226 0.456477943109117 0.00289347044567574 0.054875977468735 0.326302520721796 0.143845256922548 0.398958184672458 0.0948811489181247 0.153370419604667 0.224400266555693 0.0785675653212791 0.00306014150286269 3.87802768877935e-06 1.48413091572749e-10 1.71217927963115e-16
4.16463838508002 0.736309191899496 0.00565436479216389 0.0757972150267138 0.47346226790185 0.288403210051851 0.811514494569598 0.191849662273715 0.30289624531141 0.448782092499945 0.1869478892326 0.00747391269621283 9.55266829615644e-06 3.69024141673416e-10 4.30416037842785e-16
5.56666261539609 1.01678545269298 0.0122788601789174 0.075614092954491 0.525103265246292 0.457964751689396 1.1896641013426 0.280165108535234 0.45723637788006 0.681114931117117 0.333665005074366 0.0137315008048925 1.78435703126748e-05 7.02146402485435e-10 8.36307387319005e-16
6.7758025309628 1.32840323464912 0.0296388235561097 0.0556602391750336 0.471159409616274 0.575079048046343 1.25912135099831 0.296323353238193 0.533017436161987 0.802453501204646 0.464540796527239 0.0198489673724689 2.65330439658037e-05 1.07647218616548e-09 1.32514131518704e-15
7.90882706256065 1.73752633048771 0.0662949815788328 0.0347842896554861 0.367544151430898 0.568854948723781 0.972202494230375 0.230218579986674 0.480166440979076 0.757539887326466 0.532129269373702 0.0238228657308503 3.307444104237e-05 1.39446715152893e-09 1.7843055652852e-15
8.83124751411219 2.2208272146372 0.126227780917876 0.0368131505347995 0.28080952326234 0.45767405127263 0.586637944120907 0.143107758287106 0.332066892273447 0.595433154481179 0.520476448418892 0.0243935293683505 3.51300204387727e-05 1.5333386186051e-09 2.02667065808866e-15
9.26537461791207 2.63030864372688 0.215149893703553 0.0905823052633851 0.285712138761158 0.361252354690267 0.385818666814999 0.102412771673106 0.178352126366308 0.407517287751576 0.429656413422268 0.0207790092857855 3.07004545043176e-05 1.37113478370559e-09 1.84955692855114e-15
9.06454049211701 2.79025123333675 0.356072221663248 0.226164028635081 0.443445289230824 0.391033771230221 0.436178130273585 0.122471369521389 0.0920799230865285 0.275473981284559 0.287787711361996 0.0139672159213129 2.09103349407759e-05 9.45391639702546e-10 1.28879182703693e-15
8.25281504327864 2.64275073953529 0.558696211317765 0.435052351110351 0.702193497399959 0.528034769218545 0.597024774670221 0.163803824659439 0.0995831041341407 0.264103287084301 0.158107359277665 0.00711054219544354 1.06517886757056e-05 4.84198631213144e-10 6.63322617724882e-16
7.07026625493539 2.30821099773212 0.74942482978032 0.640406255118184 0.873014940159745 0.644206376894219 0.681089521054746 0.175210016761701 0.196918229667531 0.387045415473013 0.0866636378662912 0.00273268958412652 3.97143023338274e-06 1.80571237410796e-10 2.47873642601041e-16
5.94013992283317 1.98369250468946 0.807088049745475 0.751876799423676 0.807653568411313 0.651007664574247 0.623712606919216 0.14244323448372 0.344000038345689 0.555620746351393 0.0643828356971511 0.000871926050364068 1.08128892099705e-06 4.8599744051692e-11 6.67177853336768e-17
5.22309240704672 1.80809409099999 0.715154922128035 0.737308076646716 0.564505649280918 0.56785954000326 0.49385518861317 0.0920427076125635 0.45011379670404 0.620709635877857 0.0555784396804464 0.000311480345804165 2.23743392244559e-07 9.43182741703246e-12 1.28919539489815e-17
4.94963891852848 1.79588543892145 0.583919952130694 0.612332950205181 0.312531746338881 0.440670019658713 0.359158859863412 0.0512881214861791 0.43177783612682 0.514264081358091 0.0403365249979832 0.000149037643966819 4.20582446556565e-08 1.34069075869346e-12 1.78787369340138e-18
4.70985318228223 1.79212064573163 0.488147051222586 0.417706316133315 0.145583503330139 0.29189300079536 0.231432457512124 0.025933096668263 0.30183575574776 0.313909579966843 0.0218498252983436 7.0945437482175e-05 1.00238171095136e-08 1.51538020439303e-13 1.79011521981418e-19
3.98094127966886 1.56812723306547 0.394123921019633 0.223548108676457 0.0587401843318903 0.153337687815207 0.12071571941022 0.0114437821347133 0.15314958290722 0.14111903732874 0.00862699100434468 2.6405833418498e-05 2.92320288270215e-09 1.77926980087684e-14 1.33796224076147e-20
