1.14761470792967 0.959448981150224 0.553907184974334 0.267452281136941 0.140509164215973 0.0856450173885806 0.0784708565319064 0.106040157768354 0.119178767998637 0.088855430389748 0.0423228320684808 0.0128157177956127 0.00246713492838707 0.000302467514509809 2.37282103587331e-05
1.64294501439171 1.39864244448997 0.845397268630188 0.452523800858572 0.265373600075978 0.165663896618249 0.142259093611788 0.183931656831807 0.204964983410731 0.152703591884843 0.0727911848667459 0.022084252174952 0.00427034973079146 0.000529234781771817 4.26442494791522e-05
2.12833828040607 1.84870649996005 1.17263743238352 0.689581117796895 0.438926460955813 0.276500719724619 0.22208946078877 0.273503301409913 0.301918523022969 0.224944934037859 0.107508180991546 0.0328094710269148 0.00643095892153898 0.000823231339816563 7.14936914145405e-05
2.52632209814983 2.23710194021877 1.4819370060291 0.938933841335052 0.631598884849464 0.397784511045174 0.299285107820669 0.349975472327346 0.382736020416501 0.285906162173349 0.137744855805274 0.0427780648526152 0.00872179339139035 0.0012179652514455 0.00012520359942698
2.76707281875047 2.48745103004661 1.70114551401047 1.13267367116902 0.787463805797676 0.493706560020053 0.350183386919486 0.38914870524906 0.422885725615502 0.319120442114804 0.157324678783099 0.0512680604350375 0.0115454058919516 0.00193154727458168 0.00025488091407815
2.79673382655604 2.53551964480141 1.76303529470038 1.20292537967734 0.850211197456791 0.531594736261109 0.361231653885129 0.385397416454717 0.420432422860862 0.326629784693641 0.170660613500563 0.062072570065001 0.0168127821935186 0.0035697890873499 0.000583248134738145
2.60003145081573 2.3600949323081 1.64255094535775 1.1235337252194 0.800284713324821 0.505754091617171 0.341375491077339 0.359512743398734 0.402413637255528 0.33340252811747 0.195030016830752 0.0844368397152666 0.0282725575898975 0.00721800984400162 0.00132271007467637
2.23284738984552 2.01517992764918 1.38368365461274 0.933428131151864 0.673623096653236 0.447141593715938 0.320472830712444 0.347018053047033 0.408031329049451 0.372573734004438 0.251747408934394 0.129222928581966 0.0502425753612981 0.0141231654946543 0.00271798866999069
1.82869690673219 1.6294444171063 1.08922543186074 0.719380438510547 0.543809715686422 0.408253873845921 0.332654994554961 0.374067841981415 0.459063747703178 0.459215997661914 0.349127114896395 0.200416796416455 0.0843511161214393 0.0247799624890081 0.00486998286729232
1.55010838528078 1.35462446288902 0.872459804017964 0.568752840337199 0.479460676732439 0.431932130286565 0.394973061066942 0.438830829026819 0.54062922024485 0.572413621473774 0.468730982594211 0.28678567853528 0.125813813063202 0.0377911923358221 0.00750640354839457
1.50183804174134 1.28588988235181 0.799204757036412 0.524709844090673 0.506256711591152 0.524109604414682 0.494573984374602 0.511643630131859 0.608419748803766 0.662081522141352 0.567955614563951 0.361589391722196 0.16272146801757 0.0495518347934354 0.00990857739818994
1.662363574979 1.40465444656404 0.855171954201667 0.569499930045584 0.595500909984733 0.64708519146596 0.592243328597538 0.552911519773155 0.617677055481184 0.678842107477362 0.602017516064135 0.394641995380472 0.180933758002639 0.0556545597798948 0.0111844016673381
1.88714491586037 1.58550411639049 0.957605354949198 0.640778002153472 0.682838089538511 0.738239100542091 0.641535180014905 0.535937197591623 0.551924027072665 0.605681981600112 0.55167845073062 0.370463077699228 0.172440392815465 0.0534742999944783 0.0107895103924027
1.99138962151868 1.66939845153893 1.00508708297157 0.669395520342406 0.705574918399615 0.744896794232769 0.613729770572786 0.460173576026312 0.430549240698943 0.467163619399939 0.435178354546061 0.298399847114847 0.14069999125025 0.0439302865671735 0.00889364540079237
1.86054206509175 1.55790608583778 0.935872550832656 0.617342653684412 0.637162602931403 0.654091025820601 0.513348013446012 0.348339701880913 0.292758886100814 0.310819933115177 0.294992438659636 0.206019283329043 0.0982301541165126 0.0308491278333431 0.00626317909364638
