19.3794707267805 1.92557231650083e-13 0 2.00929191081162e-167 0.000609815642398082 0.000962800568493438 2.20368553432819e-275 6.44548083540946e-43 4.76591404040437e-71 0 0 0 0 0 0
43.0482743679696 1.59814058665899e-12 0 3.68318890725768e-167 0.00111783967151173 0.00314846714316536 7.20618995588268e-275 1.64407240550771e-42 1.21565915110705e-70 0 0 0 0 0 0
74.9287564981031 1.00706409318095e-11 0 5.12615737500973e-167 0.00155577740389774 0.00781753416266774 1.78915832709555e-274 3.18400353838711e-42 2.35431421732438e-70 0 0 0 0 0 0
104.295213504023 4.81821554952511e-11 0 5.41685061780277e-167 0.00164400215891754 0.0147405074263022 3.37270863947009e-274 4.68180289909228e-42 3.46181623077812e-70 0 0 0 0 0 0
120.235541901321 1.75025900661845e-10 0 4.3459904336753e-167 0.0013189984660303 0.0211197774147965 4.82720629456727e-274 5.22684586925083e-42 3.86483161635367e-70 0 0 0 0 0 0
121.359433287554 4.82731234714346e-10 0 2.64738836533059e-167 0.000803476502341148 0.0230498326117329 5.24565683787645e-274 4.43050513327225e-42 3.27600176929305e-70 0 0 0 0 0 0
115.293434569366 1.01087035971072e-09 0 1.22442877900065e-167 0.000371611421127643 0.0193524729615574 4.32803613011306e-274 2.85137132250053e-42 2.10835947966144e-70 0 0 0 0 0 0
110.264137130424 1.60720956227741e-09 0 4.29968247179231e-168 0.000130494410221593 0.0129801290726138 2.71124563622405e-274 1.3932892735833e-42 1.03022521994569e-70 0 0 0 0 0 0
110.61717893715 1.94015548392662e-09 0 1.14637372419941e-168 3.47921884963229e-05 0.00783958477560878 1.28953714071984e-274 5.16911022224377e-43 3.82214075468961e-71 0 0 0 0 0 0
118.347822887461 1.77822841861878e-09 0 2.32061473080301e-169 7.0430142838303e-06 0.00528972359380789 4.65678190768304e-275 1.45605330666645e-43 1.0766341681905e-71 0 0 0 0 0 0
133.030559546346 1.23744396083526e-09 0 3.56670219683941e-170 1.08248621303099e-06 0.00420549050651163 1.27680689768099e-275 3.114051137002e-44 2.3025900495804e-72 0 0 0 0 0 0
148.160964308376 6.53808432068047e-10 0 4.16214912799256e-171 1.26320303714265e-07 0.00321955223885568 2.65798623352305e-276 5.05663012882073e-45 3.7389707833252e-73 0 0 0 0 0 0
151.936745425152 2.62278370662329e-10 0 3.68769850413173e-172 1.11920832416986e-08 0.00202309144085345 4.20118816667274e-277 6.23424145796532e-46 4.6097195313281e-74 0 0 0 0 0 0
136.504646119361 7.98842973831516e-11 0 2.48073378009519e-173 7.52897205023985e-10 0.000985450235810721 5.04195092719535e-278 5.83570100819868e-47 4.31503096212514e-75 0 0 0 0 0 0
105.63613571466 1.84734217507663e-11 0 1.26704458366758e-174 3.84545223408655e-11 0.000366351732325711 4.59509163156761e-279 4.14752898252307e-48 3.06676369312873e-76 0 0 0 0 0 0
