80.654406705927 9.59738454999785e-308 0 0 0 0 0 0 0 0 0 0 0 0 0
92.291603474865 2.11984649355971e-307 0 0 0 0 0 0 0 0 0 0 0 0 0
93.3006562152984 3.97119731949217e-307 0 0 0 0 0 0 0 0 0 0 0 0 0
87.3297872837239 6.3093613958202e-307 0 0 0 0 0 0 0 0 0 0 0 0 0
82.3511957498509 8.50130481952229e-307 0 0 0 0 0 0 0 0 0 0 0 0 0
86.0932386892749 9.71439937660038e-307 0 0 0 0 0 0 0 0 0 0 0 0 0
102.025686324233 9.41397507104275e-307 0 0 0 0 0 0 0 0 0 0 0 0 0
127.543002425503 7.73668449721728e-307 0 0 0 0 0 0 0 0 0 0 0 0 0
154.451497860819 5.39213005656978e-307 0 0 0 0 0 0 0 0 0 0 0 0 0
171.966212273543 3.18704957934342e-307 0 0 0 0 0 0 0 0 0 0 0 0 0
171.741673855617 1.59749645953479e-307 0 0 0 0 0 0 0 0 0 0 0 0 0
152.251817834563 6.79068217602862e-308 0 0 0 0 0 0 0 0 0 0 0 0 0
119.325969519057 2.44798753496043e-308 0 0 0 0 0 0 0 0 0 0 0 0 0
82.5254674793966 7.48388712862138e-309 0 0 0 0 0 0 0 0 0 0 0 0 0
50.2723833529652 1.94029357942812e-309 0 0 0 0 0 0 0 0 0 0 0 0 0
