0.0600391099025027 0.0537780070064751 0.0389994205293769 0.0245539497172308 0.0166288968835205 0.0155360585771813 0.0175187611851459 0.0183502036864577 0.0160395447668587 0.0114005742795313 0.00656684364647417 0.0030782060916448 0.00118675392709104 0.000383505737189267 0.000106731310666816
0.164354086315533 0.147791847722472 0.108918901314017 0.0727452033387593 0.0566335470177383 0.060542975132346 0.0716588362116815 0.0755960485299425 0.0660294959887814 0.04701590632263 0.0273313991644589 0.0131032565629617 0.00528093575006455 0.00183935643002308 0.00056923286230334
0.353788791682595 0.319870131962659 0.240736472703349 0.172084967133798 0.151921414012982 0.177360124088565 0.214421629784011 0.225865575551983 0.196863576584207 0.140917308518067 0.0835153641505623 0.0417647311696938 0.0181278434652544 0.00702533359938557 0.00245775532807097
0.649615455959019 0.590545405260008 0.45305251381352 0.341428042541086 0.324732307293591 0.392176348487225 0.473133214583691 0.494117790448186 0.429875411507886 0.311725040364513 0.191765597112851 0.102993829778294 0.0497215330080533 0.0218051984333044 0.00853163528162019
1.09348612816499 0.996570061084285 0.769817419925796 0.586991382067446 0.559270270630089 0.663479642181119 0.78307213940288 0.806307251823942 0.702549355395451 0.5236107253726 0.343549156994301 0.204625310128209 0.111806285977354 0.0548818002919625 0.0232936069862499
1.69071476998022 1.53901485860387 1.18085352112688 0.876605995578265 0.789086936508695 0.884237957426718 1.00573427935771 1.01855981127865 0.896661791452113 0.702320681902193 0.506334174518274 0.340216716301079 0.207931622435009 0.110612337729168 0.0492470067523239
2.27097362171277 2.06231498461654 1.56577753534506 1.12079582853333 0.938172106735491 0.98029777668507 1.07053918716635 1.07169049113152 0.967940192981234 0.815147095195528 0.653858667706604 0.487957638812936 0.321663053425157 0.178702430680913 0.0812225869003133
2.51480543893697 2.28381806978463 1.72838532426589 1.21807627828327 0.982507693712816 0.986120334034604 1.05397865361394 1.06043299344346 0.997295282175185 0.904121416950229 0.786219446975909 0.622878941696002 0.424081153230023 0.238515545481924 0.108504145542351
2.25427893581646 2.06311573808428 1.58605944461838 1.15196501559126 0.965624156699467 0.993954962312253 1.07957372474359 1.1119592517625 1.08409852466758 1.02161571789511 0.912123888528152 0.729512897102676 0.495462376348211 0.276256498262201 0.124243705062615
1.69202793268481 1.59179052179805 1.28909687256075 1.02595480689327 0.957487744927579 1.05548411094131 1.18633671119125 1.24884461703254 1.22968329343171 1.15000345910454 1.0052083906907 0.784318403698376 0.521025970851583 0.285223315358059 0.126306523003013
1.1874240406857 1.19457326501386 1.06969521175609 0.967201579567222 1.00056555085664 1.15487077317195 1.31903494565632 1.39067718657162 1.34392222083169 1.20586977669145 1.00103842465967 0.745994365438793 0.479156580198227 0.256411242631442 0.111817814884246
0.894719164351835 0.999546392428186 1.00861946512753 1.01053634752787 1.09387149352496 1.26076461804722 1.41939771366812 1.46379384966126 1.35769587115229 1.14136250397134 0.876611833036781 0.608672056530702 0.371087758390962 0.192027828894972 0.0820779274951279
0.733109922485043 0.910194741836848 1.0149649819616 1.08966308972 1.19887678884773 1.35044439497192 1.46927894481159 1.45812871587893 1.28336529688115 0.999014458424836 0.694721065501442 0.434677566753269 0.242612394460442 0.117886239531094 0.0484277372782185
0.587408339095217 0.794555155154517 0.959340810948682 1.09180550331881 1.22345467092472 1.3509218764425 1.41579762790372 1.34793703460245 1.13062343979224 0.823665964558977 0.521208534573139 0.28925357479192 0.142151823880115 0.0617756606959107 0.0233548847354028
0.416126536802611 0.602104737202323 0.776796922570084 0.931384161277192 1.06487181808988 1.15860629154424 1.17360012977339 1.07612659683315 0.869794602902385 0.606743470471926 0.360819051853194 0.182643153309841 0.0793422352548342 0.0299513320418964 0.00989857490350313
