0.816706888155541 0.494694995847449 0.0111893375265753 3.59043866707782e-13 4.1629733469165e-11 8.67160759739948e-05 1.13238695900044e-08 0.548493372053274 0.0149293645809077 0.285493001889803 0.00190740310715585 0.000964106168101403 0.150697151641868 1.9315219176019e-11 2.03005895802588e-33
2.51083026740252 0.640178168533757 0.0272744429596181 1.30987713475756e-10 1.0972234911618e-09 0.00228551736744592 2.09563658614265e-08 0.836865822069554 0.027831177667891 0.719011070211327 0.0215154434575818 0.00165319216728329 0.258406548969941 3.312059369068e-11 3.48102484906715e-33
5.07063368039556 0.729484821482857 0.0334883209897709 2.44757025447049e-08 1.44450029708899e-08 0.0300817367292928 6.44626621047723e-08 0.637643444042348 0.0259105446674299 0.908800266668543 0.121479551716842 0.00141564812258562 0.221276584911407 2.83615562040747e-11 2.98084275984401e-33
8.85424258985033 0.907723892585799 0.0206325077761272 2.28503135003343e-06 9.53732270030886e-08 0.197721892212259 3.4632901891733e-07 0.242876317600505 0.0120468185113688 0.575907159024968 0.342704283118698 0.000605370090044462 0.0946239069489736 1.21281754970004e-11 1.27468971942933e-33
16.5353638133983 1.22191879861439 0.00638742455113341 0.000106640211571442 3.48614800743706e-07 0.648993107709294 1.18522512062895e-06 0.0514257091098172 0.00279715139889227 0.183227481433343 0.482861230695184 0.000129277022954622 0.0202069032968403 2.58996777175087e-12 2.72209558075792e-34
28.9691089535709 2.25090012435325 0.00123087634343423 0.00249284616248991 2.59974422282115e-06 1.0637976004048 2.60044135226906e-06 0.0594260246387188 0.000324346275073116 0.0335609399481842 0.339772951438621 1.37868029517442e-05 0.00215492481380584 2.76201936353904e-13 2.90292442456717e-35
38.7992596621792 3.61425615911401 0.00402682420835043 0.0293632487432543 7.46935810064069e-05 0.870796246408318 5.55014557052473e-06 0.284438677800368 1.87981615158119e-05 0.0374806890862054 0.119513027255407 7.3433545519067e-07 0.000114761958885916 1.47093184230756e-14 1.54597177278183e-36
39.6266552275026 3.50557942725087 0.0334637946766026 0.177284928263941 0.00152283793933301 0.356142470634867 1.21633647296056e-05 0.732843220293137 5.85413347516846e-07 0.142392753574785 0.0214657363274962 1.95489339575845e-08 3.05208943060123e-06 3.91193699778566e-16 4.11150537470859e-38
37.6412494273939 2.00085240854955 0.146460963005204 0.573788731973423 0.0172353393118909 0.0743001912482797 4.62861202196751e-05 0.943577983299659 6.23004487496513e-08 0.288123638352085 0.00288151584916662 2.61323038720677e-10 4.05349861371777e-08 5.19546741929897e-18 5.46051539957379e-40
36.3330941047125 0.785677971938499 0.369451595176189 1.09170775007416 0.105929508156416 0.0153901611152383 0.000482107099209965 0.606709574694007 3.50955667781498e-08 0.291353785326891 0.00113780522075141 1.80724708128361e-12 2.68841478023574e-10 3.44580638389952e-20 3.62159499900624e-42
30.1538811975586 0.286547814849225 0.720156539330848 1.35722844826887 0.355494482298964 0.0289532470667758 0.00342206992952052 0.194812758768015 1.12632331362877e-08 0.147129750647618 0.000535763933493272 7.60583240739466e-15 8.90422225195793e-13 1.14127574751566e-22 1.19949819554642e-44
20.4289667771728 0.265553892263487 1.28473747090272 1.10696479410329 0.699954920770302 0.112665766533383 0.012332081665197 0.0312383017794705 1.80908403417424e-09 0.0371034175311675 0.000134686244136867 3.06413774623347e-17 1.47275050533249e-15 1.88766001826584e-25 1.98395943368098e-47
13.1964937377936 0.727059254126258 1.59542277687094 0.534272331014661 0.994716476137689 0.403450096210498 0.0222095204422361 0.00250144470644099 1.45248976627937e-10 0.00467262365958538 1.69594210973551e-05 1.71714320312297e-19 1.2164544204605e-18 1.55915911434545e-28 1.6386999796484e-50
8.72690724786556 1.41472390198145 1.09802789203851 0.138811134449622 1.18749577689756 0.888304676754557 0.0199751953413519 0.000100029447572439 5.83248945040376e-12 0.000293860467780765 1.06656868275375e-06 3.48631188828298e-21 5.01759926507626e-22 6.43117859139773e-32 6.7592666648798e-54
4.95903798583636 1.56731597196148 0.391985946005781 0.0185320542150102 0.987763905582434 1.03848422896291 0.00897181889987054 1.99755297528926e-06 1.17232042453271e-13 9.22900750513107e-06 3.34967406235332e-08 1.00113290771812e-22 1.03354544388295e-25 1.32472024583567e-35 1.39230115766733e-57
