0.188996203046254 0.267066527884535 0.346412823211401 0.431733708412314 0.524429208930181 0.607735225872853 0.652903104542119 0.639333509567879 0.565305452042709 0.446136581682863 0.309141451738096 0.184878845823601 0.0941132614297658 0.0404011069253168 0.0145385428421075
0.323043893214547 0.441766940848189 0.55970658919302 0.690359386615267 0.840934818006468 0.984520240327641 1.06876277700409 1.05290356869214 0.932273511788703 0.736096448418094 0.512679987347316 0.310951713703555 0.162226406883558 0.0720311526474719 0.0269717386906138
0.479850246476699 0.630469966427384 0.776288962722093 0.946069427881457 1.15666426868885 1.37014938194538 1.5052805650539 1.494836757732 1.32893095540826 1.0533303501603 0.740293374200899 0.457226009049793 0.245247978179999 0.112733141737843 0.0438190023595872
0.634330934605924 0.795866302075469 0.945692586772564 1.13238672353155 1.38505702044419 1.65793887680303 1.84400837434211 1.84942418224154 1.65584134403491 1.32184720270696 0.939851454211193 0.591640497921776 0.325741668216929 0.154295687993157 0.0618017743053007
0.76875886177204 0.919235660452848 1.04584774419699 1.21595259236004 1.47160033284193 1.76792151722077 1.98596872375809 2.0133164361211 1.81957302855808 1.4655745341393 1.05373311722515 0.673657921815587 0.378169711928781 0.182943204913787 0.0747649560411388
0.884036042333585 1.01130066902266 1.09435606685196 1.21277917597173 1.42084614894691 1.68660087576399 1.89936163853997 1.94235445104384 1.7718737665694 1.43840479794801 1.04149825797168 0.671045310067296 0.380212292716051 0.185810762260868 0.0766945430445611
0.998233883693747 1.0997226098996 1.12754421272171 1.16713719664228 1.28397268333498 1.46748693601586 1.63149790545032 1.67009395964937 1.5307657471279 1.24630365823084 0.902098443964204 0.579910718638886 0.3278754287219 0.160108482204548 0.0661279395749966
1.13326207953144 1.20662997040551 1.17066749104974 1.11783684034909 1.12440588306129 1.19946169473993 1.28403686533131 1.29320503479214 1.17630807219408 0.950540592883461 0.680589453333977 0.431619713308185 0.240755588592598 0.116276787881782 0.0476590220054107
1.29472941510183 1.33190735283735 1.22392174038919 1.08006366298833 0.987734033678487 0.963767040875919 0.964612706728046 0.927723371532247 0.816384754978482 0.641619173921726 0.44712360460761 0.275930684437175 0.150046291782505 0.0709579362597146 0.0286370351366923
1.45330316495029 1.44576536713731 1.26433371440796 1.04518423742597 0.886391526875935 0.798353041117685 0.736003477326036 0.653272157836679 0.53426531637508 0.393834244133039 0.259575573395854 0.152585750635109 0.0796125896967914 0.0364289336617287 0.0143502802431954
1.54539735994054 1.49436317122617 1.25465439807326 0.988247026959808 0.80019360971253 0.687259447895967 0.59326178834212 0.480885862514709 0.353292176865734 0.233339953506455 0.139003838812931 0.0749665863693868 0.0365083026105593 0.0158596786289668 0.00602173884199971
1.50972660710027 1.42922974288621 1.16316203166987 0.883857597759582 0.695890762846879 0.585288561308922 0.487766602136324 0.370038926618613 0.245851364037074 0.142825524389102 0.0738269939226075 0.0347126522493494 0.0150480989372678 0.00598825715662253 0.00214094872649165
1.33844973480962 1.24798968521656 0.990998616721374 0.729002039196956 0.557840654567924 0.461339449277638 0.377658911520659 0.276557940219541 0.172481477233349 0.0908450181558753 0.0410304395273135 0.0163860606331561 0.00600105083092275 0.00206475490671705 0.000664212111146441
1.08681810179371 1.00174811754539 0.777908501924081 0.550945342186712 0.402641730844939 0.321865977904477 0.258310310477979 0.185478253419428 0.11206998421207 0.0559380709795657 0.0231636810104152 0.00812115539851779 0.00249996221770377 0.000708487845056688 0.000191699027766919
0.825560600525922 0.753714220285754 0.572365854698821 0.386574065599478 0.262385611193 0.195909307865279 0.151312323161926 0.106540079342923 0.0632807948530543 0.0307990800485394 0.0122192801458804 0.00398221469770262 0.00108797033438341 0.000258783082285729 5.66161669135392e-05
