0.0787915867053499 0.0714646421866407 0.060344841936114 0.0651889577424414 0.0745773915256096 0.0659465285038429 0.0410987207861571 0.019610246866642 0.0130723746986631 0.0209278404222802 0.0352292261742684 0.0429095747454511 0.0362594185317321 0.0212951033702827 0.00873992234821594
0.316533779894728 0.275918915239308 0.20236036949944 0.178723562589697 0.187437100359946 0.165560296424195 0.108334926132033 0.0583632501726814 0.0444949996556607 0.0701681025260549 0.116964659472249 0.144872706287814 0.12599409874862 0.0766601725730698 0.0326973672993882
0.890813301733104 0.756128776220188 0.496081887909291 0.350847797151654 0.324260889197372 0.290944797003398 0.21357013366505 0.140874377263003 0.117354746520678 0.163742205864262 0.259656834371608 0.32528332750529 0.291828192916081 0.184346056642059 0.0816885614420368
1.80459292567032 1.50836326329607 0.918994371488097 0.532698992839913 0.423743928235948 0.402012680025814 0.359637153038259 0.298790990818645 0.254621269304461 0.282851836343968 0.394694859887549 0.489813011514923 0.452058556549923 0.296205222542839 0.135991505278928
2.71952168643768 2.25987177070428 1.32924888365124 0.684731498112114 0.491022010009648 0.511571774366057 0.5571310094275 0.543046249317639 0.45956217777039 0.396721907994285 0.433827837648811 0.503125545468966 0.470184430251727 0.317689367878386 0.150350417726494
3.2306276213527 2.69002659629383 1.57451866485441 0.789623069524465 0.557732704432899 0.622485091789927 0.751009683755691 0.792603647382067 0.676474556389504 0.493673268701481 0.388961149968337 0.370020533763466 0.332141596426817 0.227408823312566 0.110013118911193
3.41591559119621 2.8634253179697 1.68462251231078 0.839470779116455 0.580840824059681 0.652392647618675 0.816950479991702 0.905471534308751 0.800440569702885 0.555092268276591 0.336112316597364 0.222981019637003 0.166679388850549 0.109588276147446 0.0532180695878915
3.70764275459068 3.12233376385988 1.82592376916605 0.860261466649547 0.524521450979163 0.55698641556792 0.708233442190398 0.814560435046505 0.750606208818491 0.527978046847682 0.287238258603109 0.135638184016329 0.0685251351676899 0.037203920746302 0.0171808611794645
4.08558123518653 3.43708434088502 1.98545524349913 0.879805251092111 0.464302190161591 0.447330559709685 0.541658270366016 0.603436323913059 0.553656968756075 0.39378686469718 0.210467224969957 0.0856454743538198 0.0296179240513879 0.0106010506661333 0.00395479768156765
4.0787554269094 3.42087066229647 1.97102840418184 0.883433522206989 0.491918244388359 0.465260808395438 0.483242052519071 0.445577372568242 0.359443383980819 0.245738668556398 0.134442382304732 0.0568477830840686 0.0188450148164839 0.00521002618797984 0.00128248280861957
3.60636034719443 3.02078960236866 1.75724539079736 0.847747270689113 0.568550174798252 0.572706252713838 0.540614159072522 0.424212039774196 0.303217935446338 0.212197891057056 0.137765506920632 0.0757190127770085 0.0331765066851742 0.0110763659805985 0.0027034114342831
2.97328529452869 2.49257221640956 1.46401716136239 0.746494187853028 0.560700572705852 0.595406422132206 0.572036647460389 0.471000463561247 0.383331821325258 0.326075742976335 0.257206500524464 0.166270857964754 0.0820842800295812 0.0295368965973699 0.00748603601104871
2.25337739073236 1.88886295442504 1.10747662160033 0.563174241662733 0.432818289306715 0.490928433402638 0.524376543666265 0.506434368572875 0.494828066439519 0.483895916471388 0.417739488742376 0.287363101763765 0.147986701163854 0.0546612356890957 0.0140590316730127
1.41834141274963 1.18606150038377 0.689937469674903 0.346177234967446 0.282044437318944 0.3691962757754 0.455887281330069 0.49271165161153 0.511997292407183 0.519290371370771 0.465748882827634 0.332435074691136 0.176019796185751 0.0661640124476022 0.0171872622816881
0.675685367047768 0.563179142078338 0.326901225649418 0.172064722845908 0.173284151670983 0.272528157199268 0.366525561057902 0.397036141545919 0.390963101626897 0.382205490270707 0.34543568004389 0.252730657219318 0.136700343103174 0.0520891346781561 0.0136353608968645
