0.122549869299785 0.123377865776821 0.125599994904133 0.154767138721663 0.212907222376124 0.271790181525856 0.300979444041006 0.298299665007634 0.283888680833769 0.267853173997131 0.238227226092448 0.184035093234256 0.116407394508547 0.0584504576355455 0.0229639002492859
0.577375400596907 0.551061965408997 0.484514060982172 0.485128792272433 0.58836807995839 0.727852169001884 0.814818569804929 0.825935861408899 0.796734284372845 0.747155328732884 0.652308592336147 0.494236365947972 0.307829895858823 0.15282064257275 0.0595353658284412
1.72581785673688 1.60205752140809 1.27440342281887 1.0373017690277 1.0408965210833 1.20414325609937 1.36047085308917 1.42304698590782 1.39919557955254 1.30041894929167 1.10394533038665 0.811090816709486 0.492598554698062 0.240045309405503 0.092271201198796
3.28033066949761 3.02006214656237 2.28067976302904 1.58566096777687 1.26785301494088 1.30173105724619 1.47903012294148 1.62066139349498 1.63845813318457 1.50190836522996 1.2191267798212 0.849408038880549 0.49244443080578 0.231615794201737 0.0867927397212379
4.04382878803025 3.74735311231336 2.79203334489645 1.78590582501738 1.17753109071681 1.03458242799828 1.17802385680806 1.37372512046794 1.43720014883029 1.29096996429151 0.981444990881881 0.626861587299117 0.333421824727706 0.145844734461856 0.0517086236447356
3.515865166565 3.31793384309094 2.5056075443424 1.57607104536358 0.948136547940161 0.744695699677811 0.8495094735609 1.04037267556618 1.1080598910154 0.965266955868168 0.680127931626781 0.388854264362083 0.181689075961695 0.0697698500977328 0.0220303333119646
2.69745947668554 2.58935227125809 1.99685431311626 1.28799789334131 0.795858214441882 0.63351030928162 0.713995333916622 0.850818461612877 0.870894283887049 0.717696025704344 0.468657870458844 0.242117377825446 0.0993943082332673 0.0326879211316019 0.00870049011554611
2.28079714970064 2.17848590782385 1.69600379986818 1.15889271397789 0.826243355214296 0.744146238793772 0.800957498932403 0.843211262173182 0.767263490656937 0.572249536650892 0.341571744913938 0.161304363825499 0.0599734621300322 0.0175455851088244 0.00405044908333378
1.89471383100881 1.79620197420755 1.44307283031687 1.12813333247639 1.01855279296948 1.05745067891151 1.08651744778349 0.996457912828337 0.780569740044607 0.50938736458118 0.271325688741492 0.116025915936115 0.0393677475757691 0.0105214351268161 0.0022063941793189
1.23622848903834 1.19932021191247 1.06837694204638 1.04854962184406 1.19302888337851 1.35527079175059 1.35350453981503 1.13749250470089 0.797522694363054 0.464404363656766 0.222487517897295 0.0865410276412226 0.0269711462875404 0.00666341733650327 0.00129527916255006
0.564524320632977 0.59249682108436 0.643394504202492 0.818319828483997 1.08919238516304 1.28734184924517 1.25722525177476 1.00014788424453 0.65090663135052 0.348569780807856 0.153639479855142 0.0553746953867514 0.016142010946894 0.00376119706745804 0.00069347571368528
0.173423024710057 0.214125315722279 0.303912905709471 0.477384359095146 0.691282425599269 0.82737239208997 0.792006508904623 0.605023533988603 0.371752247627894 0.185595215760999 0.0758624725390015 0.0254338184886458 0.00695956137885368 0.00153937084912991 0.000272179156324259
0.0362525018135292 0.0576331768283562 0.105747221930549 0.189042479807043 0.284567528425118 0.341196786011575 0.321586698653287 0.238588622354331 0.140318181528702 0.0660678842165747 0.025171753644159 0.00782713834621623 0.00199318618772298 0.000414379094650664 6.97449344503142e-05
0.00538691834179487 0.0113694389582862 0.024898959890916 0.0474780285351136 0.0726320438635273 0.0869806282881594 0.0811478421428504 0.0590792111000515 0.0337289985281412 0.0152115884082291 0.00547124393685319 0.00158619855128956 0.000374187318001517 7.22033506472193e-05 1.13849344025112e-05
0.000582667970918522 0.00153809139483565 0.00370259661040463 0.00726506602298206 0.0111852586114754 0.0133762041713572 0.0124047890407065 0.00893224269399304 0.00500859459661953 0.00219717078095896 0.000759093154677127 0.000208371917798467 4.59198856526032e-05 8.20672726545621e-06 1.19779680423315e-06
