0.0646193473984676 0.072434736056387 0.0867652483411713 0.126285502284558 0.199564417756376 0.292427683956851 0.370193608939713 0.394972506372796 0.349933899685111 0.253803182345037 0.148703393746897 0.0696048914671901 0.0258044240703759 0.00752667694143656 0.00171853791657379
0.174210335300932 0.189003700045897 0.203197223754477 0.25398143224925 0.360936272270448 0.502647089948951 0.622974352923096 0.660917822318971 0.5878884337654 0.430732484415273 0.255810294466185 0.121547864311522 0.0457569761038742 0.0135539099272949 0.00314492396450558
0.388868256687295 0.414847472685312 0.410414926670621 0.437577457685354 0.537039954995543 0.689890328168678 0.826900919350337 0.869581255532733 0.776978128536083 0.576163425363448 0.347787861506011 0.168393554425005 0.0647563139085711 0.0196676706452194 0.00470895315881389
0.732657538556109 0.774722615092504 0.722433265422535 0.666298560750734 0.68200797555845 0.772763464673624 0.875705177173106 0.907902755457236 0.817124145830904 0.617447616512989 0.382692298492367 0.191641986776946 0.0769481655183621 0.0247370437940866 0.00638785854443745
1.19039826204371 1.24572719032552 1.11132706663344 0.912058939329896 0.772322267852413 0.735564966845659 0.762513946023175 0.776284390500304 0.71331629093717 0.56222381466357 0.369387991182585 0.19948784390592 0.0881609505273637 0.0318954485993633 0.009451827339344
1.70386624419962 1.74883582811489 1.49666295106516 1.12218637916661 0.806723856201026 0.634795715311863 0.589936235466964 0.600346948019986 0.588150225018747 0.509817656588299 0.375455176570755 0.230664466523072 0.117052093315468 0.0486312037258168 0.016370315910733
2.1904674620752 2.18264597385708 1.78275419999912 1.23882579470391 0.788855726063655 0.538773062356658 0.474246522116575 0.516578835569106 0.569319859613392 0.55798204472914 0.46192565704532 0.316003073244645 0.176166061043589 0.0790566665578332 0.0282339638314143
2.57120460379049 2.4766655688795 1.92319150747867 1.24598877604838 0.731581560743811 0.481604346224172 0.457799269514939 0.559847989880504 0.671733442139801 0.698881853689614 0.606397291307673 0.431269382318327 0.24810351025939 0.114062497651675 0.0414589839243053
2.79166301030736 2.61282970747825 1.93972758136313 1.18288300245461 0.662747205006643 0.461566568748817 0.502722497809052 0.656431403455604 0.793472110117355 0.819568060755883 0.706987293178959 0.502038168213331 0.28924659236807 0.133342334287296 0.048602966301846
2.83210977041158 2.60517621667679 1.87745991501983 1.09850893914524 0.602920066815858 0.452620425234784 0.536493200930643 0.700401994612818 0.815247570380257 0.808533650100343 0.675831250888874 0.470226329364427 0.267826968383155 0.122762089250109 0.0446323676849189
2.71376218061044 2.48026831314252 1.76367951727287 1.01013488295865 0.546591539753707 0.420368123944186 0.503094201368205 0.633556170415414 0.697286600579706 0.652968020952984 0.520240997256424 0.349888208517621 0.195161016837761 0.088426569007253 0.0319600738801437
2.49386411775515 2.27613466840052 1.61090779626239 0.911218093948679 0.478002534063038 0.348429142653844 0.396502033697461 0.47461237833065 0.491858908884058 0.431367336347344 0.323347398727464 0.207355355029292 0.112063198334716 0.0498507109605931 0.0178430747399548
2.22849765398773 2.02826131561554 1.42823657907801 0.795951188155352 0.394737283461428 0.252406993716634 0.258039048383592 0.291000563062358 0.284924006385159 0.23389505967387 0.163543818033269 0.0986537696103387 0.0509931691558959 0.0220663307013662 0.00777916381257222
1.92240698445586 1.7378966244746 1.21269483010254 0.662660035324892 0.306564431551406 0.162313911397909 0.138686152669872 0.144805280041761 0.13464773517107 0.104073171423786 0.0677607792961982 0.0380432606117609 0.018540289515892 0.00771041995958995 0.00265624601371599
1.53845834557197 1.37877897061904 0.951581622575146 0.509784671893737 0.221545102613823 0.0959439936308811 0.0628859742175546 0.0582875914276757 0.0514764358144943 0.0378046689766792 0.0230447226073362 0.0119895630177559 0.00543877570299656 0.00214259073831077 0.000713524592656747
