1.16664053216556 0.0081833531395537 0.000222090238470265 0.0583776726538844 0.145097750831702 0.0541467187794057 0.0242431633607556 0.000191091211503214 0.0261128914714842 0.0504630922477519 0.23754599313836 2.76055645369126e-06 8.19424165637997e-19 5.86902682429229e-39 1.0142744397908e-66
2.55733509997154 0.0664065183628741 0.00167299261486951 0.197659407823978 0.52294354791967 0.125436513914532 0.0570032734049379 0.00266463421782857 0.142017826020134 0.134006776959841 0.60397413777872 7.00071622898471e-06 2.07804043139638e-18 1.48837141206455e-38 2.57217614668832e-66
3.86960182235588 0.334848960961879 0.00777563652633429 0.411151068715049 1.15784230218596 0.175027148408323 0.0888917107268344 0.0224257987188241 0.471736610194287 0.214365136936507 0.92333049665517 1.06735027452046e-05 3.16823830793654e-18 2.2692124990848e-38 3.92161137643341e-66
5.02630791982167 1.04917164406294 0.023536699320043 0.524427056815848 1.57299611488821 0.151191391525205 0.138353626505149 0.114018058600081 0.977122777355109 0.207954908348058 0.848723570776142 9.78340676218275e-06 2.90402473133931e-18 2.07997270792866e-38 3.59457064394383e-66
7.22212487206327 2.06644453599437 0.0538110323764788 0.410650634916084 1.31000301322017 0.114732874039922 0.328125790044182 0.352896299963563 1.31915278807901 0.126115751536313 0.469080852493601 5.39128025641048e-06 1.60029998978856e-18 1.1461955762785e-38 1.98083414989141e-66
10.8261108196017 2.6101222561499 0.114024813305929 0.203121396633036 0.66830011279207 0.232039867046456 0.728071744751176 0.684214702180232 1.25767422380062 0.0539054403959872 0.15588477198012 1.78612710738191e-06 5.30177284544942e-19 3.79733088503633e-39 6.56247751359867e-67
14.6466496925581 2.17878337679081 0.219079891374569 0.0788901828031476 0.208777501540568 0.668334266358872 1.05288595261631 0.9110785731781 0.939835472364736 0.0215389328442116 0.0311484529824053 3.55755375912842e-07 1.05598914162194e-19 7.56339491514986e-40 1.30709202225971e-67
18.1659572062244 1.28922622542137 0.309008665869027 0.0449121766050985 0.0400206414243789 1.32707331111149 0.926775169133259 1.0132095460444 0.589138348383213 0.0101687537134271 0.00374238457968317 4.2599964753803e-08 1.26449294522033e-20 9.05677826215406e-41 1.56517579032117e-68
21.6830111938204 0.777388135015354 0.281394094152799 0.0336545907148031 0.00481443897812289 1.70091159866922 0.493620377389556 1.06297959270571 0.307347172773376 0.0119521075554411 0.000270359966459905 3.06680150738002e-09 9.10315611993658e-22 6.52002580896632e-42 1.12677888903409e-69
24.8682216663617 0.964866798184327 0.162118639255989 0.0183202479573602 0.000433727936029049 1.41951987434932 0.160712865318874 0.903270944864452 0.141734230751863 0.037983062171514 1.17453681378209e-05 1.32733564742677e-10 3.9399090210883e-23 2.82191232764941e-43 4.87677707214899e-71
26.7516447873462 1.45420534599953 0.0660947655871624 0.00614719860432894 5.44937233674427e-05 0.773601394527966 0.0331530577938321 0.517180235273979 0.0958378878271968 0.0929651477514992 3.09924557391991e-07 3.45377874028224e-12 1.02517738645351e-24 7.34270940313636e-45 1.26895355726645e-72
25.9598117802236 1.51257169291179 0.0269918358642466 0.00124371197312872 1.01023830167264e-05 0.27274089457685 0.00476771443078606 0.184306720912079 0.103110406008574 0.13885079178539 9.56415167726194e-09 5.40290002289146e-14 1.6037270868689e-26 1.14865018510948e-46 1.98507615979734e-74
21.4518142902644 0.98733030380707 0.0128332958267113 0.000151332038884901 1.47607984521155e-06 0.0611632061895096 0.000558042103280065 0.0399008302635927 0.0886062284945066 0.124778769362676 4.31112854452599e-09 5.08133726346106e-16 1.50827500212973e-28 1.08028377925416e-48 1.86692659245727e-76
14.5475780790464 0.403968721635351 0.00496188183948597 1.1070784787897e-05 1.40898362376585e-07 0.00857199154015898 5.61662565662819e-05 0.00521104670558983 0.0476180492255199 0.0674170911369128 2.30495446356345e-09 2.87308227243463e-18 8.52803990786059e-31 6.10810572117831e-51 1.05559161577653e-78
8.20843954340732 0.106141335622059 0.00123718350564524 4.86908471826737e-07 8.70084225831704e-09 0.000740253970344277 4.2744640485976e-06 0.000409672139913169 0.0154576934418313 0.0218987295111982 7.4862296018682e-10 9.76705564918885e-21 2.89892204541369e-33 2.07631794628796e-53 3.58825455195888e-81
