0.042566239245724 0.0854545889025338 0.150755888522788 0.232179009536391 0.298676998797074 0.312823085922354 0.276368254020778 0.222189166743937 0.166272564578598 0.108162993658079 0.0568487570530359 0.023964612711515 0.00853886530381595 0.00264472865995462 0.000667593052578303
0.191503907598618 0.336000519742964 0.50720613895657 0.681743472459312 0.814633728298428 0.856110058173899 0.806307747349227 0.698215149014989 0.542888872437254 0.357308091542067 0.193399802666602 0.0891144336039988 0.0366875982790586 0.0129855683210819 0.00354681452005681
0.597699065777625 0.94016753037884 1.24025911616936 1.45036461055283 1.57836589113802 1.64225076516361 1.63292579852691 1.49601360847208 1.19017513320246 0.79121275729326 0.44823671374518 0.231214831629002 0.109384008990201 0.0426918966511747 0.0122321941474492
1.30182869743383 1.86157313722786 2.20167241532949 2.2877997160789 2.26637820563955 2.29595746429096 2.34641149371864 2.20806854804727 1.76611442174541 1.18581407774321 0.714669292793832 0.416370532239002 0.220751898655051 0.0918540903250502 0.0270527309785355
2.03702729624553 2.64087791265553 2.84027278958298 2.71163119330382 2.51229860576413 2.44893067661203 2.45943870364064 2.2759256525483 1.78795391356192 1.20943004359831 0.783057556228174 0.510866569675227 0.294310347595966 0.127384107565037 0.038104232288691
2.42131252994626 2.81209633495261 2.75434534064235 2.50946762160511 2.28719611105166 2.13806344240443 1.98220260607114 1.68897133755058 1.25253988930247 0.842072828558294 0.583912244371499 0.417903972109896 0.25465922875738 0.112857114537815 0.034056121005079
2.35219097380699 2.46011468978688 2.23428362355929 2.06478762077927 1.9677809884715 1.75495910035281 1.39399763789579 0.990061311938657 0.641469476242632 0.410608089503663 0.296449392581916 0.225238580821962 0.141756810380136 0.0636148371218852 0.019282423682408
2.0291398030558 2.00037092482528 1.81268840958528 1.84797049369202 1.90101402914503 1.6223861061681 1.08931347565363 0.609867994574549 0.322142619005397 0.183482726492268 0.121775922207405 0.0861445784698012 0.0521258756250971 0.023018941859858 0.00693683751970946
1.76778738731837 1.71824049595154 1.62217107814199 1.81228557969199 1.96266757386679 1.66216844146909 1.06106763357415 0.566439253603521 0.310520767158973 0.183104162497254 0.0982128701329208 0.0445089014383492 0.0177517391549299 0.00615156634836334 0.00166924016694262
1.75553032031277 1.65661509941635 1.48683626311516 1.61073126906743 1.75152199543073 1.51525362800903 1.01972657288277 0.628529094609481 0.430250857199844 0.289665626320101 0.151308650250999 0.0554498030959805 0.0142303922165237 0.00272092670385257 0.00043013676422589
1.78054984609042 1.61226530666171 1.27458467847786 1.17895778900573 1.20201664445101 1.05248563977239 0.769593985162732 0.568595336883933 0.466471672457592 0.340396126065652 0.18085645870654 0.0651155430011629 0.0156201860509481 0.00250314362574644 0.000273314915173379
1.48243063548691 1.3446898696481 1.00215295511789 0.778257280631193 0.669819753874211 0.548185004723399 0.422204499768042 0.36452350736202 0.33870800136822 0.258983108863985 0.139313677913951 0.0502329543286644 0.0119937316408589 0.00189147846647212 0.000197209787385242
0.913747774412162 0.902075357594983 0.743758165226099 0.564333026435098 0.394649664015803 0.253610964917452 0.174844383146987 0.160116062078244 0.159749438685525 0.125494442199183 0.0680142650520698 0.0245688688797183 0.00586666325720632 0.000924198902966587 9.60167008409138e-05
0.419749674377653 0.499327629993417 0.508812325851118 0.426923513748378 0.274268431501005 0.135328658610154 0.0649164154608577 0.0491822126336495 0.0486443745954243 0.0386064304920354 0.0210072934478253 0.00759713431293111 0.00181457964801832 0.000285855332999111 2.96907534540245e-05
0.151911129168326 0.229642491481578 0.282664414405872 0.25864441607231 0.165508203014429 0.0733344272586985 0.0252908396445119 0.0116689154330308 0.00967074797926315 0.00754111507644497 0.00410366066132138 0.00148477912623649 0.000354700114206644 5.58791613805176e-05 5.80392758135807e-06
