0.905358131404193 0.8363468223171 0.647803550768294 0.46686566157029 0.37286378361985 0.352571281496488 0.34473064425408 0.310565048261815 0.263038455878106 0.237394336906386 0.2428902737588 0.250518745964156 0.226381633647822 0.16725395015682 0.0986035414891514
1.19606979120265 1.11781910445806 0.882126439926932 0.64945214425136 0.520186134242907 0.478774523119956 0.451127984698855 0.392032195668137 0.318822332599102 0.274354788834791 0.270305404400604 0.273820818000201 0.245870339627479 0.181279740174281 0.106800382157142
1.44319430598194 1.36982687498417 1.10725131453407 0.836982098287132 0.673491269818196 0.601741030289526 0.543389222443211 0.45307788463627 0.352079600859124 0.286628471018974 0.269101732780427 0.265808198960269 0.23637515192277 0.173683815516123 0.102198215220117
1.60341655454522 1.55186413465226 1.29113091391089 1.00562406475097 0.813623666723064 0.70472919636489 0.60790550797237 0.48505376710664 0.359672436471237 0.275418463670463 0.24295826661903 0.230952509097071 0.201926655374836 0.147367212331091 0.0864736887730163
1.65411916943364 1.63808791580001 1.40752204733234 1.13103692630142 0.920178222966558 0.773424500380722 0.638013666908391 0.488839061460532 0.348424189825662 0.25163171403418 0.205288620914213 0.1833321182683 0.15497035540688 0.111343108916887 0.0648754496411453
1.59712252479937 1.62167818759671 1.44060367564722 1.19305569351578 0.975946134209663 0.799391271426119 0.635540209341996 0.474049694034735 0.332177081640825 0.231148691635995 0.173118667869794 0.139886362985317 0.11019710136306 0.0761742152392365 0.0435342870299455
1.45527948816934 1.51489917749742 1.38904090795118 1.18213327082793 0.972831652220805 0.782889940738929 0.609553979038009 0.45452390643997 0.325537850395263 0.227894293819433 0.159887226969289 0.113354892418996 0.0784182091223681 0.0495416173810832 0.0268734974207692
1.26789013763293 1.34877455770814 1.27048475215097 1.10628630433489 0.917398659838583 0.734224480845398 0.573244161553703 0.442509708867719 0.337557967210817 0.248310788529458 0.170983424566002 0.10872820732765 0.0638595247883638 0.0344098163097296 0.0165672603784484
1.08572148603407 1.17081971680248 1.12256942706141 0.993599201933037 0.832118990043212 0.672171286919545 0.540099604918489 0.44434638698969 0.36839043613946 0.289570190787946 0.203392794351807 0.123843832742742 0.0651172091294295 0.0298753461989811 0.0120818708775666
0.960527659600899 1.03474205483817 0.99411664842594 0.884906576259239 0.748924413710829 0.618485259817852 0.520251714293843 0.459251931292117 0.41015943100283 0.341651277496876 0.248315138481533 0.152158732027575 0.0776963234286603 0.0330886660367871 0.0118394745587589
0.926414352550766 0.980068832304344 0.92547338142107 0.816560500154964 0.695684032097573 0.589274792643022 0.517301195285619 0.480705664928447 0.45074832723722 0.391417488091603 0.29451580002875 0.185335838422486 0.096013510541036 0.0406935628184127 0.0140888907562285
0.980395901049587 1.01033194404676 0.926849030107738 0.801296412799549 0.681732227150746 0.586645887957582 0.526073988173653 0.498612119419078 0.477775589377615 0.426256339291406 0.330753643864846 0.214638259008839 0.114222141968184 0.049355449314686 0.0172236880957641
1.07678010485996 1.08545149855393 0.969388106740363 0.819632027651103 0.691576972748329 0.595860317489375 0.532888969837704 0.501362774369259 0.481119267977063 0.436249173790709 0.347291514446943 0.231803118608197 0.126627639808074 0.0559193107156606 0.0198283237493339
1.14503515244649 1.13841775086763 0.998384879754694 0.829734975912252 0.692722780296896 0.591763655635227 0.520283611151391 0.478713816680166 0.45467198651694 0.415779745089671 0.337667731692147 0.230613352161418 0.128691190192995 0.0578546084828472 0.0208027800781272
1.12462619387771 1.10980613628288 0.963139343394073 0.791467518246011 0.65441767988199 0.552458666388433 0.475546772307436 0.426056224137585 0.398445020774742 0.365481353409163 0.301115545030597 0.209223873283479 0.118619381139133 0.0540301043398801 0.0196279145265093
