59.7668259615881 1.885681406433e-52 2.26442318076284e-19 7.69435736760026e-06 1.48845675301228e-52 4.21299552399566e-07 7.32877353628862e-94 0.00224084285014522 1.76237056019333e-135 2.63116754701967e-62 3.65863313610393e-19 7.66495312235967e-24 5.69590583481263e-84 0 0
92.7810808475416 8.04002120465776e-52 2.65040886082385e-19 8.40110628367777e-06 4.75797205185012e-51 1.06637756988239e-06 1.25907805964491e-93 0.00868398936683921 8.7615542708166e-135 4.93909530352632e-62 3.1795214163714e-18 1.30517596856917e-22 9.69889743114536e-83 0 0
119.745619320064 1.48089457386442e-50 2.40466864189423e-19 7.11029610633201e-06 1.17894795931213e-49 2.09247632315827e-06 1.67672211604038e-93 0.0260864088346463 6.36125781606327e-134 7.18676412354504e-62 2.14186638049093e-17 1.72272405081901e-21 1.28017403579518e-81 0 0
131.83280209626 2.69845485002041e-49 1.69115995982331e-19 4.66472426886308e-06 2.264406880775e-48 3.18292211633088e-06 1.73083875887985e-93 0.0607430653090896 7.06187367339848e-133 8.1059973691483e-62 1.11843362513161e-16 1.76258247419915e-20 1.3097932418977e-80 0 0
128.574271215628 3.85052750651718e-48 9.219369426133e-20 2.37220026895081e-06 3.37133088511581e-47 3.75316898371497e-06 1.38496632377967e-93 0.109639790959253 7.74793376621833e-132 7.08706813757622e-62 4.52704873083646e-16 1.39788118855115e-19 1.03877994961463e-79 0 0
116.671996258679 4.26063227303806e-47 3.89587335288513e-20 9.35112379233162e-07 3.89076835524158e-46 3.4306039702472e-06 8.59031120435846e-94 0.153405050203505 6.90444089036719e-131 4.80301386686158e-62 1.42038871246099e-15 8.5936597797107e-19 6.38603734429361e-79 0 0
103.669537202797 3.65443994405525e-46 1.27613178365072e-20 2.85734936477499e-07 3.48061873258602e-45 2.4307435742111e-06 4.13014847074811e-94 0.166410592059214 4.80547445997599e-130 2.52317954488256e-62 3.45450908549963e-15 4.09518130658069e-18 3.04317152713227e-78 0 0
93.846817657548 2.42971257510844e-45 3.2402110816059e-21 6.76783815897609e-08 2.41359620289715e-44 1.33506036820584e-06 1.53925124293041e-94 0.140100842534387 2.59563882960542e-129 1.02747095150884e-62 6.51257216721872e-15 1.51270831659641e-17 1.1241091744888e-77 0 0
88.4664504895462 1.25220681716005e-44 6.37731931716631e-22 1.24257802167367e-08 1.29735806844938e-43 5.68399769471044e-07 4.44672676427188e-95 0.0921470586009046 1.08697425471127e-128 3.24323211692276e-63 9.51712647969644e-15 4.33136055847452e-17 3.21867876865726e-77 0 0
87.1834801197858 5.00246788193705e-44 9.72949065901771e-23 1.76841607116289e-09 5.40557855212984e-43 1.87584426688717e-07 9.95768670973705e-96 0.049304706779148 3.52852967513409e-128 7.93548717715411e-64 1.07806815001319e-14 9.61347857865591e-17 7.14387522727017e-77 0 0
88.6248290790993 1.54910065146275e-43 1.15061261284845e-23 1.95088792613239e-10 1.74586874774303e-42 4.79875591429076e-08 1.72847679991249e-96 0.0262462274231894 8.87886205418242e-128 1.50506840447853e-64 9.46615633688854e-15 1.65395569117233e-16 1.22907155744872e-76 0 0
90.4402041456173 3.71845086081215e-43 1.05476385248831e-24 1.66827357694789e-11 4.37087192953127e-42 9.51587917882512e-09 2.32571092809399e-97 0.0215042339463196 1.73184183630941e-127 2.21271747578507e-65 6.44300120075816e-15 2.20573970623469e-16 1.63910795829529e-76 0 0
89.152678912927 6.91881214742084e-43 7.49494461075948e-26 1.10583238415241e-12 8.48226144721655e-42 1.46270632781279e-09 2.4256883079612e-98 0.0255283079486713 2.61846199094965e-127 2.52163820274982e-66 3.39930266165667e-15 2.28019366076771e-16 1.69443546092703e-76 0 0
80.9446396620485 9.97902508330976e-43 4.12827576453851e-27 5.68196323500939e-14 1.27597542493993e-41 1.74282202795622e-10 1.9611072203304e-99 0.0286451417135391 3.0688199679554e-127 2.22754592921531e-67 1.39020401620833e-15 1.82715878026102e-16 1.35778056192651e-76 0 0
64.51278394526 1.115659766917e-42 1.76260929018108e-28 2.26305243679943e-15 1.4878530788686e-41 1.60966843637737e-11 1.22900815580909e-100 0.0258432705094576 2.78794134266118e-127 1.52530832947108e-68 4.40711441736297e-16 1.13492699721255e-16 8.43375974035866e-77 0 0
