0.0224721032975852 0.0322479342929759 0.0395274950616265 0.0410100640191688 0.0378670372261138 0.0358284049720437 0.0385437304986469 0.0438828837354359 0.0495513934345306 0.0576560635524652 0.0680718096649538 0.0721875390664494 0.0616834030038409 0.0403082291128421 0.0197540042127194
0.0820070195433017 0.113237164182311 0.136083596115023 0.14084893733772 0.130140106836454 0.120832227260399 0.124650664124126 0.134874754702044 0.141635419618989 0.148716963363092 0.159988319480667 0.160932962825993 0.134400782213605 0.0870398328041119 0.0425077359381876
0.223877007125022 0.294169001498919 0.343077708664141 0.352989781699266 0.328268048767164 0.30352133542283 0.304605162875237 0.316141778321013 0.311374268889229 0.29414306497032 0.280751053347858 0.259986430471266 0.208455111155299 0.132688616776952 0.0643485086956966
0.475783399104472 0.584218562737866 0.647545343969549 0.654378875697819 0.614158635376888 0.575210358097442 0.573237122854892 0.578874846374628 0.541733434049072 0.464007092847798 0.38478664352782 0.314507651601446 0.234234419972481 0.143998442348503 0.0687891081560781
0.83758868639964 0.941219329938544 0.957562003821492 0.923437889273946 0.868347723040388 0.835273811369155 0.844496066964596 0.843728219056241 0.762544121496282 0.604878192900491 0.437085729795613 0.30314346854197 0.198935862675699 0.113861474742626 0.0525439263555297
1.30940194107114 1.33826397454264 1.206092771985 1.05588868922783 0.965556813437777 0.95306155479973 0.99035111220796 0.993036214774433 0.882220862591207 0.669125955267067 0.438305631271619 0.25865024890052 0.141903054316037 0.0707264208054516 0.0300122424105023
1.88984717292039 1.7983197087101 1.43651024233077 1.0918448696113 0.915240281547535 0.897450370202021 0.952670212484214 0.966990546088214 0.861652847161064 0.650443078287797 0.413992429346597 0.224527277616164 0.105436586822139 0.0432866442982651 0.0153871430991536
2.49422459382339 2.29042623511345 1.69561291842341 1.13416853068924 0.830713043722506 0.76132996781305 0.802285210780943 0.825459855061588 0.753260825441424 0.588690891643146 0.388832674124579 0.214178011507777 0.096912173561418 0.0357104261169576 0.0107621636110108
2.91615567166766 2.64782365732534 1.90418502783298 1.19340781124706 0.786240202830748 0.65541546782267 0.664509436061441 0.685236586648704 0.640923379665553 0.521404795416811 0.361498465920267 0.208728305043784 0.0983380063225801 0.0377743091669951 0.0122308473264164
2.94905658950637 2.68694157020923 1.94537892557809 1.22892873487633 0.804114812278278 0.644143602839769 0.621520876350234 0.620521806582062 0.571436712721058 0.463092680164207 0.324544653158187 0.194968460487164 0.10146397213765 0.0477975793314609 0.0213380725469271
2.58070047666122 2.40481857744294 1.83207783060091 1.27088016659188 0.92487503909877 0.76532748454652 0.698600493946678 0.646351432508589 0.560731896555673 0.4380436606634 0.307998696796628 0.201751303004072 0.129894619059584 0.0831453655966649 0.0491993164233458
2.03026151532416 1.98676369839427 1.67451327968558 1.36049084915216 1.14967648140545 1.00113792447987 0.868790288782436 0.738396466141011 0.603698406122792 0.468035727927557 0.350005477529873 0.26561039009015 0.208705384599108 0.157848883613161 0.10275015177655
1.54254739765756 1.60439642094915 1.5116902678503 1.41737658189631 1.34025569416886 1.21588376092422 1.02821365759673 0.82443586097189 0.649804374639132 0.516646063554753 0.421247103640437 0.356877874884765 0.30551005351324 0.241683863868389 0.160211910560197
1.18885371188055 1.28054058095038 1.28422627164407 1.29991348546613 1.30841969295884 1.22673647721379 1.03633608474709 0.807494539328975 0.621096843758302 0.502876980231207 0.433059274389113 0.385650661387915 0.33778067357813 0.268364647428201 0.177656886362092
0.904510622501464 0.965075144388206 0.962664947554605 0.984070760971882 1.01592397928128 0.979201332547102 0.839119018572881 0.647763265062509 0.48658472782096 0.39059529002965 0.340740491233651 0.306642247404519 0.26780237486746 0.210972681496634 0.138718845922446
