1.02457581726147 0.901856872985556 0.576030262561299 0.284555538170007 0.123044006702735 0.0592448423065329 0.0543330097423942 0.0943564759257622 0.154747271721273 0.185057570747549 0.154262857712302 0.0889349323596361 0.0354006534336178 0.00972494647853293 0.00184349690538848
1.56263768464772 1.40610711337873 0.936574658762913 0.500865030322466 0.244841867310158 0.128544726881549 0.100134426411125 0.140188357367437 0.213540748440739 0.250370447443055 0.207506258813349 0.119408754255995 0.0475008193630666 0.0130461333031889 0.00247288649378351
1.98645337970464 1.83868254884065 1.28878824249591 0.752892342037512 0.416160547323249 0.240686040734145 0.170393030871372 0.183395958464854 0.240785286262922 0.268146578664827 0.218490065432843 0.124998423786285 0.0496222575045503 0.0136188247610061 0.00258078435325718
2.17566212809566 2.08392107846426 1.54604692531871 0.986764653327483 0.611137945755222 0.392066273264616 0.275075057723225 0.236720580912651 0.244531917454286 0.24075085121233 0.186735070898967 0.10487048937183 0.0413462194614651 0.0113187609558766 0.00214300216947157
2.15420840237168 2.14302418223318 1.68200356069799 1.16165827119548 0.794435844713634 0.567144181391582 0.422778832309158 0.330172812808568 0.269168337085781 0.215144537043215 0.148704538475801 0.079325614501462 0.0306250158828744 0.00831530556070682 0.00156962018475265
2.05164350237237 2.11346957285033 1.73836282724724 1.27773253176514 0.950117155795677 0.752648758261791 0.616011005615109 0.490380011696415 0.363527266935299 0.247496192249529 0.149217493683478 0.0734700163391709 0.0272912899673713 0.00728684386308647 0.00136628091697197
1.9897861457754 2.09259992863444 1.77038096881415 1.36014589662424 1.08589221373258 0.943968785128197 0.847047926307773 0.719401047223705 0.543745063180535 0.360259232897575 0.206637985294188 0.0974105705159612 0.0352105152551064 0.0092658995255466 0.00172519113727523
2.00131132394507 2.10120470670355 1.78712486168647 1.41309727011802 1.19929136621089 1.12475901302255 1.0856391479297 0.981104318755768 0.775109590562916 0.523718328370447 0.299265772210954 0.138971713432987 0.0494867419986159 0.0128822670167725 0.0023819959114475
2.02374444742236 2.08025467935893 1.74437845817667 1.40138228878564 1.25198748889031 1.24577342483689 1.26876433965441 1.20168600699133 0.982075658762811 0.672035701402594 0.380525513620683 0.173066714114255 0.0603360984353436 0.0154497918572978 0.00282423728734645
1.95526844859405 1.9481798673829 1.59162195459712 1.28598115990801 1.19782783426082 1.24921087630588 1.32708027475374 1.30450890792316 1.09237415026631 0.749087245015798 0.415047067297216 0.182203397528353 0.0612768945661495 0.0152358107309076 0.00272538849697435
1.74704032969498 1.6828649185226 1.33274755120076 1.07649295126131 1.03829622111836 1.1259725398527 1.24114813028885 1.26430037462829 1.08583243676101 0.747307834163535 0.404607231515883 0.170070241981131 0.0543737603788342 0.0128972440214899 0.00221883189482053
1.46410951584027 1.36366268219667 1.04412526395743 0.839499785747928 0.833614878535253 0.931616117274484 1.05851080085591 1.11853925829242 0.99407195947089 0.697094162267856 0.375357128493989 0.153071837029615 0.0466513460133272 0.0104668246096018 0.00170342923662119
1.22354652344367 1.10418496463737 0.814216095799101 0.643784437972233 0.648017617594734 0.732480556587537 0.843879034939133 0.921072038666553 0.854772930164266 0.623153009984645 0.343561669768889 0.140566178467188 0.0421155328405445 0.00913444002436046 0.00142006912038977
1.05866453038226 0.931975958263235 0.660454679958452 0.501758079988645 0.496410603599452 0.552256658090552 0.630145412041787 0.702929798457425 0.683422705281745 0.52453814873745 0.302105992973681 0.127382171219148 0.0387303591301416 0.00839831758703399 0.00128808259738531
0.893505629013218 0.774341449710524 0.529595057557604 0.379553027912142 0.358166740572206 0.384063321470564 0.4268920739436 0.482139248981635 0.490140695404405 0.396401162056076 0.239137059934994 0.104501658761695 0.0325629643056985 0.00716257839212984 0.00110452666165273
