861.669089979293 0 0 0 0 0 0 0 0 0 0 0 0 0 0
3169.43088534589 0 0 0 0 0 0 0 0 0 0 0 0 0 0
9159.52750411049 0 0 0 0 0 0 0 0 0 0 0 0 0 0
21367.6308769745 0 0 0 0 0 0 0 0 0 0 0 0 0 0
41758.1295237724 0 0 0 0 0 0 0 0 0 0 0 0 0 0
70873.5656146004 0 0 0 0 0 0 0 0 0 0 0 0 0 0
106223.174509719 0 0 0 0 0 0 0 0 0 0 0 0 0 0
139433.110587401 0 0 0 0 0 0 0 0 0 0 0 0 0 0
157431.836780705 0 0 0 0 0 0 0 0 0 0 0 0 0 0
151140.682228553 0 0 0 0 0 0 0 0 0 0 0 0 0 0
123495.484312254 0 0 0 0 0 0 0 0 0 0 0 0 0 0
87911.6977293541 0 0 0 0 0 0 0 0 0 0 0 0 0 0
59195.2551031492 0 0 0 0 0 0 0 0 0 0 0 0 0 0
44189.2977217073 0 0 0 0 0 0 0 0 0 0 0 0 0 0
38848.784130938 0 0 0 0 0 0 0 0 0 0 0 0 0 0
