13.16577652024 8.0299037845512e-05 1.83957532346773e-30 1.483855420332e-08 0.000385603996791422 5.87917253344803e-45 3.84258606063064e-42 0.00229922078332642 8.07165311475927e-10 1.66252828165022e-61 2.00909435667445e-158 1.42448002960173e-300 0 0 0
21.0678930163571 0.000731067028521391 1.67480771944727e-29 2.43948809825158e-08 0.000633940711420824 9.66547766473441e-45 6.3136706294146e-42 0.00377780028896613 1.3262359878835e-09 2.73166451363835e-61 3.30109978834834e-158 2.3405325432342e-300 0 0 0
28.2140376653884 0.00513308933949312 1.17590551207838e-28 3.09289828761179e-08 0.000803739990453794 1.22543493201024e-44 8.00018553988366e-42 0.00478693061743663 1.68050165989141e-09 3.46134985882993e-61 4.18289333457138e-158 2.96573826971166e-300 0 0 0
32.6199644296994 0.0277966150459898 6.36708284414241e-28 3.02407383765611e-08 0.000785854836269472 1.19816604784101e-44 7.81768225621689e-42 0.00467772933053999 1.64216541511201e-09 3.38238822575196e-61 4.08747157654072e-158 2.89808271722225e-300 0 0 0
33.5334238629496 0.11610520905041 2.65870791080373e-27 2.28023161155187e-08 0.000592555319727726 9.03448872231517e-45 5.89136308107468e-42 0.00352511153280606 1.23752697826968e-09 2.54894947965047e-61 3.08029648068956e-158 2.18397946687667e-300 0 0 0
31.5538757549504 0.374212039658958 8.56183670754055e-27 1.32594451662343e-08 0.000344568276752508 5.25351491539812e-45 3.42383936757704e-42 0.00204866267365066 7.19204287416871e-10 1.48135388267401e-61 1.79015284056641e-158 1.26924699322864e-300 0 0 0
28.4873900143692 0.931631354112051 2.12638165758566e-26 5.94609111037621e-09 0.000154518861206438 2.35589633993329e-45 1.53451377668148e-42 0.000918180077681265 3.22336642817034e-10 6.63920732564194e-62 8.02319823245283e-159 5.68857585891717e-301 0 0 0
26.6606119230302 1.79685769021793 4.07311823209125e-26 2.05635260516148e-09 5.34376713861589e-05 8.14745937487947e-46 5.30381076947094e-43 0.000317354816771409 1.11410701132007e-10 2.29473986155024e-62 2.77309502446495e-159 1.96616872145162e-301 0 0 0
27.19670981946 2.70703478046657 6.01893865563344e-26 5.4843281207453e-10 1.42519197901492e-05 2.17294156897633e-46 1.41372542354296e-43 8.45906070661554e-05 2.96964102776195e-11 6.11660600970995e-63 7.39165688292017e-160 5.24080294208608e-302 0 0 0
28.8908251067172 3.25591175600219 6.86581044024659e-26 1.12799998292215e-10 2.93129165979068e-06 4.4692403494688e-47 2.90604231514868e-44 1.73883753877962e-05 6.10436959239955e-12 1.25732448418189e-63 1.51942288955895e-160 1.07729512827814e-302 0 0 0
29.5951299032561 3.29200747527339 6.05638561093773e-26 1.78918222226906e-11 4.64948138775371e-07 7.08890558633014e-48 4.60679214666671e-45 2.7564853671339e-06 9.67692787955105e-13 1.99316869177956e-64 2.40865915771351e-161 1.70777786363381e-303 0 0 0
28.4353211628398 3.06416425016871 4.15192511663695e-26 2.18856713767552e-12 5.68734813358853e-08 8.6713055915852e-49 5.63190240268258e-46 3.36986260023767e-07 1.18302522971138e-13 2.43669156037508e-65 2.94463758417784e-162 2.08779513970618e-304 0 0 0
25.7485930548518 2.84271538656987 2.2424147137719e-26 2.06454803404485e-13 5.365064295263e-09 8.17993042275296e-50 5.30971781151414e-47 3.1770826607923e-08 1.1153478317872e-14 2.29729559466923e-66 2.77618351868379e-163 1.96835851324595e-305 0 0 0
21.6307993740456 2.57135372872435 9.8772014966702e-27 1.50193081541618e-14 3.9030118257687e-10 5.95078892198158e-51 3.8605357615631e-48 2.30996103085431e-09 8.10935786805676e-16 1.67029437588377e-67 2.01847934956163e-164 1.43113413964954e-306 0 0 0
16.0625445967803 2.06174642821823 3.81531384569106e-27 8.42625664121044e-16 2.18970001680759e-11 3.33856088174038e-52 2.16462932249387e-49 1.29521125823761e-10 4.54697350625881e-17 9.36545704156537e-69 1.13177544692408e-165 8.0244689194464e-308 0 0 0
