2.79576712706615 0.37666651721925 0.0920722124544106 0.0817671505244077 0.0667717512012009 0.000203461353101735 0.023669749962623 0.285783149218546 0.0895747005465498 0.319267419721144 0.00136790207142713 0.00031738145698362 0.0437788108207953 0.00140963240146251 1.0595108662693e-08
5.75912820917361 0.903193518654355 0.239972139450857 0.223061061778302 0.189553279598297 0.00130439912030671 0.0560123447098842 0.652490522894693 0.239689005251378 0.50562228382738 0.00216303180100172 0.00104174503332607 0.143696046914616 0.00462686399870648 3.47765323661235e-08
9.44001930573394 1.58223607857689 0.4652332633898 0.437121781691077 0.383933831902949 0.00717359166627684 0.0935836968723688 1.06298048332563 0.490734831730168 0.561469086298335 0.00239318448366849 0.00239246912700789 0.330012349777482 0.0106260561309752 7.98677862730384e-08
12.4494205407499 2.04748726067635 0.673505301091752 0.620463329961358 0.561696068737973 0.0300906970572044 0.110502816795401 1.2666390998816 0.770855141513149 0.438511317833383 0.00185266111542533 0.00384446578095157 0.530298105089595 0.0170750501750354 1.28339850756649e-07
13.5552341145929 2.00826262954562 0.726912086501588 0.643027474751044 0.608393301606518 0.0912001426085972 0.0926106314994436 1.18178636352112 0.950424254022124 0.242787751070929 0.00100351789741334 0.00432245305437425 0.596230885602215 0.0191980174732918 1.44296542152955e-07
12.8841915538905 1.59248540438252 0.583960440613656 0.489475582532529 0.51272952987946 0.197240315613652 0.0559841847871256 0.98514009782193 0.976509576750848 0.0974684580330222 0.000380338890526492 0.00340039319338551 0.469043773018868 0.0151027240748521 1.13515411897251e-07
11.6504252599442 1.17942765718083 0.354521083225273 0.275436963303851 0.366339686535066 0.310633880785186 0.0261254559987084 0.812291151830877 0.903628084475961 0.0304798469964278 0.000100868034464105 0.00187168400747901 0.258176548942443 0.00831301768740979 6.24824781422549e-08
10.9128044504728 0.964047120523209 0.17496962360698 0.12271309215081 0.252211410379435 0.386630870615572 0.0129265321204396 0.618847933015491 0.762491734386678 0.0091173154526508 1.87218112356023e-05 0.000720842601328657 0.0994316666709075 0.00320159676434501 2.40639088440135e-08
10.9379133461332 0.86178218674582 0.0845122537593488 0.0799151839735004 0.216908865663399 0.453851640466187 0.0129792425490761 0.387208833877797 0.542046485781112 0.00343347424710306 2.4338425086417e-06 0.000194246355179464 0.026793975640159 0.000862738286358942 6.48453162821374e-09
11.3856738309555 0.793623252463879 0.0510395255635103 0.152116231626553 0.304140236494329 0.571168536180548 0.0197904712320246 0.220313424397985 0.298654780380831 0.00148723433632433 2.22551868529352e-07 3.66243415946489e-05 0.00505189259270682 0.000162665713249691 1.22263145043121e-09
11.763593276211 0.851209145282444 0.0441963995246409 0.317997326134654 0.505814403896998 0.693204855703142 0.0256812746740622 0.212865584990078 0.127798047794534 0.000553961921074556 1.46736284635761e-08 4.83160348931526e-06 0.000666462273234046 2.14593954721313e-05 1.61293558964053e-10
11.6157805663691 1.10894663988238 0.0483362930282435 0.485145828293275 0.695837425089357 0.703785050696185 0.0245263194740199 0.351834971177811 0.0557024776364483 0.000154079850242689 7.9606683807259e-10 4.45981925693541e-07 6.15179058306255e-05 1.98081290247786e-06 1.48882275410547e-11
10.5353966031537 1.42609239843748 0.0496944568558969 0.519515904412592 0.716718355416282 0.577297595375749 0.0170693734642321 0.509577812862179 0.0403774908108881 3.09741729818631e-05 5.29192752369358e-11 2.88036644004039e-08 3.97312315446567e-06 1.27930453763613e-07 9.61553563529629e-13
8.44551670371215 1.54053392309736 0.0410700556787099 0.389378881710417 0.547231167446744 0.390231036145203 0.00889765101397892 0.531092448569434 0.0362646996553731 4.79684929954287e-06 5.06532627798318e-12 1.30161557707661e-09 1.79542398404981e-07 5.78107941908123e-09 4.34518705509855e-14
5.79926446124511 1.31666961414866 0.0267789169967533 0.204221332342066 0.311270014472708 0.218105031244951 0.00364025141462807 0.388473646774702 0.0259542999295035 8.17523465372764e-07 4.6066540389947e-13 4.11549656832027e-11 5.67683836641129e-09 1.82788320402657e-10 1.37387741295389e-15
