0.405541800892071 0.339665813615867 0.254077458256125 0.278778814595504 0.267179023744944 0.176187022374605 0.0910476234182026 0.0357218499914678 0.00866393108810756 0.0011430777154632 8.10512411511523e-05 4.6325728532408e-06 6.43771384628535e-07 9.98385886979276e-08 9.18213835192957e-09
0.946533482049603 0.772828711956447 0.497548565579991 0.467482128937322 0.457726627398983 0.338534134779542 0.196764109832817 0.0811827763827988 0.0198495105454375 0.00262949200062053 0.000208078951268592 2.48469399850267e-05 6.03998760786231e-06 1.02489935147167e-06 9.88828038374731e-08
1.761410087223 1.42260685656798 0.829068318593751 0.673538352352351 0.675616223414267 0.556753830910428 0.350979210288913 0.148033493401514 0.03611388212162 0.00489199750170405 0.000553446015557763 0.000155069257949973 4.71427168879696e-05 8.42841650549517e-06 8.53134816452923e-07
2.62386200915632 2.11667793121493 1.16729646097195 0.845977188608326 0.867524311986697 0.778020321684204 0.512874263096945 0.216497896477987 0.0525054702809977 0.00788744325544921 0.0018653100552955 0.00089572420401927 0.000296364274091044 5.54977175976276e-05 5.89526563195057e-06
3.15276828853726 2.55447409254875 1.37610844606824 0.924355309753837 0.962725719221541 0.912419611083103 0.611528473411195 0.254975050401348 0.0623734197323665 0.0132077152672668 0.00721463342191795 0.00428873950557515 0.00149122199320407 0.000292726121126697 3.25944980535985e-05
3.10486337997682 2.52931494498927 1.35246165723526 0.865594379213567 0.908542837547215 0.890111154005104 0.597985724603871 0.24607134211877 0.0652893875233725 0.0277515506240228 0.0256333163727197 0.0165163478105287 0.00600467219722348 0.00123683406096252 0.000143959070582466
2.60722604521204 2.12282063637451 1.1218249618648 0.685787574535198 0.722153227058387 0.72994360861936 0.496321918225961 0.207891973152244 0.0727203236907279 0.0663367928972726 0.0753438056387696 0.0508713163335773 0.0193639384935441 0.0041832734256839 0.000506881623588951
2.0787166614946 1.66156181364837 0.836923757880363 0.467500567966944 0.496312811481558 0.539533363382954 0.394943543064369 0.18619578911338 0.103470210032256 0.145989125381154 0.178116399346513 0.125344132735107 0.0500277902403053 0.0113102401501828 0.00141966452303438
1.95506659808636 1.50088011443705 0.67791944666862 0.307744397145545 0.333117002319368 0.431572558964264 0.379378427583937 0.222738143480084 0.169911282819976 0.268219409537082 0.337262740263302 0.247388052662777 0.103512532684881 0.0243983086164466 0.00315589369441108
2.45836127252009 1.83185910919053 0.749372925084134 0.258968528019303 0.272913134174691 0.437494975556518 0.466329251490941 0.325102783632464 0.266260640200305 0.403600670893146 0.513054085879568 0.391619181175718 0.171356875596909 0.0419034808142882 0.0055568906685917
3.4616364334527 2.57361370063245 1.03117026322442 0.316052946418743 0.288667438527587 0.498294149733951 0.592170098146613 0.45805376692376 0.370936677032544 0.504268960159823 0.631547485379983 0.497882567240049 0.226627127372871 0.0571744044436907 0.00773635171564396
4.47383495624017 3.3627709987996 1.38120882574514 0.436545494518326 0.331854475633525 0.528668921966093 0.662535173661094 0.562613129434776 0.460160451283219 0.541008006663515 0.637192734216043 0.50936142452081 0.239095051634958 0.0618508737932354 0.0085031577749808
4.88263593207283 3.72772454105342 1.59968021599724 0.559362427020662 0.36837651173549 0.486230442003862 0.622723199814809 0.591354932832914 0.514997765206823 0.521027428957353 0.538520021705053 0.421041117296775 0.201009667164322 0.052961005504076 0.00736944202789654
4.3874064873473 3.41044860007711 1.5481583470843 0.61991712073012 0.377918662430463 0.386757029833878 0.490013467371662 0.533609206256881 0.517246481574003 0.464537311439522 0.393577917191919 0.283591130970273 0.134677851463652 0.0358522329081348 0.00503146199650171
3.22282961756839 2.55510823247766 1.24042022959119 0.577512918138881 0.34501405301947 0.270397876149724 0.325754248136272 0.414220728002726 0.454121212710765 0.380005759599105 0.257222200397718 0.158106356897421 0.0720836579071304 0.0191783909798851 0.0027044612949901
