0.0574394923545287 0.064721620677231 0.0839932521618776 0.136050649200006 0.23065134119727 0.354680098367165 0.478628291972205 0.573803162053098 0.619594169699918 0.600533081575015 0.512236526636115 0.374836167743802 0.229930008415746 0.116076715705214 0.0475561379935233
0.212455964447222 0.217095979036212 0.22797553964048 0.298390984370948 0.458578940241445 0.687332925845164 0.92024697421546 1.08445164652041 1.12885513649752 1.03664095340398 0.830916248233727 0.571987996732793 0.332390939617959 0.160494304360993 0.0635069551823586
0.585330428590288 0.573963805723614 0.533085296674265 0.575752976713513 0.770653453384891 1.08860760703559 1.41652480895159 1.62038759247766 1.61471699247356 1.39853466468726 1.04725939125235 0.671789722946307 0.364992934500492 0.165972761876207 0.0624304709549986
1.20310231309745 1.16231542537164 1.01565416212991 0.956722229521305 1.10529050629861 1.42809471764766 1.76914226099501 1.94600577973434 1.85534908705625 1.52305741039516 1.07196517782071 0.642869563965506 0.325855619993573 0.1383814940393 0.0488080629201415
1.86628681017233 1.79460250722563 1.51922378710573 1.30332652303389 1.31276256888284 1.52253189319897 1.76871686762772 1.8646851633478 1.71435191543078 1.35699806101945 0.919801555684485 0.530679844993184 0.258475306837642 0.105304339139541 0.035571755265376
2.2378650295921 2.14642391523935 1.77735092671562 1.41836478020854 1.25796151686101 1.29347615701644 1.39466258110003 1.41399749348249 1.2768352412201 1.00855379029799 0.692904470431267 0.411382399893217 0.208702305434732 0.089182926319852 0.0316426090482145
2.20908738878046 2.10427135603076 1.69823542016342 1.26466007512483 0.991992692796628 0.90016735852062 0.903308982982583 0.901087933886612 0.836672277702258 0.706241725413014 0.535394524497661 0.357622609285054 0.204988106545234 0.0982176830128523 0.0385265475452367
2.0720899295931 1.94140089981603 1.50782436968997 1.04016115927751 0.729417197724089 0.605292517871423 0.599317918262589 0.629768258711354 0.641683258520515 0.606764089968122 0.515113002257877 0.379177227362731 0.234433610218287 0.118835548128889 0.0485870524187084
2.12656501107886 1.95823439945174 1.46714752328836 0.952367408351729 0.628037498574816 0.524559653118828 0.559843444018419 0.636905112940131 0.68596124625238 0.666359890076776 0.566969076733245 0.411786839529259 0.249680012553172 0.124165026449191 0.0499688649805411
2.22874177075067 2.04995164582547 1.52764299265191 0.983841127703761 0.652317237781527 0.565448289025837 0.629096596004165 0.728876798970238 0.778120469966761 0.730127749651541 0.58769041734081 0.398999533527741 0.225622557091336 0.105186310438152 0.0400655483070092
2.0097174486074 1.88260388671199 1.4442757056593 0.97252782169766 0.674773732921593 0.585801280293222 0.630736299967488 0.711618187676388 0.744545320047431 0.679635122883213 0.523835840290878 0.3348100202537 0.175856233717896 0.0756052793582881 0.0265517408887123
1.42141191964524 1.38416899220567 1.13134431371836 0.835210133978037 0.62737508370638 0.535863803572106 0.527964442455526 0.555093817471506 0.562334264272596 0.505216922389615 0.382084019156941 0.236646194939159 0.118563335033411 0.0478619839895457 0.015573346407657
0.769411940553724 0.798930498516009 0.722304922088503 0.608254411592402 0.50651268275132 0.429096634717167 0.377479710053145 0.351006719871125 0.331659049364961 0.290397137543995 0.217464824172618 0.133222605710054 0.065463930104945 0.0256137882456745 0.00796771826186374
0.318982049775737 0.363606195214618 0.375121203011954 0.365139409593862 0.335822301096463 0.285997518708232 0.228447784786034 0.182742055563248 0.153016956766878 0.12640187097153 0.0928333941962512 0.0565061363302594 0.027602018641629 0.0106864869822076 0.00326577290690053
0.101861691343059 0.130740789677352 0.1555523137153 0.172026582482574 0.17077896867974 0.147077231847436 0.110402279717129 0.0771473459627198 0.0552990746260016 0.0412223778561573 0.028985359827509 0.0174007606642229 0.00846406885310613 0.00326702015623346 0.000993279728227267
