0.348650242728807 0.340469584895012 0.316257112643153 0.279585065578075 0.235432331703448 0.189085033583034 0.145121774502549 0.106743817930363 0.075558143540294 0.0517612156498898 0.0345658553605313 0.0226885496499305 0.0147563920567708 0.00956567790335151 0.00619174784494928
0.628895661424526 0.614918990735625 0.572316519281385 0.507500636627447 0.429371321843265 0.34733525859989 0.269489609330693 0.201439219160018 0.145937179986291 0.10324658501846 0.0719303096811888 0.0497330140474593 0.0343002826259777 0.0236169811471644 0.0161727458177115
0.968853896714602 0.949367666952519 0.886549490734319 0.790196622244386 0.673808126740071 0.551538927372329 0.435438860119729 0.333697101205059 0.250172089759959 0.185028389646301 0.13600556535805 0.0997851193084761 0.0730595368964767 0.0531340124117338 0.0380957005529891
1.27626026137438 1.2551581089262 1.1786924571226 1.05958943715797 0.915160251106422 0.763300899076515 0.618937241416403 0.491860545225458 0.386294929211679 0.301914418666457 0.23563195116942 0.183419563811179 0.141631101610661 0.107631193486 0.079826772061452
1.44030151449955 1.42517442533071 1.35084514981244 1.23134171161217 1.08531242485051 0.931532062634882 0.785043315136859 0.654993936483082 0.544503390120475 0.452151436789918 0.374224672769405 0.306812811330531 0.24714305585449 0.193980865612641 0.147300885701671
1.3969815709545 1.39643907301487 1.34383958934955 1.25227149911085 1.13840323213721 1.01815032231186 0.903173707471819 0.799230669443947 0.706621588943152 0.622194298644044 0.541905918048646 0.462940386430437 0.384758964870785 0.308993546212625 0.238532883213566
1.17094581886015 1.19026914606708 1.17355848098164 1.13112697241908 1.07502688808164 1.01543300978526 0.95802171496463 0.903199972222304 0.847283643598126 0.784978728878433 0.712098438485203 0.627498069365381 0.533651117597432 0.435885737259824 0.340782457139244
0.856533219382698 0.894767819764258 0.916106226319626 0.927440189098188 0.935396018630711 0.943661676753676 0.951401803288898 0.953401073716985 0.941899908501951 0.909422514533193 0.851533638913617 0.768541858086853 0.665631550925072 0.551525810934673 0.43628625985334
0.55683616721199 0.607675020280801 0.658096734099722 0.712148882997949 0.772048377732441 0.836330767184205 0.899086053613995 0.950746500766278 0.980319578248233 0.97838538486775 0.939854279780546 0.86555348357374 0.762148711877299 0.640513314933815 0.513173115137576
0.332973951610345 0.388502868031268 0.454531768775687 0.533453840920293 0.624963377511459 0.724718935585825 0.824010745500599 0.91080516847007 0.972070379836547 0.99678617198935 0.978723732405558 0.918102359690961 0.821597941070828 0.700743741247912 0.569290940704241
0.194238745048622 0.248245242939388 0.318215014711565 0.405958491181226 0.510331224626446 0.626120904971466 0.743811472506244 0.850575503424565 0.932466086329179 0.977327759074846 0.977611091760662 0.932221443268696 0.846810958871679 0.732434872727487 0.603029221941188
0.118772761121146 0.16746511026874 0.23354922785557 0.31880111847928 0.42218863196635 0.53883558510201 0.659721837255849 0.772475159965759 0.863302910162039 0.919700394435411 0.933222335434695 0.901483139305594 0.828745156293453 0.724905256629213 0.603217908891568
0.0786203630995532 0.119621392414888 0.176720004355488 0.25169867601414 0.343920275105877 0.449371727118438 0.560299304127551 0.665777915693057 0.753311883767275 0.811204703711998 0.831098529658845 0.80993021859884 0.750677193824101 0.66164614524158 0.554540623057668
0.0539146887468012 0.0856217504134283 0.130395965594716 0.189819679941846 0.263586222140299 0.348698846334528 0.439114664612531 0.526125467496673 0.599583086937514 0.649788227155455 0.669576698412749 0.655989185568754 0.610989686307687 0.540993247935699 0.455359967607948
0.0354667996497343 0.0574313176014887 0.0886732512047044 0.130386104539908 0.182449849171476 0.242846341591823 0.307378275137479 0.369906277351518 0.423192738497127 0.46023591170084 0.47576952508451 0.467488424316243 0.436607744148574 0.387568995539474 0.326991113645105
