0.476939445216576 0.550786141220964 0.629050253836712 0.760251036637003 0.929125208447309 1.05212977186389 1.04934205762535 0.914495554114778 0.716679929139392 0.54106280863379 0.426231065461305 0.351334491239503 0.276875530895809 0.189765889332151 0.107047888236373
0.770244771031913 0.855408693159424 0.902987020978953 0.997893189509279 1.15584250299384 1.29521792546589 1.31423537036569 1.18311759026495 0.963753421475753 0.7518353117689 0.600104075008705 0.491677699593074 0.382880667901139 0.259863271859887 0.145619185156001
1.05752299491938 1.14716709784169 1.13613914828513 1.14068852666241 1.22289753197082 1.33313700916017 1.36989977362171 1.27587654580487 1.08026814204072 0.864754072028291 0.6903411412194 0.555032994460933 0.423413115983186 0.283271470038083 0.157348566997539
1.25807304996314 1.34624136001221 1.27077201436271 1.16486647329098 1.13669487241716 1.1861111521581 1.23091126342622 1.18925578299881 1.04408256365946 0.847141316785445 0.663082245408797 0.512495426355958 0.377234854828804 0.246657696797599 0.135259356060736
1.33457750898368 1.41098531701026 1.28350386364281 1.09103832753258 0.973379076078562 0.972422782323391 1.02579184420743 1.03150450610494 0.931297203348118 0.75053225616507 0.559052950172867 0.401178361622153 0.276508362849045 0.17338432565454 0.0929589952358503
1.31800353786518 1.36583281062248 1.19862364743673 0.962047542861369 0.810672266197679 0.80373481648749 0.8820173565313 0.924489903002532 0.847026163351378 0.664535228469086 0.457796799823211 0.291496171018927 0.177982850740759 0.102272245510454 0.0521468887703539
1.291442648435 1.2940397104877 1.0846878049854 0.827638888922455 0.684645211172126 0.71007023246099 0.830435184813875 0.905800102634191 0.838665073244504 0.644254642591243 0.415758057768888 0.233786965678168 0.120291762746874 0.0583496063092954 0.0262200338963282
1.3436317620099 1.29335176032615 1.02438727312851 0.734151518765202 0.596090540326792 0.653311284608693 0.814267628725069 0.92476748044741 0.877821145285902 0.684001793405671 0.439691950956457 0.236796538747093 0.109268675317865 0.0443002036230826 0.0160717456728807
1.5085370521458 1.40880897671839 1.06062004672901 0.70387643098876 0.533291132989793 0.587600824504469 0.766666250747891 0.912047450758551 0.906388685459443 0.740902983540736 0.49895603542755 0.27806329940942 0.128687764675923 0.0495581239780683 0.0159082571728015
1.7298194425773 1.5910703335201 1.16037537961728 0.718002152270633 0.482947730044094 0.497455999964421 0.664820463060596 0.833619902949718 0.878536356163362 0.762821293541847 0.544549583865171 0.319329270890165 0.153387333935177 0.0600492730693228 0.0190429337714665
1.88731930676587 1.72334414653398 1.23543124372712 0.727318995048663 0.431077720049582 0.392284694483231 0.524185969256046 0.691649213752194 0.771768099589649 0.707095818624924 0.529217894245012 0.322718153144253 0.159722794194659 0.0638106585906788 0.0204458076648085
1.8684860473062 1.69647172902945 1.20284948431408 0.685370535119888 0.365922014910054 0.286268237630092 0.371310830615905 0.509045850713211 0.593847768916326 0.565540886980443 0.436793540848225 0.272960190007732 0.137584457053985 0.0556802172101142 0.01799162477565
1.6323062804465 1.47301906594973 1.03498924870673 0.576674931648395 0.284792352428434 0.190380021223047 0.231358126551615 0.323021181336255 0.387784926310472 0.378310557053594 0.297666292251853 0.188609973241905 0.09602557939597 0.0391356835101977 0.0127059437626828
1.23226244979765 1.10515430023091 0.770304850598102 0.422252734645992 0.196963888863225 0.11305487949948 0.12381660248768 0.172152492930946 0.209774263736869 0.207398658318297 0.164818051332071 0.10517605734525 0.0538110171029507 0.0220035851756853 0.00715922540383478
0.788596506926994 0.703383623796875 0.486966201118541 0.263718233696851 0.117991650427778 0.058857034489771 0.055897785147262 0.0756076874613404 0.0925335291595677 0.092058166324723 0.0734891237372793 0.0470322681920941 0.0241046225256585 0.00986571446368531 0.00321136760470019
