45.1704780534892 2.68476440095195e-97 0.000575800516294602 1.20263403397453e-27 1.82580125887214e-100 1.51393266072479e-297 1.71386534709441e-09 4.34495078152397e-152 0 1.25958233551267e-74 3.61192815890017e-36 0 0 0 0
63.3785573944636 6.41588821138635e-97 0.00192541047203846 6.59183220716589e-27 1.00075128444039e-99 7.14233563231977e-297 8.08556539872135e-09 2.0498333639686e-151 0 1.729833370154e-74 4.96040130423181e-36 0 0 0 0
79.1725901099837 1.31842399208123e-96 0.00551483983287982 3.09483209906444e-26 4.69847699536286e-99 2.88623870051291e-296 3.26740060544285e-08 8.28343652448487e-151 0 2.03488689479082e-74 5.83516064670781e-36 0 0 0 0
89.0320259381075 2.32451799711879e-96 0.0135300927152279 1.24459008219001e-25 1.88949761494146e-98 9.99039204684236e-296 1.13097412964019e-07 2.8672187910179e-150 0 2.05038102210548e-74 5.87959098934408e-36 0 0 0 0
91.6257338479162 3.51298013013343e-96 0.0284332783149017 4.28720128054959e-25 6.5086944772357e-98 2.96204131316436e-295 3.35321384827252e-07 8.50098822253979e-150 0 1.76964912915823e-74 5.07457538960973e-36 0 0 0 0
88.5687744205023 4.54890586497946e-96 0.051181309599106 1.26496848637167e-24 1.92043546881686e-97 7.52242707855508e-295 8.51585240905498e-07 2.15891870634968e-149 0 1.30827202408195e-74 3.75154877141048e-36 0 0 0 0
83.7899113560194 5.04605201278762e-96 0.0789140162443552 3.19700881228553e-24 4.85359847567716e-97 1.63637620597722e-294 1.8524790084729e-06 4.69636084845682e-149 0 8.28451783246016e-75 2.37563535136384e-36 0 0 0 0
81.9961301609972 4.79488514121683e-96 0.104220990000834 6.92095865959114e-24 1.05071822984441e-96 3.04906455978713e-294 3.45172954229752e-06 8.75074287361082e-149 0 4.49360313885506e-75 1.28856774619236e-36 0 0 0 0
86.820483337043 3.90276964094689e-96 0.11790019847694 1.28335548612317e-23 1.94835003496482e-96 4.86640644693809e-294 5.50907288722545e-06 1.39664709292381e-148 0 2.08775958382428e-75 5.98677626481587e-37 0 0 0 0
99.0930441267199 2.72100996503014e-96 0.114243677028298 2.03838390956035e-23 3.09461049912282e-96 6.65286073131073e-294 7.5314495566665e-06 1.90935522984489e-148 0 8.3085368876965e-76 2.3825229600189e-37 0 0 0 0
115.922164254613 1.62497777737545e-96 0.0948217800738772 2.77321338764451e-23 4.21020555816871e-96 7.79052597930944e-294 8.81935693572067e-06 2.23586245415156e-148 0 2.83221953101577e-76 8.12155997098766e-38 0 0 0 0
131.433868809478 8.31234904217564e-97 0.067412794386956 3.23175841501179e-23 4.90635423230018e-96 7.81418021198321e-294 8.8461349891595e-06 2.24265116275192e-148 0 8.26965837592346e-77 2.37137431276576e-38 0 0 0 0
139.221876226112 3.64215758102517e-97 0.0410520501043077 3.22591398423394e-23 4.89748140085674e-96 6.71364479682514e-294 7.60026087585079e-06 1.92680011228996e-148 0 2.06826660261612e-77 5.93087896795675e-39 0 0 0 0
135.238701658125 1.36694840731552e-97 0.0214134017615008 2.75819503689952e-23 4.18740516925426e-96 4.94073535353863e-294 5.59321780371673e-06 1.41797931259264e-148 0 4.43081649776054e-78 1.27056329895789e-39 0 0 0 0
119.44077450074 4.39444331674423e-98 0.00956741858157794 2.02001901115044e-23 3.06672948653826e-96 3.11446258816894e-294 3.52576415263363e-06 8.93843366191286e-149 0 8.13053836809078e-79 2.3314808131834e-40 0 0 0 0
