6.75957706719382 5.11307103993417e-38 8.28280081003241e-220 1.61753778955552e-49 0.454173616598879 0.455723225374983 0 0 1.92519766843603e-189 2.15532908618945e-84 6.47175705921949e-12 0 0 0 0
26.449865479174 1.22543862684777e-37 2.61629948565879e-219 5.10933847608873e-49 1.40375242653753 1.41842420485662 0 0 1.42033635785863e-187 1.59011841456881e-82 3.76205995860889e-10 0 0 0 0
77.1723863417716 2.09408610243622e-37 5.89238241336084e-219 1.1507159767236e-48 3.09351601184911 3.14777973618937 0 0 7.47137116233297e-186 8.36447282474379e-81 1.55927404554708e-08 0 0 0 0
168.724908956692 2.55147157206444e-37 9.46210196366728e-219 1.847842033859e-48 4.8607965815801 4.98076173784471 0 0 2.80222271765876e-184 3.13719065235376e-79 4.60799943738585e-07 0 0 0 0
278.255021263391 2.2165634285237e-37 1.08337186548705e-218 2.11570333846975e-48 5.44572561605256 5.61927684738312 0 0 7.49373304158805e-183 8.38950776508811e-78 9.70947203035196e-06 0 0 0 0
350.078610260269 1.37297561298807e-37 8.84424393892537e-219 1.72718131455381e-48 4.35008050771309 4.5202069797466 0 0 1.42885123966657e-181 1.59965113566391e-76 0.000145872035424551 0 0 0 0
343.513110819448 6.06371405796986e-38 5.14798298132547e-219 1.00534314457938e-48 2.47760497217843 2.5925637493202 0 0 1.94253585879634e-180 2.17473982338186e-75 0.00156257798429384 0 0 0 0
274.807950265667 1.90944799145036e-38 2.13651881946947e-219 4.1723808260637e-49 1.00614381886691 1.06021464045536 0 0 1.88297391344831e-179 2.10805805072891e-74 0.0119345099126342 0 0 0 0
194.748884907022 4.28716486097041e-39 6.32221954497148e-220 1.23465833145127e-49 0.291327373454611 0.309137279188416 0 0 1.301405963524e-178 1.45697149550484e-73 0.0649921206930771 0 0 0 0
138.879664971611 6.86318594350177e-40 1.33390731357975e-220 2.60497087514928e-50 0.0601444771030437 0.0642690963626327 0 0 6.41319598324799e-178 7.17980707371035e-73 0.25235392108051 0 0 0 0
114.621667451646 7.83383782351572e-41 2.00666541044413e-221 3.91879173099976e-51 0.00885326459122262 0.00952678221816936 0 0 2.25335419282319e-177 2.52271229749837e-72 0.698638695824252 0 0 0 0
118.203987844065 6.37553476095005e-42 2.15237285318223e-222 4.20334196980654e-52 0.0009291896518355 0.00100689343987327 0 0 5.64517801431394e-177 6.3199829141972e-72 1.37907677930063 0 0 0 0
140.38272554485 3.6995754570833e-43 1.64608886579533e-223 3.21462631597453e-53 6.95342084923747e-05 7.58776750976733e-05 0 0 1.00836799192944e-176 1.12890478636073e-71 1.9409640237898 0 0 0 0
158.738019448897 1.53066584544e-44 8.97598832615861e-225 1.7529095108245e-54 3.71010240163389e-06 4.07697219979884e-06 0 0 1.28426217652549e-176 1.43777839997437e-71 1.94777934347528 0 0 0 0
147.317416311016 4.51546129405934e-46 3.48983192370675e-226 6.81524902657994e-56 1.41145328259557e-07 1.56190535844703e-07 0 0 1.16622289420242e-176 1.30562911334526e-71 1.3936549320231 0 0 0 0
