42715.6623875824 0 0 0 0 0 0 0 0 0 0 0 0 0 0
80107.5204513763 0 0 0 0 0 0 0 0 0 0 0 0 0 0
123232.114383055 0 0 0 0 0 0 0 0 0 0 0 0 0 0
160796.185282053 0 0 0 0 0 0 0 0 0 0 0 0 0 0
183836.995044572 0 0 0 0 0 0 0 0 0 0 0 0 0 0
195644.39078458 0 0 0 0 0 0 0 0 0 0 0 0 0 0
210153.865438759 0 0 0 0 0 0 0 0 0 0 0 0 0 0
230785.311486288 0 0 0 0 0 0 0 0 0 0 0 0 0 0
243628.520342172 0 0 0 0 0 0 0 0 0 0 0 0 0 0
240469.326835378 0 0 0 0 0 0 0 0 0 0 0 0 0 0
228856.470592332 0 0 0 0 0 0 0 0 0 0 0 0 0 0
215096.334169457 0 0 0 0 0 0 0 0 0 0 0 0 0 0
194300.245935376 0 0 0 0 0 0 0 0 0 0 0 0 0 0
158446.853851473 0 0 0 0 0 0 0 0 0 0 0 0 0 0
108862.059816814 0 0 0 0 0 0 0 0 0 0 0 0 0 0
