3.9385378613986 0.991563070927383 0.0165766008687427 0.0649960466326525 0.355928823652824 0.205944153500647 0.636519506696683 0.358577826374307 0.0188648335954914 0.00150752439369761 3.2239196925769e-05 4.49231341295401e-08 3.96807063029513e-12 2.2212926307865e-17 7.88039928785281e-24
6.08221272877828 1.53132021952068 0.0252591280991823 0.0711246401978816 0.395790368916079 0.225806899313988 0.645649098145051 0.372774178847971 0.0338258547168962 0.00644839840920056 0.000140842592046183 1.96291439741087e-07 1.73384967219391e-11 9.70594507377719e-17 3.4433429255355e-23
7.7717927723349 1.95724605411989 0.0320202849127501 0.065485979380958 0.385551434914742 0.222140584127166 0.492368102685065 0.29743424653106 0.0723790918111732 0.0209020118763028 0.000458877827254255 6.39563584296452e-07 5.64929134991532e-11 3.16242593496883e-16 1.12192237727014e-22
8.44106902887229 2.12859582300028 0.0350683729351247 0.0641355590575377 0.424189704895679 0.257536393046905 0.290194501840589 0.19983180274391 0.154375348917666 0.0507247690380829 0.00111487585499952 1.55387733156698e-06 1.37254624952341e-10 7.68339882485272e-16 2.72581152949967e-22
8.16687515250125 2.07081423916877 0.036478337915689 0.0826495541162516 0.593328745093906 0.383739738637111 0.154861277425051 0.153170511963817 0.272528598935385 0.0918914852888639 0.00201981477654615 2.81514186211927e-06 2.48662607358117e-10 1.39199242169275e-15 4.93832101928455e-22
7.51464395764766 1.94225429798065 0.0446580657841224 0.125392262770393 0.868382103303415 0.590774768550687 0.124010618182903 0.183599283019595 0.371995917848426 0.12419249415426 0.00272866918819334 3.80307073198376e-06 3.35926651582717e-10 1.88048920692843e-15 6.67134334236168e-22
6.95343092623806 1.89057461586477 0.0775631203628824 0.194768429167963 1.15253534477627 0.819418432461933 0.172607634259453 0.270434857119964 0.388486095115584 0.125234471484169 0.00274882427468168 3.83106181285579e-06 3.38398884822951e-10 1.89432852790305e-15 6.72044059629236e-22
6.56573845358485 1.96490666576624 0.16156575471885 0.298489829181133 1.36719786887994 1.00102851666219 0.247694984579924 0.360051601413371 0.314235078211511 0.0942736904824715 0.00206493370957243 2.8777609823621e-06 2.54193168039661e-10 1.42295194787279e-15 5.04815499909859e-22
6.22973677657568 2.11786422482377 0.312193719043227 0.425740411671071 1.47032380982572 1.08198035618889 0.291124936169342 0.38705582893418 0.202134332306415 0.0530396476053325 0.00115675564383883 1.61191237922582e-06 1.42380109284773e-10 7.97031801343198e-16 2.82760079887554e-22
5.84604607323108 2.23460454523674 0.504908010799737 0.522260282198081 1.43452149461288 1.06430358274574 0.278048767536723 0.323597637694188 0.107029810950315 0.0223559276314684 0.000483260343666772 6.7325564999389e-07 5.94682674656145e-11 3.32898276352375e-16 1.18101113002611e-22
5.38288896224123 2.20546236757151 0.683026921019155 0.527592138542059 1.2814862610625 1.04093665541997 0.245774804291991 0.210307678546114 0.0479633746359825 0.00709340187942672 0.000150585055688041 2.09687204077436e-07 1.85213144199705e-11 1.03680701064075e-16 3.67824256250419e-23
4.83550031727597 2.01746510344067 0.807108486245267 0.444920721955032 1.10471095492419 1.11917174498428 0.26116060209356 0.116047707555429 0.0183515094826021 0.0017103101185503 3.50075672750082e-05 4.86990243637066e-08 4.30139133924487e-12 2.40787971392166e-17 8.54234723118301e-24
4.16010235617118 1.72880723625921 0.863183292596776 0.3364408989731 0.981284829547801 1.27394807268097 0.349566443738273 0.0753372224561369 0.00615895748946675 0.00031906076510176 6.07527552146013e-06 8.43395620154154e-09 7.44898167113844e-13 4.169866383626e-18 1.47932826883221e-24
3.27773940805672 1.36768391865164 0.821443624509682 0.247528886070517 0.87943488483024 1.33430263037317 0.457861707062001 0.0744040894791474 0.00223157555985542 4.78399386594801e-05 7.87969466761847e-07 1.08922679128168e-09 9.61913437389604e-14 5.38468109071397e-19 1.91030350523554e-25
2.22755450917032 0.946717291171696 0.6570689983047 0.175737977005954 0.71520030748527 1.15950693737322 0.493555474234747 0.079823792118492 0.0012704191382081 6.56289674449471e-06 7.65951861580053e-08 1.04908033892947e-10 9.26247218720739e-15 5.18499510450895e-20 1.83946136185965e-26
