2.7293043946475 0.67048275325329 0.00765461715930212 0.000853121206675796 0.000153286460855901 6.27817353855599e-05 0.000158053437143166 1.48382718037017e-05 0.000998316722923845 0.0119545136466375 0.00435980296385674 4.84349197682521e-05 1.67417314096207e-08 5.18785248041985e-13 1.03585115910093e-17
4.4795930008317 1.04494556584853 0.0116370561148025 0.00515795068136797 0.000939093382009659 0.00042714041784271 0.0010763241362295 9.2955404129504e-05 0.00359336697353363 0.0430278325634754 0.0156923702490333 0.000174488867053573 6.52491593696785e-08 6.69075268450359e-12 1.79271312484864e-16
6.48673929793379 1.42684655663696 0.0173067812853862 0.0242453578244206 0.00448372137217761 0.00225188692040272 0.00567689035591611 0.000468436940162503 0.0100181813435002 0.11994778547362 0.0437472998775665 0.000488537523956538 2.49108377137859e-07 8.35987302766713e-11 2.41123548102361e-15
8.52256963320939 1.78016912717507 0.0300559188619915 0.0884933685736102 0.0167639010591217 0.00920160117110372 0.0231906419435085 0.00187464375906586 0.0216382558955271 0.258977606670821 0.0944751757943735 0.00107692047785578 1.23945254600608e-06 8.58158694111736e-10 2.51444701920937e-14
10.1971105610461 2.06589621980996 0.060545799573704 0.25105952645842 0.0494883676295534 0.0291557978568904 0.0733787139836763 0.00593908181605362 0.0362460024481733 0.433083757788201 0.158159304420246 0.00198016286747622 7.75155510170377e-06 6.91635150421446e-09 2.03235992649619e-13
10.914287033631 2.20740396601414 0.119585851126192 0.555129987363044 0.116898068008804 0.0717107701461384 0.179864823635837 0.0150654847003772 0.0473449550263973 0.5610494118518 0.205962897230068 0.0036928400474488 4.57119261970543e-05 4.3348946918192e-08 1.27366463913857e-12
10.2374688834435 2.14705935044135 0.20838684847002 0.961609729125083 0.225226808276255 0.137285358024582 0.341702020320059 0.0317758310094192 0.0495885615539758 0.563730227488407 0.212200433661829 0.00922687369022901 0.000219993750031802 2.11040091924819e-07 6.19319626233485e-12
8.40350872674929 1.94250746206504 0.316823753647273 1.31726311549696 0.36211631554913 0.206265437415173 0.503918104958078 0.0601800990659078 0.0471737606283963 0.442820514096215 0.186780652809161 0.0282609411852525 0.000833058818360235 7.9898812863833e-07 2.33944611910376e-11
6.32578473949467 1.7450261517839 0.43705757459968 1.45091720292986 0.495533690314205 0.249846527744352 0.579977210776747 0.111718649965506 0.0562595674125908 0.286098399343768 0.180291506763817 0.0801605546506596 0.00246963336638855 2.35836918719329e-06 6.87920856401038e-11
4.95793364131539 1.65512694934353 0.569054421323398 1.32213722667277 0.58319558178004 0.264766658566933 0.530507426034327 0.205401621733969 0.0962340083528462 0.195636715925928 0.25194032442745 0.186680983395736 0.00575234387787678 5.45028193828378e-06 1.57994776339957e-10
4.63089361066353 1.63526456226459 0.693819679553218 1.04612087581287 0.594335176490459 0.291499579200907 0.408494974760107 0.34497264276036 0.171756166202066 0.225071562422914 0.425863518944285 0.349064158861477 0.0106087999781903 9.92718743205857e-06 2.84922900531895e-10
4.95871618437851 1.57868714683572 0.752300957818955 0.782062364725711 0.539516202867242 0.377001579383168 0.304586873062168 0.486084132755252 0.257122618428628 0.36153705814375 0.66317888821597 0.527127718655857 0.0156656100092259 1.43882554915136e-05 4.06694415693117e-10
5.2588201035431 1.42115463339948 0.687853109371486 0.627556411721686 0.47124004632915 0.509041423704472 0.25875194757994 0.548005631049126 0.304880548184368 0.527739613066902 0.868456182478553 0.65103396266859 0.0187773913907453 1.6805608714113e-05 4.64635266693939e-10
5.01771102663857 1.16769684107843 0.514230684406969 0.585027196054766 0.431832394314609 0.602709409088502 0.241667209775166 0.484477253940196 0.283476645064696 0.614512627760284 0.938438468329433 0.665014148573999 0.0185167051250968 1.60424766118691e-05 4.30720546503996e-10
4.11951249275872 0.85924031248887 0.312034416771555 0.579087886807207 0.407011319667988 0.575189616595177 0.208439948241597 0.333344248116412 0.206630094014744 0.558062011978434 0.830501360350438 0.564261968743794 0.015152194329348 1.26631123931327e-05 3.28383093872284e-10
