0.389824843416332 0.3762922203735 0.32435446211407 0.275162053184993 0.264053802194841 0.306594274664502 0.397219637243645 0.508363105517039 0.593027927409923 0.604287189095255 0.526023975792087 0.386433637707741 0.237893217121952 0.12218379805916 0.0522021809739207
0.700292444417708 0.682829968402684 0.598506266277151 0.517382291035218 0.497251871215736 0.559931581293101 0.69155247038689 0.845472241029204 0.950046470649855 0.939665273863016 0.798421739070531 0.574792532264118 0.347738290673694 0.175885854240036 0.074124783059621
1.07952729268349 1.05974503884604 0.938278494002321 0.818272797571213 0.781822430249645 0.854686851800351 1.01039590165059 1.1817395456718 1.27749142430455 1.22343380227774 1.01204779863718 0.71228413649429 0.422586552517487 0.210096488634098 0.0871840245982084
1.46886231733516 1.44212519078444 1.27451661020475 1.10312617852751 1.034538151418 1.09637050350488 1.24681151106865 1.40027628231611 1.45695437651163 1.34880196772817 1.08369084456849 0.743946964004369 0.432007237470588 0.210783489279964 0.0860123123184902
1.8006982624551 1.75385443190353 1.52527851257032 1.28428224981188 1.16172005092338 1.1872267772647 1.30439580946523 1.41432066846985 1.4198236074365 1.2701628805899 0.989440287779241 0.661209963923572 0.375192097542451 0.179449532089015 0.0719560101804515
1.99775898605672 1.91862809065464 1.62348265327186 1.30591671188213 1.11669061739391 1.08884112652376 1.1572184073469 1.21804926602909 1.18460586525074 1.02544996249447 0.774079019219089 0.502930685069004 0.278559842118644 0.130538462190292 0.0514458740960189
1.99605804344193 1.88641446027212 1.54556248116367 1.17400879130962 0.929918851354581 0.849612461301806 0.869150639047245 0.891406300124906 0.84442507619062 0.710278915011549 0.520949653643182 0.329707670635845 0.178629542952057 0.082259866649912 0.0319946355722778
1.80970999817015 1.68514709100959 1.33825099646845 0.956257972281304 0.688810323099193 0.573347116918384 0.556328243458708 0.557151211904103 0.519561995390694 0.430769639856205 0.312151802507295 0.196173751739546 0.106279488468214 0.0493194643739955 0.0194743815623571
1.55365577869472 1.4298931577028 1.10650677431457 0.747426626838044 0.485238653231613 0.356597482354236 0.321730781346528 0.31902656032007 0.304645913099869 0.263688347814325 0.202732564495631 0.137107814698976 0.0807717157958093 0.0409937247190595 0.0177317934206627
1.35766268608959 1.2405378682632 0.944517898194307 0.614735746950614 0.369696722269418 0.245209874861342 0.212313614989479 0.22305082928342 0.239356935426586 0.238889066532208 0.212888363113453 0.165267992031423 0.109719416450175 0.0614592354573647 0.0287837069900066
1.25135825317249 1.14094845976474 0.865614896167109 0.560933824068057 0.338023383692934 0.2319429814379 0.218820715899223 0.256536946443521 0.306600514267818 0.336652090147928 0.324133320225141 0.266685168690406 0.184582251680627 0.106470515950516 0.0509074462325323
1.15164277486745 1.05191705961021 0.803946033443522 0.534865289970231 0.348317763873719 0.27610759189497 0.294663559215413 0.363004622134869 0.440693721767404 0.487940200684253 0.473085034926253 0.391564660003371 0.272313530107236 0.15765287295826 0.0755889118983442
0.965336021589646 0.88573801595298 0.687450881897011 0.479867596829364 0.350690627726261 0.323707957451593 0.373680549645647 0.461025244048405 0.547388897468094 0.593772067555507 0.567996713225433 0.466558240444687 0.323195885340505 0.186759061154833 0.0894712708294099
0.689505584474473 0.637216717695253 0.506279821482443 0.377675203900137 0.314328350342808 0.328862059003444 0.395636877210182 0.479906733372887 0.551341766319166 0.580872862665253 0.544605996630167 0.441972912319243 0.30411938054285 0.175114910922785 0.083742054864822
0.405175635725721 0.378494224760535 0.310973431183302 0.252580608478662 0.24019846954783 0.276722129742849 0.33953279046614 0.402189044665803 0.445425358044394 0.453802240894866 0.415259706912918 0.331923268526791 0.226424579400118 0.129769620437568 0.0619068310097219
