0.664660817864374 0.631818062241977 0.503795814183459 0.393364689116422 0.30025533020111 0.204786380574009 0.147798586544476 0.164618345873852 0.214057557353397 0.21623976542748 0.151020019994516 0.0713728571884915 0.0227348579966609 0.0048766775163794 0.00070426616514073
1.23211473576341 1.17495814668704 0.936678828151127 0.730382626067615 0.561565073201782 0.389201887908526 0.279716669202487 0.296958767763242 0.373367880032356 0.372575418165197 0.259110673102445 0.122281573815727 0.0389373263121691 0.00835386829235471 0.00120742030283926
1.95538972242004 1.85466141185435 1.45457863621609 1.11290504069743 0.856268847778087 0.606674799790645 0.439189917861744 0.442365498360711 0.529195215444271 0.516658517354414 0.356298488668425 0.167624311847011 0.0533372254613957 0.0114558620933835 0.00166290703179277
2.64332320301604 2.4766788579145 1.8873300918933 1.39706053125433 1.07203516480889 0.785069022481901 0.583097829164341 0.556980910012748 0.619612536717555 0.581800547780697 0.394599005572894 0.18451626246633 0.0587193452481816 0.0127111730795398 0.00189336001905405
3.04565880062334 2.80476677565631 2.05746908940754 1.45570906748215 1.11287756621456 0.856692065510886 0.670028156520764 0.61235725206686 0.616828788001311 0.541465855811172 0.355767987906686 0.164836096813427 0.053057258571729 0.0120607451384233 0.0020546756601069
3.04411918786856 2.74375214168033 1.9207372585279 1.28006497257646 0.973595747833342 0.806931207191943 0.686834299153119 0.6140882372328 0.549529687263757 0.43354037341455 0.269674698468976 0.125088664532833 0.0436417689657834 0.012363465426913 0.00312082757711797
2.76543726799229 2.43106338335897 1.60884988370968 0.987651331318616 0.743059667748246 0.685496729540111 0.65840015126162 0.595265689481883 0.476906693367032 0.327832871131962 0.190982472598504 0.0965536055332207 0.0452910786325266 0.0198968963312219 0.00734023753705477
2.4592876444668 2.10973693945608 1.3147224948844 0.725566200543755 0.534338959867083 0.569796600874844 0.631502597767435 0.59353648997085 0.444634213992736 0.27416392094146 0.160611611742437 0.106315339705857 0.0738628498678673 0.0426976402722393 0.0178806902853186
2.27296277185837 1.9198257552552 1.14251866264092 0.569065538968437 0.408811975684685 0.507475234288211 0.634493540451805 0.620492924794555 0.45670685177934 0.276422967653162 0.184566157720149 0.161361698679289 0.135311059140382 0.0844020345993963 0.036285670313525
2.18030612318666 1.83668084548316 1.0721854040397 0.503095814764642 0.355170905327253 0.486166632464348 0.647649544235135 0.646585542420783 0.47805460094382 0.301489396173703 0.235281908677014 0.239272132192606 0.212879278505934 0.135141274146444 0.0584032576111673
2.09275959386196 1.77186101733508 1.03332774909651 0.473874684354041 0.326781975019223 0.461299410514438 0.628310449263496 0.631425059518015 0.469737101663439 0.309949772695339 0.269922317424315 0.294794853999654 0.267723650631111 0.170795628315178 0.0739032591736188
1.96465056574115 1.67118957187417 0.976604757927123 0.441064998512397 0.290811450633264 0.409025166567289 0.563999702874156 0.57023812471281 0.42537542417491 0.285505680822771 0.2592138914823 0.290280822257082 0.26542938804966 0.169593142652509 0.0734089649968754
1.79024665640725 1.52137750583398 0.88581657067821 0.391596010878311 0.243384795717603 0.339811114862424 0.478247004825341 0.490134335334478 0.365179725503304 0.238122569769522 0.206562047195245 0.227058626009774 0.206978519952724 0.132203499225783 0.0572241799498017
1.56188693542216 1.31847307727564 0.760142776888758 0.327444807649153 0.19230695366416 0.26898605493794 0.389410537252647 0.406530225524714 0.301595358472877 0.183765726531021 0.1387041252175 0.141553008076917 0.126988797783874 0.0809043531572989 0.0350060263367054
1.26728924050806 1.06033628428008 0.603995681317324 0.253686874456338 0.141669237540584 0.198590509169386 0.294661526416979 0.312473532830503 0.230631087082846 0.130326638117241 0.0804308710809116 0.0710004412895629 0.0614057932816856 0.0388783384370442 0.0168056169311955
