0.563362227476364 0.474452220684346 0.288744959566669 0.148460054781193 0.0966598907341364 0.0938711871948737 0.100203723111396 0.104579000652484 0.106582447266346 0.0973970199738534 0.0707718769574642 0.0379592672153304 0.0145636509088684 0.00395613899485104 0.0007601104356757
0.76210025211512 0.653179628339318 0.424007584024561 0.265584472478583 0.227747227016057 0.245848370763309 0.262355731752464 0.269513496233562 0.271292745165156 0.246488014999525 0.179418467145466 0.0971132511251415 0.0378891786193802 0.0105615921884853 0.00210620468800371
0.912790397017963 0.808494800134063 0.578060668908055 0.445349645779569 0.455281636283492 0.511883095607276 0.541419904052261 0.546991744910971 0.541455529187505 0.487359779083579 0.355781732591971 0.195647806804506 0.078579060783244 0.0228739394358417 0.00483869393733866
1.06825598688281 0.991014226191116 0.779236531899498 0.684517243902391 0.749894762700161 0.849876840438663 0.89291653432133 0.890080428906677 0.864194871862626 0.768768524407664 0.564977787658468 0.319154681702286 0.134221792130641 0.041637120805903 0.00952150744534155
1.31969253611125 1.27724417404793 1.05279141645145 0.942763542609911 1.01955327821961 1.14520825501334 1.20214535398508 1.18793067639618 1.12971814038319 0.992194641881587 0.738488446363347 0.434238390883583 0.194327625421438 0.0650764506564562 0.0161500236890462
1.69754503840898 1.68054756481872 1.381753980562 1.1693261077724 1.1854075209228 1.30269386969999 1.36876499340141 1.34171790043919 1.24503158030246 1.07610685298619 0.81385656649257 0.502100715799879 0.240417912214144 0.0866575107788368 0.0230371481018361
2.09473211702858 2.0831367666352 1.68083255737586 1.33328910446677 1.25534543885422 1.3360242066657 1.39263588512577 1.34205042229909 1.20165782708898 1.00863898815337 0.76733501928478 0.493036134600378 0.249967610018366 0.0954193412463248 0.0266358296919583
2.30083136446994 2.27914887272152 1.82387598769386 1.41657689480363 1.28827356746829 1.32680125611474 1.34600039597033 1.25415683517078 1.06603475351144 0.845328635796141 0.625182911910468 0.406036975640652 0.212638749937947 0.0841315980987089 0.0242119868978276
2.17946137924987 2.15303233194614 1.7505598608507 1.41331061851323 1.31025013477805 1.31158804788042 1.26860124638548 1.12680632047544 0.901895578530488 0.65753312063159 0.448144752363322 0.278747536153722 0.145175122254159 0.0581240665345258 0.0169821090620603
1.82562179443043 1.81483859866608 1.54159950704222 1.34671701474711 1.29780411965935 1.25352807701688 1.1342545322814 0.950371236262468 0.719762442854998 0.481347891717672 0.290190346463024 0.161730943745418 0.0794101166481841 0.0312067689336788 0.00911189063028031
1.4910199626158 1.50405922632398 1.34467856279781 1.25357032538489 1.2193791285868 1.11113151161801 0.920183465831585 0.714656569439019 0.513317398510411 0.320979395176679 0.171514209357148 0.0817789921788583 0.0354897157280094 0.0130981166124721 0.00373877866858087
1.35255324354814 1.3755913390165 1.24758370775544 1.15883125069571 1.07589674829234 0.89826558467594 0.663071774744902 0.462279457239109 0.309968174870834 0.183951384522686 0.090004915312779 0.0368584660710488 0.0134523573430919 0.00439533220665338 0.00118344075282533
1.38593951640761 1.40560942570728 1.2406405080348 1.07724258377927 0.908163029338322 0.675025784821778 0.431532405581757 0.257597629811201 0.154521244593672 0.0864171860261893 0.0398722699200337 0.0146142066962033 0.0044771036216374 0.00122652570043694 0.000295269392576866
1.42693899138118 1.44766299653183 1.24334214395923 1.00190619811976 0.756417651303734 0.493327852079991 0.267632272865269 0.129820984918148 0.0645486693803991 0.0326235419223151 0.0142819559584722 0.00488405814310914 0.00131023816103329 0.000296925025940707 6.03031036703696e-05
1.31374966598546 1.34510636958113 1.14815299146127 0.886637348905742 0.616615015698328 0.35950719956763 0.167504709926561 0.0647605245228494 0.0243115226612923 0.0100743892126123 0.00405304455302589 0.00131769976913948 0.000325411352149129 6.32936978453682e-05 1.05566466623392e-05
