36.7595451095336 0.0658989904048004 1.35977579446497e-108 6.46688338957739e-192 4.67025261406629e-22 7.45559350346747e-09 0.00549427153673375 1.65713225781395e-05 3.61724622456948e-51 0.259264231051066 1.61181576758088e-05 6.47020129735955e-14 1.89658144763601e-21 2.2188556663091e-187 0
78.7001030955913 0.159492375696104 3.29100121960123e-108 3.40785951686508e-191 2.4610873365462e-21 2.55971096517033e-07 0.0246261005455997 5.63691749503508e-05 2.56494868091992e-50 0.425328383002338 0.000153517796244039 6.59406297943218e-13 1.72377473642077e-20 2.01668499189166e-186 0
127.519621980285 0.256667185708354 5.2960904835411e-108 1.19408420291585e-190 8.62343502137561e-21 5.84340855966813e-06 0.0752908628506496 0.000137714698658577 1.20937091188813e-49 0.463952440578743 0.000972229223063666 4.46843047408331e-12 1.04173232552481e-19 1.21874738158447e-185 0
161.529065460148 0.274654222433148 5.66694979946418e-108 2.78198534760804e-190 2.00909364825481e-20 8.86968490508444e-05 0.154667462124187 0.000236372990859463 3.79168501255194e-49 0.336509652614944 0.00409397541371444 2.01336973089983e-11 4.18599192299643e-19 4.89729133913121e-185 0
163.432730830691 0.195480765362924 4.03190184128396e-108 4.30964343451245e-190 3.11233747488657e-20 0.000895193143496236 0.212146731098615 0.000288589745124372 7.90530323133381e-49 0.162324744824324 0.0114627390403197 6.03196317017534e-11 1.11842598102373e-18 1.30847311009767e-184 0
133.861674640448 0.0927159616839378 1.90737967865407e-108 4.43909517949069e-190 3.20582493758223e-20 0.00600747425632263 0.193801568120143 0.000268323065298537 1.09612111109082e-48 0.052197884937815 0.0213401858106181 1.20160144828376e-10 1.98693071897615e-18 2.32455742402156e-184 0
92.1932719682688 0.0297032927973312 5.99971979648163e-109 3.04028430495081e-190 2.19563284726882e-20 0.026806104454342 0.117795049085435 0.000215249722209452 1.0109432718665e-48 0.0114903316272461 0.0264164590906852 1.59158127481334e-10 2.34706337877761e-18 2.74588517338843e-184 0
60.5291546908473 0.00701969173952688 1.25484880315636e-109 1.3845253733379e-190 9.99896770323867e-21 0.0795320374988944 0.0476183451596067 0.000159619119741211 6.20384950421131e-49 0.00222086424392759 0.0217429079130425 1.40172821338912e-10 1.8434591828459e-18 2.156706667444e-184 0
46.7288136811234 0.00177970937738233 1.74509248936237e-110 4.19249328649913e-191 3.03081407262699e-21 0.156897898827476 0.0128006412750931 0.000100284715752996 2.53464363459258e-49 0.00085455628775714 0.011899460325647 8.20853065450554e-11 9.62739633232669e-19 1.12633195534064e-184 0
44.9400288661977 0.000696364101649952 1.61366029795128e-111 8.45879542663352e-192 6.41647552037472e-22 0.205806346192927 0.00228808877746492 4.70214231470635e-05 6.90180691389352e-50 0.000521215086839627 0.00433015577452698 3.19619781261923e-11 3.34311096135269e-19 3.91118488949867e-185 0
45.9692356579102 0.000276847064961264 9.92138708994207e-113 1.25084582178531e-192 2.94729866775803e-22 0.179501058207572 0.000271948923475595 1.53208025291197e-05 1.25503263265401e-50 0.000247101736381894 0.00104772278996227 8.27500931683828e-12 7.7189699123182e-20 9.03060617268241e-186 0
43.6636142375586 7.97990872007164e-05 4.05601255433318e-114 6.34550213525326e-193 9.48600281852928e-22 0.104097878786313 2.14917147772811e-05 3.37256353441087e-06 1.5294423394501e-51 7.90698948190974e-05 0.000168560525791068 1.42452458477388e-12 1.18504412235005e-20 1.3864112553564e-186 0
36.3138910762988 1.54931285096107e-05 1.10253606049085e-115 1.57411060431848e-192 2.76493707891055e-21 0.040140554063559 1.12933410346339e-06 4.96582895697987e-07 1.25687554763155e-52 1.68454098833964e-05 1.80315051295601e-05 1.63056464743259e-13 1.2096961793048e-21 1.41525228210397e-187 0
26.3998544163233 2.00373077582471e-06 1.99275051892698e-117 3.06240302990097e-192 5.39831817599061e-21 0.0102918029541291 3.94585243745054e-08 4.87334688816144e-08 7.03763102730974e-54 2.38653505624193e-06 1.28255116090879e-06 1.24100265678958e-14 8.21078562438971e-23 9.60599305146366e-189 0
17.7422382438654 1.72352304253592e-07 2.3948574891279e-119 3.97590321160806e-192 7.00911453818411e-21 0.0017545517561575 9.16697426591046e-10 3.18332353514839e-09 2.72776380672901e-55 2.24814813647395e-07 6.06574337263309e-08 6.28020783467155e-16 3.70561020278161e-24 4.33528135890149e-190 0
