0.689635770840997 0.62234639954329 0.387368731053865 0.19169376369344 0.079143006594203 0.0627475263894704 0.103352562505773 0.167439387127478 0.22389669127786 0.24895855932552 0.218843565811582 0.120075111281089 0.0347801990206813 0.00500865179273502 0.000352482070332994
1.15660591257322 1.16857360859327 0.849127287320667 0.47185629455272 0.211400857375072 0.180456741845219 0.27478734385631 0.382349508535409 0.45333156271811 0.465024732457637 0.385385935180083 0.203769611075096 0.0577894720933849 0.00822359390034499 0.000574920704550637
1.79289770400447 1.91502304327257 1.4614958890541 0.831713235588897 0.385156083070565 0.346664409462612 0.504567737259507 0.620877637440234 0.656244820032524 0.626144189458686 0.485123828105745 0.241519670246671 0.0656802644518358 0.0091176008173344 0.000630074881943993
2.69685786472762 2.82133944838435 2.0356311348638 1.09116414055153 0.492827010341845 0.446206966364089 0.633282125046112 0.72064738933648 0.706657254375221 0.653822300697276 0.481051263835621 0.222697979726866 0.0572722103739397 0.00778031682967565 0.000546363605275697
3.74814775471452 3.73091066774997 2.43416433191493 1.165966153115 0.483494966989401 0.400985895732347 0.547941707867759 0.602084462646385 0.591324334002593 0.579319268579819 0.436930336070888 0.202959050465855 0.0542799757155841 0.00817219725138309 0.000673354663680185
4.48525796573598 4.30939502430039 2.60563399000472 1.13717702730234 0.446056030298226 0.317096177298916 0.380404814113662 0.405769882254837 0.442575188405139 0.516827979375091 0.451091580587371 0.245134674736069 0.0789190394976014 0.0142827888155541 0.00137023107112023
4.58782020536826 4.35070119353693 2.55269499873398 1.09795333452843 0.496406993219865 0.381620045691108 0.388242978721895 0.370631075579539 0.432905444584958 0.577252314585885 0.566697645383057 0.348311004100806 0.124846354421665 0.0242981939743251 0.00243130611733316
4.28335870833189 4.06308004345666 2.38397897382025 1.08151831031455 0.641271857958337 0.634796572570416 0.661479032891297 0.579370498634373 0.586423044828783 0.709795881888118 0.670862424098071 0.411233540235273 0.148806657162858 0.0292086238613856 0.00293736391417818
3.82515655444326 3.63825471315795 2.16229695606178 1.05537098417668 0.763604456208749 0.892598785638878 0.990838762469978 0.843553228095615 0.72508400907212 0.728464747053924 0.606331382961844 0.344480987102011 0.120158103193975 0.0232313620573734 0.00232242607080843
3.14954637257043 3.00872726468545 1.83406196128148 0.963290056009515 0.761810433115126 0.944564988138662 1.06565198661294 0.879549308075521 0.671167003219749 0.572273306911871 0.409464567273391 0.205045639195122 0.0659711635397957 0.0122458736769644 0.00120201360471354
2.38776615176865 2.2901603117948 1.42873871450023 0.794566633074461 0.651078371408181 0.788882536530447 0.835699166177925 0.646850128153226 0.470616799324627 0.389983743499689 0.259712465344832 0.111688663483174 0.0299082084472282 0.00480412679179215 0.000432425390919077
1.86550866080611 1.74840554484445 1.04903255206963 0.570399228155801 0.477228736195844 0.549141595573892 0.509172889646085 0.360024079120385 0.303332431941137 0.32486665267731 0.242652091418694 0.0989135231249385 0.0213163780861018 0.00248191008328366 0.000161654743121064
1.60967530270339 1.4087900909736 0.740529087138494 0.341525754619085 0.279224036422299 0.31110098857343 0.252468794334647 0.174660450721277 0.226123229743255 0.330800145070107 0.274488955500329 0.113817331478532 0.0232272331331735 0.00233885618710347 0.000117687208045748
1.3744779331145 1.10891865690112 0.495533140689665 0.170971108572741 0.120668756749414 0.132130602147984 0.0999010926336012 0.081865578825681 0.166711560793447 0.279392315127507 0.239422211464397 0.100169596523414 0.0203685750052995 0.00201247820401741 9.67402124745963e-05
0.994739024579895 0.753454009095926 0.296997858409916 0.0752021929143728 0.0373549345262025 0.0392224726990413 0.0297166230721426 0.0343094152612688 0.0926203408665849 0.16176917321101 0.139671146675071 0.0585701247996594 0.011913032940206 0.00117511943682815 5.62205149197881e-05
