1680.51118235378 0 0 0 0 0 0 0 0 0 0 0 0 0 0
6108.53663113517 0 0 0 0 0 0 0 0 0 0 0 0 0 0
14054.5524142425 0 0 0 0 0 0 0 0 0 0 0 0 0 0
23049.8934138722 0 0 0 0 0 0 0 0 0 0 0 0 0 0
32617.2641025761 0 0 0 0 0 0 0 0 0 0 0 0 0 0
45101.1296785471 0 0 0 0 0 0 0 0 0 0 0 0 0 0
61085.4951500736 0 0 0 0 0 0 0 0 0 0 0 0 0 0
76137.250490304 0 0 0 0 0 0 0 0 0 0 0 0 0 0
77306.0246094222 0 0 0 0 0 0 0 0 0 0 0 0 0 0
59516.0908767467 0 0 0 0 0 0 0 0 0 0 0 0 0 0
36092.4060037236 0 0 0 0 0 0 0 0 0 0 0 0 0 0
18169.4419105326 0 0 0 0 0 0 0 0 0 0 0 0 0 0
7104.23126454473 0 0 0 0 0 0 0 0 0 0 0 0 0 0
1896.16847909677 0 0 0 0 0 0 0 0 0 0 0 0 0 0
317.028081703348 0 0 0 0 0 0 0 0 0 0 0 0 0 0
