11.9174580054604 3.88267131432921e-05 0.000820950925411675 2.87493796845272e-10 0.00894014802191115 9.98013676969227e-08 2.88910852249939e-16 0.320631211499884 7.52697832278398e-12 4.16399126735286e-10 3.31444202571109e-77 0 0 0 0
39.7671136312977 0.000295196825057774 0.00443152181121186 1.15091839178e-08 0.0731497549549298 4.16151275943559e-07 3.96207929771008e-14 0.790119924375943 4.13350893324552e-10 1.98403796820942e-09 6.36734093277885e-75 0 0 0 0
92.6589109623051 0.00130276603733814 0.0161003708818086 2.67444870520148e-07 0.347419933360307 1.00737476858504e-06 3.15396523096516e-12 1.13019640582186 1.31762184570524e-08 5.48736487082131e-09 7.10034534829291e-73 0 0 0 0
161.576545481593 0.00333729705288641 0.0396949971956768 3.60742828476408e-06 0.957789962433757 1.41665537270331e-06 1.45735844366631e-10 0.938401127815671 2.438015058067e-07 8.80950262397318e-09 4.59594191845613e-71 0 0 0 0
220.396347722688 0.00496245969677734 0.0642572263369908 2.82445610930037e-05 1.53270847711032 1.16310008466227e-06 3.90890615530969e-09 0.452268989942913 2.61851865029562e-06 8.20942294235518e-09 1.72680493663101e-69 0 0 0 0
244.264593234122 0.00428324396091136 0.0651777299336325 0.000128364710453017 1.42371921891954 5.76450441663439e-07 6.08602302457376e-08 0.126525712635402 1.63248293530956e-05 4.44066041346031e-09 3.76604688444659e-68 0 0 0 0
233.962543509293 0.00214596345509743 0.0399618894926847 0.000338633681023443 0.767801293678219 2.08154704230914e-07 5.50084578984022e-07 0.020546339685712 5.90765764799282e-05 1.39429986791456e-09 4.76762242670371e-67 0 0 0 0
206.547043136278 0.00062408757723254 0.0145042793264774 0.000518547265457895 0.242601626869403 8.87524177048185e-08 2.88682802872989e-06 0.00193670657315078 0.000124095399124433 2.54119797316274e-10 3.50341573767883e-66 0 0 0 0
179.790044392122 0.000105351963360317 0.00308371939538027 0.000460914356922173 0.0638182479870791 4.42158003698166e-08 8.80089460174965e-06 0.00010596608275253 0.000151310731725226 2.6884038284041e-11 1.49435984780293e-65 0 0 0 0
169.639666746692 1.03232365045076e-05 0.000382140301133674 0.000237807646382207 0.10517698363229 1.59171149225662e-08 1.5609220961679e-05 3.36545373333562e-06 0.000107092109563026 1.65091305165665e-12 3.69992051409106e-65 0 0 0 0
181.87575915274 5.87211776509875e-07 2.75392406620374e-05 7.12205107912042e-05 0.29136200386563 3.45304860955126e-09 1.61820973513789e-05 6.20431814851795e-08 4.39965787847662e-05 5.88474417364003e-14 5.31744846147186e-65 0 0 0 0
204.625072391291 1.94071816382318e-08 1.15296542860463e-06 1.23810661622198e-05 0.489013773920594 4.37228560337748e-10 1.00053194964272e-05 6.6392372131829e-10 1.04918972923901e-05 1.2176000719354e-15 4.43596259301697e-65 0 0 0 0
209.204348100098 3.76929671137041e-10 2.80295318789124e-08 1.24935165244919e-06 0.47685409494109 3.21611437382485e-11 4.15193000691676e-06 4.12397479989098e-12 1.45232176289779e-06 1.46236381898123e-17 2.14805873417034e-65 0 0 0 0
177.879749662087 4.91708594150648e-12 3.95604496592071e-10 7.31787585519983e-08 0.269918188143855 1.37333735941241e-12 1.95549896758108e-06 1.48691968375719e-14 1.166931466628e-07 1.01948277558332e-19 6.0377916123568e-66 0 0 0 0
120.398591414544 9.2546420095242e-14 3.24124957973991e-12 2.48804980954515e-09 0.0886855072908862 3.40411081797292e-14 1.51678424284041e-06 3.11195070856258e-17 5.44253896934162e-09 4.12551378631147e-22 9.85107846545956e-67 0 0 0 0
