0.705982559646562 0.551687171013068 0.263206755738831 0.0773227310177345 0.0201891452125881 0.0402284618221707 0.140599385428185 0.312493769870144 0.42625841648055 0.356616474544161 0.183011489893042 0.0576420695210238 0.011165983517014 0.00134051709694363 0.000102378146964686
1.25331577495151 0.979734304573305 0.467679734030548 0.137182888233464 0.0319065825301527 0.0469435896907589 0.160133596120509 0.354997472880972 0.483505134522988 0.404156033898637 0.207523930532094 0.0657039943401125 0.0130006608924414 0.00168005089785898 0.000159029657435349
1.7745965216153 1.3885373982037 0.664161931715566 0.195639632890099 0.0425044263071134 0.0437918146453468 0.140984064989052 0.309148655568257 0.41873050754677 0.349475078298388 0.180764089422945 0.0592782350427388 0.0132265151015896 0.00233685247134234 0.000370516453504623
2.06748354032133 1.62216444822967 0.781487684046598 0.235534292099045 0.0530493973032951 0.039934432866864 0.107890843325877 0.223424783796982 0.294331893083639 0.244612770615984 0.132385540885406 0.0517140629621903 0.0173026783692038 0.00518923908826631 0.00119312600625665
2.08599073388913 1.64989888781309 0.813499422916559 0.264895756841863 0.0756937650019187 0.0556167851097057 0.105884371897561 0.180797800944796 0.214815594176127 0.176446616082754 0.112635612277552 0.0665279361918764 0.0352881170233179 0.0137866742955732 0.00349699042808352
1.97720085575167 1.59652956760969 0.835464619829506 0.324064280178228 0.136423670594841 0.116367866778536 0.170191272883895 0.2303659947555 0.235047408939114 0.189706925544141 0.149278248560142 0.118890179155067 0.0746767879771647 0.0309618669323975 0.00799257034840634
1.96534999770957 1.64893325695672 0.953325571470793 0.464118651956869 0.265048111731161 0.241583605042777 0.304694179670245 0.355713013073344 0.326975266893464 0.258728884681328 0.223482965066268 0.195343955506612 0.127418415325746 0.0534222137527049 0.0138325235484117
2.2075932603477 1.93165901828362 1.22706707203431 0.706306948926181 0.47117290810253 0.426175414754823 0.47422597038552 0.491137097821154 0.415407081630197 0.318588017906672 0.281569802141382 0.252142089528776 0.16584357294148 0.0696685701163913 0.0180451326493828
2.6790451821909 2.40387034109818 1.60898530731776 1.01357484263764 0.729969721822447 0.636289555068942 0.623921807093389 0.574511643477019 0.448409580473132 0.327891345784169 0.283030224345976 0.250648802533415 0.163900890851455 0.068638946604861 0.0177498989887523
3.16601382266823 2.85918736651187 1.95800751133871 1.31307037279967 1.00560225292938 0.840927618600147 0.726499739689913 0.60114117773635 0.444196540548401 0.309849838548049 0.244419908785072 0.199844270404374 0.125479328566593 0.0515919456926466 0.0132284302256617
3.42497383362053 3.07787040681671 2.14160526364784 1.54634619222941 1.27601143698901 1.03695170287697 0.802663950932983 0.617825600657184 0.461640015192154 0.32305728402081 0.222426153928026 0.148510707350694 0.081062986820975 0.0309322860145877 0.00763962601907055
3.34483333852314 2.97466122681646 2.10945217823775 1.66666060916966 1.4925104678401 1.20302480648734 0.868579946589009 0.654355696631578 0.52451987915548 0.39083348832051 0.250115432152259 0.132942431250649 0.0557566099553322 0.0173125045830241 0.00374687425591807
2.94470204183381 2.58682421798267 1.86808363328989 1.60432622626469 1.53815402250088 1.24823155806923 0.880586260348183 0.678965514546416 0.58993623355277 0.470104806307166 0.300883903254449 0.144644306339344 0.0496924664891926 0.0119160467765848 0.00199382505774663
2.30404751628835 1.9991069787466 1.45419430213973 1.31688118746412 1.31945475965625 1.08579007931482 0.777938753322036 0.635702733748709 0.591301367648528 0.490583476005969 0.317297403591206 0.148922521218584 0.0477467446029806 0.0100696706965286 0.0013847726049912
1.55617775077907 1.33382632563916 0.960766194606974 0.883126734588566 0.904245187704642 0.758185715045807 0.570410783364729 0.508957053157799 0.499849773719165 0.419324992399894 0.269333154238294 0.124661501875515 0.039102792858928 0.00793785151883161 0.00101903079509256
