0.516941649824761 0.293473550119021 0.0610901162802054 0.0224979396132665 0.104367121144392 0.338352307709669 0.423023647565573 0.289423880446628 0.16440665233679 0.0504203002223884 0.00722977818594349 0.000683995568132009 3.63512564840529e-05 7.2208886344239e-07 4.67593094626478e-09
0.940164296094705 0.539261848534994 0.128708455286864 0.0591571856186093 0.196257518958838 0.594929815299031 0.74414183479366 0.557731669502815 0.348009357569471 0.117115128868228 0.0217001602793751 0.00273755618863323 0.000160532572001775 3.24849412923634e-06 2.10997053964376e-08
1.47447351951179 0.859287986526186 0.242487771019543 0.1292004498215 0.289547320254361 0.814418843921625 1.03134737330708 0.833614589586112 0.555987615409854 0.214437953775013 0.0541738757818164 0.00842813915879143 0.000520769320750292 1.06343315363557e-05 6.91743723454049e-08
2.05024276894306 1.21930903968573 0.40022815629348 0.227054798725756 0.343343650904933 0.897852059887159 1.17147646925384 0.983832150972367 0.680892679475994 0.319830108612196 0.109726903570596 0.0194454706544222 0.00123386342677569 2.53081578866143e-05 1.64743620566695e-07
2.5015116825387 1.5263057767477 0.55937037973752 0.314602169849534 0.340387491332121 0.85120177163337 1.16079087353414 0.948729570275667 0.657212304810975 0.39627602716882 0.173845689282466 0.0331175402695089 0.00212915333543683 4.37658655528798e-05 2.84993601487427e-07
2.67480514652301 1.69516208401446 0.666476152896924 0.345695930781565 0.296337456704365 0.755076554269019 1.07164691163389 0.792862792989817 0.52513826716984 0.4065574549629 0.209224210848462 0.0413176077802306 0.00267242496483488 5.4985463864248e-05 3.58105851251747e-07
2.70451074944261 1.81334844022248 0.726484139991058 0.315522442782472 0.23473132209158 0.645985790477048 0.94004704755855 0.62840470722251 0.386758142543869 0.344536460202716 0.188808003334959 0.0376696795606717 0.00243913461187346 5.01867865794078e-05 3.26842918614414e-07
3.00864759012212 2.14217933033488 0.813160252371923 0.269641826182376 0.174287030715776 0.507218665498752 0.765586234013814 0.535411203699657 0.330295660384697 0.257818252989032 0.129805248984484 0.0252110418690417 0.00162079015560389 3.32886093909919e-05 2.16696476075233e-07
3.84426081329001 2.8570772698744 1.01301454760154 0.275146689171114 0.145309768847185 0.365080579160987 0.593390247492261 0.539473666745383 0.378012949986151 0.206080086374841 0.0741261892745636 0.012693369428879 0.000788902501929884 1.6069491740976e-05 1.04400123780557e-07
4.92498853119665 3.79469491222919 1.36930562307696 0.401076015544427 0.195638405618593 0.306483196352492 0.500719878626531 0.598449323959448 0.462752110412069 0.194266351034609 0.0430121843700287 0.00524653757520661 0.000288215636487588 5.6796096999947e-06 3.6602411177136e-08
5.62445696057424 4.53039251150265 1.83616576618783 0.677670089330073 0.353494492640699 0.395775533266727 0.525208537368269 0.636778057517194 0.484191076522263 0.179779607894224 0.0288543181891864 0.00217434408958725 8.60246723106695e-05 1.50485414690342e-06 9.39293530841582e-09
5.59829720614753 4.75323909692387 2.25313471676862 1.01498572842075 0.568003066588016 0.603898172455529 0.6519298558007 0.633977001579619 0.416841109325991 0.138426319463837 0.0191547581380572 0.00104018854446056 2.55512193674413e-05 3.24534728309768e-07 1.80502691671674e-09
5.01343189994135 4.45184011423305 2.39179407258552 1.20467872721644 0.70760733935708 0.800039403731944 0.804382842892174 0.617374013653423 0.318648513341307 0.087413826650627 0.0106505826631807 0.000496682378700246 8.75716157805494e-06 6.92089643879538e-08 2.81363478937536e-10
4.12995635990642 3.72630721577227 2.10722553723205 1.09540713422175 0.666846759280836 0.830373359682907 0.845443520941192 0.568928848071905 0.234955491653652 0.0492740102051497 0.00486115653825033 0.00019934633406887 3.01422163701632e-06 1.70221530111799e-08 4.3110272272487e-11
3.03702331143223 2.69383783602252 1.4932470860812 0.75545881398292 0.473815648568597 0.655092253050286 0.693235259102801 0.444541831947173 0.161757553639413 0.026865412190554 0.00197779573180992 6.54738249782477e-05 8.73576812184695e-07 4.22678041677346e-09 7.61290894306441e-12
