0.0079202010794808 0.0138202359097645 0.0193060096898925 0.0212663158576662 0.0180067787271166 0.0114907391544518 0.00569543800855865 0.00293275599650169 0.00283140893841586 0.00369466452034306 0.00391282359912973 0.00299324818938259 0.00162733950316563 0.000627321028616315 0.000171398942504809
0.0381821599248125 0.0634620335196748 0.0852214135238336 0.0912988014505298 0.0761405516366432 0.0485571656318245 0.0247613954194715 0.0141011568883874 0.0150353438136468 0.0199780748617191 0.0211576427231409 0.0161747740170448 0.00879155535314642 0.00338878909940645 0.00092587743030066
0.136491385127235 0.213886975884253 0.274100943467878 0.284615249626837 0.234162504393811 0.15061658453049 0.0806449375602448 0.0512557443808173 0.0583338642305323 0.0776200984790722 0.081886689531147 0.0625048801154034 0.033957530682317 0.0130874959742737 0.00357560342413967
0.368730175301324 0.537235486457109 0.650368864683695 0.652431962319369 0.532868608291927 0.352353611540818 0.204093487231915 0.143954259215724 0.166526939173367 0.217219443668808 0.227008914749177 0.172765646504321 0.0937806620227674 0.0361353646759097 0.00987182530676434
0.776646517415936 1.03511511222526 1.16819360909549 1.13004150956548 0.929500567343282 0.651813110606285 0.420635472853314 0.319542531204066 0.353692566859652 0.439707197503992 0.45133651287341 0.341679705468409 0.185198869642984 0.0713318281976879 0.0194850217402679
1.33479967305124 1.60841990213967 1.67085710363327 1.56044339279802 1.32079657779132 1.01232487046689 0.730191926553361 0.5682685911935 0.567184605603422 0.648245377373659 0.644923188755727 0.48378972469495 0.261566123405103 0.100676591841016 0.0274957103614109
1.9655611381771 2.15493157099153 2.05861669345841 1.86457379016321 1.64276513271678 1.3704388925304 1.06259455410149 0.807003608429165 0.697416142219802 0.703243499701473 0.664661014293403 0.490920466021104 0.264281051356499 0.10160220445671 0.0277396162708882
2.54595657212985 2.61731319167309 2.34936136850011 2.07167727738346 1.85724766126708 1.60047006857541 1.25455433166384 0.900560039063662 0.665236819628613 0.569507284248377 0.496998208574549 0.357688414199278 0.191143448730584 0.0733346716421846 0.0200104290930056
2.89612750328354 2.90150488909536 2.53342012482015 2.17855476382044 1.89928455796223 1.57645851193092 1.17628031706445 0.780277101886565 0.496042856537272 0.351605716162601 0.273142527840668 0.188281769765552 0.0992855350037657 0.0379341690263889 0.0103355100331375
2.93334711188208 2.95375160671044 2.58545059613399 2.17907064037444 1.78785832038972 1.35019940385066 0.904911611996478 0.538170021399931 0.299010540997594 0.177269130237859 0.118703826177419 0.0758156139597612 0.0386219855090479 0.0144969901889625 0.00390772344608193
2.8281137821952 2.91264996211607 2.59370292309091 2.15562111724976 1.65749835798316 1.11631504823642 0.64768970039247 0.340875813904539 0.183083371221703 0.111338364682902 0.0714627468545211 0.0405443230543351 0.0180493040769173 0.00599629796809 0.00145898102904991
2.7315715028824 2.86987913394295 2.57721031368334 2.10270510170658 1.53578007158732 0.952233246164201 0.505109424813642 0.275282434523239 0.20202229023373 0.173661401277464 0.12787254486395 0.070531554067935 0.028111253977538 0.00802682697957093 0.00164021340687971
2.46905362085156 2.60775898910246 2.31749770480746 1.83507990624062 1.286174897138 0.770371600103803 0.429148585280541 0.31964340426552 0.346189174542815 0.354616909000655 0.274199403615948 0.152139890754359 0.0599994204493347 0.0167871850499647 0.00333121734712832
1.85016127338961 1.94350525221016 1.68964955644429 1.28865620331364 0.870512050003531 0.52542888469972 0.356800565444032 0.39562541832653 0.5272949743024 0.568239769832052 0.444040088344361 0.246856289596296 0.097326148084955 0.0271984776296863 0.00538702382669884
1.06190578776307 1.10468132342568 0.936021774223754 0.686042208448786 0.449369737171403 0.288902458288022 0.271115319392577 0.41174042064607 0.601475972000794 0.659202194796495 0.516642000729248 0.287369370735137 0.113306225604421 0.0316625680669543 0.00627052247891032
