26.6010479231629 0.509524386744457 8.02725594348963e-09 0.0884782573441376 4.39293566795766e-33 0.0269617403329217 1.13965944165727e-12 2.22971063620175e-24 9.78572704049964e-16 8.02066922916496e-14 5.6548774350648e-128 0 0 0 0
43.2541452642624 1.45101307568592 3.76171575824136e-08 0.371728780425254 1.66292935190725e-32 0.0479105513625511 8.92598178088999e-12 1.74634244125174e-23 1.49843504583581e-15 1.22816136341199e-13 8.65900560432408e-128 0 0 0 0
57.8005540089333 3.04970914962628 1.29016532460045e-07 1.14237335011168 4.6045275888285e-32 0.0623169541448151 5.11362820714511e-11 1.00046652414623e-22 1.67832087303422e-15 1.37560106952703e-13 9.698511714501e-128 0 0 0 0
66.8915952691436 4.76719505709652 3.23872049824793e-07 2.56792413426602 9.32585470237228e-32 0.0593754839850209 2.14286371676192e-10 4.19245069759337e-22 1.3750051331103e-15 1.12699458256283e-13 7.94574124962178e-128 0 0 0 0
71.5345899538815 5.61577113271656 5.95115541632588e-07 4.2222949170511 1.38160684541025e-31 0.0415086927194923 6.56828824826518e-10 1.28506654123787e-21 8.23997497383159e-16 6.75372544606823e-14 4.76163379094619e-128 0 0 0 0
73.3823098351269 5.08786125057906 8.00502743850365e-07 5.07816946279607 1.49717499537184e-31 0.021363621011437 1.47265869246271e-09 2.88121401012932e-21 3.6119332478053e-16 2.96044655022287e-14 2.08722762605604e-128 0 0 0 0
71.3987534385306 3.63843355038758 7.8830670812232e-07 4.46743316822248 1.1867326947328e-31 0.00815127781500787 2.41515082006609e-09 4.7251725161877e-21 1.15809927030116e-16 9.49212168209903e-15 6.69230748424462e-129 0 0 0 0
65.7497067867174 2.10197376531457 5.68380209864223e-07 2.8747573209091 6.88058716438666e-32 0.00233707975329242 2.89720120718443e-09 5.66829011435364e-21 2.71608970907119e-17 2.22618688044732e-15 1.56954657981695e-129 0 0 0 0
61.2140747758214 0.988659514216973 3.00080582717383e-07 1.35312077690464 2.91803397992443e-32 0.000515814026827195 2.54217420718125e-09 4.97369008814341e-21 4.6594502791971e-18 3.81902226830068e-16 2.69255622342525e-130 0 0 0 0
62.3534853263923 0.37373797949707 1.16021762706255e-07 0.465869400914827 9.052060309404e-33 9.08303817666574e-05 1.63163949158754e-09 3.19225533160075e-21 5.84679010205062e-19 4.79220085199815e-17 3.3786842080114e-131 0 0 0 0
67.7294277232788 0.110730095576263 3.28544778876545e-08 0.117323243093795 2.05398270539436e-33 1.32451280291468e-05 7.66011620691581e-10 1.49867951396643e-21 5.36651779792835e-20 4.39855556888825e-18 3.10114928352112e-132 0 0 0 0
70.8300615465717 0.0250782923160345 6.81487099472969e-09 0.0216120608795693 3.40908928700272e-34 1.62481916156796e-06 2.63050273417408e-10 5.14650228880358e-22 3.60296376622967e-21 2.95309489974483e-19 2.08204443233356e-133 0 0 0 0
65.5378765091239 0.00426258703061162 1.03558664163255e-09 0.00291206158095375 4.13877883021674e-35 1.64589773474739e-07 6.60745792959663e-11 1.29272997575953e-22 1.76937328101764e-22 1.45023029676089e-20 1.02246762040507e-134 0 0 0 0
51.2159912650448 0.00053751444341928 1.15303338393629e-10 0.000287010097873608 3.67534669025602e-36 1.32547359638698e-08 1.21401011515034e-11 2.37517557198572e-23 6.35581554109356e-24 5.20941304879221e-22 3.67283470466892e-136 0 0 0 0
33.1117808157207 4.99561372099582e-05 9.40779135753142e-12 2.0691217622639e-05 2.38735307952278e-37 8.19482264585097e-10 1.63155776162818e-12 3.19209542930625e-24 1.6699957043241e-25 1.36877751679308e-23 9.65040306760419e-138 0 0 0 0
