1695631838.76354 0 0 0 0 0 0 0 0 0 0 0 0 0 0
2303139025.60842 0 0 0 0 0 0 0 0 0 0 0 0 0 0
2630927198.8359 0 0 0 0 0 0 0 0 0 0 0 0 0 0
2634182539.33174 0 0 0 0 0 0 0 0 0 0 0 0 0 0
2459084995.33726 0 0 0 0 0 0 0 0 0 0 0 0 0 0
2324112664.99771 0 0 0 0 0 0 0 0 0 0 0 0 0 0
2438047151.73508 0 0 0 0 0 0 0 0 0 0 0 0 0 0
2983081441.34931 0 0 0 0 0 0 0 0 0 0 0 0 0 0
4040054365.81357 0 0 0 0 0 0 0 0 0 0 0 0 0 0
5440091505.56619 0 0 0 0 0 0 0 0 0 0 0 0 0 0
6700599449.5187 0 0 0 0 0 0 0 0 0 0 0 0 0 0
7209306767.42744 0 0 0 0 0 0 0 0 0 0 0 0 0 0
6617645152.97558 0 0 0 0 0 0 0 0 0 0 0 0 0 0
5123041673.93048 0 0 0 0 0 0 0 0 0 0 0 0 0 0
3330677157.1815 0 0 0 0 0 0 0 0 0 0 0 0 0 0
