2.7142142832626 0.459718435123654 0.0773001839261032 0.00128456518403684 0.0120893743560687 0.257787902014308 0.0577125640081506 0.00246040127063857 0.0322575400875015 0.00464739350433479 6.95431008251831e-06 1.08084894403178e-10 1.74478653261361e-17 2.92540463266528e-26 5.09443394793164e-37
6.44520744910018 1.12668648549938 0.200755093861263 0.0143513066324211 0.029554187856414 0.597645101770338 0.134442099431169 0.0121853007351572 0.164413656264529 0.0236873254093102 3.54454611514007e-05 5.50898490311976e-10 8.89301203503962e-17 1.49105108959558e-25 2.59658482936612e-36
10.5254300609795 1.80230583160868 0.334999468397764 0.11150552920309 0.0523261403792518 0.796442316415052 0.186670189500978 0.0352737578164312 0.478727796745894 0.0689709407378569 0.000103207380201651 1.6040640492403e-09 2.58939916257963e-16 4.34152841302668e-25 7.56053692067992e-36
13.0927972507468 2.21718527310818 0.531774106623863 0.517587032890406 0.104057911462494 0.638143580103267 0.20106755386637 0.0612905702029296 0.796319249820493 0.114725462939026 0.000171673958577281 2.66818152376919e-09 4.30717651446936e-16 7.22164797274677e-25 1.25761093614853e-35
14.004053123136 2.81541262708024 1.15333028553178 1.39006249929444 0.225085261159171 0.409450379603113 0.332605237199009 0.0774267462470954 0.756766842953073 0.109017730127506 0.000163132950217601 2.53543580214908e-09 4.09288839365418e-16 6.86236064196032e-25 1.1950429763556e-35
13.8338481389597 3.8559923205504 2.29203442192394 2.15395120107157 0.343611831469674 0.386430106325922 0.701889697569494 0.117499681976128 0.411096284321526 0.0591814951483564 8.8557901428211e-05 1.37637366135734e-09 2.22183845837768e-16 3.72524986462893e-25 6.48731461099842e-36
12.417074998722 4.40031093843729 3.10581719511504 1.94203497989024 0.314430689217469 0.405517803816545 1.08693561651799 0.210251635435365 0.128453488941962 0.0183811257899376 2.74888330075236e-05 4.27079070987723e-10 6.89268294961146e-17 1.15550656148253e-25 2.01208341532363e-36
9.56403918976714 3.6055457321004 2.79347846158091 1.07192379024417 0.188092265281509 0.284124836570399 1.09568891590681 0.270296258374864 0.028311352994079 0.00366815810586746 5.24686554130747e-06 7.92457753184926e-11 1.25651113659267e-17 2.08341603581714e-26 3.60331112243071e-37
6.45474513191766 2.12425280696303 1.74133718412786 0.548819465516048 0.185107340379865 0.121258135992441 0.702094269811098 0.211319521342924 0.0428351909973267 0.00383375975654331 3.70095052978395e-06 3.81626124201765e-11 4.24862915703096e-18 5.16230569437416e-27 6.90036880493625e-38
4.90261141750132 1.06075904461348 0.780976407253714 0.693135253521991 0.431994797667356 0.0371680036012396 0.278377940547571 0.113855430440383 0.191511246496024 0.016857052941879 1.5443778293418e-05 1.47024244912464e-10 1.4548276413609e-17 1.49700334273066e-26 1.60305497245438e-37
4.80693009425036 0.647355445591093 0.263327053497809 1.06303971263584 0.753974451609667 0.0174238784853978 0.0664519099878002 0.0849289696796434 0.524398644496018 0.0462152048715667 4.23106770007436e-05 4.0233130302164e-10 3.97363438607496e-17 4.07628634093535e-26 4.34328359585285e-37
4.88305004425774 0.537147116067913 0.0792552720756071 1.02760855463535 0.765771551124761 0.013562232417668 0.00943755527737476 0.100225599954383 0.822095839748954 0.0724620567649145 6.63394822382418e-05 6.3081189879851e-10 6.23008639253593e-17 6.39079202278348e-26 6.80897549629815e-37
4.65885928568007 0.485377711390189 0.0252105731842408 0.574154206835856 0.445163141112778 0.0077415062383256 0.000867130856021559 0.0870466775650723 0.736361999973824 0.0649061376546908 5.94219836532601e-05 5.65034377563585e-10 5.58044645167161e-17 5.72439199813394e-26 6.09896491272085e-37
3.80716338365202 0.390421855240536 0.0069603004904998 0.183770353490737 0.147977815216396 0.00259654583199652 9.05502041505539e-05 0.04441295302431 0.376798806157961 0.0332127236237103 3.04064606263605e-05 2.89130292578614e-10 2.85553618335153e-17 2.92919366430898e-26 3.12086405501516e-37
2.33070125091536 0.237891568698784 0.00137945801582031 0.0336541436196945 0.0281248943715881 0.000499087621059924 1.6952030064904e-05 0.0129794107854932 0.110146761946596 0.00970882697075482 8.88849310797902e-06 8.45192949094070e-11 8.34737524882388e-18 8.56269265066023e-27 9.12298836036809e-38
