0.13939035408855 0.10868524886433 0.0531144104860472 0.0226812213075647 0.0257673968025101 0.0581084497565538 0.126906207462451 0.236199982481367 0.326781281526231 0.298044627422743 0.168831879921141 0.0580204786590104 0.0119896417204625 0.00148459551395526 0.000109988306309894
0.338241557765719 0.265839331233634 0.135256394057915 0.0667002015210918 0.0794202527873977 0.158124183859108 0.293100100213422 0.463658671028293 0.576786899116634 0.498807507170089 0.275750236237037 0.0937102429992597 0.0192632625083943 0.00237921401185223 0.000176049342320724
0.671377816542592 0.535042293447236 0.289430282431056 0.166691095854962 0.197705745390346 0.347891228739888 0.565036095044848 0.762164644131697 0.825544156120914 0.655519204655115 0.346752484926477 0.115329995616301 0.0234610059292046 0.0028828976019199 0.000212781393837429
1.14310931195419 0.930503573496859 0.544094139467256 0.358454870937471 0.400659854388144 0.61189438441339 0.892300103528336 1.05645658111698 0.986336752207837 0.695242450504567 0.341709416651545 0.109229028338424 0.0217725994748645 0.00264818897652098 0.000194459097064768
1.7430681347152 1.4582966187276 0.923006698978589 0.66513399693911 0.672611982309665 0.862397391680587 1.1320885861519 1.21864580210372 0.999961728563897 0.614408580069405 0.271267645008317 0.0810344425480518 0.0155509982194027 0.00185392651360068 0.000134741935016275
2.42533201717799 2.09190542731705 1.41555735832986 1.06794446600198 0.962159559187205 0.996876974632691 1.14675881734753 1.14689497639397 0.856947859758822 0.46349445547974 0.179627542082829 0.0484573940459693 0.00870637350262731 0.000999430323317405 7.11779503537852e-05
3.06509389848238 2.72563807263167 1.94212285249499 1.49435579720244 1.21392866849361 0.997699993838574 0.953147020439996 0.88308181820356 0.618972665946872 0.303020074370768 0.103000545646713 0.024362431811748 0.00394688848257958 0.000423395172128622 2.89919929992992e-05
3.48670780393256 3.1861982889911 2.35743933618643 1.82874912437212 1.38259298893214 0.938171642612125 0.723151471178739 0.610385118253037 0.405963103342417 0.183347763694817 0.0550339612146131 0.0111517890042654 0.00155189950130631 0.000147762146371196 9.36014300370992e-06
3.5787549701967 3.33375296502013 2.51333118198096 1.94099334289447 1.41217494379419 0.880175162892037 0.612997384289599 0.493240864613251 0.314295656296226 0.131171236446213 0.0346353841361332 0.00585452064458154 0.000653504689249019 4.99250815597474e-05 2.65216136974805e-06
3.41508457490952 3.19687953360882 2.37404258253681 1.76573040182658 1.25539013490158 0.809197729883782 0.626552223677471 0.536136765817486 0.338838658764078 0.134599134085998 0.0325947690881425 0.00481428846920799 0.000439243248115483 2.54259203352557e-05 9.75628510163756e-07
3.24359375253038 2.98947292564892 2.07685137016991 1.38767309046693 0.946086315972275 0.681540689587055 0.646148484324582 0.603712317207968 0.385670229020713 0.151152787868014 0.035633773314464 0.00504090616334617 0.00042861908234737 2.20126605754329e-05 6.90449609829525e-07
3.227768326443 2.8795506333442 1.79643334519845 0.986527315195094 0.603097939955912 0.495948367227915 0.567382429137694 0.564187430873903 0.364060118366043 0.142438826020885 0.0333952342344071 0.00468330008310609 0.000392836815749495 1.97198840197137e-05 5.93224757365511e-07
3.18868691051489 2.74902890063484 1.55017894558011 0.67557639154271 0.333887429475073 0.300622657959919 0.394573813823831 0.407530412990476 0.264673393677346 0.10359207954204 0.0242640053557263 0.00339726469113005 0.000284290147344226 1.42192823170202e-05 4.25149092876421e-07
2.78937668074566 2.34259162189515 1.23555919819631 0.449522937428009 0.167157974853483 0.148369797283664 0.211731621566601 0.223598117163798 0.145778436071869 0.05708533982819 0.0133692525142594 0.0018713046630257 0.000156527506578504 7.82423376348383e-06 2.33724644066433e-07
1.98748822720893 1.63908893068322 0.831574485404085 0.271862075667568 0.0772362347226985 0.0587887494053088 0.0867640534277338 0.0927698162334946 0.0606199814165342 0.0237464448126351 0.00556145161877256 0.000778400239390785 6.51049617475743e-05 3.25399878526968e-06 9.71881044891001e-08
