4.01885100726111 0.186375852233423 0.000654599897510798 0.144529683579871 0.0756874043161204 0.0246609257497987 0.0679053077924999 0.00195551560878594 0.136500623102308 0.05708023068224 4.89861705158047e-05 8.96712272439356e-11 3.71437177189369e-19 3.71734373774595e-30 9.55316575386226e-44
6.64851281454653 0.325054298443794 0.00156862166194175 0.292688859094081 0.162700360363844 0.0800286995083378 0.181163772962889 0.00473956784724698 0.272175870599469 0.117870546027089 0.000108624306795921 2.25735776228151e-10 1.12833787633648e-18 1.43728972593037e-29 5.01724359999658e-43
8.92639049047276 0.483422928936208 0.00393956345599428 0.477672589478721 0.291145413555035 0.197709378299302 0.367412165719485 0.00885748303830333 0.419752613463399 0.194769636457219 0.000203114026026352 5.07316295044524e-10 3.206569645887e-18 5.49201967636322e-29 2.71138045350547e-42
10.1366013444718 0.647127610432841 0.0113079284609207 0.660597940570255 0.451008916858708 0.371997312370886 0.577658412884632 0.0129099031194578 0.516930194536583 0.270578816914087 0.000337849338182901 1.06066141455084e-09 8.92448829611968e-18 2.15285538647881e-28 1.42340806300037e-41
10.4070540563768 0.809254556339557 0.0321743552566396 0.811899182515188 0.613142621260944 0.534547020295328 0.731881645302826 0.0150808547812175 0.533650282535411 0.33323151294442 0.000520110224830139 2.15267590105701e-09 2.53722788948512e-17 8.27205255334886e-28 6.49192524920724e-41
10.4083917849696 0.940038112144235 0.0771758182274861 0.903585206364444 0.725302969915937 0.590741137760635 0.792712797033731 0.0149238214924291 0.486815073255026 0.378043824077717 0.00077067565804449 4.43876299285441e-09 7.12653060834756e-17 2.79251179305381e-27 2.36758384639655e-40
10.4520551888828 0.979183447767009 0.144891643222802 0.901806533512083 0.755319171722718 0.509373497852925 0.77275601060966 0.0139741199246911 0.407585152665407 0.4094595627872 0.00115279595073654 9.10299029579428e-09 1.77892212645028e-16 7.58819790878119e-27 6.63196048610162e-40
10.244841951681 0.892394868930238 0.20870272275237 0.796752996542007 0.746481735187655 0.352239438267694 0.676427790026259 0.0162115456503147 0.324666189693056 0.444481828594854 0.00172421774711202 1.67839850187813e-08 3.59995100230892e-16 1.58831017501187e-26 1.40391791856538e-39
9.54604382187403 0.733911630035471 0.236651732879991 0.621881791317658 0.774621169421548 0.205397547647124 0.503981464179046 0.0320885274300552 0.262273934309646 0.484359700317841 0.00234556856623438 2.528102415691e-08 5.62945658535654e-16 2.51522092868782e-26 2.23237562720043e-39
8.67910655114447 0.639317772081873 0.245021007991428 0.438836057156172 0.848616936881378 0.110211212402717 0.301825850164392 0.08255123489729 0.226539631607452 0.485591955484643 0.00262814887998908 2.95284971961476e-08 6.66830985539672e-16 2.99309175971078e-26 2.66045632426277e-39
8.23763385058574 0.763347221384494 0.324924695057088 0.316061563757892 0.910839967953649 0.0619643859752074 0.140595266659743 0.186844601079428 0.207285589821116 0.404501771172423 0.00229227416521527 2.61615101560842e-08 5.93835445781864e-16 2.66987908036351e-26 2.37443459041432e-39
8.39243250823325 1.18995327840291 0.579931030022905 0.296988260208401 0.90956357036899 0.0407456691585351 0.0510463654006866 0.327409469122131 0.195280788010141 0.263424140286721 0.0015188669112363 1.74343726468423e-08 3.96475245989e-16 1.78361702011254e-26 1.58655080487227e-39
8.52247357046198 1.80607425749483 0.990764330599626 0.359376275558234 0.816619403424298 0.0302382895137615 0.0156756247209955 0.432340062261487 0.181193498628553 0.130578710668994 0.000757428431913861 8.71224089357762e-09 1.9825789020558e-16 8.92092104649474e-27 7.93582780796154e-40
7.70514777512778 2.2632588793795 1.34353856951756 0.416909835520596 0.627553606149541 0.0217302517500667 0.00525642916570899 0.427922500039352 0.151657918072193 0.0487779831227827 0.000283291449672541 3.26097095686644e-09 7.42253618670441e-17 3.34014468281633e-27 2.97138332648678e-40
5.72892260801282 2.21680662754963 1.3807092053283 0.390222997237115 0.39142445420226 0.0132614331066258 0.0023701506319758 0.317136112843254 0.10473922285517 0.013693437563662 7.93691075792379e-05 9.13864705416037e-10 2.08029553623277e-17 9.36160134760579e-28 8.32812927087271e-41
