13.4659552815958 0.0658688989311744 4.8148861983117e-09 0.0590232268881659 0.00523758454078647 0.0387916539304194 0.370998203322689 1.24155804321729 0.322634243114977 7.03135377299728e-05 3.74112956800535e-23 4.8596147200801e-56 1.54111915151609e-103 1.19317978051289e-165 2.25533387092028e-242
19.6354761979206 0.072581729059923 5.33990654593551e-08 0.0959171061236565 0.00754856761069316 0.0544782566027917 0.470682528046623 1.48003092205576 0.456115637874731 9.94039071908743e-05 5.28892313447792e-23 6.87015198230214e-56 2.17871650400663e-103 1.68682640631197e-165 3.18841870324253e-242
24.6231862157011 0.0666504811969922 4.93358075384309e-07 0.129753702627065 0.00912232106288556 0.0636954488431392 0.518104012763757 1.46868061782731 0.536772091449151 0.000116981833280649 6.22418113971747e-23 8.08502398465251e-56 2.56398624601449e-103 1.98511357363123e-165 3.75223746945294e-242
26.9456028665914 0.0512458458973272 3.79692122731488e-06 0.146114935838946 0.00941456044291574 0.0620014024864424 0.494740626287175 1.21321150664427 0.525842101654917 0.000114599798282268 6.09744165465995e-23 7.92039320776946e-56 2.51177724225642e-103 1.94469182714682e-165 3.67583277717023e-242
26.2680538777489 0.0338271912596246 2.433920998357e-05 0.136969673607989 0.00907419603387052 0.0502471336516416 0.408470682435517 0.834253529982195 0.428816260515246 9.34543982439147e-05 4.97237123629211e-23 6.45896059314283e-56 2.04831626421941e-103 1.58586670482811e-165 2.99758590664863e-242
23.4342369071089 0.0216320255963333 0.000129943859801705 0.106889385542537 0.0109353027528346 0.0339037556396464 0.289964482385311 0.477542218785126 0.291096911666028 6.34404273367586e-05 3.37543617031335e-23 4.38459000196865e-56 1.39047558557656e-103 1.07654710044621e-165 2.03487620133295e-242
19.7839220729099 0.0191757921262926 0.000577765894408587 0.0694703228407475 0.0212644662737163 0.0190468268690557 0.175839943550386 0.227550351961454 0.164495648188491 3.58494845945188e-05 1.90742168783147e-23 2.47768336891041e-56 7.85742391355216e-104 6.08344872707983e-166 1.14988605994415e-242
16.5080898200347 0.0290678520919592 0.00213929455518788 0.0377082682631239 0.0506530394368032 0.00890941219137561 0.0905264546837546 0.0902599557819586 0.0773787465579798 1.68635962159546e-05 8.97251090802643e-24 1.16550216430949e-56 3.69613191582644e-104 2.86165405428514e-166 5.40906359703089e-243
14.401571273278 0.0538564744683725 0.00659614805305265 0.0174324025265302 0.111600171200924 0.00347010248608093 0.0393561729197958 0.0298033065519869 0.0302997768574838 6.60340502110509e-06 3.51343348258816e-24 4.56384435760427e-57 1.44732213337412e-104 1.12055936994353e-166 2.11806765643011e-243
13.7839514524816 0.0958853205467552 0.0169352839918729 0.00776869076588234 0.209364581450331 0.00112543352050491 0.0143885034403496 0.00819191406728631 0.00987660379588642 2.15246519906828e-06 1.14524904596064e-24 1.48764404459676e-57 4.71773352379906e-105 3.65260807050979e-167 6.90411523322698e-244
14.3946171146948 0.153669037103605 0.0362043115820614 0.00522676230094553 0.329197858652894 0.000303949670132947 0.00440994813170338 0.00187438076379126 0.00267994756314665 5.84056422001447e-07 3.10755342466804e-25 4.03661837726828e-58 1.28012409355518e-105 9.91109729234643e-168 1.87338352413303e-244
15.4143003254281 0.216619517933682 0.064443525746312 0.00669171694409846 0.433139642515111 6.83613527669168e-05 0.00113057236943259 0.000357011035629116 0.000605334495321941 1.31924036427884e-07 7.01920183999769e-26 9.11773194828234e-59 2.89148669869377e-106 2.23867405781658e-168 4.23151440462221e-245
15.7963686158316 0.264256892326409 0.0955073379074065 0.00995035783520565 0.477663819928449 1.28048025055201e-05 0.00024206597836335 5.66052566356425e-05 0.00011381906455532 2.48052449551473e-08 1.31979755733097e-26 1.71437730785435e-59 5.43676783910843e-107 4.20930558846489e-169 7.95637809302979e-246
14.7987387351982 0.275410431350463 0.117847798706665 0.0131316003074913 0.442844616015879 1.99764522579525e-06 4.32389280330073e-05 7.47107515149091e-06 1.78149686729083e-05 3.88251883781467e-09 2.06574814629112e-27 2.68334467363739e-60 8.5096331805356e-108 6.58840832690196e-170 1.24533290773063e-246
12.3699421713424 0.242948304959796 0.12106642773945 0.0146072987229632 0.346631317034331 2.59586680021291e-07 6.43882005995388e-06 8.20843929165351e-07 2.32116266368727e-06 5.05864362739356e-10 2.69152169829973e-28 3.4962056851311e-61 1.10874418021891e-108 8.58422359035059e-171 1.62257947503506e-247
