0.88233620839162 0.849392492021136 0.30684528644291 0.0474902137787076 0.00152328286164412 0.0850043699763668 0.626434859889755 0.277821201337544 0.00741488999800923 1.1909510183533e-05 1.15115272969994e-09 6.6960988341516e-15 2.34401627479275e-21 4.9379791314025e-29 6.26019321748813e-38
1.84828068466924 1.66658866977558 0.674421651245069 0.112412090016335 0.0030663543786451 0.131096933361558 0.966103602166352 0.428462846663072 0.0114354299129986 1.83671462474155e-05 1.77533670265842e-09 1.03268920953663e-14 3.61500087425668e-21 7.61547565562853e-29 9.65462748599569e-38
3.24769237683841 2.82290453877394 1.24924188938611 0.217544674567518 0.00536059034081198 0.16395532406745 1.20822640491176 0.535843281528334 0.014301352703019 2.29702808403942e-05 2.22026775945455e-09 1.29149955275382e-14 4.52098459942469e-21 9.52404974548441e-29 1.20742494111689e-37
4.82291048525631 4.19837907788298 1.95291342664337 0.34728470353259 0.00849404190067154 0.166285116138782 1.2253207329285 0.543424541764082 0.0145036922308267 2.32952707819313e-05 2.25168072712158e-09 1.30977204872637e-14 4.58494875079341e-21 9.6587986582856e-29 1.22450792602903e-37
6.10214123067303 5.55835277793349 2.59295260852447 0.468968383924075 0.01337781825888 0.136783356400028 1.00769263147281 0.446907396884627 0.0119277044776957 1.91578186569763e-05 1.85176173513564e-09 1.07714461129762e-14 3.77062012034479e-21 7.94330810196922e-29 1.00702417286731e-37
6.62719779511278 6.59670359548346 2.97341525291111 0.568989613003494 0.0230916091796793 0.0913102132537311 0.672021613649781 0.2980387099359 0.00795448381431349 1.27761849490349e-05 1.2349240189213e-09 7.18338502791043e-15 2.51459421830024e-21 5.29732404482126e-29 6.71575783812759e-38
6.21293285288311 7.02619444863057 3.05447154480488 0.687765724788697 0.0428922507140484 0.0495961679741801 0.363425442440824 0.161177584888597 0.00430173815502208 6.90928582593709e-06 6.6783966059342e-10 3.8847324575823e-15 1.35987779292422e-21 2.86476174885399e-29 3.63184241825695e-38
5.04873688276053 6.7369728186533 3.00329746071077 0.896351291478488 0.0762835588079144 0.0221741021458103 0.15937663883961 0.0706827519740253 0.00188648248610771 3.02999537220219e-06 2.92874130836337e-10 1.70360897859101e-15 5.9636024954317e-22 1.25631144233524e-29 1.59270668447034e-38
3.58207674986854 5.92935072357709 3.07135054846557 1.21243502093283 0.118215645138902 0.00856415335314495 0.0566777619545329 0.0251361693285246 0.000670870076015951 1.0775256280652e-06 1.04151770220069e-10 6.05836679314671e-16 2.12077370921887e-22 4.46768925248857e-30 5.66397654020255e-39
2.27205719392952 5.03614688169632 3.40299891436443 1.54240281462896 0.152858852681985 0.003351818090602 0.0163450376745805 0.00724872416839749 0.000193464328744577 3.10734939284633e-07 3.0035103716124e-11 1.74710112557857e-16 6.11584980075011e-23 1.28838434321734e-30 1.63336756035182e-39
1.37311415751343 4.41467305039967 3.92799261277393 1.73296072573085 0.162534153662518 0.00171483105137185 0.00382273071133607 0.0016951217420366 4.52418356747938e-05 7.26656906353353e-08 7.02374042603845e-12 4.08561425992874e-17 1.4301978741644e-23 3.01290026538934e-31 3.81964712779203e-40
0.878102413943687 4.0806251583119 4.40476439823474 1.69299064577341 0.141864760384963 0.00112321607444426 0.000725284280501845 0.000321452688283916 8.57938924578357e-06 1.37798839387136e-08 1.33193983350646e-12 7.74771282402075e-18 2.71214111406199e-24 5.71348260960388e-32 7.24334877266276e-41
0.626245266855362 3.76572306685975 4.57028569106533 1.45614877532911 0.102223551886908 0.000728841574054595 0.000111785323759693 4.94322199636482e-05 1.31931762214191e-06 2.11903705385429e-09 2.0482246971437e-13 1.1914244437573e-18 4.17066467434669e-25 8.78605466500973e-33 1.11386456602444e-41
0.460580724648221 3.22604609969809 4.28588870681353 1.12902457981146 0.0616315420579401 0.000406660765647343 1.40820207240356e-05 6.1642496610381e-06 1.64520185905915e-07 2.64245973961716e-10 2.55415604462759e-14 1.48571782626361e-19 5.20085926263489e-26 1.09562953041029e-33 1.38899990717581e-42
0.311867601844539 2.45807692744748 3.59067849986569 0.804089720669554 0.031843489574576 0.000187884834969746 1.48900045121021e-06 6.23344502852214e-07 1.66366491124699e-08 2.67211438109415e-11 2.58281971001635e-15 1.50239109050042e-20 5.25922519135399e-27 1.10792508232685e-34 1.4045877678502e-43
