0.361736569314679 0.269471060016911 0.107125465401103 0.0243651045490147 0.00368341197522394 0.0045032148572883 0.0380914997274227 0.174645601710946 0.406314298099266 0.490101224284761 0.319637852086438 0.119770339706621 0.0270896260258968 0.00368496546475739 0.000287141916134437
0.739377919842977 0.565044192427483 0.237083973031945 0.0592788817125604 0.00993407773035836 0.00535583172987313 0.0382318212738596 0.178253727738295 0.433271093125212 0.571259610051364 0.434620561715697 0.200247377715425 0.0554994904033713 0.0087972820637997 0.000758708268842259
1.23819767091447 0.977300767312735 0.437451427183919 0.121863558189486 0.0240626698501167 0.00736306289541118 0.0307762972837859 0.147254850337108 0.392267495098683 0.60619110149164 0.569217713187484 0.321548805448474 0.103704766924314 0.0181688207216405 0.00167836599865059
1.74268477235326 1.42653861758719 0.685748959318916 0.216542711546725 0.0540163399840593 0.0153106176644298 0.0223406571731365 0.104419997677479 0.325467806429957 0.622445012101555 0.716747572365535 0.470410867011936 0.167431038821049 0.0313838938817411 0.00305181706333267
2.15543144967603 1.82550842297761 0.943423941117143 0.347068682519525 0.115892937451329 0.0393770494918054 0.0215473597666951 0.0716808533162486 0.264484238292071 0.615723910400843 0.821318540825841 0.593776607144821 0.225814454112828 0.0445011273827045 0.00450544925646496
2.5143216615968 2.17407334357016 1.19951778831875 0.528243206430673 0.23449259652197 0.0942351834860236 0.0374827694750952 0.0610010482522334 0.215404089790434 0.556483456776715 0.811292143212611 0.625275532972383 0.249630030220894 0.0511412355311926 0.0053422904981272
2.9598062973514 2.55904713282419 1.48326949594732 0.779082498370074 0.425061503622131 0.188665102010222 0.0808164040574056 0.0858925194385079 0.186358991268546 0.443184448175789 0.669627311719748 0.539012141387328 0.223245190180062 0.0471108489000475 0.00503724074468464
3.5226083096158 3.00782203972765 1.80200198895422 1.08248077597895 0.659397123461962 0.308681390983497 0.160987492458592 0.169864572054305 0.206340067358322 0.323110476022575 0.457899316587381 0.375869898939185 0.159758287967712 0.0344468757630237 0.00374467173567643
3.99167974765362 3.3846483987294 2.09078036192781 1.36530184482275 0.861128900870109 0.41512378909818 0.275264073542973 0.329488946663454 0.305921613114744 0.256790308106745 0.267651389987597 0.211119742489805 0.0906938142033016 0.0198309031573319 0.0021800702177577
4.0908418531049 3.51688183186924 2.27539912092062 1.55446258851367 0.961827812050226 0.469198700084146 0.3962926508439 0.538821250761858 0.476689432177496 0.268484696928582 0.153809309744468 0.0975463942871705 0.0407176306595906 0.00893831044776491 0.000989150638595401
3.75975992331636 3.39077412959686 2.36357574838685 1.64862465954625 0.963397838317304 0.462620439472174 0.475948895497381 0.716407609622713 0.650311902894894 0.327034514738975 0.11196603938557 0.041420347332094 0.0146975311483745 0.0031510746414993 0.000348768646003364
3.18435703686521 3.14145228936857 2.41641663637478 1.69924949572831 0.923750969294338 0.417586557413365 0.474633784624861 0.769989441722138 0.730703108560156 0.369082767385386 0.1039553870711 0.0211497817750524 0.00467032819983512 0.000881365696994167 9.56130839973612e-05
2.5881185389954 2.87338753552737 2.43390332329862 1.71642401992897 0.878956559861352 0.358812128611412 0.392758296397646 0.668792568437769 0.664588668188306 0.3466337306635 0.0948558952695234 0.014561680421247 0.00169289140922204 0.000210892249056469 2.06340037468567e-05
2.05612475412692 2.55077290614266 2.31217040034828 1.62709443082998 0.802317308058389 0.293043776271199 0.270141935984665 0.468731229919823 0.485329649640863 0.261564062861327 0.0724909744079138 0.0104185587698766 0.000848096258418699 5.48110502930349e-05 3.73195522889829e-06
1.54906954201755 2.07626831324155 1.94721578695616 1.35767330922133 0.652915492571323 0.217436661784063 0.154703610906448 0.264003724873793 0.282531529066917 0.156410988913751 0.0440886857469709 0.00630542591350172 0.000464978397616051 1.97654767894814e-05 7.01005927952723e-07
