0.0746804658781153 0.0537183619485695 0.0445361627214799 0.0690660084739881 0.0785078824176304 0.0476524526301334 0.0618310337070238 0.0965494447559074 0.0717885507525194 0.0224148264409472 0.00251682496941768 9.20602713093862e-05 1.05549506339568e-06 3.74553737892963e-09 4.09691801982623e-12
0.414075173417373 0.300290374382561 0.224819870533576 0.264508690515693 0.250008103546407 0.152772329288595 0.222358438937597 0.362194075342377 0.283499850181947 0.0913588761182148 0.0103766395055613 0.000380918098146209 4.3740419684546e-06 1.55401042517829e-08 1.70177805769312e-11
1.42787092382414 1.04731160512227 0.724125236270871 0.676679015720555 0.511972766808677 0.321585924837841 0.534356408456576 0.862090662187326 0.678064867723717 0.219166348579412 0.0248515772865875 0.000910532703323918 1.04474393356795e-05 3.71243003615939e-08 4.068338500249e-11
3.13092981174382 2.3411790534835 1.50403748353998 1.18257105546776 0.734568275099986 0.50523583485294 0.958927036848957 1.41315134240202 1.02712480845154 0.316214493526398 0.0349262213227922 0.00126330244874134 1.44136196248466e-05 5.11153364970416e-08 5.60001904810963e-11
4.65849336276724 3.57978222925438 2.09090700628811 1.42743972367949 0.804787433447072 0.654788602984383 1.35985399748287 1.74749655863878 1.06953540074663 0.288642585736261 0.0295684968249443 0.00103020286098622 1.15530229867706e-05 4.06702455828632e-08 4.4435728992921e-11
5.46790995256033 4.24678391585453 2.13380422318538 1.2690985176194 0.75168352950547 0.716391248012997 1.46349103139123 1.67382730896353 0.841874629401342 0.183524281648088 0.0160599076017107 0.000510697599929628 5.46846367711385e-06 1.88413974466772e-08 2.03979993792846e-11
6.03299800908244 4.47317665617151 1.86872529885977 1.04735498774871 0.739554462422465 0.711001970189343 1.18547450579369 1.22301891238582 0.52963474598305 0.0919997316428178 0.00633530576437654 0.000167398905145892 1.60097136799868e-06 5.22249036492505e-09 5.82463598198449e-12
6.40315133220602 4.37602469092797 1.60963887042237 1.01946300369819 0.804577532875696 0.683564645241662 0.830505439439465 0.752880003675068 0.28945197499527 0.0412161927870482 0.00216944359671718 4.33441479363279e-05 3.61188249506709e-07 2.50327868266742e-09 2.31779718268707e-11
6.30859553822176 4.08523798400507 1.42155081265674 1.05919995955189 0.837007016267294 0.5849848744853 0.561269012689666 0.462842149143075 0.161328354348649 0.01935386091534 0.000807340774043387 1.97794878657948e-05 1.31832069517221e-06 5.77224391556104e-08 8.07098555937463e-10
5.94393460333405 3.80659747926133 1.24579427614692 1.01266636162856 0.851139270352641 0.459768055097281 0.321465408976193 0.251770554231393 0.0843520690536008 0.00959019804967377 0.000707869731862484 0.00017987388844362 2.62143009853633e-05 1.19930918252296e-06 1.68026500983542e-08
5.3121651008588 3.35726535131573 0.981513244594339 0.820072242578659 0.821670712820971 0.387967991359433 0.149065691560482 0.0981547835058405 0.0368922005470214 0.00852950579063217 0.00475513114491859 0.00211113674606207 0.000313749184262367 1.43617601976564e-05 2.01215883532778e-07
4.37855075410038 2.65126745321278 0.657148145902382 0.51418112230206 0.623137239995782 0.301645356471636 0.0717283439684348 0.0466589924300355 0.0463765744164224 0.0358592219111276 0.0318671687149956 0.0145258443421274 0.00216085088402219 9.8917424990053e-05 1.38589117139871e-06
3.24867880103877 1.87365375196001 0.389548119813313 0.232574544849756 0.320997550682881 0.166283212466504 0.047346159831861 0.0921442653213079 0.147596979446294 0.134802006250818 0.125511270765655 0.0575140706784569 0.00855963128883617 0.00039185040811502 5.49007345086152e-06
1.95596542464108 1.09717207547259 0.202622298487307 0.0730500619709041 0.104692862474104 0.0588677888895143 0.0471430841328209 0.187909353473797 0.31380138283474 0.297404688819986 0.284603694973371 0.130981377675093 0.0195015380735219 0.000892791538373939 1.25086181998943e-05
0.833118456970176 0.462607215485054 0.0809028425286946 0.0158700954658643 0.020868051995009 0.0144029993578225 0.0476038625996519 0.228993115134115 0.386122239615981 0.378085907955329 0.371296642958778 0.171569669607152 0.0255544186935046 0.00116993592828449 1.63916500338761e-05
