7.67844529703492 1.21809646891685 0.0615798150841605 0.00296947847513949 0.475641109527743 0.111283660954993 0.00311189248189998 0.0015650633314085 0.000460790646037889 0.0802654941571623 1.35103983431185e-05 2.19745883537274e-15 3.45371634924448e-31 5.24524657250678e-53 7.69765557079671e-81
11.53010588166 1.98838380858426 0.100106423144302 0.005194834591141 0.851751042139324 0.210398912778421 0.0112646410578546 0.00566542541552333 0.00117607568364815 0.204861430119944 3.44825576061617e-05 5.6085689669176e-15 8.81491203616694e-31 1.33874303704089e-52 1.96467080326753e-80
14.6994290559442 2.62657509462927 0.131349124049497 0.00746635860662807 1.2548710730985 0.322161478453651 0.0327940163852925 0.0164935374509563 0.00241405792375656 0.420505993965908 7.07801471081015e-05 1.15123518701358e-14 1.80938078257102e-30 2.74795246292198e-52 4.03275447437863e-80
16.2472984054518 2.80782952267421 0.139130239374616 0.00901877327945317 1.55447180963953 0.404336134514866 0.076781135779123 0.0386167543530398 0.00398511587979747 0.6941684248815 0.000116843383770874 1.90045118953088e-14 2.98691344682713e-30 4.53630117098982e-52 6.65724356271647e-80
16.0191706366773 2.42959984684471 0.118994117442875 0.0095154415207533 1.67925113512679 0.428763500784392 0.144575996865501 0.0727140613619975 0.00529072451635355 0.921590934793759 0.000155123453349594 2.52307440890683e-14 3.96548194493198e-30 6.02247795611302e-52 8.83828059330262e-80
14.6363038957218 1.70316388727432 0.0821883984967811 0.00920308783872519 1.65674001971819 0.409802453356098 0.218936982600755 0.110113789611003 0.0056489843968003 0.983993449086458 0.000165627130359988 2.69391613588039e-14 4.23399157800627e-30 6.43027034267541e-52 9.43673584087933e-80
12.9964090077546 0.970896379750139 0.0458497827032553 0.00842084892132838 1.54276667107785 0.387291729866722 0.266638651418179 0.134105222315535 0.00485072644332009 0.84494199198325 0.000142221797901971 2.31322969497392e-14 3.63567184444394e-30 5.52158699570122e-52 8.10319864081912e-80
11.7547809720629 0.459474543135329 0.0206612462263875 0.0072351057480727 1.35597065321149 0.379320237133204 0.261160825145935 0.131350081238618 0.00334984402113436 0.583501874424472 9.82158378293305e-05 1.59747518267312e-14 2.51073015207341e-30 3.81310952983541e-52 5.59592450205211e-80
11.1141543516132 0.205772085219547 0.00752200645246774 0.00571684048256078 1.1158089265039 0.364103278676075 0.205718763068853 0.103465527238761 0.00186047604600835 0.324069598375564 5.4547840400452e-05 8.87217614124079e-15 1.39442793189719e-30 2.11775304940473e-52 3.10790605035964e-80
10.9391219929603 0.147536433986233 0.00221414547099896 0.00429763734373109 0.903766528906848 0.31244056390991 0.130322911552176 0.0655453185926093 0.00083100895219625 0.144748809475857 2.43643186433494e-05 3.96284298293359e-15 6.22834675186302e-31 9.45914810280811e-53 1.38817619118663e-80
10.9731010401765 0.222311373592117 0.000530761937150835 0.00354408173317639 0.826024515218806 0.225595509015023 0.0663970450654421 0.0333939933615814 0.000298517674551067 0.0519962932147931 8.7520875698086e-06 1.42352221376417e-15 2.2373306221029e-31 3.39789073289614e-53 4.98657063447376e-81
10.934168708804 0.384449932019284 0.000110738707463873 0.00360101214038751 0.904952316737504 0.133352862637141 0.0272055817538371 0.0136828229807869 8.62418341358143e-05 0.0150214010729024 2.52842288330383e-06 4.1124658676734e-16 6.46350701740645e-32 9.81629195948334e-54 1.44058879676978e-81
10.5187200512863 0.570454860557449 3.05854260177146e-05 0.00399840714141418 1.03222414453781 0.0638959233905068 0.00896496996921473 0.00450882868519527 2.00378316648191e-05 0.00349003011115023 5.87446667166756e-07 9.55478762573546e-17 1.50171305625227e-32 2.28068968747795e-54 3.34702352604236e-82
9.50888566189955 0.689756267831388 2.01528514972597e-05 0.00404997682497926 1.05099463396677 0.0247836599176743 0.00237586420805902 0.00119490240325249 3.74429446782731e-06 0.000652121591987608 1.09766003042978e-07 1.78533798252662e-17 2.80599157532498e-33 4.26153053830722e-55 6.25400423695304e-83
7.96448970469282 0.673533710004307 1.80091392532977e-05 0.00342920280719082 0.890030885425436 0.00782755732748898 0.000506380444291782 0.000254672357709438 5.62701731301693e-07 9.79960702542181e-05 1.64948332916552e-08 2.68287553291944e-18 4.21663921156465e-34 6.403916863872e-56 9.39806082339126e-84
