0.471596442547394 0.475973834392798 0.426232313303182 0.414381470327025 0.465371472322304 0.517221240880556 0.500207795813388 0.403287997735105 0.267843668221178 0.145089680635045 0.0636018928580063 0.0226640657480683 0.00671963609448407 0.00171723733781493 0.000387686533169046
0.723669955632583 0.735475360921142 0.666895544785834 0.646525678835748 0.712667392064181 0.787962258122778 0.775830397821896 0.647580294847714 0.449761458966773 0.257276870837052 0.121161658429603 0.0477211747722248 0.0161771732438288 0.00483076748613288 0.00126636157154932
0.997273595469749 1.01969829795953 0.93041906727868 0.887644599595003 0.94555781809751 1.02726254107014 1.02211097574146 0.880718670014098 0.641789884853837 0.392553480963805 0.20303912971002 0.0906257398833316 0.0355934907189619 0.01229398785648 0.00363757544580518
1.24183369594928 1.27377571119824 1.16331064960007 1.08811371772466 1.11632085570694 1.18302477755628 1.17977618288139 1.04485971595534 0.801946745908054 0.531538302346983 0.307272009001317 0.156889404299307 0.0707353438307765 0.0275525581680167 0.00893470593188555
1.40939737679913 1.44317519946141 1.31330422948907 1.20996991568193 1.20798704923685 1.25151464669408 1.24272275459337 1.12345553558596 0.907573812924104 0.654843969859332 0.423621402219834 0.244756302071613 0.123804907012255 0.0529322984765561 0.0183691693672417
1.4842025440964 1.51020015755113 1.36595401612524 1.25099547402777 1.23739246733565 1.26557577773983 1.24596702961231 1.13627227142135 0.953863708657776 0.739243453980089 0.525830608634892 0.336038054480838 0.1860463545412 0.0853678136314977 0.0311398555928453
1.48454289420502 1.5000789026589 1.35156743161238 1.24304241781653 1.23626998289975 1.25889681007482 1.2239405834574 1.10689472791557 0.939761544278363 0.758424181892956 0.576108129997292 0.397034641151697 0.235443910280995 0.11389209130536 0.0430767670592364
1.43713636578131 1.44750824882134 1.306798730052 1.21517334834123 1.22107363153959 1.24068068662185 1.18746757590297 1.04833738299554 0.871521740899008 0.70325969619917 0.55041155724304 0.398242329591887 0.24788678283784 0.124495030604375 0.0482929565709874
1.36975357075534 1.37664865898217 1.24369560966088 1.16408823749312 1.17735455723436 1.19475172615284 1.12949984687617 0.970231467298504 0.773194640620728 0.599227182230768 0.462409618511995 0.33931261282182 0.216468705023882 0.111101985329096 0.0437549767916881
1.32938034164267 1.31939732667187 1.1672216530414 1.07223271928046 1.07910571585935 1.0986263683752 1.03901653800889 0.880747844538363 0.675666916971909 0.492053442409356 0.357175122254825 0.253069436667868 0.159624005558981 0.0818324994535922 0.0322648176197476
1.36855441270615 1.31746110376316 1.09874410285814 0.944250215696464 0.923479743778146 0.948064048702323 0.913033744779797 0.782922027766459 0.595893289478625 0.416280028573488 0.280137368737383 0.182548451621976 0.107745783546413 0.0527907524998144 0.0201971331647122
1.48249825360398 1.37393293731804 1.05450013657232 0.80738195367785 0.74035448363892 0.767387423243962 0.765563363235101 0.680682126387297 0.535212248583344 0.381183400792873 0.252016308214606 0.153186107210305 0.0815222318233665 0.0358485681345547 0.0124700959515137
1.57527060845355 1.41694092855659 1.01027761076028 0.680046200302532 0.568027768720459 0.594168652910631 0.622302125392889 0.583594997848799 0.488919597383491 0.375508948275326 0.263554797303301 0.161287862144421 0.0811518116730781 0.032187069095061 0.00984457428044409
1.52079153675099 1.34370922529482 0.913438346158026 0.556143118943801 0.425005216674121 0.450881190063958 0.498598398554576 0.494863170012625 0.444865208962012 0.373037260453923 0.283190372459939 0.180737338715716 0.0909453015515969 0.0347922279387919 0.00995727167743826
1.26946291660613 1.1111073964157 0.736341358680603 0.423003552112081 0.306769959732768 0.333700075177117 0.387458277260095 0.402616343794335 0.38272378398794 0.342925687925772 0.275421795215778 0.181771920171162 0.0926066928085824 0.035300804563233 0.00993622683089948
