0.00739629987595321 0.0626017425903871 0.291285963572991 0.6598447049289 0.719408822955535 0.373690854224687 0.091245793622513 0.0103366073230621 0.000537568580216257 1.2738729009334e-05 1.36871659089594e-07 6.65123095175864e-10 1.4860246388633e-12 2.33975624579015e-15 1.29106546457295e-17
0.0194406821047305 0.117879497482101 0.515096569036738 1.12491930168706 1.18710207797795 0.600210779127749 0.143636152193285 0.0160479435243294 0.000827125898758434 1.94907255721864e-05 2.08808428421395e-07 1.02882646420404e-09 3.38585262827269e-12 3.76459515079088e-14 4.83315652337118e-16
0.0566353954853156 0.18280341231978 0.696620166097504 1.45861336969713 1.48695407241385 0.729549760095241 0.170522900364446 0.0187342946926243 0.00095483978074162 2.23500480015738e-05 2.41580344703735e-07 1.66359949953998e-09 3.69652173781564e-11 1.04413825808499e-12 1.41691432108488e-14
0.175146560814733 0.270429898736964 0.733440130645624 1.44039159318051 1.41542740339482 0.672172677761224 0.152933917590514 0.0164679820045389 0.000828111592433731 1.94216849568815e-05 2.78774208908081e-07 1.22305766227017e-08 7.5834985357009e-10 2.28672212698462e-11 3.10998718251261e-13
0.485687269364822 0.454444783513001 0.641853215446648 1.08918559392148 1.02497152075347 0.47014080712751 0.103798650404452 0.0109199878359729 0.000544679555149642 1.60924114179235e-05 1.3653231491124e-06 1.85174163143544e-07 1.24060958844311e-08 3.75075246726407e-10 5.10153366595363e-12
1.10018961023493 0.841297738424859 0.559559881344814 0.647667711513816 0.566636936143807 0.250124854491279 0.0534345983638512 0.00550651669594742 0.000326716669179432 5.15739622612531e-05 1.52027865233162e-05 2.26260941587518e-06 1.52064842527809e-07 4.59786590476834e-09 6.2537438890918e-11
2.0136854154049 1.46764786783217 0.613601223465107 0.344574963754529 0.246436054523465 0.102519275270725 0.0211271774347906 0.00243305769571593 0.000664659646364477 0.000419768970591782 0.000138720439687301 2.07247829530961e-05 1.39303619305969e-06 4.21203138639217e-08 5.72895544565375e-10
3.07860858668576 2.25719913603606 0.833730680646075 0.25279080885854 0.109174074548411 0.0377008615272473 0.00780824092678227 0.00307072601177886 0.0039076095415418 0.00285942883700766 0.000949521134505372 0.000141879353696473 9.53660204160029e-06 2.88351970645589e-07 3.92199261790687e-09
4.13867654281945 3.10620199476088 1.19647634817467 0.350599687027094 0.113323537436194 0.0305497289254421 0.00914081606151842 0.01285282913639 0.0198650961088461 0.0146261631938811 0.0048576909194216 0.000725849281051117 4.87888923703331e-05 1.47519768838311e-06 2.00647647062581e-08
5.08678746711264 3.93335056854198 1.66949454925651 0.602737283920866 0.222842685592762 0.0694482047406382 0.0298095669948361 0.0490322364844268 0.0759667921370964 0.0559195241276384 0.0185717908957422 0.00277504327648301 0.0001865280853332 5.63992715629096e-06 7.67109467513506e-08
5.75723743183017 4.60803420450512 2.16301056656868 0.937869400584248 0.416461878971583 0.16955241785568 0.0885206696834262 0.141467035591567 0.217181419030604 0.159771255154482 0.053060815167619 0.00792846390281489 0.000532921790904724 1.61136059347942e-05 2.19167718336651e-07
5.95193986269149 4.94515404920211 2.50023424122529 1.21643508139924 0.659072860878398 0.353548830139364 0.20440068402226 0.305947710611891 0.464070405607723 0.341140477830547 0.113289643147488 0.0169279484787885 0.00113783345197496 3.44039220126611e-05 4.67941757845409e-07
5.62377502334185 4.82025891236872 2.51333310803331 1.30214641186131 0.887047126461495 0.601339208235624 0.360655015597944 0.495862839217344 0.741162758068923 0.544336944884013 0.180760149351527 0.0270094405156665 0.00181547339805802 5.48932750707483e-05 7.46625794837553e-07
4.88571723015575 4.23319014721701 2.17217308004837 1.16360526420729 1.00872981819857 0.807229271000726 0.482953879951289 0.602448154235321 0.8847595583734 0.649087303157502 0.215531826911812 0.0322049652175534 0.00216469669680969 6.5452509585557e-05 8.9024624423228e-07
3.88091253697698 3.30407455024582 1.60653775903685 0.876706230497023 0.942771991538766 0.835191774233934 0.488857661677212 0.548899417951935 0.789469982738016 0.578415770586226 0.192050931699963 0.0286963110023606 0.00192885771457826 5.83216007400138e-05 7.93255847778102e-07
