11.1918445901736 0.315007207609553 0.02702292792939 0.53501006014204 2.02487104283168e-11 9.26241013011715e-37 5.12084771602536e-77 3.42177091872628e-132 2.76344749325812e-202 2.69738364356737e-287 0 0 0 0 0
15.2202822612766 0.458151209215849 0.0675221992233857 0.961585998924327 3.63934772347513e-11 1.66475447116841e-36 9.20381845725714e-77 6.15002829311292e-132 4.96680832052771e-202 4.84807023010599e-287 0 0 0 0 0
18.552044808151 0.601604011341836 0.146062958142304 1.49319841621028 5.65135959010476e-11 2.58511328420791e-36 1.42921456415097e-76 9.55006886248055e-132 7.71270622297771e-202 7.52832382893301e-287 0 0 0 0 0
20.6444732296289 0.710242758915799 0.273378784686668 2.00331903061143 7.58203068847262e-11 3.46826421881948e-36 1.91747640776187e-76 1.28126540238456e-131 1.0347594121631e-201 1.010022126422e-286 0 0 0 0 0
21.4850162177056 0.749003998279794 0.442528795244966 2.32212673876812 8.78863322657529e-11 4.02020295148653e-36 2.22262314158808e-76 1.4851656700069e-131 1.19943077585724e-201 1.17075680441974e-286 0 0 0 0 0
21.4686453349398 0.700535603145238 0.619357684127349 2.32554596877443 8.80157410440948e-11 4.02612252440789e-36 2.22589585690173e-76 1.48735251146491e-131 1.20119688518741e-201 1.17248069258175e-286 0 0 0 0 0
21.0487874543172 0.577264525872612 0.749329163202251 2.01218146618082 7.61557265429684e-11 3.48360739067895e-36 1.92595908618675e-76 1.28693356202468e-131 1.03933705979671e-201 1.01449033936364e-286 0 0 0 0 0
20.4981601995241 0.416840163780463 0.783554220360747 1.50422418498574 5.69308919779057e-11 2.6042017462768e-36 1.43976787651943e-76 9.62058651768366e-132 7.76965680270092e-202 7.58391293008721e-287 0 0 0 0 0
19.9265660970293 0.262694631587096 0.708082559030886 0.971541141316718 3.67702529453157e-11 1.68198940161333e-36 9.29910408266662e-77 6.21369852899564e-132 5.01822887378051e-202 4.89826150735142e-287 0 0 0 0 0
19.3993767213635 0.144075128400238 0.552947365808356 0.542141972963552 2.05186343947534e-11 9.38588201687926e-37 5.18911080526854e-77 3.46738458789745e-132 2.80028542973117e-202 2.73334092068141e-287 0 0 0 0 0
18.9430761911187 0.0686433357133901 0.373116980725616 0.261377424515025 9.8924416114622e-12 4.52512033879763e-37 2.50177349373955e-77 1.67169505145187e-132 1.3500732834407e-202 1.31779800457749e-287 0 0 0 0 0
18.4323273054304 0.0283848608018361 0.217545798328208 0.108874537552861 4.12061220556707e-12 1.88490029378634e-37 1.04209241750011e-77 6.96330320010904e-133 5.62361514846835e-203 5.48917522630828e-288 0 0 0 0 0
17.5434416391523 0.010189073424902 0.109594529021877 0.0391821063425112 1.48293870416045e-12 6.78343765366411e-38 3.7503145215539e-78 2.505975158326e-133 2.02384406610742e-203 1.97546140983946e-288 0 0 0 0 0
15.9111525973557 0.00318314399424591 0.0477035870656424 0.012182949422907 4.61092292285609e-13 2.10918415476604e-38 1.1660907593037e-78 7.79186507791295e-134 6.29276784705952e-204 6.14233094887304e-289 0 0 0 0 0
13.402860343285 0.000874496388348087 0.0179403599292887 0.00327280635771181 1.23867031972205e-13 5.66607565350158e-39 3.13256594789692e-79 2.09319309144104e-134 1.69047821693486e-204 1.65006511008136e-289 0 0 0 0 0
