2.56090710309399 2.36848234190094 1.1298054669883 0.283133350368758 0.0504883525760569 0.0354806783963474 0.0434669541887332 0.0401103626922411 0.0590420707486191 0.106058430497731 0.112133426906825 0.060735081582623 0.016632433958354 0.00230033924035073 0.000160659235959311
2.9545212719592 2.82198337577677 1.40869021956342 0.381506772462455 0.0949611235373551 0.0985094134398746 0.119223707906982 0.100746625893025 0.12596917955589 0.215554951574272 0.226781248361188 0.122783754439809 0.0336245787820514 0.00465059344183828 0.000324818095516568
3.04123243324315 3.04631427310822 1.62564632970403 0.494241208627118 0.180272680579033 0.229948668658951 0.26800651976615 0.208157591416976 0.218933326804111 0.352091406031343 0.36802341143745 0.19916671101561 0.0545469120600706 0.00754541229933939 0.000527087604064018
2.96130414904863 3.13855298901298 1.81393480287794 0.634765928039074 0.326540981808025 0.451389897508357 0.498453287871525 0.356117842220585 0.312265091356265 0.463877272241395 0.480745684366919 0.260092490632641 0.071264200111129 0.00986318481011773 0.000689399310780028
2.87778301610993 3.19142613361651 1.9818474700764 0.798365930256011 0.537320862355212 0.752395622222634 0.778527760169603 0.511031884730741 0.371117743084491 0.49867360707931 0.511362089803084 0.276846202881644 0.0759874031479456 0.0105375906671103 0.000738104067504983
2.83480460129933 3.19258476046318 2.07991139271801 0.952158830859427 0.784792047189069 1.08020472137536 1.04255057970304 0.629067572904398 0.379930247512993 0.453986909055487 0.460865322941729 0.250644030946175 0.0692152549256847 0.00966194422375427 0.000681553444261838
2.76389701294999 3.07292345359727 2.05574558163144 1.05695823737852 1.011208687128 1.35409528366492 1.22524317229674 0.685744521794628 0.357610448263973 0.387658003065691 0.393998546536225 0.217442005400664 0.0610296744238083 0.00866545884067237 0.000622193585858772
2.5984571608529 2.82802659375256 1.93178540140352 1.09862028800122 1.14837830862073 1.49237502305088 1.28565816234167 0.682981578329157 0.33783378684678 0.367722684905772 0.383719416307984 0.217172717645535 0.0624883882212121 0.00909572779986238 0.000669489267184531
2.36029326942644 2.55661829196133 1.80076515170652 1.09078696312661 1.14666571817224 1.44076301128236 1.20619047772863 0.628744572318104 0.33343493149267 0.409170078601846 0.443060134891939 0.255861480069741 0.0749546597520246 0.0110986996592762 0.000830420385849437
2.13317925888948 2.36641662180659 1.73039140527899 1.04657456881084 1.00193235873517 1.20294817014149 0.996059221880209 0.52576634767389 0.325175064640643 0.461069215220276 0.51221573369415 0.298458144381176 0.0880660826800077 0.0131273431203185 0.000988347478487274
1.96420556411618 2.25522474133351 1.68471285806795 0.957368002099769 0.762834317867802 0.854632434766193 0.70678406335027 0.386117950041276 0.286766340889983 0.45618509634021 0.514052604060421 0.300476107488931 0.0888574134567644 0.0132717794585857 0.00100107249724011
1.80699566417118 2.10526877452544 1.55785423235176 0.807315626587362 0.505603578448325 0.509308058200363 0.421304341541647 0.241306004230682 0.215338316588228 0.372520439318241 0.423246578840803 0.247684512715483 0.0732917088381273 0.0109528999723995 0.000826581528561377
1.56998901012361 1.80100790058551 1.28534761187805 0.605035303286484 0.292540864351658 0.252223335425599 0.207484057037532 0.12562509306965 0.133690290385457 0.246083570894944 0.281083373192078 0.16457533520191 0.048707933744618 0.00728011741691653 0.000549482631830703
1.21643184521259 1.34413847206202 0.910279195509663 0.391664652637144 0.148303956002258 0.103440722059272 0.0835351070581456 0.0538312196459298 0.0677256165303387 0.130711154842441 0.149862409200646 0.0877705503860758 0.02597821089329 0.00388298185179606 0.000293087082282136
0.807540149240072 0.850472417297127 0.542269039605956 0.214884080585886 0.0658876551422266 0.0352241388131297 0.0273325047633008 0.0188739722732818 0.0278237322259492 0.0557216283212182 0.0640636776473371 0.0375277693730314 0.0111076790532928 0.00166029136200683 0.000125319837065622
