2.56518493223715 0.315764384723324 0.00484134888761429 0.00242831212673649 0.167523516778901 0.420568635562978 0.0295826099339618 0.00455232361371959 1.93159902486071e-05 4.82211969368492e-09 0.00010642768233973 0.0364081615694144 0.152715065160341 0.00785423697964186 4.95296326151272e-06
5.63101801508486 0.717874236700641 0.02639574833941 0.010372563331264 0.291124193497347 0.599765710766946 0.075916013351914 0.0187258363345046 7.94662015684669e-05 1.19982358906457e-08 0.000218892854922278 0.0748817060787924 0.314093437575465 0.0161540335911057 1.01869010458146e-05
9.3476610348151 1.26603641862106 0.10624873993249 0.0396599620467427 0.404099876868463 0.643078104290526 0.178559889593825 0.0537044170072928 0.000227286116556805 2.35129746246752e-08 0.000312691608453322 0.106969599575488 0.448687015909907 0.0230762704972471 1.45521353992564e-05
12.1258907357282 1.80405336922328 0.310490394762296 0.119048446397342 0.469372892612649 0.534017961137288 0.344412499839673 0.107939201104844 0.000453150010005866 5.0757999856663e-08 0.000310247702414292 0.106133544414828 0.445180158852743 0.0228959105153961 1.44383985249718e-05
12.8925922298027 2.17412067875414 0.658643346373851 0.262255800079716 0.489430018987999 0.358127821281508 0.525574357076309 0.154829298979355 0.0006377956776325 4.28253943240606e-07 0.000213801260938659 0.0731396073732227 0.306786155200514 0.0157782152172618 9.94990608328987e-06
11.9987637869722 2.32273026966657 1.0230796586863 0.414592042927401 0.478574171606614 0.221000150156128 0.673170566028181 0.167914113739413 0.000688231562585646 6.53073311651134e-06 0.000102347789789632 0.0350074308601863 0.146839660515525 0.007552061026122 4.7624079726698e-06
10.5365995690101 2.29543010662877 1.18240605492049 0.475308027394242 0.434347309075357 0.180381658472016 0.799250494548364 0.159674461700363 0.000971852795976405 7.55704556680422e-05 3.41907502201946e-05 0.0116379239150931 0.0488156015488828 0.00251061872950218 1.58322219753765e-06
9.17110971520017 2.13266553935132 1.0426150059271 0.427918845056602 0.403015378391815 0.246232732248756 0.902876428138571 0.161951241100262 0.0038414104221079 0.000610373529182158 9.23660100657268e-06 0.00268719047748152 0.0112714964261394 0.000579700528910721 3.65565163085417e-07
7.9492327434097 1.82698442619566 0.73342874648148 0.386384570509967 0.497110081338844 0.409627465811842 0.908934614774403 0.176008466800161 0.019208628587424 0.00342515093266034 9.01211113828209e-06 0.000430952349966271 0.00180764093854554 9.29681710873235e-05 5.86266924564503e-08
6.89779873784293 1.42704762390433 0.46452991953358 0.455962059453677 0.747919232014278 0.619554903377228 0.781818157022158 0.186682186677311 0.0733514654429981 0.013350059123989 3.035645950677e-05 4.80037176303619e-05 0.000201349436165793 1.03555349022099e-05 6.53030766157214e-09
6.16617621349952 1.06589516396257 0.357447294334743 0.619564120188105 1.00432796751278 0.758445470547972 0.632711849363684 0.218285526859877 0.197876801934856 0.0361406770332575 8.18105481626055e-05 3.71602465507236e-06 1.55774485574066e-05 8.01158499808294e-07 5.052188553114e-10
5.6979169665379 0.826395106686371 0.38544968897711 0.789304803615552 1.08003986783815 0.728439536853648 0.615630647664276 0.313085469679093 0.372316720354594 0.0679544107977748 0.000153806144063667 2.03825368898856e-07 8.37047093873785e-07 4.30498865327691e-08 2.71477047308062e-11
5.20767337138927 0.675960922250733 0.420590341579544 0.88484967131452 0.971134351031761 0.552748562628431 0.714874376896367 0.433538871719435 0.487257645931136 0.0887456428804424 0.000200863076978747 1.30222187396181e-08 3.12400085135005e-08 1.60669423776205e-09 1.01319804237463e-12
4.40471125429904 0.539684781779358 0.365283839934439 0.843544301766261 0.815131200670831 0.33994856114237 0.735816896478682 0.462880092248317 0.443265987153633 0.0804978782233299 0.000182194705074875 5.24939074698443e-09 8.09805875618139e-10 4.1648764214081e-11 2.62641424716879e-14
3.20905232282399 0.380319044957304 0.237436331338334 0.650642651526609 0.667663951232953 0.175968224138584 0.563677935036756 0.352605740385434 0.280285811875609 0.0507142356723573 0.000114783402688975 3.18898352482249e-09 1.4581051033571e-11 7.49857365771465e-13 4.72867828363861e-16
