633.593999018287 0 0 3.43594381556947e-07 0 0 0 9.87823296602038e-31 8.66302496085085e-34 0 0 0 0 0 0
830.734380272459 0 0 6.94613227873616e-06 0 0 0 5.63280206162752e-30 5.07046885529512e-33 0 0 0 0 0 0
900.448361784464 0 0 0.000107449004973772 0 0 0 2.45771810591115e-29 2.27085302118974e-32 0 0 0 0 0 0
851.73247287147 0 0 0.00127181545814575 0 0 0 8.20544238160598e-29 7.7820189647411e-32 0 0 0 0 0 0
767.773732812237 0 0 0.0115188242783859 0 0 0 2.09620756592959e-28 2.04060006663492e-31 0 0 0 0 0 0
728.047050103961 0 0 0.0798278733378867 0 0 0 4.09759395808748e-28 4.09435844528588e-31 0 0 0 0 0 0
758.90771724507 0 0 0.42331466944794 0 0 0 6.12894762344494e-28 6.28602606866451e-31 0 0 0 0 0 0
848.969039906628 0 0 1.71764903776771 0 0 0 7.01463781075544e-28 7.38463182030844e-31 0 0 0 0 0 0
986.31737660017 0 0 5.33295470225862 0 0 0 6.14309096666667e-28 6.63810120723805e-31 0 0 0 0 0 0
1163.81493743157 0 0 12.6696235764337 0 0 0 4.11652723966175e-28 4.56584584453389e-31 0 0 0 0 0 0
1350.16547729842 0 0 23.0314818557947 0 0 0 2.11075289379498e-28 2.40303984506306e-31 0 0 0 0 0 0
1475.22963570298 0 0 32.0363038349093 0 0 0 8.28144545577154e-29 9.67749715035186e-32 0 0 0 0 0 0
1463.18766540521 0 0 34.0977151886813 0 0 0 2.48620680539903e-29 2.98213627047315e-32 0 0 0 0 0 0
1286.97919097026 0 0 27.7696564207558 0 0 0 5.71124391877259e-30 7.03160182783361e-33 0 0 0 0 0 0
991.939399344257 0 0 17.3052583298476 0 0 0 1.00389090353329e-30 1.26865462905037e-33 0 0 0 0 0 0
