1.95699916293663 1.01965001542301 0.153223326072199 0.0972665656510428 0.0520491777526033 0.0765254615728548 0.18214023584185 0.294660915892773 0.171851170131648 0.0421412494436726 0.0432930817569512 0.0129902081283758 0.000428114425430618 1.52925409292348e-06 5.92009252625568e-10
3.51826438280628 1.90374434099187 0.318542151012421 0.22273594636813 0.140509945287392 0.18663542705478 0.406989628114145 0.561320632949106 0.294871147837338 0.0843854212514137 0.11029990218419 0.0332467131609758 0.00109573573736846 3.91403893240149e-06 1.51521361165717e-09
4.76522003502496 2.66390931927627 0.501986154477748 0.379649572740285 0.285287609036933 0.330978066746108 0.677871608131433 0.803901999652731 0.365134252790713 0.125363936658388 0.199861748765498 0.060413557541472 0.0019910569180333 7.1121206181778e-06 2.75326003327392e-09
5.09390294893531 2.90607811226626 0.621431733699042 0.491009672573876 0.439580099259561 0.43212515640227 0.84540273706199 0.879155509414787 0.329666052410845 0.138637709914504 0.257733720305456 0.0779621654265465 0.00256872766255969 9.17504890027213e-06 3.55187836710795e-09
4.77145668392169 2.68512050569509 0.636716407152755 0.498994791179301 0.517850067769819 0.424227802951815 0.807993170675163 0.757686215967113 0.222625205060134 0.116945946373473 0.238317709294126 0.0715718401486652 0.00235384762197342 8.40486206788912e-06 3.25495973618605e-09
4.56326039009127 2.38535963960948 0.581563734393018 0.430684198104058 0.471433215071017 0.323875899333805 0.627094153256906 0.552012171724269 0.122834650740027 0.0885295129630335 0.166022630039922 0.0472773776027254 0.00153657497386802 5.48503468865239e-06 2.15047583967631e-09
4.83744381165192 2.25453547168296 0.521810433769141 0.367253276009563 0.347041262426867 0.205265782510435 0.437875694281631 0.387876358222648 0.0759308455497974 0.0970903621933769 0.111479581027357 0.0241669455149723 0.000736138096975161 2.75004258765449e-06 1.42601272148997e-09
5.43188923558298 2.2855916024919 0.503394336097561 0.361092696195123 0.250109713527495 0.131960882056365 0.320815499107973 0.317340069457058 0.0827598584555571 0.164117608254339 0.115778894716464 0.0135965461387417 0.000373957320513813 2.79964592381098e-06 4.40365871785943e-09
6.04186682454165 2.39868809975502 0.549287860981398 0.416115813589681 0.25116456873084 0.128086975574987 0.302586345280279 0.344125523337446 0.126324060050263 0.266770178604753 0.16258903137646 0.0152187549187554 0.000769703860127848 1.27825970702142e-05 2.64464467593417e-08
6.40723651071506 2.53989572815574 0.676864594379481 0.526014098959881 0.335487188778987 0.176905571148859 0.373913316050563 0.436921744186472 0.183614788234584 0.35599824594758 0.212669630988798 0.0295136900486472 0.00305941139433981 5.76058556564576e-05 1.20967944366567e-07
6.39292963101808 2.6729817259685 0.87323150436422 0.687611185043697 0.438253689826339 0.231801311005147 0.473584513253606 0.522615233747412 0.231266877010827 0.399352562624705 0.246842492130784 0.0669409719816473 0.00973833999786537 0.000187350258195064 3.93892863356917e-07
6.05746548303638 2.75901977546913 1.07859802059992 0.89078645500605 0.515833708251531 0.252422137493285 0.525639847565482 0.530675445367682 0.25842791081335 0.395397389811507 0.267116703177599 0.135748207025444 0.0223841446306389 0.000433053709013249 9.10676818669527e-07
5.45534979968581 2.69873744234389 1.21793216760263 1.09371339434313 0.559284894206233 0.232354487617707 0.49660792579562 0.446173489691768 0.271453884410702 0.360180062003129 0.268534483626209 0.212446997744362 0.0366732509567987 0.000710772062002161 1.49479611973652e-06
4.46531879893719 2.34323724964934 1.21947982814673 1.18927164641326 0.549495372592741 0.184601190357113 0.395459007970579 0.309957210606392 0.275579057659433 0.312730874928773 0.235906963290999 0.242855464425041 0.0427059347930484 0.000828258022341024 1.7419187627984e-06
3.08757307781149 1.68553431281042 1.0410463601845 1.06755532139355 0.458977533544295 0.123395272260788 0.256198605983778 0.178384880732234 0.254682036558512 0.255642487221446 0.169535801107754 0.19920136258029 0.0353205405652729 0.000685227448725111 1.44112465759879e-06
