1.74143731652353 1.44306050481068 0.840846569385114 0.418963696799746 0.267985133848738 0.24067209115161 0.236580291978242 0.223115231618306 0.189969713431659 0.159311299518498 0.152083463527255 0.141366272285257 0.100023663196027 0.0484143363513967 0.015565303517301
2.74611041202158 2.29435648738722 1.36976077900933 0.715891817048086 0.46861724730223 0.41459602226657 0.409754278534123 0.391418998246396 0.329815243194372 0.264457979625019 0.239692020629147 0.217472211226413 0.152849212370369 0.0738689965170387 0.0237407618429402
3.69149377699896 3.10711595761338 1.89110969901933 1.01438790770647 0.653174161691687 0.551890939297225 0.538481071447303 0.515715753524195 0.427843831850989 0.326877339484625 0.279463923570118 0.246358804012004 0.17176105367346 0.0828542127769223 0.0266174298203031
4.30443211738574 3.63707426679492 2.23111710759705 1.19610770534573 0.736597329498391 0.58273783864944 0.550005493357301 0.518875064822743 0.419086802614372 0.30282853886538 0.24188483740074 0.205773977746526 0.142000186118826 0.0683324181968316 0.0219396976413691
4.35771418756849 3.67805197464246 2.2437208145922 1.17775512032535 0.695248724079076 0.527262773029611 0.477694442592642 0.428232150471746 0.325638030565896 0.217165787980462 0.158275095695852 0.127811153743494 0.0867344858154585 0.0415421496723225 0.0133182137244237
3.81322196125553 3.20144537813721 1.92446319104809 0.989853709477403 0.60176109360808 0.495563665336771 0.450516765251747 0.366872248431918 0.24574397149676 0.142946945698583 0.0890202330326914 0.0638549157107283 0.0410213124635385 0.0192072321118782 0.00609403826781083
2.929162698952 2.44172794563534 1.44786319494493 0.762860610709786 0.562462536984209 0.583465573400545 0.56687367372424 0.434436640375378 0.263656428907792 0.139863991975452 0.0751129691971767 0.0427412862039824 0.0224941729677644 0.00928695563275743 0.0027314027270656
2.10507108101056 1.74562331274194 1.03847676637473 0.614737819655454 0.614296920986339 0.769759875402291 0.788470379341858 0.611857806684713 0.384152801952946 0.221988636133361 0.128212499924169 0.0704087138537945 0.0329579741653031 0.0119526267973496 0.00313546212230793
1.57643491564306 1.30933486532731 0.804322397863898 0.567143141550717 0.701046179595211 0.933638017007951 0.970724980156526 0.779823160522248 0.534306351857374 0.354505953696387 0.234481843495336 0.141326613516282 0.0695945136530022 0.0257417300627765 0.00675073053356664
1.31342976407413 1.10356707950929 0.712232423645049 0.569038065496517 0.744124156583874 0.971221609411398 0.995951916588672 0.822186061560879 0.614163950942057 0.463022121052995 0.346369396118066 0.229456805399591 0.120386468037617 0.0462183769232823 0.0123574376015676
1.17103996253105 1.00661814117918 0.681629477796974 0.564226013945472 0.705469082654931 0.870191514225182 0.863924558089344 0.719233449188816 0.571959310019765 0.477461639469804 0.396194380649791 0.284564390198897 0.157365708258171 0.0622543023478833 0.0169074333776573
1.04377197109663 0.930079837514679 0.657972502041306 0.52745640128149 0.594640686448816 0.687570519591757 0.66396277795135 0.550516047439247 0.446587712564874 0.392671371051432 0.34988850904566 0.267255493221783 0.153823673896561 0.0622208383274038 0.0170919248495274
0.894116509639784 0.833525596782743 0.613403913693993 0.460021382636253 0.451120705670789 0.496271536741237 0.487597793306775 0.410097829856693 0.321116250009441 0.269359056865696 0.240808331739285 0.189658536944021 0.112028155268265 0.0460160813081774 0.0127419992465825
0.715847359372133 0.694555642675406 0.525627537060769 0.368165861709364 0.314343467202135 0.34148845803549 0.364475455866978 0.323121105023343 0.236958740096989 0.167626668251984 0.132853120972116 0.102044054364419 0.0606987947581973 0.0251452406531815 0.00699894510277367
0.514021345694234 0.509257996693984 0.388898088117086 0.258379251176538 0.200502445415085 0.225053434551293 0.267605065491903 0.252094184625838 0.176294117979644 0.10159141205651 0.0621728663535228 0.042257040007313 0.0245098822875793 0.0101478683502796 0.00283115627303778
