4.08659287011633 1.46138365982903 5.36387338723599e-05 8.3270001266883e-05 5.72798086087489e-26 2.26660026289788e-13 9.9484324883936e-07 3.05701463828678e-25 5.21163266511352e-115 1.39210891433884e-50 3.51094207173883e-08 2.70874210339912e-14 7.15243550100836e-50 1.06235951147141e-156 0
9.6578421318033 2.72452822253943 0.000754267181403124 0.000614571141793425 2.61150732479502e-24 1.03339088112328e-11 1.29832705574948e-05 3.98957570420485e-24 6.80147317568283e-114 4.25585739925066e-49 1.07334050090805e-06 2.99053829536066e-12 7.92477046845804e-48 1.17707531682141e-154 0
17.6169601706241 3.63715087802247 0.00733455833251897 0.00313666650994433 8.233471750781e-23 3.25803973297659e-10 0.000117170238499026 3.60045978051258e-23 6.1381040072686e-113 8.99710900420462e-48 2.26909893338946e-05 2.28524469270389e-10 6.07185645354743e-46 9.01859856660819e-153 0
26.1804439865692 3.56018005842749 0.0493201948233777 0.0110723350816 1.79505108505924e-21 7.10313696918066e-09 0.000731249195483794 2.24693898161888e-22 3.83060664690979e-112 1.31528830357705e-46 0.00033171980970238 1.20841311833932e-08 3.21705407217949e-44 4.77832759486734e-151 0
33.2293482995761 2.62969880420961 0.229338866335565 0.027059060122196 2.70627974316868e-20 1.07089295966891e-07 0.0031565487560004 9.69676018464093e-22 1.65311449579346e-111 1.32966119782705e-45 0.00335344698430208 4.42100638001598e-07 1.17868372459348e-42 1.75071255890653e-149 0
38.0116873084589 1.49888660231878 0.73745003514279 0.0460914311138302 2.82143872183637e-19 1.11646213623276e-06 0.00943830707130456 2.89377055044509e-21 4.93333232270522e-111 9.29529321664069e-45 0.0234430192115765 1.11890420174121e-05 2.98633328162077e-41 4.43563533806934e-148 0
43.2785396636055 0.660645967987861 1.63979516404688 0.0572079544468836 2.03409212902492e-18 8.0490383365304e-06 0.0197636126584567 5.97177713348728e-21 1.01807522894631e-110 4.49352594896223e-44 0.113328124991962 0.000195879219144991 5.23216369847329e-40 7.77139321265445e-147 0
52.5309294593067 0.220786231124222 2.52144014579534 0.0651893596367562 1.01408107427643e-17 4.01278650389567e-05 0.0312920426044565 8.52207107215687e-21 1.45285218519471e-110 1.502150599074e-43 0.378847063046167 0.00237178900584995 6.33908293260544e-39 9.41551314445272e-146 0
62.9629853713669 0.0543880221229474 2.68108008447179 0.109602934275936 3.49604325425254e-17 0.000138340765282352 0.0539320583394422 8.40986014240606e-21 1.43372234068734e-110 3.47249603112851e-43 0.875774322257354 0.0198624406248055 5.31096702829169e-38 7.88844070921194e-145 1.03753785626662e-322
68.0425234041633 0.00976070320925186 1.97139191620263 0.23722313711188 8.33456577375046e-17 0.000329804331226282 0.15579418512807 5.7389766331971e-21 9.78387139901141e-111 5.55101118110843e-43 1.39998232147679 0.115037841378589 3.07696699796392e-37 4.57025464446305e-144 4.05133829589822e-322
67.4801350960837 0.00176422549412971 1.00239344376956 0.422143362491182 1.37401419869805e-16 0.000543706590343487 0.498252290662153 2.70820914869568e-21 4.61698517453342e-111 6.1362706631556e-43 1.54758658700794 0.460773557243757 1.23274750613725e-36 1.83101411848164e-143 1.52666284564945e-321
66.4110474104232 0.00164296852152686 0.352456500546167 0.534703575705891 1.5663958519091e-16 0.000619833294698992 1.21098231420235 8.83755249678155e-22 1.5066358104747e-111 4.69071421802991e-43 1.18301274598233 1.27633174549806 3.41528922815604e-36 5.07276856316409e-143 4.17485470735853e-321
66.1551034316758 0.00291719415219386 0.0856988301854958 0.470357953556854 1.23484909980735e-16 0.000488638031714172 2.06276844224767 1.99426962136913e-22 3.39985310230495e-112 2.47956502860919e-43 0.625354028617143 2.44490364256663 6.54309017199987e-36 9.71852745496155e-143 7.93963492866883e-321
61.4838332816075 0.00381019614608003 0.0144094141505897 0.286296815981767 6.73175522259265e-17 0.000266380047758886 2.43412352317593 3.11198720121437e-23 5.30535050376902e-113 9.0638788503165e-44 0.228593849668966 3.23874576766375 8.66842875131788e-36 1.28753174106589e-142 1.05878267903779e-320
47.7858880886186 0.00344844981748668 0.00167540503171793 0.120516315814903 2.53772643568565e-17 0.000100419529046129 1.98673398074567 3.35810129341741e-24 5.72492855426503e-114 2.29115643530084e-44 0.057783679414576 2.96691456303455 7.94145215519547e-36 1.17955306703256e-142 9.67380534557161e-321
