0.296259855020823 0.341649207221815 0.326441762700145 0.288529867519681 0.271015830257972 0.268440731437527 0.228492984386411 0.142269307320529 0.060809344464111 0.0174908185485783 0.00336388969784327 0.000431517949590918 3.69018221658085e-05 2.10849830742762e-06 8.12002569837584e-08
0.678243305773548 0.736144789851172 0.656573700002909 0.562346315579643 0.544976488168934 0.563205728343921 0.489354901194446 0.307117738918531 0.131854748706753 0.0381078249900846 0.00738507435842394 0.000961347712965446 8.48390009384786e-05 5.20160239424197e-06 2.33257734625264e-07
1.18231972436981 1.2013644319212 0.981247040243913 0.789893940643576 0.769879400514465 0.816967189856876 0.720409661194215 0.456554023954881 0.198477119451687 0.0586148849053659 0.011841314810735 0.00167696129106402 0.000174991582960451 1.44014611361504e-05 9.71408716458463e-07
1.68021770290532 1.61054493720362 1.19978111195151 0.879009531397813 0.822818718645535 0.870893072374244 0.77660388645953 0.506248155671138 0.232678678475446 0.0761662308455813 0.0184771796684097 0.00350719702682764 0.000536384190640373 6.43294784466426e-05 5.70123627479266e-06
2.10616410257932 1.96230782007805 1.38379528001822 0.933733897845914 0.809452602326223 0.832145361411265 0.766972755658223 0.552371215841652 0.302635486197108 0.128421156902205 0.0429481777860517 0.0111573270076299 0.00215769387587109 0.000296967393587188 2.81664345914822e-05
2.47785838880668 2.32890680171758 1.64321321294223 1.08535373530874 0.911205904810232 0.953981059136636 0.967361460112583 0.819816331149743 0.553329250358423 0.291865978161228 0.117089168241408 0.0343853915030206 0.00712880726931596 0.00101628757500103 9.79877081779984e-05
2.77566820989712 2.66584412350839 1.90768618863904 1.26024349429328 1.09136466800261 1.2528753265768 1.42102893501231 1.35104758344579 1.02052320569928 0.593126006506457 0.255313990825935 0.078348962062258 0.0166471608647927 0.00240313021770666 0.000233021915650411
2.89315052087125 2.80042615351401 1.99056525523945 1.29161704532723 1.17134548384339 1.49133055224435 1.83623581044809 1.85644218537655 1.47811195915963 0.897104937015915 0.398290571258593 0.124601296065923 0.0267585666285022 0.00388261738588199 0.000377144849257146
2.79778979136814 2.68043322184686 1.86919144532116 1.19535519858328 1.12916492311288 1.52655525421431 1.94228079120361 1.99492077301456 1.60347676143832 0.980047067012882 0.437367237538805 0.13726821749409 0.0295204958504386 0.00428302079512775 0.000415538067021954
2.58737733900219 2.44999569857353 1.72479850426153 1.16756006414727 1.13711179241103 1.47103433963798 1.7828807184421 1.75247405456011 1.34867092221082 0.793558665101804 0.344423734931257 0.106152385431565 0.0225656711280408 0.00324828675267348 0.000313272601279262
2.29632067536297 2.18562841547955 1.64702215506342 1.28920179127802 1.28564724158634 1.45445306430047 1.54868950320341 1.38079580470916 0.972363528256524 0.525275183864238 0.211766096319102 0.061677238673116 0.0125897701653895 0.00176094287006801 0.000166335898304534
1.86651831475558 1.80880731616592 1.50034933659031 1.36578809253314 1.39552409833789 1.40228040833458 1.30696094368344 1.06647430729385 0.702972356492799 0.352402843937569 0.129718728319794 0.034245464438324 0.00636131501572608 0.000818459176362165 7.20497480808263e-05
1.3016097566961 1.28011107370922 1.14813441623107 1.16365400973046 1.22339569742954 1.16578636606602 1.01986672893377 0.820690691348941 0.552381423020667 0.280272058621185 0.100980719035232 0.0251288839861562 0.0042646007172709 0.000490702568919627 3.81907522461581e-05
0.726708325920884 0.717695077994317 0.673868771086545 0.731120195837743 0.795624000902826 0.762228576531763 0.679065153333112 0.578636688052586 0.417440253633161 0.223062975433111 0.0824674174942085 0.0205373359022032 0.0034102840504064 0.000376088704421875 2.75079638836552e-05
0.304709914360711 0.299834481195634 0.287701862185721 0.326716613106505 0.370580134558884 0.371726415325147 0.356334768989921 0.330325273614527 0.253777684298166 0.140863490513762 0.053179390506882 0.0133724098298756 0.00222396568879196 0.00024399858744713 1.76425033040786e-05
