12.6460473739199 0.064470855991087 0.409847654222011 0.435325131016912 4.91645387225535e-05 0.00463248028598615 0.0220402785033065 0.0977717756740146 0.00416269969810293 0.0250333403263046 0.416834013422035 0.000128245478165334 1.49252120363022e-12 1.19038340470395e-30 1.38992334666392e-60
17.9227448132785 0.118060079967936 0.668519323459671 0.796633706194657 0.000274632915168334 0.00949881893217168 0.043801547873534 0.150029914829778 0.00931735196010646 0.0500077974000822 0.756607676749602 0.000741786763089871 1.9043283854439e-11 1.51918065151453e-29 1.77383576713695e-59
21.041847355281 0.163802019538647 0.834165282518376 1.13196340330424 0.00158721818769695 0.0147236216493817 0.0662801619009121 0.174033015826432 0.0200120379591866 0.0755171420322697 1.03857311219199 0.00335656633693678 1.83699658694972e-10 1.46561814068822e-28 1.71129475536658e-58
21.1636266751388 0.173116523272817 0.79609962884028 1.26927449267224 0.00841402888434195 0.0172524527419459 0.0762480431903759 0.152609638076977 0.0494873690541559 0.0862069468807051 1.07899961259516 0.012219062398608 1.3396418250462e-09 1.0688606708089e-27 1.24803017250172e-57
19.4134303758075 0.145084094421035 0.580888942386787 1.14594742317405 0.036548112099995 0.0152830559813516 0.0666006376565992 0.101192329549874 0.133011764361043 0.0743922862855028 0.850621491391613 0.0374104726158928 7.3853143264937e-09 5.89264417013882e-27 6.88040819760027e-57
17.8643399582403 0.122177403025715 0.323882226090808 0.848681383472875 0.123383153097724 0.0102463902642352 0.0441301023236609 0.0509850092662507 0.318163381681672 0.0485291375103115 0.512843642721334 0.100558229471612 3.07781873993023e-08 2.45577283106454e-26 2.8674257314446e-56
17.8766623207471 0.178498278747953 0.137921240528464 0.520040693964566 0.317678581641107 0.00528457626367778 0.0221967937539541 0.0212308212116674 0.605099697711319 0.0239313211676385 0.241963989543576 0.239466382621721 9.69634656087858e-08 7.73668683345739e-26 9.03356150152724e-56
19.3336064199789 0.394202258442412 0.0449150780132206 0.261994515190485 0.620029042308153 0.00258429210169046 0.00865708360833123 0.0161963964418012 0.881843664484047 0.00892117037486437 0.0948438182010995 0.488615065895844 2.30920792930816e-07 1.8425135874078e-25 2.15136791339939e-55
21.033028482286 0.802605881376621 0.0113952267089946 0.106630809950977 0.915583432276073 0.00318323184355339 0.00342668501045327 0.0441447487346695 0.974919701286996 0.00251405294686362 0.0345824433151591 0.814434415929624 4.15726044976305e-07 3.31707456770096e-25 3.8731045676556e-55
21.6333033513464 1.3147768426288 0.0026271817981307 0.034356256263246 1.02232269006763 0.00867364657904448 0.00381927875496824 0.131444225711193 0.815500662303477 0.000535610974776872 0.0129120641604083 1.06901676662722 5.65770724446554e-07 4.51428136149511e-25 5.27099509043104e-55
20.4491452332656 1.716750046669 0.00100675850845941 0.0086184188923631 0.862983647182933 0.0211859248743837 0.00827928788838465 0.305353551771905 0.515784001585534 8.62869799979689e-05 0.00472815970280522 1.08182073252213 5.82053154557983e-07 4.6441994968761e-25 5.42269096380461e-55
17.624870227366 1.80376604509343 0.000737871671971364 0.00166522311198414 0.550702435058205 0.0396174127146765 0.0154456900360585 0.541249430543721 0.246618435610861 1.05207646987898e-05 0.00150325476364301 0.835134666015675 4.52661663068753e-07 3.61178561746408e-25 4.21721703475669e-55
13.8310295713571 1.53721408404215 0.000535652265508084 0.000246816237467104 0.265658479517587 0.0560512024622692 0.0220105163432276 0.731804867931968 0.0891412048780622 9.74227470721935e-07 0.000381919578916372 0.48935631053676 2.66117633389937e-07 2.12335160788081e-25 2.47928186220053e-55
9.92829723769218 1.06401473039387 0.000305226305342018 2.82349116606885e-05 0.0968769089165219 0.0599511815302389 0.0237550600717021 0.75539426516132 0.024356897213724 6.94311439835278e-08 7.49218332505469e-05 0.217158929770209 1.18266692623235e-07 9.43649513688023e-26 1.10183029267411e-55
6.66389311477137 0.59488446326646 0.000132214333161756 2.56581203781144e-06 0.0267058276714355 0.0484731458261569 0.0194076747330969 0.595788002897868 0.0050310048313157 3.99398748083042e-09 1.12397164463616e-05 0.0729076064268199 3.97319708478938e-08 3.17021253925916e-26 3.7016245537176e-56
