1841931986199.66 0 0 0 0 0 0 0 0 0 0 0 0 0 0
3279152907444.57 0 0 0 0 0 0 0 0 0 0 0 0 0 0
4526114573431.78 0 0 0 0 0 0 0 0 0 0 0 0 0 0
4929195642841.4 0 0 0 0 0 0 0 0 0 0 0 0 0 0
4403295782474.63 0 0 0 0 0 0 0 0 0 0 0 0 0 0
3515062506829.32 0 0 0 0 0 0 0 0 0 0 0 0 0 0
2910941739527.57 0 0 0 0 0 0 0 0 0 0 0 0 0 0
2862580777782.54 0 0 0 0 0 0 0 0 0 0 0 0 0 0
3335003553788.81 0 0 0 0 0 0 0 0 0 0 0 0 0 0
4224575578860.63 0 0 0 0 0 0 0 0 0 0 0 0 0 0
5423349255437.26 0 0 0 0 0 0 0 0 0 0 0 0 0 0
6730184669423.02 0 0 0 0 0 0 0 0 0 0 0 0 0 0
7734076479953.43 0 0 0 0 0 0 0 0 0 0 0 0 0 0
7860664657491.96 0 0 0 0 0 0 0 0 0 0 0 0 0 0
6766419426510.61 0 0 0 0 0 0 0 0 0 0 0 0 0 0
