76378.6749026952 0 0 0 0 0 0 0 0 0 0 0 0 0 0
109429.383575969 0 0 0 0 0 0 0 0 0 0 0 0 0 0
137341.982095681 0 0 0 0 0 0 0 0 0 0 0 0 0 0
151751.41087595 0 0 0 0 0 0 0 0 0 0 0 0 0 0
148059.281921604 0 0 0 0 0 0 0 0 0 0 0 0 0 0
132186.779917291 0 0 0 0 0 0 0 0 0 0 0 0 0 0
119581.686729814 0 0 0 0 0 0 0 0 0 0 0 0 0 0
121913.717390374 0 0 0 0 0 0 0 0 0 0 0 0 0 0
134571.776419409 0 0 0 0 0 0 0 0 0 0 0 0 0 0
140840.368863429 0 0 0 0 0 0 0 0 0 0 0 0 0 0
129492.070319324 0 0 0 0 0 0 0 0 0 0 0 0 0 0
105563.470103444 0 0 0 0 0 0 0 0 0 0 0 0 0 0
82468.2156214451 0 0 0 0 0 0 0 0 0 0 0 0 0 0
67104.1712717196 0 0 0 0 0 0 0 0 0 0 0 0 0 0
56060.5505977514 0 0 0 0 0 0 0 0 0 0 0 0 0 0
