37776910.1381984 0 0 0 0 0 0 0 0 0 0 0 0 0 0
60451445.4956308 0 0 0 0 0 0 0 0 0 0 0 0 0 0
83803853.7091683 0 0 0 0 0 0 0 0 0 0 0 0 0 0
106574368.703689 0 0 0 0 0 0 0 0 0 0 0 0 0 0
127819795.441569 0 0 0 0 0 0 0 0 0 0 0 0 0 0
144384339.847273 0 0 0 0 0 0 0 0 0 0 0 0 0 0
154662621.256829 0 0 0 0 0 0 0 0 0 0 0 0 0 0
162225983.007143 0 0 0 0 0 0 0 0 0 0 0 0 0 0
169497863.679562 0 0 0 0 0 0 0 0 0 0 0 0 0 0
170533718.790843 0 0 0 0 0 0 0 0 0 0 0 0 0 0
157639631.081986 0 0 0 0 0 0 0 0 0 0 0 0 0 0
133488445.407983 0 0 0 0 0 0 0 0 0 0 0 0 0 0
108350316.600849 0 0 0 0 0 0 0 0 0 0 0 0 0 0
86232331.2386587 0 0 0 0 0 0 0 0 0 0 0 0 0 0
63181454.1970059 0 0 0 0 0 0 0 0 0 0 0 0 0 0
