0.423265827158921 0.387248023107356 0.313986891278728 0.300897870371294 0.349589765539955 0.394264776234642 0.392507279036246 0.340496701648611 0.24804122972954 0.142621307509312 0.0614474638744996 0.0192336000372745 0.00430585626607624 0.000684309930896828 7.6929869568919e-05
0.532000388907922 0.515984889514956 0.481577050050213 0.538605392566851 0.656633289872932 0.727686981747986 0.702160346545626 0.59262985293529 0.423561237140412 0.240872640913626 0.103291147957565 0.0323364225497924 0.00726860389187378 0.00116357869810976 0.000132118343119386
0.589532025137866 0.617042999950882 0.661269413623279 0.819545943643385 1.01457867891832 1.10374252175666 1.04539931180923 0.872430229221683 0.620011991439769 0.351942551368287 0.151201587083304 0.0476100099905672 0.0108051173270268 0.00175239085303404 0.0002021659262851
0.623168824702897 0.70166889767221 0.823809481825591 1.05997183511284 1.29938705076622 1.3969203819043 1.32996946585027 1.12983452030675 0.81781432869767 0.470937895806561 0.204824377185027 0.0653216967559497 0.0150404378602969 0.00247944505296404 0.000291210085555928
0.715768443272199 0.830382335259966 0.973647066983222 1.20048785711995 1.41377389964039 1.5128323269551 1.49123676031525 1.33312977817611 1.00707737586912 0.59696338223033 0.264878593040492 0.0858185519578044 0.0200412501759261 0.0033487409692749 0.000398513267010208
0.96261114732319 1.09185517299911 1.17477561932945 1.28231655829097 1.38618663314832 1.46706532392053 1.52386857065497 1.45784429547699 1.15865759703376 0.708926538236231 0.32083984425442 0.10534922455152 0.0248481861611742 0.00418549079542174 0.000501603210738962
1.36805656491372 1.50479858863612 1.47947825720268 1.40464873297845 1.34474130512909 1.36496020153734 1.46441539439472 1.47268022993983 1.21441962039359 0.760592306243646 0.349495653089897 0.116008268393245 0.0276016997646944 0.00468747885577433 0.000566863643320945
1.78269819178665 1.93161607400356 1.81324262469667 1.58280327757705 1.37368650244041 1.29885780395177 1.3582326702701 1.3669464045147 1.13814134818522 0.722050693426244 0.336752781200763 0.113699297037277 0.0276068982524061 0.00480852986410222 0.000600754542560482
2.00494778009647 2.15794134440263 1.99470337154543 1.69876363904266 1.42394192430405 1.27369399341617 1.2436298372555 1.19372203018531 0.981104812520456 0.631043749693262 0.303751037513896 0.107266810578855 0.0275753311473075 0.00514937281178695 0.000698638989519117
1.97340082624264 2.09539512556041 1.9103487866321 1.62448666598836 1.37852028285906 1.22503808066101 1.14343363047994 1.05380035072842 0.867895127856474 0.582904141446539 0.300856379150815 0.115693184488839 0.0326699028362734 0.00672730480201351 0.00100583012919943
1.80940756628594 1.85496318464132 1.62366236574098 1.35629444750755 1.18062060813149 1.09608106504671 1.05824921977743 1.01378228786133 0.887391795827507 0.643456447758349 0.359792939728796 0.149320482385974 0.0451805987538609 0.00988102321417956 0.00155420577907795
1.64201326280541 1.59009939042828 1.2827454886507 1.0039180704977 0.885217397549081 0.898249207611201 0.976289331074116 1.04663912016227 0.999272119382106 0.769855492136566 0.449258643939736 0.192431290818552 0.0596392960499196 0.0132831880718655 0.00211790707165776
1.45626503099524 1.33170240591443 0.971869161525538 0.681373308571931 0.599779823129564 0.695540545899379 0.88553649866868 1.05834070385596 1.06568853901195 0.83844344533497 0.492989214657041 0.211719591816712 0.0656608652686741 0.0146182126120119 0.00232800260728057
1.1679913922324 1.02664392817969 0.691309804275893 0.436086595172427 0.391715439887792 0.533659486070246 0.770628277607893 0.968114086589924 0.979018549342011 0.761226381723449 0.441451882229087 0.1873652524013 0.0575551386937254 0.0127119028763889 0.00201042930216561
0.786781901608725 0.676816089912429 0.435605211028935 0.262395263564698 0.25796634187207 0.405182811769064 0.617033167376387 0.76731693150429 0.749648081768511 0.562176725953317 0.316584697658578 0.131460797904049 0.0397308378125002 0.0086650563352948 0.00135630059310622
