0.733783821480179 0.800021017987005 0.827884167012041 0.853548422633885 0.880831467765233 0.875909873071466 0.800804372672631 0.649931222701151 0.457987693117289 0.276397062980605 0.141680765380812 0.0614296469756956 0.0225178919703402 0.0069997953211634 0.00185668982937537
0.928699643682299 1.00987613194143 1.03976800299607 1.06368887716713 1.08754362697693 1.07179701106469 0.972712847719596 0.785685400583907 0.552995557315753 0.335010669795128 0.173590225658514 0.0768210127874475 0.0291147668807028 0.00950682304198024 0.00269409882320063
1.07563950821805 1.16444692682367 1.1899027094037 1.20487765694438 1.21861262655979 1.18993107460465 1.07323463188346 0.865178457160897 0.611403918915393 0.375065482070576 0.199120999374817 0.0916714075238472 0.0367888580597732 0.0129395010199117 0.00399689155690968
1.15241912990984 1.23778310157285 1.24940493558601 1.24610910400857 1.24259673041177 1.20134940052582 1.07915647024345 0.873053747046011 0.625648773306303 0.394762764045566 0.219447438324508 0.107863516081224 0.0469871362581631 0.0180913506021657 0.00610220290955801
1.16491423773099 1.23413200258317 1.22006867706751 1.18737149627939 1.15949998108426 1.10796839174811 0.995193265430536 0.816340183303912 0.603664185173502 0.40140416030093 0.240207470256348 0.129079938256735 0.0617407824698572 0.0259029645116452 0.00937341609533163
1.14688011270046 1.18827058620053 1.13523662777417 1.06067423986811 1.00123824852918 0.941783765508362 0.851624894775791 0.720804925453112 0.564662122046747 0.407411260255308 0.268357566259739 0.158708588747399 0.0824924165832209 0.0369130136182534 0.0139864857492665
1.14380589512935 1.14897783110898 1.04412593930827 0.915198397633423 0.81694419089068 0.750026743097124 0.689830163041522 0.617916822061383 0.528477193311627 0.422480616208899 0.306996301494793 0.196810139940505 0.108540956492367 0.0505712451916885 0.0196722896408569
1.188872506574 1.15412446867815 0.987982065511064 0.794897077955588 0.651678016954914 0.575111432982666 0.544400288024383 0.530278986450038 0.504932879177992 0.446664028919536 0.351346338069394 0.238033778585972 0.13607931318923 0.0648470095807885 0.0255783368047209
1.2848785390794 1.2116924719594 0.981663288249995 0.721181266522926 0.530414400226753 0.440501054841327 0.431864324812403 0.463991578034304 0.489828626122692 0.469113486270294 0.389003421280306 0.272313649599717 0.158775161325221 0.07655790101785 0.0304105674128637
1.40264747067957 1.29736635011085 1.01037482260494 0.689110210281307 0.454454075404919 0.348402388718962 0.350625932850543 0.411212635961728 0.469637270786546 0.47369484170919 0.405084177149685 0.288650544020921 0.170029385517343 0.0824721899091466 0.0328741081806783
1.49613807160765 1.36883736900428 1.04146320407841 0.676560964975755 0.40907304074264 0.287275566889694 0.289265937193533 0.359447326632713 0.431226715965055 0.448067846576026 0.389570752282188 0.280154650771639 0.165876482359465 0.0806946626487156 0.0322205210740743
1.52449542557649 1.38712645631727 1.04258148804983 0.658797460745671 0.375481528418217 0.242382980573045 0.236354748077763 0.300711225915303 0.370091916812073 0.390554069628219 0.342459404286017 0.247414322215927 0.14686591902296 0.0715497681902742 0.0285928671529842
1.46838780647101 1.33258763334525 0.995586562266858 0.619804053346516 0.339994254226025 0.203209336937357 0.186158427092359 0.235385000562881 0.29242484044525 0.310838443683025 0.273696821164676 0.198186856448807 0.117792234370177 0.0574262888637045 0.0229581220971378
1.3334648405578 1.20868745019458 0.900376555132746 0.555963571474125 0.297202439253014 0.1655191667324 0.13884442416702 0.170116503004418 0.210976605719388 0.224819204754924 0.198327805643049 0.143768551230446 0.0855010709250928 0.0416980066942617 0.0166734920927039
1.14272279961987 1.0352230103713 0.770018939977319 0.473168873436003 0.248244537132345 0.129533169317942 0.0973923095099502 0.112835149038434 0.138423625747249 0.147417120578581 0.130126246903611 0.0943748680368757 0.0561423533059094 0.0273846269555664 0.0109511489552072
