3047063865426.41 0 0 0 0 0 0 0 0 0 0 0 0 0 0
6773028593087.62 0 0 0 0 0 0 0 0 0 0 0 0 0 0
11697379848172.8 0 0 0 0 0 0 0 0 0 0 0 0 0 0
15004847905914.7 0 0 0 0 0 0 0 0 0 0 0 0 0 0
14621390720719.2 0 0 0 0 0 0 0 0 0 0 0 0 0 0
12403690440645.5 0 0 0 0 0 0 0 0 0 0 0 0 0 0
11772242072440.5 0 0 0 0 0 0 0 0 0 0 0 0 0 0
13817144106634.7 0 0 0 0 0 0 0 0 0 0 0 0 0 0
16879929572551.1 0 0 0 0 0 0 0 0 0 0 0 0 0 0
18722884588996 0 0 0 0 0 0 0 0 0 0 0 0 0 0
18667609735210.2 0 0 0 0 0 0 0 0 0 0 0 0 0 0
17308754597740.1 0 0 0 0 0 0 0 0 0 0 0 0 0 0
14946685790866.6 0 0 0 0 0 0 0 0 0 0 0 0 0 0
11579682747812.2 0 0 0 0 0 0 0 0 0 0 0 0 0 0
7647824467014.6 0 0 0 0 0 0 0 0 0 0 0 0 0 0
