0.0445427346599601 0.0530962083698914 0.00755074603064835 1.14091305162108e-08 4.35844871311308e-09 1.85927612087381e-06 2.36683116306521e-05 7.26345105378083e-07 0.000187873293881847 7.72983806704368e-07 0.149993604541042 0.0129379394965603 4.23166389522805e-10 5.24820623072264e-24 2.46810876993896e-44
0.335054280516236 0.380274983475719 0.0539222834746101 8.14280097861634e-08 1.97845232894397e-07 8.55486938466895e-05 0.000731115959449812 2.00685631778935e-05 0.00395292111297915 4.3351843430928e-06 0.442413191381618 0.0381610610671693 1.24814916907337e-09 1.547983112125e-23 7.27980290177558e-44
1.5496456669209 1.46635814646054 0.206864998645558 3.12207673873491e-07 4.82444595404478e-06 0.00212777261119551 0.0123288914204014 0.000301151297936753 0.0446783328360052 3.00984146599138e-05 0.700985617897576 0.0604646414096685 1.97764133971433e-09 2.45271596662666e-23 1.1534550132507e-43
4.83258242816952 3.04464359260348 0.426330977623651 6.46247193896292e-07 6.31972815789943e-05 0.0286450479493942 0.114060879005169 0.00244855187135156 0.271269825644154 0.000166658935312783 0.596644802124393 0.0514645566018778 1.68327194692776e-09 2.08763232113708e-23 9.81764704680249e-44
11.1821904740553 3.40555784275082 0.472007342055586 1.0561420548476e-06 0.000444714274650945 0.209069802194616 0.583559528414198 0.010765455663623 0.884772963952337 0.000536218712325451 0.272802489523965 0.0235310173041728 7.69638444904827e-10 9.54523180942639e-24 4.4888995028501e-44
19.9966405366948 2.0565746258388 0.280733027673697 1.99269975592372e-05 0.00168120472272488 0.82886312719128 1.67259913068886 0.0255549824763627 1.55021382137765 0.000937696113476857 0.0670048919220711 0.00577961467297983 1.89036181120504e-10 2.34446990156144e-24 1.10254941793798e-44
27.0899963126926 0.67935163309431 0.0896979395047203 0.000592844476644051 0.00341723143581946 1.78878840965412 2.73938085162872 0.0327192422461933 1.45948188876079 0.000882329833455177 0.00884077640350043 0.000762575381520297 2.49418596386782e-11 3.09334640941436e-25 1.4547285426479e-45
27.9618903465511 0.14659611995687 0.0153976824225678 0.00967569205661536 0.00378025587562745 2.10631357551239 2.63531631405976 0.0226868060447495 0.744935935128647 0.000446241537905926 0.000626613888481199 5.40495883164973e-05 1.76782161867172e-12 2.19249275548126e-26 1.03107811696757e-46
24.8802826665695 0.156412947238728 0.00143386874573932 0.0848488260140211 0.00267513720455951 1.35705151409495 1.57933384130514 0.00951317122008382 0.265159075029769 0.000122561003544548 2.38580717644062e-05 2.05791633301572e-06 6.73090970021767e-14 8.34782797068294e-28 3.92578845392427e-48
23.211750641787 0.676653155026225 0.000148210335983149 0.399702043876521 0.00300816348307731 0.483215441125431 0.852402415766577 0.00713393777562579 0.340737363364151 2.44268591947778e-05 4.87973661375937e-07 4.20909522973148e-08 1.37668570176624e-15 1.70739705625108e-29 8.02948943513794e-50
23.3609532878338 1.85884383733596 0.000236001991996945 1.01146911221175 0.00598986788446056 0.105159555634514 0.9483851461513 0.0142781118731665 0.80671021507575 1.88162694865175e-05 5.36146119041488e-09 4.62461414564667e-10 1.51259114441652e-17 1.87595009084124e-31 8.82215497567357e-52
21.1803293028267 2.83590313392378 0.000384567343383718 1.37497434545722 0.00799512321356306 0.0271614828923914 1.16760843718484 0.019567003388302 1.11599792285526 2.42386088360544e-05 3.16445194658643e-11 2.72953060877292e-12 8.92758551787553e-20 1.10721955004648e-33 5.20699485039353e-54
14.4350177136652 2.3816226597059 0.000344444205547681 1.00406604165805 0.00583119209616926 0.0133673655941377 0.853316548774753 0.0145735486252348 0.831564974104369 1.80203110000245e-05 1.00479040629906e-13 8.6541844718894e-15 2.83055891412027e-22 3.51052382639972e-36 1.65091733482124e-56
6.93559979340789 1.09867916371856 0.000167925892077189 0.393872515881115 0.00228725680637885 0.00509229759598903 0.338100170071343 0.00583371130165535 0.332881761476228 7.21317332830449e-06 2.30153420757505e-16 1.47397474307755e-17 4.82098846142969e-25 5.97910002021881e-39 2.81183104235833e-59
2.41028444674312 0.278030864280347 4.44690752853191e-05 0.0829993686996771 0.000481982917387599 0.00108128699012565 0.0720231498633215 0.00125446704797516 0.0715831159175704 1.55112237903792e-06 1.29012324645912e-17 1.3485891128757e-20 4.41088463891095e-28 5.47047989114544e-42 2.57263887917981e-62
