0.136966100943944 0.074662256386783 0.0347070954071203 0.0478966184541129 0.0352285520830398 0.016484932240071 0.0177963194471957 0.0173612725477809 0.0219589687976944 0.0647121167202969 0.0827513768439947 0.0305681612073392 0.00306305537675334 8.2146584416961e-05 5.87388829576683e-07
0.64212309461832 0.34683040904375 0.136110945317534 0.178686887229052 0.139902499955848 0.0734096452175726 0.0813324107297019 0.0781919563425902 0.0869078337481768 0.186813922283849 0.209987751398854 0.0743598235263239 0.00733659532923379 0.000195526905884276 1.39441787912608e-06
1.83772329596857 0.996673971757315 0.342848013836422 0.416108305748816 0.340428835552395 0.205145119832483 0.229119271949825 0.211992895390152 0.231851488343376 0.372765492616428 0.338375786592416 0.109283966933164 0.0103827722085051 0.000272322451731971 1.92879863388402e-06
3.33492971735566 1.87666880686863 0.622655953805431 0.657647365302246 0.533468493476244 0.384818743289092 0.421880856704566 0.353704786777706 0.39887154497212 0.530835456951315 0.372448675622033 0.10189322071002 0.00890282853702191 0.000224610979934149 1.56402411948385e-06
4.19414551711676 2.61922270348798 0.995661052024152 0.84916314838688 0.61277669983238 0.553103605933389 0.575506261009044 0.390194631402039 0.42730454985134 0.519729310553921 0.295530059621895 0.0651138839250488 0.00490282290047765 0.000114696003718418 7.83708297574941e-07
4.45495157163815 3.24003291236365 1.53917708736668 1.09415180000072 0.654797109934707 0.713554206360038 0.693152719015145 0.344992146662404 0.286261629758387 0.328078871302781 0.167535202955473 0.0319814012923669 0.00228069935474764 6.28341683660461e-05 6.39507356894491e-07
5.20627497109917 3.95165895133591 2.00865237119168 1.3051740806524 0.709601242850398 0.814890187829913 0.759750339888369 0.315673007110804 0.139444174931926 0.133498348834028 0.0786252904430701 0.0248730115106317 0.00387561866399339 0.000209608229990024 3.24977047675772e-06
6.71379294672833 4.58945557984292 1.98839595028119 1.17972120180721 0.637984789937461 0.69833192873713 0.665306689994598 0.317777741976981 0.0959979142297757 0.0628597109158892 0.0951515138947957 0.0701438324436573 0.015469849390237 0.000930264230064048 1.49990226096147e-05
7.56835783638148 4.63210983859325 1.56553540726222 0.803395072114034 0.45304870980013 0.439283778949809 0.465930284118482 0.345088044307366 0.143971104540408 0.108839211241311 0.231074889818752 0.189934342377535 0.0434389325133644 0.00267326671979746 4.40521863001892e-05
6.67556700585651 3.84872110617101 1.14258677897256 0.596198033223202 0.419422753076276 0.333856175227092 0.339039732896332 0.388890160788606 0.268138138249318 0.249788827721707 0.425715272863761 0.338344249773618 0.0785333672573918 0.00495054223073378 8.37626347438717e-05
4.99158745169883 2.80177851101424 0.883327770507407 0.657882261151888 0.612649132865841 0.462277390639487 0.34689568740169 0.452997654428637 0.476395025886431 0.46764772203862 0.558923294584985 0.400436726306971 0.0931320202784705 0.00600674027129483 0.000104345068234851
3.83658357667348 2.11134568268906 0.71894974193873 0.72276299828718 0.753839209387894 0.611902647660226 0.463099075187326 0.535836301271452 0.654269606762489 0.648640610672402 0.55729270856416 0.324773349323884 0.0727884845415917 0.00474427611966861 8.40268548683787e-05
3.28976989547508 1.78543957664122 0.610377757989435 0.668861593417796 0.659501170035125 0.590656581228505 0.579733543549756 0.547879008908513 0.608297894685144 0.645038357063682 0.458901137465431 0.192974432180053 0.0375972155776217 0.00238879135786541 4.25281112839792e-05
2.79725258371606 1.52648750928705 0.563239310815852 0.591133038395792 0.463618907641342 0.424248275328102 0.548642275359533 0.435606987994014 0.383998714555425 0.477996521145927 0.334829624376081 0.0990592163210574 0.0137214705900148 0.000764751842759253 1.32262906338861e-05
1.97977426410977 1.10113360794394 0.468496890514224 0.462018909130448 0.280166413677575 0.228253325568418 0.355066448557997 0.25677032444874 0.176389415829776 0.269096545253978 0.202069699403139 0.0488667516500559 0.00431565890512639 0.000168315908089102 2.54604886523244e-06
