0.795970890369542 0.734802825606149 0.509091196470088 0.30519794363923 0.170359239128266 0.0966083220800771 0.102684183208373 0.180819519910133 0.250345689103172 0.22706071696591 0.13223240549597 0.049353549952561 0.0118031046023812 0.00180840777875909 0.00017745685443573
1.20710379530424 1.16406924401616 0.853975387029365 0.535340823670823 0.299827022074387 0.161850206539067 0.156505428262826 0.268623480405622 0.374497903766893 0.34361370402949 0.202587172040879 0.0765529909835303 0.0185314671695949 0.00287282200818064 0.000285120305802471
1.47990192664531 1.50739408215395 1.17827547456212 0.769602168875286 0.430418977040786 0.221845962957183 0.191422973269564 0.312370285584494 0.436124114365951 0.404907594331554 0.242020129641586 0.0927318219280755 0.0227565953963834 0.00357647842670306 0.000360364105176262
1.55522360131672 1.68641037929235 1.40609910201074 0.953574709119704 0.537813561767653 0.276251985108168 0.213725120266996 0.310312943613353 0.422802660782 0.395438329450156 0.240002406319538 0.0935913744130729 0.0234253036564709 0.00377722550983577 0.000397422564695706
1.54474267478818 1.76680622207394 1.55106978537191 1.09018249262448 0.644582337768525 0.365894645128933 0.272633835702384 0.318599665458015 0.393931291332747 0.363710942826728 0.224148677430844 0.0899131944923872 0.0235425052026969 0.00412716028639086 0.00051498931622143
1.61777120451422 1.87732434374587 1.68298842488773 1.22914528280683 0.807211632748997 0.550128805141382 0.426013083426706 0.399595055137194 0.416075322933854 0.366318865034533 0.229345278466056 0.0974141323615111 0.028637599327149 0.00623594987874348 0.00108904294774193
1.83538476594817 2.06899212875069 1.83893372680176 1.40496293987595 1.05464375051118 0.844461347319221 0.68287428205537 0.566161211404043 0.506884963660826 0.421792057544688 0.271897712361251 0.128220423433828 0.0458063774807722 0.0130982973129976 0.00297573177466301
2.08549916729289 2.25622039361201 1.97491517369347 1.58848182233275 1.33951758767856 1.18225915945637 0.982636406568463 0.778523274932959 0.643529151926 0.519686899365233 0.352632978071505 0.189923501661397 0.0824044021532819 0.028510553459427 0.0073572330307459
2.17763954648054 2.29139138905644 1.99993086155415 1.69734554655825 1.55613201628473 1.4515745354704 1.23763959006061 0.978861170263837 0.785622548216438 0.629519823053703 0.451912898878909 0.2739317211292 0.136426691652875 0.0524446261322719 0.0143507649861144
2.0302885828814 2.11734230868659 1.86950613862799 1.66249658541702 1.60975108225815 1.56523714074018 1.38669234162517 1.12045980416902 0.884454868969109 0.697465517470303 0.518593547806191 0.341108307124177 0.184966403727773 0.0752896540926037 0.0212210522262835
1.76710305805603 1.84587137283771 1.64691241166879 1.49302783667561 1.47918159380854 1.49607687609367 1.39996873359114 1.16626405932193 0.895531839926229 0.672859071024658 0.498526686161469 0.342404331638297 0.195038856079429 0.0819812137817472 0.0234868016785376
1.59851403237202 1.65261367022279 1.44426740300545 1.26564210788543 1.22651186010248 1.27576975626009 1.26423526464185 1.0816984374671 0.79646911210947 0.550144946049307 0.387747649795871 0.268031701946105 0.156457644929601 0.0669493996917534 0.019359588875489
1.5981191745911 1.58906090576684 1.30079947596106 1.04462120108594 0.941754994131765 0.973352413334539 0.998290024878186 0.863616191927574 0.605065947324272 0.375568049907317 0.240475759770529 0.161155561094536 0.0945208005975821 0.040794943857216 0.0118574616048977
1.62117612125954 1.53104126050292 1.15243520886553 0.832894911021396 0.677813228755695 0.661354777463124 0.671285910973778 0.5736810840772 0.381531927902919 0.211711283245706 0.118591071542889 0.0740115915080478 0.0428008237321356 0.0184999434229345 0.00539003526508772
1.46637459284289 1.3252675992742 0.925772908487617 0.609165736867364 0.446771449946138 0.39349309169184 0.375518420349689 0.309035124906536 0.194885656897999 0.0974427203659806 0.0466975616182611 0.0259928727572808 0.0145033398695748 0.0062356818602374 0.00181723659457724
