6.45652611826075 0.800473422237526 0.513105733069243 0.314451754329742 0.000234976329626507 3.91585096633026e-05 0.405542705977917 0.00245234035346485 1.32327404483158e-05 2.4847216520036e-06 0.0769644580056109 0.0180290017759308 2.41908354617432e-09 1.85920711818081e-22 8.18469309751734e-42
10.0298400094733 1.30466175276156 0.829869622278636 0.545974037658782 0.00212203058344072 6.58749213260144e-05 0.679517515177277 0.00442341983983222 0.000145205395121997 2.56109119285597e-05 0.167944457850565 0.0393411583381596 5.27869207658156e-09 4.05698343861907e-22 1.78598522037168e-41
12.888636540355 1.78874822049172 0.981246157943939 0.695191316658233 0.0143442151395003 8.19718858059109e-05 0.826527907266834 0.00737426756713047 0.0011552955321261 0.000201150047844471 0.265716204769458 0.0622442884868723 8.35177321480667e-09 6.41882593718468e-22 2.82572715156373e-41
14.0035135565285 2.14687562576778 0.877099023185248 0.677439859116373 0.0708491510888306 8.26066126111275e-05 0.733434822012784 0.0157628368055889 0.00666470453073042 0.0011573958143463 0.304822701384671 0.0714050246693209 9.5809364510869e-09 7.36350973775553e-22 3.24160050457854e-41
13.3167906413035 2.3044658965113 0.683662922665859 0.594416843571247 0.255029434176105 9.77355473126145e-05 0.486809910114183 0.0417160135930605 0.0278770421172951 0.00483862271394345 0.253544081642958 0.0593929562815491 7.96918903691931e-09 6.12478763166339e-22 2.69628416126576e-41
11.7257379670306 2.21626077635436 0.644831339624633 0.636684763711694 0.671555420614419 0.000226430616422625 0.26996409916554 0.101096105248583 0.0845457215732977 0.0146729708928496 0.152910233923117 0.0358193759055437 4.80614866891932e-09 3.69380620624755e-22 1.62610555135046e-41
10.5247134447863 1.91885237011591 0.794569921840191 0.831525255624077 1.30611533239359 0.000842078880324198 0.168597831361122 0.202755801270023 0.185916632448202 0.0322646509581611 0.0668646451137799 0.0156631096862102 2.10163443294012e-09 1.61522891746154e-22 7.11064025217022e-42
10.8068104185953 1.53345021169934 0.937007969436415 0.976730922257615 1.913069877125 0.00341771321510613 0.140106650651237 0.351522380851744 0.296436645577632 0.0514422424676484 0.0211998849964329 0.00496609320665125 6.66337189062588e-10 5.12119082027143e-23 2.25447583262041e-42
12.8305378101171 1.17085730800298 0.913043509641774 0.877777966535195 2.18505200454509 0.012136653446339 0.116477345871197 0.557551386423391 0.342723624714319 0.0594690674199807 0.00487357559460232 0.00114163860495214 1.53182034104855e-10 1.17729347808412e-23 5.18273930300763e-43
15.710033947242 0.888280195748504 0.787652897859381 0.578560593963058 2.04688951826019 0.0337720924723073 0.0773807436944747 0.791345124778846 0.287328813184264 0.0498470598859909 0.000812344999793795 0.000190291473314554 2.55328041892515e-11 1.96234525966853e-24 8.63873290108225e-44
17.8480381340898 0.697742272636882 0.698720731548013 0.277229608567469 1.65184709822372 0.0703667082115989 0.0391383895658029 0.927018261313067 0.174698636826018 0.0302945792782266 9.81790372774514e-05 2.29978328768788e-05 3.08578809861768e-12 2.37160854044113e-25 1.04404118622108e-44
17.9020478266927 0.551721939468744 0.637586920545523 0.0964391612878248 1.1716778463768 0.107842496291564 0.0155103723262584 0.837078714008425 0.0770524315704804 0.0133495681644348 8.60432729777905e-06 2.01526146865161e-06 2.70402428300972e-13 2.07820073128767e-26 9.14875756137862e-46
15.6215343197066 0.390833392205898 0.510361970711397 0.0243714689032493 0.7212132732427 0.120666694808525 0.00517777449463262 0.56201689145217 0.0246664414996543 0.00426526887783248 5.47026139189971e-07 1.28042100986042e-07 1.71803488380838e-14 1.32041023978315e-27 5.81277495646577e-47
11.8221821356651 0.222723877308723 0.317566836999691 0.00448516612125322 0.376314084472812 0.098236818100296 0.00156681503788964 0.276272660839077 0.00573788927363414 0.000988103672491687 2.52790309167246e-08 5.89862904033703e-09 7.91462369010092e-16 6.08285097289392e-29 2.67782259890367e-48
7.67016770242657 0.0968263120256181 0.146390645368561 0.000604730607852542 0.162774479164775 0.0580926360354461 0.000429197468613343 0.0988326624477123 0.000972255481307734 0.000165972263091731 8.57593512616985e-10 1.97027242953641e-10 2.64365918590983e-17 2.03180662538948e-30 8.94451914458408e-50
