5.64861553651916e-05 0.000354525752950158 0.0016063493662805 0.00478478991273951 0.00926145158038951 0.0116334806112345 0.00948181881971115 0.00501459746014079 0.00172124645161555 0.000383930242915528 5.60187560140713e-05 5.53130785936037e-06 4.28096736221694e-07 3.63405653391788e-08 3.60713871269641e-09
0.000346317290106652 0.00175710789009886 0.00771467958424855 0.0228927562751765 0.0442899031458487 0.0556288785143557 0.045340502303944 0.0239835183135337 0.0082409555034845 0.00184843455223741 0.000277584324233106 3.13232609471039e-05 3.63668711264869e-06 5.10622942984056e-07 6.35948484717929e-08
0.00200007673110526 0.00659468111115608 0.026346809547101 0.0772292057404702 0.149168973219928 0.187302867886926 0.15266798151245 0.0808179688598819 0.0278869265864251 0.00639217037202709 0.0010642826339649 0.000170348222761349 3.3381216930299e-05 6.19567686245538e-06 8.2985993762282e-07
0.0113250004105595 0.0210206332020187 0.0655155396983155 0.184558580924165 0.354459093550248 0.444570021236398 0.362429451499322 0.19246435641799 0.0675303936978113 0.0167688024530566 0.00374616961231002 0.00101267163827765 0.000277065460418537 5.65703051769086e-05 7.72610395842111e-06
0.0567140772422546 0.0662020798134622 0.127575157011362 0.318023390269788 0.59869095982332 0.747629085410509 0.610036118229151 0.328172293054934 0.122705978989523 0.0388964406573596 0.0143904406113513 0.00571642347243103 0.00176789604783055 0.000370331566522516 5.08127289308816e-05
0.226237413878416 0.209855400876627 0.229389261950955 0.421242636946628 0.741171996534901 0.910588980387445 0.746316805098932 0.422513361198338 0.19369611996087 0.0978399103127601 0.0551555712572996 0.0254927091116182 0.00814337804080628 0.0017151226195234 0.000235475230324032
0.686871754458123 0.589335709029281 0.445604821454285 0.511221394999281 0.750685365082684 0.875530863243271 0.732304265822233 0.487860568236817 0.335253493676065 0.258072527252638 0.172834117708507 0.0828830906339979 0.0266017731016206 0.00560081870365768 0.000768466828114025
1.57059594543943 1.32267482242491 0.872192445005653 0.701840856530295 0.791315202306572 0.835889332911778 0.74305586357969 0.656676582604607 0.640074905336757 0.579890484480965 0.400725300207426 0.191960395562746 0.0613651524881933 0.0128874694448177 0.00176597123629912
2.71923392873047 2.29301611668687 1.46380500979611 1.02250624410186 0.974009430160766 0.959713590601527 0.928644598707044 0.993974497063014 1.07911604339887 0.984473810974622 0.66764991230484 0.315109019244401 0.0999070129087104 0.0208967404898482 0.00285801177621099
3.65392324689754 3.11865565628919 1.98234078651152 1.29811530554501 1.13944360026727 1.11083693762501 1.15075723594829 1.30625978384684 1.39776310294811 1.21827566942811 0.795087953123736 0.366669882449393 0.114865541306289 0.023886137546094 0.00325798123722226
4.08158889188701 3.56604044761864 2.26362363739416 1.35943239929412 1.07008654425701 1.03553742152592 1.13046918023406 1.30073881093392 1.33209159834754 1.09177282099821 0.677800770339913 0.303024806670177 0.0933687949200112 0.01925855757136 0.00261672807244068
4.28373246638822 3.84417695291089 2.4180707284426 1.26725090999467 0.798855555267794 0.721056222579672 0.815753840777795 0.943446746936396 0.923600028013145 0.709012464153624 0.41507720064428 0.178356647568923 0.0537451120593544 0.0109615221792204 0.00148137726267964
4.56080339230287 4.13195507451104 2.54352743138226 1.15642021499578 0.522135262294826 0.377999173329446 0.425254569478186 0.492871328431489 0.46387302613553 0.334102623306376 0.183312293997128 0.0750276014833016 0.0219553376571839 0.00440941351013254 0.000591438990568918
4.59659196006169 4.11449756990312 2.46010248792257 1.01392982975505 0.336427388063467 0.159519535412845 0.160485907239858 0.1845971366028 0.168151961550166 0.114243715937776 0.0585850446047766 0.0226459841137183 0.00638269212788987 0.00125551140198024 0.00016665745778121
3.95443684957934 3.46207292615993 2.00728290828305 0.779365386217468 0.214902671143495 0.0618463068975003 0.0447384010229502 0.0494590073290738 0.043824618239775 0.0283016058965992 0.0135801891466335 0.0049246065446897 0.00132493352064346 0.000253555452760123 3.31793783277488e-05
