3.94529571757863e-16 0 0 0 0 0 0 0 0 0 0 0 0 0 0
4.95931250815468e-15 0 0 0 0 0 0 0 0 0 0 0 0 0 0
4.34166186697101e-14 0 0 0 0 0 0 0 0 0 0 0 0 0 0
2.64717787657823e-13 0 0 0 0 0 0 0 0 0 0 0 0 0 0
1.12409459184488e-12 0 0 0 0 0 0 0 0 0 0 0 0 0 0
3.32441473378527e-12 0 0 0 0 0 0 0 0 0 0 0 0 0 0
6.84731243668548e-12 0 0 0 0 0 0 0 0 0 0 0 0 0 0
9.8224018408753e-12 0 0 0 0 0 0 0 0 0 0 0 0 0 0
9.81313687233961e-12 0 0 0 0 0 0 0 0 0 0 0 0 0 0
6.82795455020553e-12 0 0 0 0 0 0 0 0 0 0 0 0 0 0
3.30876553314408e-12 0 0 0 0 0 0 0 0 0 0 0 0 0 0
1.1166934555826e-12 0 0 0 0 0 0 0 0 0 0 0 0 0 0
2.62478995327834e-13 0 0 0 0 0 0 0 0 0 0 0 0 0 0
4.29682578420834e-14 0 0 0 0 0 0 0 0 0 0 0 0 0 0
4.89884323608538e-15 0 0 0 0 0 0 0 0 0 0 0 0 0 0
