0.0108190789268586 0.0125999443785703 0.0240928569506174 0.0707476704186218 0.165808777019548 0.261145572115997 0.273755773484641 0.194599374047193 0.0957660205525349 0.0328690103858276 0.00776925792772315 0.00123287105551428 0.000127945038775154 8.51075339594083e-06 3.58087344797113e-07
0.0468922309836099 0.0505740317293709 0.0731059288874783 0.17787166207245 0.394029454977962 0.612257420451681 0.646071985468273 0.468262658209307 0.236401293043331 0.0831381725611354 0.0200148362019173 0.00321290537636085 0.000335571186741792 2.23953724563355e-05 9.4386302781078e-07
0.153395531835405 0.160138907479164 0.189735587913096 0.370541123599404 0.749274210466408 1.12855353972689 1.1869206417934 0.870765403253985 0.447900860609466 0.160365073750546 0.0391191941410842 0.00633104212876598 0.000664255875792927 4.44469221618357e-05 1.87763906856049e-06
0.378089905340089 0.39243690863497 0.414528000501836 0.658324437504194 1.17581477384478 1.67740177706097 1.73362300362658 1.27494465493853 0.663120310523222 0.240307775721931 0.0591741449250762 0.00963767731751766 0.00101589637041458 6.83669811194585e-05 2.92857533244535e-06
0.702684076218067 0.738430317460516 0.744130179080698 1.01056674894801 1.57104863875052 2.07760306978604 2.08161638379584 1.52383781624496 0.79905095922875 0.293016394718539 0.0729759167835119 0.0120161470100213 0.00128632363094811 8.9764634090435e-05 4.27456778192335e-06
0.989149396243067 1.07102311390959 1.08495335190277 1.34189688159221 1.83679750561176 2.23360599511435 2.16503984861008 1.58896612916772 0.850782479165513 0.320462931310936 0.082130586867034 0.0140445908729779 0.00162335283554103 0.000137391736268234 9.89343847493277e-06
1.06962148482106 1.22369205204259 1.30364133962669 1.55367717420639 1.93143761976914 2.19085992748958 2.09749623989174 1.59067750280699 0.898273768815908 0.358664787297762 0.0984241335600801 0.0188946028569675 0.00279314824522007 0.000363669045426647 4.13445089752522e-05
0.928275636560314 1.1664763897166 1.35458663415242 1.61198785001514 1.88729481801111 2.06664708694844 2.02853067406319 1.64440465272651 1.00438034314733 0.436685773337708 0.135810964543329 0.0330332083448498 0.00707627918160156 0.00130428157167025 0.000178741383992589
0.738128545512852 1.05108840486404 1.31998359209689 1.55933371958398 1.76136330661055 1.93266496504727 1.99761646835784 1.74142979388716 1.15032884088883 0.556907847323027 0.21054472852394 0.0694234166875424 0.0198148571664043 0.00426815274015577 0.000619626190019892
0.70349722893455 1.07323451236622 1.33013361321959 1.46948544240105 1.59188099543522 1.78331906739942 1.94728683337369 1.80368883166566 1.28929585197798 0.720529040469046 0.345921427107234 0.146258665264536 0.048369032163947 0.0110339980671234 0.00162951455276112
0.900173858869994 1.32461788630516 1.47938058836159 1.42698496957631 1.42799806220536 1.61585856303795 1.84472281599258 1.80473453884213 1.41432428194575 0.931354423203428 0.546343260827672 0.265476691943463 0.0931911260602643 0.0216529990793927 0.00320908919639311
1.21538644440635 1.70528817195917 1.73931699009118 1.46954286144856 1.31840619497258 1.46030981527635 1.71815900714695 1.77663096393772 1.52729742380129 1.14221363623417 0.747086135609974 0.383211275301318 0.136835158948895 0.0318738828596421 0.00471534759887137
1.40247237674272 1.93582649197582 1.90470504750972 1.49661028554188 1.2230019240526 1.30131783788306 1.56821458063233 1.71185924797275 1.56962924996499 1.23775388211198 0.828981177686332 0.426086529255472 0.151393585910673 0.0350717122845591 0.00516435053222064
1.27758730475152 1.77516974158255 1.74790590715745 1.34184513912695 1.03563603346605 1.07033731345598 1.33572276000464 1.5357189983948 1.44891638405486 1.12854047322167 0.728127171674016 0.361899259992531 0.125941444824232 0.0288338538188401 0.00421583337975323
0.896616542181765 1.2704836762224 1.27430084480115 0.978914413851563 0.732667706906071 0.754459579733099 0.995430515423755 1.20428729004859 1.14274963724893 0.847016018461366 0.505477637598917 0.235606065450507 0.0789721611548568 0.0177348408754314 0.00256668096957782
