0 0 0 0 0 0 0 0 0 0 0 0 0 0 0
2.80635024355522e-224 0 0 0 0 0 0 0 0 0 0 0 0 0 0
1.60645056030724e-120 0 0 0 0 0 0 0 0 0 0 0 0 0 0
1.27084736435309e-48 0 0 0 0 0 0 0 0 0 0 0 0 0 0
1.38965054782601e-08 0 0 0 0 0 0 0 0 0 0 0 0 0 0
10581.8950479447 0 0 0 0 0 0 0 0 0 0 0 0 0 0
2.41465409272387e-10 0 0 0 0 0 0 0 0 0 0 0 0 0 0
3.61173871602744e-54 0 0 0 0 0 0 0 0 0 0 0 0 0 0
7.48259744203406e-130 0 0 0 0 0 0 0 0 0 0 0 0 0 0
2.14234307592387e-237 0 0 0 0 0 0 0 0 0 0 0 0 0 0
0 0 0 0 0 0 0 0 0 0 0 0 0 0 0
0 0 0 0 0 0 0 0 0 0 0 0 0 0 0
0 0 0 0 0 0 0 0 0 0 0 0 0 0 0
0 0 0 0 0 0 0 0 0 0 0 0 0 0 0
0 0 0 0 0 0 0 0 0 0 0 0 0 0 0
