1.22621238007733 0.964923029675508 0.464189887930579 0.226062723715736 0.204155823527902 0.228713522552626 0.202714240483338 0.189435395989055 0.258882727713805 0.325625753284764 0.242629265223869 0.0927819550568372 0.0175527782448729 0.00162568507601678 7.33944936911528e-05
1.92687004747676 1.5578335959686 0.78174475440998 0.408825310405169 0.414772542017176 0.498374861343066 0.455126687573246 0.395072571045701 0.438478811142276 0.486633620842568 0.349040706923054 0.132104696879694 0.024903814882271 0.00230263608469956 0.000103912841893839
2.40387007638681 1.97983798651699 1.01228461911079 0.549030122138805 0.61169822573487 0.779123171635759 0.734033880102326 0.610408525708242 0.558607388720925 0.525659221762485 0.355384069924247 0.132495975203362 0.0249098226340545 0.00231059347634387 0.000105699443561635
2.48018767359036 2.05475177666005 1.04548923636963 0.563996671865877 0.659077255278271 0.874791439089179 0.849804230234573 0.693032069731513 0.541426014424743 0.419659790728009 0.260423335256008 0.0955378746875811 0.0182460074942532 0.0017899053745361 9.48496630106576e-05
2.28362934923702 1.87761787139226 0.935890978555266 0.477077378992077 0.533356089846945 0.717995845315403 0.716974134446076 0.58131115362863 0.408403487780175 0.266562755050299 0.15305978275029 0.0587982332836593 0.0133485607630882 0.00186295651548138 0.000167383071975802
2.12716516269262 1.7167799428595 0.831892797947776 0.383654881631262 0.362136948413696 0.477613657214027 0.48581488188897 0.389408411598124 0.269787568366478 0.18237243369287 0.120099680791307 0.0613759071495591 0.0211070014075022 0.00449683174514949 0.000542276890975435
2.27066942662234 1.79076123150475 0.835999958596037 0.350848931022786 0.281916978088616 0.368409419617854 0.376875163127392 0.287650247730345 0.223136748259493 0.209264476256642 0.183717946916395 0.118507530949618 0.049018337373675 0.011709058290436 0.00149472804616862
2.79104419540176 2.16412300472819 0.974373265114794 0.394664070928523 0.325321194680081 0.441625631881952 0.459509152410101 0.338167509620378 0.273496856680405 0.297724202803885 0.292948844827821 0.206061682885299 0.0908615055362432 0.0225823121233385 0.00294555152626009
3.55537637564922 2.73836530108795 1.211354933121 0.503547913046024 0.446722767488087 0.600875128391032 0.643584443696647 0.487647410578062 0.359361619811165 0.353596865088296 0.352127310930184 0.260899572252141 0.120322312547586 0.0307669283380974 0.00407671585985997
4.26630915139837 3.28668947731697 1.45851327566193 0.652209219598992 0.597737760873868 0.740850808840313 0.80477031460141 0.648629015202055 0.429044459096475 0.329152901169069 0.305745590624783 0.234664198748697 0.112480058038676 0.0294605808159721 0.00395449627699963
4.60741801137794 3.56658750680602 1.62003396173201 0.809378837963095 0.752174146715636 0.820107380383391 0.864794128766009 0.736916496584814 0.455984524473571 0.255385033291704 0.194527142210841 0.149775555951975 0.0740881773091866 0.0198026426604667 0.00268679031909822
4.42817446879119 3.45266410397117 1.62739614542857 0.912588431375299 0.855207545598371 0.820657838775954 0.798916595476737 0.69404716336216 0.416383106638238 0.177930410177772 0.0947490181567827 0.0681030687894488 0.0343595396097645 0.00933699049589758 0.00127805219611495
3.78599063972965 2.9626573736 1.43718543523005 0.866529087355685 0.811798912564657 0.713874877459873 0.636011116728305 0.542361598069473 0.31681412776519 0.113409075575916 0.0383957183618927 0.022325402046174 0.0112194083249478 0.00308632398556085 0.00042548268619305
2.84510140501526 2.21163319572465 1.07021532394546 0.648006680497198 0.600767476158296 0.513410736716595 0.445882173099026 0.372820344683904 0.208344815428318 0.0659917433670889 0.0146265330648539 0.00546706324906532 0.0025844216890027 0.000714938130911361 9.91083060381561e-05
1.82224024337083 1.3917993887407 0.647673027459523 0.36750335734328 0.334526391259338 0.298515986653646 0.284384115503135 0.243902127916723 0.129378862793253 0.0367762061729957 0.00595348076636397 0.00111926605688584 0.000423966379784287 0.000116079377266484 1.61489047045697e-05
