0.20115493601854 0.283496249824185 0.354360600672802 0.401500842190738 0.334437432451275 0.141798959017913 0.0335228990226527 0.0155235409964767 0.0130110885087734 0.0110770283251603 0.0153245317943587 0.0123192402518142 0.00366454760451962 0.000385821047978682 1.4330493339133e-05
0.552429093515961 0.642627601232906 0.66149997419882 0.659754487859011 0.549277429759351 0.253941321292998 0.0778577281475349 0.052959277064096 0.0459524048012725 0.0373398873959946 0.0497847181314288 0.0398349338576767 0.0118451076767679 0.00124706823586344 4.63194777790662e-05
1.2314089328732 1.20811896589575 1.00712867519721 0.878881593853619 0.731033873783927 0.372502885806775 0.1570580388371 0.143541864981913 0.125975771796976 0.0977789772468553 0.125395028701711 0.0998033008500255 0.0296628567594141 0.00312276923599753 0.000115986905497071
2.23519487870196 1.90594109112629 1.27345758568814 0.969659740719085 0.799949554467353 0.452414273779958 0.272758987982126 0.305855434222312 0.268118615681941 0.199195501133385 0.245085803711915 0.193792539355958 0.0575536810076296 0.00605819918029776 0.000225008781434861
3.33978069814623 2.5640715611036 1.38178251896293 0.925008478261764 0.74065475221933 0.462630207602 0.399345639501036 0.509379605364599 0.443678763094895 0.317206379300397 0.372794219865053 0.29189097932344 0.0865418482950288 0.009106070873404 0.000338176567448159
4.19951332929251 3.01128728689438 1.35151711666001 0.818001883592891 0.611389953384864 0.407403602864569 0.481113280881298 0.661368361041232 0.573769932097072 0.400853282943542 0.445598468698231 0.342059884525769 0.100934966229044 0.0106073230072826 0.000393794840683047
4.6039947364326 3.18581597172451 1.2537952486692 0.713009179013329 0.480652859522633 0.316404687399014 0.467597451493254 0.669968096837742 0.589150064572637 0.420163548718973 0.431722387974564 0.315071514537736 0.0915784296562596 0.00958354498610977 0.000355368816035767
4.59710297794625 3.13779311136464 1.13021326416318 0.609601598359551 0.374380517480702 0.223159933759066 0.363057267110095 0.533584916918661 0.502296438304705 0.405010100583447 0.36906288512649 0.235715798164516 0.0652838205237675 0.00673485022513363 0.00024872466462973
4.3451867414485 2.95016397886194 0.987519226142794 0.490325204659433 0.295914482987972 0.157491705651451 0.22915195987275 0.344188266826775 0.393480015275815 0.410604890908853 0.323511336303878 0.156635783399053 0.0377598669036267 0.00371715061992657 0.000135390167037229
4.01043200248799 2.71259041161972 0.853794104768416 0.387857608704249 0.268645717176697 0.145209951722513 0.13379645633758 0.200731828190491 0.324496607283463 0.443694530051169 0.31451248409987 0.107857300961604 0.0193524112124521 0.00166245025598752 5.7857440531853e-05
3.77938670949609 2.55762623457667 0.799379666618399 0.371162806529825 0.325210001919133 0.196507154986698 0.107372228878948 0.145490928310258 0.296026171186982 0.451951026790224 0.303734817151965 0.0825613805907717 0.0102507984097737 0.000656780935213263 2.00095602943668e-05
3.81681329905844 2.60554124763916 0.881757597459932 0.47233395356209 0.454300831061769 0.287226233612607 0.14148997732731 0.175280400507709 0.287370475523574 0.393750743853232 0.253390935924654 0.0623053425095972 0.00604143793392217 0.000267172075633174 6.09397115461592e-06
4.03611151098591 2.79516227935545 1.06357623187598 0.637481077593072 0.579340469076959 0.360466178662902 0.206016795049578 0.267146057157242 0.29539512633814 0.289667449878279 0.171155700109907 0.0403060896121858 0.00352057424453219 0.000121013243844962 1.90365917114134e-06
4.0430827678848 2.8462569098692 1.19938764446142 0.750139861545398 0.609032089763718 0.364201043462861 0.261161328534924 0.373869879940938 0.316026827178066 0.191319101155442 0.0927989302131701 0.0209436977752295 0.00176074792772686 5.44078484474104e-05 6.62526560287134e-07
3.49481742290602 2.50438229190423 1.14225908885307 0.717398984165221 0.513972741654743 0.293456462775372 0.271757382074758 0.427661812108505 0.319559476063365 0.124814757990839 0.0417426880889356 0.00859684678638621 0.000706331596403226 2.10426196905118e-05 2.29800675156648e-07
