0.0063365902578224 0.0529048079683799 0.227338138939396 0.496707664898803 0.572625249557326 0.373783459197062 0.147542608496644 0.0350417707328307 0.00466793450778227 0.000325442079226493 1.14110741336534e-05 1.9762626978208e-07 1.67812526898496e-09 6.96641503121298e-12 1.41226065119866e-14
0.0110479377198094 0.0876104014947695 0.373861619157501 0.823501535591446 0.970841089208098 0.658701611920604 0.27196585396496 0.0668397869058756 0.00907079873023462 0.00063767450082622 2.24346471077269e-05 3.89055929349225e-07 3.30531882207306e-09 1.37240813356489e-11 2.78241107678607e-14
0.0185933568056311 0.133518126627902 0.559309134901328 1.24064147648113 1.49914884999169 1.05964950967489 0.457153388583176 0.115884483665718 0.0159804066565572 0.00113127893105901 3.99125588698955e-05 6.92911824646298e-07 5.88928270713816e-09 2.44569605158179e-11 4.95869411603343e-14
0.0314338662225813 0.19039855832954 0.764856189963094 1.70142228774837 2.11047524328862 1.55640073441337 0.700346982045221 0.182511058791502 0.0255151956158147 0.00181684284221277 6.42495063277742e-05 1.11643035877317e-06 9.49220999734225e-09 3.94244225682852e-11 7.99378241706454e-14
0.0551681179286494 0.261349597847374 0.965028560708693 2.13052669149823 2.71194649252232 2.08736753389998 0.977234140112709 0.260963937328063 0.0369102610181604 0.00264109923701105 9.35786729552186e-05 1.6272866631554e-06 1.3839637376922e-08 5.74871181148617e-11 1.16567048463624e-13
0.100706973857381 0.358877127797163 1.14282196712761 2.44933249263619 3.18624884698704 2.55623510205477 1.24120153362122 0.338592573892157 0.0483637495761682 0.00347475199779228 0.00012331381271561 2.14569425267461e-06 1.82528914955825e-08 7.58257964046842e-11 1.53757862515717e-13
0.185427070741898 0.509701227383907 1.30636887343305 2.61066606386489 3.43166360383603 2.85857081208195 1.43410225324578 0.398459719063193 0.0573881298191977 0.00413708690586234 0.00014701393134705 2.55939209742517e-06 2.17763890478352e-08 9.04698288433837e-11 1.83457967344303e-13
0.330791791875763 0.752266775391365 1.49464252440541 2.62330564113129 3.40265660422508 2.9198147467236 1.50653484186715 0.425141328651175 0.0616557141315393 0.00445721894221969 0.000158563810426228 2.76163297123015e-06 2.35009463569706e-08 9.76405368394501e-11 1.98003674078613e-13
0.554244347018215 1.12197923820122 1.76213332106354 2.54847518894508 3.12858333224331 2.72612187239627 1.43834350507412 0.411135329750259 0.0599663088577649 0.00434514511802443 0.000154716861508525 2.69557275644071e-06 2.29418544639166e-08 9.53225246080375e-11 1.93306791756306e-13
0.856106652642964 1.62573922816835 2.14425962547961 2.46630286021454 2.69877669756087 2.33054866564286 1.24780047790352 0.360272588502856 0.0527922489317425 0.00383259595173432 0.000136568423204405 2.38006420514808e-06 2.02588155538115e-08 8.41781534147e-11 1.70709612315961e-13
1.20721386478932 2.21739257783755 2.62060683307854 2.43015054511598 2.22203533220481 1.8304522330991 0.983760455015824 0.286024222192036 0.0420649295022668 0.00305852477008448 0.000109052272098797 1.90097306734983e-06 1.61823224105417e-08 6.7242107398879e-11 1.36365867021166e-13
1.54658854065668 2.79211059964781 3.10082946215463 2.43645270638085 1.78351177061568 1.32885180314184 0.705340411136109 0.205721595436968 0.0303339167943145 0.00220824354395885 7.87743836516644e-05 1.37344289389995e-06 1.16925172610167e-08 4.85870974718935e-11 9.85349016215156e-14
1.79596382163575 3.21226270532998 3.44935203774144 2.42909468374616 1.42154597796277 0.900561111715345 0.460650880206322 0.134065150368209 0.0197961943820412 0.0014424067308841 5.14750213226995e-05 8.97616269641473e-07 7.64213708951951e-09 3.17568947660209e-11 6.44037410252402e-14
1.888339984441 3.35909974075231 3.54182503147084 2.33536354196004 1.13223042396166 0.577968290079996 0.274883619165349 0.0791916437339402 0.0116919611587718 0.000852370979548162 3.04274708803859e-05 5.30658096732456e-07 4.51815019308056e-09 1.87755343484364e-11 3.80775161994214e-14
1.79680622577495 3.18475631341732 3.3234974097376 2.11029332016851 0.892014395489527 0.357434522884399 0.150686618169257 0.0424353207660203 0.00625006792260305 0.000455690466896882 1.62701242923739e-05 2.83779955924722e-07 2.41626776458208e-09 1.00411532049822e-11 2.03639753869912e-14
