0.494282731057413 0.676509239681513 0.607403863138518 0.373543901001811 0.194305458605927 0.139068241075424 0.13773674265383 0.118643734324196 0.0718103567170513 0.0286746203951308 0.00738719585513842 0.00121666918734829 0.000127662367446121 8.53766817104799e-06 3.66249702074912e-07
0.700442361996809 0.932176581128199 0.829752178807479 0.532778232604225 0.32976022063101 0.292491786122611 0.306358189861759 0.261364451463742 0.155780159997119 0.0614227703366092 0.0156729624858021 0.00256580727117828 0.000269251861721044 1.82634672160742e-05 8.22512024314162e-07
0.89594211400208 1.15841332718933 1.02786216356515 0.702702898909952 0.518505728243559 0.529087795950512 0.565075803181918 0.475079711589351 0.278668847492819 0.108475666334483 0.0274462223155263 0.00449125409283943 0.000480025224619671 3.47014326814011e-05 1.82876238278858e-06
1.05727148523113 1.32535692354263 1.176189421509 0.863147324886047 0.735380479005409 0.809975688414042 0.864849504222317 0.715508097349841 0.413547045813837 0.159363820425777 0.0403027196915201 0.00674863826982192 0.000780911418922545 6.80880705147807e-05 4.87095271665544e-06
1.18563440507756 1.42425568595026 1.25482914412697 0.978822125635701 0.919137829722483 1.0440754927584 1.10150488525072 0.897129536371301 0.513162952577316 0.19787476191556 0.0514641049222269 0.00946405415097851 0.00135267455580478 0.000161635601177674 1.54652383091378e-05
1.32992463145133 1.48953326979145 1.26705147003504 1.01844517884103 1.00417705457237 1.13741710765124 1.17424118565477 0.943475818457967 0.540472637759473 0.215282932094207 0.0621441686405958 0.0143239369429232 0.00280208397961717 0.000435904401555904 4.81984649704174e-05
1.57571262048986 1.60060469111936 1.25572040864701 0.984037604720353 0.967827286816373 1.06146599572029 1.06177206403492 0.847504261821463 0.501468996555917 0.222581241023904 0.0808411710698383 0.0252920898864932 0.00629847776135313 0.00110995867749411 0.000129072588246606
1.97492346714622 1.82620631007363 1.28011698556728 0.914722816900582 0.848543526250438 0.876902156470954 0.844201702117631 0.684074306563438 0.446722772836848 0.246488640706728 0.119470237942104 0.0467240389468479 0.0130126564419967 0.00239614949560684 0.000283020176848898
2.4794355947711 2.15646837689841 1.36881710851118 0.861064881001884 0.721140260100989 0.691499375939764 0.646292075089359 0.555800035452189 0.431841985856852 0.304984208285672 0.180377689095901 0.0780526723040281 0.0226122859268173 0.004221655805656 0.000500967961355227
2.96461636165888 2.50582916980624 1.50172673778694 0.854481304166381 0.650279894077958 0.589818304166083 0.551895889474824 0.517328007405388 0.468263349713583 0.381511756257042 0.24448233811146 0.10928182382854 0.0320201743938862 0.00600059133451655 0.000712945287436016
3.31355981915588 2.77568388736749 1.62867199002954 0.888323520447665 0.65153465787472 0.586902846954673 0.558844017576704 0.543301277560416 0.512146124641278 0.428723065194015 0.277950830400431 0.124714442198255 0.0365815006293828 0.00685734106204596 0.000814795509763229
3.4550301775163 2.89090978227993 1.68978705417814 0.919236922419694 0.686420833470794 0.633930609883202 0.601463479302368 0.563282253894011 0.505222945980071 0.406831551946597 0.258420151327545 0.114967579636995 0.0336148364726196 0.00629395877255433 0.000747547067932076
3.34172446308979 2.79471892132537 1.63058439428218 0.894490625379553 0.696598705048741 0.663682869865278 0.610707324536832 0.525351247744007 0.426869833298092 0.319050033296451 0.194977772384236 0.0853890971050051 0.024823444930696 0.00463849060191357 0.00055053604446654
2.95357635730311 2.46300540425595 1.42848204399038 0.788735405812921 0.645501985303874 0.633529354315609 0.557042920797798 0.428951949202027 0.305714778261 0.206172487561324 0.119279949178321 0.0510824512385417 0.0147303277818051 0.0027447356776311 0.000325451333030605
2.34339698530379 1.94361320699428 1.11614047021235 0.618689671433269 0.53316428700937 0.537647820427028 0.450734566153971 0.307802763377762 0.187504321354462 0.110535014957761 0.0593191784504219 0.0246332784758585 0.00702559170962881 0.00130414861671731 0.00015443647927608
