6012399604776.11 0 0 0 0 0 0 0 0 0 0 0 0 0 0
8830813101773.56 0 0 0 0 0 0 0 0 0 0 0 0 0 0
9939360921046.16 0 0 0 0 0 0 0 0 0 0 0 0 0 0
8649005911851.13 0 0 0 0 0 0 0 0 0 0 0 0 0 0
5901916229787.35 0 0 0 0 0 0 0 0 0 0 0 0 0 0
3236264792787.4 0 0 0 0 0 0 0 0 0 0 0 0 0 0
1490146129412.72 0 0 0 0 0 0 0 0 0 0 0 0 0 0
624069084101.181 0 0 0 0 0 0 0 0 0 0 0 0 0 0
272914751402.56 0 0 0 0 0 0 0 0 0 0 0 0 0 0
150715144927.67 0 0 0 0 0 0 0 0 0 0 0 0 0 0
116003478777.757 0 0 0 0 0 0 0 0 0 0 0 0 0 0
110699001408.558 0 0 0 0 0 0 0 0 0 0 0 0 0 0
112049777650.393 0 0 0 0 0 0 0 0 0 0 0 0 0 0
110323693135.034 0 0 0 0 0 0 0 0 0 0 0 0 0 0
98984147592.8101 0 0 0 0 0 0 0 0 0 0 0 0 0 0
