0.227691132564961 0.368208476823146 0.193516301066387 0.048244440407173 0.186087131562963 0.254488362998788 0.152801942447315 0.124004172390478 0.256882244453675 0.217230359653161 0.0755094391025259 0.0589431023790899 0.0071381350823885 9.81973060123795e-05 1.52857449417104e-07
0.65400459749075 0.70313355888426 0.338589806879288 0.122987903427876 0.331516226462909 0.405223554341666 0.352039725122558 0.284815584431133 0.351361786965273 0.268040120632491 0.157826083573103 0.144619552011842 0.0175528659175478 0.000241475644844735 3.75889746832203e-07
1.40730339080293 1.17590581824541 0.551011465271365 0.266101769458842 0.444840677707405 0.516013982621249 0.593624125230884 0.467310819697971 0.399908926809533 0.261628660490662 0.220072983720742 0.215227650092062 0.0261433481055771 0.000359657716458823 5.59856233446146e-07
2.34291841318074 1.74756924665716 0.864262619253836 0.488292588009724 0.486561486663396 0.59471128290892 0.761659463380513 0.550432093906831 0.381225707572073 0.222337119561107 0.19795220590564 0.194243321149918 0.0235847582587611 0.000324450293050927 5.05050431064615e-07
3.20798789342655 2.29562210826858 1.19205383688711 0.722142852352799 0.496076006302113 0.617899177094544 0.798523628207418 0.524104890928509 0.31182274654797 0.202366000770057 0.127682640146709 0.106937646925752 0.0128907190012172 0.000177278153569789 2.75953193926746e-07
3.75322897795127 2.58086436438176 1.2820163902703 0.833559597547344 0.546455890655065 0.565561699099834 0.746979037823852 0.495122848301246 0.300894599503847 0.302456708148836 0.109950169451369 0.0383520143226508 0.00428241141614382 5.86782749429802e-05 9.13233497977308e-08
3.92371793536663 2.47095455046026 1.02963873415859 0.801591180138659 0.645120197287088 0.503657753097707 0.633907176148664 0.454147067469416 0.372551185718873 0.527589041557981 0.172840987256592 0.0147542584906512 0.000899476130011037 1.17895792579568e-05 1.83070872427246e-08
4.26789743701002 2.33644502814236 0.697473972339413 0.701679527243838 0.697432733173462 0.470538208632415 0.464223344772609 0.339060196635614 0.414876443800191 0.6889240631044 0.244560507156147 0.0130180015174079 0.000177836185302812 1.48022440421877e-06 2.22654440502441e-09
5.68473140091813 2.6964096785103 0.5318745848949 0.535731280314537 0.626255738071597 0.436167927601759 0.30885461460682 0.24659877754838 0.417997603090757 0.634679276091617 0.241315363549289 0.0128689136091415 8.91175966332503e-05 1.64984467639829e-07 1.68471547069034e-10
8.37833774032261 3.57729952568278 0.54446341951015 0.344227142122692 0.508595746945057 0.451484361474004 0.275717054042532 0.282247278880839 0.476931069369233 0.446023485527061 0.161435823771428 0.00890293242199009 5.88266118182164e-05 4.88551742637045e-08 1.1086737893322e-11
10.9876005248598 4.39469088900105 0.649087396441433 0.24912296513044 0.451800652518206 0.588271196012852 0.403758766593865 0.359132749588211 0.523718355328425 0.269033735571653 0.0730737175435736 0.00400033066867123 2.67861234191595e-05 2.0677740921438e-08 1.99095326323433e-12
11.4550752290602 4.40736686631418 0.697739668186139 0.288191517435967 0.463645053195663 0.755843378222468 0.572208428584295 0.331712103288406 0.410862748430828 0.143060874832808 0.0228850213121191 0.00114280045868778 7.67353119243118e-06 5.94326004908167e-09 5.25809895800288e-13
9.33505285669775 3.49443670267347 0.580848381120642 0.378598639152098 0.533364287896572 0.814297549259168 0.598880353490535 0.210940833742333 0.204276436174192 0.0593182658268424 0.00528265401526017 0.000206633909070157 1.35945323440961e-06 1.05586643621094e-09 9.32717495338034e-14
6.06946105026247 2.21179385169448 0.355841812309778 0.388324086344367 0.589837307252781 0.72854445875587 0.44996863575104 0.098624913252251 0.0625786499105782 0.0167539969880011 0.000959847693252623 2.41188191141305e-05 1.48087590590808e-07 1.14626678480484e-10 1.01402669739069e-14
3.15285395076486 1.11765611384819 0.158070171800654 0.271625850847863 0.496325182441319 0.518877655776532 0.244171027678592 0.036142381933613 0.0118388045703044 0.002999572423975 0.000134739160198181 1.92457950797652e-06 9.94626137725966e-09 7.57855712915254e-12 6.70278387942228e-16
