0.502371543042147 0.424522272450122 0.278334404181654 0.253344147347674 0.374002096552787 0.498354010941062 0.495950889125133 0.371405340658755 0.211505908837483 0.0894270262320962 0.026986119835055 0.00564576789747396 0.000810711647450191 8.03109933136267e-05 5.54922740627341e-06
0.980969443117351 0.836978587439381 0.55089302850666 0.488100410924269 0.70763584410646 0.948962615923218 0.957806815922346 0.726942231810951 0.418110786564883 0.178819413283197 0.0552245264500314 0.0120880162159547 0.00186909059272748 0.000204810824336928 1.58675076443744e-05
1.60732100014312 1.38708779475749 0.912364964845813 0.768305313528094 1.07586863817177 1.45221152331082 1.49368613182273 1.15677641888338 0.678953855816652 0.298660472299612 0.0967817490459645 0.0228585701386411 0.00390824871581459 0.000477602584512711 4.08082495208069e-05
2.24736326223335 1.96220883975552 1.28246983880158 0.999546976106547 1.32103221935912 1.79468495414124 1.89526098543425 1.51516635412943 0.923760966196913 0.428720987716351 0.150135944489299 0.0391109206322611 0.00740333071976305 0.000987062216123301 8.98647660186925e-05
2.72095174129351 2.39857812762301 1.54851259084956 1.09052025583551 1.31951272223045 1.80265136982048 1.9763906719826 1.66047659145099 1.07865071082835 0.543559558745196 0.209733798591759 0.060103260088055 0.0122918067681632 0.00172848718893508 0.000162555414753628
2.8900327951549 2.56069822731087 1.62473475146739 1.01772897419575 1.08539536540594 1.48661225161391 1.72002945711667 1.5579523956817 1.11049445596702 0.619793867475816 0.262682665022514 0.080784426327106 0.0172712713312876 0.00248744538800948 0.00023650219941536
2.73553587193297 2.42548342386421 1.51081608910536 0.84120310651079 0.755367041776694 1.02631266714656 1.2822396827241 1.29322878742383 1.03613520996663 0.640559709557821 0.291389721203637 0.0931388768932369 0.02022293813414 0.0029187845154758 0.000276330658579459
2.37443473339418 2.11187072867155 1.30826725853808 0.668270370624767 0.481476480044155 0.620805818774833 0.856506131882461 0.991335537014639 0.898601895481032 0.603519909650982 0.285984381436534 0.0924011384748422 0.0199340074530591 0.00283558438373907 0.000263874837819856
2.00029346933939 1.81928973419336 1.16975234084389 0.600306580924834 0.348064081340718 0.368757619851556 0.548844759151717 0.731980956165283 0.737377214057898 0.523183618066599 0.252023010308746 0.0808286372110996 0.0170832388688391 0.00236578126233906 0.000213889910707513
1.7786956876462 1.70517250637304 1.20018606372791 0.681242139018749 0.357701645415188 0.26207679994725 0.361369344377412 0.528992033588791 0.571833986650528 0.418435401418581 0.202273061282414 0.0639943372299606 0.0131984869075407 0.00177153963988532 0.000154621077349347
1.76668733027939 1.79246224399688 1.37964935946555 0.863011477812934 0.449938620899675 0.240156657786077 0.248583855244221 0.363953563293261 0.407238868044198 0.302802540293908 0.146437858290522 0.0458444093208838 0.00927875872146946 0.00121394044606804 0.00010269589798563
1.90113954507763 1.97381545826885 1.57655761750869 1.02410480310207 0.533029016800592 0.238352689551879 0.170504770659522 0.225755413673561 0.254186666606497 0.190555311990815 0.0922719537404264 0.0287499926187985 0.0057607170684126 0.000742396112897592 6.15586696065359e-05
2.03287404652256 2.08316161949972 1.63922842399745 1.04892928502786 0.534012745822804 0.215933467299591 0.109901209496637 0.120125621244451 0.132921486979063 0.0999850005019475 0.0485123295979664 0.0151021552033119 0.00301477318859471 0.00038593967647507 3.16903048208619e-05
1.98713813263967 1.97608007579486 1.48703148979875 0.905353792384225 0.441264086543504 0.16605669579255 0.0641006365385473 0.0532932483638138 0.0563879707497168 0.0423746390384766 0.0205961227502959 0.0064159569995528 0.00127985346520578 0.000163479184256555 1.33722060204721e-05
1.66996653813212 1.60987997082539 1.14837400769471 0.653500690894539 0.299801449725093 0.105875342082182 0.0331367376436792 0.0196143349058643 0.0190497271752488 0.0142214467655125 0.00691851034351027 0.00215718932957192 0.000430441951135527 5.49585008859983e-05 4.49009712057061e-06
