0.086332346807562 0.134045226035089 0.189902606504726 0.246450756278853 0.296804430845966 0.337542459637819 0.367136416154123 0.381613355242987 0.373501244050072 0.337028762187708 0.274986182579649 0.199988061231244 0.128428887167325 0.0723972077445359 0.0356907452667724
0.152612288649211 0.225711327127784 0.310021189662588 0.39572351160263 0.473748775789953 0.539321212661024 0.589169517893104 0.615245383006623 0.604091074458854 0.545883715727185 0.445437182620247 0.323726729530867 0.207669937191591 0.116928197202705 0.0575773623350993
0.249956463181979 0.344549655088509 0.449699791499574 0.556147000977848 0.655467072998992 0.742843156544281 0.812759448080995 0.851553036450864 0.838313564876412 0.758466192326926 0.618934617180386 0.449517991280614 0.288073837874087 0.16201961826754 0.0796955063102917
0.388522459092768 0.490430074081276 0.593803730045864 0.695642416962397 0.793818434905462 0.886516253410513 0.966330081646302 1.01343795545419 0.999449449212762 0.905199341703289 0.738791399989161 0.536331976097297 0.343458435072709 0.193014134463623 0.0948698610144343
0.580324240261197 0.66885220481605 0.737242659277993 0.796150246522193 0.857367590589454 0.926678901721299 0.996411388878418 1.04150627185753 1.02759470528042 0.931700670463008 0.761006787963624 0.552687112943773 0.354013646153291 0.198988087465479 0.0978352601254672
0.829409541792984 0.886481292302668 0.888698893459289 0.866862641812513 0.853945091468425 0.868385413887883 0.904958973236371 0.935450063163456 0.92162447159476 0.837285714825825 0.685864959846339 0.49963695228381 0.321033602448252 0.181035673505486 0.0893124303159705
1.11687105911516 1.13636801053371 1.05788283204171 0.934869238805707 0.825396529275243 0.764324426860947 0.75187619185157 0.759048306600747 0.745236424654317 0.680712892258754 0.562504449473214 0.413881951182549 0.268750157445431 0.15320878076573 0.0764283801039213
1.39439791129304 1.38566489450238 1.23668382663027 1.02023897707498 0.817879314378826 0.681620164577474 0.619247737764882 0.60281494159405 0.589764899533082 0.545816975390904 0.460132430746146 0.346279969806879 0.230181612487852 0.134346759309225 0.0685958573586562
1.59839850123887 1.58144545273391 1.39336235948968 1.11784713905694 0.852597727270187 0.663436505969129 0.565742212331092 0.533520973045489 0.522318917749503 0.492865339946475 0.427038021370924 0.331182706840019 0.226917121994956 0.136387811381091 0.071604599991004
1.67981755369368 1.67495194877773 1.48692542866763 1.20011474525098 0.917444514967898 0.711280965065703 0.601743137346282 0.564631488310037 0.554522222966744 0.528935238926149 0.465538237085429 0.367636701187347 0.256668640019361 0.157125243273512 0.0839289825566612
1.62824904023283 1.64624236149303 1.48931740671242 1.23448480889493 0.978880241242778 0.791926323139607 0.693072406265685 0.658886841867462 0.645426114786554 0.611589745395529 0.53597926547578 0.422978356637788 0.295957778143613 0.181898662509824 0.097633063746373
1.4715073755683 1.50993829544812 1.39730014492417 1.1996101625516 1.00026340747725 0.856961519219029 0.782471929216617 0.752913063990461 0.729248190612325 0.67774756248437 0.583465821393758 0.454488285431953 0.315370096037535 0.192917991356774 0.103312328722935
1.2532236206172 1.30046722522678 1.22815289576179 1.09135504540383 0.956199343872456 0.863572764207971 0.815841929065433 0.788303196068287 0.749812290899807 0.678542307840953 0.569427685833862 0.434628918954814 0.297235625099065 0.18006999437544 0.0958412787904402
1.00983741547017 1.05306096258816 1.00844969495448 0.921375894245159 0.840926453376204 0.791116766478443 0.764401704932604 0.736388614388904 0.685076483133227 0.601269653888011 0.489442747392848 0.364133262497785 0.244256724230263 0.145980577702438 0.0769970626850747
0.764575472325862 0.796078213168134 0.767116041062581 0.713940507347691 0.670917339802415 0.64910981776988 0.635170823981804 0.607250492404909 0.551693996917187 0.468808282342912 0.368966627482191 0.266391017710059 0.174484471996451 0.102479041291299 0.0534063541070235
