0.0691727801079343 0.141743915725723 0.266648270025051 0.435871975284507 0.609231173810979 0.733485448576108 0.771516469626392 0.713979013950443 0.577007813882325 0.399694712458596 0.232337514421734 0.111373338417523 0.0435023153734993 0.0137433768554975 0.00349660678750071
0.13790513282469 0.249415328801711 0.436863318212683 0.690127362363709 0.949585354844017 1.13488534379054 1.18973031281901 1.09960736946345 0.888466237495073 0.615571657474099 0.357929974627398 0.171620194471898 0.0670464691070652 0.0211839119575928 0.00539000980483233
0.26109727492261 0.409173641206596 0.645382638351302 0.960619965406218 1.28102189152258 1.50502534568238 1.56231333917651 1.43593462240351 1.15685581049143 0.800466846200196 0.46520111391867 0.223020271437302 0.0871251681823585 0.0275285244100536 0.00700450654440779
0.466863741887089 0.643133920409988 0.89471564294412 1.21733845953628 1.53487801679479 1.74110423567489 1.76668471057287 1.60033737937501 1.27828050671561 0.880436115200012 0.510533381097398 0.244504956783404 0.095477052696655 0.0301621647354597 0.00767412171624709
0.770306906244045 0.971426150435782 1.20409079314247 1.46938440753302 1.70216640958098 1.81386367601723 1.75821540673166 1.54262009201317 1.20752138338043 0.822232065115903 0.473976173090203 0.226350975820925 0.0882717298507471 0.0278694391703846 0.00708894321962309
1.14277924960639 1.37959050118549 1.58102346960907 1.74693459753036 1.83075928684217 1.78148202814016 1.5976527266577 1.31877599338911 0.989793517754659 0.657171545899398 0.373726731362134 0.177276202534093 0.0689123713803405 0.0217249725737209 0.00552228498987044
1.4964544176761 1.78803644101416 1.97325856844255 2.03827711465853 1.95463610755244 1.71965700426157 1.38892963920423 1.04046072600975 0.723422424160996 0.456665936212064 0.25233551988743 0.117932331458159 0.0455145196278528 0.0143001241991918 0.0036292638168476
1.7156794399475 2.06786596460937 2.25931580731191 2.25232707090141 2.03191581635599 1.64256780159307 1.19276188901713 0.792292449213288 0.491210157561384 0.283820488884842 0.14827043484138 0.0671939820974602 0.0255342255776276 0.00796324982049881 0.00201401175224103
1.72858913701862 2.11478151136201 2.31412527308588 2.26742506453969 1.97038404710184 1.50226624790714 1.00325411046695 0.595441180392541 0.323203089305572 0.164424622616783 0.0780276470954497 0.0333284354842952 0.0122690812810345 0.00376654495301906 0.000945502352402134
1.5641817016642 1.92833806197354 2.10538117871489 2.03297131920952 1.71952863622457 1.2596271160232 0.794310621447906 0.43353340929078 0.209257550635462 0.0924131902658424 0.0383216938076235 0.0148101601940642 0.00513174136230229 0.00152569791652189 0.000376995707541784
1.33955313558733 1.62182778830974 1.72906272077052 1.62288098222966 1.32992469575068 0.940660728487501 0.568851906216291 0.2933418152256 0.130170720574315 0.0509620968832152 0.0182560370252082 0.00614201723899143 0.00192254126939005 0.000537839297841562 0.000128711390694524
1.17895604461388 1.34423227265671 1.34377810273924 1.18579495227874 0.920402081447794 0.621598130566613 0.360643372809128 0.178051971914546 0.0746565744828649 0.0268612234723687 0.00851493403943306 0.00246885106257889 0.000671790594865918 0.000169735623072984 3.8230890045383e-05
1.12713365541883 1.17693186300875 1.0612854115115 0.84211558213604 0.593818320175182 0.371043543270348 0.202826358022768 0.0954844154430294 0.0382521825113578 0.0129988016099668 0.00378516837229259 0.000970187012574558 0.000227299490952229 4.99187942862958e-05 1.01595909140089e-05
1.12697113955569 1.09172944360746 0.888599221091241 0.621675521391139 0.382975314041403 0.211255733993958 0.104482402662956 0.0457035966792145 0.0173373480042654 0.00561313572047339 0.00154220554258634 0.000362892732167589 7.51136561793365e-05 1.42009745487186e-05 2.51357449186983e-06
1.07780281514412 0.999472225471768 0.760352672412147 0.482005248518622 0.260541391121292 0.123550490908754 0.05270080464897 0.0203991989870875 0.0070796418768731 0.00215207328724263 0.000561176781660804 0.000124393057183636 2.36183819967913e-05 3.94326936647431e-06 6.00960074437855e-07
