0.018685503686049 0.00173684951629234 0.0639730959653867 0.222895477221749 0.00623312097385565 0.000221081362895913 0.00182159574005362 0.000175648161792176 8.12038800324412e-08 1.79988112547807e-13 1.91269069846021e-21 9.74494896797654e-32 2.38039113307993e-44 2.78773226591427e-59 1.56526497955489e-76
0.151165358834282 0.0136669917687461 0.17138106896437 0.598342799758703 0.0306969330657732 0.00186167830410305 0.0158697690363619 0.00153025127858382 7.07450574857041e-07 1.56806277725871e-12 1.66634478262813e-20 8.48985970503816e-31 2.07381797543464e-43 2.42870986621551e-58 1.36369170170551e-75
0.824012278175393 0.0737376975067397 0.30120980488852 1.05747887116808 0.129906350288838 0.0102978412698865 0.0906055531023686 0.00873671604160046 4.03908506697493e-06 8.95267267587053e-12 9.51388825262405e-20 4.84730324717798e-30 1.18408009104863e-42 1.38676837635967e-57 7.78706988540759e-75
3.03883126113547 0.269754382156378 0.350501306883188 1.24326637939508 0.423752626088128 0.0374673928131599 0.339009995144397 0.032689859417532 1.51132920653553e-05 3.35002013025939e-11 3.56027580740746e-19 1.81416580937097e-29 4.43243832486177e-42 5.19285413509162e-57 2.91748844161832e-74
7.62264856263549 0.669655964571764 0.293388122400217 1.00931255793327 0.994269009287493 0.0901177431864495 0.831391667983849 0.0801788763481784 3.70761441991464e-05 8.22109508160346e-11 8.74196438036654e-19 4.45866653765843e-29 1.09103086025339e-41 1.28145105591542e-56 7.22974604736984e-74
13.1300483811065 1.13930309604765 0.285929121547421 0.653873197308123 1.69744931808681 0.145486048118725 1.3378959900055 0.129150815540474 5.98173731274781e-05 1.32987942254194e-10 1.42032883307273e-18 7.29636042270161e-29 1.8065459662083e-41 2.16280119925694e-56 1.25822400891748e-73
15.8921412332919 1.36439007324367 0.54129632885122 0.505928610656935 2.30779802337133 0.164636269995659 1.4252043227602 0.138614338830848 6.49930950294058e-05 1.47401459447173e-10 1.6253118880497e-18 8.77830202935147e-29 2.34570951335532e-41 3.13815451272479e-56 2.12595842908117e-73
14.4804444731817 1.24179734923788 1.05223435065333 0.582857379354524 2.78169287328034 0.145214825280017 1.0724961551131 0.109877450586375 5.57488455497363e-05 1.41758559173934e-10 1.82686843702042e-18 1.20137957132234e-28 4.03027960815198e-41 6.84690111124814e-56 5.82395486925536e-73
12.0093188989453 1.06603427530313 1.43081976273135 0.668236116284225 2.94455399174933 0.118500801290462 0.802181381271141 0.100382436866489 6.40571527852731e-05 2.06825997214208e-10 3.34008048948157e-18 2.66632659108455e-28 1.04185726030364e-40 1.9782951786429e-55 1.816386398857e-72
11.6554205533133 1.2079993624541 1.28698090875933 0.574746136810916 2.46414139921894 0.0997216824516918 0.978593603037379 0.148162909452133 0.000109725236416252 3.94677007905855e-10 6.86223936923722e-18 5.74947684958847e-28 2.31673970279082e-40 4.48419419465107e-55 4.16606354469575e-72
12.4591845356692 1.81459236861228 0.768758016130034 0.354180940358334 1.58666457638838 0.08491608750683 1.3241811483496 0.210046587653514 0.000160219961608947 5.87004685148146e-10 1.03223805929717e-17 8.70847970470722e-28 3.52382396141053e-40 6.83795051284472e-55 6.36261400053087e-72
11.6114531158451 2.73195011610639 0.321746753404464 0.192297947586082 1.059611788581 0.0735696464480735 1.30630272389989 0.208587241720641 0.000159748017849503 5.8670343745342e-10 1.03322988702299e-17 8.72461257759783e-28 3.53225077549145e-40 6.85652772814929e-55 6.38114962410057e-72
8.7892197734404 3.42880845632366 0.118272474526545 0.16069482343103 1.16789058259387 0.0690174599110939 0.85697593833273 0.136955930246919 0.000104942702700079 3.8554085634766e-10 6.79094496461964e-18 5.73493586235743e-28 2.32200744042439e-40 4.50748418500055e-55 4.19507472041051e-72
5.74291330659307 3.26169608805754 0.0558105064450816 0.179892683271296 1.42556716940707 0.0657324820041813 0.369130086292617 0.0589971250553175 4.52095997461323e-05 1.66098597743834e-10 2.92574256962733e-18 2.47081770281127e-28 1.00041342282827e-40 1.94201413066301e-55 1.80742067013353e-72
3.39016095155197 2.23044706544802 0.0298914659164161 0.158171025465303 1.26958644629538 0.052039709742177 0.104226044966411 0.0166574233077931 1.27647184655071e-05 4.68973949691511e-11 8.26076326248074e-19 6.97630663863297e-29 2.82465131676962e-41 5.48324951001375e-56 5.1032288148473e-73
