2.22091192252787 0.774122150852452 1.32595917932915 0.482169558914753 0.0182163047854184 0.194998174049169 0.209332423983321 0.0583312168108861 0.0124256419890814 0.146104918579971 0.0480309630615786 0.000435083647574787 1.1394998320381e-07 8.37912646526137e-13 1.60673827067366e-19
4.0664016785503 1.40361589726525 2.23083822708097 0.828012495764914 0.034114614720668 0.321068468807665 0.358863993243464 0.127040942057134 0.0240667316792297 0.291348273384756 0.105980042855314 0.00110411551711617 3.29141517119975e-07 2.6277558912241e-12 5.24638190372007e-19
6.17882702872622 1.92575571823582 2.59114205838797 0.991006649610731 0.047172686614153 0.409879174010512 0.474212317158075 0.209620133146109 0.0345631396210407 0.420536635299344 0.174229990512575 0.00208655613152534 6.87455245573649e-07 5.78682436296767e-12 1.18284499139434e-18
7.98264766549698 2.10507774819416 2.08797142388608 0.83054392012823 0.0482057357508169 0.411612043937779 0.523359661355896 0.298942999245171 0.0436188038366585 0.449705470383126 0.214616162356319 0.00288744180739876 1.01779343444083e-06 8.84148012986692e-12 1.8311353966761e-18
9.18390951203549 2.04321412635279 1.18819641762578 0.491303963329193 0.0368725561372976 0.323470745247572 0.542526069661843 0.423299414338432 0.0639115006981249 0.367044512144334 0.197651202314345 0.00287671865071117 1.0541419111318e-06 9.31004725707406e-12 1.94093815287145e-18
9.86062948862761 1.97787903424915 0.515345046421257 0.217400468011777 0.0252095344740562 0.211836608837245 0.584310744107198 0.589700141297326 0.107195063204579 0.252582906021622 0.140633296476885 0.00207852805466301 7.65099378835509e-07 6.76199029321384e-12 1.40937265232415e-18
9.92375868626802 1.912540924028 0.228679085372544 0.120984942772128 0.0300932036190332 0.171220694731936 0.685608283911157 0.734070011768291 0.156576124527146 0.20529509571944 0.0950839163295521 0.00121908187591933 4.1159157639572e-07 3.47812797144162e-12 7.0956123874608e-19
9.1041937143194 1.70310901317803 0.182511353470095 0.197767965954907 0.062165867102642 0.241103450018066 0.855604175602795 0.78547449521434 0.173325035608784 0.24492656737661 0.0873290786794259 0.000818506499514736 2.08635597150474e-07 1.45122848236219e-12 2.65056047065739e-19
7.59392952627554 1.37679738012503 0.256807367073094 0.401498464354642 0.115736224164348 0.362032317253449 1.00375370099767 0.731846314124558 0.146703797840637 0.289102929538968 0.0934278818098264 0.000728274319594525 1.40466862923726e-07 7.02111695308765e-13 9.50712595821846e-20
6.16429473000066 1.15338746554573 0.388332540031503 0.62577574311951 0.173027126369177 0.425967151319053 0.980545923863381 0.615469647882229 0.112602361601509 0.253805306729879 0.0803849208824729 0.000598170489740737 1.04909688794481e-07 4.40258725133033e-13 4.54977832192651e-20
5.51167651795317 1.2174871646401 0.508347037959466 0.733007989537649 0.229670007386362 0.39978528572716 0.780756797967852 0.515359443968272 0.106561255514413 0.154713349980306 0.0487181719497169 0.000359364151145333 6.18082285853719e-08 2.48609605161518e-13 2.35393940960613e-20
5.63130881445287 1.53149281627013 0.568325119573528 0.683544653647968 0.292711296929977 0.353509372404165 0.575337788432369 0.485504918214251 0.119446135987218 0.0650068778717095 0.0202447187448643 0.00014909982370969 2.55540373116914e-08 1.01972988788966e-13 9.48585512751117e-21
5.8623232794836 1.82282224479787 0.550447272352876 0.557197046320066 0.335017832815684 0.330394853817104 0.487782111413594 0.489210955084426 0.115698826481065 0.0191537450110345 0.00574053585618334 4.22656415568843e-05 7.2393715350768e-09 2.88480368994953e-14 2.67501265660412e-21
5.45092167925996 1.78493428363699 0.444193167555526 0.41883912679371 0.304228732760109 0.286663797889024 0.453805445397816 0.446871190685665 0.0837324520998287 0.00420565960038808 0.00110986423904833 8.1703630576277e-06 1.39928964463969e-09 5.57462980390175e-15 5.16633665131642e-22
4.13769843676083 1.35632990390904 0.278858710752531 0.272710890462473 0.202688435269623 0.194034495733183 0.35776253260427 0.330261117119999 0.0444641218687554 0.000794809396228631 0.000146311758428838 1.07669949349374e-06 1.8439639430271e-10 7.34585095597028e-16 6.80716457768282e-23
