1.68329300728953 1.84074734067528 1.25903048178317 0.59063132567088 0.248493892635129 0.128137053382677 0.0653240866646073 0.0232843780173705 0.00504519327230264 0.000635075403635645 4.56611335144597e-05 1.86154543543389e-06 4.28807928749789e-08 5.56983082260001e-10 4.07411897716967e-12
1.93172075361838 2.08555128228192 1.44598305800875 0.745771660334615 0.398292647320259 0.253959183670002 0.139186224147508 0.0504822482222751 0.0109895007433168 0.00138547110614203 9.96792933803309e-05 4.06555152180008e-06 9.36913597906507e-08 1.21761743250533e-09 8.9122889325601e-12
2.05523817295675 2.17119028399681 1.53456342800558 0.905885271296168 0.620273169360873 0.460496059102942 0.264019792354757 0.096934004502198 0.021189877294796 0.00267655795909058 0.000192801931372741 7.87203126022262e-06 1.81614904966046e-07 2.36322924168049e-09 1.73220194900527e-11
2.06435733369771 2.11646868857214 1.54042986347338 1.07894109922419 0.920062262088118 0.754590324796394 0.445406863560824 0.165126039546283 0.0362564859963888 0.00459209381505133 0.000331506837648952 1.35638768861921e-05 3.13627153988864e-07 4.0908553072952e-09 3.00639373418793e-11
1.98573260759378 1.9704651011395 1.50050876445223 1.2662335042093 1.27420183622763 1.11133076198172 0.669314158279834 0.250368390609565 0.0552708469226265 0.00702932592421199 0.000509361736332107 2.09196974383058e-05 4.85623994094012e-07 6.36092555198494e-09 4.69555176671716e-11
1.83809716291675 1.77923359753461 1.44829002563589 1.45269558240713 1.62715561785863 1.47113672799822 0.899608017193355 0.339730209657512 0.0755458030896393 0.0096693588668468 0.000704985921830486 2.913512389713e-05 6.80712137106811e-07 8.97636691920063e-09 6.67274164924795e-11
1.62981020508577 1.5704710235475 1.40113301124025 1.61198645860102 1.91029978893655 1.75904783040675 1.08930390398245 0.416008267678143 0.0934531469881015 0.0120767401528898 0.000888861339585864 3.70853976050747e-05 8.74887089150242e-07 1.16512078475147e-08 8.74850364535631e-11
1.37682602485402 1.36210316393439 1.3645750551416 1.72270143993654 2.07377688175225 1.91811465815803 1.20104241392202 0.465084870577952 0.105947230516366 0.0138787196277405 0.00103520417857855 4.37649786612086e-05 1.04608188350986e-06 1.4113414807362e-08 1.07347823249618e-10
1.11871606722479 1.1769278086141 1.34128366355646 1.77939355776953 2.1074856902196 1.93360156451657 1.22254862438442 0.481442077212617 0.111662347981285 0.0148862232176711 0.00112926822299579 4.8524620931891e-05 1.17816230061667e-06 1.61369038104307e-08 1.2453146289956e-10
0.914142363358019 1.04457013255377 1.33219365626247 1.78743981308666 2.03479723270254 1.82998852538783 1.16568113348485 0.467769171921006 0.110772235634656 0.0150664589183685 0.00116458550003282 5.09246819888692e-05 1.2567280710288e-06 1.74759739788878e-08 1.36784667458563e-10
0.817336273790234 0.989001511455537 1.33076266723786 1.7486470792289 1.88718288373283 1.64647914883701 1.05234620698072 0.430129478015952 0.104024657283745 0.0144331624751862 0.0011359792708632 5.04893028703975e-05 1.26440193019416e-06 1.78172044052495e-08 1.41138766080529e-10
0.85118682412818 1.01312290359164 1.32004683895356 1.65425148315682 1.68419084021409 1.4145002729545 0.901642621749328 0.374058073815175 0.0921344480943246 0.0130046956069747 0.00103921189832751 4.68064675251051e-05 1.18590445554369e-06 1.68831863503422e-08 1.34957557576355e-10
0.991900856541046 1.0915251687372 1.27807868627361 1.49320165978958 1.43421839318745 1.15384828256923 0.728058044266005 0.304788076396724 0.0760998242363583 0.0108818936441344 0.00087950235037516 4.00005504769597e-05 1.02196755703823e-06 1.46545322373199e-08 1.1787867095535e-10
1.17285111782774 1.17569687130899 1.18800060020595 1.26742495070462 1.14901658221933 0.882551895353223 0.546927581719213 0.229500855299568 0.0577876869164313 0.00833611830863602 0.000678972643026907 3.10838073466521e-05 7.98586363397603e-07 1.15057520829458e-08 9.29278390910907e-11
1.3081044218977 1.21054557222374 1.0460156380834 0.999535585746651 0.853497104195987 0.624022166023552 0.37693797940123 0.157530661237338 0.0398192297888519 0.00577444476641229 0.000472628045985459 2.17278658205943e-05 5.60190272519629e-07 8.09511160836429e-09 6.5547565332853e-11
