0.0279831546052213 0.225327207779639 0.53502610368533 0.521146802865324 0.544998311313966 0.389341636160419 0.0968077305941682 0.00852540231163466 0.0019754397621658 0.00123134653168865 0.000285486107143686 2.00540074102374e-05 4.08001172243114e-07 2.37178546610933e-09 3.92423039823996e-12
0.079098326316334 0.605825819259114 1.46498405582147 1.6990996200475 2.3029035232952 1.77463325807904 0.469622743307353 0.0941456419309265 0.0940359372271756 0.06098317583965 0.0139022349607316 0.000971089778487356 1.9724752626467e-05 1.14610901318639e-07 1.89604731437673e-10
0.191579089961872 0.419834136837943 0.86557024486902 1.23726208386615 2.10108592903269 1.73282428246395 0.629893288951203 0.713420221216315 1.02304432589238 0.637856588092954 0.142420759176003 0.00988102113256941 0.00020030589403369 1.16322837965226e-06 1.92406692389243e-09
1.27287393468562 0.731900711519627 0.23162291157919 0.214272438608754 0.413620113107555 0.392399746977698 0.543154405051784 1.6771369697574 2.37779433621492 1.40899216704857 0.307035122214731 0.0211287390765445 0.000427288305838442 2.479683691106e-06 4.10079955879712e-09
3.99846877772038 2.39140765243679 0.708699400991435 0.176486210555947 0.0496706689529248 0.0511475687869581 0.257758839997774 0.879931245272368 1.17465775724286 0.657841274466581 0.139346863142575 0.00949575083087323 0.000191473795436353 1.11025905041652e-06 1.83567391514549e-09
8.76534072753654 5.64032920265531 2.28102108910688 0.863068513879048 0.397554818772337 0.298566434703445 0.313680089139538 0.281316105792873 0.161219424682438 0.0672324256737363 0.0133580460086468 0.000897272045531254 1.80253707128244e-05 1.04413100848757e-07 1.72584870743669e-10
13.2151116099485 8.06344813255612 3.20682035493049 1.82211818865026 1.4894603297986 1.28208435586951 1.29940953788076 0.849674069767703 0.179044038026097 0.0118816797344322 0.000446927160816334 1.86802420281002e-05 3.57674496800789e-07 2.06295944934507e-09 3.40799057199752e-12
13.0721595390714 7.37700685463791 2.17302801560226 1.27724017648608 1.28194267912113 1.17182860997835 1.23754388528582 0.814380746487398 0.169579426579954 0.0101283414324169 0.000172977746729203 9.03491213028071e-07 2.61809455215547e-09 9.00050320108157e-12 1.41830599150599e-14
7.3452035055698 3.97032890906034 0.759497168653812 0.230678104165279 0.236208412090423 0.225428744616841 0.24781189722226 0.164374057760659 0.0342490888825091 0.00204462398313544 3.47109772872169e-05 1.67530094005763e-07 2.30910730883613e-10 9.69431650695513e-14 2.22400439175196e-17
4.23148176084066 2.25757040195613 0.34738261028172 0.0221173645482742 0.00934677565521451 0.00912337256923492 0.0104280021367173 0.00696851836334418 0.00145292641570828 8.67733776525685e-05 1.48021774308788e-06 7.59810768858983e-09 1.87301138476922e-11 5.0308644539968e-14 6.88176351798335e-17
4.31793234624586 2.30187324200218 0.348770083203664 0.0150709316218025 0.000258713297106036 7.832819220483e-05 9.3315972740151e-05 7.28992447339507e-05 4.3230585451528e-05 2.47984800780194e-05 5.4295515866165e-06 3.47085955303328e-07 6.31850916362249e-09 3.26938589750839e-11 4.80760864199024e-14
2.73182129254405 1.45631540135419 0.220630203929146 0.00949914898265959 0.000116393717884061 5.26121320180472e-06 0.000163241499590127 0.00160185960856293 0.0044711695784393 0.00354691698250688 0.000799630173598858 5.12311059079976e-05 9.32791447818267e-07 4.82660365270187e-09 7.09749303232049e-12
0.795318643513688 0.423978963933118 0.0642323352300695 0.00276547550287643 3.50398224909697e-05 0.000146405355985991 0.00505616173279054 0.0496638619167701 0.138632893909202 0.109976108142385 0.0247934327292603 0.0015884780939687 2.89222486613801e-05 1.49654278437426e-07 2.20065759467295e-10
0.070188318787305 0.0374169155038533 0.00566862050452502 0.000244076297065339 1.08190212216272e-05 0.000952645859721933 0.0329260808667303 0.323414573597601 0.902787189274312 0.716172177928585 0.161456583762139 0.0103442814568632 0.000188343724508803 9.74559223232862e-07 1.43308375708263e-09
0.00143712438904385 0.000766121238606416 0.000116066519848775 5.02218475611254e-06 1.07741256413798e-05 0.0013029193045257 0.0450329852713957 0.442333959902426 1.23474161333791 0.979508350261469 0.220824093526118 0.0141478688738768 0.00025759762325494 1.33290419036092e-06 1.96002797923057e-09
