2.42673506902185 0.0154557186397889 1.00692721244393e-09 1.42521856428105e-05 0.000771946499173227 8.47788973692532e-15 7.18742131112761e-06 1.04749405825829e-13 3.83948859900936e-16 6.10521418524504e-09 2.48159841067884e-21 2.57848836142878e-53 6.84860193205576e-105 4.64988003063298e-176 8.07020649715507e-267
4.5099114281645 0.108473760422272 8.52850343404554e-09 7.5820023488002e-05 0.00410727339509855 3.24885135111415e-13 0.00016108787468348 1.08670067962774e-11 1.90078995885076e-14 3.0224675814745e-07 1.22854833899892e-19 1.27651499933659e-51 3.3904915847324e-103 2.30198502851866e-174 3.99526319197876e-265
7.33476792561711 0.489936007591299 7.73458499776556e-08 0.000259197122135123 0.0140577090196492 8.42094376009932e-12 0.0023200030902317 7.27474140054551e-10 6.04687286068144e-13 9.61520083037217e-06 3.90830958177952e-18 4.06090313650804e-50 1.07859742485591e-101 7.3231714686974e-173 1.27098990892497e-263
13.176867129653 1.42379193230153 8.573893863822e-07 0.000569556920127038 0.0311824517819324 1.44643623879441e-10 0.0214708997187454 3.13429038730067e-08 1.23612818017479e-11 0.000196558138037536 7.98953727354551e-17 8.30147568776172e-49 2.2049159997998e-100 1.49703472013808e-171 2.59821312492668e-262
24.2045038297835 2.66194422430493 8.2169886380993e-06 0.000807896650015478 0.0474728706498393 1.62443468179635e-09 0.127687362866824 8.69693615080749e-07 1.62379850998287e-10 0.0025820203502157 1.04951888713771e-15 1.09049563536914e-47 2.89641428171857e-99 1.96652967461355e-170 3.41305591808013e-261
36.7470768563042 3.20249545810838 5.55669466357398e-05 0.000789219120384816 0.0685037821602816 1.18338070446041e-08 0.487957169519076 1.55987074573875e-05 1.37068206896758e-09 0.0217953703854056 8.85920704293987e-15 9.20510029076764e-47 2.44492349002443e-98 1.65998856780942e-169 2.88103143239915e-260
42.7062638498098 2.48432756066706 0.000268103570217341 0.000982450233681017 0.160308340450933 5.5674323259711e-08 1.19826300217573 0.000182768660356468 7.43493688116384e-09 0.118223771036198 4.80546486013436e-14 4.99308637521328e-46 1.32619024028709e-97 9.00421075178512e-169 1.5627465575906e-259
39.4189922466083 1.26008569583404 0.00108266981359979 0.00348322832630531 0.426390131866327 1.68764166332188e-07 1.89087060780175 0.00143861961181283 2.59151545024981e-08 0.412079798062752 1.67498885529163e-13 1.74038605533719e-45 4.62255772777682e-97 3.13850024896769e-168 5.44709646994784e-259
32.1807339385799 0.456762317715289 0.00436306822706232 0.012839043555166 0.823126319147102 3.2926926489265e-07 1.91744344304146 0.00810417014645928 5.80451961327737e-08 0.922983211418011 3.75166800220336e-13 3.89814574267877e-45 1.03536819727787e-96 7.02966525524091e-168 1.22004976132573e-258
26.2564603110178 0.180109356515757 0.0160777882175684 0.0321960074556116 1.06966600701105 4.13762086777528e-07 1.24965358173124 0.0360709592817519 8.35438992234536e-08 1.32844090708766 5.39973986772944e-13 5.61056387841361e-45 1.49019554217938e-96 1.01177299572414e-167 1.75600595067986e-258
23.1886549849148 0.144338285037694 0.0441697472779484 0.0546136949880119 1.06019700901446 3.37362191798666e-07 0.523744809820001 0.134786304752552 7.72679264304913e-08 1.22864563198377 4.99410005137445e-13 5.18908651894136e-45 1.37824891866233e-96 9.35766480182296e-168 1.62409109018649e-258
22.9764637428093 0.18648182173913 0.0815221861899764 0.0678373893604284 1.21326390927065 1.86471111698648e-07 0.141547477745865 0.401229125972236 4.59219501685093e-08 0.730208700083227 2.96809365668088e-13 3.08397801854198e-45 8.19120928841449e-97 5.56144755890359e-168 9.65229853840794e-259
24.0250608064675 0.241745614367782 0.0978942412187963 0.0703787570925467 1.87788264879212 8.52908339377283e-08 0.0249786140029642 0.861126434823771 1.75380341193639e-08 0.278870982413347 1.13353236388321e-13 1.17778928089181e-45 3.12827083702663e-97 2.12394941913865e-168 3.68626938524006e-259
22.7108867196759 0.236977297203483 0.0758805130209621 0.0648269248199073 2.57510556020306 4.7919016069863e-08 0.00303653064417823 1.24619226368464 4.30426546096803e-09 0.0684377324674746 2.781801964167e-14 2.89041287161454e-46 7.67708998539336e-98 5.21238462544684e-169 9.04647431607522e-260
16.8886986665147 0.156482134069559 0.037927473573946 0.0481389902517022 2.48943412822506 3.09753104876979e-08 0.000303652927134383 1.17986679102563 6.79022250117125e-10 0.0107925447566374 4.3868668817516e-15 4.55814492347278e-47 1.21066748240772e-98 8.21986531854765e-170 1.4266176774985e-260
