0.373511348467716 0.336116414902082 0.221040547770859 0.126012960800998 0.0905484750705927 0.106563588639235 0.161347171144862 0.234218311877032 0.295168022031083 0.312825075732999 0.263032520815977 0.163663400418834 0.071779923384054 0.0216366487258614 0.00443173063497736
0.822163990658086 0.747148525106512 0.504989577331071 0.303065284586171 0.218036824550478 0.223866544953156 0.291496513693259 0.383509248946223 0.449578258315949 0.450479895680139 0.365508636560727 0.223303490052338 0.097135237066618 0.0291782629610294 0.00596796404715713
1.42200226328293 1.30680898353346 0.909905551727324 0.575694290898965 0.420123783963035 0.387888913141538 0.431345787054024 0.502752232154079 0.539098243190201 0.503973245777194 0.390665103358574 0.233007192058493 0.100259404011365 0.0299793419403104 0.00612041064054253
1.97229549671658 1.83310118392274 1.3132652305508 0.871403655499139 0.649338361757818 0.561247462205888 0.545075285166455 0.553881891064801 0.528399402050503 0.448153180238012 0.324766265480416 0.186792254691862 0.0790656639109982 0.0234824165767708 0.00478112574182098
2.30135742163535 2.15724906847971 1.57686709694436 1.07974944518516 0.820786858113315 0.695192193869743 0.626177773692657 0.564412467154468 0.465839432697896 0.339834644380906 0.218246537962133 0.116985484004218 0.0479425758587074 0.0140542330615378 0.00284721927342174
2.48180393860732 2.3302163100338 1.70541183133286 1.16791302226069 0.89583796518469 0.77664222954328 0.7030091713332 0.599506996570995 0.43485116122141 0.260403711960554 0.134368173449284 0.0611290378988574 0.0229777549835933 0.00649435264465546 0.00129746751017593
2.74503403870877 2.56330982703373 1.8409238080573 1.21859426768222 0.92683387291252 0.8422999100946 0.804475172507788 0.690044524681835 0.471395782850398 0.244146643541495 0.098186097573048 0.0330974440784066 0.00983160829052723 0.00244550130107902 0.000462307477867789
3.1255424484452 2.90089549135566 2.03934971083481 1.29802176181026 0.973549758229524 0.920459016225619 0.918967397537482 0.803077280882959 0.544972626797827 0.270937070587464 0.0973394159034588 0.0259094241534109 0.00544652072084295 0.000970774062970605 0.000147309074429815
3.33892047389887 3.08766761485272 2.14404257428087 1.33778948909226 1.00294280004616 0.971677323736273 0.988966948661348 0.875588094014973 0.604155894968744 0.306402511936134 0.111095387149224 0.0285515953520175 0.00523931316073037 0.000704835324433481 7.28638189672257e-05
3.12329405010721 2.87522050508009 1.97974571987615 1.22882360840211 0.936087518593729 0.928060315667212 0.958328633602499 0.866157847199723 0.620276422107922 0.331201142539158 0.127247512165925 0.0344903960412567 0.00652889521554062 0.000859983830440538 7.90290343338931e-05
2.57413550081626 2.34503392809316 1.59490576185526 0.990305487213947 0.77605636748106 0.78929340768439 0.830644709599345 0.778588227383248 0.590421493551139 0.337265899533727 0.13865624833296 0.0399859404823234 0.00797701509918091 0.00109254024260576 0.000102304501087278
2.01861067788434 1.80394058962739 1.20577198199396 0.756581473780614 0.616911545005847 0.63279820563927 0.665082223344244 0.642994853910051 0.516222155024488 0.313531022280018 0.136083577858956 0.0410367915311894 0.0084847105276668 0.00119508528428604 0.000114284141522292
1.65780449964757 1.44836414351879 0.954514362188525 0.616510228924312 0.5240301496582 0.519678163529558 0.512855831297384 0.48634935604172 0.400190914916461 0.252128065146415 0.113049533994723 0.0349703627307754 0.00737227507270615 0.00105388344121583 0.000101924770227273
1.43855542909113 1.23649347996022 0.809257010780307 0.537275467370279 0.465971033744513 0.434675585191232 0.381160919696229 0.329235276327869 0.263243260446922 0.166818153829393 0.0757976620368859 0.0237300970485215 0.00504980611937541 0.000727041290897941 7.0695825360447e-05
1.20705960018839 1.02812916300212 0.667391781074191 0.442489206710942 0.379471686755876 0.334207738018522 0.259276368739098 0.193714115566195 0.142321943307582 0.0879644389525592 0.0398948808924568 0.0125341509297674 0.00267764339513779 0.00038674722902398 3.77000400775307e-05
