1.45041426541571 0.422313040057878 0.0109254673679177 0.0566117373951084 0.542838263987853 0.441365166114869 0.0314728672525295 0.0798203424237773 0.509198806508665 0.275987480786029 0.0129790958864461 0.000230666628315283 9.18109620853478e-06 3.92648029140899e-08 1.42582660119673e-11
2.17539513961794 0.633452529576458 0.0163467928337118 0.0787911249659168 0.755479621744586 0.614257434648568 0.0438913766944266 0.117870003613941 0.752027237336896 0.40770782904417 0.0199228591267855 0.000790469049356742 3.62947918048387e-05 1.55393612859706e-07 5.6428641193248e-11
2.93775883799351 0.855668341799089 0.0220584248528042 0.0966801872631497 0.926919246300348 0.753649857387421 0.0539686341196749 0.153448642633094 0.979146880973587 0.531211234481475 0.0285713198659091 0.00259854821749738 0.0001265795677242 5.42165294406455e-07 1.96878962917874e-10
3.60122596597001 1.04979722850319 0.0272080450026239 0.10460318997658 1.00260055750207 0.815184012413243 0.0585094413991416 0.176113512462275 1.12391199129052 0.610892897009735 0.0408898128944973 0.0078098166233587 0.000389280646916191 1.66762282199287e-06 6.05572111360422e-10
4.05354768377367 1.184706251813 0.0315497385070925 0.0998464867391865 0.956051081505929 0.777335530688924 0.0559288516764272 0.178193575900078 1.13734596072961 0.621294277171452 0.0633271194081856 0.0209923426444974 0.00105553116596473 4.52200512142723e-06 1.64209866940036e-09
4.26192993356779 1.25482156532704 0.0365272000415938 0.0842665065476049 0.803715368853826 0.65347385849206 0.0471383701403048 0.158950199988422 1.01471436499398 0.561713914407876 0.108966698772718 0.0500183616053676 0.00252325935617965 1.08101370663416e-05 3.9255404854745e-09
4.2978010050874 1.28954424787555 0.0467372567700965 0.0634455314522502 0.595655645371178 0.484300321039481 0.0350304228546126 0.124997087881135 0.798227046052057 0.457486833693539 0.196284559830395 0.105283674029231 0.00531771957534299 2.27823341628856e-05 8.27306621895578e-09
4.31951018277258 1.35035706964765 0.0715895853749261 0.044133802399051 0.38920276672278 0.316423076986234 0.0229536616414256 0.0866580784114681 0.553794778831313 0.346397855403504 0.341555224203005 0.195521673799061 0.00988002385051162 4.23284218674028e-05 1.53709379109962e-08
4.51456644980726 1.5135419521893 0.126098239866404 0.0318308153409053 0.224238673333348 0.182258781263463 0.0132616678901063 0.0529651633455482 0.33907895962928 0.259567341536503 0.545311477720701 0.320199718747862 0.0161829689648435 6.93318469351863e-05 2.51768309622559e-08
5.01025612331559 1.8374932172232 0.22843960817848 0.0297085631300985 0.113992391811155 0.0925499029678945 0.00675597260719686 0.0285396492512228 0.183549983750554 0.208944705844053 0.779811373541353 0.462339082426271 0.0233682151786876 0.000100115262884637 3.63553715739493e-08
5.78081033047644 2.32145937127507 0.391851219842829 0.0385658838586548 0.0512654077506242 0.0414316099500646 0.00303476697556062 0.0135580582348757 0.0882562951921941 0.187191944713179 0.989094005518033 0.588551620944661 0.0297481406932902 0.000127448475015784 4.62810218634609e-08
6.60795720008924 2.87759855362083 0.611746680352019 0.0568024625466144 0.0206199910091323 0.0163516191603243 0.00120202899007913 0.00567901834015295 0.0381512284807235 0.177080486448938 1.1085244501184 0.660513744658183 0.0333857380154789 0.000143032860030283 5.19402599673301e-08
7.14866852528152 3.3445109604324 0.855122093108543 0.0801256486273614 0.00773831603608013 0.00568961402099375 0.000419818224748972 0.00209784568719641 0.015262324141541 0.163017263092189 1.09620456649534 0.653504253637582 0.0330315519601363 0.00014151544135663 5.13892319075244e-08
7.09963973985217 3.55069794797978 1.06309179026606 0.101857208854894 0.0030970911588269 0.00174574758818429 0.000129291318898129 0.000683847819108087 0.0059938398586014 0.138223743040544 0.955968735190706 0.570010313686868 0.0288113634527865 0.000123435097840225 4.48236235421692e-08
6.36341824769112 3.39815868922568 1.171925601667 0.114795297533987 0.00165566445904748 0.000472721701057524 3.51111332080263e-05 0.000197027753284398 0.00250890900194085 0.105149939001437 0.735045912451585 0.438312822260275 0.0221546795742757 9.4916196992452e-05 3.44674080271297e-08
