0.580394065486557 0.394433551653493 0.160385565413433 0.138450562560649 0.171753918157581 0.134534362712535 0.0862027493006288 0.116428961944744 0.206415539477221 0.224827123111694 0.154724589799973 0.0924626181113815 0.0388880394638984 0.00805113967831148 0.000731101559636715
1.1984380246711 0.834047414932463 0.374037686883801 0.34421307159616 0.393155072946227 0.291827702323033 0.191905181059021 0.225667210073588 0.336977814343203 0.360305237909183 0.281211807374698 0.195753284651124 0.0868999673958072 0.0181857416563071 0.00165446088109823
2.04564089278385 1.4697447035657 0.717639849943456 0.668135987794587 0.694537413740103 0.482127055868076 0.328957723878658 0.351525573922247 0.42597179169012 0.435987623792241 0.389569458442227 0.30857038204196 0.142296745019861 0.0299930259317728 0.00273197203499113
2.92290719917833 2.18114606339166 1.13044178286384 1.01819110252303 0.961961380355603 0.61850652359844 0.436877292255002 0.444553606611885 0.435275941218621 0.40878068199533 0.412434717473948 0.360564241510013 0.17054004380963 0.0361107020468779 0.00329172074509147
3.58296497725412 2.77823910356016 1.47442799636299 1.22877323912514 1.06437815779692 0.638262266276652 0.461803611421944 0.470505910516055 0.396370578504868 0.323040961341196 0.340153271783412 0.312616469904366 0.149619632017668 0.0317405150174704 0.0028940699984366
3.91062091240499 3.12972517233356 1.63831011377827 1.2013617549709 0.971588950188944 0.571413133378501 0.423650623445341 0.459885069452525 0.392341257298499 0.277232352875057 0.242094332312402 0.205927745692827 0.0966077934054616 0.020393563971422 0.00185720288129645
3.93964177034984 3.22407926077327 1.63561656678415 1.01370957067535 0.787352942733374 0.507996273207659 0.39951246377006 0.486509446676824 0.488910666246887 0.339949269764047 0.200551648702574 0.116084721844045 0.0473433439232536 0.00964698566124823 0.000871340988409836
3.77606337943532 3.13468699106682 1.56386895630403 0.836821430873958 0.642025443553202 0.494157641058634 0.42975785808018 0.58283856611829 0.673255312665241 0.493223590156221 0.23301076007717 0.0773308788558051 0.0202263205909521 0.003488034922785 0.000301544347072705
3.6014502244589 2.98061639848058 1.48357949574023 0.749936299498188 0.564244708865144 0.485943189825789 0.476764181988281 0.707583471487244 0.861021116077736 0.643628392471236 0.285341799517827 0.0710311602089507 0.0105802163580906 0.00113244542976609 8.0557396879782e-05
3.60221306674784 2.87183860838181 1.38002825645753 0.69010748218097 0.488749393340653 0.419941447272618 0.479315915976517 0.785064205191584 0.954384259538454 0.692637643703893 0.29219664832372 0.0658625115445492 0.00748352544321701 0.000467630298049257 2.0014891721744e-05
3.77840604864602 2.82895388904596 1.22786594027897 0.572893790336429 0.367207698971099 0.296534200600116 0.410821923872685 0.746025097690305 0.888902928533945 0.606124609041512 0.236656563648259 0.0496459143338952 0.00513094827882437 0.000253216580703453 6.54306111885644e-06
3.92293193633361 2.77382947718782 1.04283494828456 0.401066152513146 0.222942131896876 0.167869498165719 0.289680325025131 0.575109546990101 0.672032819793223 0.427782435063647 0.151423217813151 0.0290332040578493 0.00280353295083801 0.000127681366601181 2.69883568218757e-06
3.80663945969598 2.59779266163972 0.856709040872259 0.23986497367575 0.106612214626081 0.075947841686374 0.16227204004338 0.344375792263413 0.397894765588402 0.239443465399001 0.0768365586703252 0.0132230929810135 0.00117431352213101 5.04868512617459e-05 9.99092333737487e-07
3.31354935058996 2.2227198047968 0.673440451723283 0.132177972643135 0.0403641928472223 0.0272853192522453 0.0700045999208879 0.155716281156081 0.179433383843361 0.10402267941601 0.030778065264477 0.00473966814215092 0.000379360361539042 1.51653279124542e-05 2.86207324700093e-07
2.48707112486187 1.65532475448405 0.48086775469535 0.0722154288778697 0.0127337747749159 0.00768915519223666 0.0227475788629268 0.0523354782157662 0.0605389160697609 0.0343823293173378 0.00960216880739798 0.00134140784408234 9.58320762607568e-05 3.48419010972948e-06 6.1822760956677e-08
