4.34849168715466 1.1470862422847 0.0499674760888488 5.01078240768705e-05 0.000358808048630156 0.0153890230575314 0.00230711502244665 0.0954383168393443 0.0388304030302474 0.0151680116731743 0.105369513248511 0.00184742478744621 8.15350180853857e-08 9.05831021974898e-15 2.53323698703196e-24
6.9176121177031 1.7555133690826 0.085539309195864 0.000278287166486894 0.00125749049407806 0.05179848674599 0.00709593580429457 0.214268560283326 0.0871784097519372 0.0354176233880411 0.246064911897012 0.00431421199132097 1.9040523604904e-07 2.11534839397538e-14 5.91575985153839e-24
9.37899499356564 2.25729629961943 0.125315199925378 0.00139599067583048 0.00374043980911007 0.141513360199353 0.0181261818511274 0.389715252929988 0.15856189057675 0.0669984259296638 0.465518702746389 0.0081618559678502 3.60218764233917e-07 4.00192872955318e-14 1.11917494888477e-23
10.9808672143606 2.45620041181437 0.164221853021833 0.00587765896887135 0.00982901323465145 0.314593800796235 0.0382351186646936 0.574235315785834 0.23363694582028 0.102674865068369 0.713472615227387 0.0125091874683839 5.52085710551753e-07 6.1335163117658e-14 1.71529236740576e-23
11.3147823693416 2.28036739968232 0.214889151062308 0.020274343340206 0.0239542298681947 0.572418320253456 0.0662923204159155 0.685466665179086 0.278892645369818 0.127472932570522 0.885870445134113 0.015531807717275 6.85487296550428e-07 7.61557025393461e-14 2.12976192872562e-23
10.566957851377 1.82919498911158 0.322378573246674 0.0569156710798982 0.0556864494842082 0.863735432661696 0.0941919214220418 0.662883691951554 0.269702792845775 0.128211224524999 0.891078257059282 0.0156231153507306 6.89517105826413e-07 7.66034029680143e-14 2.14228226924718e-23
9.34372287611478 1.30041079528026 0.549042485331117 0.129985402171614 0.121407955632998 1.1107181662974 0.109620376253152 0.519330464947136 0.211293759668207 0.104469206497644 0.726129716351037 0.0127311021547468 5.61879786115187e-07 6.24232572501243e-14 1.74572188720435e-23
8.24930114006883 0.865216855615748 0.914640807352363 0.242349689076825 0.237045861677855 1.27710815625691 0.10490103568326 0.329615124385301 0.134103696055804 0.068961176992387 0.479363876370198 0.00840460091650489 3.70932171303687e-07 4.12095165617694e-14 1.15246076850384e-23
7.57876914055053 0.592230116330126 1.33362253315173 0.372175206362736 0.396964723236135 1.39269385233027 0.0836009111596482 0.169484315400267 0.0689521288256538 0.0368786574260683 0.256371135296483 0.00449490915972908 1.98380200439607e-07 2.20394799588575e-14 6.163536515343e-24
7.30372987109219 0.458166220520095 1.63567681211675 0.479783883351922 0.554844935455791 1.48420913523724 0.0571769719270965 0.070601605810974 0.028721523321295 0.0159771589305317 0.111077393254588 0.00194750002497418 8.59517804657485e-08 9.54900004539352e-15 2.67046275931485e-24
7.24917869376993 0.404987732866114 1.68956803760806 0.537781209901386 0.63822041561226 1.50276730350262 0.03546988224895 0.0238269873448499 0.00969214997998989 0.00560761224321377 0.0389883594709411 0.000683575917840731 3.01692254010103e-08 3.35171573134004e-15 9.37337103131666e-25
7.25564413731051 0.38537307112152 1.51093135032559 0.551275024794873 0.600223500463332 1.36401875460232 0.0213342296511319 0.00651491215686577 0.00264963256039711 0.00159444783242056 0.0110865641324782 0.000194378741644652 8.57879266485302e-09 9.53079634909339e-16 2.6653719338022e-25
7.19556851802786 0.373208141375466 1.22688684843917 0.539276756842208 0.4602612878376 1.05817755721237 0.0127664808548137 0.0014433631913261 0.000586818847381181 0.000367279363427752 0.00255394602879226 4.47778779236734e-05 1.97624558853019e-09 2.19555303128406e-16 6.14005925046918e-26
6.89447386169179 0.352961305577259 0.947088745363543 0.503060404868385 0.287506669711124 0.682819850595603 0.00727938856329858 0.000259184573535303 0.000105287142201391 6.85388114639095e-05 0.000476627599259447 8.35662626170896e-06 3.68814837827918e-10 4.09742867928609e-17 1.14588235888224e-26
6.14736573168897 0.312435931787398 0.699858459715021 0.428536647413785 0.146310836533434 0.36174029395926 0.00369521862633441 3.77659299237602e-05 1.53038080448698e-05 1.03616853031043e-05 7.20608511902026e-05 1.26342998694649e-06 5.57607473577868e-11 6.19486153940542e-18 1.73244810571286e-27
