0.432880204736031 0.0961692338578418 0.0263341600587946 0.049944878674763 0.123301451955508 0.16290844523097 0.00265205631224563 0.0188074559707881 0.0448494780165739 0.00548845823120819 2.04183257366337e-05 9.04689538889879e-10 4.32161957463901e-16 2.21427263742598e-24 1.21659240107014e-34
1.1536804286886 0.250673856044076 0.0970208897205536 0.171271563194577 0.292257523181691 0.369428454937348 0.00614258039924863 0.0643104053334921 0.162407511849741 0.0224430407708013 8.51270263866517e-05 3.77571558379941e-09 1.80371627228302e-15 9.24174211443895e-24 5.07771011050257e-34
2.41088905682562 0.505972973336533 0.270905028476298 0.445806584120489 0.533885178858288 0.633808520908429 0.0108695988075102 0.166514434929796 0.448961172745582 0.06966781861969 0.000268547547076902 1.19212678642089e-08 5.69520462336912e-15 2.91807077541349e-23 1.60328201286175e-33
4.04295980115606 0.802408931337393 0.573526444432672 0.880744709408166 0.756083555232982 0.822692601469211 0.0147543566136886 0.326532778096193 0.948020880452282 0.164084928791703 0.000641010986457258 2.84753017230249e-08 1.36041005110365e-14 6.97038908032136e-23 3.82975640939057e-33
5.64039253083908 1.02757028221977 0.922994328134412 1.32281294346003 0.835295037375488 0.807951059936422 0.0154419058321289 0.485074646546755 1.52974994020509 0.29308245472696 0.0011576784520132 5.14560571829679e-08 2.4583841936349e-14 1.25961395226234e-22 6.9207251716521e-33
6.86925526468142 1.12030144418849 1.14043672770521 1.52144605405689 0.723990818065524 0.600377801084243 0.0125367748854897 0.546044375171439 1.88689168217771 0.396859353148611 0.00158191497108205 7.03441587760196e-08 3.36085341862275e-14 1.72201646033206e-22 9.46131109281583e-33
7.69018572331766 1.14699196332861 1.11930125417051 1.37706246125049 0.494541626603536 0.337592242844055 0.00794598624102542 0.466033191787823 1.78015055448925 0.407366513577896 0.00163561968712646 7.2753668579538e-08 3.47594653085122e-14 1.78097453484056e-22 9.78522180681931e-33
8.29076385485508 1.26584223374249 0.961694831050302 1.06975655486717 0.267525534232421 0.143662312231292 0.00395449509519172 0.302250871976649 1.29043900561516 0.317602058572905 0.00128052317897307 5.69393340661447e-08 2.71988064735346e-14 1.39350274903669e-22 7.65618610068792e-33
8.96476679877022 1.61282310885816 0.857878303604239 0.854676929429169 0.116390684507982 0.0462763065202565 0.00155351601774881 0.151644585093568 0.7463606634963 0.191276211993002 0.00076325297191308 3.3778322052667e-08 1.61104665789037e-14 8.2500811214463e-23 4.5320902264361e-33
9.94505940011191 2.1610725172102 0.851585872708145 0.787310542708829 0.0433372175621829 0.0112869000141751 0.000491212247468451 0.0678532475253552 0.438460007534636 0.100097329207934 0.000360719874845941 1.53872955564363e-08 7.25278575118551e-15 3.7004402216387e-23 2.03047325129421e-33
11.1121093013178 2.65438216964019 0.81690053059741 0.729783189284765 0.0164107580051605 0.00208572712414932 0.000148356331651816 0.0489032730930418 0.466892609154033 0.0725701427236622 0.000171945134558562 5.89777817370813e-09 2.55812884533181e-15 1.26958556675421e-23 6.90567364849253e-34
11.9331436920712 2.7721686519471 0.653511434408756 0.572032434530804 0.00756606919675464 0.000292544548735383 8.5444470725767e-05 0.0692979067891576 0.759541604447828 0.0953275248380843 0.000142603413881068 2.86817000300932e-09 8.55892160096533e-16 3.57078416876211e-24 1.82361587591267e-34
11.7940404680286 2.4201635810284 0.408905863127576 0.350641635586577 0.00381570693211792 3.13902310726816e-05 9.8130966342932e-05 0.0993284291319437 1.10728498003696 0.133447113197457 0.000175257883668355 2.58834679759801e-09 4.65972863551653e-16 1.1672892643353e-24 4.34196769973523e-35
10.367721769983 1.78965694090547 0.196336418428493 0.164072544046097 0.00169033311668224 2.68224650101127e-06 0.000107875226403892 0.112008276207384 1.25051696411866 0.149858122455883 0.000192982093377706 2.68266390834714e-09 4.08350899596122e-16 7.09476041220633e-25 1.55061207602954e-35
7.84634882843473 1.14226886540119 0.0721454478954035 0.058218947928354 0.00059143011246392 2.18324912987694e-07 9.21952241358538e-05 0.0959734295909383 1.07161763963073 0.128322981398019 0.000164820849526715 2.27206897088581e-09 3.3679981185514e-16 5.40183043498867e-25 9.55429700745102e-36
