6.28292580102545 3.82946436563927e-06 0.00450281301817226 0.000887849923301734 3.35173987978036e-15 2.92436711589233e-14 2.26593342468731e-05 0.079580728228666 0.00357244092338036 3.60179028085849e-08 5.73061103070134e-16 6.04428258191874e-42 4.22616165261731e-86 1.95886699347386e-148 6.01895769365231e-229
15.2965886762741 7.35442129591731e-05 0.0328345021974211 0.00879078077059828 2.2991057418077e-13 1.19631522795285e-12 0.000256326710537621 0.243890794923343 0.00781924073307696 1.55468720576101e-06 2.47352888859761e-14 2.6089200910283e-40 1.8241566124038e-84 8.45514315985873e-147 2.59798899784985e-227
26.3531972817181 0.00114957353398225 0.153457622335172 0.0549557808061137 1.93121579624859e-11 3.70293887096108e-11 0.00292413284691241 0.475782915141598 0.0108196951352311 4.23652150766637e-05 6.73993635566485e-13 7.10885181940029e-39 4.97050832673704e-83 2.30387891005734e-145 7.0790664895225e-226
33.6217366715367 0.0120549276113258 0.46193649547988 0.217074488679723 1.10377797025051e-09 7.98963129486601e-10 0.0243717595925373 0.591481497647524 0.00976022894773279 0.000728886942444775 1.15935796288436e-11 1.22281516022642e-37 8.54992207616843e-82 3.96297196558168e-144 1.21769169021847e-224
34.1101651870106 0.082049471679991 0.906164498806888 0.543763241910301 4.00692946143262e-08 1.13707476622949e-08 0.132400826589907 0.469263825792328 0.00947664707861361 0.00792013500420822 1.25893372273394e-10 1.32783722063068e-36 9.28423606701629e-81 4.30333363572505e-143 1.32227370114374e-223
30.8804807883632 0.359384042613754 1.18843029631313 0.879924610291176 9.18880301759083e-07 1.03965437307851e-07 0.458771091523242 0.237986855130795 0.0364318109722326 0.0544087404453523 8.63005864174245e-10 9.10230831873815e-36 6.36433248088671e-80 2.94992994909878e-142 9.06417006463175e-223
28.085205498922 1.00912674972221 1.09319360330745 1.00099466368158 1.33041958799774e-05 6.04124415577036e-07 1.01697351585015 0.0772859194669022 0.179267900864751 0.237073973455348 3.73470786062546e-09 3.93895441789964e-35 2.75411589685745e-79 1.27655947999469e-141 3.92244982894998e-222
26.5106000078224 1.81304463538036 0.754797663391676 1.04018534966345 0.000121607145554855 2.22169073372122e-06 1.46881111041681 0.0160980512353018 0.598277433473713 0.661963604085634 1.02035744584621e-08 1.07605178189085e-34 7.52374784571198e-79 3.48733022781615e-141 1.07154253834857e-221
26.3074222398863 2.09073978624325 0.414005825278171 1.26048984002001 0.000701711229793981 5.16266380585504e-06 1.44275923255003 0.00215360493683504 1.32253714217284 1.22128474566417 1.76022411941001e-08 1.85570309548018e-34 1.29750464414256e-78 6.01406005274556e-141 1.84792398583514e-221
27.9922948868888 1.60295682140114 0.182447134104359 1.45084755004052 0.00255612805568447 7.57599833713352e-06 1.03899713475048 0.000185215117827505 1.99174307550379 1.60958691627963 1.91831471823782e-08 2.02026292891054e-34 1.41255798149861e-78 6.54734330802999e-141 2.0117844908664e-221
28.4185597426381 1.0229322871035 0.063237289732905 1.3369160514651 0.00587800871875233 7.01916814845604e-06 0.590314578266043 1.02441893374868e-05 2.10944877032945 1.72723239766443 1.32282842653666e-08 1.38846369559629e-34 9.70792323362484e-79 4.4997163097573e-141 1.38261567426618e-221
23.9734554498016 0.973716903215323 0.0168037529141162 1.2154548572264 0.00853298113495255 4.105587971989e-06 0.264130109986926 3.64682741900968e-07 1.59708341988264 1.61888331625428 5.80144619527799e-09 6.02418858329921e-35 4.21181335052356e-79 1.95221579265846e-141 5.99852071995616e-222
16.7806883779101 1.27027919076037 0.00332358440806003 1.33487838005142 0.00781977235491956 1.51598768212259e-06 0.086364457639213 8.47939239844113e-09 0.854856802496071 1.2119261945609 1.64399625600736e-09 1.65018556127052e-35 1.15354563845658e-79 5.34679061963069e-142 1.64289390214942e-222
10.6859919155384 1.33267725784372 0.000470960424214763 1.32549142521026 0.00452387024094292 3.53379704702187e-07 0.01916193221142 1.55960285429213e-10 0.313868824660842 0.638361995335991 3.14974146338706e-10 2.85458503627496e-36 1.99445298911581e-80 9.24445267155271e-143 2.84051795670442e-223
6.33379719973204 0.959658730191873 4.60747680768321e-05 0.914781493338251 0.00165214763822899 5.20009529094503e-08 0.00276656579261677 5.85130031893235e-12 0.0766015754713949 0.220722169392096 4.52032289501955e-11 3.1208285909333e-37 2.17689621221029e-81 1.00900171948668e-143 3.10033217623715e-224
