0.881469228154553 0.841899817706666 0.520058811928116 0.236875335469371 0.10465074798093 0.0711482082773716 0.0895879785414514 0.12701540157602 0.134401386674162 0.0910023747696741 0.0373565215423335 0.00915982380351666 0.00135766078462914 0.000127159179993373 8.13416575757736e-06
1.57191621296682 1.45473398616257 0.877845332282811 0.41589959969861 0.225201082131468 0.187814893930637 0.225809925734122 0.28773935464944 0.286090537340691 0.189140583176116 0.0782969758520358 0.0202247397300157 0.00340284294892142 0.000401155812440689 3.4488166399224e-05
2.18675660995697 1.96067173290227 1.15796451028131 0.58357511032175 0.392471047034181 0.377317680397313 0.43211587157767 0.500868607290174 0.47082198909407 0.308617788190637 0.134147345136496 0.0395546472077531 0.00836189199848011 0.00128650498473619 0.000135944550154954
2.5122354198545 2.20318967462076 1.2930264695453 0.704119055730431 0.559265070321066 0.578906637351639 0.634616600517711 0.682154081133007 0.618630812069062 0.418341805152431 0.204970512884028 0.0743622269343188 0.0197667054739647 0.00359500689785284 0.000414904144938585
2.60166553385869 2.26483871521439 1.34541608892288 0.778074850105428 0.664325208859244 0.701895120513316 0.740059813409054 0.747397030316588 0.669315858787485 0.491763141202917 0.286800821144444 0.126601050690009 0.0387766797820437 0.00760021579511473 0.000909016318371572
2.65679220146097 2.30594061468555 1.38063277322312 0.808342018800454 0.688022151906443 0.723480340894341 0.737533757161858 0.699932921541143 0.622199422602473 0.507797127113293 0.348268804628764 0.175031250600144 0.0577833951658347 0.0118521930071957 0.00149048437111007
2.7601825299097 2.36313271871333 1.38587085992034 0.784658880929135 0.654598828514272 0.693844895472691 0.696603287328869 0.622577561484532 0.53414100377178 0.463924278931039 0.353732426936372 0.194061842735169 0.069130075050253 0.0157100882101941 0.00237055527443233
2.88193406429991 2.40896985795274 1.34455335345385 0.709513766244695 0.591446681222576 0.659734942128182 0.678624974323999 0.588857303543522 0.473915902124832 0.407671864990433 0.333730896433219 0.205189946790247 0.0858771447586724 0.0248248251032599 0.00517592215997733
3.03007666428279 2.46980837839265 1.29322358573056 0.614402378077143 0.520818215853138 0.637547164951193 0.692540847069002 0.604847092875499 0.46947482735506 0.402373112288732 0.360419953174948 0.258193252225059 0.132351259687872 0.0485145295589811 0.0125635334027765
3.22835419149809 2.57836612255159 1.27463234205384 0.542173932022111 0.471627830580992 0.63163525624174 0.709249405302672 0.62155221707547 0.487301470290399 0.439184055304802 0.426533197273411 0.339844637511396 0.199545750275258 0.0840660619422187 0.0241769248633219
3.39484439657134 2.67545316213654 1.27891893977898 0.517931933560821 0.477484125330417 0.66095359872103 0.7198113456442 0.609044632202952 0.481291106101205 0.446259305439227 0.44010166037899 0.366812480942372 0.234292638037022 0.107690844617536 0.0329090092315855
3.32995403022361 2.61038695990588 1.24021527053687 0.527641652725605 0.546182659379785 0.74601658958949 0.751580860575168 0.583753220747339 0.435767610531162 0.380471764726399 0.352910186574194 0.293905642565958 0.198322033720413 0.096840344984463 0.0307900455183322
2.90424320970491 2.28386126240127 1.10073915430101 0.521026244105411 0.612295102354697 0.823085659094796 0.770615707670922 0.535063271634875 0.348113841417686 0.261526208077565 0.213938438911471 0.170455610420899 0.118210827021959 0.0600771885275945 0.0196032576140032
2.20031192145711 1.74836069305 0.862381239028971 0.448751434893735 0.571945145513647 0.760513976548545 0.675690642340036 0.421594630827123 0.229665699765316 0.140499209413257 0.0971521403604324 0.0709714452304142 0.0490599035363173 0.025482720796551 0.00844915474836821
1.41444833832994 1.13902726146826 0.573296083976184 0.312264302234015 0.408257136885839 0.535818337197504 0.457171094044343 0.260198804083028 0.118394311010161 0.0573553128476839 0.0326594301097514 0.0210868056080296 0.0140723084136027 0.00734894856911744 0.00245758251522752
