3.88384119953088 0.70594549311965 0.012077618840753 0.00681259271786062 0.00995135914785756 0.00453336087915309 0.00054431111174956 0.00030268224953245 0.00330824094226767 0.00628554442944348 0.000394349040274659 6.57666204799095e-07 2.85830995045344e-11 3.19920170945753e-17 9.14160974904665e-25
6.18522300013497 1.20280989846053 0.0338492055955121 0.0273407694368463 0.0391215125692629 0.0180171182572695 0.003106643009251 0.00170728591569701 0.0154996296100137 0.0277983184120115 0.00173291406926025 2.88186057514233e-06 1.25161231432712e-10 1.40418231569494e-16 4.04221810496064e-24
8.32527528847938 1.7587537918042 0.0825784378990903 0.0859001951097256 0.118892720857974 0.0554491066475078 0.0138378856171949 0.00744694067361446 0.0560340906395613 0.0939324968289787 0.00581897778772857 9.66565129724027e-06 4.21017229237796e-10 4.77031563929774e-16 1.4041914490364e-23
9.59976582255622 2.23180699010513 0.174302026311108 0.213586560264599 0.281607656828612 0.133345779759274 0.0479691503823089 0.0252902700122934 0.156541511315692 0.242784144967806 0.0149668755636697 2.49506236045034e-05 1.10105630263338e-09 1.28525630527588e-15 4.00991976453133e-23
9.60429679218144 2.48425953338193 0.321484957383925 0.425929375534384 0.526442398276989 0.254278021477563 0.129575153594141 0.0677612179010909 0.338519605634057 0.481351261175775 0.0296829258758025 5.03181131340239e-05 2.30883939071471e-09 2.90538049960339e-15 1.02563574570653e-22
8.44737467669548 2.45516144401884 0.525883243309773 0.691308749564344 0.791463208937213 0.394132729980052 0.274751497214193 0.146588658848552 0.568005488185579 0.73748890408171 0.0462005806305271 8.22975613404385e-05 4.15079929124443e-09 6.05377895057598e-15 2.56856254636615e-22
6.6673661445416 2.19428012292176 0.763720452649489 0.926608743782986 0.983273437439377 0.51865782180932 0.464991019976366 0.265006098610204 0.742831716951607 0.889910698221937 0.0589053342155758 0.000117758164252465 7.0488590313113e-09 1.24885294650206e-14 6.28273866958422e-22
4.9276752553883 1.82801337165619 0.963934661045907 1.03975218156494 1.04830905914869 0.621800221459391 0.646878182339847 0.416178541249004 0.76514978960093 0.884061635251159 0.0667510175234527 0.000161994410451775 1.18631867795021e-08 2.46246618095309e-14 1.37060864189415e-21
3.7124040867416 1.47788710753102 1.02303415333866 0.99005717696648 1.00501412240204 0.73325421163988 0.770543511684842 0.582501341363717 0.637957577700701 0.78371098400557 0.0734374808613639 0.00021942719578222 1.86219052882358e-08 4.2110200164425e-14 2.45131084714646e-21
3.2529333118172 1.21177924016924 0.886221843280589 0.811505154908977 0.901000827595848 0.863458905716891 0.815630395761162 0.726890337747424 0.463481140376241 0.672666831818078 0.0787929108413443 0.000270964663982796 2.47720851813521e-08 5.8084297366498e-14 3.43998996336579e-21
3.62676847000266 1.06800648988738 0.614271006461595 0.579374502257721 0.756414450223161 0.947732635459676 0.774435206218972 0.797644839412722 0.346710521359838 0.558570479417935 0.0757171866450195 0.00027865845722242 2.62645060488206e-08 6.24322660833002e-14 3.72071135449102e-21
4.72480745303459 1.06961063794798 0.337506230675022 0.360814531086844 0.569345102977119 0.889827551281304 0.643693941365064 0.765216926450692 0.321044487425511 0.414305296244873 0.0598935642085007 0.000226521504060042 2.15953846282492e-08 5.15880060910238e-14 3.08128493641812e-21
6.04827128980666 1.16840410735151 0.147656155019688 0.193185733204546 0.362472892080961 0.675963643062324 0.450886197725011 0.648689999767582 0.347623083989085 0.255307847081309 0.0372583454301644 0.000142342046286851 1.36261556416055e-08 3.26080593818558e-14 1.94916654874456e-21
6.76067069698534 1.22231795610265 0.053295478873266 0.0866250214435541 0.186575585575307 0.404203015807733 0.257957212510498 0.492501511973105 0.357086122668093 0.127241125434485 0.0178844521343324 6.85602796847713e-05 6.57279191015004e-09 1.57387990065733e-14 9.4105616003308e-22
6.25403801224998 1.1021331600883 0.0176844881072794 0.0316306616524706 0.0755947636822876 0.187919269656321 0.118353088385819 0.33248758084716 0.305132167860283 0.0520931697753776 0.00657830737591807 2.52347652078956e-05 2.42047996436958e-09 5.79720334505235e-15 3.46660746849915e-22
