1.78846326338435 0.0459604753036683 5.04231717094594e-05 4.18516854323855e-08 2.01894040772245e-07 0.0109676189983874 0.168670734291108 0.00848185925892351 2.30517943251379e-05 1.92678790899776e-11 6.73706968581674e-19 6.31893773281353e-28 1.66222593061956e-40 1.21832461358065e-56 2.48807102444729e-76
3.04343686676568 0.124853508778977 0.000446739163626648 4.44743457200007e-07 5.49626304092679e-07 0.0277063850130993 0.429399145061641 0.0396546541105552 0.000112293787243881 1.01494324727467e-10 2.90174948618626e-17 2.73751312132439e-26 7.20115833925478e-39 5.27807218601324e-55 1.07789158362033e-74
4.46533612970664 0.325808800018638 0.00310440813696363 3.79246393100217e-06 1.6896700093945e-06 0.0518848070195404 0.818539041458776 0.139723731762319 0.00040440979897836 6.08159616593314e-10 9.24123060107769e-16 8.72391276698322e-25 2.29486681246666e-37 1.68201727040525e-53 3.43502740276716e-73
6.04425466264304 0.730845237148319 0.0164145592595584 2.86116911861213e-05 1.07312072723874e-05 0.0732101362765358 1.20064213399178 0.370080139842442 0.00108429841236549 7.30349603813401e-09 2.16618265239031e-14 2.04507506886926e-23 5.37966742685804e-36 3.94301467600293e-52 8.05245207638083e-72
7.7768670948242 1.2998546656279 0.064925095255296 0.000208472861756324 9.33913593106609e-05 0.0823196532606009 1.43910727807999 0.743113243872875 0.00220641389047467 1.12214248691273e-07 3.73535430685612e-13 3.52654974501865e-22 9.27675717596961e-35 6.79937750575097e-51 1.38857361722487e-70
9.44756779532582 1.77887703715856 0.190433608635434 0.00143088187904106 0.000709026326345593 0.0890208066673664 1.54946208242048 1.15926383043037 0.00363127221261131 1.40256246181691e-06 4.73821443569817e-12 4.47335734638567e-21 1.17673797029056e-33 8.62487346988832e-50 1.76137767642112e-69
10.7481652990697 1.88619960891986 0.412458840160065 0.00833604519173341 0.00433079111084454 0.132871385365509 1.59890646348996 1.47213195963835 0.00602210794131888 1.30599628954446e-05 4.42120750417912e-11 4.17407250274528e-20 1.09800966618328e-32 8.04783620367958e-49 1.6435347233956e-68
11.4229126972287 1.62459556328502 0.658352718318015 0.0380097758245015 0.0210607933504849 0.279785196067601 1.52109008895733 1.6258199418666 0.0148657938741809 8.9601197572656e-05 3.03465974492835e-10 2.86503018692467e-19 7.536598460743e-32 5.52393223966888e-48 1.12810129528099e-67
11.3414385639046 1.26469545160725 0.773751799832149 0.130586549072727 0.0807683571871995 0.580788753838706 1.22015154230688 1.66648775295049 0.0509349806855751 0.000452322022896519 1.532222969753e-09 1.44657592779648e-18 3.80528692586068e-31 2.78907616485693e-47 5.6958707994598e-67
10.9056565517989 1.01909403839945 0.669453108607031 0.333268997143346 0.241034050261354 0.971063307657602 0.778821007572111 1.65837403015763 0.164194919677059 0.00167980610613185 5.69084524077869e-09 5.37274320035651e-18 1.41332570697139e-30 1.03589377602645e-46 2.11550949542242e-66
11.142374832551 0.876463163934417 0.426596377389178 0.628932501941038 0.552080880155888 1.22900601843966 0.391148866363941 1.6299444282806 0.41952439913415 0.00458912562490156 1.55479958165618e-08 1.4678908061767e-17 3.86135673001342e-30 2.83017239685713e-46 5.77979781112308e-66
12.5639763034879 0.734834483934729 0.200579630280238 0.876830516835502 0.95922865660516 1.15608745604737 0.159378341147641 1.52693675975624 0.811345391367461 0.00922259851930247 3.12474716234619e-08 2.9500830026286e-17 7.76033394912561e-30 5.68791864333478e-46 1.16159071302864e-65
14.0369411881875 0.559074070472895 0.0699664233287414 0.90352928665666 1.25302613995192 0.803992752721934 0.0565702712903251 1.25316320264772 1.17107990624651 0.0136340723610269 4.61953406100339e-08 4.36131583271473e-17 1.14726491730054e-29 8.4088514163661e-46 1.71726150196162e-65
13.653433296528 0.38184558413054 0.0183837767226299 0.688975422641204 1.22273742991969 0.413172411619818 0.0189452198621462 0.831637302568966 1.25411505292481 0.0148267039338676 5.02370682434092e-08 4.74289662014835e-17 1.24764156220005e-29 9.14455969080675e-46 1.86750835897144e-65
10.8119736892323 0.235104864543646 0.00378400593858529 0.389432000837899 0.88734416595835 0.157288894397745 0.00605680528323452 0.425669471945438 0.993310004507759 0.0118606631337018 4.01877063483553e-08 3.79413340327755e-17 9.98064875883118e-30 7.31529319744438e-46 1.49393427966668e-65
