0.55460850586581 0.358924511035663 0.163676852051989 0.107290341800673 0.0483508600102878 0.0105231969343301 0.00305692138128967 0.00359002570982985 0.0018815135300063 0.000329371201844864 1.91418662676567e-05 3.69279272545488e-07 2.36481243309134e-09 5.02700788916631e-12 3.54726416458576e-15
1.14339929660242 0.769164095443637 0.412164879559451 0.304457333678757 0.143797198881407 0.0327779607557386 0.012817879215423 0.0164696099806809 0.008649575896298 0.00151422205505192 8.80011854217533e-05 1.69769309299776e-06 1.08717873796687e-08 2.31107381551293e-11 1.63078903161254e-14
1.96185774065472 1.38111202019426 0.855950916551865 0.693610521517394 0.341831163985429 0.0822707558270984 0.0438972536245099 0.0602013159293273 0.031660916932763 0.00554280128053303 0.000322127992544791 6.21439893185151e-06 3.97961352194992e-08 8.45967667070622e-11 5.96949687758676e-14
2.86188313324543 2.11517858288506 1.46432287517583 1.26777327269834 0.649418978792845 0.167056463872251 0.122051536234121 0.175293953445828 0.0922765949362348 0.0161549201146221 0.000938867073646887 1.81123488433884e-05 1.15988930175683e-07 2.46563853815764e-10 1.73985627674839e-13
3.65939704602515 2.82753113052304 2.06759236986567 1.85903713854709 0.985984034165365 0.275816379906215 0.274094278390118 0.406536681895663 0.214140008326416 0.0374900538113415 0.00217879037963591 4.20325865853292e-05 2.6917076261342e-07 5.72190643228243e-10 4.03761324586229e-13
4.25738284526004 3.38786019763436 2.42672480148833 2.18894420032346 1.19648904346231 0.372438048680676 0.495149784978981 0.750861275670022 0.395677574592506 0.0692728476209506 0.00402589540409372 7.76663965369914e-05 4.97364661198186e-07 1.0572745815598e-09 7.46056564458116e-13
4.66270605349758 3.72882900456646 2.40587600387567 2.07604781591623 1.16130089136262 0.413791307409292 0.717337064784077 1.10437561740383 0.582132541796971 0.101916789744663 0.00592304760908719 0.000114265702146772 7.31741457961886e-07 1.55550183624483e-09 1.09762627059949e-12
4.89754751084331 3.83792709015995 2.08345851723155 1.60377204552042 0.904107303686692 0.380267900159036 0.831568727111362 1.29345365672334 0.681928386053791 0.119388952384511 0.00693846907818561 0.000133854916303003 8.57188025565408e-07 1.8221702942572e-09 1.28579853644603e-12
4.95009499749124 3.74875191278166 1.69034747577354 1.05377580864533 0.571628814918508 0.29017450820756 0.770166250037015 1.20628063614236 0.636050888738727 0.11135718756536 0.0064716912270886 0.00012484997460717 7.99521647637537e-07 1.6995857997201e-09 1.19929785966323e-12
4.82841933907829 3.55607756395202 1.45189400174327 0.683106932521908 0.309551142728957 0.184539947563335 0.569271665458531 0.895777592082927 0.47236857339889 0.0827004875612547 0.00480626394202745 9.27210385013255e-05 5.93772467373072e-07 1.26221379595431e-09 8.90670129260147e-13
4.60242279502557 3.38145737052126 1.46081284785472 0.572567445917912 0.172057093731323 0.0988140466484703 0.335589539409669 0.529663918244003 0.279322586830053 0.0489027844099242 0.00284205935012888 5.48281779150611e-05 3.51111926792571e-07 7.46377345319523e-10 5.2667464795849e-13
4.32027096849366 3.25456960915075 1.62752345672667 0.633193689249515 0.129302997516965 0.046212943233592 0.157733301767128 0.249370573498446 0.13151247996609 0.0230247437388977 0.00133811785706506 2.58145784157232e-05 1.6531292323746e-07 3.51414495998848e-10 2.47972566595615e-13
3.90248797339526 3.04364166809679 1.73308583103099 0.704597147342952 0.123487046707291 0.0208232605208088 0.0591311583090738 0.0934830945800555 0.0493019034439736 0.00863160826637083 0.000501638992711589 9.67747276328831e-06 6.19731721468054e-08 1.31739676662409e-10 9.29609510034585e-14
3.21930230137468 2.58116392483836 1.59160119526871 0.668029876077316 0.112910008541769 0.0103894394826243 0.0177158536217556 0.0279039742542858 0.0147162174039314 0.00257646553854033 0.000149735199381209 2.88864768274771e-06 1.84984927876893e-08 3.93232325242174e-11 2.77480952177293e-14
2.29779904582408 1.87268320963513 1.20281006395071 0.513213725096308 0.0861697409884109 0.00582177307172563 0.00427184668253764 0.00663216905480247 0.00349755473517171 0.000612340031326949 3.55870690231083e-05 6.86535329710652e-07 4.39647552763615e-09 9.3458224648078e-12 6.59479790939799e-15
