7.51064598863983 1.09372413610064 0.00149177656057395 6.6771582026047e-06 4.61354208131788e-11 5.37404816829813e-07 0.0123344089561451 0.00179224192725284 0.00268779103764645 1.01181316064536e-05 2.40528233162488e-13 3.61070866723963e-26 3.42278394350318e-44 2.04893024741731e-67 7.74525127243757e-96
10.2892390773791 1.67941574670561 0.00232639396103676 4.43393405054935e-05 3.06359944276957e-10 1.73307126680382e-06 0.0397772950016811 0.00578460467374621 0.0113941807510131 4.28931548427635e-05 1.01965611343842e-12 1.53066486956184e-25 1.45099913098941e-43 8.68590030084577e-67 3.28339534458001e-95
12.9748993822622 2.17242992983299 0.00318456443873018 0.000247650385344816 1.71112431753284e-09 4.70092805430319e-06 0.1078968512997 0.0157090570175436 0.0406277190490885 0.000152942214510355 3.63574245354451e-12 5.45782364766964e-25 5.17376306684889e-43 3.09709283893261e-66 1.1707456748143e-94
15.2933062182267 2.36803399642717 0.0042833609543563 0.00116343096906326 8.03864853974797e-09 1.07251745067795e-05 0.246178032765132 0.0359040907843381 0.121846625431748 0.000458689158936615 1.09039590767373e-11 1.63685647326917e-24 1.55166383412708e-42 9.28849444207856e-66 3.51118460412312e-94
16.8371637963921 2.17721280796062 0.00714970774439603 0.00459720612066745 3.17640830958373e-08 2.05817667149294e-05 0.472486233751843 0.0691132225837255 0.307366334471382 0.00115707442630347 2.75059742471387e-11 4.12908116062704e-24 3.91417696649014e-42 2.34308554462177e-65 8.85720063861971e-94
17.1168926315312 1.69370697129739 0.0162345446907349 0.0152791451377341 1.05570205171598e-07 3.32223797499134e-05 0.763007954849587 0.112271470052107 0.652154980665576 0.00245502450632698 5.8360844654442e-11 8.760884526968e-24 8.30491121088318e-42 4.97144548501002e-65 1.87927795576076e-93
15.9612993788981 1.12683338236407 0.0405073419512182 0.0427125849358581 2.95119662660492e-07 4.51114607046389e-05 1.03748606414273 0.154818039034969 1.16385012694985 0.0043812908645698 1.0415205016248e-10 1.56348676946541e-23 1.48211276610612e-41 8.87215122743063e-65 3.35380087585383e-93
13.8598570234149 0.665453595143974 0.0925885354753595 0.100430210385916 6.93915604040816e-07 5.15430669802616e-05 1.19047280373001 0.184356676047547 1.74700854384664 0.00657657925178181 1.56338447572199e-10 2.34688701716936e-23 2.22473977822322e-41 1.33176288643233e-64 5.03425541388102e-93
11.7524802139759 0.389763620871204 0.181894966542761 0.198620745308416 1.37235631077665e-06 4.95965360140159e-05 1.16068229092876 0.198513244411193 2.20569132483484 0.00830328122930858 1.9738560845196e-10 2.96306973137908e-23 2.80885234304933e-41 1.68142150401478e-64 6.35601532062403e-93
10.3845702335921 0.27560929283578 0.302105523479912 0.330397353224888 2.2828576629885e-06 4.02974046663172e-05 0.981172511599924 0.213070650844901 2.34231983755135 0.00881761545263529 2.0961236204675e-10 3.14661261362813e-23 2.98284246194381e-41 1.78557462125471e-64 6.74972909631147e-93
9.83156325827697 0.250165573314584 0.422538233953295 0.462274810839932 3.19405582830422e-06 2.78707521003443e-05 0.758843125807916 0.255220576945719 2.0921820004197 0.00787597410498827 1.87227663128836e-10 2.81058292873928e-23 2.66430194373101e-41 1.59489144826828e-64 6.02891925416716e-93
9.57208828818243 0.244376350534558 0.497216073058324 0.54402094078746 3.75887505400126e-06 1.68000616352533e-05 0.597812465471771 0.341693580284512 1.57182663816652 0.00591710290198722 1.40661375223448e-10 2.11154940103038e-23 2.00165065969884e-41 1.19821836525919e-64 4.52943790052391e-93
8.95271734579328 0.219825624530211 0.492157213555659 0.538496298432406 3.72070291770275e-06 9.38124799622538e-06 0.533221893612297 0.45706027403186 0.993257879605122 0.00373908796165387 8.88856022076316e-11 1.33431327401428e-23 1.26486694740474e-41 7.57168489239631e-65 2.86220588139839e-93
7.64078442665435 0.17137420862377 0.409751656651386 0.448333865538459 3.09773182473401e-06 5.43773376547492e-06 0.525357635207989 0.553437782309208 0.527925004518582 0.00198734817181583 4.72432424322914e-11 7.09195684331751e-24 6.7228453604046e-42 4.02439693390168e-65 1.52127997096953e-93
5.77914159077012 0.113817477209088 0.286939801894333 0.313958384398727 2.16927373466432e-06 3.59221134945851e-06 0.506941299675476 0.578754634911875 0.236013486162885 0.000888451970411481 2.11202809969831e-11 3.17048774888836e-24 3.00547498014146e-42 1.79912278902568e-65 6.8009431207028e-94
