14.0128936206024 1.94195816718678e-06 3.62201229339805e-47 4.48582073038194e-14 7.54293523818768e-55 5.28614024400147e-08 3.48008864053625e-14 5.50120358785842e-07 6.89802092431759e-17 4.72752368635396e-13 7.41028137443317e-105 2.65660792227985e-292 0 0 0
22.9707981085192 3.60480465351308e-05 7.16312438734621e-46 3.45793325194947e-12 2.37825485996436e-53 1.65771979309701e-06 8.06583498194054e-13 8.32290597938133e-06 4.91280326493671e-16 3.36696482312904e-12 5.27763759052623e-104 1.89204877999473e-291 0 0 0
31.5078299033349 0.000478527290141452 1.19326966539379e-44 1.9062259076416e-10 5.36374727021281e-52 3.72132445230346e-05 1.33687692993839e-11 9.00482608062435e-05 2.50217285436485e-15 1.71485148655619e-11 2.68798907712018e-103 9.63652082350975e-291 0 0 0
40.6128252928546 0.00454270775073091 2.08832780039802e-43 7.51476145805861e-09 8.65301461128026e-51 0.000598002973593009 1.58458884673213e-10 0.000696720741164864 9.11356536940521e-15 6.24593584503524e-11 9.79035645912652e-103 3.50987192213719e-290 0 0 0
53.5115919596931 0.0308394056289428 4.11158256046844e-42 2.11855186414549e-07 9.98511666673511e-50 0.00687912758059687 1.34315097077889e-09 0.00385500743004455 2.37379050002036e-14 1.62686529055411e-10 2.55007279944537e-102 9.14208686429955e-290 0 0 0
68.8045832138073 0.149720171533134 7.42714343644182e-41 4.27116226694595e-06 8.24181439448656e-49 0.0566489398537101 8.14171949148412e-09 0.0152536848352074 4.42160081375478e-14 3.03032171226642e-10 4.74995748995746e-102 1.70287389381064e-289 0 0 0
77.1290973255517 0.519801765107281 1.04087739344489e-39 6.15794933660762e-05 4.86602065564101e-48 0.333950534203064 3.52931571742709e-08 0.0431625791822619 5.88978911636893e-14 4.03653712575806e-10 6.32717631147018e-102 2.26831153439148e-289 0 0 0
70.686202936056 1.29056030438069 1.06574900904997e-38 0.000634905693300526 2.05496296885976e-47 1.40931242571078 1.09407716710005e-07 0.087341988825283 5.61051888392536e-14 3.84514068709024e-10 6.02716692839993e-102 2.16075727787262e-289 0 0 0
54.7901665634009 2.2914056329779 7.84478930155045e-38 0.00468128843830014 6.20741156606543e-47 4.25764407453422 2.42542845617338e-07 0.126392654554291 3.82198854745825e-14 2.6193804839567e-10 4.10581685055248e-102 1.47194755792146e-289 0 0 0
43.0275350047839 2.90943576177699 4.13470568936961e-37 0.0246833811971015 1.34119270015901e-46 9.20809510125544 3.84513907297739e-07 0.130798770951856 1.86191051199586e-14 1.27605093459508e-10 2.00017960793142e-102 7.17070341046216e-290 0 0 0
42.5459890207324 2.64179244456151 1.5589225696326e-36 0.0930736978897981 2.07273407360121e-46 14.2563820791575 4.35931955288603e-07 0.0967984851289216 6.48651304785671e-15 4.44549884844258e-11 6.96821412270586e-103 2.49812549714939e-290 0 0 0
49.669757714319 1.71542502590177 4.20358397935309e-36 0.250976094904777 2.2912131028754e-46 15.8011222689521 3.53434083343845e-07 0.0512290766186579 1.61602047049886e-15 1.10753144064607e-11 1.73602929371008e-103 6.22371667409574e-291 0 0 0
56.6873828646436 0.796577285604021 8.10598375063104e-36 0.483972645424419 1.81156807781835e-46 12.5373249977103 2.04918524804439e-07 0.019388649727595 2.8791579388536e-16 1.97321630392575e-12 3.09296980719856e-104 1.10883887911808e-291 0 0 0
57.2928254249792 0.264525306484088 1.11783232634403e-35 0.667409437186614 1.02449291497162e-46 7.12129085365626 8.49644172113433e-08 0.00524761145320507 3.66831980162169e-17 2.51406438767847e-13 3.94073636477274e-105 1.4127657125668e-292 0 0 0
48.4435437273541 0.0628188045700059 1.1023794773689e-35 0.658183423960916 4.14406248167632e-47 2.89565817091542 2.51927753828187e-08 0.00101568455249083 3.34235026868929e-18 2.29066282005854e-14 3.59055970033176e-106 1.28722633640207e-293 0 0 0
