1.52912754913724 1.70922555574582 0.759236298254568 0.212018621588519 0.0362343943077029 0.00750510450189349 0.00817208016346209 0.0733256490741115 0.116536085241746 0.0571256088598597 0.0632375649773532 0.038518433495844 0.00586169799925756 0.000157345532600576 6.62602351245084e-07
2.58762642232212 3.15937816980044 1.53072534150353 0.459864295554207 0.10188270428116 0.0282476610280845 0.0231500977877307 0.190710841841177 0.292368072781059 0.157473453654277 0.194569683787736 0.120199500127776 0.0183750562862572 0.000493744162049364 2.07961852657596e-06
3.49145250381705 4.54940317475954 2.35737655920905 0.757633752440894 0.229294677773141 0.0792244050749037 0.0508417876658836 0.379431947319782 0.554617725199324 0.326428502257913 0.440460872382186 0.275202957265376 0.0422452293610087 0.00113623754622665 4.78663843486829e-06
3.94633384449888 5.24615063686203 2.8442651226356 0.979511157882512 0.411758567417794 0.164599915641106 0.0864994085062839 0.581972171841203 0.803885599465536 0.513892552171592 0.73655367722621 0.46258394730939 0.071235353793894 0.00191759955280685 8.0796763221333e-06
4.05256447023101 5.08961383954518 2.82940371538908 1.05996651955933 0.585694520827253 0.25270458095039 0.11331114315022 0.690792505735371 0.902024214732615 0.632695350544949 0.920965003341704 0.571907266669111 0.088116698600341 0.0023734194281719 1.00017082036128e-05
4.13316443088096 4.50222293605533 2.52982299253549 1.05864830700346 0.662968383791552 0.287341187549518 0.11324942526808 0.63382622446242 0.799164172164662 0.654777651988169 0.890507337365437 0.522940403456356 0.0800003721298684 0.00215445480590294 9.07972608856924e-06
4.34323463548889 4.01457519793681 2.24258604625372 1.06412778394679 0.624044652471845 0.245340921592208 0.0855969758613168 0.447427782963572 0.580213837280517 0.638789936678391 0.719384574896577 0.359275394402583 0.0533912271600516 0.00143450458163599 6.0449689961114e-06
4.55530761174717 3.81838983993837 2.07320545634921 1.09991300925487 0.544674630905486 0.164718666800543 0.0488185762726285 0.242367612675669 0.369030222476868 0.62173690012419 0.54380055892177 0.193332578084962 0.0263132049495037 0.000700862682880261 2.95155812886371e-06
4.55019328387728 3.72897285121321 1.98149062410897 1.13301987973227 0.49171229851934 0.0975906880750534 0.0222000078064745 0.104335566930647 0.222331919365262 0.556579176071293 0.402974281129687 0.0889383149356963 0.00970282559904766 0.000251547400810537 1.05702137624296e-06
4.27246581366749 3.47981684872478 1.88987266499983 1.09871223924215 0.441630178698972 0.0596314618725695 0.0135452950728388 0.0527457772136294 0.133846532059773 0.408331315108216 0.269405991445725 0.0389241856602388 0.00277269768343138 6.65437656750296e-05 2.77720630647207e-07
3.91538428765457 3.02060734584404 1.69911517255583 0.936136745256969 0.344437966609489 0.0383655075038688 0.025439996759366 0.0811670204521232 0.0953791895885778 0.230956490273926 0.145845931610559 0.0164532819638349 0.00066383234227364 1.31004056146777e-05 5.35761477315619e-08
3.68519898707885 2.4953902097477 1.34626918773836 0.661058738319593 0.212486176923633 0.0237381369911053 0.0617370863905814 0.191497407417847 0.113526365738981 0.10176558401328 0.0601871624922193 0.00609467268097902 0.000148503375168026 1.97101826000938e-06 7.60677551814855e-09
3.48997999924335 2.00057356749446 0.892938392333704 0.37317485166672 0.0999460234019397 0.0148621822626815 0.11713207790073 0.36288611121005 0.178276204424987 0.0416106295165366 0.018551617568502 0.00179480245070319 3.22798269971845e-05 2.41495918816254e-07 8.00378759193284e-10
3.02440290418348 1.50519085704121 0.483666273646686 0.165313920071939 0.0355380328098618 0.0110716790008178 0.164049245691999 0.508369169802875 0.241460378606946 0.0238547909337328 0.00434463249616288 0.000399766895519739 6.27495847973651e-06 2.67973486936067e-08 6.36363067942076e-11
2.18878344227352 0.990499651006666 0.213661613946146 0.0569453676854889 0.0095937942810164 0.00902349560381347 0.168656742351087 0.522710359679732 0.246904183484313 0.0188156189820982 0.000882611190743138 6.62208791315626e-05 9.83768148441612e-07 2.89530015196713e-09 4.01681411416235e-12
