0.139327346841105 0.110221632574668 0.054722540303359 0.0191364397614162 0.0106114180165743 0.0143542250036305 0.0166402021958867 0.0124492396317451 0.0059356554529136 0.00186235090388756 0.000451056179246944 0.000169984390938957 0.000128658885003266 8.3592843851656e-05 3.50643444078694e-05
0.363392037174613 0.291004669336693 0.148706746693423 0.0579319689227511 0.0412118331186369 0.0594166359241658 0.0692075741671224 0.052931685583871 0.0266609294073434 0.00941383649457546 0.00301099144097444 0.00172472691656472 0.00148906232380863 0.000980065946447761 0.000411502095728363
0.703603100749264 0.583976465732573 0.320766808052857 0.146315453143604 0.118303871082556 0.165435314002582 0.192258775361156 0.154302806706821 0.0865833672835268 0.0368837021911012 0.0159018404002002 0.0117339268275789 0.0106775034029876 0.00705719991975044 0.00296317939010056
1.20266674025198 1.06552422863375 0.653342206743457 0.343526313381372 0.269011024614312 0.335599474920909 0.389237741736541 0.341699376958482 0.225178981830864 0.117625506474715 0.062540651821375 0.0513834808734626 0.0473261416464249 0.0312312214992551 0.0130978588829997
1.91818675099827 1.81429432040574 1.21969449909326 0.690966132954031 0.492167566839447 0.53811634712022 0.635385351606441 0.630454289974994 0.487841094354166 0.295262053542044 0.173261344448024 0.143966477878618 0.130280296540061 0.0851766447268383 0.0355838461580782
2.62817919079342 2.58708786418249 1.82860532900803 1.06227621711467 0.697306013268715 0.700187776755515 0.869828952554181 0.968440996180609 0.836342064686561 0.550083480225191 0.33418418583882 0.264299206520432 0.226568612415582 0.144359674086468 0.0596460179224837
3.03914042321922 3.00473100160328 2.13769588940987 1.22946952006707 0.75767475825149 0.73634883195489 0.971708126982333 1.16223552745736 1.06208388564459 0.737500491957195 0.461621113779137 0.338180620000363 0.260351094598018 0.15568070310306 0.0623888509393837
3.21680446664114 3.06268957649792 2.08233708172763 1.14445098064923 0.685688354138188 0.677603312609089 0.906250174744892 1.07716970561947 0.989903086521452 0.722020001992379 0.481377757930139 0.331613452876838 0.217037916643059 0.113502449188396 0.0420680113904679
3.37212302779827 3.009113340252 1.86881957199248 0.955514627665558 0.613354017218398 0.667589020716908 0.837160915581988 0.891111178547382 0.766446447182821 0.571362673622722 0.406920955393952 0.270462637358185 0.149643085167954 0.0638723149719015 0.0201377557995748
3.56954829864208 3.00384282756653 1.6966575561696 0.808409185776324 0.601184819508204 0.735237411474601 0.862964004335387 0.823347675019873 0.653230400914828 0.470437087338385 0.327906856546061 0.206766268612468 0.103611942303702 0.0381371992173857 0.0100241326172008
3.67887356567976 3.00336132276894 1.61246202740702 0.748070650877246 0.612795958618953 0.766529687097936 0.857117002851769 0.797924668741355 0.645921888552873 0.473043643057635 0.323864000749266 0.205622543823221 0.110047849162686 0.0438096010972819 0.0119087443986545
3.51537658726711 2.8728987889551 1.56031534955223 0.765077208822168 0.643884311138891 0.735799064702656 0.741824036722307 0.664520540045266 0.567682006405043 0.460192752589818 0.356588239153701 0.26296582135355 0.162184868390608 0.0715702737124915 0.0207145218138299
3.07886015035503 2.58241971795358 1.48731433128222 0.810409793607298 0.673685704164951 0.665422457284137 0.565296288585735 0.441772391331379 0.373602956312442 0.341716665497606 0.320234384612304 0.2793769509943 0.189585780842969 0.0874261584766476 0.0258097156832774
2.45676945375996 2.12520662854127 1.29859615961839 0.756976501926406 0.593767317255419 0.506114687962857 0.360258457452952 0.22913059720102 0.174823463357855 0.178005859021039 0.201503208197582 0.200053069680164 0.143688626287532 0.067665748879629 0.0201283883733894
1.72138197854925 1.50544423128518 0.936375921431816 0.541477553095906 0.384673877934597 0.284269547718855 0.173048483140985 0.0893463168660135 0.0574225495901516 0.063435833003636 0.084253906403209 0.0914030065098235 0.0679194021717885 0.0323570585736974 0.00966248356580889
