1.88252288272988 0.541026412093137 0.0722046723167902 0.167027049855964 0.370360833980845 0.0116075207913736 3.61546329478794e-06 8.91993725819836e-12 1.63332606509446e-19 2.1895058235233e-29 2.14295681005255e-41 1.53055197362913e-55 7.97638079339089e-72 3.03303951339533e-90 8.41516958907764e-111
3.7349930343429 1.24617235378379 0.261921837044894 0.397213985073727 0.86644545399061 0.0274934210793835 8.59408157424619e-06 2.12160436356662e-11 3.88509045969268e-19 5.20797305858284e-29 5.0971899917078e-41 3.64051529601053e-55 1.89722796626674e-71 7.21425084596805e-90 2.00159338066425e-110
5.88151795714441 2.31401744902179 0.712194953442573 0.70443375161777 1.48681437385154 0.0476517600362982 1.49222150063717e-05 3.68327286402614e-11 6.74319803210211e-19 9.03810105818048e-29 8.84533552505154e-41 6.31736557482992e-55 3.29221742859232e-71 1.25186812568948e-89 3.47330202021638e-110
7.53330596381339 3.53359500373923 1.44740210184349 0.946742496580559 1.89362660445564 0.0608415695623805 1.89811798770662e-05 4.67277125705508e-11 8.54409162273712e-19 1.14458868474357e-28 1.11993918372805e-40 7.99796502556744e-55 4.16790243952347e-71 1.58482726388108e-89 4.39707294943017e-110
8.26720133455814 4.60088174119079 2.20183414770199 0.996547890215444 1.85856887994027 0.0584937261420872 1.78600270844173e-05 4.34905852197153e-11 7.91548840418892e-19 1.05840407825362e-28 1.03484557612744e-40 7.38812488874874e-55 3.8496624040862e-71 1.46375223893154e-89 4.06108127347171e-110
8.50346137306813 5.37104374249012 2.52776028885364 0.87620599908727 1.55217046886417 0.0451450512089391 1.28211431994666e-05 3.00863713208836e-11 5.38997870545013e-19 7.16123937008053e-29 6.98414935369382e-41 4.98126703013901e-55 2.59452909993458e-71 9.86363388796875e-90 2.73643402495965e-110
8.81838771606801 5.90661020189351 2.23704620536832 0.705726746611734 1.28888504219191 0.0320231210343303 7.63803801516714e-06 1.61105388492017e-11 2.74477601893629e-19 3.57029445511809e-29 3.45236743957846e-41 2.45398695923758e-55 1.27647432400918e-71 4.85024079649778e-90 1.3453097143451e-110
9.00270675776411 6.29619890320209 1.60276472129495 0.548312389770717 1.11419785678757 0.0236006072545876 4.38035577551221e-06 7.39864889275104e-12 1.10112966232729e-19 1.34177041632274e-29 1.26162979357056e-41 8.86634634708862e-56 4.59113034969042e-72 1.74139228250002e-90 4.8267143911622e-111
8.46089920716656 6.47661162817449 1.02085733154699 0.38968169637447 0.876218147726324 0.0170234297808318 2.6143226156334e-06 3.38542577108292e-12 3.92520076676303e-20 4.0593487807572e-30 3.5112837230772e-42 2.37859359093238e-56 1.21319924863034e-72 4.57390756278106e-91 1.2647577415557e-111
7.26890544545587 6.2219701148301 0.642211586174401 0.229710674151917 0.548914373650425 0.0103277104225199 1.45678260785906e-06 1.59174326989926e-12 1.43031560871654e-20 1.13278430742512e-30 8.07477634414899e-43 4.92414845194452e-57 2.3940636925468e-73 8.84707925783926e-92 2.42675316912896e-112
6.15092506811904 5.36553220915304 0.402528535016177 0.104859311470808 0.258073996443041 0.00480637803484466 6.58585658638307e-07 6.71549933679281e-13 5.23238071988736e-21 3.28059333023811e-31 1.77754792321209e-43 8.68435703793653e-58 3.70681976626735e-74 1.28752883422237e-92 3.43964834216645e-113
5.61582534528246 4.0438056615365 0.228619224531451 0.0358610597601217 0.089269892780344 0.00165746713064772 2.2509572070042e-07 2.24388066861758e-13 1.65642505072127e-21 9.24469032546387e-32 4.07290419719393e-44 1.51658028049943e-58 5.06078376713219e-75 1.50090387355327e-93 3.70398604218826e-114
5.48846362009481 2.64153273453876 0.107878856285839 0.00906881847385254 0.0225833532742517 0.000418921871994958 5.67419580362053e-08 5.61766956498677e-14 4.0761896620607e-22 2.18226436994908e-32 8.75965504048761e-45 2.7303658104486e-59 7.03026456122518e-76 1.60090469071066e-94 3.27614946084507e-115
5.15234068262906 1.50932265428534 0.0408116559253309 0.00169017759647791 0.00417095087487063 7.73505134866025e-05 1.04687725366203e-08 1.03434636994051e-14 7.46653471918819e-23 3.94576876267175e-33 1.53426495557971e-45 4.44398498401492e-60 9.85998373303914e-77 1.76812909867669e-95 2.75235647803592e-116
4.17465750964354 0.771103797412165 0.012360152752166 0.00023274056024376 0.000562114572069396 1.04236236806327e-05 1.41043121276797e-09 1.39271824165553e-15 1.00381612926533e-23 5.28425066992403e-34 2.03473655987133e-46 5.75284568163061e-61 1.20553971883608e-77 1.91388886036832e-96 2.40783632028461e-117
