0.0230398686169056 0.0397572577824637 0.068574270781938 0.109463402527641 0.158328072275427 0.210971005085757 0.254178025322276 0.259983343653821 0.212009501171855 0.132462946533995 0.0621145694395034 0.0216403939625986 0.00557376829956185 0.00105865681512719 0.000148093751909847
0.0836278556789977 0.126768350422051 0.19798520493117 0.298685153146717 0.410491435968746 0.50911077599372 0.564426857711785 0.537430214341093 0.416993643547004 0.252867310896938 0.116772293294552 0.0404710462850328 0.0104438476962321 0.00199820269551525 0.000282861943936462
0.241420618280599 0.325466571887757 0.452257230728157 0.637466207280719 0.842244967642178 0.995488884295751 1.03115956044583 0.913042178318521 0.667640835777614 0.389570527613164 0.176584348904677 0.0610464049824644 0.0159101907571332 0.00310557151850527 0.000453049947336866
0.563223031891351 0.693923376583389 0.851712219606454 1.09587989066566 1.3869149090867 1.59206284370615 1.58310575268754 1.33052146787079 0.926415370614302 0.523084137048264 0.234300376808923 0.0816461752752341 0.0218214374931473 0.00444650144987668 0.000696890941622737
1.07892332843697 1.253731570004 1.37336111392702 1.57146086060671 1.86043853099086 2.07746566939763 2.02696642936769 1.6657974234832 1.13540364921294 0.634230908013584 0.285776890974916 0.102115877638519 0.0286899434929088 0.00643705300024795 0.00122517651106044
1.7183996158834 1.92683276151816 1.92807142013355 1.93750440783455 2.06949854353698 2.20199750731126 2.11419219477325 1.72969527784023 1.1811054190884 0.667142527000212 0.308834978170026 0.116904957565122 0.0372244285704867 0.0107676052472906 0.00305040765161416
2.2983683417041 2.50891167440745 2.34801844730196 2.09599445621545 1.96754273169119 1.92495598635366 1.78338156677926 1.44683205097718 0.995565922230074 0.577819515102642 0.286747077026315 0.128013142585767 0.0559352542681691 0.0244813307318199 0.00977050852068597
2.62428861681166 2.78443748499082 2.47810798923639 2.0301101101006 1.69731297562947 1.49315498407237 1.28996236330145 1.00943992018814 0.693046333113112 0.428046158903338 0.258812796430069 0.166763123803454 0.109049896482157 0.0626284632923658 0.0284250222524081
2.63413884264481 2.70416735771072 2.31252368669754 1.81319335485133 1.43972526876538 1.18490064529772 0.948674012002301 0.693790554437952 0.469716086773751 0.335462906066464 0.288230760074422 0.266272091917501 0.214342600533094 0.13430543953855 0.0629400388240888
2.4033759761231 2.38825533689511 1.97572185607744 1.5275784206956 1.23040083462596 1.02501743035808 0.804695851923809 0.563617196964632 0.382981073912845 0.326843787951849 0.364439552427774 0.392095994647402 0.334985080188622 0.214295366299797 0.101141263774493
2.0617145400909 2.00590952498918 1.61343626097926 1.22313367478467 0.995878670364533 0.85451432187645 0.683960977411932 0.481155182577541 0.336732644425234 0.320324418929307 0.394944957473857 0.443318803258746 0.384138258965861 0.246879158988008 0.116700389297165
1.75925499922289 1.713557631767 1.35112277109033 0.967306390780817 0.732585680565299 0.60564308285753 0.483897884754691 0.344751547565752 0.249253462604457 0.251024370467427 0.32091768044538 0.364616530538658 0.317067135307871 0.203994660527077 0.0964624080861633
1.5557547007233 1.54610097966306 1.2122152888169 0.804019197298498 0.515362433906697 0.361695872926691 0.267289171147788 0.187679739733079 0.138641272337504 0.144861218250198 0.188678478209822 0.215449997243244 0.187580690184086 0.12072365331963 0.0570914053184539
1.32395283972921 1.34419093265164 1.05913562880432 0.668686308182417 0.364497393218642 0.197557381201052 0.118881752841841 0.0766625415771568 0.0563204756413539 0.0603295377703362 0.0796221885934292 0.0912157425308644 0.0794702132229333 0.0511530012926857 0.0241915666776603
0.946549232769005 0.974880657764925 0.773868360775654 0.479935103208276 0.239687195321747 0.104601920041139 0.0466936684106018 0.024419186375709 0.0167511212490601 0.0180654341569244 0.0240761225419178 0.0276536779514285 0.0241054478263608 0.0155176596303837 0.00733884882431086
