3.67879705111644 0.318984111811902 0.000796942815267614 2.31335127091233e-57 0.000825744443714357 2.37825485746164e-08 9.94830817517847e-11 3.78302088864672e-14 6.42633168967828e-48 2.2017005179872e-197 0 0 0 0 0
11.8370790273802 0.862157610006991 0.00891698153623718 2.58840536289025e-56 0.00854031134362732 8.67269763121374e-08 4.06113046129382e-09 3.09895066906233e-12 5.26428097426367e-46 1.80357483982385e-195 0 0 0 0 0
28.8110041580364 1.56997766031999 0.0672198854292992 1.95124674455123e-55 0.0595101355882483 7.1893095990086e-07 1.11695028916595e-07 1.71032947161174e-10 2.9053882615861e-44 9.95403777673398e-194 0 0 0 0 0
53.7858184849381 1.92614719407705 0.341402629119123 9.91017411582115e-55 0.279381322499509 1.17589314361825e-05 2.06971211332024e-06 6.35966279038904e-09 1.08033510066514e-42 3.70129409061559e-192 0 0 0 0 0
77.3098668676039 1.59211584597013 1.16822137270257 3.39109198988221e-54 0.883675858940104 0.000153250863251959 2.58389719703316e-05 1.59322675401819e-07 2.70646234307549e-41 9.27250542052314e-191 0 0 0 0 0
86.4487073858902 0.886643531566027 2.69322493321387 7.81784489770473e-54 1.88311917401247 0.00136228084994868 0.000217335020780947 2.68912063623459e-06 4.56809033591778e-40 1.56505567164492e-189 0 0 0 0 0
78.6672265360997 0.332669226288171 4.18320644755276 1.21429364397795e-53 2.70365836353708 0.00816534232650592 0.00123161051477913 3.05796262550216e-05 5.19465334835783e-39 1.77971998958801e-188 0 0 0 0 0
64.9758096820046 0.0840940752240064 4.37759079816011 1.27071918366635e-53 2.61526085505647 0.0329757552236867 0.00470225585428529 0.000234284336287103 3.97985868699668e-38 1.36352391314478e-187 0 0 0 0 0
57.850162817301 0.0143221218020077 3.08638585716108 8.95910535662543e-54 1.70438383711641 0.0897234246483634 0.0120956250691401 0.00120932638096621 2.05431919989931e-37 7.03822314959872e-187 0 0 0 0 0
63.3793206188431 0.0016433819779278 1.46606920173845 4.25567931112797e-54 0.748357293302529 0.16447739824023 0.0209623307861355 0.00420564870023369 7.14426230081807e-37 2.44766793373141e-186 0 0 0 0 0
79.4996046055027 0.000127045378823296 0.469189099231354 1.36195367874717e-54 0.22138071483721 0.203140170601633 0.0244759758567751 0.00985397944400336 1.67392521041802e-36 5.73497008996384e-186 0 0 0 0 0
93.6456622905145 6.61711117171049e-06 0.101165061381078 2.93660120694111e-55 0.0441224689769825 0.169034203450285 0.0192543851651656 0.0155553398424122 2.64243249813955e-36 9.05313525793329e-186 0 0 0 0 0
91.4115408687865 2.3220269165621e-07 0.0146961094603348 4.26596022276813e-56 0.00592473854220783 0.0947638207983226 0.0102048937439166 0.0165438486479699 2.81035347054935e-36 9.62844277361815e-186 0 0 0 0 0
71.4844322149005 5.48978836925147e-09 0.0014383460980692 4.17520518440469e-57 0.000536004600642102 0.0357931340573756 0.00364398442268676 0.0118544875706989 2.01375755997295e-36 6.89925649187124e-186 0 0 0 0 0
44.6764995972053 8.74449807636616e-11 9.48448193864172e-05 2.75313835903381e-58 3.26708450740391e-05 0.00910848366975386 0.000876665123493839 0.00572292712672682 9.72170892911993e-37 3.33071690329069e-186 0 0 0 0 0
