3.09144441446956 0.000416840440879961 7.42222618535143e-05 3.89661089647841e-05 2.0266267208311e-08 0.015018795416583 0.000576710690265336 3.9641539660669e-10 0.0004633447610044 0.104533193915689 4.37164474925711e-07 7.35455845858487e-20 9.22540524242963e-40 2.79717880273053e-67 1.46923702067115e-102
6.21782057537941 0.000942552035304873 0.000988987208218767 0.000583345420790082 3.91463989043655e-07 0.0781186849708453 0.00360677220006112 1.574969331355e-08 0.0015708286559624 0.360209868501957 1.88218003332509e-06 6.88922227061926e-19 1.12521692680239e-38 3.48160076412916e-66 1.83093890660479e-101
8.16838362625576 0.00179252770071746 0.0078533389523509 0.00566380660931746 5.81410611464118e-06 0.242169448221362 0.0181286526530166 5.55573084904498e-07 0.00318321605917962 0.772968101197751 6.78180668999309e-06 4.65723736814004e-18 8.3076417675092e-38 2.58493207351448e-65 1.35983536763458e-100
8.45605281908609 0.00356124527195865 0.0371643815770466 0.0366941697568342 5.4837810655168e-05 0.447618024975309 0.0809286895160126 1.40997054377994e-05 0.00391277197136487 1.13315425357078 2.13604912948423e-05 2.00610700259113e-17 3.67115082315554e-37 1.14402686746484e-64 6.01883036035775e-100
9.74390982327571 0.00681048244782521 0.104816241629939 0.160091635587957 0.000312288600360131 0.494878775251633 0.282669767574395 0.000226101452809099 0.00359477541229061 1.34886024484882 5.01385509426897e-05 5.25201156665468e-17 9.67934216848758e-37 3.01758908458253e-64 1.58761974434926e-99
13.0787075194673 0.0165418062237867 0.176284894865677 0.463501752937618 0.00106297153209809 0.336579371610588 0.660432857949985 0.00219454471678808 0.00985372168834078 1.4197403017957 7.61651563556746e-05 8.23903799441423e-17 1.52137306358078e-36 4.74350081509212e-64 2.49567614307364e-99
16.4532524496762 0.0961488871665945 0.178134939422346 0.875607264263066 0.00216164670849005 0.176109218383255 0.972577270206918 0.0127444951383041 0.0627949307874441 1.15166404118184 7.06770346024049e-05 7.71405675301487e-17 1.42518213177725e-36 4.44372261843583e-64 2.33795940613576e-99
19.1210826623537 0.577532583771612 0.118361098009873 1.11778686225683 0.00264518858487705 0.144855126700118 0.92316471221128 0.0441547314304529 0.275260490775146 0.61590839861929 3.93555271447682e-05 4.30598565851447e-17 7.95650219054311e-37 2.48086069610322e-64 1.30524673008837e-99
22.2879701011003 2.22975967355053 0.0971522369712091 1.1640926284482 0.00201570058818284 0.167006304103953 0.628954655283959 0.0912019988051061 0.724748113716945 0.202499251589562 1.30846215657034e-05 1.43257444853658e-17 2.64718124341489e-37 8.25400737080003e-65 4.34265316462914e-100
25.4774247092701 5.22613504288927 0.170726229042028 1.27875833176409 0.0010915711220694 0.138490170418163 0.359731159434406 0.112290210351304 1.13787147460762 0.0400633712540804 2.5938632974157e-06 2.84041463314795e-18 5.24871270312719e-38 1.6365687126206e-65 8.61042428804211e-101
25.8821395514398 7.41171873790408 0.265665140978008 1.3525737960746 0.00056237076450681 0.0700364604885553 0.175936982843015 0.0824122118583009 1.06471273205913 0.00477136888836215 3.0647896714183e-07 3.35626853006928e-19 6.20196065469733e-39 1.93379539624867e-66 1.01742132070961e-101
22.0298023709583 6.43100390602743 0.256783826202566 1.240451547979 0.000342334565324937 0.0211719063277185 0.0635749734356462 0.0360558351498644 0.593719979801608 0.000359134456228126 2.1581303160842e-08 2.36341233282347e-20 4.36729111296896e-40 1.36173837634481e-67 7.16446871100803e-103
16.1548241376813 3.61656956685725 0.148985941731098 1.31842176262857 0.000379580706193827 0.00381638018471261 0.0150140384098474 0.0094043111431082 0.197305021947523 2.27885846669634e-05 9.05661742822435e-10 9.91812162564767e-22 1.83274551825857e-41 5.71457196817374e-69 3.00658869599832e-104
10.9224094726819 1.62705863213767 0.0523429700347182 1.69262061477033 0.000787630184200676 0.000410031726975109 0.00219736485509967 0.00146247720353681 0.0390752294576253 2.09848988603738e-06 2.2649702039126e-11 2.48042618277619e-23 4.5835193427772e-43 1.42915920288767e-70 7.51918766436976e-106
6.64530427973846 0.792749467232383 0.0116323704348966 1.83652076388536 0.00130512916569893 2.6255008113833e-05 0.000195480120388039 0.000135617885222049 0.00461181433102245 2.11684531497367e-07 3.3757192668058e-13 3.6968350871036e-25 6.83129194147885e-45 2.13002346549788e-72 1.12066214422299e-107
