0.0223490365254176 0.0660464041338952 0.157998223892742 0.269385768942904 0.312160576479723 0.240618761793666 0.121779971464174 0.0401220719002075 0.00855750446582594 0.00117763111182943 0.000104375531998998 5.95586455379344e-06 2.19134554331338e-07 5.22853476104174e-09 8.22471159529038e-11
0.0744289631694678 0.176596853780846 0.37327444584007 0.591861465847564 0.653961500761274 0.488539227457738 0.242513972387574 0.0790593961856677 0.0167958621735987 0.00231549294344805 0.000206994032364714 1.20527349715054e-05 4.64238936262922e-07 1.23120574819765e-08 2.43860748227806e-10
0.207137824244852 0.384966931261267 0.689742538497307 0.991546281003628 1.0276956924032 0.736224067204707 0.356843892064827 0.115378620828287 0.0246778874113471 0.00348811937521991 0.000329442749362983 2.15044487935396e-05 1.03942918554818e-06 4.05146856889654e-08 1.30522280365362e-09
0.479780363469988 0.714107251192941 1.04962842191853 1.3293161993778 1.27228703680336 0.870264935904068 0.415846076105147 0.137180529888469 0.0312066782501478 0.00498356861459396 0.0005848390829079 5.37356741973328e-05 3.98378158645903e-06 2.28990139449919e-07 9.54698874632047e-09
0.919543394066516 1.17805400981389 1.43761922775493 1.58058752377264 1.39231610520614 0.927858533962278 0.460105986492443 0.169079943205157 0.0464352071087231 0.0097765633419795 0.00161596577993825 0.000207128900411076 1.96064471601351e-05 1.30713600839358e-06 6.07456892535669e-08
1.46081640069071 1.77185748531304 1.9437545426814 1.92340952714173 1.60261597867254 1.0894333430095 0.600526353465857 0.265150523662569 0.0925854221001373 0.0252577979837496 0.00522865597633091 0.000784855498867375 8.23615213306121e-05 6.04985619905658e-06 3.3420792554097e-07
1.93974531582357 2.40648411327364 2.60450801113637 2.48157404014837 2.02712100182319 1.42925624387317 0.877801569535979 0.456918272793104 0.192143341808131 0.0618883337936323 0.0144823928927916 0.00237696274644721 0.000275805789807211 2.46006386077794e-05 1.9387926310549e-06
2.17861531622655 2.87826204989133 3.2139246470932 3.04977864562721 2.46547823455132 1.78213606248803 1.19652601574753 0.713640035984167 0.344135065539338 0.123483281141789 0.0314892022186162 0.00576553698917718 0.000832370401552108 0.000108266185381171 1.25849663861753e-05
2.11721113087025 3.02191937373918 3.50361553523193 3.31949794819298 2.65206488287488 1.96095851226331 1.42842606397186 0.947064154215735 0.500197705052377 0.194340331510954 0.0556845235742792 0.0129870427233064 0.0027804338717449 0.00052372397314351 7.43641355518215e-05
1.8626430707768 2.87313017890621 3.44509213118994 3.26142268956945 2.59630924055986 1.97658805590009 1.52432776816503 1.0636878592688 0.591273231428713 0.255689394490277 0.0944768734387071 0.0329129772035306 0.0099738210932053 0.00223766737549622 0.000338480557004829
1.56956543051052 2.55237457219686 3.13095592559154 2.98495073703192 2.42188248556515 1.9184225331892 1.51066455082688 1.0530204293287 0.61757062216096 0.334192479564533 0.181521054077594 0.0870804350670498 0.0307231934490216 0.00726967435646926 0.00111795836292989
1.31933857597535 2.11421421297971 2.56705051018246 2.46849196314227 2.10105198707853 1.77817467919163 1.43154122252915 1.0003965542705 0.661673648439987 0.48802079880301 0.351967726015995 0.19282140986535 0.0711744754903174 0.0170751312845643 0.0026366374385234
1.12754839515704 1.62465699152268 1.83185214430049 1.74348170051547 1.60139142259139 1.51126948163889 1.29527488714532 0.955401370834891 0.746213555598919 0.68753454341106 0.558100580645371 0.318197089711443 0.118853331496333 0.0286119459005206 0.00442251688418292
0.948853080504096 1.17246170716987 1.14466571572101 1.03470062845814 1.04635637387461 1.13464058020773 1.06250613419638 0.849435540570879 0.756970054270114 0.775410098324993 0.654907089084067 0.377619449866598 0.141486545160866 0.0340901344255556 0.00527058476598365
0.708918516212722 0.773973359627587 0.642138551615309 0.527469081899163 0.583429015245582 0.719500978583169 0.727861771311562 0.622147376712214 0.600416276566336 0.644318379391908 0.551848263550251 0.319302209900815 0.119741043522964 0.0288574142000965 0.00446185346092571
