0.855980804953781 0.00766438828061091 5.41414432878076e-09 0.0324839428487407 0.0357053998091084 0.0100702398344423 8.89196195967875e-08 1.69534644676014e-27 1.58811224363938e-63 4.65712553318673e-116 4.26704340895503e-185 1.22153436735287e-270 0 0 0
3.57758578150053 0.0478955080554623 3.95395558019466e-08 0.184559461749765 0.214799017774523 0.0700647495150954 1.05696122568136e-06 2.50065004179669e-26 2.344909883676e-62 6.87645231363264e-115 6.30047883880071e-184 1.80364966912063e-269 0 0 0
10.9710939794287 0.221675538928596 1.7209416048428e-07 0.693755977286208 0.790687086758297 0.292260421705623 8.23513477302289e-06 2.19639105590141e-25 2.06060123471822e-61 6.04272665757471e-114 5.53658629633369e-183 1.5849687455707e-268 0 0 0
24.470383282422 0.75772180887985 4.47074787757378e-07 1.71240056161231 1.82177525510059 0.736649622092581 4.04907710703951e-05 1.14842076313325e-24 1.07766593720281e-60 3.16026487673057e-113 2.89556027377819e-182 8.2891736699457e-268 0 0 0
38.8148907281964 1.84891625142532 6.95332230288669e-07 2.7244304802625 2.75255774428309 1.13912458636995 0.000122272444004802 3.57410381226482e-24 3.3542586988997e-60 9.83639680271065e-113 9.01249767498085e-182 2.5800242911445e-267 0 0 0
44.0429835327567 3.09195077449741 6.51381543683146e-07 2.73791706149414 3.01233205468558 1.10968758828242 0.000223240410034883 6.62033556208898e-24 6.21342495212257e-60 1.82209331909591e-112 1.66947431470229e-181 4.77923483668608e-267 0 0 0
39.4580015146405 3.4162857216759 3.71842024724293e-07 1.70982400051699 2.79532198673384 0.707078665991734 0.000244429263838672 7.29837919117446e-24 6.84995342566951e-60 2.00875611377481e-112 1.84050218624937e-181 5.26883947124183e-267 0 0 0
35.4957490624848 2.42168431051481 1.32043310689999e-07 0.656027438266164 2.35347843820968 0.305352200591437 0.000159856967979568 4.78850864982034e-24 4.49434304648561e-60 1.31797091822621e-112 1.20757733608296e-181 3.45695385774e-267 0 0 0
35.8891152402109 1.08731852065951 3.02115252142968e-08 0.153469218342688 1.57122749529505 0.0902491509957671 6.23268500662646e-05 1.869815184554e-24 1.75495848234327e-60 5.14643465926183e-113 4.7153679725234e-182 1.34987706511261e-267 0 0 0
33.5691694257587 0.399324015852263 5.75426948377329e-09 0.0217755675403087 0.708971283505679 0.0178200454157873 1.44740453231524e-05 4.34530529013727e-25 4.07839700213846e-61 1.19599432507788e-113 1.09581753375565e-182 3.13701701539437e-268 0 0 0
25.703108565412 0.649103325429331 7.17920229943657e-09 0.00186678385595928 0.199451559670904 0.00226049057717032 2.00119953659043e-06 6.00986174582378e-26 5.64071520265137e-62 1.654145830784e-114 1.51559415189298e-183 4.33871926343974e-269 0 0 0
16.9598420254117 2.08753862341623 2.23851482715601e-08 9.64030785341568e-05 0.0339417238639394 0.000178200947281811 1.64698470470641e-07 4.94687513358305e-27 4.64302335027607e-63 1.36157161899153e-115 1.24752603110052e-184 3.57131572196821e-270 0 0 0
10.7610097460388 4.33438453457012 4.43268788001015e-08 2.99160958105918e-06 0.00345731908148174 8.54932302532442e-06 8.06764294870948e-09 2.42336904863826e-28 2.27451907313595e-64 6.6700517869023e-117 6.11136653915845e-186 1.74951214322586e-271 0 0 0
6.53495551199468 5.40084606436449 5.23376475449664e-08 5.5676448271219e-08 0.000210017373610201 2.46793831090458e-07 2.35202864093618e-10 7.06529406150442e-30 6.63132507926435e-66 1.94464325378126e-118 1.78175943627779e-187 5.10067552011781e-273 0 0 0
3.20336588121015 4.02823744388026 3.67996061800099e-08 6.20420330383141e-10 7.5982549981117e-06 4.26226241029099e-09 4.08101727896159e-12 1.22592238189343e-31 1.15062306016055e-67 3.37421457287776e-120 3.09158949517583e-189 8.85035012876914e-275 0 0 0
