4.6091785829212 0.771231878917331 0.145798926388434 0.23741698471303 0.293803546900936 0.0987629464118739 0.00212952056040554 0.0338945104213374 0.0878603527963406 0.00565782094533938 9.0422476455478e-06 3.58635174485678e-10 3.53002282777409e-16 8.62283809121173e-24 5.22722305019306e-33
6.38054092474734 1.11290024572577 0.287558173245613 0.420768807560998 0.53533087112003 0.196997977796071 0.00434919970607557 0.0744818929043141 0.192600261764463 0.0124010149386146 1.98189883946998e-05 7.86063830592319e-10 7.7371753002858e-16 1.88997105929738e-23 1.14571329999918e-32
7.15666434243196 1.3597327877804 0.483321845362781 0.610736470907364 0.805268210780491 0.323284329324265 0.00738180164175932 0.130996169756588 0.336027818884713 0.0216266994182243 3.45624665183358e-05 1.37082035106849e-09 1.34928949614806e-15 3.29592905805196e-23 1.99801459309824e-32
6.5549356871753 1.48748467319328 0.725111398373216 0.749938967145335 1.02888593588364 0.444683615555392 0.0109710640230047 0.186855072024594 0.466943183511164 0.0300099261045331 4.79564481607859e-05 1.90204644875534e-09 1.87217147821051e-15 4.57318042346259e-23 2.77229304901905e-32
5.02313260820832 1.58932580429433 1.01378623401229 0.825649406672192 1.16878893749839 0.525171617972447 0.015825571203225 0.224938590228228 0.518042934014318 0.0331387868272709 5.29433290394616e-05 2.09980851389531e-09 2.06682592415093e-15 5.04866547909882e-23 3.06053531499351e-32
3.4996506458826 1.78800238629651 1.33403266218546 0.873474934097027 1.2495680521223 0.546937521950829 0.0247634963214691 0.251929494550077 0.462462336308706 0.0291332289374699 4.65057986694207e-05 1.84440705423785e-09 1.81543202851212e-15 4.43458145401592e-23 2.68827338978923e-32
2.74555792166067 2.12706640500853 1.60990140824413 0.914723057776309 1.31461919902264 0.516081550233302 0.0416942446851149 0.302049144607637 0.340422897665299 0.020418655955453 3.25062347232738e-05 1.28900337783593e-09 1.26874397360756e-15 3.09917758807857e-23 1.87874245899361e-32
2.98052106710231 2.56126350694671 1.7303113346205 0.91908468365392 1.37710435930187 0.454627037262364 0.0670885366622959 0.400304189025484 0.221056732197084 0.0114615099059823 1.80840728111011e-05 7.16765577869912e-10 7.05482415724421e-16 1.72328889844422e-23 1.0446693373922e-32
3.9811042206096 3.00477829520519 1.64818997157714 0.851541388115922 1.41826550715498 0.387021905036299 0.0932544021298424 0.518049548664689 0.144411242418812 0.00522888672298714 8.01397245569795e-06 3.17135325696684e-10 3.12117108992802e-16 7.62408220828469e-24 4.6217689200453e-33
5.35874072880206 3.33839678310177 1.42230673219306 0.727281729552068 1.40603584605795 0.325398861830934 0.106604122076207 0.580419773213814 0.105254303176638 0.00202522829428921 2.83649417268361e-06 1.11665274740091e-10 1.09868042815325e-16 2.68370685017241e-24 1.62687954821954e-33
6.73463576571086 3.41698120413463 1.14294022388635 0.590909110656478 1.30364880218115 0.265196373733096 0.0982676534553107 0.532330423705249 0.0800316339938728 0.000738721724786991 8.08855646965471e-07 3.13041511559656e-11 3.07721900866974e-17 7.51624919941698e-25 4.55638478675666e-34
7.7608261270824 3.15877867510877 0.856621457624317 0.463477850680242 1.08950832150713 0.198542141343304 0.0724897279216719 0.391918471011207 0.0551973552598744 0.000291380823593189 1.90914873771313e-07 6.99795310898518e-12 6.8582666207232e-18 1.67489559833526e-25 1.0153208567466e-34
8.11301578606925 2.62995598465171 0.580016423620295 0.339006590732766 0.791147203210051 0.129252107451275 0.0426650177837824 0.230199151193328 0.0317580861549882 0.000126207303561445 4.0125344710492e-08 1.25382933236282e-12 1.21662772938936e-18 2.96962104453107e-26 1.80013249640168e-35
7.57541117974147 1.994260651943 0.340133950227324 0.218050779373023 0.484987396702437 0.0705266259549599 0.0200114681510796 0.1076676305277 0.0147601151700998 5.2682240285743e-05 8.59705268427666e-09 1.8300765611092e-13 1.71941419996647e-19 4.18949577276701e-27 2.53936411297531e-36
6.19558118858508 1.39016431101276 0.167470288245807 0.117665105049182 0.246175579967218 0.0316261556127793 0.00747658420615723 0.0400766788615523 0.00548358472326951 1.88970906294062e-05 2.05817095507734e-09 2.28246863608438e-14 1.94166537359748e-20 4.70368890182913e-28 2.85015477597642e-37
