0.469342346928609 0.48410749327847 0.461639382928912 0.435541422398931 0.414347717009545 0.395798482700061 0.39041874666534 0.406357967581368 0.421713007641238 0.396743623827244 0.316235605151901 0.206544832330093 0.108924888318495 0.0460672032213271 0.0155676470456808
0.615609389819603 0.629434034237527 0.593061981571883 0.555290881319349 0.532208575352414 0.5216084108803 0.532306233477871 0.56721467910624 0.591979057365499 0.554145557430685 0.438103134844613 0.283855144086287 0.148663742312174 0.062516223030743 0.0210290123966847
0.748405112413436 0.756778278271153 0.702100076331613 0.650683574059757 0.628756932837044 0.633646401177106 0.66819290826548 0.725842366505015 0.759328227715709 0.706346736759068 0.553793926747519 0.356022970846352 0.185224521093238 0.0774637540800603 0.0259399769588531
0.856410211983138 0.854935927481427 0.77865635228852 0.712397592515253 0.693949279816811 0.718766744674864 0.779411284325269 0.857510855031496 0.895817695469711 0.827380664527751 0.64369893814764 0.411056256494575 0.212675884180727 0.0885402654887634 0.0295373530004144
0.939059587064601 0.925216937562122 0.82613512996696 0.744467333218811 0.729247455896432 0.772150194887523 0.852780560792899 0.941951805160527 0.978550191445016 0.897013985803182 0.693541436841383 0.440849397242703 0.227303410205927 0.0943700538380218 0.0314091911400927
1.00342174473585 0.978126788522115 0.857968304798116 0.760755788482048 0.744767314406969 0.796490620020036 0.882887270589201 0.968386234484072 0.995666792119034 0.905712519393615 0.697379071698212 0.442498800312265 0.228002629728387 0.0946323743528569 0.0314871582569124
1.05651564180273 1.02536056191679 0.889927513245171 0.778113065966033 0.754168807296873 0.799569904935791 0.872415063142936 0.937392656300743 0.948022773623845 0.855084039105306 0.656933512311667 0.417266148575829 0.215469490229114 0.0896291520166954 0.0298761898208351
1.0995214782232 1.07369309151245 0.934484259142163 0.812017049874504 0.772259054466013 0.793785476557665 0.83253142576375 0.860771948958056 0.847912091611739 0.755869191514726 0.579646465857774 0.369209307323805 0.19145624342154 0.0799653389329304 0.0267449793509952
1.12861478408908 1.12486345958738 0.999975716458971 0.875893097819338 0.815132773279027 0.796706161149623 0.782639894234847 0.759783303764556 0.716402917307503 0.62564141534241 0.477452110466871 0.304855181651748 0.158833728168015 0.066658683689948 0.0223852522055021
1.14053860521176 1.17885697818837 1.09103036984194 0.979434223882749 0.897397055862634 0.827552339200928 0.746001927125186 0.6602183845527 0.57891785550053 0.485939912407927 0.365638726499278 0.233148404900277 0.121874749971566 0.0513661969924873 0.0173166555637187
1.13590860603533 1.23408999540843 1.20486536543257 1.1214813863557 1.02278012781743 0.896855170214838 0.739692396852572 0.583643703558264 0.45839219735266 0.357568921602794 0.26008947789573 0.164107303451875 0.0857232872131933 0.0362171542983772 0.0122455203831774
1.11574726590261 1.28206606141506 1.3238845189928 1.28048571845245 1.1728181162403 0.994507512807791 0.763533457879513 0.538179032452797 0.367949947651208 0.254874426148263 0.173057492336157 0.106090221506007 0.0549286132087755 0.0231800709836184 0.00784736927991822
1.07505413734295 1.30252280278364 1.41280975621023 1.41263624956237 1.304662700962 1.08674069112822 0.796595525183975 0.514946884279928 0.307328411206616 0.18213726665468 0.109893341735582 0.0633580791118549 0.0320117558805751 0.0134039346770013 0.00453048370084743
1.00199859588984 1.26791604397265 1.42866093806555 1.46536856949183 1.36519552910084 1.12833941481499 0.80620143146756 0.493744466879538 0.265786754695295 0.134534156419803 0.0689199181706184 0.0355960009767365 0.0170605990959346 0.00699840645821888 0.00234924998870852
0.886237678759087 1.15827241350495 1.34163108496394 1.40199776335983 1.31614419559693 1.08493671674786 0.765226852391131 0.455007939230325 0.229785542468693 0.102892242051782 0.0442591774431301 0.0194498151463937 0.0084522229472863 0.00331658998896839 0.00109443234908251
