0.788151972160886 0.671216068963576 0.412807669640198 0.192337615499763 0.0790058881583861 0.0411871215908974 0.0373357576288382 0.0468700848518065 0.0580539363379584 0.0597712529574758 0.047237464679692 0.0275272121316907 0.011588907428267 0.00348892915101457 0.000747309998214727
1.43024168731456 1.22332716164107 0.764062621642901 0.373900549477559 0.173965091066814 0.107751534136872 0.104034795318914 0.126139416232937 0.148735353096681 0.147386902097348 0.11354376033685 0.0651074558234214 0.0271345165016798 0.00811689448968166 0.00173142150886051
2.12377630229036 1.82823419439639 1.16769059460039 0.611221367183033 0.32867576973348 0.236392310490482 0.236339914226941 0.275397281534306 0.308344444001507 0.292588086505546 0.218437348415177 0.122622688990596 0.0503941160320785 0.0149363985601446 0.00316670277538649
2.62936377616856 2.28392708188033 1.50477664514651 0.859903339043747 0.540185227254922 0.437312200486845 0.441119186210049 0.490549954375209 0.520133514480168 0.470573966378829 0.338431202211507 0.184877559901051 0.07454481455159 0.0218071755415018 0.00458226100908832
2.78687628627828 2.44965957472906 1.68196429393293 1.070727166297 0.785072592828112 0.691448857330365 0.685726788705955 0.719032540233762 0.718507595910403 0.617388426426683 0.425361925100212 0.224650047818287 0.0883244026072628 0.0253717218622933 0.00526297786090933
2.60914314872362 2.32775928543477 1.6841680082344 1.21422363135108 1.02634447748903 0.952704166183353 0.906706677712859 0.88034579498329 0.820680555444139 0.666284538946948 0.437435334508595 0.221861840413742 0.0844495877537453 0.02366635324551 0.00482049572964678
2.22214412189955 2.01867867707553 1.55626893413519 1.28137126180278 1.22230243868352 1.16817138919613 1.05136854786334 0.927175064647368 0.791808492000568 0.600700606397005 0.372896661096216 0.180188054584002 0.0658390083280479 0.0178529387566117 0.00354515023622529
1.76971546159664 1.64300321029869 1.3615332209277 1.27423033629327 1.33687475648651 1.30273028683911 1.11639522660945 0.891226155581082 0.682696631212978 0.472805199024167 0.27236368628747 0.123447967944787 0.0426967063688161 0.0110618454897028 0.00211834342761162
1.37961379565231 1.31183358006242 1.16701631834247 1.21273257715409 1.3627929046156 1.35987965749912 1.14862166938408 0.861993579640187 0.595614034407618 0.366735260379442 0.188690721189773 0.0772265832737417 0.0244385570817547 0.00587744610821824 0.00106029060572078
1.14361797807613 1.10805674842298 1.03362144266468 1.13994650546639 1.33551000319561 1.37897889047708 1.20286313638952 0.911188522222013 0.604079322904473 0.338299252857887 0.152821588350219 0.054018291152725 0.0147376515796968 0.0030868650139145 0.000494233638241763
1.07535756648099 1.0469974683659 0.983411426372411 1.09129941442282 1.29754273243272 1.38922626493584 1.28287209949857 1.02680544663907 0.695941472533592 0.380208514708917 0.160263357078839 0.0508344483525191 0.0120247369212896 0.00212439194969565 0.00028249329614632
1.09726760361008 1.06178082025387 0.977253353733953 1.05516433729033 1.24562053495451 1.36473288432283 1.32212122299195 1.11656679894255 0.786144340145019 0.435526477645431 0.181824689840382 0.0558330654385938 0.0124685793305161 0.00201772039921653 0.000236999597154497
1.09121540591653 1.04772843159155 0.942092252051196 0.983038896278507 1.13692304319342 1.24899895456042 1.239386416483 1.08291690414498 0.785595082654701 0.443721222247737 0.186845806645701 0.0573116384534831 0.0126612425220908 0.00200399682095559 0.000226783877104019
0.976596794213564 0.93346818630102 0.826996599130377 0.839831123716662 0.94584965867794 1.02308424029459 1.01648547427882 0.901778614314363 0.666544607848052 0.38214371318021 0.162433300634899 0.0500382083726651 0.0110532252982618 0.0017420572355551 0.000195419669241927
0.755413344862216 0.721707497071389 0.636237110437223 0.635261285141619 0.695974195983375 0.731788756047996 0.715033050392674 0.634290967088552 0.472991866314797 0.27369176267267 0.117075136528848 0.0361793875341148 0.00799559665204955 0.00125798505064202 0.000140608889178186
