0.0014413809521508 0.001373431610858 0.00117825371844561 0.000954817705988626 0.000792812812459014 0.000724763546139235 0.00071983083233694 0.000716466716281346 0.000666059750633053 0.00055821613908964 0.00041666640139501 0.000276735874774411 0.000164204649334412 8.75587256001428e-05 4.21925841593746e-05
0.00945906832644664 0.00902890938038107 0.00777983208268809 0.00636709258997615 0.00538053432810959 0.00502595579432251 0.00508364324530684 0.00512800344522357 0.00482311880230717 0.0040956938417146 0.00310902594120114 0.00211063946806929 0.00128733706707531 0.000709211357425204 0.000354246807138258
0.0453618263370201 0.0433682574713466 0.0375160686832209 0.0309750174691903 0.0265863249750358 0.0253155380770302 0.026045731370729 0.0266446633384765 0.0254128187199093 0.0219436002563607 0.0170161401372951 0.0118655075982112 0.0074723295554601 0.00426572597524972 0.0022099344653153
0.159956211255545 0.153132419244249 0.132883038496819 0.110472748359068 0.0959965429969909 0.092870865767994 0.0970551325497134 0.100798007969985 0.0977750017544087 0.0862075500738255 0.0686156480716327 0.0493675332720738 0.0322022250615439 0.0190670770923295 0.0102287705015171
0.419015082316478 0.401556242300457 0.349115045742405 0.291357989907361 0.255029206833199 0.249442950019879 0.264241655136513 0.278917348197865 0.276050473153094 0.249593943593293 0.204793809985535 0.152522495886576 0.103169504763983 0.0632723808780277 0.0350246404759076
0.830777945509682 0.796855701264656 0.693019347242163 0.578069981215285 0.505785926709047 0.496202972976723 0.530613520648404 0.56924746750704 0.576277941914624 0.536080983172449 0.454642800250235 0.350807344863413 0.245709918869169 0.155522517541063 0.0884026725428004
1.29129438421355 1.24021280506918 1.07760198144027 0.893779918344212 0.773354521760113 0.751094421759149 0.803217053698364 0.872155220366993 0.902121473739113 0.863118879499183 0.7557012696081 0.602385325734876 0.434885586780968 0.282503548815969 0.163957415846574
1.66898703179106 1.60796756521501 1.3968327942177 1.1488091630406 0.97308807126903 0.919117149015891 0.964748762468113 1.04484597750445 1.09207050304879 1.06452458918601 0.953487975554546 0.778027590413239 0.573845083790337 0.379524870030649 0.223385684774598
1.92240034762986 1.86372972012712 1.62619544589275 1.33406721685603 1.10950262823589 1.01037732496273 1.01788933408635 1.06841964585539 1.09622204955072 1.05985090757559 0.948272936485155 0.776183619910188 0.575318532191306 0.382455348188875 0.226108599923329
2.0378360268854 1.99448674080103 1.76218117034142 1.46630393005948 1.22896889353627 1.10501162332796 1.07255062694814 1.07019953527828 1.04202488499282 0.960401653976994 0.825247573286621 0.654134831014996 0.473181442883897 0.308920523912385 0.18018907800676
1.93116588543487 1.91614399318644 1.73392971372741 1.49918033230034 1.31820144512176 1.229703964885 1.20100239753748 1.16984074890061 1.0903613425443 0.952095405891731 0.77204570603466 0.578028502960783 0.396622494941478 0.247070114606386 0.13834475391369
1.55866584079182 1.5855513164846 1.50273422740552 1.39985593089517 1.3504929824708 1.36603808255478 1.3992342258631 1.38630557270786 1.28918939711261 1.1101586510455 0.880358290910688 0.640118721701814 0.424183903052311 0.254178753295653 0.136583084306185
1.04550537463496 1.12082306287831 1.16129981236827 1.22302644914418 1.33748669595592 1.48365495345367 1.59995563073811 1.62375947046123 1.52601188657985 1.31990458332037 1.04737897522075 0.759284141585069 0.499637881385977 0.296105581532829 0.156792816390338
0.587825219269803 0.696334134490898 0.829519750104074 1.01313282258344 1.2428255405607 1.47275819522161 1.63437031756745 1.67207595409345 1.56941146129345 1.35084061288069 1.06548729119113 0.76756060566747 0.501890374904092 0.295549808447556 0.155491025628781
0.285614210672746 0.391498731747197 0.54437194143113 0.751104596109713 0.990538433698253 1.21200425796974 1.35507043605055 1.37847581127745 1.27797930609693 1.08323858186807 0.84080346171644 0.59658899434904 0.384954659790128 0.224215482658194 0.116934596195874
