0.960615640117972 0.880368064055953 0.610634518565008 0.366085716784576 0.270005641474197 0.291012124545749 0.339157475307164 0.352915756134375 0.319066869078307 0.259289412841039 0.202323808862411 0.156191255140315 0.111497697838223 0.0663178207191703 0.0306143369451582
1.47493287041118 1.34985216902958 0.939386664875357 0.569158283515805 0.422430155612412 0.452307027922463 0.528258953385863 0.559820586328121 0.523394671460842 0.445215377464889 0.362156931294387 0.28375768496517 0.200310744975993 0.116755297017765 0.0529036437893019
1.94747209077011 1.78701341736255 1.2612870919955 0.792029649550134 0.606872020286677 0.639132007355326 0.727174818376081 0.766325305113263 0.730229528389781 0.643326218059736 0.537410295200217 0.4195187589235 0.287969798941519 0.162251673304272 0.0714009797470493
2.25146960625967 2.0861212328208 1.51778110841717 1.02051994880421 0.833237506727569 0.863712708287763 0.935499257214063 0.954377050837914 0.906472549650648 0.809963189282367 0.678809752997753 0.516350490601554 0.338190155862129 0.181175522629453 0.0763466418420637
2.32013709306604 2.19149148240417 1.66983452285858 1.22478065479209 1.074175115517 1.10223134688528 1.13598309624627 1.11086800807793 1.0346119345197 0.9166623354702 0.751353442746117 0.544593269580964 0.333796416317554 0.16685175705205 0.0661187452347224
2.17538808134186 2.11326007071523 1.69608288788427 1.34205186947471 1.23603641931298 1.25716504911323 1.25298098569167 1.19031885879486 1.09014249867035 0.94843716114481 0.748125903824196 0.508564194270308 0.287108099465361 0.131435364016655 0.0479499837150535
1.90228017207062 1.90460292929257 1.59186558487383 1.31030471636749 1.22189481233899 1.22748375758086 1.2048062370245 1.13802980352123 1.04263786203623 0.896384892606235 0.68008592072828 0.432334973477447 0.223456638843444 0.0925511496003409 0.0304858603829616
1.60225783660791 1.63623528225021 1.38597538375852 1.13315464751708 1.03215200482425 1.02002845580181 1.00136538522068 0.960161442959671 0.895399319311259 0.769853149398999 0.567324652150997 0.34038821621756 0.162155678251206 0.0607927414080059 0.0179158119938434
1.36344973505512 1.38931199289614 1.15333053905321 0.89621138975779 0.771840532798132 0.748115585122199 0.744821432538797 0.736070642444346 0.706525565509455 0.613440459664146 0.444346626754894 0.25521373430959 0.113659098348338 0.0389980561540478 0.0103233771578058
1.2352965265653 1.23160267949153 0.979586408507517 0.702125198854914 0.553185454516844 0.520145766798882 0.530978418241911 0.549596717550858 0.550147047099985 0.487913764345398 0.351994722405726 0.196588961118471 0.0832480653459589 0.0265721873453221 0.00640120152030131
1.2157904592879 1.18240539240008 0.903057270787937 0.596454751645715 0.416905329833529 0.366799384816404 0.384747635253574 0.428048189295212 0.457501622172373 0.420832713519675 0.306359346505597 0.169015066522803 0.0694252526230986 0.0211138906289818 0.00475303338064916
1.27489088620646 1.2153057913103 0.902102542237682 0.559063291521343 0.34219301546536 0.266708202796811 0.284338058049626 0.348385458679805 0.403593427324596 0.386536985333996 0.284831305737445 0.156461505181924 0.0632865990156819 0.018769653126642 0.00407772317470831
1.35858018794114 1.26952115747515 0.91743886475118 0.539305355795311 0.291872072951971 0.19446265337699 0.206155355229914 0.277865083721354 0.344880920964441 0.339894502557885 0.251982312181769 0.137776553271772 0.0551599133259316 0.0161288327975355 0.00344168855000081
1.36264613448154 1.24657585026719 0.873839518645651 0.488141407235065 0.238153879637414 0.135725700294235 0.139394515960925 0.201215525697577 0.260964938199377 0.260904570463517 0.193389451018474 0.105064614847362 0.0416758041015523 0.0120541006686938 0.00254108797438437
1.18565804961679 1.06396090562183 0.723694323704561 0.385156551569437 0.172437119013519 0.0856711648894161 0.0832531485251409 0.124495357670266 0.165107232128164 0.165882064842161 0.122561119178953 0.0661427171912101 0.0260214904679014 0.00745808130754822 0.00155698236276283
