0.561036518753924 0.514857606825459 0.396157468832473 0.288106061043528 0.238325882668935 0.244611973452337 0.281708618517837 0.316258079600719 0.313549812431401 0.258854133796461 0.172395485405057 0.0911538687715919 0.0379597983981285 0.0123977235395246 0.00316797802253852
0.815498576703125 0.753056633529094 0.587918123245571 0.439521564606556 0.374453834367747 0.385986136415814 0.434099285626767 0.470337672347387 0.450182664174038 0.360617431943124 0.234430467483062 0.121674778337414 0.0499901944945501 0.0161811743419013 0.00411466463136207
0.985001356827359 0.918937879032121 0.733016897521163 0.569143124981268 0.505846105770886 0.533036762840559 0.597998361085372 0.636729222034844 0.595267692135175 0.465608269735889 0.296423007958964 0.151350950291917 0.0614935915298581 0.019792406475247 0.00503200165201699
1.00641997119263 0.956731146597775 0.789885913795245 0.646009698742633 0.604818017455094 0.658141867158006 0.748507554940868 0.798258657060504 0.741974280150121 0.57530885660446 0.363309511179886 0.184572504101917 0.0749525970649837 0.0242382608230892 0.00622502221812631
0.910588366417567 0.895569343942427 0.779560370268076 0.679678134317823 0.668714733103862 0.747391571749447 0.863995947245945 0.932389226452366 0.873965151149897 0.682281025556915 0.434058278817877 0.222638168022314 0.091561074232579 0.0300852500608294 0.00787516269593898
0.805379807988301 0.831071056268053 0.769304176204247 0.709218726675009 0.716337635203177 0.803866804388431 0.932037745854631 1.0136381866581 0.960552185523691 0.759756938617499 0.490719992957281 0.256034806979493 0.107275953273405 0.0359475416391901 0.00959960650713358
0.796616399331869 0.850278258816961 0.813055344305096 0.761409956130114 0.761915726109829 0.837178490780158 0.95504744371331 1.03168105498627 0.978897707276597 0.779882036109001 0.50948098558324 0.269555039995848 0.114665806527743 0.03901703369393 0.0105740448596422
0.927621071709602 0.979064045986654 0.914683342001259 0.82759419148009 0.799814569635912 0.855544341230415 0.955131448255618 1.01282714690034 0.947847013104276 0.749161288099953 0.4880899720875 0.258543645774894 0.110391287985953 0.0377591035225089 0.0102953430215313
1.17953691626233 1.19150909035101 1.04546619101955 0.882779758247673 0.817043908172195 0.867397749336667 0.967850254959022 1.01435670324493 0.929872920772636 0.718184689059663 0.458013995593264 0.238337294863977 0.10040608832209 0.0340430877089262 0.00924466450806474
1.49612618076618 1.44038005708857 1.17601676748411 0.913695290055502 0.810557192267182 0.879745637869489 1.01687761481583 1.0805645545802 0.982825533340676 0.743286119387979 0.461555237856621 0.233891200393904 0.0963888741694203 0.0322226875950221 0.00871572478100938
1.79239794371493 1.66318850866426 1.27851583234614 0.91815537576827 0.783468791383351 0.88575663639851 1.08464791881101 1.19410812744897 1.10104858237969 0.832640306742405 0.513688934191972 0.258608207702459 0.106473371268856 0.0359211571695746 0.00993079137793072
1.96417722150601 1.78100425485556 1.31399155148479 0.887032414486521 0.73045302646462 0.858397679752744 1.11182578584731 1.27413546978787 1.20664129861421 0.931374549969696 0.586399406349654 0.302694071978377 0.12880369852285 0.0453103484968925 0.0131531603472932
1.92935176877932 1.72738444711139 1.24355962133337 0.803762943139611 0.639250300117962 0.76833052179148 1.03829899522164 1.23343072093217 1.20556450230878 0.961548559109954 0.628968165997453 0.339819968880213 0.152332320535369 0.0566055127448799 0.0173184495890361
1.67862478802762 1.49322523414235 1.06008587603477 0.664486016943072 0.508859709692264 0.613302825970584 0.853090534120697 1.04629735305517 1.05859226142401 0.879210745064525 0.603416172636927 0.344141680490418 0.163112430213398 0.0638370920327113 0.0204056690934976
1.28481502407243 1.13920892170552 0.802027575081469 0.490797117685087 0.359647010479124 0.426741994709583 0.60532274379765 0.765794938713662 0.805061432484428 0.700315378617894 0.506691277075884 0.305271726630915 0.152288475703795 0.0622250004369853 0.0205630320903737
