0.525021240305231 0.336129361005222 0.0966213020659799 0.0463164596736997 0.0693869751329905 0.0665362055147044 0.0478916792643017 0.0518974615844082 0.0411986775180866 0.0150121986382264 0.0030277281911312 0.000573377998356844 8.26517852443927e-05 5.5651697513217e-06 1.53080312089205e-07
1.55134876042961 1.00373291556155 0.312962004490687 0.205486786906204 0.314396415481204 0.295378828457823 0.210704993224395 0.221306239010692 0.175590471355902 0.068827066636153 0.0182588526272649 0.00469051364164887 0.000736818350609718 5.023748061848e-05 1.38404162478378e-06
3.05370948695064 2.00639760780805 0.685778167331436 0.56411442072672 0.863376359925739 0.812189110209183 0.598716961462848 0.613955818226521 0.48654154263959 0.213304235153667 0.0758660059495784 0.0236000078147888 0.00385450665580889 0.000264155630711282 7.28174976431922e-06
4.13427771442224 2.77582607191356 1.02880321937364 0.951299823348589 1.44511464844157 1.41222160482313 1.14439512916541 1.15893966914279 0.913854829387006 0.458115396385874 0.206480174537642 0.070966396998653 0.0117788609596859 0.000808652898382968 2.22937947635667e-05
4.33282731506939 2.99570846476574 1.15427440096174 1.02351928780238 1.51316871091116 1.61953925905325 1.54145998778739 1.54681989718124 1.19617234506945 0.67331128485666 0.351303793761989 0.126020943845556 0.0210136509561666 0.00144231972565103 3.97464534515897e-05
4.58115759443189 3.26621887337502 1.23304490414859 0.827347157383128 1.08457767458292 1.32425619652322 1.52446912426483 1.49171512268914 1.0968136188214 0.659648358265719 0.368562221483572 0.133317751439993 0.022117101594308 0.00151128208722111 4.15177949052118e-05
5.62844352189168 4.08271613373584 1.48024763257078 0.671510785042413 0.647111077293436 0.843103802451742 1.11833816556191 1.04396402506783 0.714046245554067 0.454801315508926 0.265757296473358 0.0936987840982535 0.0149863389564036 0.000993877619766387 2.66929364740513e-05
6.72254737897626 4.86675696533062 1.67968808861284 0.555875507528836 0.36586427156359 0.422504265901053 0.587084106321105 0.528688041957371 0.377898949307242 0.322410060374571 0.21544408750689 0.0711448909426114 0.0100820909076353 0.000591982254095579 1.42643082355446e-05
6.7987483048858 4.81842633415783 1.55930566204694 0.400263695261825 0.183829513499012 0.156264656225861 0.208582354141142 0.200642414725858 0.231269721519165 0.329805893441908 0.250713767730377 0.0799547832627236 0.0103359747248953 0.000538837456671279 1.13333657851828e-05
5.78920517309274 3.97902045481868 1.24696381829655 0.319408411899946 0.118345112771575 0.0500168823130392 0.0496057411924351 0.0668499554391414 0.163533938144781 0.299277575925661 0.235902041825895 0.0748760795054001 0.00950397702800378 0.000481999204180391 9.76836127656832e-06
4.28580068796294 2.88477106739787 0.967983439485343 0.36125587465001 0.15124760032675 0.0355877614251027 0.012050007724196 0.0253692065176698 0.0899734980087219 0.172143949452685 0.136245532772105 0.0432147365438892 0.00547238822765569 0.000276527796769505 5.5757018494745e-06
2.733522653061 1.83389036522937 0.708406633028413 0.387472732778255 0.194116399444515 0.0508346826806442 0.0187636043588217 0.0288066629089944 0.045376451380376 0.062605516084689 0.0465940386992169 0.0146392708659243 0.00185074585160185 9.34614968927832e-05 1.88327334828567e-06
1.47159007829992 0.990309694625235 0.438505463906168 0.336539468544876 0.228251540176951 0.0895139537323201 0.0637061643097901 0.0949957694324492 0.0732830149159235 0.0309762949120397 0.0113328431611822 0.00298263263224473 0.000366318628740397 1.84189177789674e-05 3.70887412402273e-07
0.737136950205231 0.495103941510058 0.253582024260859 0.304877545820883 0.295868349255795 0.155911366713852 0.147619487278202 0.227516064048831 0.164615653632769 0.0488144177481487 0.00653259838202538 0.00058324129505624 4.64228428795471e-05 2.14340066315923e-06 4.25983502492138e-08
0.381473834092115 0.25647606443873 0.161436849390747 0.283542441725514 0.324149820392031 0.189782823497579 0.203784140516086 0.320783219553526 0.23156530282889 0.0671735868819607 0.0078263927641425 0.000379819551621231 9.36934356055491e-06 1.8897611434638e-07 2.97523171401878e-09
