0.231552166406862 0.189087399563599 0.0997582149594887 0.0340337558948766 0.00755226360120842 0.00113008098115562 0.00013825381793749 2.31094895128099e-05 5.8601188391019e-06 1.5145586815307e-06 3.26671939288279e-07 5.24217918892146e-08 5.79439196540504e-09 4.24416156003738e-10 2.02717754746638e-11
0.674116513766934 0.549385078525334 0.28936211803181 0.0987717133695262 0.0222312736340688 0.00364884061710898 0.000644256995821052 0.000179272021239318 5.79833389518138e-05 1.6742221004307e-05 3.83942612263356e-06 6.34259002333005e-07 7.09411664192331e-08 5.21953817921087e-09 2.49722334471053e-10
1.5071326619332 1.22584254858203 0.645009047006044 0.221317307206044 0.0519877693625077 0.0106105040369505 0.00307345399754453 0.00120208533810249 0.000449067762286276 0.000141227783270549 3.39584334529668e-05 5.73010549470711e-06 6.4630709426603e-07 4.7703650088112e-08 2.28513156719592e-09
2.60739085241874 2.11717340873086 1.11509655504528 0.389425946526524 0.10205075272738 0.0304832313504649 0.0136254677384285 0.00646451852772764 0.00268271646285631 0.000903980903033329 0.00022529116489256 3.85993684359035e-05 4.37965477939465e-06 3.24019654694776e-07 1.55384141461593e-08
3.53888785507889 2.87101783991166 1.52118430981877 0.556860730703236 0.183129237825521 0.0859830543530733 0.0506122624094204 0.0271512936721675 0.0122854200133428 0.00437195571742365 0.00111857371912356 0.000193734653960452 2.20789167379155e-05 1.63694749860158e-06 7.8626123143107e-08
3.88848139726675 3.15743533228749 1.70116380594154 0.690632224822544 0.321160698837078 0.217697864041157 0.150063046635556 0.0884300754312336 0.0429591620580753 0.0159280765115518 0.00415213728798154 0.00072490568935125 8.29506540564399e-05 6.1701578222718e-06 2.97556021271132e-07
3.71771447800584 3.03029429911617 1.68871781508408 0.81335763778385 0.542401504748137 0.460880410638727 0.351098579463012 0.223165162892791 0.114447542245606 0.0436796274171374 0.0115414049740874 0.00203009258572473 0.000233827363178033 1.75391147278608e-05 8.56320749323758e-07
3.48687342627395 2.86037579928002 1.66758120921315 0.965738207746446 0.830967452078754 0.798708154531788 0.651789842405014 0.4376903229682 0.232699034864073 0.0905733648331149 0.0242353780608597 0.00431693851411338 0.000505763339476411 3.89003448448422e-05 1.97093528788068e-06
3.47091861900321 2.86738875094672 1.73571910998272 1.13822522578381 1.11858853060591 1.14680705832697 0.974925511013112 0.67429330257457 0.365662235587232 0.144811173517297 0.0396198273251781 0.00729158861579614 0.000896050641212184 7.37068096496785e-05 4.08422980744207e-06
3.460100854818 2.88867326131356 1.80715510266733 1.27644757428023 1.3331149216928 1.40351795400707 1.20761689581036 0.840899262515181 0.462684671117606 0.189353884625679 0.054774243326267 0.0109228799936288 0.00148977008757298 0.000138692260211175 8.78855038672703e-06
3.11975098203688 2.66722183902536 1.76120989015166 1.33817428025877 1.436520099832 1.51434172377087 1.2987576375614 0.909997377619717 0.519755193384238 0.229751437725824 0.0741497328289833 0.0168133539020407 0.00261840909023039 0.000275777503316374 1.94067999603349e-05
2.42863177295643 2.18253264254176 1.58195959507427 1.30825155574043 1.41517971248066 1.4878317514587 1.29673724759473 0.950493641864048 0.590766133659628 0.29247827263475 0.106352422150606 0.026856936160452 0.00456598091978829 0.000513884793974557 3.79218703694717e-05
1.63564253565697 1.59921354409081 1.3130825222948 1.17392018958746 1.26916973616339 1.3616513370388 1.26345331550433 1.01271899237989 0.693026732663537 0.373757927835665 0.145415499788534 0.0385992694163977 0.00679702796989691 0.000783535717086903 5.87510926193311e-05
0.96381299561829 1.05326779852265 0.981542528709319 0.931840359884001 1.02012078083907 1.15763761297793 1.1766024611112 1.02625806968549 0.743347771867164 0.414684777998146 0.164810159258381 0.0443827717365809 0.00789358948217417 0.000916134449041875 6.9006142365357e-05
0.492519578805318 0.605034764647549 0.626615447159758 0.62652209833724 0.716310018241081 0.880986072196771 0.969695239710136 0.885668273603704 0.650682503714639 0.363235686308853 0.144218147118714 0.0388419489194851 0.00691415587713877 0.000803286316869755 6.05600994984209e-05
