1.30173719589137 0.685654443245663 0.423753217916108 0.0515714308344114 0.00146974901445306 0.21005532554393 0.00686983300699742 7.70955896731656e-12 5.9875570548039e-06 0.807318001871872 0.000871133236100093 7.52262660414076e-15 5.19875561690658e-34 2.87524114565145e-61 1.27260645533177e-96
2.69094621156005 1.15000834748548 0.711743388075725 0.206932780225812 0.00560953921537668 0.601861610339081 0.0184712388242617 2.87862372774642e-11 9.24894518848024e-06 1.24705950701473 0.00134563453488746 1.16201583547799e-14 8.03048811209157e-34 4.44136857760002e-61 1.96578792387894e-96
4.6976032628478 1.40542869172201 0.870230003166457 0.60369699553032 0.0155567891743281 1.26239384273125 0.0373591153995871 1.11869425188411e-10 1.03723000599952e-05 1.39852438692546 0.00150907210309009 1.30315151343483e-14 9.00585208685024e-34 4.98080663525601e-61 2.20454784683807e-96
7.415693416784 1.26583909464981 0.777162302409139 1.28044843134819 0.0314762579286963 1.94285573788929 0.0611203608923228 4.32913745224246e-10 8.44497296414365e-06 1.13865782603348 0.00122866413792748 1.06100664611366e-14 7.33243127875362e-34 4.05529893380116e-61 1.7949101797116e-96
10.9924410280736 0.898840063704456 0.5108071994643 1.97443001554458 0.0476051469572693 2.20221230066737 0.0937391773282412 1.42215124301738e-09 4.99185291599963e-06 0.673064604628655 0.000726267648900569 6.2716472187481e-15 4.33422565301543e-34 2.39710131623829e-61 1.06097765529784e-96
15.1474630093086 0.678821481025474 0.251354100947452 2.21331397757966 0.0611129059184333 1.85182616515569 0.150918862488996 3.58309283698128e-09 2.1422276607793e-06 0.288842166984853 0.000311673976133648 2.69144471536604e-15 1.86001034849994e-34 1.0287035358909e-61 4.55313030831288e-97
19.0213672940229 0.831788496902287 0.0962678885049703 1.8037091012744 0.097270485103517 1.17439753514776 0.234032312577769 6.66442262502941e-09 6.67436249620079e-07 0.0899921778595537 9.71056968142897e-05 8.38551289282767e-16 5.79508123242942e-35 3.20504698233693e-62 1.41858135465693e-97
21.821235431699 1.26378022022458 0.0314077943740719 1.06882512960878 0.226555891782913 0.583817615947757 0.29931603480326 9.04302655164478e-09 1.50971261202618e-07 0.0203558506112917 2.1964898559761e-05 1.89676760586742e-16 1.31082290320536e-35 7.24968093076277e-63 3.20877112013295e-98
23.2528747186916 1.6593964742796 0.0104872844025424 0.461214593817292 0.520525836181786 0.245694102925797 0.290119714593064 8.92090343224723e-09 2.47924303215908e-08 0.00334282832306636 3.60706542904764e-06 3.11486294345822e-17 2.15262727705826e-36 1.190539231758e-63 5.26942901451031e-99
23.3772289463182 1.73960398151038 0.0042856138050365 0.146185533380017 0.927852772981524 0.0961630102941043 0.206810762563548 6.39169973617425e-09 2.95586261615824e-09 0.000398546699303692 4.30050209578428e-07 3.71367663823043e-18 2.56645694360905e-37 1.41941324935724e-64 6.28244509733533e-100
22.668734893497 1.45814874239199 0.00195661308705954 0.035677453924997 1.21456802934091 0.0357031492083613 0.107432528855701 3.32516563412083e-09 2.55852528746407e-10 3.44972666466189e-05 3.72241365370252e-08 3.21447131420686e-19 2.22146487915796e-38 1.2286107858971e-65 5.4379369869119e-101
21.8458755527289 0.978602581365948 0.000794699519286076 0.00820946153937605 1.15643710443584 0.0115797645035238 0.040560708425606 1.25592731557498e-09 1.60781289661446e-11 2.16785624453829e-06 2.33921654332706e-09 2.02001850835783e-20 1.39599944530013e-39 7.72076115942123e-67 3.41727528016719e-102
20.8492961420103 0.519146660902796 0.00025196122100905 0.00258458359285751 0.799642600174077 0.00298834722103615 0.0111211359955319 3.44397536659749e-10 7.33536328848249e-13 9.89046246884611e-08 1.06722636644238e-10 9.21597882406761e-22 6.36900170620473e-41 3.52246135649295e-68 1.55907168611208e-103
18.500131025591 0.21332630512365 5.94292756130013e-05 0.00102792372716796 0.401450411715412 0.000581899809197103 0.00221396776046487 6.85641389654037e-11 2.42967436890119e-14 3.27599359596161e-09 3.53494768613638e-12 3.05258603460286e-23 2.10958879505556e-42 1.16673622515039e-69 5.16407486043889e-105
14.0481765884784 0.0667986967808892 1.02651420896463e-05 0.000357576957860332 0.146322719694957 8.36464955005951e-05 0.000319996097643303 9.91002305759454e-12 5.84271688220918e-16 7.87788821994419e-11 8.50060353263862e-14 7.34065279981267e-25 5.07299670487182e-44 2.80568850171896e-71 1.24182185704243e-106
