6.4785690170331e-07 4.82708416865166e-06 2.61672905614011e-05 0.000103205001743863 0.000296149386722833 0.00061828545954571 0.000939150798505447 0.00103788619274185 0.000834511335496549 0.000488183222062743 0.000207778957093633 6.4341084686269e-05 1.44958370235442e-05 2.37610878764677e-06 2.83372333691831e-07
1.70350519980069e-05 0.000126925605940978 0.000688054961193519 0.00271372052460781 0.00778709031074223 0.0162574866846077 0.0246944697886951 0.0272906643656747 0.021943030869524 0.0128365176793345 0.00546343695479011 0.00169181453552023 0.000381160309941093 6.24785143819008e-05 7.45112450997334e-06
0.000168872152467205 0.0012582409658018 0.00682083754872464 0.0269016981127234 0.0771951093771442 0.161163979450001 0.244801616557495 0.270538254548943 0.217526007846891 0.127251174281478 0.0541602314176776 0.0167713231648495 0.00377852453766192 0.000619363017374919 7.3864607777393e-05
0.000631135800944763 0.00470249776584192 0.0254919162589897 0.100541294322705 0.288505810288957 0.602327593752739 0.914911440826027 1.01109848761885 0.812972708493492 0.475583277781695 0.202416209740104 0.0626804498151979 0.0141217013905496 0.0023147817346531 0.000276058531303824
0.000889278566121124 0.006625880210704 0.0359184396666581 0.141663983771128 0.406508417243345 0.848687368029137 1.28912205043541 1.4246508431169 1.14548905845295 0.670102987948366 0.285207056876937 0.0883175642823606 0.0198976598606618 0.00326155739552896 0.000388970040195934
0.000472430013267129 0.00351975734830331 0.0190802080669787 0.0752531510626088 0.215940813473451 0.450830117921892 0.684792852730369 0.756786925766643 0.608493755860798 0.355964538240594 0.151504470358878 0.0469150586392352 0.0105698100557568 0.00173256766856024 0.00020662426992123
0.000103293581321537 0.000712351958444224 0.00382596241524608 0.0150734331387355 0.0432478245689563 0.0902887021838308 0.137144139746671 0.151562073782595 0.121863156000592 0.0712890233010225 0.030341787318159 0.00939567196717102 0.00211681394082244 0.000346980974674082 4.13805977862958e-05
0.000775287669531821 0.000714482556550916 0.000718222630643978 0.00137700495893268 0.00342049884816738 0.00694944209103126 0.0104643393926401 0.0115146792988566 0.00923546804962309 0.00539473737710722 0.00229406218051449 0.000710003016414198 0.000159909543148534 2.6206649392153e-05 3.12499898742905e-06
0.0261555174475362 0.0226072598733415 0.014987930599297 0.00902650338667267 0.00686996655481037 0.00660086288549809 0.00579180781514734 0.00395607616495336 0.00203378426899098 0.000787267040358169 0.000231336175875741 5.20579705161878e-05 9.0241949304172e-06 1.20578866033789e-06 1.23562522871842e-07
0.349362013901318 0.303510365634386 0.206192001053898 0.135260525830904 0.117286297781384 0.120090571473282 0.105980370895062 0.0709700316853765 0.035030825127888 0.012674652926111 0.00335824987930976 0.000651502774064528 9.25386385389647e-05 9.6227007940456e-06 7.32456709207839e-07
1.90968743501087 1.66815201328322 1.16319962384179 0.830336721383508 0.805001656257787 0.871679774436514 0.78608832604405 0.533316124541733 0.266279977138724 0.0974325497378857 0.0261050406822612 0.00512025379559428 0.000735053062092801 7.72149318422857e-05 5.93353243662343e-06
4.70245009208619 4.11831658646261 2.90850266785874 2.16211701097386 2.20563246620174 2.45559758794483 2.24782448029756 1.54315279319788 0.779168421263942 0.288258074251347 0.0780708903373859 0.0154738742675975 0.00224376411734841 0.000237946450204997 1.84480004405188e-05
6.48429669569191 5.65026751011359 3.89732327135408 2.69968559375611 2.54617363707938 2.75749624020952 2.52042932953824 1.73972497481424 0.884902507080505 0.330016276499246 0.0901223562481993 0.0180100634848712 0.0026324854610527 0.000281306465208399 2.19663845128845e-05
6.9530801663566 6.03031534094604 4.03258605755901 2.45089409487439 1.82386915217065 1.66217609776821 1.38692146405828 0.905385383716904 0.442946600098395 0.160650066775772 0.0430208293962975 0.00848482962823942 0.00122992267730592 0.000130803858087045 1.01912790235816e-05
5.78464571288291 5.08708380548832 3.55332919632572 2.35571368596277 1.81721703561355 1.497985729974 1.05871278591668 0.576348371742712 0.234801461357341 0.0712807819030992 0.0161521684081467 0.00273853741764661 0.000347917522014008 3.31197486725647e-05 2.35859660382593e-06
