8.11746482647509 0.716864475892949 0.0143125231962502 0.00105627910931149 1.44676934724684e-07 0.000678150780737257 0.506314447253323 0.00126792256194802 2.22007249285472e-05 0.566946881688449 1.81436526449464e-05 7.2876294308854e-19 3.95445337083486e-41 1.16087565546735e-71 3.65671182819232e-110
12.2436820715632 1.41131782413 0.053298755023426 0.00435306870593255 1.77480602703066e-06 0.00262388392529989 0.850694953228525 0.0020525846323914 4.15925957430262e-05 1.0621686302123 3.40030059324515e-05 1.38777980190323e-18 1.30005450630185e-40 1.96217597704678e-70 7.50633066308679e-109
15.7157731093725 2.18968275305359 0.140422617517083 0.0152154268157822 1.54116357520523e-05 0.00718573328959063 1.05932459117191 0.00235180264910379 5.51299174594958e-05 1.40793934919222 4.52336815368595e-05 2.16706796874648e-18 9.88103498188048e-40 2.80532862396397e-69 1.09461643515545e-107
17.6371625736331 2.84222095401317 0.261741647948142 0.0520687071809973 9.47342286196687e-05 0.0139499698423609 1.02314531038743 0.00192443026542658 5.17254217727894e-05 1.321312460516 4.41181426290496e-05 5.41383534937426e-18 9.34635506055315e-39 2.89002692984552e-68 1.12971591970214e-106
17.6978696050478 3.20303006971433 0.345162332528428 0.174946997674562 0.000412230575549045 0.0193748126958125 0.813205855665613 0.00134894736071778 3.46947926270086e-05 0.884403974485171 4.16964280704805e-05 2.82846737591068e-17 6.76806606612837e-38 2.10990258845578e-67 8.24900438763442e-106
16.5360340095588 3.12615177802783 0.322024905036171 0.500786734013164 0.00126988347803728 0.0202431162496771 0.554417775305098 0.00281186104437744 1.97589203717086e-05 0.455580529252309 8.37725469621619e-05 1.40836703872658e-16 3.49364643863648e-37 1.08993279488042e-66 4.2613319980134e-105
15.538088363076 2.67144884755262 0.212556536552667 1.09012859612715 0.00276945144702233 0.0197085238662813 0.333051163040599 0.0155703595479415 2.912321351208e-05 0.299264590917123 0.000262459257647156 5.12966119166272e-16 1.27674207386794e-36 3.98339425723782e-66 1.55739772640045e-104
16.116759711923 2.16772739436341 0.0992636447220062 1.71994814781921 0.0042760830865888 0.026089660427407 0.212150021882015 0.0712477562600393 0.000110658141254587 0.452948608132426 0.000668352252310885 1.32592276709518e-15 3.30114675998722e-36 1.02995350974026e-65 4.02683578275618e-104
18.6885211666009 1.78668746096265 0.0328004083636644 1.93576278204522 0.00467452751723263 0.042533267350362 0.217769917439206 0.232383132677003 0.000356685197660878 0.775237718396341 0.00122088129775185 2.42538432031667e-15 6.03864049982543e-36 1.88404905907054e-65 7.36611524813683e-104
21.5913804321162 1.37704455534772 0.0076718666553424 1.54659083961609 0.00361814186161264 0.0598222293707039 0.317339732565117 0.536403883601697 0.000822265391882375 0.997004827433289 0.00157980355529672 3.1388043750136e-15 7.81490944153189e-36 2.43824309906068e-65 9.53286200407728e-104
21.9075027800035 0.864108294918059 0.00127193209894863 0.875893484339218 0.00198292885065943 0.0645113204126771 0.444427673725476 0.875983162655526 0.00134221184739738 0.912313439269076 0.00144641554023303 2.87381727804032e-15 7.15515343450391e-36 2.2323999651272e-65 8.72807178892095e-104
18.4423697576517 0.408434797630568 0.000150276614651092 0.351467544543908 0.000769520092629828 0.0537403360235942 0.523865645179115 1.01206892258862 0.00155035899566207 0.590917328939761 0.000936909912516725 1.86150562220463e-15 4.63472703152495e-36 1.44602971307171e-65 5.65357970877324e-104
12.9487557003188 0.142119614745904 1.29079267400513e-05 0.0999105392165577 0.000211466639542346 0.0359212342692464 0.492298599471794 0.82724593006413 0.00126706620516298 0.270794658216068 0.000429351721783648 8.53060372093836e-16 2.12392695802366e-36 6.62662864268502e-66 2.59083011180356e-104
7.9761073993016 0.0367469316284675 8.62428866072161e-07 0.0201187282412415 4.11519740483036e-05 0.0197358814839473 0.352202683504992 0.478376015049219 0.000732658901427653 0.0877941401540598 0.000139199869453586 2.76570204365296e-16 6.88597117102367e-37 2.14841539735558e-66 8.39971515572404e-105
4.61610644552031 0.0074559379219399 5.28953707422017e-08 0.00286968356905803 5.67132070358593e-06 0.00878823194998741 0.185438700897285 0.195710605988205 0.000299728969723818 0.0201373047351458 3.19282163062838e-05 6.34367930825891e-17 1.57943235193454e-37 4.92781148759053e-67 1.92663918196704e-105
