1.71670554881148 0.618135376880677 0.13096332769969 0.319691175176761 0.158125361981436 0.013106028122363 0.000697311376201821 3.8325970415439e-05 3.26289766888527e-07 3.5448862476862e-10 4.89157371441175e-14 8.57228925571792e-19 1.90785745740702e-24 5.39257135150782e-31 1.93573875550698e-38
3.80933599289859 1.3841495039036 0.381881219162558 0.981636849382655 0.487906763750646 0.0462550479274405 0.00525373923736318 0.000327231356784026 2.79466326205904e-06 3.03639875277925e-09 4.18992055157208e-13 7.34267013045013e-18 1.63419216956143e-23 4.61905465860768e-30 1.65807414193519e-37
6.04806044098003 2.25236005958117 0.803137631804384 2.08862315943707 1.04511592007636 0.133006042787815 0.0295238600054597 0.00193206285845403 1.65191900005294e-05 1.79485369603572e-08 2.47671642490369e-12 4.34034768060374e-17 9.65992216572067e-23 2.73038320172752e-29 9.80109160631565e-37
7.193013261571 2.86552990961256 1.27289063355646 3.10827828980209 1.57078148804984 0.33644185780406 0.11818487708449 0.00787813028126416 6.7385817005349e-05 7.32171407952494e-08 1.0103226394969e-11 1.7705505164767e-16 3.94055532874932e-22 1.1138004934761e-28 3.99814233431137e-36
7.1549845387807 3.29683122614723 1.67906681805246 3.33362619358669 1.70408265139505 0.738337816725618 0.330421250265452 0.0221745425396574 0.000189698606317486 2.061151124892e-07 2.84418071538635e-11 4.98431436267274e-16 1.10931409976463e-21 3.13548342469549e-28 1.12552554000784e-35
7.01801217880492 3.89152451405027 2.08358834485228 2.79836143531776 1.42413340595081 1.28853383344731 0.640318008232884 0.0430766007067307 0.000368530992932141 4.00424118177739e-07 5.52544920896238e-11 9.68313149724399e-16 2.15508764462314e-21 6.09136906302523e-28 2.18658194779467e-35
7.18468343747699 4.51119176381342 2.4811722573233 2.13794958226943 1.01717993401433 1.65735265177988 0.857687036203481 0.0577506137590078 0.000494080293107012 5.36838838735074e-07 7.40783491974603e-11 1.29819381086669e-15 2.88927341628587e-21 8.16654986004735e-28 2.93149706001827e-35
7.08875866068062 4.71669854204111 2.61693129956025 1.62706005254563 0.663256606132741 1.51028423330646 0.79327775989154 0.0534306597680111 0.000457124468947835 4.96684871529977e-07 6.85375066538424e-11 1.20109273385727e-15 2.67316426668006e-21 7.55571596128255e-28 2.71222970610805e-35
6.65045681354 4.52472419802711 2.33550406203795 1.12133856106763 0.37463614021439 0.959188025443697 0.506436771405117 0.0341145570208951 0.000291866836016065 3.171255530099e-07 4.37601303614067e-11 7.66879000671497e-16 1.70677374333969e-21 4.82420694290736e-28 1.7317164178767e-35
6.22613680889031 4.12265035500053 1.7780095517643 0.617504778201173 0.165660409233051 0.421939137509833 0.223136737274586 0.0150315216041248 0.000128602185153735 1.39731668246206e-07 1.92815620273784e-11 3.37901758906379e-16 7.52037608833788e-22 2.12563912939302e-28 7.63027834919666e-36
5.52402026717344 3.36617152149243 1.14784524641801 0.261243145338012 0.0537408993731986 0.128266031665609 0.0678487834273143 0.00457066836294054 3.91043662843702e-05 4.24885344638686e-08 5.86298956516513e-12 1.02746576429507e-16 2.28673830831758e-22 6.46348050914586e-29 2.32015654526802e-36
4.08371137952515 2.2315424375238 0.598449579626265 0.0868680617400002 0.0124899688241695 0.026924034904474 0.0142374015240831 0.000959113204235262 8.20569667520673e-06 8.91583370385067e-09 1.23029519923633e-12 2.15604374379946e-17 4.79851299642809e-23 1.35630277904929e-29 4.86863813656379e-37
2.28969095533932 1.12490557069048 0.237958883601887 0.0234752075480302 0.00208457537975551 0.0039014075606472 0.00206174250585465 0.000138890762949306 1.1882804924934e-06 1.29111661003593e-09 1.78161080587325e-13 3.12220256916771e-18 6.94880595475809e-24 1.96408446419301e-30 7.05035532884874e-38
0.929845668990898 0.417431669799641 0.0695855451611733 0.00514972589923167 0.000256014731317519 0.00039024308028618 0.000206040321158277 1.38800225152075e-05 1.18750590229398e-07 1.29027498568046e-10 1.78044944909317e-14 3.12016733728117e-19 6.94427632186621e-25 1.96280416054813e-31 7.04575950021215e-39
0.267681926830715 0.112026691190906 0.0147435676871791 0.000881081473386544 2.4287508049138e-05 2.69474744348652e-05 1.42096647856318e-05 9.57238777975192e-07 8.18966028180211e-09 8.89840950118598e-12 1.22789083490432e-15 2.15183019027412e-20 4.78913526862898e-26 1.35365215826644e-32 4.85912336329318e-40
