1.31854029268629 1.5046187999111 1.28728838894427 0.825124948425257 0.396020594613431 0.142268210268132 0.0382491465830433 0.00769740574079965 0.00116058301445186 0.00013144336445907 1.1254672653689e-05 7.39629942843153e-07 3.85210380698525e-08 1.68064578007152e-09 6.53714109404065e-11
2.47753580364478 2.73074230499406 2.27366158170741 1.42752421708426 0.675093653072947 0.240492125730717 0.0647003876540348 0.0132511502474358 0.00210669013710059 0.000270579860189077 2.98648404682757e-05 2.98631069713975e-06 2.69047920249786e-07 2.06042099059938e-08 1.26310223789589e-09
3.22445895027855 3.26671321050237 2.53341738512548 1.50907636439527 0.696838932552975 0.255191256690782 0.0776162205575909 0.0209248460325598 0.00520774943744065 0.00116364911857614 0.000217981387406067 3.23293331573962e-05 3.67710831866017e-06 3.16026001750489e-07 2.03931448540374e-08
3.85533106232724 3.61884621002709 2.66149063430702 1.60253351179979 0.852084721170278 0.431558598099482 0.208278097824205 0.0886262345799754 0.0306978532689517 0.00826022721837747 0.00168961826796288 0.000260271679204827 3.00716806052119e-05 2.60153323067842e-06 1.68405158880492e-07
4.38824226668413 4.30240056843995 3.54918893516727 2.66982647419676 1.92748214161611 1.29289137477035 0.743744433742387 0.343708627890414 0.123029319035836 0.0335073163319521 0.00688501682505534 0.00106315111123602 0.000123189709410941 1.07155034752014e-05 7.01507681528561e-07
4.22171633627341 4.74723779433196 4.72567548805963 4.31807431483985 3.57974539619762 2.56428217665754 1.50634644936441 0.698741627142192 0.250180390316941 0.0683096863589456 0.0141570828772349 0.002230857836539 0.000269771986486684 2.55293321653472e-05 1.95061976360691e-06
2.91316839000874 3.7806925411783 4.29656598258067 4.28347226229095 3.68286361325453 2.65558027840544 1.56002986679193 0.730523640466696 0.270152518185654 0.0793982976842431 0.0189712863683972 0.00380424425276698 0.000653776590104979 9.54664594556491e-05 1.14602156304719e-05
1.24762796346556 1.80571701587859 2.21038966624176 2.28977202461982 2.01600235890228 1.52141665882566 0.998470669236062 0.580599879204499 0.30137869853542 0.136656548078227 0.0517741441951465 0.0156786137888525 0.00367916429972622 0.000657159893427863 8.85155188267256e-05
0.30554203775631 0.479879493718797 0.635472047500868 0.752705636295411 0.872267967643953 1.02504335005339 1.13464743693401 1.06517814877197 0.792264522258813 0.451875571355982 0.194828789241015 0.0631046537988836 0.0153121100515171 0.00277986153986536 0.000377372578093217
0.0433628315535903 0.0844682731266169 0.172755207453631 0.387935011294517 0.830253988429893 1.46853446241312 2.0102753057986 2.08135077135926 1.6174761908545 0.94099655841854 0.40942174356947 0.133173216743306 0.0323782952769669 0.00588369575745669 0.000799081304074196
0.00629437109252076 0.0257697338153188 0.101013255404308 0.324432145137611 0.80090839861033 1.48984779629543 2.0763735532749 2.16442565486634 1.68666654066251 0.982407086395019 0.427664481093112 0.139140692161896 0.033832976394624 0.0061483627229131 0.000835047446096097
0.00193155636429871 0.0111469899957156 0.0493588467937321 0.164532236824624 0.410710854738734 0.766650830703907 1.06970097054646 1.11552951399211 0.869438415882448 0.506443431803281 0.220473189663704 0.0717319669018736 0.0174422118749167 0.00316972900234233 0.000430501252698696
0.000468765691387196 0.00279821962850115 0.0125069624645709 0.0417996217949522 0.104420143789868 0.194959575097796 0.272045366766485 0.283707766955411 0.221122664430481 0.128803340637177 0.0560728625263261 0.0182435782062521 0.00443607620625621 0.000806157033737073 0.000109489372853971
5.86217599259552e-05 0.000350769826995014 0.00156882181575696 0.00524411062188512 0.0131010427956997 0.0244609149951852 0.0341327693380673 0.035596075473416 0.027743702022549 0.0161606335677939 0.00703532277690884 0.00228897654367862 0.00055658349892349 0.000101146528136892 1.37373607354963e-05
3.62764784415877e-06 2.17100276853347e-05 9.7102681341248e-05 0.000324589742150523 0.000810905627540858 0.00151404082375716 0.00211269374972279 0.00220326727989547 0.00171723405777429 0.00100028434307296 0.000435460852092416 0.000141679310291107 3.44504912280768e-05 6.26060166885844e-06 8.50292591870401e-07
