1.9635065666425 1.4738456575508 0.625604010529213 0.233773445405592 0.173980252359645 0.155212288087459 0.146589615336848 0.142104478322899 0.0978134535866049 0.0439002141861371 0.0154659115635366 0.00483984048029525 0.00111035410007872 0.000153055767424751 1.1747755042664e-05
2.6056122988101 1.95659058911306 0.831159998465042 0.310864551050963 0.232968332547819 0.211655229947408 0.201359135167039 0.1977713550971 0.147312060151171 0.0806336301428917 0.0373920460685934 0.0139030403994269 0.0033812653517058 0.000476485048634095 3.73022962475711e-05
2.83045690212277 2.12755260101385 0.915348228298634 0.368979943897845 0.301245431453649 0.282544748177883 0.266689214124824 0.264507218236909 0.221088722337072 0.149697077961321 0.0834072220968035 0.033558423717976 0.00839749224862126 0.0012105913526667 9.76869323015959e-05
2.58256333363792 1.94694372294924 0.869938408094735 0.423327155914819 0.404215763388228 0.394698253659992 0.370158936925164 0.370515895351687 0.34328822155732 0.266841643000383 0.161406367730411 0.0670519295201715 0.0171811798462312 0.00256043441866425 0.000216105315286358
2.08250341035326 1.58367873163664 0.769126101400679 0.497949486613701 0.550886164279162 0.555472494937322 0.525694554084763 0.530594601609812 0.516611356771645 0.42334523513279 0.262859036793353 0.111413222944784 0.0295144352857315 0.00461709023367961 0.000413227052932693
1.61636559120122 1.25792053693337 0.702784147302614 0.600354434380121 0.714173317786436 0.730279401744689 0.703090608483187 0.710430434716404 0.693881774052187 0.571875513863472 0.358556986267825 0.156374152695349 0.0435562212191324 0.00725638872378877 0.000693714532351386
1.33220635256482 1.08796452122002 0.71660506645763 0.717845773466927 0.85007587014498 0.864230405904787 0.841229781622853 0.838062609714657 0.797682636540917 0.64999229472553 0.414198660049943 0.189595447638291 0.0565405674190669 0.0101208060116502 0.00103361044264602
1.24228219556518 1.08763405240994 0.811307570903681 0.831397206142836 0.929464647444499 0.923476109109576 0.895592898890279 0.861100057691525 0.782080449796017 0.629004551023181 0.415842243023412 0.204936388846444 0.0663966181597091 0.0128066756713099 0.00139304971218173
1.33763634566608 1.24365364254988 0.967699448341794 0.922503686653153 0.945770521474362 0.910246727238025 0.868841456028019 0.790178905998971 0.673751321008648 0.539920431547924 0.381835793009615 0.20742988700806 0.0734641150626994 0.0152217132854581 0.00175509699568649
1.62979596292072 1.54285054908544 1.15362171757206 0.968916802686142 0.901323027111501 0.844120622337233 0.794343630999091 0.680633994833377 0.545269992382079 0.446384121643974 0.347654157603204 0.209081753107393 0.079994192364649 0.0175533279394388 0.00211914090112065
2.1023257217736 1.94726943871481 1.32577900572028 0.948577697246969 0.799034989277033 0.739800216766451 0.697864363251022 0.575845050074365 0.448703951514898 0.389653159746736 0.334678094323974 0.216263015611546 0.0865007144646777 0.0195687688898904 0.00242011711814986
2.66612744002432 2.37998321401265 1.44690556685723 0.858108798768641 0.650386107631527 0.607346792340853 0.585528755630363 0.479765559034283 0.382056449149152 0.361272060274875 0.333094537817681 0.2216420535949 0.0894059672908312 0.0202655034920324 0.00250778975593292
3.14887273068733 2.72012624548832 1.49073290926984 0.720825167783204 0.483418154711753 0.465397388726173 0.463483747203902 0.380943832751517 0.316430839544613 0.326677504010827 0.316214081244128 0.211325612229622 0.0840623600564979 0.0187099081580258 0.00227483897121766
3.32343414595352 2.80742277340709 1.42387998732916 0.567625547685734 0.331852064746875 0.338419858790332 0.348113892251676 0.281306975609253 0.238260588316861 0.265520083306835 0.267913169898826 0.178674018532665 0.069517092411892 0.0150405172809138 0.00177673832652701
3.02640752534693 2.52185024743665 1.21667781931244 0.41646013197487 0.214640275576447 0.238359514867395 0.251258127531578 0.192913896539499 0.157942461531558 0.185882103865977 0.195044515765319 0.130006771932924 0.0495096287558185 0.0103958949418936 0.00118838558597786
