2609471.99006177 0 0 0 0 0 0 0 0 0 0 0 0 0 0
7347821.52537592 0 0 0 0 0 0 0 0 0 0 0 0 0 0
13986329.0090226 0 0 0 0 0 0 0 0 0 0 0 0 0 0
21357124.6994539 0 0 0 0 0 0 0 0 0 0 0 0 0 0
31009018.3592421 0 0 0 0 0 0 0 0 0 0 0 0 0 0
43552268.1173669 0 0 0 0 0 0 0 0 0 0 0 0 0 0
55255651.7009333 0 0 0 0 0 0 0 0 0 0 0 0 0 0
62366148.4748732 0 0 0 0 0 0 0 0 0 0 0 0 0 0
64888554.5272483 0 0 0 0 0 0 0 0 0 0 0 0 0 0
65401650.8627857 0 0 0 0 0 0 0 0 0 0 0 0 0 0
66450959.0968248 0 0 0 0 0 0 0 0 0 0 0 0 0 0
68980292.7213187 0 0 0 0 0 0 0 0 0 0 0 0 0 0
71489712.5274972 0 0 0 0 0 0 0 0 0 0 0 0 0 0
67095317.9203621 0 0 0 0 0 0 0 0 0 0 0 0 0 0
49521928.4316663 0 0 0 0 0 0 0 0 0 0 0 0 0 0
