2.83686053097724 1.73915796943393 0.674290940998032 0.468085571251934 0.231721754079519 0.176037629575127 0.219433728259023 0.141596905640089 0.0686357431918441 0.0265816216200333 0.00441034368222039 0.000252240053793467 4.81715164535259e-06 3.05862240938507e-08 6.45119197853367e-11
4.03282654198384 2.47699083960305 0.963310975891294 0.662220370647584 0.350775600956359 0.310509273563408 0.38090353339963 0.258820204353759 0.146642984553383 0.060338353992758 0.0100270222059541 0.000570311130448738 1.08391863208962e-05 6.85729386595502e-08 1.44240676155168e-10
4.89614406143116 3.00870728069264 1.14829955850835 0.769602955602416 0.452271735287897 0.459343431143567 0.545634915646777 0.398785381916466 0.26212648949587 0.111526066007329 0.018359752631346 0.00103256367353607 1.94563499447444e-05 1.22309253383943e-07 2.5606473015022e-10
5.16253847677206 3.17371288566977 1.16175803290009 0.748808251645248 0.510806621761529 0.576573410629449 0.657718904967545 0.536211026243385 0.401291038212947 0.17100530622576 0.0274560884876117 0.0015125304558802 2.80737910897191e-05 1.74552774727585e-07 3.62489126126396e-10
4.85409437898526 2.99322428395446 1.03163907461063 0.637024839967363 0.528305866018991 0.629610726695218 0.693927522365403 0.664106773068659 0.544946415813924 0.223846578739565 0.0342833976912846 0.00182259742807813 3.29719055249483e-05 2.01213837297519e-07 4.12133826132494e-10
4.24336573800522 2.64004953922113 0.856874945011785 0.523129481960379 0.538754089579065 0.632045907370268 0.687390994330709 0.800327565190878 0.680345630622422 0.259210110531981 0.0368592308947304 0.00185188365322855 3.21365583807226e-05 1.90183982817107e-07 3.80732444680648e-10
3.62109494885711 2.28652987429283 0.72410957041126 0.477704141460616 0.584353887569281 0.63482555361395 0.691859384675174 0.950737195486836 0.79338770358515 0.273868696244068 0.0353321347663347 0.00163892243199609 2.67224143294118e-05 1.50760293679496e-07 2.90995230749676e-10
3.09591093829534 1.98362212665204 0.646552859551109 0.499022899329858 0.669396507205504 0.671972695463978 0.721590188397835 1.07122516773944 0.854588907675128 0.267758837901489 0.0311174952239198 0.00131026686848912 1.96541457122936e-05 1.03518997013291e-07 1.89102134444786e-10
2.63407620678098 1.69838169063418 0.581581497751842 0.521654380236398 0.739872986890081 0.721599200572131 0.741325160756085 1.09411722169242 0.834027229096384 0.242387734808557 0.0257180273945394 0.00098206028762206 1.33764255656964e-05 6.44663007578127e-08 1.08985426293176e-10
2.25492342570794 1.44489205416541 0.498741180277624 0.481835435328999 0.727912379437463 0.732018785881241 0.717117757850527 1.00004020938949 0.7348788761113 0.203874376236733 0.0203164668994072 0.000716766773888623 8.90569767872983e-06 3.89008742483598e-08 5.96493762801062e-11
2.10335736862362 1.32758782846529 0.418221152161774 0.374812625059897 0.616760757255491 0.675476463573426 0.655019592245912 0.840202594516799 0.595537096837688 0.161332704087307 0.0155799726964165 0.000524339891366762 6.09952566658007e-06 2.4497030314864e-08 3.40411023244629e-11
2.29188771721667 1.43286358830204 0.381216769166885 0.247122313876276 0.449823370111569 0.563737619146442 0.580300068093508 0.67984797004895 0.455054973014319 0.120764184837966 0.0115227482860217 0.000380746402420922 4.29085442715342e-06 1.64122199738283e-08 2.13105756819258e-11
2.69989055897629 1.69308841704257 0.394574532313284 0.145117173568819 0.2854360370728 0.425954038730128 0.500006821400328 0.542038171434263 0.32979916148904 0.0839225228741388 0.00790367817943822 0.000259574460542711 2.89684651618863e-06 1.08783237698869e-08 1.37062833085565e-11
2.98145160611467 1.88634540743716 0.415452962215066 0.0826684830896941 0.158669739593021 0.289296500508565 0.40328911455918 0.414033393213406 0.222096207132826 0.0522907873069366 0.004777432478536 0.000155488405469849 1.7290003080656e-06 6.46074302030897e-09 8.06505495397296e-12
2.82102069101114 1.80110393813451 0.390863580447495 0.0488926058593958 0.0770581322716488 0.173900573264571 0.288721975742589 0.28654357934527 0.134640562508234 0.0283479821573842 0.00244862787739267 7.80822688999134e-05 8.62902985448352e-07 3.21702339430654e-09 4.00604362265277e-12
