2.09201260201008 0.740770240761045 0.0405163934354332 0.0029443079919439 0.000134458397282487 6.18987152537131e-05 0.0017405321379652 0.00648726807061651 0.00541980724239135 0.00304279801098579 0.000548271727595828 2.40424328937769e-05 2.09978791232395e-07 2.71554823268093e-10 4.62411057294538e-14
4.1363735232832 1.49053554287388 0.111608906996567 0.0154847440112624 0.000743316337261875 0.000312754207351711 0.00867635048940594 0.0328286619848387 0.0304979018433159 0.0191477705758572 0.00393849168178932 0.000201102544788859 1.88154454021725e-06 2.49007187660234e-09 4.28469003556279e-13
6.07923144710435 2.29629674750218 0.286011063084741 0.0596472591206432 0.00296382818501913 0.00114826411748456 0.0304695075519541 0.117207986112148 0.122982292995931 0.0869343126906081 0.020752632266433 0.00120944636141105 1.19103985781449e-05 1.60469736982524e-08 2.78635443900372e-12
6.82163502514894 2.87833215858473 0.652870103439608 0.166595683617262 0.00867568646009646 0.00329533426045509 0.0762897072839738 0.296361444225217 0.356612761454367 0.28625889564586 0.0799779054652896 0.00519578712324687 5.3146526942502e-05 7.26387213804031e-08 1.27145280432335e-11
6.34992316907272 3.2575811218861 1.21604034737021 0.338983122365453 0.0197128440503917 0.00857428119199806 0.141315991133257 0.534705471747431 0.746044809904558 0.686421196907584 0.224158650457295 0.0158619788301044 0.000166924478935501 2.30872345674375e-07 4.07048608349101e-11
5.88060610698158 3.64970058537642 1.758484335068 0.516667965920789 0.0403926195466875 0.0227685787283758 0.213057596645967 0.700336533538709 1.12932191250057 1.20103050789957 0.453752053530234 0.0342790236402483 0.000368659813606444 5.1509017864195e-07 9.14153382934131e-11
6.25018040129828 4.04554890171004 2.01824982724405 0.644259475986969 0.0906061760349163 0.0572208265215956 0.303637591000126 0.693860247242794 1.24009479303601 1.53248083683695 0.6588757760399 0.0522963398832698 0.00057212845786562 8.06509941093757e-07 1.44002415972486e-10
6.83750417313284 4.23056793024344 2.07210907736885 0.784508453438292 0.213997720751017 0.118000434007271 0.429514194996343 0.566212090491584 0.990401458605389 1.42171520081997 0.682294700407096 0.0562157842263314 0.000623612980326362 8.86088897993816e-07 1.5909417848736e-10
6.50640901841313 4.09780512934813 2.22102365145985 1.03239104252954 0.432521625550897 0.186949080159026 0.533007490040796 0.424563206923932 0.577751624548828 0.954527814372641 0.501565122113229 0.0425228620889423 0.000477245056788215 6.8300551173631e-07 1.23262833643841e-10
5.07549338934912 3.66784820798109 2.42546339504319 1.27803142001633 0.661608784169901 0.230052122022288 0.517734748218039 0.304588553845422 0.249108295214779 0.461345472207425 0.260847721766745 0.0226139294425039 0.000256366625948002 3.69314997471258e-07 6.69677783421481e-11
3.39934507512197 2.98337821212617 2.29282375173222 1.25920410182415 0.737720427356894 0.244135847357044 0.406908396177498 0.214024998630679 0.0848034374821112 0.159764801297483 0.0957393314658366 0.00844988599339638 9.6647159372687e-05 1.40070853726615e-07 2.55105978635722e-11
2.33144307090184 2.1806260503666 1.68966414498799 0.917261027822941 0.602031957027668 0.281110122276795 0.358384681828501 0.200447212581522 0.0360910581938797 0.0396952085503439 0.0247572042251758 0.00221747055680054 2.55654938876199e-05 3.72591771246087e-08 6.8133989906029e-12
2.00444239538763 1.48935695393786 0.941762909842102 0.483814626790852 0.378308306080654 0.386022885552188 0.473411991462965 0.294836928067578 0.0406878331586798 0.00756645532354527 0.00450621177267506 0.00040856373126379 4.74457575656062e-06 6.95045627926843e-09 1.27574841266348e-12
1.96771886165265 1.02733923961349 0.40148380544836 0.184638596906554 0.209621330733225 0.502596909966475 0.651129853765013 0.42693771386748 0.0585722795943895 0.00189601571248021 0.000578627067828297 5.28392407185183e-05 6.17684362738205e-07 9.09181674561029e-10 1.67454144212782e-13
1.7666864523746 0.726184668114957 0.138666437441522 0.0517453518798842 0.120073467211371 0.5070408835916 0.687022715314499 0.463601845191908 0.0640068053263517 0.00122076465234999 5.43490716115341e-05 4.79638750857084e-06 5.64046732038623e-08 8.33893381385663e-11 1.54074214127489e-14
