0.0501165371415228 0.0725890297993581 0.159263110713188 0.254069458996216 0.227786892893448 0.15241179239507 0.0948609436678287 0.043155812461838 0.0138710496008416 0.00465740394823731 0.00167416046717843 0.000409601902147369 5.45030582551298e-05 3.67066651929312e-06 1.20920954510653e-07
0.15704185258249 0.157682380783073 0.231267097755245 0.351600292045564 0.354949966835666 0.312214633717533 0.244740518361081 0.131750037610822 0.0547036405079363 0.024992501213564 0.0104869496130137 0.00274110450783689 0.000379655690741947 2.62565504355521e-05 8.79517174162625e-07
0.404028446656489 0.323734668245235 0.279425755008026 0.371080575251966 0.44315260121477 0.519177424569382 0.494446906242683 0.316557549746262 0.171299378941663 0.100010127761004 0.0470006103423918 0.0129870804699512 0.0018620581648594 0.000131641160983123 4.46854072485757e-06
0.895689538190861 0.649292724472166 0.353432082536489 0.355849088638973 0.497994591361908 0.728110027167132 0.802464776990527 0.605195889943526 0.415711613607543 0.292197647067316 0.149994720518033 0.043466121694375 0.00641712617050724 0.000461837436238151 1.58406331419726e-05
1.74896823529465 1.22924103063234 0.53361582096715 0.398328477411955 0.568339490955501 0.893696556985214 1.06474597170797 0.913424819158603 0.760277018801606 0.615560370851615 0.339732616202365 0.102534895346204 0.0155092482374032 0.00113216283313304 3.91436094567117e-05
2.92372460819649 2.04014182672948 0.818939145551184 0.509760832248083 0.659484243633926 0.966506760880314 1.14926124832986 1.06452060155611 1.02474254163365 0.928245333066827 0.544625343378287 0.170105711263677 0.0262412829838471 0.00193699870348266 6.73760615183168e-05
4.06521276702626 2.83164819601294 1.0931729384998 0.610401489613297 0.71546336379435 0.903074253533054 0.98924203980938 0.935976454905349 1.00385084823711 0.99753727516343 0.616404928343343 0.19805899125968 0.0310359611836134 0.00231058724561765 8.07325413172321e-05
4.8185742508512 3.35465886580303 1.25750792378421 0.649335086543286 0.707718060259554 0.733647704335785 0.678427857321036 0.618794758566029 0.713296263737582 0.762579273397372 0.491491112563083 0.161549958610675 0.025625947549989 0.00192018687687513 6.73111610191534e-05
5.204251325092 3.62296614446517 1.33141807235294 0.649676737899838 0.664294073235321 0.557005357578177 0.407208299309257 0.339458198719466 0.384453410230211 0.418299127304387 0.276041010287435 0.0921936784480956 0.0147570040819493 0.00111102146906016 3.90358367932303e-05
5.27514037836139 3.67535898606687 1.33925353671396 0.626572257622791 0.600650656797871 0.436242897723336 0.289223266386104 0.238167982828989 0.205035370482533 0.176997258735406 0.110539337797085 0.0368483383715874 0.00592407734741632 0.000447373898978656 1.57419917623922e-05
4.89684854574309 3.42140867256098 1.24180869857483 0.550681242514775 0.495903040116047 0.357486174436804 0.297218903593372 0.285335293857791 0.178966343510698 0.0807442655777012 0.0344385520398247 0.0104697210567771 0.00166110113220018 0.000125372582644569 4.41377558486551e-06
4.2774655804975 2.99857496649764 1.07133136060045 0.416689509837475 0.346006737639582 0.284536905450522 0.336909004304159 0.364914058202192 0.208878926935616 0.0613442110681154 0.0122131963338977 0.00234271641398526 0.000331180270606348 2.45173579367585e-05 8.60688792118957e-07
3.91009703205564 2.73565174922826 0.940495867346408 0.2781254885405 0.195984271100465 0.214076259556133 0.351317368221933 0.401328983850497 0.224115476303819 0.0589661825772961 0.00772086010653502 0.000653292256386883 5.34575488782974e-05 3.42290361365733e-06 1.17139277244661e-07
3.76183734902879 2.61119269066298 0.861129131452476 0.182610083615695 0.0955405594082214 0.166439607388459 0.347630958683703 0.401668437954354 0.219122977988019 0.0555359302856115 0.00657119529181382 0.000377983848476549 1.29699910993508e-05 4.14449969810603e-07 1.15220977994022e-08
3.30698780232171 2.27777418976229 0.732471316783532 0.124605703211476 0.0484942938662162 0.139001269404301 0.326401867007818 0.374831360460717 0.200284492055078 0.0495616780988316 0.00568039921583749 0.0003025524121649 7.65345383800382e-06 1.04275449785246e-07 1.15868653783822e-09
