0.819465492020632 0.713940855422577 0.483678817302561 0.307184674076902 0.228424198749637 0.192056226619012 0.166285816205573 0.155538653364614 0.151489247036071 0.131623287918416 0.0913987853940454 0.0484861439713603 0.0193209408719488 0.00573646251962439 0.00126179128237407
1.25582074437973 1.09755677402734 0.746539907438841 0.475062014894278 0.355979619311243 0.312608035100821 0.295397816399983 0.299781210960927 0.302239798291719 0.265470158532061 0.186733612941707 0.101248327858302 0.0415560842692657 0.0127678968450732 0.00291131003671215
1.64268722895791 1.44584304713914 0.996505931282793 0.646446169252456 0.497337733268577 0.460074823296917 0.466881397366803 0.494032760804242 0.499167631622168 0.436246981139477 0.309135471482617 0.17124486743792 0.0724761550519048 0.0230553940251948 0.00544341292425357
1.86610859275038 1.66313184157135 1.17646144882245 0.796017752917779 0.641489501203862 0.623617613970081 0.660382878096937 0.703013336905565 0.6946653085584 0.595369093414448 0.421515310528728 0.237443371211328 0.103264707843484 0.0338773673654399 0.00824143044792371
1.88094649025498 1.70563926411192 1.25064077395433 0.894336566607422 0.75834770350434 0.764249178542396 0.824461408789917 0.867630827249684 0.830050692821347 0.690617024175845 0.483080134192956 0.273807369682067 0.121191511547638 0.0406385862173137 0.010102524260541
1.7482690378977 1.61324480875166 1.22315880668346 0.914733348605116 0.801642606030998 0.82260813988438 0.894371100998393 0.931967730709827 0.868180429481771 0.700021674354769 0.478519747190169 0.268785988167485 0.119270928330487 0.0403507985828635 0.010141905926186
1.60262258977153 1.49231669426817 1.14655134452153 0.86547305014896 0.757091551882514 0.776155387293078 0.848706107352494 0.886460430526086 0.818109187213363 0.646167438118646 0.431090344984782 0.237498193736719 0.104250242835584 0.035142911833836 0.00884102083227654
1.55708685558265 1.44452736341492 1.09498936198438 0.800857727223033 0.67333480976816 0.675609105068023 0.741298708084349 0.786398410948221 0.736196359478847 0.585537935670786 0.390731178351174 0.214716232504481 0.0940709969243198 0.031711774139276 0.00799287836147198
1.63096040301253 1.49857149955593 1.1091692342483 0.774367500939344 0.6150305775112 0.594806360972989 0.651195184594263 0.708076858138969 0.689344978246661 0.574392788426767 0.402225741131443 0.230813581875468 0.104643654103016 0.0361748669872065 0.00928877224352989
1.77705820060208 1.61781721039255 1.17292786680235 0.787354319248929 0.594300192785712 0.554007227299456 0.605508166050826 0.680088871291267 0.699762377457475 0.624558513887766 0.469276654724749 0.286035122067257 0.135666604480474 0.0484087576660291 0.0127115623061534
1.95833440977527 1.76369594234318 1.24977914813302 0.804325391121087 0.575943566570471 0.519768626432837 0.573011230600103 0.670258999117243 0.728857651382468 0.689529741348851 0.545312891545094 0.345377461730934 0.168123984573831 0.0610324061565823 0.0162198515719542
2.14651059438113 1.90803955639922 1.31469737402793 0.802379257464128 0.536827257550317 0.465954224883332 0.52070749529401 0.634447870665244 0.719285370761157 0.703291866892646 0.568409334479157 0.364299318807977 0.178311191728997 0.0648824691157066 0.0172642015434309
2.24695968900194 1.97567125936869 1.32968718267772 0.774282318762596 0.483532675472373 0.398489460375729 0.444792669662114 0.555227931609789 0.641868146251993 0.632190196857706 0.509474436945625 0.323733090841306 0.156815625860329 0.0564991114388907 0.0149084715563353
2.11281632561188 1.84754331986354 1.22999743534518 0.700368397430765 0.418994862535409 0.326566197329893 0.353164442185826 0.438548255570591 0.504825171478641 0.490745352358083 0.38753224380066 0.240609367846256 0.113942227895381 0.0402243111296258 0.0104303312982318
1.69231094300758 1.47871881530772 0.984905444507181 0.561593670728439 0.332212904211885 0.246972404468523 0.252096759437356 0.302952472343771 0.341186932262273 0.323443324142426 0.247921545636411 0.149150514369489 0.0684973215455518 0.0235037781825471 0.00594135413603444
