0.249318627583575 0.352192248201981 0.377960871043138 0.311603847909515 0.203722884393185 0.131929915120049 0.135983610133354 0.188722854178014 0.22897887748785 0.220765303404392 0.17180705110887 0.10728744007369 0.0513461013894466 0.0178662119610691 0.00435876600025466
0.500898306259866 0.635361867651364 0.616517054222843 0.473129310070822 0.310041851091492 0.230376446864785 0.268257738184746 0.367208716212425 0.431110078294981 0.409387528373107 0.318489923129883 0.199992156347006 0.0962137827666012 0.0335859839691643 0.00820746867445856
0.922443559470007 1.04005832237941 0.898750118609719 0.638181229674417 0.431839961563389 0.372777684179343 0.450801476921792 0.569744190698953 0.618582658525318 0.557737957174302 0.421346950780766 0.260874999548663 0.124776255372844 0.0434616375600866 0.0106124849208636
1.57635567885972 1.63573028842796 1.30637802280719 0.892516800585341 0.632923317460777 0.579413449219359 0.654577308205148 0.72608735887229 0.698904950409687 0.573030353165634 0.404428228348456 0.240199475646141 0.112461634326881 0.0387961510088827 0.00943511703129459
2.34639497099133 2.35109394063821 1.84139577368019 1.27277910970776 0.9229800075493 0.804381748470971 0.796734062998587 0.759552516030578 0.632940651693646 0.455222764269524 0.288013240467235 0.158608463796638 0.0712470446406474 0.0241285867923417 0.00583115375124813
2.88440520303416 2.8707170565258 2.27505140717673 1.61775934707881 1.1752069159288 0.944887438247403 0.812022585816965 0.663102059643223 0.473033792122067 0.291429765380188 0.160325294014126 0.0801335641910156 0.0345303931494433 0.0117077403813269 0.00290906414662853
2.92918145366122 2.91122358302451 2.33285959940535 1.69559431343731 1.24504212416098 0.969276745318037 0.767235253460791 0.557379386767023 0.345164111230783 0.183802908792765 0.0929782035172412 0.0489606014281996 0.0247457782239198 0.0101755404278475 0.00307330097032022
2.64415033347665 2.59753879303188 2.06074236487824 1.5085035369413 1.15695380918901 0.96351686384874 0.800599727860638 0.586461189607939 0.355244836164065 0.190337844070394 0.113572027992192 0.0805220356234673 0.0518766460722348 0.0249281884018712 0.00840204667845412
2.44574493767928 2.36399098361056 1.83179212486158 1.33633439636267 1.08954190546961 1.01821549116623 0.947808072132037 0.759934854573351 0.499182378242364 0.299787330570361 0.211986847008888 0.171638904158294 0.118643360782366 0.0599218373275293 0.0212959299182318
2.47084189249373 2.4020331294772 1.87174050524863 1.37976839294503 1.15078843429833 1.12087053541789 1.10407000767965 0.941543284655149 0.659767212326455 0.428364843164408 0.329956201457126 0.284916355909896 0.208013531268346 0.111955443312485 0.0430721462243846
2.4184125866779 2.41824660585746 1.96140942988809 1.49601911741518 1.24195067102796 1.17270739008988 1.13609527376191 0.972788937924163 0.693358200106261 0.466870848297298 0.384739122256263 0.360236271424487 0.286794617339545 0.169959634886996 0.0725108749107708
2.00406165615213 2.07840662703494 1.77702113258276 1.42675801481547 1.20385751331735 1.09982869313944 1.00558492512064 0.816114785831591 0.561686661074256 0.382666382157107 0.346588233550982 0.36750927768759 0.328439922676096 0.216374114658211 0.101328169415005
1.33555301476995 1.4538083311602 1.33106208807429 1.15203824278177 1.02481203608479 0.928996247669696 0.788248572495581 0.575891760018496 0.361294827662864 0.24481559245573 0.254944618419165 0.313963876639834 0.312553506273899 0.223078653221102 0.110863395492877
0.727451613525391 0.861897919239233 0.875870754992155 0.83750047121528 0.794786660951279 0.718925505964676 0.564769334491486 0.362408856609128 0.197352438731077 0.129342074971862 0.156499094153467 0.21840553986654 0.233448068909449 0.174290942147959 0.0892493848342076
0.3471875617427 0.473045645145825 0.547073905313918 0.569047232994642 0.555040737941436 0.489447177272768 0.357716466048454 0.204597068494928 0.0959313436213566 0.0579953386802231 0.0771442571412197 0.115946971521915 0.128551085758659 0.0980268217495613 0.0508681602888267
