0.781767780950372 0.752148116880078 0.607864493885662 0.443578540597517 0.340520503653298 0.314745111240609 0.32423198999582 0.314536456868481 0.261378138679699 0.17976424125327 0.101119283729717 0.046280796369942 0.0171756021894581 0.0051535842141022 0.00124705116087578
1.26915741308217 1.23320406300133 1.00770656077033 0.73959385800574 0.560725550382887 0.503825948999411 0.508577056660893 0.490389117098259 0.408252169357554 0.282196245810167 0.159735010974008 0.0736020211316778 0.0275063397476257 0.00831372395180427 0.00202769085406398
1.7528966099888 1.7231599005032 1.42608407924192 1.05310274378552 0.78595820266317 0.681104345190363 0.669165355595333 0.640317722209909 0.535130611426603 0.373215544989157 0.213633194079675 0.099672098827142 0.0377591282061088 0.0115869852998984 0.0028772729615707
2.07715905885578 2.07075865069129 1.7398490645651 1.29479749170217 0.950554648017553 0.79051880488038 0.752616535119232 0.716032995713314 0.604843522918822 0.429664887158547 0.251467391788634 0.120273022529661 0.0468460823181269 0.014850946679242 0.00384472471784845
2.14282347609174 2.17241124409558 1.85815850674791 1.39752539667276 1.01287986848495 0.81128692796689 0.752493367261055 0.719989819797817 0.624568070802467 0.45998495885841 0.280406111169566 0.140217755709266 0.0574297451312845 0.0193609917747228 0.00544777157645137
1.97188582235546 2.03671842261884 1.77670034055894 1.35532783556375 0.980157310290336 0.772301237056269 0.716654827632513 0.707699072871791 0.644615619552994 0.501366688577154 0.323521106988942 0.171933293847173 0.0755873015496871 0.0279201818023237 0.0089062174937844
1.68049816837523 1.7646700253167 1.56754040088436 1.21740228985707 0.896290291980821 0.725633625596822 0.705536748909907 0.737701204160942 0.710855379406719 0.583382038639424 0.397562261049774 0.22487847451326 0.107154041726131 0.0441895960444637 0.0162662400320149
1.39414555916948 1.47428258282614 1.32455076597399 1.0516931354652 0.811040459214703 0.70914731413429 0.744572744511683 0.819661892292024 0.818450493194162 0.694538765343988 0.493417787254952 0.296403707655718 0.154379483095228 0.0717905497952655 0.0302623794665587
1.18504618085983 1.24274973531175 1.11889486558016 0.914713624577376 0.760034848034867 0.73265089303446 0.815592596456943 0.911999695739336 0.915254012499318 0.788208262418883 0.580679097704578 0.37318444211437 0.215001504415854 0.112685877353095 0.0530774101045186
1.06414636009586 1.09480906122813 0.984823244553841 0.838514099976637 0.759165047884151 0.78640623254836 0.882906541391238 0.962346991318887 0.946545292866341 0.819455585807483 0.62924099431616 0.438313200356137 0.280809699695477 0.163306845384856 0.083290640204607
1.00182137618542 1.01403585328425 0.91893115684317 0.822861598351331 0.799907469177591 0.849367010852062 0.918125926656018 0.944082656559249 0.892544867815176 0.773253095712949 0.623786455230651 0.474290119108036 0.334685195869093 0.210481534470393 0.112996278371527
0.950039236349543 0.957086447479446 0.884126360096634 0.832420299237643 0.846086259155138 0.890013380066705 0.904787000290558 0.86095115279187 0.770005227654227 0.663634287532287 0.563277636786264 0.464531713000254 0.353547027387991 0.234319009093884 0.129726352202215
0.863332751787332 0.874097705754992 0.827863735820278 0.812702622231165 0.846605922825606 0.872512645097997 0.833807567511158 0.731274290615073 0.6113177110069 0.518010245573537 0.4578566964189 0.402274578068868 0.322562298373541 0.220855708385346 0.124469039248086
0.72013991870047 0.735822800783772 0.713975605937823 0.723898390625624 0.765559917257238 0.775335681192629 0.705380306912139 0.575246311217323 0.446713863580306 0.365474958726089 0.329233619916126 0.301196474491705 0.249448735979902 0.174100565209222 0.0991152137591017
0.534210952477936 0.551091552983144 0.546010609372426 0.567776863406346 0.607729390008348 0.609289873239484 0.536137345702979 0.412980523957132 0.298206713685183 0.230757516546148 0.205970062830166 0.191748620352302 0.16158323953375 0.113983510329141 0.0652570532332509
