38.3058241214892 3.14537520460807e-33 2.07887511280285e-27 5.51338329558775e-44 0.191484775451973 8.78789735945415e-17 6.47019437655082e-05 2.0082950200238e-31 0.00856479677866696 1.60739266990498e-124 6.16027193610689e-07 4.62060778569337e-77 0 0 0
56.6353939925101 7.70418226703413e-32 2.39736327284424e-26 6.35804553171758e-43 0.582809037519504 1.73011943876706e-15 0.000608539326139378 2.86497045796471e-30 0.0211799273581947 3.38986097054668e-123 2.55905525040582e-06 1.91945919541943e-76 0 0 0
72.6774426137026 1.46231739951019e-30 2.14239873817549e-25 5.68185425993178e-42 1.37460941467141 2.63953973451857e-14 0.00443607466000566 3.16718763654434e-29 0.040590229850164 5.53991113664855e-122 8.23797461982604e-06 6.17902100126577e-76 0 0 0
82.2747191234656 2.15088779256394e-29 1.48363738612533e-24 3.93475371896889e-41 2.51242646221009 3.12062318645961e-13 0.0250678442103127 2.71324147599986e-28 0.0603147660212037 7.01592146124049e-121 2.05504930175027e-05 1.54142169406436e-75 0 0 0
83.296744892045 2.45162968047385e-28 7.96189125832639e-24 2.11157264785179e-40 3.55851181765538 2.85900863131759e-12 0.109843341022442 1.80120900573124e-27 0.0697848832790788 6.88537578049507e-120 3.9726934060189e-05 2.97978048248699e-75 0 0 0
76.9451457618288 2.1654741050157e-27 3.31104988186827e-23 8.78123317611797e-40 3.90575029681827 2.02978767218092e-11 0.373435695490963 9.26618103071381e-27 0.0650966425421526 5.23638517853861e-119 5.95125915113421e-05 4.46383449523299e-75 0 0 0
67.8774532301475 1.48221815210092e-26 1.06702897769761e-22 2.82986683775074e-39 3.3220146625353 1.11672634823162e-10 0.986069195646332 3.69401334569404e-26 0.0618714219116613 3.08600432822598e-118 6.90865782987897e-05 5.18194626609359e-75 0 0 0
62.3184266627456 7.86198605122302e-26 2.66469626218756e-22 7.06703917386947e-39 2.18957398311672 4.7610629554779e-10 2.02635176622292 1.14118787361353e-25 0.110252546513826 1.40936176525099e-117 6.21497682366505e-05 4.66164003751413e-75 0 0 0
64.6049034779664 3.23156889225623e-25 5.15679919213852e-22 1.36763436868049e-38 1.11835249686346 1.57297599092217e-09 3.25261315078846 2.73197577922675e-25 0.318683340446698 4.98780479378632e-117 4.33257761812866e-05 3.24971723360278e-75 0 0 0
74.5251772616312 1.02933224398561e-24 7.73345808600594e-22 2.05098990150626e-38 0.442648307371155 4.02718213860518e-09 4.1050204322506 5.06824440747682e-25 0.850996653923009 1.36790967048878e-116 2.34052992810632e-05 1.75555087837421e-75 0 0 0
87.6040090826304 2.54073133807792e-24 8.98727975465743e-22 2.38351586235e-38 0.135768779087011 7.98990211477399e-09 4.11934029431788 7.28616938856599e-25 1.80284584915496 2.90714303355756e-116 9.79812677254751e-06 7.34923739081803e-76 0 0 0
97.6357586301338 4.85985061504183e-24 8.09363832712161e-22 2.14651327915113e-38 0.032270227404931 1.22840805065264e-08 3.34454225236904 8.11712035964346e-25 2.96801906400523 4.78780427878194e-116 3.17857833010494e-06 2.38414211772619e-76 0 0 0
99.2552790383345 7.20357536096694e-24 5.64833355037099e-22 1.49799416293636e-38 0.00594381313871568 1.46354088027118e-08 2.24831452965891 7.00754211317454e-25 3.78772722570904 6.11036826801606e-116 7.9906809541636e-07 5.99353454080366e-77 0 0 0
89.9266479466957 8.2743577968622e-24 3.05462488333139e-22 8.10116860908476e-39 0.000848377765667954 1.35122623944312e-08 1.28023562341676 4.68803079347481e-25 3.74600605300004 6.0430945796919e-116 1.55666683186659e-07 1.16760217043259e-77 0 0 0
71.3472681007265 7.36514833041449e-24 1.28013698130255e-22 3.39505043151045e-39 9.38370652676245e-05 9.66745793621651e-09 0.624767499017382 2.43039130910685e-25 2.87092090689363 4.63140121914337e-116 2.35000378401524e-08 1.76265689135989e-78 0 0 0
