0.5385327174285 0.468833924943537 0.303242963291946 0.154454724726433 0.071493438795575 0.0374595272703671 0.0249927273452506 0.0222687540796642 0.0256416997431199 0.0291664486564128 0.026497545064406 0.0178019933673336 0.00865187042269182 0.00302191215565003 0.00075681282932744
0.810504543000332 0.726589210923919 0.500709255299847 0.291045306029598 0.16835382014605 0.110785543099806 0.0832640037547457 0.0754031461406078 0.0841338504309636 0.0929859642947612 0.0831019163011743 0.0553476415511744 0.0267753418624268 0.00932894759680081 0.00233325197350103
0.98940420021485 0.931337247272803 0.706504114692467 0.48504735278186 0.345587847136843 0.266001681723058 0.214913046687932 0.19565002590044 0.210019798117896 0.223148462554706 0.194539647524332 0.127779810720293 0.0613481585804096 0.0212867304851649 0.00531213071236964
1.13316950928411 1.12285490132292 0.933206208001475 0.733564015872514 0.601287062740323 0.509390827559508 0.432497193043566 0.394436522750349 0.404458284754286 0.407515566837168 0.34236194416889 0.21998552490513 0.104316025512498 0.0359490374470128 0.00893767981863515
1.45071199507754 1.44867481929755 1.22564595620983 1.00312997678779 0.872666466131308 0.782149667340999 0.690411355884698 0.629142878632564 0.611490736699542 0.574881004139932 0.457798344558282 0.284315024069643 0.132154637873942 0.0450322583515957 0.0111264549563261
2.04501649534643 1.97181348440851 1.57901447398122 1.22971824501668 1.06500299258101 0.985418936376478 0.897407909467443 0.812073437178518 0.741039861324065 0.638757600965871 0.472306893388596 0.27871534953254 0.125525306340575 0.0419947705693212 0.0102694022267294
2.72343153299662 2.53132706116337 1.89188952719006 1.34969914523373 1.12003863998704 1.0540343374623 0.982770965111268 0.873616979799838 0.739144203648552 0.573374334673817 0.38421941355406 0.210549788459985 0.0903064732684287 0.0293310315005225 0.0070514552594734
3.15920187602019 2.86647289817804 2.03361444175695 1.33473118414703 1.04762286606869 0.995695835256282 0.944763856911585 0.816330625803431 0.632213719437922 0.432765034485768 0.255401548026996 0.125983225627669 0.050126292182357 0.0155169485157881 0.00362541353529157
3.20800852621947 2.86848229851312 1.97141723601597 1.22025227016105 0.911997404031866 0.871087321725546 0.837972254097795 0.705106330758722 0.501786452210297 0.300655666638308 0.151735706196157 0.0643651527633385 0.0226489531669602 0.0064307212545871 0.00142304183629219
2.96932611129963 2.63599123979051 1.79419816315245 1.0920630970974 0.798031672495403 0.759155920247462 0.740423338604826 0.626332907148722 0.433293618038425 0.240037651984479 0.105859229823165 0.0373704724653858 0.0107021388771939 0.00251191619103113 0.000480092086719927
2.60074575812504 2.31382796549884 1.60019842968316 1.00905476431872 0.754279576999453 0.7182487557715 0.723093495294819 0.652278603699729 0.481267572296643 0.276276569969289 0.120185442469202 0.03915965796677 0.00955034813593323 0.00176105556973327 0.000250666931112135
2.20610754903436 1.98235359616922 1.41311406733045 0.945350573622318 0.744477507349228 0.732519517480019 0.786440197863988 0.777184003112156 0.624351609495541 0.381559496459934 0.172215334397097 0.0566933429626283 0.0135439241712861 0.00234536246319762 0.000295025424434251
1.83760336337871 1.66441811655358 1.2068077757125 0.831807515206916 0.680478375516278 0.708612852440222 0.822620969165187 0.873646423337526 0.739156570203585 0.467385857177168 0.215588852149907 0.0719055482012866 0.0172833621711295 0.00298973374828123 0.000372022936221702
1.48152825327388 1.33846200477346 0.957639948052734 0.642597630617138 0.522856088286975 0.574836124656718 0.716474685952066 0.798514615155519 0.69421274629012 0.44593724992009 0.207753891602686 0.0697641183726207 0.0168494607875873 0.00292441210678395 0.000364592672414819
1.08970778114583 0.973750663967135 0.673106243677264 0.420166659417121 0.322939212810035 0.366929035340019 0.484062987787648 0.557669537399258 0.492632770185691 0.319147470354353 0.149492644254298 0.0504024893138359 0.0122132743228512 0.00212570521966733 0.000265662088868932
