0.24896399146668 0.230722294873089 0.184272852139641 0.132713004247155 0.100819831512483 0.106056267947551 0.154272715140996 0.236516654870623 0.327240708898867 0.390680653810141 0.398094149501959 0.345252603012163 0.254617055161975 0.159615246866186 0.0850378520463215
0.450647966882587 0.419388245558009 0.337048459980336 0.243904932119186 0.182003747506389 0.178843388918304 0.241275268379543 0.353537749440196 0.477362059063442 0.561987723800927 0.56781895479221 0.489860215147178 0.360068498255979 0.22525069311143 0.119848525535262
0.604558198833217 0.571056659645672 0.470823048827001 0.355152825705784 0.276555160926141 0.266278553282785 0.327411769557653 0.437168262825392 0.55245074321066 0.622494563399267 0.611228640223354 0.517634919957236 0.375974181436598 0.23341126962727 0.123586705360338
0.628635873561621 0.620613686277142 0.549419323159457 0.462354307385339 0.408143240818184 0.411648076748272 0.465899603186783 0.540404984205195 0.596408700297591 0.601960564400028 0.544021934531149 0.434122636136827 0.302618567846307 0.182744275108251 0.0950071083155281
0.576538361152568 0.626590153764969 0.631350760453715 0.622232593307013 0.635035561568662 0.682717268440549 0.743232438416847 0.773882309697386 0.741168263234071 0.641525692173944 0.499086974393927 0.348269969609358 0.2172321485642 0.120350726457391 0.0587326059075293
0.593784284728437 0.712518105346319 0.799231524977295 0.873015285411426 0.962185721550552 1.07081397491407 1.15868308478167 1.16224954133271 1.04423688568392 0.825745479647954 0.571512908716998 0.346747130856645 0.185379157122687 0.0878608749909401 0.0370783923879808
0.798269495610327 0.950170800034328 1.05991516782798 1.15723379583026 1.28227689528093 1.43831912006102 1.56463172809922 1.56802477398383 1.39540446255504 1.08059855602711 0.721487205071358 0.414084454308321 0.204418962666738 0.0870690615783544 0.0321575395433329
1.25598918412536 1.36712606289071 1.38891986743917 1.39690083242773 1.46962644211724 1.61991875249604 1.76723007316035 1.78632576018042 1.60139205674289 1.24483305553685 0.830430079654907 0.4733268092494 0.230146270763671 0.0954527381620947 0.0337974209400806
1.92580494767929 1.93261037567938 1.76745361673093 1.57779246042204 1.50081477253877 1.56959362318578 1.69190436240058 1.71912991099 1.55489194900319 1.218581905651 0.818240972483225 0.468596498685922 0.228463538739659 0.0947633480753395 0.0334350381306168
2.52425013912464 2.42327513836591 2.06821296579953 1.66957004034989 1.41672923458581 1.36567269106079 1.42609860523761 1.44403798608263 1.31337312068145 1.03661156484244 0.700704329887831 0.403685534517044 0.197863828788966 0.0824543981845538 0.0292063575346447
2.65971270283116 2.5057693834977 2.0679316778367 1.57319071254755 1.22473266291911 1.08974859394641 1.09232875813768 1.09468786921041 0.997322107800596 0.790953447104445 0.537437126640746 0.311173104303667 0.153240470739674 0.0641455790815636 0.0228183763405983
2.23356905533637 2.0903424964899 1.70094235282878 1.25619664417926 0.92785455988193 0.776882190026963 0.749274086349156 0.740913315061609 0.674025515444786 0.53578709460068 0.365224523655827 0.21216336342423 0.104820541073505 0.0440153220641074 0.0157054261067885
1.52421391679566 1.42387324622694 1.15127045629599 0.835492757447397 0.594020077885132 0.471238511356789 0.435835529090562 0.422991237631258 0.382782603873533 0.304191581705011 0.207615435389938 0.120807403329203 0.0597900507677883 0.0251502990370479 0.00898946971618393
0.862519180710124 0.805438806850573 0.648318654723884 0.463129134704697 0.316345481326528 0.234816852658452 0.204303639469836 0.192013676789224 0.171735816862964 0.136028956530703 0.092802711577847 0.0540255793479764 0.026758044396558 0.0112646701773712 0.00402962040872929
0.403828658659731 0.377011928909227 0.30215629904082 0.212390486864096 0.1387854682028 0.0947284080202214 0.0752540018631879 0.066935916838383 0.0585382705230579 0.0460224825572165 0.0313307711393956 0.0182318990889673 0.00903117008616382 0.00380309353993835 0.00136091854211336
