0.195981137667548 0.153038718628034 0.0639250586002904 0.0150467176925309 0.00645243358915209 0.0219835772770587 0.0747097331417059 0.179383201239374 0.300150806674022 0.346163150858889 0.259162559615137 0.116750097176822 0.0300007134452296 0.00427092175330705 0.000331758456997768
0.412792927821807 0.319779331971663 0.13289548197177 0.0323100773384742 0.0170762256507068 0.0523878215080834 0.157466832061726 0.354341858259536 0.571960559286781 0.640641703737782 0.467624622525082 0.206616310269904 0.052374295133587 0.00738695555301725 0.000570195834973004
0.725204867057024 0.557106295480681 0.231067904970224 0.0600526145989723 0.0400577790179115 0.108098774849695 0.279908852648802 0.576256283499173 0.887362218684779 0.959562676888903 0.679142121622844 0.292897960499548 0.0729835862576712 0.010175084269658 0.000779363491545364
1.0817905565676 0.825364931380013 0.344844916009389 0.101441651993283 0.0837056305107331 0.193787592159415 0.426235368437265 0.784263168572368 1.13581765337212 1.17578709593674 0.80029435791432 0.33435850269607 0.0814377908730952 0.0111817551744507 0.000847986565631008
1.40781261808027 1.07255764085613 0.460422996961273 0.164068624895126 0.155935488739913 0.300815497260801 0.560560935584014 0.908357809089535 1.2200768264397 1.19704414221761 0.774921702699961 0.310117695219042 0.0731692085706794 0.00983454456770657 0.000735722950540453
1.66964965758584 1.28442732619201 0.583336736021929 0.260128861846972 0.258252072813012 0.402984076399996 0.635813243155491 0.906455429387385 1.12038246131459 1.0330093750011 0.628168984548303 0.237135096340936 0.0534512121651661 0.00696263772350738 0.000510610915436727
1.91956908430174 1.51309226136782 0.742898452081125 0.39587270171322 0.377578460876653 0.466941990888277 0.618439130245878 0.784551945823076 0.896694161788534 0.775121921358836 0.438102190444024 0.153173837589749 0.0323203512953156 0.00401284133981962 0.000285283129133497
2.25781726345728 1.83927319285885 0.967987832530775 0.556804826595239 0.483667109257215 0.472554476448813 0.516735311851515 0.597384464480319 0.647922277225504 0.52964740592153 0.276597256479109 0.0877718151232224 0.0168282749794036 0.00193373014410296 0.000130349188613306
2.72982375556896 2.28902069175204 1.25323015279258 0.710370623294439 0.544263989308148 0.425458011717584 0.380924049581725 0.424989944667757 0.466648889370882 0.370268440755657 0.178944476713242 0.0505338334472315 0.00843233535464054 0.000847346536490627 5.13877649919735e-05
3.27641617012608 2.7977277117239 1.55408548721709 0.831261365839165 0.552531888644731 0.352507739196762 0.266510749433767 0.325046488375486 0.396779208696544 0.31750991813584 0.145068684749567 0.0368139285721601 0.00524377162150083 0.000431551872714776 2.12574209252767e-05
3.8055652040016 3.26998270665348 1.8163879839924 0.916165834914783 0.532695742349723 0.284469040089054 0.196801590169692 0.295414658923799 0.408797687749957 0.334414936436759 0.149461938224679 0.0360107771638258 0.00468689259903316 0.000333128175183944 1.32156602644552e-05
4.26484003889993 3.64117344555081 1.99590821146339 0.962123178975626 0.50725052842612 0.236026158364901 0.159084111086125 0.286148426404591 0.424055990045232 0.351201153793768 0.156204571240088 0.0371153039335738 0.00471041055406028 0.000319932751056577 1.16841776770253e-05
4.57775209655377 3.83972037156366 2.04397339806683 0.942356634962308 0.467362864410291 0.199030468425401 0.128950676302293 0.250343408754045 0.380279990541591 0.316347516039259 0.140592207050428 0.0333081465341658 0.00420569191073155 0.000283097445190209 1.01663602636852e-05
4.56024576177296 3.73589944823544 1.90558840417295 0.827038455954367 0.390485641919422 0.157642138404824 0.0939398035561168 0.181629691121761 0.27758890258784 0.231226526496204 0.102751272098915 0.0243283646889135 0.00306879042111862 0.000206234553800774 7.38484763273471e-06
4.03195192489851 3.22633807500785 1.56814456543195 0.627758451696352 0.279064377060023 0.108342842073328 0.0577133281660167 0.106089281970214 0.161943101709451 0.134932641002115 0.0599597258516232 0.0141947261354911 0.00179015850274902 0.000120268714090819 4.30444254355731e-06
