0.963359979278173 1.16943233077745 0.833139666279163 0.369334046353761 0.124676718906629 0.0369224085651527 0.00744199000506059 0.000990591707869931 0.000180726689594135 3.76225928864957e-05 4.25487738496881e-06 2.2402149710395e-07 5.40891962995525e-09 5.98105754608938e-11 3.02860448839336e-13
1.5092540865854 1.73451036514748 1.19764418732658 0.558588053559961 0.227915354991809 0.0800049276760611 0.0177292395434958 0.00311832922670915 0.000869175906512929 0.000200349902722471 2.28906703911307e-05 1.20627411154399e-06 2.91271516272129e-08 3.22082152910811e-10 1.63091099896327e-12
2.10898914739882 2.29973194361726 1.53724104434382 0.762035232323482 0.370577125290554 0.146516174517374 0.036251702941256 0.00945824897040763 0.00360104124705552 0.000871065734022423 9.99641302884595e-05 5.26976828066195e-06 1.27248346602112e-07 1.40707679695157e-09 7.1248946917833e-12
2.67551656613789 2.80225091619996 1.82145967002861 0.953046184703442 0.526847756292403 0.225558875079405 0.0661709176058579 0.0271637409304162 0.0124651968160255 0.00308126574362109 0.000354269473794642 1.86781247905832e-05 4.51009304245231e-07 4.98702025461195e-09 2.52519084862382e-11
3.11278444527787 3.19040973630061 2.03456723398769 1.0967525500697 0.648494298699609 0.295062516292344 0.11346185140152 0.070275225241778 0.0354938320643076 0.00885599472639476 0.00101890389167525 5.37171656002578e-05 1.29697463275324e-06 1.43403928127112e-08 7.26097888554053e-11
3.34795826365607 3.4146389540129 2.15561870422072 1.1661075330319 0.698744233141073 0.339326832328551 0.188220838490466 0.156428592510153 0.0825813344726064 0.0206779604794993 0.00237891748889398 0.000125384976779018 3.02673295001369e-06 3.34609547280005e-08 1.69404623397865e-10
3.39292395160828 3.46793273459547 2.17783944404018 1.17138144028822 0.688503888429751 0.364521372396485 0.296885940015162 0.291757791485431 0.156764101911114 0.0392623920604405 0.00451298719687293 0.000237694719262427 5.73485643137471e-06 6.33758975743182e-08 3.2076994520176e-10
3.36049671654405 3.42129807206272 2.13646017926252 1.16040713052226 0.668357788148406 0.391746468988915 0.427812773141838 0.452283066755688 0.243556870987123 0.0608107376900278 0.00697232598314627 0.000366566057877325 8.83273901670841e-06 9.75199558367557e-08 4.9325515462169e-10
3.36500973630623 3.36421174309525 2.08595007654511 1.17804249394028 0.682709640249339 0.43847211698519 0.552493524640098 0.588226908910715 0.312919700731652 0.0774212090237069 0.00882151757134341 0.000461744840704966 1.10909604375989e-05 1.22172232813365e-07 6.1692212323041e-10
3.39184083351144 3.29962921357008 2.04917571076972 1.23551304428785 0.743752500711533 0.51650865463323 0.654962613488575 0.662726940766978 0.340678456937247 0.082488319390401 0.00926155789480262 0.000479711373479753 1.14349228687871e-05 1.2526215159933e-07 6.29964600547233e-10
3.29865402760558 3.13549219603505 2.00638968846506 1.32056515583715 0.845054696633745 0.640166834101281 0.754815262589234 0.686467423141794 0.329680395050086 0.0763459114055885 0.00830441631760965 0.000420163781359698 9.84154863470372e-06 1.06409860687065e-07 5.30005166639535e-10
2.95639048706097 2.78828226839647 1.9229023152818 1.40870961069772 0.969307966181555 0.808860357356667 0.877158652521331 0.697735973207458 0.303304097040686 0.0652660684147254 0.00670425047420603 0.000324075557509435 7.32120082378097e-06 7.69548915947268e-08 3.75074070809895e-10
2.3701717113455 2.26798205080916 1.76537991740139 1.44848551364046 1.06886735748464 0.97112092689987 0.993953524978324 0.705891296150625 0.277339913490942 0.054734998849156 0.00520611251646125 0.000234871536259397 4.99348014335713e-06 4.98411844238682e-08 2.32771403022131e-10
1.67152599655754 1.66563789314157 1.50776805311583 1.36803552397891 1.06904868100754 1.0326363288081 1.02209003411132 0.674339237607431 0.246212730537998 0.0452910684956419 0.00401203477149093 0.000168239434515983 3.32307993911477e-06 3.08873767612535e-08 1.35040418926036e-10
1.0248353273243 1.09195358269657 1.15676435511035 1.1341114901944 0.925063259190525 0.929836122508435 0.901001513122424 0.568582914064827 0.198655053643676 0.0349981166463688 0.00295845759184849 0.000117602900720713 2.18555188307108e-06 1.89876763055376e-08 7.72649977507595e-11
