0.394289340981108 0.394134317425188 0.372574110634926 0.422679425272988 0.524132993787212 0.581925283926259 0.532786900664396 0.420918897890413 0.32638478241886 0.254051445474562 0.173259711372351 0.0913432755097691 0.0347981061848788 0.0092066034390381 0.00164639254581801
0.739825185879226 0.719635710955148 0.621109468282953 0.627456019700062 0.737368436241084 0.817007014479559 0.768387887787588 0.639650412339044 0.527041227652704 0.427531570866985 0.298670401101733 0.160345050717457 0.0620029432882403 0.0165888361335361 0.00298933224107105
1.2074024611727 1.15452552867846 0.91694925905637 0.798631845192625 0.851036166578361 0.925907626571446 0.897398732733842 0.793749180610555 0.69425309072679 0.581301653271131 0.41205493734192 0.223760351517741 0.087461590569235 0.0236145610879822 0.00428647783201399
1.7498651727321 1.6608068643909 1.23788422274284 0.919109680189547 0.840341642303889 0.871189282946338 0.869854506567403 0.820872117436379 0.755727091774298 0.643442789481999 0.457093674805991 0.249156534950258 0.0981359796616836 0.0267628502881526 0.00491725620953508
2.28340282276389 2.16173355670475 1.54538701638689 1.00069510653501 0.758838862196406 0.721521978315877 0.73432498422854 0.730348283560607 0.691513786443618 0.586103060094251 0.411767240760913 0.224381483508569 0.08955754690082 0.0250648318553425 0.00479424715061011
2.69847055625456 2.54585983330339 1.76852250024682 1.04015442115219 0.670072921588362 0.57655808260511 0.583071295284779 0.584612715781422 0.544514431588058 0.44814104074593 0.310532418927524 0.172708990830292 0.073090854054455 0.0224979684359385 0.00490229931988522
2.90338002231352 2.71925913798733 1.8406154472589 1.01362703201189 0.590355315201054 0.477739015247011 0.468018096770392 0.442144477673371 0.382379940485168 0.30231821318232 0.217265039465032 0.136712537554189 0.0694935412696459 0.0262995139134516 0.00701512695852407
2.89535820508819 2.68611230155635 1.77046065871496 0.9235221821585 0.506895416950656 0.403801745156379 0.381626185560539 0.326318207562772 0.25399710701113 0.204006647204731 0.178161659552346 0.146364614454424 0.0934547939126983 0.0416878497468325 0.0124375524790662
2.77993287214033 2.56165122965017 1.65230716480335 0.820400082926204 0.422495916084889 0.329721210675182 0.303188272769479 0.238924674285296 0.175413149032745 0.165852335260424 0.195318545130823 0.197168147106467 0.140041768156441 0.066008801426615 0.020304712459391
2.68480472413741 2.47338891848848 1.58180020988934 0.758973245849508 0.360589461711697 0.265081148257892 0.240401583910267 0.185705508643219 0.142972968080441 0.168228488629685 0.234725371409785 0.252765374939417 0.183721030665947 0.08745170679579 0.0270377311571113
2.65056786786915 2.44949217923419 1.56890779141887 0.743564495639224 0.335004824001931 0.23614725444553 0.219879379704149 0.178977706071445 0.150324099889179 0.187873032822414 0.259664659921242 0.273802890430052 0.196279495554179 0.0927515516850725 0.0285764837051789
2.61372003088097 2.41193686929154 1.54184167849044 0.728135085255727 0.330175894960152 0.246317734207716 0.247115932683453 0.21729432800091 0.191220901288902 0.217718257418141 0.262145216316389 0.251711367061956 0.171260873526249 0.0787808541906193 0.0239521449673552
2.47046982300164 2.25645722307818 1.42194445109746 0.663958712830304 0.314085650116083 0.26448178035762 0.287746582298432 0.270863735023336 0.249182261307882 0.258775319349614 0.259439820273329 0.210791048337651 0.127833242184577 0.0549717632785873 0.0161269169117969
2.14603498329492 1.92767407724083 1.18464785848296 0.539674867207251 0.266322377352701 0.252387380557448 0.293559372543743 0.295650918417886 0.292262782556494 0.296790017259522 0.260391571968217 0.175796837568893 0.0891349287088948 0.0334935413577286 0.00903352558152604
1.64796929720307 1.45419875729464 0.868415330472522 0.382240811996397 0.192691815787068 0.199230593147831 0.245103601576659 0.266456135601721 0.288909782674757 0.300983886084882 0.248767878506966 0.14785069107897 0.0628533479841138 0.0195912423793741 0.00452838683416327
