0.798852352601794 0.845317295635173 0.832465232525584 0.774100916059128 0.691430011042891 0.602405910476636 0.515566626369069 0.431199077502653 0.347226597800404 0.264484880584264 0.187778204873365 0.123138541070701 0.0743643016901113 0.041483473951692 0.0215614947081557
1.24473070194365 1.30712828386423 1.27651600154045 1.17672933886387 1.04240070339671 0.902029117886989 0.768663705808213 0.642159926241236 0.518524799272999 0.398046230434238 0.286905657978949 0.193156626491643 0.121762586205714 0.0725200684485996 0.0413133463661603
1.60918242700582 1.67441084323661 1.61886629394782 1.47692366882797 1.29560301865151 1.11235745131584 0.943703422621513 0.788873268943713 0.64192961635826 0.501759574763277 0.373887678763831 0.265796553425087 0.181601410322542 0.120287389592545 0.0774876288147999
1.78369466955287 1.83729046242919 1.75761172567707 1.58709627095166 1.379979021153 1.17771435439313 0.997859847555512 0.839328595454347 0.695458470135427 0.563612759898887 0.446243465451423 0.346489370697098 0.264448363109273 0.197289666196399 0.141817561351804
1.76781580605619 1.80637039043617 1.71646700481622 1.54368115546112 1.34189527200349 1.14993095555309 0.983321633455884 0.841398227964658 0.719304267433801 0.614552478586538 0.525867510450917 0.449528267423403 0.378983218228034 0.308492561342406 0.2370217900595
1.6177073885418 1.65275907154446 1.57861322473289 1.43743702538426 1.27452693417144 1.11932273133364 0.982159466196461 0.863414017248779 0.763114430755979 0.68250905124422 0.619193544182294 0.563693379238898 0.50278910743856 0.427397497408726 0.338336749662007
1.36831026188986 1.4169761001736 1.38637907641847 1.3084510320322 1.21258756822538 1.11333529753356 1.01311458116192 0.913333025907144 0.821112173373885 0.745360824719332 0.687473765739444 0.63701421536396 0.57738838626707 0.497005619306598 0.396917085578975
1.04400548082984 1.1151557497675 1.14206425834005 1.1420158133348 1.12482638046901 1.08803778244188 1.02512572334453 0.93787832693294 0.840464610143922 0.751090965656378 0.678970773440918 0.618277976538612 0.55392755954732 0.473734371803045 0.37712760490898
0.702458003914779 0.790239444630372 0.865234308503266 0.930639957344555 0.979162925273864 0.994525567146299 0.963120505157103 0.886357667338016 0.782715867909637 0.677205811937112 0.586701367417512 0.512480054737647 0.444439941649453 0.371917503580052 0.292152240736577
0.41580386082415 0.50403282429457 0.599659233851452 0.696991569635755 0.779474407050313 0.82466383173527 0.816316753284392 0.755094524669511 0.659268899966486 0.554488086528916 0.460272915516868 0.382739825649404 0.317109412895022 0.255889291704222 0.195709802603283
0.2201359739314 0.29257574700631 0.379697099190585 0.473507267137446 0.557228947741048 0.610669392209806 0.619921910862374 0.584957287872038 0.519330813716915 0.442112107378047 0.368077226298073 0.302849286240079 0.244923418357718 0.191160584342327 0.140876741796003
0.106190706260151 0.15502643498437 0.2173011769884 0.287364785371769 0.354193607825065 0.405200126491088 0.431993646197435 0.434058462017898 0.417431273438005 0.389495239596778 0.35426578515519 0.311798367075967 0.261401850930371 0.205147118768985 0.148543631414185
0.0467732849175521 0.0741181844835135 0.110965842065351 0.155535995248976 0.204018279441038 0.252359588127691 0.298129060562615 0.340474429153106 0.377667148564582 0.404392008981579 0.41200371660027 0.392762604127671 0.345308479076081 0.277052232977789 0.201464074322612
0.0186173121136577 0.0318004948993725 0.0512664259846939 0.0783248498586462 0.11457871970972 0.162202343813373 0.223081861126605 0.29615450152334 0.374049695703595 0.441993398547673 0.481586540455183 0.47873804103485 0.431169206997852 0.350299582850195 0.256063837211304
0.00675895916169275 0.0127038192834658 0.0229645990091789 0.0402720839937502 0.0687082578830242 0.113250252279892 0.177699672364404 0.260969152101698 0.353490978085096 0.436913846324404 0.489288448078465 0.494282088285983 0.449242779100862 0.366786068853863 0.268770668368175
