0.0827124294999799 0.0674215371541518 0.039444983058082 0.0261093517970223 0.0292168076271533 0.0346249001789936 0.0443201066961982 0.089712282834958 0.189472790484245 0.283459579859945 0.276006284837612 0.172769918646176 0.0694055393824983 0.0178890934163039 0.0029582378525937
0.252648065318702 0.207295326877463 0.124929724890643 0.0891097095831037 0.102651201732233 0.114905607973422 0.114737707246641 0.164079557271406 0.30635781625072 0.4473034339705 0.432527472077959 0.26961649574073 0.107920466435973 0.0277231733575313 0.00457058612899756
0.533381221277174 0.443802059392744 0.280520471973511 0.217616814156491 0.254527350775387 0.274348863042076 0.237644398361899 0.243757077381967 0.372070470617515 0.515782842530006 0.490915098643206 0.303329935217837 0.120593695036318 0.0308179456027252 0.00506922159629672
0.811227042389276 0.697797465196794 0.478454170348283 0.403356673354463 0.461049330770304 0.475624997719699 0.387584698282545 0.325363683807117 0.394657842377268 0.496688683631304 0.455202910335739 0.27552835187653 0.108238969172298 0.0276640785534623 0.00467627431164592
0.998724642093404 0.921118344167798 0.709701940939195 0.627453827291851 0.655122612274084 0.626802097161327 0.505424805266873 0.413820522002249 0.439645467394942 0.491758329620728 0.422682665566769 0.248192297048927 0.0980238400077096 0.0269712996848176 0.00559530904508057
1.23246430353163 1.23820742346903 1.04134012401329 0.896217086589079 0.804959540411118 0.684143081862829 0.555171885676604 0.491715965768176 0.513057381276754 0.527910042262494 0.429321732955168 0.252981069012005 0.111007377632979 0.0396102986667797 0.0119784447569425
1.713916108787 1.77511522568952 1.48526296528614 1.17560466175054 0.913859821457484 0.686195216865514 0.550642762983168 0.521845300284501 0.546795024889194 0.536369582141338 0.430873300902932 0.278452131611032 0.155170455346249 0.0754455081797182 0.0287914825270309
2.41930228203722 2.42714003059276 1.89686702013205 1.36590634529675 0.983749115024015 0.703615543024554 0.548732305090972 0.510355960947733 0.514151802976752 0.483382267921778 0.400451420280648 0.307443644189558 0.220484892808809 0.129237452520028 0.0539377162643204
3.14581926865882 2.98727065239064 2.15220533226591 1.44400161976734 1.05664975653042 0.805392521661997 0.620721526648901 0.519561959110285 0.467639292532641 0.407401537698929 0.345839793678455 0.309538015428576 0.259428832517175 0.164909388818592 0.0710128109287257
3.69426368691794 3.34416336323311 2.26428264503693 1.46981156545852 1.14767000678645 0.957055824120525 0.736350562696877 0.549577706774024 0.427982699324545 0.331682030850484 0.268725605516185 0.252666064957141 0.224741899064539 0.147064722042956 0.0640116721865613
3.93038697936859 3.45046690208517 2.24724937113317 1.42495672569927 1.14608511732263 0.990858464810747 0.751548088623102 0.514252557235367 0.352182357301874 0.240216298571359 0.173177752286068 0.154009870287342 0.136580761181586 0.0898467383692553 0.039221222199492
3.84624697804902 3.30750168630048 2.08436977767009 1.26235092187615 0.985653100885902 0.846267768848006 0.634509428268302 0.411424787315453 0.25032536043059 0.146382548101965 0.0881221064834119 0.0678089509319613 0.0572831613647868 0.0373688054425996 0.0162996200017855
3.52370292545766 2.97389453749867 1.80681370781405 1.02939215262122 0.771484626123383 0.674895065673651 0.5356761170796 0.358319428419395 0.20021754876471 0.0938718741283381 0.0406038351873304 0.0225038879550963 0.0166400959967898 0.0105712081182183 0.00459175705343476
2.96682846244634 2.46256602339655 1.4445178897756 0.782516997273703 0.59439952326353 0.581599142973075 0.534869140244275 0.397997770823307 0.222311764301148 0.0899735710901803 0.0270990064957403 0.0078322841435143 0.00361437746536882 0.00205316810395309 0.000877640999350846
2.15485328592152 1.76699601286562 1.00737935217773 0.527401583011531 0.429122371759408 0.492805959987451 0.520613829284792 0.420705954274573 0.241657532982669 0.0953294858148522 0.0255321088148765 0.00485370756248905 0.000908278373976498 0.000298518351988137 0.000114991101951748
