0.0286779861182017 0.0306435181221309 0.0327874346214808 0.0377831293891793 0.0478899160137228 0.0639311424274209 0.0852153494843096 0.109969407090248 0.135304337941173 0.156636514486499 0.167938175544 0.164037330498902 0.143934085703151 0.112278060171994 0.0773222449135846
0.0809020279641527 0.0846769417984154 0.0870240906876137 0.0947797914390929 0.113851008586608 0.146416495166828 0.190661748223283 0.24212308073576 0.294185213324499 0.337162776719259 0.358737026588445 0.34849274690638 0.304639301484447 0.237037856520575 0.162958227945713
0.190209637574767 0.195782520293746 0.19421137760545 0.200213378728696 0.226899140783492 0.279371303803741 0.353951255871443 0.441402612806912 0.529027263768785 0.599766327589149 0.632843808644601 0.611058440130865 0.531916542219164 0.412689168293884 0.283151341285911
0.373977424176564 0.380109049194146 0.366168720443104 0.35890133347634 0.382963614220742 0.448647547432402 0.550028612720058 0.6711801826421 0.79149807209783 0.885815057362904 0.925256523135964 0.886699623440554 0.767724024277025 0.593413821280524 0.406084325415578
0.618460152805236 0.623530651701931 0.587872944890867 0.552698258356168 0.557236806072445 0.618893853262403 0.729694019651682 0.866220972477356 0.999812225197398 1.09918850855605 1.13156271369543 1.07227746681848 0.920723610899243 0.707445133692035 0.482066011805997
0.868865002644916 0.873586922659173 0.814407730261552 0.745582598906006 0.719889415626478 0.761402420463993 0.860094570572554 0.985509581859069 1.1026863624481 1.17869337950084 1.1840553896844 1.09977252597312 0.929830403298115 0.706260021961459 0.477223698174459
1.05423035546443 1.06414172166697 0.994199495912827 0.906164078700501 0.860145827061352 0.882586186464648 0.959922125361742 1.05545604437021 1.13064224280079 1.15604018306472 1.11301533649254 0.995734986567621 0.816252795719486 0.605162738176125 0.401461769659381
1.13263082463246 1.1571831856172 1.10071404370637 1.02495415608185 0.988047741068236 1.01187239490444 1.07659312738209 1.13999549409812 1.1625961835596 1.12222897202921 1.01576678207526 0.855171860589083 0.663371099679488 0.469211051902601 0.299583058442838
1.11253727819158 1.16070531204292 1.14040935301529 1.10639023533656 1.1065816161035 1.15281330507023 1.21792667183661 1.25636127997253 1.23049089681035 1.12684031720535 0.95750338988994 0.751319334304799 0.54186275534295 0.357228348435522 0.213930459155637
1.03266461554086 1.10943175231355 1.13497957775083 1.15153604522019 1.19256288157479 1.25965919071657 1.32242546128719 1.33781683942473 1.27404709969447 1.12570764683722 0.914810405394349 0.679943692614012 0.460371645957592 0.283033530958617 0.157546995248584
0.931733047123537 1.03910400254405 1.1073265284553 1.16150910492432 1.22023667608094 1.28011461505941 1.3167280179088 1.29888961130666 1.20587736873159 1.03877434792488 0.821506230081197 0.591633356549007 0.385634180965585 0.226477505238052 0.119468736588433
0.83637161011947 0.975959115921126 1.07931982779557 1.1510368919532 1.19634171239022 1.21366952946186 1.19433368609409 1.12788410560241 1.009253868318 0.844530888376711 0.652583477926832 0.460472474666268 0.293981010114298 0.168622957391917 0.0864569899703236
0.756566956974898 0.927132300840818 1.0583776849003 1.13416674070812 1.14852507367125 1.10561908420753 1.01676644777036 0.895485047853593 0.753609040040533 0.601153910206091 0.448849395305714 0.309244286827504 0.194030190013317 0.109694102195601 0.05544151868118
0.679188696897104 0.869333686074864 1.01761162800732 1.09211555896954 1.07860830531376 0.986251243620883 0.842454179924359 0.679779903777387 0.523339426778319 0.385910996456436 0.27109675587351 0.179001377763632 0.109247774681507 0.0606787885547525 0.0302993274672583
0.577674305085644 0.763469100095309 0.910290826168827 0.97978075004354 0.953614109911551 0.842334743992726 0.679799043626794 0.506708511933234 0.353973196911516 0.235293062959691 0.150222735004704 0.0919199483255417 0.0531826798346421 0.0285492189221202 0.0139652527717926
