8.85043880882188 0.0380266286450257 0.0124226037524054 0.0297302717194635 3.97890833141037e-08 1.61139777045098e-21 7.42177244509701e-11 0.0412044222201209 0.705562713650999 0.0054047029972724 1.44405204542907 3.45273814761364e-05 2.49814197054784e-17 5.46944506125905e-37 3.6236153314555e-64
11.0210264574375 0.0860909406537701 0.0284017127144232 0.0752923081493221 1.00766382245774e-07 4.08088081819533e-21 8.79819617099258e-11 0.0488460953558166 0.854047360972901 0.0112893673914785 1.83094189288041 4.37779437347729e-05 3.16744316981305e-17 6.93481659817498e-37 4.59445290418445e-64
12.2230135432428 0.171649491205689 0.0567138651061257 0.166428272352029 2.22736894817638e-07 9.02049009964141e-21 9.10341641393231e-11 0.0505406308153395 0.922278965842638 0.0222068099814563 2.02624071902378 4.84475517939716e-05 3.50530093312925e-17 7.6745241475312e-37 5.08452375901876e-64
12.2501194544237 0.300185571692854 0.0989180178167916 0.321091168154976 4.29727766714875e-07 1.74032862145373e-20 8.22128943593609e-11 0.0456432190994092 0.906676569203824 0.0400109205097293 1.95718679479535 4.67964678203223e-05 3.38584089894383e-17 7.41297772555183e-37 4.9112440909799e-64
11.3877559782406 0.459465468689786 0.150707189024154 0.540697518885423 7.23634781777067e-07 2.93060455310358e-20 6.48037635240012e-11 0.0359779757258917 0.837714570965848 0.0646891579147413 1.65005445310604 3.94529128799211e-05 2.85451642470533e-17 6.24969315013095e-37 4.14054509407464e-64
10.2510853949686 0.614797628926219 0.200584936948391 0.794703552890044 1.06358012067113e-06 4.30732825853676e-20 4.45846416484803e-11 0.0247526744835078 0.755446806439554 0.0926669535100101 1.21419667009819 2.90315239838683e-05 2.10050300464265e-17 4.59885223512061e-37 3.04683039680178e-64
9.47035514942178 0.718745220816746 0.233240677341302 1.01948465635852 1.36441269252271e-06 5.52565157643256e-20 2.67728801215454e-11 0.0148638972137673 0.681211268778532 0.116776781384436 0.779838298466184 1.86459861153555e-05 1.3490834956371e-17 2.95369044250927e-37 1.9568782302361e-64
9.45083421254036 0.733961199988827 0.23696829715168 1.14151334867128 1.52772804629507e-06 6.18705235963645e-20 1.40323260671809e-11 0.00779056318664811 0.609414248190725 0.128964541002135 0.437164455833551 1.04526315006805e-05 7.56273900254144e-18 1.65579002213275e-37 1.09699357844726e-64
10.3080185173909 0.654672298696947 0.21037639440581 1.1155937083922 1.49303886741912e-06 6.046566736375e-20 6.41931967295143e-12 0.00356394954379056 0.523075374083253 0.12456774537165 0.213899559244453 5.11435281594444e-06 3.70036153205847e-18 8.10159084031233e-38 5.36746387418275e-65
11.9078474607444 0.51020603029972 0.163217916884754 0.951603168740194 1.27356447700997e-06 5.15773081843947e-20 2.56314455772668e-12 0.00142305847732061 0.415245406058577 0.105128648574375 0.0913481376730954 2.18414009188825e-06 1.58027970840284e-18 3.45987263671663e-38 2.29223392700167e-65
13.9066773333505 0.347671509369143 0.110674684049608 0.708484680631186 9.48190329415024e-07 3.84001796925584e-20 8.93268375327751e-13 0.000495959979934607 0.296907544712688 0.0774804413579154 0.0340497767761298 8.14132436542612e-07 5.89045077373488e-19 1.28965836500992e-38 8.54424127392919e-66
15.779069347264 0.207533584666905 0.065597321263918 0.46039416407626 6.16161938505071e-07 2.49535651317497e-20 2.71716228890253e-13 0.000150873182387448 0.18826865181677 0.049854531700437 0.0110778021825669 2.64870985169433e-07 1.91640749035497e-19 4.19579255585032e-39 2.77979540203776e-66
16.904958665948 0.108984790023666 0.0339884133276912 0.261128285371922 3.494773025124e-07 1.4153267319167e-20 7.21396381337306e-14 4.00624685172493e-05 0.105012409137958 0.028002772286517 0.00314570296111298 7.52139638214638e-08 5.44191745103894e-20 1.19145624537252e-39 7.89363284416358e-67
16.7631107202132 0.0508537421080317 0.0153969198913779 0.129271499224724 1.73008660423979e-07 7.00657181896053e-21 1.67169522504731e-14 9.28673726123252e-06 0.0513159214736407 0.0137294154341984 0.000779662404884492 1.86417778450609e-08 1.34877901680908e-20 2.95302381497498e-40 1.956436576334e-67
15.166830873645 0.0215564719454248 0.00609884177629615 0.0558568467821005 7.47552112971174e-08 3.0274655353958e-21 3.38115442201336e-15 1.87962852252277e-06 0.0219261285909041 0.00587547422878702 0.00016866317308458 4.03274666546082e-09 2.91779256661482e-21 6.38823026529196e-41 4.2323286678834e-68
