0.696092098503398 0.720138084465106 0.650242366100273 0.532939183273807 0.397265101782012 0.259723450623529 0.142387663759682 0.0635753976289586 0.0231532837007517 0.00737662839084311 0.00250795207380188 0.00107629091119978 0.000500933271609836 0.000203828699783898 6.62232207268501e-05
0.987171561814664 1.05933307216781 0.992458764461679 0.832860018252897 0.622731962079204 0.402303980118929 0.217203651966097 0.0965959463590259 0.036669197205394 0.0138327748832893 0.00647192126724899 0.00357500109251809 0.00183365286439784 0.000765922804001185 0.00025040365569024
1.23789021075183 1.3905818764298 1.35694296429571 1.16350418262523 0.867986635874144 0.550823538503243 0.292036826490457 0.130961748802556 0.0549897296906146 0.0271585022521395 0.0170286312073385 0.010798525386264 0.00576426867311383 0.00243073859305099 0.000796279237864643
1.40948478530658 1.66490155143057 1.68960475763554 1.47322174144837 1.09157057931275 0.678671209319113 0.354990677430896 0.165930899321311 0.0840380022809134 0.0558906543710344 0.0421606692040636 0.028379207818414 0.0153644042231824 0.00649634548035399 0.0021285481704272
1.50691588753438 1.85855978760797 1.94223950320464 1.70902677417466 1.25475395391328 0.767696740857392 0.404173167011613 0.209040580917101 0.135729102248519 0.112805317978568 0.0927368211328803 0.0636951791504932 0.0345842049582163 0.0146154820076004 0.00478472491415346
1.56472674910259 1.97071148889009 2.08189949809218 1.83074564024404 1.33337849850451 0.81513564333917 0.450281971783254 0.275206780846763 0.224086566747766 0.209130497338565 0.176645224661422 0.121475731608268 0.0657605550651446 0.0277156785439457 0.00905583352907268
1.61141694068706 2.00914350534355 2.09777730342734 1.8253200513767 1.32684259154983 0.83444476080417 0.512481656286669 0.380154771066552 0.356789677950217 0.344970449719263 0.289939640216377 0.197388746872877 0.106025462399519 0.0444486430221189 0.0144706564463306
1.64074453089109 1.97589515717263 2.00198813451094 1.71339578041744 1.2609408502409 0.851906479898399 0.611574509342338 0.533331404507556 0.529266368509327 0.504789169854857 0.413600028129595 0.275964027980486 0.146189617566657 0.0607091665084112 0.0196335435313268
1.61083325483015 1.86054962262179 1.81915794612322 1.53858712281447 1.17819005212014 0.897691294295398 0.762558456896382 0.734656089786458 0.727801157932438 0.665821242109426 0.523435666484886 0.338412540406858 0.175257084309238 0.0715999578463635 0.0228772884938549
1.47495213050246 1.64973276966272 1.57404248795192 1.34478975899518 1.11633372611599 0.989949191962173 0.965041798995998 0.972859701873849 0.937207645861264 0.812974994664083 0.606664474417997 0.375631651043661 0.188006087419501 0.0747791283885036 0.0233923236689907
1.2235766553105 1.35037421405262 1.2901656743593 1.15825852478756 1.08654755153181 1.11717457956841 1.19194493980362 1.22002071892481 1.14024034819127 0.941919466584481 0.666804127976771 0.39278583665991 0.188010476294185 0.0719245098029873 0.0217571338158275
0.901604436364623 1.00382699411635 0.99512985221612 0.983813608899832 1.06562852623425 1.23167553550623 1.38490090683252 1.42514252033351 1.30607083719958 1.04373066744237 0.709101105437091 0.399141069402952 0.182295182920468 0.0665839662765841 0.0192710278257336
0.58369684428754 0.671575298988738 0.718986863608537 0.812826254929517 1.00998005378488 1.26658552755378 1.46958317880577 1.52140446696225 1.38560787737708 1.0905793304227 0.723481077293202 0.394544333909833 0.173492734873136 0.0607420869886981 0.0168060336232405
0.330709008681644 0.403797926227013 0.485024034486694 0.636924739265547 0.885946486384472 1.17396586731092 1.39312256100789 1.45675998870897 1.33226423934596 1.04656780854223 0.687805175204564 0.368750991556855 0.1583036520625 0.0537851715968858 0.01436787753176
0.16422841453474 0.219124232732138 0.303726276546013 0.459672550593735 0.696041843570773 0.959093512688569 1.16117708286308 1.23146995602714 1.1382082214157 0.899038848733065 0.59032363819074 0.314214435396795 0.133169571186808 0.0444470801187975 0.0116111667599759
