0.0263111839565319 0.0341034455743756 0.0450636522972956 0.0600609965529536 0.0788154315905526 0.0994867182597546 0.118922253615047 0.133482502200753 0.140080170179361 0.137055923445421 0.124661739317575 0.105039719301634 0.0816582886492808 0.0583247973053781 0.038124122980471
0.112348087172595 0.137010038702565 0.169982286393054 0.21498158035421 0.272037364012862 0.335772981355093 0.396100468214811 0.441059598245083 0.4604443081589 0.448807091144563 0.407031554512705 0.342168152757024 0.2655117803725 0.189368843130023 0.123644063948737
0.343162119903233 0.395893900751487 0.460237733309997 0.547547778842909 0.661191248970411 0.791397345046981 0.916368306461208 1.00905212993614 1.04601316156395 1.01468760416541 0.91699796996701 0.768789824977212 0.595312329708551 0.423909067274288 0.276445521926916
0.758233573518133 0.834628048864553 0.91147050748199 1.01338981895813 1.15349898387026 1.32240092565837 1.48881335410259 1.61085349490106 1.65130008008287 1.58991599046184 1.42928928703549 1.19367349085608 0.921681334141706 0.654917282979289 0.426425149432302
1.24996781768923 1.32942894406983 1.37707285669799 1.43070957624216 1.51741046258677 1.63687146278982 1.76049577054845 1.844792087936 1.84987346482746 1.75393885651114 1.55962468646341 1.29234101104488 0.992222796974636 0.7021546433816 0.455824991367171
1.63349941313672 1.71041825664724 1.71724818591915 1.69517926153945 1.67929912471497 1.68072008686757 1.68488910302201 1.66361309475989 1.59087484800274 1.45394470397678 1.25719216995404 1.02002011154304 0.770890543017218 0.539123168868932 0.346881589025124
1.81535999171328 1.91313552077215 1.92089751776891 1.87113227257676 1.79421211075993 1.70439998835344 1.59961840694946 1.47084996337053 1.31212176314535 1.12538409138415 0.920366557456393 0.711967793426403 0.516786292856095 0.349267684743477 0.218263779199679
1.7428539266631 1.87516043867814 1.92747661803933 1.92007654152088 1.87156162130683 1.78972431393303 1.67311394630709 1.51864966702572 1.32819869911771 1.11083591168718 0.881656714793153 0.658881400483087 0.46004380053054 0.297956539716895 0.177904034493057
1.36285615059499 1.50273960448533 1.5958049828895 1.6550747595051 1.69007811433236 1.69990293710425 1.67414296859538 1.5992307328955 1.46603503550609 1.27594643135901 1.0436352636555 0.794870116489041 0.559322820486411 0.361321472383648 0.213243311728514
0.807438786071413 0.914723235843757 1.01036251627389 1.10491078975593 1.20421682163021 1.30281198648753 1.38255058594362 1.41727085554678 1.382359419111 1.26604398169168 1.07713203351854 0.844217657957755 0.605737377262932 0.396073226232454 0.2352423944021
0.34730865180299 0.407519858084385 0.474437732310131 0.556398640246401 0.657733414094013 0.773256824100638 0.885701325971722 0.968470265950417 0.994238965464845 0.946531139393418 0.828339438334323 0.662305569267063 0.4817888069873 0.317944433951717 0.189971844559062
0.107036346329913 0.132190103100915 0.165559989339849 0.212083028869357 0.274414652098683 0.34964267105284 0.427320076357402 0.490717086908502 0.522003799210681 0.509602839853411 0.45382349288816 0.367229165133778 0.269318582803638 0.178705013720496 0.107166292917864
0.0237833424166333 0.0316495512866623 0.0435816306141641 0.0616003959571186 0.0868375644409307 0.118196175417171 0.151461934101536 0.179729558023059 0.195505806034719 0.193765397631592 0.17432144929299 0.142027377660567 0.104639214599953 0.0696465112767393 0.0418516068936191
0.00388158818739207 0.00570705703432509 0.00874452996791547 0.0135576439279253 0.0204713260933734 0.0292000732914329 0.0385894545497354 0.0467220691669301 0.0514973469901258 0.051483929396217 0.0465846698736026 0.0380998714044932 0.0281417398956147 0.0187625806301948 0.0112874721498281
0.000476170978231719 0.000785146509629659 0.00133039366642813 0.00221911660143719 0.00351428209223678 0.00516420405122962 0.0069524375188123 0.00851659580647633 0.00945760123181836 0.00950124267592999 0.00862457798783023 0.00706860812519143 0.005228398357947 0.00348910629499338 0.00210032903712638
