1.05113520604173 0.909665909524136 0.586356142661102 0.363181994629331 0.356799834754417 0.504695583146356 0.667038245428127 0.726323185065701 0.663178730204687 0.529966902372473 0.37437556719836 0.223847443637501 0.105700589847773 0.0371136596384746 0.00931556859543405
1.59041299607657 1.3926999638069 0.919492846464853 0.587380640602408 0.568781671293051 0.770515586389367 0.984598895172895 1.0341080163 0.894587937784977 0.665702843685654 0.439805292663567 0.251998114907784 0.116759363890588 0.0407548845151899 0.0102206611899543
2.06535229844346 1.82274216112127 1.2219613050693 0.796061929300078 0.766653669598494 1.0130573450884 1.26360729785281 1.28497841944655 1.05151949661247 0.71804671389908 0.429640037552107 0.227540405901501 0.10087815656024 0.0345468477228898 0.00860468243848078
2.39486202516857 2.1129660693672 1.41412840080918 0.916285752719368 0.875855924846275 1.14846646723301 1.41190166334478 1.3950862260646 1.08247914709214 0.676399915789038 0.358794418789166 0.168916114066723 0.0691574832868141 0.0227550424160325 0.00557376394129887
2.58372153713231 2.26028321505274 1.48195055972053 0.923490551265376 0.862627888125981 1.13572290811354 1.38754321077517 1.33462445924643 0.983281060059242 0.563803649465146 0.263201714758062 0.10660100727526 0.0385325744441253 0.0117879527956956 0.00279222815451855
2.64966506986261 2.29482247719112 1.46371794954995 0.857579548280467 0.765926202982789 1.01685680465164 1.24247705383394 1.16545264536837 0.815202389926266 0.429573139523672 0.176386759032649 0.0600954106338762 0.0182085050594319 0.00491993041894333 0.00109333219724979
2.56262342170312 2.21255026563786 1.38958755464252 0.775373618689786 0.660342522688588 0.881601197696784 1.07964823103492 0.991773263736262 0.661924400825773 0.322434469841257 0.117111614762218 0.0332421494019117 0.00800313311802402 0.00175904784595182 0.000344684151727614
2.30161804311368 1.99923213264407 1.26270249933903 0.702387873940394 0.591628114940346 0.789107211427776 0.962958262098919 0.871949577570284 0.564943877741395 0.261236215085994 0.0869622890274844 0.0213444420016491 0.00408407404798692 0.000671779085670648 0.000102754592924933
1.93918508678843 1.70165246084257 1.09836778193506 0.640280019234164 0.560322684312246 0.736407977810683 0.881780744060472 0.790526160215073 0.509404992021998 0.234100276458268 0.0770679380788368 0.0185496567247761 0.00342833293463998 0.000527682574834178 7.20762353805701e-05
1.61082229201435 1.4237633141829 0.947305705981821 0.601273167011139 0.557840757908267 0.698888405290201 0.798554120359179 0.70702874093623 0.463668825628897 0.223066993343627 0.0799531462601751 0.0223924093931638 0.0052630810934544 0.00107786741908522 0.000183863872916602
1.39987603739617 1.24186912684361 0.859245746449609 0.606611670282596 0.586741567617218 0.671506292198953 0.706074950753298 0.613169178661391 0.420962943602192 0.226169691294015 0.097687454140989 0.0355655025475337 0.0110721398233093 0.00280632743108899 0.000538777807121443
1.27650850843159 1.1413142187018 0.829594033356849 0.645974488398964 0.631393140534053 0.650666754805686 0.619649136739029 0.530449285403446 0.396924771078725 0.253115889563577 0.137264337618999 0.0627278044138516 0.0230834238159002 0.00642864816994433 0.00129057850626536
1.14128129220122 1.03715749709706 0.794459998370594 0.661634760969961 0.638334518906756 0.603915069013853 0.53351936499537 0.463462276896493 0.390920556504041 0.297940640281318 0.193307277994243 0.101249205333556 0.0404432280809159 0.0117454387023847 0.00240473855889965
0.919802604275987 0.854865837149972 0.687561750381298 0.595225278449064 0.559554871646389 0.497342186883151 0.423562903484021 0.387067613873487 0.370819148170203 0.325988153437903 0.237730268300318 0.134507261165657 0.0561066982957743 0.0166561160452624 0.00344634439187765
0.627978645884474 0.599008801733895 0.503924004600678 0.446319407106897 0.406434353104489 0.343467631950609 0.289499575246628 0.285029276100973 0.307709236143366 0.301411700139852 0.237636951490515 0.141071470548786 0.0604126096652216 0.0181757831527091 0.00378545845989309
