5.49268264657244 2.54562634727439 0.368684678612885 0.79230137156281 0.0447086143084483 0.437409729333728 1.53699254998735e-05 8.56344436274285e-06 1.08318076608326e-16 2.63627841430651e-10 4.41671319377855e-10 1.11450278783672e-14 3.24555236658561e-30 1.09070366207243e-56 4.22995366978885e-94
9.14464745688302 3.17028947206156 0.572928516104671 1.0964979380602 0.0513486686851099 0.731587502592793 0.000140381686690332 7.82316330652009e-05 2.51556336626948e-15 9.96428097391245e-09 1.60855668047235e-08 4.05898801729238e-13 1.18202110476873e-28 3.9723122661381e-55 1.54053730926066e-92
13.8075496562308 2.99183977886707 0.654302476627253 1.10747742499839 0.0429323933646746 0.888521299611771 0.00093121649943987 0.000518967352484324 5.85706451806787e-14 2.7347925203077e-07 4.25399804497304e-07 1.07344081754522e-11 3.12597547874765e-27 1.05051853031894e-53 4.07410818082383e-91
19.349597744631 2.15318802894885 0.548168561317249 0.815901019164383 0.0261601687089344 0.783597667097314 0.0044856856725674 0.00249989291433345 1.11685781968561e-12 5.45037680831422e-06 8.1692455699108e-06 2.06139950486661e-10 6.00301777125604e-26 2.0173803183718e-52 7.82377980178627e-90
24.993636108475 1.2111218827972 0.336335068039136 0.438252424736067 0.0116351545391666 0.501813281459478 0.0156903758593186 0.008744329202227 1.59866291770537e-11 7.88773659023974e-05 0.000113917478991049 2.87455058472838e-09 8.37100145011218e-25 2.81316734582725e-51 1.09099913679596e-88
29.0438107932007 0.570275072692933 0.150899767317292 0.171571988165773 0.00378541045022113 0.233353809329796 0.039853095503087 0.0222103457425359 1.67550780645682e-10 0.000828899726595676 0.00115351309529454 2.91072696805777e-08 8.4763509815899e-24 2.84857121758829e-50 1.10472942326037e-87
29.8698791166098 0.253035482172205 0.0494407618100615 0.048943486380904 0.000903473214454872 0.078797304990496 0.0735046114389875 0.0409645194874204 1.27772954559929e-09 0.0063252154082186 0.00848161282618499 2.14021158140437e-07 6.23252704150127e-23 2.09450943947712e-49 8.12290102069475e-87
27.2252306873987 0.112914588436363 0.0118160602249122 0.0101718232253529 0.000158780085004106 0.0193210871487468 0.0984443632854736 0.0548635792039373 7.07893765716982e-09 0.0350487368274517 0.0452853897189663 1.14270907402297e-06 3.32769211525511e-22 1.11830763038239e-48 4.33700704378374e-86
22.3512682656148 0.0466149029908681 0.00205800515003077 0.00154000329460644 2.06410057219469e-05 0.00344013496173598 0.0957394331096263 0.0533561069825787 2.84821295895592e-08 0.141024038371547 0.175574535440367 4.43035337854301e-06 1.29016670478239e-21 4.33574748039102e-48 1.68148431179833e-85
17.2290699887899 0.0157350436279165 0.000261022144835654 0.000169847224973398 1.99503402806449e-06 0.00044477782768502 0.0676105665840899 0.0376797366314184 8.32171814646716e-08 0.412038360028476 0.494297825421883 1.24728237791632e-05 3.63222085904725e-21 1.22064787282618e-47 4.73390172668017e-85
13.528518654551 0.00406039767922283 2.40935834427272e-05 1.36468510627901e-05 1.44111671024483e-07 4.17575018340773e-05 0.0346706533099328 0.0193221437361997 1.76555105732293e-07 0.874190090649357 1.01050769792909 2.54985174863855e-05 7.42544340629208e-21 2.49540213836532e-47 9.67763820717451e-85
11.4574020807177 0.00079839729839182 1.6177410819881e-06 7.98898859255484e-07 7.81386977078913e-09 2.8467520467285e-06 0.01291020686595 0.00719492853221798 2.72001947472955e-07 1.34678364844269 1.50007961128343 3.7851997355248e-05 1.1022910031008e-20 3.70437046750335e-47 1.43662444696483e-84
9.90839529348812 0.000138736541050623 7.89832795624607e-08 3.40805210036236e-08 3.18842643140466e-10 1.40925196468988e-07 0.00349082520588713 0.00194545588119958 3.04289977087549e-07 1.50665395816472 1.61701015372234 4.08024646685617e-05 1.18821179464809e-20 3.99311676213602e-47 1.54860568358218e-84
7.94770079585484 3.75925840420755e-05 2.8031779835209e-09 1.05965250677323e-09 9.79281611899741e-12 5.06584846263485e-09 0.000685404152346882 0.000381979463461392 2.47187810107563e-07 1.22391969997265 1.26571213402408 3.19380002340352e-05 9.30069026070226e-21 3.12559952246938e-47 1.21216620335154e-84
5.57252412268709 1.97074809626121e-05 7.23027715898256e-11 2.40195858641138e-11 2.25875701980958e-13 1.32234233127389e-10 9.77212661036119e-05 5.4460593311574e-05 1.4581096655318e-07 0.721964859954104 0.719417336539651 1.81531822628426e-05 5.2864025372775e-21 1.77655386675009e-47 6.88980958765504e-85
