3.20344063397116 0.0913790024589943 1.16646583072422e-09 1.3290812228025e-08 0.729074958112022 2.41179545961329e-05 1.50005652532693e-06 4.80118166503259e-24 4.70315621382788e-12 5.08609233612812e-06 0.0132496778221575 1.57731095061047e-24 9.52938687846631e-75 2.9217848964913e-153 4.54639495126039e-260
7.58652331009529 0.362805720927489 4.46950833779141e-08 2.90750149778412e-07 1.44441676283573 0.000278945407296781 3.21946309770378e-05 3.44148745471723e-22 3.81529097191263e-10 0.000100855083576385 0.0457744628676468 5.44923148385618e-24 3.29217488662505e-74 1.00940668933122e-152 1.57067054513661e-259
14.2960896328502 0.969571549832868 1.15688686892082e-06 4.2816065873682e-06 1.926985962777 0.00217157346511378 0.000465083668336186 1.81363704599759e-20 2.08322892573503e-08 0.00134713604680882 0.10644179056831 1.26713874948126e-23 7.65546918179289e-74 2.34722700591174e-152 3.65236367056117e-259
21.9831006304152 1.74413317881958 2.01972744439291e-05 4.24416976305406e-05 1.73616054232854 0.0113798949657766 0.00452220403411569 6.60179279206924e-19 7.65627155570063e-07 0.0121130475799271 0.16659887429712 1.98328013945199e-23 1.19820658887216e-73 3.6737955535776e-152 5.71654866749626e-259
28.3345062227915 2.11215982347099 0.000237617598494127 0.00028318254465273 1.0822749195519 0.0401627625054501 0.0295965054343638 1.62893417139583e-17 1.8939505787157e-05 0.0733122155879385 0.175510429729029 2.08936795651736e-23 1.26229996573717e-73 3.87031088334397e-152 6.02233308857668e-259
32.2333720323612 1.72271882460197 0.00188290821389256 0.00127180685562227 0.571800596746045 0.0957752371938104 0.130377252410933 2.71038987168992e-16 0.000315348618786944 0.298656505565022 0.124452828842472 1.48155156980049e-23 8.95085276848156e-74 2.74440179239274e-152 4.27038091275911e-259
34.8536900801419 0.948704080198253 0.0100468225286528 0.00384461406141916 0.573664667035427 0.157666846455723 0.386575440961448 3.03701684545776e-15 0.00353414367036555 0.818915125105392 0.0593987891413065 7.07114254573842e-24 4.27205890918624e-74 1.30984683033358e-152 2.03816544589038e-259
37.3794702088905 0.3648112705483 0.036095881695667 0.00782273904445222 1.14130586801078 0.202940915916577 0.771503160521876 2.29081938787738e-14 0.0266592817204754 1.5113910089975 0.0190818899646857 2.27160798953989e-24 1.37240100692654e-74 4.20788932709675e-153 6.54761642965187e-260
38.6925365664295 0.164399841642034 0.0873647737041695 0.0107136641721539 2.06427762759634 0.308694203825724 1.03636361120874 1.1631095480327e-13 0.135357917395917 1.87752514249924 0.00412606588556978 4.91188464474628e-25 2.967534655362e-75 9.09869443483721e-154 1.41578726384959e-260
36.6571101703096 0.326387485808738 0.142873360056595 0.00987619404728456 2.74227754478546 0.678322319591734 0.937038831841084 3.9748923837888e-13 0.462583203620726 1.56987714306442 0.00060051229832006 7.14881249815856e-26 4.31898352003466e-76 1.32423428474163e-154 2.06055280580891e-261
31.3430219658129 0.873602013468407 0.16023320457821 0.00612793973541895 2.58300503174435 1.38191426192386 0.570261437008405 9.14328307183353e-13 1.06406223893107 0.883520330693361 5.88272612113135e-05 7.00310487155069e-27 4.23095367756434e-77 1.29724364332361e-155 2.01855446567733e-262
26.058763948151 1.64881375827711 0.131901870756958 0.00255932076554375 1.74605771367558 2.01906633851462 0.233593846822703 1.41563148303016e-12 1.64746114004181 0.334686661805666 3.8788798677874e-06 4.61762148001572e-28 2.78975439334619e-78 8.55360618196562e-157 1.33096970990088e-263
23.9861782784276 2.09953670294486 0.0998145729656885 0.000719664711554281 0.937755314592771 2.0054780156274 0.0644050276580385 1.47526252319732e-12 1.71685771111096 0.0853357949065242 1.72149198543895e-07 2.04935410224702e-29 1.2381254364414e-79 3.79618987694874e-158 5.90699832534264e-265
23.9825956770158 1.79975303588511 0.0911382530982901 0.000136555082712516 0.518005857535049 1.34278762817301 0.0119522349174605 1.0348071077059e-12 1.20427148614953 0.0146451912637069 5.14250422499686e-09 6.12190600649014e-31 3.69857387643652e-81 1.13401181298967e-159 1.76456028211973e-266
21.7043172383163 1.03843678016017 0.0859526256205244 1.78319203800907e-05 0.333419907664671 0.605292200894369 0.00149296438097553 4.88562891657353e-13 0.568572014788062 0.00169172525802098 1.03398749390946e-10 1.23091279276494e-32 7.43660862265027e-83 2.28012263872674e-161 3.54794703244938e-268
