173591.453471138 0 0 0 0 0 0 0 0 0 0 0 0 0 0
214384.358834159 0 0 0 0 0 0 0 0 0 0 0 0 0 0
239124.429187871 0 0 0 0 0 0 0 0 0 0 0 0 0 0
245093.310703946 0 0 0 0 0 0 0 0 0 0 0 0 0 0
235979.039128332 0 0 0 0 0 0 0 0 0 0 0 0 0 0
219397.435709866 0 0 0 0 0 0 0 0 0 0 0 0 0 0
204445.74723305 0 0 0 0 0 0 0 0 0 0 0 0 0 0
200373.329897041 0 0 0 0 0 0 0 0 0 0 0 0 0 0
214191.907437241 0 0 0 0 0 0 0 0 0 0 0 0 0 0
245899.481397573 0 0 0 0 0 0 0 0 0 0 0 0 0 0
284729.971478977 0 0 0 0 0 0 0 0 0 0 0 0 0 0
311892.649630443 0 0 0 0 0 0 0 0 0 0 0 0 0 0
310371.483947978 0 0 0 0 0 0 0 0 0 0 0 0 0 0
275077.952534614 0 0 0 0 0 0 0 0 0 0 0 0 0 0
215390.202703992 0 0 0 0 0 0 0 0 0 0 0 0 0 0
