0.307656080774647 0.337025088005379 0.395666710342311 0.516002335991002 0.567605703207191 0.447226401518998 0.241331006118772 0.0883938072201337 0.0219415105052659 0.00368438356600024 0.000416901014077941 3.16665347815448e-05 1.64519079995061e-06 7.29218152746492e-08 5.76707059068366e-09
0.577629598531404 0.615533296441257 0.670790757906198 0.811461619880544 0.861299139181698 0.676872858247994 0.373392435762193 0.142368502891838 0.0371826137976694 0.00658857052227602 0.000784670532471726 6.29313992246188e-05 3.78011976268021e-06 3.07319730977852e-07 4.75941024365723e-08
0.920659540943324 0.968506047117336 1.00808453459202 1.15287945890017 1.18968620015174 0.937424648539035 0.530739596045332 0.210651700186483 0.0575431410155851 0.0106425218164938 0.00132089647363007 0.000114865521146565 1.01837102859158e-05 1.7951070271595e-06 3.6983195693223e-07
1.25927724644326 1.31702136556232 1.331090134769 1.46151206712275 1.47898857383759 1.17394751427356 0.682362493604022 0.280454937389459 0.0793613973028843 0.0151739176750187 0.00197907343111243 0.000214243212485485 3.8824703107909e-05 1.10113612335817e-05 2.45481149172628e-06
1.50930470945673 1.57010530531928 1.54356942721099 1.63258281686922 1.62602295296851 1.3026702350876 0.775793195765393 0.328296488444298 0.0956669257220131 0.0189886136122649 0.00279698431064734 0.000514102395792197 0.000179053897426943 5.98000185378169e-05 1.35860703244493e-05
1.64143587323677 1.69239371438111 1.59801500962224 1.60364801037739 1.56015525086942 1.25859842831233 0.766729908355906 0.334029761825498 0.101071873185406 0.0218031558127975 0.00448658688797316 0.00165985169994137 0.000783657733126117 0.000273198584856989 6.23522411646695e-05
1.70101676410784 1.73534037370315 1.54239185123055 1.4151169218198 1.30897058540956 1.05423090511443 0.659625273023625 0.301181033407729 0.0991737862350786 0.0266981018530022 0.00971574025932598 0.00567460623397221 0.00294237608436266 0.00103716325919295 0.000237005573940872
1.76718043930217 1.79663168093798 1.49033535948528 1.19355059780013 0.994919726950776 0.78700393487086 0.518063061725021 0.263993884092853 0.105961190466158 0.0420772326953163 0.0248171491545148 0.0173181995144312 0.00922522672709583 0.00326277367331719 0.000745920021945315
1.89548087537811 1.94500568360709 1.53543958367895 1.06353563195585 0.756368759363973 0.58011240137993 0.428925200629438 0.270630059967472 0.144060327650094 0.0805792198238517 0.0601469819260498 0.0446205824751713 0.0239982321365323 0.00849996809933453 0.00194368147417214
2.08981742813042 2.17470087237137 1.68634774640381 1.06878361683936 0.665529729016707 0.509229241882902 0.448492378960814 0.35197176760667 0.228206503830451 0.152261600008052 0.125616063090302 0.0956903593584032 0.0517190055547464 0.0183345983828846 0.00419324368723228
2.30555431095279 2.41452553265213 1.87180500988253 1.16452953629175 0.706693973579935 0.570464044824672 0.568995404309726 0.495780679063308 0.348780555941463 0.252714897390371 0.219908011053216 0.170213713005192 0.0923055561852193 0.0327439945231285 0.00748971401690975
2.46555929220029 2.56901063498148 1.99534441774109 1.26643309054426 0.808984783669004 0.696691054569179 0.722816492368391 0.644334854737987 0.466348826163916 0.354801030578073 0.320381682019669 0.250910169703559 0.136416019326359 0.0484163564506098 0.0110756607856448
2.48339559972272 2.55779096780499 1.98584140338284 1.30116138401833 0.890965638502639 0.798526815173235 0.820248731451417 0.72343946035589 0.52861947397027 0.416947017127254 0.387641826863011 0.306414469678935 0.166933684512485 0.0592720270959107 0.0135600979875309
2.29734884100994 2.34034544284961 1.81630424134868 1.22879940238775 0.892068323974939 0.807800212341797 0.800861270442321 0.688500427427994 0.503595852606711 0.408820363932629 0.389216886270536 0.309960016687963 0.16914251253974 0.0600762349330773 0.0137449893373054
1.90844919388708 1.93291101455082 1.50414967286271 1.04691154876594 0.790878780016786 0.707048397847358 0.666281929261276 0.552867780652522 0.402227429707148 0.334013787675546 0.324162396420915 0.259696958458872 0.141900479181889 0.0504137910817983 0.0115349067489104
