0.0049444390340394 0.00433471227209594 0.0029245621915757 0.00153774614374752 0.000688761213622298 0.000393914353543695 0.000425142803671163 0.000539576175689273 0.00056945582946777 0.000466697283872283 0.000294213274958857 0.000142496070367185 5.30135964636924e-05 1.51497851041393e-05 3.32552089696827e-06
0.0476533215940428 0.0417892597719163 0.0282441577480038 0.0150363885318743 0.00728577516779111 0.005312948013151 0.0068381891363056 0.00901069532797764 0.00955934158659963 0.00783951923181417 0.00494256533559758 0.00239387706936161 0.00089062807214783 0.000254526101335951 5.58744043187993e-05
0.218185900674528 0.191556753960596 0.130003500337622 0.0708075106171392 0.0386564850827504 0.0363079882694607 0.0527178512476648 0.0709008679552557 0.0753953659925558 0.0618421515578231 0.038991099188671 0.0188872214547649 0.00702856116870221 0.00200945185110905 0.000441411528245281
0.505885235138526 0.447436914188605 0.308681440495157 0.17695626325195 0.113384789170229 0.128945949750588 0.196606932707371 0.264593830565737 0.280660350404505 0.229994975710459 0.145061282628572 0.0703639479561307 0.0262510645979174 0.0075365704751623 0.00166674341926603
0.824545147452806 0.757684621860864 0.559933902693573 0.363285565208061 0.264898485279229 0.28650479916315 0.389799042436988 0.493680197420265 0.511738940031754 0.41745389705966 0.264842547003884 0.130336912729134 0.0498399530123303 0.0148767756102347 0.00349127091072125
1.69192267049882 1.64727244723175 1.33404309077188 0.974716366092211 0.72817700869747 0.619582379424346 0.603920761635985 0.615706237352961 0.584881790971419 0.47607632080131 0.318487343130577 0.172752227344221 0.0759684228085898 0.0271786208623834 0.00791866061447207
3.4591043349174 3.43424458295016 2.86234804707952 2.15982149436056 1.61372577583366 1.25473183758352 1.02281189985842 0.882157353000704 0.788981969075535 0.676873544393002 0.513105572930853 0.3269525447443 0.170716912921289 0.0719650647147766 0.0242294618953877
4.80096059440835 4.76875196032914 3.96115461535615 2.94772009581389 2.14072629132467 1.6108766720869 1.2947835775579 1.14589508527421 1.09275943736607 1.01696139204169 0.838305897157111 0.579678161259099 0.327650343859949 0.149333419648375 0.054420727279522
4.29544168565387 4.31765790434678 3.63381508670531 2.70643518972279 1.91010985737477 1.3701379312671 1.08136314549557 1.0002027169953 1.03291417943058 1.04696297764073 0.944588217085955 0.721883029282346 0.455372545858289 0.233179757496977 0.0957446808343082
2.6363968972725 2.80589382160385 2.5896881271684 2.16452121679252 1.69294526366899 1.28940302199543 1.03879367883408 0.965316884403419 1.01061069626831 1.06716723751121 1.03185217921295 0.858760668158484 0.591245924713697 0.328230722001597 0.144576730878951
1.29014856795161 1.54560403936975 1.70319380413104 1.75019389030275 1.66586029339348 1.4908053841299 1.32596760997316 1.24273059348059 1.23114644922875 1.22137193856595 1.12872136751916 0.911343167293617 0.613609628698837 0.334452871523436 0.144999684003713
0.67496485326103 0.862776453846735 1.05316510816393 1.2221312266646 1.31452232931763 1.30628659445469 1.22965111187571 1.13533950679029 1.05026246562379 0.959773685281527 0.822759325396646 0.621086088571573 0.392879384142425 0.201973437693379 0.0829602111920027
0.656903341085913 0.688298779106932 0.671336546419692 0.66702198256412 0.68525381119547 0.691357968723822 0.655143998141854 0.580772168844361 0.495341800304725 0.414724890658425 0.330813912973577 0.235372219603842 0.140825665719499 0.0683794113668402 0.0264747687535407
0.823317369621062 0.747449300206194 0.553662472916845 0.369112523936591 0.262231404978016 0.217668986941782 0.191174694003477 0.159131921625636 0.124024217817475 0.0939600517419442 0.069254576942831 0.0466990783633074 0.0267957035381879 0.0124857365179741 0.00461908372407899
0.749075170030004 0.659586088816316 0.450397620049735 0.244010018100951 0.113267906796585 0.0546142220093532 0.0331748233259318 0.0233492441960154 0.016283963261451 0.0110185688530495 0.00737606354310926 0.00467781335696232 0.00258736893082111 0.00117227112178058 0.000421414514586451
