0.271891282701721 0.244106559337543 0.166645452918707 0.109571187981697 0.110420466079099 0.158510927127806 0.213542679945365 0.233391751129142 0.200974825355544 0.134591156620114 0.0694388289538228 0.0274105647247538 0.00820640434372017 0.00183718491736329 0.000302066135287902
0.419088717640948 0.403444116405384 0.306375247343611 0.226684074811722 0.235719898842664 0.332728610563035 0.451262925638119 0.503765416610768 0.44461893414817 0.305885259559807 0.162960773557884 0.0668536906861277 0.0208876879873099 0.00488242637758686 0.000836745845396512
0.661394627669521 0.678987136386666 0.556717051527536 0.430825917939278 0.426473554861472 0.566903461528904 0.759986187235337 0.860245564715724 0.777200666426435 0.551014511309835 0.304980581859275 0.130972867738454 0.0430068893258319 0.0105674141374503 0.00190108689308643
1.04827004071946 1.10941753802577 0.935408537763638 0.720623745564628 0.65835022805379 0.798926660202194 1.03371737064173 1.17400842908796 1.08561561312035 0.798679535460799 0.464161814847394 0.210956356909317 0.0734788560026768 0.0191193615112137 0.00363175634681464
1.53722510385201 1.62948509464509 1.36938827868195 1.03181133084636 0.871492836575227 0.948529598443197 1.1526522574656 1.29715175266874 1.23140373952867 0.951726053911576 0.589337510116709 0.286772790265397 0.106653333985089 0.0294527168561262 0.00590077922255821
2.01562164253367 2.10370602242392 1.73148433839447 1.265018203728 0.994614070499413 0.963271281465167 1.07124106715785 1.18009175839818 1.15843742447798 0.955517455714108 0.638627130361526 0.334296503146959 0.132405310447295 0.0385310872171327 0.00806465476563008
2.40971857393805 2.44746112694738 1.94456067600952 1.35768613945071 0.989200149539637 0.849468207455944 0.848466919408005 0.90534619874152 0.925575697299532 0.822927635221298 0.594347378188614 0.332031257574084 0.138301333658402 0.0418342090876884 0.00902599396350736
2.69455699646426 2.64561548890136 2.00717453569219 1.31643147364776 0.878731632754163 0.673224590873629 0.6035595619794 0.615418653763459 0.647176823695741 0.611700234626466 0.468829398135347 0.27422051056385 0.118082805996782 0.0365976224305959 0.00804290982193378
2.81854440370262 2.67543993807955 1.93472879491625 1.18669485156216 0.733527701824 0.529168359304023 0.449572600636503 0.428099945077418 0.428412861502153 0.400706377821913 0.310554448842736 0.184487943185628 0.0805355499175477 0.0252357055125782 0.00559473109788409
2.73017909715538 2.51426831570829 1.74229203974423 1.01620545783876 0.621265598765001 0.485111471116101 0.441421858082654 0.393641237788706 0.331183039741292 0.262651976580068 0.18413363884527 0.104037322446611 0.0443357984511434 0.0137328090241754 0.00302849437778375
2.46664071370486 2.21009493155838 1.47633112811332 0.844080920520369 0.56663417583473 0.538695087973978 0.550364335661345 0.48250341800843 0.353401841702746 0.225286760090563 0.126491254108538 0.059895000095405 0.0225193777734038 0.00641440681284883 0.00134075887294795
2.13196966542007 1.86352398618817 1.20655710202807 0.698167801363241 0.552081323257799 0.628268297356481 0.6869421366306 0.607228746112313 0.433531829911533 0.257239753587482 0.126538131970697 0.0498522195866437 0.0151950761651256 0.00351881895429671 0.000614395309310098
1.81065756813912 1.55194292881245 0.982217257389359 0.588173229564804 0.54437970030715 0.685469872820783 0.764528553433249 0.678721248754454 0.490929342559262 0.295425033525324 0.144057654700361 0.0539690435971384 0.0148768396898341 0.00295587662508066 0.000422512439764858
1.53730381250754 1.30120513651729 0.812566583931127 0.502634024631736 0.512625774794446 0.670125928140862 0.742479096336828 0.652486060751949 0.473263096126743 0.288879482489696 0.1426522664656 0.0534575845555584 0.0144847315110315 0.0027663395661899 0.000368719451727978
1.29975373946071 1.09252955464055 0.675271679601613 0.41826555071378 0.436361311200239 0.571813968307911 0.623207929427717 0.534783899229681 0.379526410458586 0.228784601563063 0.112528377336973 0.0421239076689329 0.0113849864178988 0.00215993759137217 0.00028403725277489
