1.4772634322917 1.40382123163872 1.09568381674809 0.777406009966824 0.574111340529012 0.48494352045872 0.461381950527834 0.455000738634437 0.430892376973292 0.368939187741438 0.269914743030044 0.160953466153316 0.0758916532562552 0.0278769237487663 0.00794325162485408
1.91543070516491 1.82060000833523 1.42246630633975 1.008258975891 0.736056063217711 0.607216730630462 0.568764183108611 0.566963002857449 0.55529838445613 0.496272986365839 0.37911000829563 0.235958622689404 0.116458562995023 0.0451035214099929 0.0137158090243891
2.07044400265381 1.96727078944748 1.53751788271714 1.08702973716521 0.781689621066875 0.626441542993188 0.576306944543088 0.583341803782154 0.595020489403577 0.557873842551951 0.447009828602332 0.292479351237829 0.153003651942345 0.0637408966996099 0.021281806075127
1.95219437930746 1.84968075622335 1.43875400988931 1.00596528759678 0.705680320108156 0.546872591690315 0.497281992717168 0.517771371233176 0.553998530676366 0.544891494915179 0.458149619794425 0.317570630548408 0.179369444799267 0.0827191187915212 0.0313119271719247
1.75908806791871 1.6524920048543 1.26269807778608 0.85398423817996 0.571957916651183 0.429245869418062 0.397699488154502 0.436749696018239 0.488564770570354 0.495498959878594 0.432274512947373 0.31894357172215 0.198433847522474 0.103730680482666 0.0449702621378219
1.69280962167669 1.56804223807492 1.15979884743215 0.738084412353846 0.460484868232 0.342846784083199 0.344845568379046 0.40671170133145 0.460653167300141 0.46105172437712 0.404612664053434 0.314805915530867 0.216161393306858 0.127109040631998 0.0613670133571045
1.78764119138663 1.63547450641678 1.17181562702561 0.701042782078064 0.411809981548931 0.32286077139655 0.368644080807183 0.455684281528142 0.499812864167642 0.471410183987241 0.39837210380264 0.315322523323549 0.230826146979388 0.146311690005518 0.0750995163880729
1.92617271602446 1.75048121989105 1.23089243558206 0.711672189203642 0.415179921222313 0.362143056903907 0.458388601601125 0.57226252227615 0.600352829807862 0.528446352233633 0.417297263801407 0.318715385110778 0.233968194173317 0.151204216429716 0.079031342572164
1.97908264436014 1.79298433388401 1.24959014695727 0.715914774859624 0.434956760617269 0.427611391191786 0.576775563181909 0.718686507659742 0.732367253697247 0.614912009132552 0.454660114867706 0.322831841027798 0.223688928511278 0.13945136328242 0.0713142255098724
1.89256327855965 1.71098255560411 1.18659549263733 0.682210398051671 0.441425058329339 0.483043288363083 0.677919653564564 0.844087435476001 0.85000966903292 0.699293537018613 0.497043796252242 0.329291692313794 0.209080480242004 0.120243246180792 0.0577077356254705
1.67249746797653 1.50882962606458 1.04338235415279 0.607241572948486 0.424009159764708 0.507812157792854 0.729070606169926 0.905150032350166 0.906597594082863 0.742141544956841 0.520919748818519 0.332473253925239 0.196725874137593 0.103417049396455 0.0453306406034712
1.35619298966864 1.22051935323566 0.843970232531446 0.504106427463767 0.387764150670558 0.501339659987728 0.723142372459543 0.885695113431624 0.876822730186496 0.713685189338472 0.499671912095778 0.315263519549619 0.180130936233752 0.0891075041480803 0.0361077549535434
1.01580374404353 0.911014192054652 0.632029224171836 0.394701271989163 0.341667467030028 0.469265916731946 0.66751611959438 0.794254244246954 0.765891972369731 0.61154189257448 0.423420540808328 0.265036782217364 0.149177913370762 0.0716650330332807 0.0277678114913762
0.735059167000816 0.6552759236307 0.456079455609002 0.299591051806619 0.288451733963754 0.409643013833602 0.566965866024098 0.647983649730755 0.600058580611184 0.461727034230279 0.310162685042473 0.190045502732852 0.10534215994259 0.0498179642490511 0.0189018352261336
0.54806192362049 0.484242299446083 0.335542851993967 0.22512420738916 0.226027328282598 0.320283712934112 0.428830744855031 0.469639036964371 0.414927307603512 0.303642908514375 0.194012922454481 0.114020620255961 0.0614963105130473 0.0286126074404271 0.0107239127465604
