0.000530408095786668 0.00109809315391523 0.00182846760478712 0.00244050732979219 0.00260952597138554 0.00224160835557065 0.00155924954212871 0.000891994118981346 0.000430135570295326 0.000180164073676613 6.70241725667567e-05 2.21454949682676e-05 6.35609367485179e-06 1.53830123684733e-06 3.06344471971303e-07
0.00830485669961539 0.0163999101930823 0.0264450498359814 0.034586999830084 0.0366626359715369 0.0316869743499526 0.0226643219548873 0.013758207431127 0.00731246661677525 0.00348002892643609 0.00147982054624607 0.000548272757079088 0.000171463930510063 4.41392757395625e-05 9.20769587739997e-06
0.0702378349705446 0.127115653994292 0.193516887346493 0.244623803321307 0.256282545465464 0.224953516634957 0.169519365460539 0.113276495989505 0.0686650048929165 0.0375676047884112 0.0180041387174556 0.00729697908990699 0.00243551953504419 0.000658841004008784 0.000143224784561577
0.361223991705952 0.564813717419648 0.774322914632593 0.919156696981318 0.943424914345448 0.851442713384548 0.69662694338948 0.528694219095433 0.368955519954894 0.228092440205139 0.119847052215 0.0519503484059282 0.018262027341193 0.00516042650522598 0.00116718462154975
1.2370909781224 1.63373085997305 1.92587147341957 2.05449460276925 2.01760220427855 1.87525022317051 1.68854937930934 1.45512712318992 1.14241544521826 0.773829746558103 0.435409439653182 0.199306666999607 0.0734677925518638 0.0217074476997859 0.00513097843487789
2.69153988995998 3.15873028380971 3.24738096429718 3.05406297334691 2.78275492328805 2.60172419897858 2.52484566169476 2.39879137349197 2.05451667939118 1.493795639414 0.892766341761508 0.432057546860314 0.168225852101043 0.0525596763266523 0.0131643324118571
3.42591314645842 3.77117275591052 3.5583042113195 3.04067383825016 2.5823501010118 2.40890768068954 2.48473470262819 2.55684550064808 2.35749211656397 1.83136195940035 1.16541267186346 0.600273186779935 0.248956186315186 0.0829360374726769 0.0221623837258663
2.78663805588647 2.89364266640272 2.56035766735119 2.08366279874259 1.79125143667622 1.82379884497261 2.07635145366438 2.28268058325457 2.19535421183689 1.76470354174401 1.1621556800405 0.621238648154026 0.268369414500819 0.0935157367945575 0.026281977190409
1.89615597428534 1.83883877643555 1.53819019575747 1.27334223475297 1.26574333857687 1.52876588337073 1.88131785667668 2.07427542311189 1.94813636420419 1.53097638161801 1.00048181095767 0.543526065494088 0.246433104808013 0.093830288534889 0.0301688428208809
1.02775165463318 0.965441891803956 0.80200404915875 0.720242084744106 0.843261594050851 1.14427383030552 1.46834571236985 1.63554690232344 1.55578471956163 1.27313641582966 0.909291183419645 0.572859149054455 0.317476966699306 0.15205858035834 0.0613969448452446
0.325734176912927 0.306439295532639 0.264587786519856 0.268734889085461 0.368129592496682 0.557547126170102 0.779304972285083 0.959144570496723 1.04784666340604 1.0309364146154 0.910783272651506 0.705145550087902 0.462905865477938 0.250453477817214 0.109553615765409
0.0918936630907672 0.0852144711298803 0.0711860862092089 0.069945928404661 0.0991583759851754 0.166336621244523 0.269356547953758 0.400030388745103 0.540062388967247 0.649003124688087 0.670883978715047 0.577298851302151 0.403955697119708 0.226608289994642 0.101109599161721
0.280965114355012 0.249894898763637 0.176396556790663 0.101669733794131 0.0553449979844786 0.0445142150824512 0.0651833244553322 0.113109207239987 0.180125117053125 0.2437700244107 0.271090359003406 0.24308921359872 0.173915007895949 0.0987081391211446 0.0443113100450397
0.876146174449157 0.777983902910749 0.544742482520279 0.301028017333175 0.132120674939108 0.0485017023020894 0.0210401716851885 0.021391145319601 0.033483324061404 0.0472748895290728 0.054075762481313 0.0492398916546868 0.035511638924713 0.0202388801182684 0.00910490395172248
1.31273521701665 1.16561968722892 0.816013454364638 0.450414439623476 0.196077119920225 0.0675107014981396 0.018922971873703 0.00554134964544118 0.00369185288610738 0.00452261358756308 0.00514585990896915 0.00470569625459153 0.00340335849859849 0.00194258872323483 0.000874600849602998
