2.57867407316429 0.19929952263884 2.8620221936251e-05 0.184944042129951 0.217949241631378 0.253455906761695 0.000144694706896907 2.18690660789071e-12 8.75033671679099e-25 9.26907144019406e-42 2.59934921489283e-63 1.92978961817632e-89 3.79290737963551e-120 1.97356504962604e-155 2.71861425196519e-195
4.06874504641503 0.460808517218026 6.71855643009076e-05 0.370556699218633 0.441491128473284 0.612698858598642 0.000349783311569132 5.28660275009058e-12 2.1152962812538e-24 2.24069461355639e-41 6.28363673982048e-63 4.66505111180176e-89 9.16893044799928e-120 4.7708733336806e-155 6.57194666156173e-195
5.81914403314545 0.87987701976427 0.000135210297389294 0.607011166785402 0.732369580332699 1.21034384854228 0.000690974883659455 1.04433504955615e-11 4.17863446742102e-24 4.42635096849015e-41 1.24129282949448e-62 9.21551441318714e-89 1.81126441430163e-119 9.42455954208034e-155 1.29824663719339e-194
7.89119836124897 1.38262896159095 0.000257443559130552 0.81430926807172 0.995274400207106 1.95383305355743 0.00111542962116265 1.68585324336029e-11 6.74550229135068e-24 7.14538704762573e-41 2.00379901397788e-62 1.48764564296755e-88 2.92389495950678e-119 1.52139146129502e-154 2.0957386280622e-194
10.3997850770966 1.7851305371093 0.000558396768169784 0.901165103275877 1.10852720327144 2.57740747244805 0.00147142733887104 2.22390593234118e-11 8.89837986873322e-24 9.42589083994938e-41 2.64332647693726e-62 1.96243889178793e-88 3.85707793463012e-119 2.0069549407772e-154 2.76460930744731e-194
13.2118953071908 1.89381247542769 0.00149702452780241 0.848471815914563 1.01241845732923 2.77840546102983 0.00158617903013692 2.39734090953656e-11 9.59233471959547e-24 1.0160984505153e-40 2.849470658029e-62 2.11548292997988e-88 4.15787852781399e-119 2.16347063657347e-154 2.9802119303903e-194
15.7794065010473 1.65439817171817 0.00424004062537425 0.760030753487045 0.758696608172854 2.44751320977468 0.00139727639654597 2.11183466918466e-11 8.44995592353261e-24 8.95088356673413e-41 2.51011898245769e-62 1.86354396899835e-88 3.66270478694393e-119 1.90581668126713e-154 2.62528989977177e-194
17.3647242312311 1.19706188169579 0.0107986427475374 0.825597626992605 0.467045752908925 1.76185969350137 0.00100584063605772 1.52022114748106e-11 6.08276863604887e-24 6.44336542312918e-41 1.80692930914855e-62 1.34148709284418e-88 2.63662745731985e-119 1.37191744427751e-154 1.88983601895423e-194
17.4852606702919 0.727329624040744 0.0231142862161968 1.20746144585811 0.236876089945799 1.0364167678729 0.000591688007765518 8.9427349609071e-12 3.5782022787169e-24 3.79032414664099e-41 1.06293021456681e-62 7.89132787993447e-89 1.55100200918338e-119 8.07033510403895e-155 1.11170027236409e-194
16.230172183531 0.383191934536323 0.0407398500340428 1.90375258205397 0.100021309869154 0.498212200914709 0.00028442848807963 4.29883409980964e-12 1.72006640462981e-24 1.82203484304754e-41 5.10957852611378e-63 3.79341549663905e-89 7.455773155637e-120 3.8794654983954e-155 5.34401954267655e-195
14.2357299130346 0.188394351502362 0.0587969991127473 2.67457971401041 0.0365703275080576 0.195709132090198 0.00011173009137679 1.6886815031391e-12 6.75681883559535e-25 7.15737445570555e-42 2.00716067323166e-63 1.49014138116641e-89 2.92880021122072e-120 1.52394381292749e-155 2.09925452915975e-195
12.2712043906784 0.099293425001681 0.0693809834045031 3.13669056876292 0.0131250377910571 0.0628238598312688 3.58660831304885e-05 5.42077701953253e-13 2.16898261756603e-25 2.29756356646028e-42 6.44311578692488e-64 4.78345036637495e-90 9.40163840858951e-121 4.89195836208295e-156 6.73874303038505e-196
10.6760160898769 0.0642077437472315 0.0669120051607128 3.02088723542564 0.00577863821356442 0.0164799133512319 9.40837205256879e-06 1.42197537512702e-13 5.68966378831685e-26 6.02695665681019e-43 1.6901547425925e-64 1.25479218285833e-90 2.46623283981077e-121 1.28325594319107e-156 1.7677035255257e-196
9.18315406164341 0.0491949804240003 0.0527352085534773 2.38010694446206 0.00325706591304243 0.00353266139653552 2.0167949778607e-06 3.0481711173576e-14 1.21964621401926e-26 1.29194889927077e-43 3.62304506839665e-65 2.68979432202418e-91 5.28665955999308e-122 2.75080973315946e-157 3.78927998670676e-197
7.36679748231364 0.038237513934673 0.033963962030077 1.53279477311032 0.00189622898263171 0.000618822207159921 3.53285452755647e-07 5.33953388963304e-15 2.13647529695245e-27 2.26312915703711e-44 6.34655049915369e-66 4.71175907966774e-92 9.26073268091526e-123 4.81864082711674e-158 6.63774707105963e-198
