0.00709050171859644 0.00576837511520286 0.00313915175547429 0.00137984057635034 0.000513566258195386 0.000143871948726552 3.426854283903e-05 1.04741925089505e-05 3.29494695425502e-06 7.13359399039893e-07 9.99733734895335e-08 1.02437819996384e-08 1.21102690193814e-09 2.55541201673499e-10 5.0295320032549e-11
0.0484519297856429 0.0401605657048915 0.0229338552403526 0.0108699875601806 0.0043180741146361 0.00130748755205041 0.000382021769648293 0.000147358663843201 5.09327915206574e-05 1.17741227479944e-05 1.83658166493162e-06 2.32853226021139e-07 4.16186076147865e-08 1.12717002502387e-08 2.32212552472512e-09
0.236197616953645 0.198992523994082 0.118065172134072 0.0591287100060436 0.0247413951712624 0.00826472504998089 0.00307359533150059 0.00144027287228049 0.000540226213837495 0.000135928382917721 2.43551296692847e-05 4.04676214204962e-06 1.07299699415529e-06 3.39040105271923e-07 7.15675281207478e-08
0.833256383841139 0.70978729865873 0.430218005175377 0.221958490825333 0.0968919781994313 0.0368720616878586 0.0177733724260483 0.00973651142213827 0.00397117664999259 0.00111377075899388 0.000236212813884475 5.41155440378457e-05 1.98931497854817e-05 6.87420893859034e-06 1.47016608310373e-06
2.14821823046068 1.83864051867111 1.11566343447213 0.576640850829704 0.261326936078627 0.11805206468048 0.0733240401793089 0.0456561254324942 0.0205045911719367 0.00655207373774801 0.00169189999812014 0.000550393751129007 0.000256982946539211 9.33853452936842e-05 2.0113886073647e-05
4.06189855613616 3.4793774180244 2.07637435346832 1.04630859660335 0.493118703740671 0.276147256184511 0.215174423124847 0.150032920982126 0.0754053854049574 0.0278435799412013 0.0090256391686268 0.00414621514191206 0.00226760369594346 0.000847298922219713 0.000183199140238558
5.62804634162718 4.83171888449572 2.8108143336164 1.35290733465461 0.672761973207037 0.483477037250869 0.453360647058793 0.351517464606809 0.199819962082428 0.0858104132441216 0.0361151433008663 0.0224268022930248 0.0135108597849484 0.00512580802511393 0.0011105842145405
5.72114502939296 4.96096068557936 2.82650873059789 1.29855489821882 0.712370483557789 0.661920380481485 0.706018880499711 0.602287989222482 0.386635559547977 0.19412742278849 0.108582373117881 0.0848379701118775 0.0540103028186185 0.0206569941735197 0.00448052176901266
4.35506657116719 3.85898753847109 2.19657676226891 1.0077715668043 0.669372844126115 0.762050168637016 0.859320342957709 0.789203653801291 0.566245681163843 0.334506962806037 0.243855306583734 0.220488811984271 0.144375420032404 0.0554312551577038 0.0120289913343736
2.74073075299112 2.50019659920514 1.47782758599883 0.765344257801526 0.657720017620633 0.800287575780983 0.892184433152267 0.869424347042713 0.692808921859807 0.472265890205918 0.405839545948286 0.390032292820748 0.257691089228466 0.0990257894652892 0.0214904205633849
1.94021890150554 1.79805061154328 1.16362854261795 0.767165269935622 0.748565351444633 0.824354307496229 0.879641882065237 0.925416941099103 0.813272935929071 0.588509834140348 0.500534847652886 0.468861764809859 0.30710520386952 0.117779064825638 0.0255495019807227
2.06068343802816 1.88372398145501 1.3164209757321 1.03055741838038 0.982785226486129 0.897453922577392 0.874275838979084 0.979111824380476 0.916098413528986 0.643271305997554 0.463115056662424 0.385548261855159 0.244758214312523 0.0932936967373191 0.0202147716171053
2.53211157527983 2.24904846239809 1.59071295520667 1.35020804738293 1.28338959504853 1.01627610720171 0.830442556810853 0.895278036633799 0.848838508769405 0.564708608961102 0.326306811996507 0.220470011323688 0.130972042983865 0.0492533708461473 0.0106455204258564
2.6624444060437 2.28568859502457 1.57726711391806 1.40638723111632 1.38716292868375 1.03010537374402 0.681009010325718 0.622818371578303 0.571745030084548 0.364631711098541 0.174974538600331 0.0900781311932707 0.0474405339241542 0.0173591342513401 0.00373258188251001
2.15136671917346 1.787737150877 1.18474582131078 1.08408033131367 1.1153363498848 0.811433625667279 0.447880102067789 0.315511028246366 0.266265548786754 0.164492422705702 0.0697409064826327 0.0271471598003384 0.0118087868299904 0.004097962766011 0.000871906726486833
