1.12127538962518 0.623866187249016 0.333429654404066 0.210968672337531 0.0445145302709236 0.00733194479200115 0.00692757220736451 0.0854378883566918 0.291747293266704 0.19483462303561 0.0244443741797903 0.000574473549850786 2.7780469359109e-06 8.32713999311067e-09 2.65611012178978e-11
2.29794729555164 1.31510851723459 0.755442575245785 0.51970245949879 0.142941225823415 0.036794716199295 0.0192516950559882 0.119791164697161 0.348399190784729 0.225899887576725 0.028258350662305 0.000697423934050027 7.41628460469922e-06 1.0386912119847e-07 4.23680103948233e-10
3.73310446570858 2.15297412969476 1.24259939491851 0.966999230570256 0.37433630709382 0.133044890983309 0.0549193008591126 0.1649784244108 0.313194785099576 0.181397933095871 0.0228148594067453 0.000931181692664948 5.19809298952412e-05 1.11437437409656e-06 4.63945246358447e-09
5.07750194343897 2.9138627200414 1.55125439730903 1.41545488155439 0.779454123424108 0.338508065918346 0.12599418227031 0.249349762704705 0.258131965962485 0.107584547477478 0.0167862128701935 0.00336122868648938 0.000371629870620982 8.29046604818769e-06 3.45757769282605e-08
6.06503646339324 3.49807754130025 1.57469738880571 1.67159608450657 1.23759992459992 0.603379165897946 0.208551825337882 0.339660729294084 0.234773464557692 0.06076875080619 0.0289583306006542 0.0157403230450205 0.00187898598422232 4.20668948122023e-05 1.75605958863353e-07
6.57178050758528 3.86858292382646 1.39591707870702 1.58802131672795 1.45579154453398 0.76675962109834 0.248005440606925 0.34650092411595 0.209296253930281 0.0559342610407221 0.0857803485342319 0.0541568354187445 0.00651204181161889 0.000146120536119172 6.11509772021277e-07
6.57829954568957 3.89046005113275 1.11053488068138 1.18793342904692 1.26770126969892 0.740086980582272 0.229563976882716 0.251164110073617 0.159691593822248 0.0888734653094388 0.202299880032062 0.12923055202018 0.0156185082304205 0.000352585876720132 1.48645175124078e-06
6.15040388010448 3.48460576669264 0.77705432321973 0.687694867978355 0.856687835590086 0.627393381297302 0.20155893551151 0.140361908334188 0.136201952737589 0.158705504125911 0.342871558635714 0.218928034896754 0.0268131783802103 0.000615401309708124 2.64585339362237e-06
5.51821296681988 2.87130735540294 0.482714350317571 0.317887991906534 0.518269382583611 0.557603229514308 0.208486979463585 0.0924362907417464 0.188965271787145 0.257769135289732 0.43997403509193 0.282162588340424 0.0356694587621687 0.000849605246678122 3.80766143440066e-06
5.08129461012294 2.44266353104963 0.316459747292536 0.161668819697256 0.369135152507852 0.555491449216529 0.265757039199266 0.113046693086991 0.288089519846637 0.351218694192246 0.473963499090964 0.31058949176249 0.041383116920248 0.00104217603135279 4.94298590175161e-06
4.98300835999247 2.3541536727269 0.295552848461278 0.181506891637834 0.371278537397419 0.601435981067049 0.375685853870293 0.175349697359212 0.35171182877072 0.378665195854159 0.460079907830992 0.31345430246816 0.0439548920894171 0.00116151843271587 5.75772378907587e-06
4.83921868647661 2.38504313148477 0.360750856161253 0.288974749610263 0.427573884025188 0.628892858060245 0.481938653388529 0.257348676693038 0.357867856496719 0.315332070985355 0.382930994830268 0.271048832890078 0.0391565210666689 0.00106132282237632 5.376463585432e-06
4.22952167045317 2.24002424037598 0.423348237202364 0.36392644634184 0.423079797362213 0.539309124572188 0.479148912513796 0.330523242294669 0.358988759500065 0.213814074553737 0.246502202489098 0.178800759971015 0.0261599106833635 0.000716198726586428 3.65828801023152e-06
3.16078160784413 1.82423238526443 0.415408316295731 0.32328100100135 0.314435920244574 0.341747076704421 0.346903645103628 0.346615749098983 0.359449739948343 0.134716175050123 0.115116919036606 0.0838239594584149 0.0123223320682339 0.000338540759112729 1.7341664780421e-06
1.96275343482439 1.24132008418228 0.324424380030882 0.200312192744206 0.167592612810917 0.153515817757678 0.181573708854259 0.277454178289671 0.300906092291062 0.08358730178748 0.0385422045524854 0.0271295920719609 0.0039938011751799 0.000109853335606344 5.63251350064149e-07
