0.209305047821206 0.177717209619817 0.110288277751579 0.0563491604603159 0.0296238212003464 0.0172262547917238 0.00913045837303792 0.00377839176450122 0.00116723352004076 0.000269726873189771 4.74112783630288e-05 6.56702837267465e-06 8.02978219107464e-07 1.10165612745853e-07 1.79377727353076e-08
0.460751614332625 0.396569512265384 0.257452486914017 0.148030629995175 0.092444983640216 0.0602537495633804 0.033585136785769 0.0144165239561114 0.00466804613653568 0.00114970473869927 0.000219952555127898 3.49379587095682e-05 5.59400492973019e-06 1.08448076314907e-06 2.14656067943282e-07
0.784243487513687 0.691396856240273 0.482494580512563 0.323417100204856 0.237960631137971 0.16912721247488 0.0984232474474646 0.0440971351281669 0.0151227378777112 0.00401325888672945 0.000853955230705457 0.000166096852896002 3.72101945470501e-05 9.41620718361801e-06 2.06228803817607e-06
1.04183857879396 0.957846349014586 0.745895153989668 0.597034514857233 0.504368665042903 0.382133871556795 0.231734800154048 0.109145755766365 0.0399752655152283 0.0115701931384572 0.00285495914153992 0.000739107139388376 0.000227862197117663 6.7582840093804e-05 1.55130807804734e-05
1.11244467999489 1.09553844933053 0.988461610717991 0.941245927535521 0.880461105386477 0.699478588927289 0.442256827714736 0.220120341347817 0.0866531755425835 0.0279845045627818 0.00859980985338754 0.00310030547077225 0.00120007453151112 0.000385471332852027 9.0333794492603e-05
1.04741005247183 1.12641505220688 1.17894480134593 1.27656376395322 1.27080774499799 1.04564472436178 0.689022252303552 0.363100969446957 0.155174910848383 0.0586581177113673 0.0242618186643327 0.011683523833425 0.00514354610594833 0.00171359884461995 0.00040519019712427
1.07416892522948 1.20376995899602 1.33375247303205 1.5029239730802 1.52765404506286 1.28628962408296 0.880290853748133 0.49190340005636 0.234161605075676 0.111743922336895 0.0635679958294605 0.0370904391996561 0.0173856270136311 0.00588557815109605 0.00139702336281659
1.41372327905327 1.48495341899278 1.49202180850959 1.56027426606583 1.54495020977237 1.31164977130404 0.928279523588743 0.555956732924483 0.311151389900717 0.199769861362285 0.146526410391797 0.0947066291433482 0.0456504713352033 0.0155591136262108 0.00369907112514101
2.08321118113943 1.98702334160013 1.6697996398433 1.46495183577686 1.33680939908313 1.12787352699985 0.831375226125301 0.553159470932601 0.38887580974617 0.329592927204216 0.280560849953609 0.189771783072978 0.092500573975843 0.0316084262804951 0.00751905047311317
2.85761740306039 2.55089828767934 1.83204852804542 1.29061714410171 1.03253334776101 0.872145956558126 0.701792692038461 0.549456132766623 0.481726534544836 0.478291528295473 0.430643311597627 0.295184041311373 0.144256731689512 0.0493148636463337 0.0117315326062302
3.42657810458584 2.95070502929918 1.91523003676439 1.11714182302891 0.788644997330763 0.718154598228928 0.685108675200796 0.625854088561074 0.59174653641029 0.588611483969161 0.522515206586051 0.355239715839347 0.17303440371971 0.0590827506251183 0.0140495486270642
3.60689490910355 3.05190426769477 1.87908916332677 0.984852211331546 0.680046460648732 0.73550624274985 0.824513691822079 0.790661483806905 0.692236908988487 0.609623271171656 0.502038332715325 0.33126639413238 0.159743299096481 0.0543699938025798 0.0129158668296457
3.40735059030231 2.86125488044493 1.72429399942423 0.878515828360966 0.657231055879722 0.829234372969647 0.99932273678195 0.942248905060711 0.732726392926552 0.538192791333116 0.387539124796512 0.240855965635666 0.113746002333624 0.0384569195086442 0.00911662419040831
2.92371638754667 2.44833850974206 1.46627121228312 0.752072178150456 0.611117596080545 0.833335007214053 1.02465216318354 0.942836164373254 0.667912938882041 0.410432256679463 0.246398824850769 0.138250644906491 0.0627497936462007 0.020938013209799 0.00494302066065552
2.24895194367753 1.88149848457109 1.12441745605062 0.578324138989063 0.483335163484809 0.67418375902802 0.831165208047268 0.752108114909481 0.502703510480712 0.269229884642486 0.132691723386281 0.0639563516915756 0.027047212127774 0.00879999420681013 0.00206060350146393
