8.2806235809382 0.00607780249298433 2.8538741156168e-12 0.0672760899916571 0.000124688461460621 4.57020487094468e-10 1.84886783180941e-05 0.00256576691849019 0.000119331656968534 5.1018280292631e-05 2.64984529743084e-32 3.15079307913302e-131 8.57677277784304e-302 0 0
19.0273347331306 0.0149744136086046 8.42848701467744e-10 0.0760861890837988 0.00245312457353724 3.94673819075637e-08 9.9958234096452e-05 0.019446130635167 0.00115397958692646 0.00159098605087167 8.26344377152459e-31 9.82563075299833e-130 2.6746346158232e-300 0 0
34.3720820094589 0.0184194492046748 1.21403760689589e-07 0.209160291878703 0.023405923012494 3.20732472611204e-06 0.000839213551634742 0.0735597798391865 0.00536773388313182 0.0238647738384857 1.23951568668017e-29 1.47384356771892e-128 4.01194907851233e-299 0 0
49.7554052881366 0.0261591178060848 8.41863242586517e-06 1.13093923698742 0.110447311620255 0.000160140228269213 0.0138718462416906 0.13810360277023 0.0120097570308721 0.172186329650406 8.94320885159094e-29 1.06339040177757e-127 2.89465465396256e-298 0 0
65.8050077168471 0.178226549900125 0.000280817858627331 3.410232577286 0.273565472921261 0.00403555943746462 0.152792239728164 0.127869035866665 0.0129249199069944 0.597572232547004 3.10373842710383e-28 3.69049376770765e-127 1.00458918401535e-297 0 0
84.2824344456383 0.922136547719871 0.00450567377010089 5.34300600950943 0.406780059589058 0.0493059438767394 0.836239160043981 0.0580360694939639 0.00669070519353678 0.997545109159408 5.18116291125359e-28 6.16065106082463e-127 1.67699061744828e-297 0 0
92.3685644350282 2.33050238238702 0.0347732472688957 5.21603825205598 0.416906731531746 0.290130834535663 2.20824195062356 0.0128463433171731 0.00166596672488306 0.800986272422371 4.16025333490445e-28 4.94674063718585e-127 1.34655210197872e-297 0 0
80.6851175873759 2.8359355076344 0.129086597579855 4.15026174635621 0.281156232767607 0.821345528689877 2.80572513153079 0.00138123094685689 0.000199531352231219 0.309362733900209 1.60680324958782e-28 1.91056608596671e-127 5.20075129811393e-298 0 0
60.3484917500541 1.66122739460481 0.230498155324341 2.49268047940787 0.106445055817966 1.11846419710263 1.71477545542061 7.19219426416352e-05 1.14949308590979e-05 0.0574726623268652 2.98508031090322e-29 3.54940357966145e-128 9.66183028686721e-299 0 0
42.6491187423082 0.468495420946116 0.197972172430396 0.856630378914707 0.0204646332501706 0.732606646020808 0.504105150494421 1.80981661101902e-06 3.18531198397579e-07 0.00513576364533857 2.66747116254374e-30 3.17175107764912e-129 8.63382253853391e-300 0 0
30.1018053119835 0.0636205234384917 0.0817883106945618 0.147919645612481 0.0019240340682406 0.230818365998313 0.0712829299116659 2.19752950764547e-08 4.24568708087435e-09 0.000220749199017312 1.1465522231884e-31 1.36330555341821e-130 3.71105358707241e-301 0 0
26.8599390791501 0.00416091668415895 0.016252819865723 0.012404182945444 8.74303465700831e-05 0.0349800414480297 0.0048484213815929 1.2862154103319e-10 2.72203925285199e-11 4.56397901332847e-06 2.37049117623597e-33 2.81862763817634e-132 7.67258534306507e-303 0 0
35.6179252134394 0.000131092728019756 0.00155351911187285 0.000501354157959427 1.91364878838478e-06 0.00254988550682882 0.000158622784601697 3.62632334213216e-13 8.39442937326649e-14 4.53877376196217e-08 2.35739978694953e-35 2.80306134877826e-134 7.63021235194557e-305 0 0
42.0174580327242 1.99011907090505e-06 7.14257605494529e-05 9.75119770234809e-06 2.01550704196444e-08 8.94069824110255e-05 2.49621033007351e-06 4.92251562510591e-16 1.24519787253338e-16 2.17111999523361e-10 1.12766092399215e-37 1.34084289311834e-136 3.64990798704753e-307 0 0
29.7026161085981 1.45619699111624e-08 1.57958696467529e-06 9.12348995662102e-08 1.02118831501454e-10 1.50790016484773e-06 1.88950122234791e-08 3.21615470734316e-19 8.8845606229623e-20 4.99550632404528e-13 2.5946227244687e-40 3.0851307927838e-139 8.3980334903215e-310 0 0
