1.74941823400473 1.17929490497148 0.470250161152995 0.114978166068865 0.0173415747715704 0.000680754406872971 5.27267739167294e-06 1.35828394872005e-07 5.44662444533204e-08 1.14387642192956e-07 1.47963776186586e-07 3.70441757468091e-08 4.25957337402609e-09 7.0437417905343e-10 2.8599672086621e-11
2.91460240421413 1.67724443713429 0.571030535820468 0.199891741702634 0.0378286166488406 0.00153646145850042 1.58924736543662e-05 1.3210707311137e-06 6.1579788129564e-07 1.21734103785087e-06 1.55528302699824e-06 3.95797091809415e-07 5.51620344421713e-08 9.94686763826256e-09 4.05267182272799e-10
4.27253617169653 2.17144726516247 0.636149774754608 0.319455100468939 0.0689478554430885 0.00288845322665661 6.1128097127872e-05 1.08757378384679e-05 5.73647843268952e-06 1.06569220336676e-05 1.34173830075777e-05 3.48885198801096e-06 5.9625963037709e-07 1.15279526008415e-07 4.70888972513029e-09
5.57277648429947 2.59478205489369 0.670586186235038 0.450096379082984 0.104391842923718 0.00470547304834869 0.000298886754083318 7.43977460869875e-05 4.4030732220151e-05 7.68127661056316e-05 9.50361410566299e-05 2.54163804342406e-05 5.36583649492301e-06 1.0962234262053e-06 4.48631087269702e-08
6.53809138188665 2.88103146211446 0.671038218110626 0.542843517908182 0.132303451841003 0.00754517769339502 0.00147046759536621 0.000421287067144216 0.000278495709370096 0.000456383556455742 0.000552954585035984 0.00015334816003971 4.00979887023317e-05 8.55167039940518e-06 3.50470763194902e-07
6.96726041192467 2.97542784432183 0.624359172258263 0.555887692672871 0.145821300776425 0.0148780154225694 0.00630427890447151 0.00197392789598987 0.00145187079511467 0.00223860279890812 0.00264463637145674 0.000768108191723553 0.000248223742654066 5.47206363990526e-05 2.24493722605628e-06
6.80788772479143 2.85932691853212 0.530761601706524 0.496140902485375 0.156008004317412 0.0375187852353956 0.0225138670253709 0.00765477868184562 0.00624067704120099 0.00908228658978664 0.0104068398011455 0.00320241306560441 0.00127021753713241 0.000287182188062888 1.17908576310253e-05
6.17720791852651 2.57309986301221 0.41887896055631 0.42352935286653 0.193132358507248 0.0978650414159088 0.0662194585770578 0.0245763606404719 0.0221276862718244 0.0305479552629675 0.0337352226776584 0.0111424324435271 0.00536352980370745 0.00123605770797087 5.0777871872958e-05
5.32247199249385 2.21333652163905 0.331597067503893 0.405373484472701 0.288190664495251 0.225971453664996 0.159995693510719 0.0653398855426696 0.0647605819933542 0.0854087876826815 0.0902326953948258 0.0324305870456728 0.0186607131790656 0.00436286395205569 0.000179304359880078
4.52455947409714 1.89786959562148 0.300550310721622 0.460878350744072 0.442718175458686 0.437681683439223 0.317392692817362 0.143863448359776 0.156563778811032 0.199086802295953 0.19955564927804 0.0791007311198147 0.0534327213032074 0.0126281306046869 0.000519151336820211
3.9744682856192 1.71312409906152 0.334517947169729 0.546045837916515 0.610471274029513 0.700783690078543 0.516958817895722 0.262309980818675 0.31295067569596 0.388076032086377 0.365854908173438 0.161834418649537 0.125804081338462 0.0299728598765712 0.00123249032704996
3.67985859622417 1.66779100612247 0.421659713900656 0.591189217839462 0.714983241874444 0.923844630980661 0.691441650167705 0.396011838145055 0.517745800021762 0.634351354165516 0.557748751399795 0.277718912353163 0.243381616714644 0.0583350515489266 0.00239916001369887
3.46753390008734 1.68069587804202 0.531152461416065 0.555845819553429 0.69964633518402 1.00146219142189 0.759619032701827 0.494923954857884 0.709744469488585 0.871380592753399 0.709506888134809 0.399331052274484 0.38668348908424 0.0930971280742755 0.00382931300452285
3.10974385105338 1.62531406986796 0.614560221735049 0.452148554504271 0.569634986233964 0.892122337336551 0.685646641762126 0.511921655367166 0.807106952224621 1.00703522807911 0.755813701047209 0.480228333359394 0.504340380963235 0.121826874831159 0.00501150688681823
2.50122815815361 1.41598060052624 0.622760861901977 0.322942956227458 0.385577366958265 0.652823038949888 0.508646711794319 0.438137909027141 0.762215902791487 0.979059860081119 0.676445914155299 0.481848961738852 0.539834752292513 0.130721257500313 0.00537776106302209
