2.19816845990312 0.941991621407435 0.267718126221363 0.227299672878909 0.0312328965962778 0.00144975169058105 0.000917027882097696 0.0316752217172162 0.174579381785086 0.115682872907784 0.00922557564809212 9.84103605504289e-05 1.14452745289172e-06 1.28233043972676e-08 1.89068848497672e-11
3.64431315298986 1.68034603852104 0.44582133521529 0.321721842537632 0.0467959195116912 0.00800624835235092 0.00297640902057875 0.0562009177166046 0.309040751619712 0.204575362433759 0.0164595011167676 0.000309324517758117 1.58707227921739e-05 1.92728465328572e-07 2.84433631835868e-10
5.2791263136849 2.68826716052503 0.607198768930619 0.308840574588549 0.0590562023796015 0.0382913486469063 0.0105662891217498 0.0676625872213269 0.367320459392338 0.241745376115765 0.0209188615874705 0.00170458936204951 0.000155742369525531 1.91008494762073e-06 2.81926862459754e-09
6.86592902409818 3.75842738240292 0.749128030375658 0.227787649222102 0.0926672009984013 0.131699658127707 0.0334944521863305 0.0629177240747886 0.319952432225224 0.204413019361692 0.0273350433826635 0.0100869489811245 0.00101587428867577 1.2473643731773e-05 1.84112310142793e-08
7.86584569814865 4.39139015786192 0.935103657849676 0.216570535444848 0.182801429066521 0.317676145370244 0.0808833108107417 0.0681210522430808 0.282679757332487 0.164693694814365 0.0612809723906432 0.0428654988198519 0.00437034688884331 5.36697355454669e-05 7.92172244961369e-08
7.88910953240921 4.42110935670933 1.32721398690866 0.381468898102992 0.335243016411866 0.553117795495967 0.14576764625293 0.110667374424131 0.350531561063987 0.185781735521786 0.152536522237442 0.121321997388339 0.0123889778187244 0.000152144599817845 2.24567441890577e-07
7.1776641860027 4.29694245813936 2.03494580317267 0.715050189877427 0.520340318571546 0.725767313195256 0.204936632781908 0.199479300388317 0.458691950734234 0.228768651122645 0.276978342688807 0.226533764846134 0.0231393836131328 0.000284167278886003 4.19434674510598e-07
6.21252461494533 4.37993208109434 2.858147290065 1.09346102947141 0.672926613063091 0.738408316976365 0.244667708769489 0.345390199984956 0.503048393977369 0.218659543935818 0.336847991484311 0.278737825343287 0.0284747099056513 0.000349689000935451 5.16145609687157e-07
5.12123620640009 4.44950267332659 3.38381752738497 1.35005236196527 0.695913835970791 0.584265789692208 0.2875814779686 0.555947449991741 0.485700735278761 0.152469965221557 0.271167234543283 0.225978855340081 0.0230864614470846 0.000283517744907538 4.18475958566757e-07
3.8787250729628 4.05336202531465 3.26998309084632 1.34360380993655 0.559221521542101 0.376825562572283 0.377151270992048 0.783261490864672 0.450120148364405 0.0850294344168868 0.144441752407224 0.120710917149273 0.0123323535038081 0.000151449864554945 2.23542012407327e-07
2.70619339839442 3.06508116913516 2.47109243240756 1.04096518784412 0.379064920816971 0.284014298046924 0.511479733200108 0.908759857237924 0.402339278762118 0.0555770783169967 0.0520465984366935 0.0424956963353664 0.00434036658898887 5.33025416372528e-05 7.86752566178475e-08
1.8566410139807 1.89605780273391 1.41075787317492 0.625300935537795 0.316332229675146 0.40229757440488 0.647902250885042 0.835217111579451 0.358295151873119 0.0784568198224495 0.0167965973372772 0.00990053119969051 0.00100651388143484 1.23599746094454e-05 1.82434743863581e-08
1.2843772987155 1.07229698436613 0.658571978172883 0.356444318920898 0.414594878232429 0.669078868919077 0.783746828608864 0.624751607062821 0.361041706892546 0.152231068753208 0.0137903532181954 0.00162389090849017 0.000153905790565819 1.88834663942805e-06 2.78719497721710e-09
0.810161962862704 0.689839857912692 0.36397177694998 0.286164765124458 0.54565625359476 0.857053837309552 0.881625496628662 0.431281809921505 0.394455358306706 0.230018693652849 0.0190014555130823 0.000338473065052872 1.57010428341634e-05 1.90108028008346e-07 2.80555165700004e-10
0.414364889748902 0.502225680287331 0.283593511059043 0.267330595244892 0.534963321565868 0.768458679058149 0.802620856633986 0.296086067029616 0.364401220876151 0.236212004045529 0.0194974197072134 0.00020374283344515 1.25792467608309e-06 1.26389620798166e-08 1.86067829046305e-11
