0.0972562876694515 0.170305835905094 0.209769102275418 0.197734239373215 0.168781009286485 0.144957567845684 0.110928733637305 0.0642566385549109 0.0260771533762711 0.00723045757335609 0.00135992736408372 0.000173161030245794 1.49188219014594e-05 8.69570879496966e-07 3.42881600825294e-08
0.278038481299726 0.487663302783468 0.604026471727484 0.578629011363348 0.509130533170623 0.449924187403021 0.349089614319494 0.203143025439366 0.0825502416401886 0.0228972135550583 0.00430701011125991 0.000548431170493964 4.72508585854056e-05 2.75410842555468e-06 1.08597659267562e-07
0.622202708265589 1.09320260451461 1.36233129930562 1.32779518725857 1.20515685595595 1.09472275951045 0.860297080566351 0.502716977914201 0.204530994083081 0.0567501014018387 0.0106757645466067 0.00135942690767037 0.000117124116440741 6.8268198591405e-06 2.69189482439795e-07
1.09040117238862 1.91899877254665 2.40711161111266 2.38966317523765 2.23851260230154 2.08781191858752 1.66018425393889 0.973813250644468 0.396625340753281 0.110082234113807 0.0207102262841431 0.00263725007595998 0.000227218865896274 1.32439402379012e-05 5.22224267477157e-07
1.49949746119483 2.64053977508028 3.33377143326749 3.37397207599682 3.26273245863169 3.12076705184622 2.50865167971556 1.47656240622447 0.601977808404479 0.167122106931229 0.0314436767696389 0.00400413256488716 0.000344987909123754 2.01083918004886e-05 7.92898049441142e-07
1.63346750521902 2.86175415202858 3.62747944225663 3.74076509466745 3.73238075705286 3.65586372010745 2.96814017248963 1.75245295275667 0.715084836394062 0.198571166982014 0.0373632201635305 0.00475803057869128 0.000409944230301534 2.38945479866817e-05 9.42191077216606e-07
1.47013817957702 2.49677574440116 3.1334203647097 3.26991686584989 3.35419094633183 3.35673237654192 2.74968591398868 1.62800484822959 0.664829744420475 0.184656121222991 0.0347470278444232 0.00442494246207359 0.000381247576012841 2.22219237152253e-05 8.76237754033824e-07
1.27352920938944 1.91789932517853 2.24806988854001 2.29349751778393 2.3784951270611 2.4174127841994 1.9946786053334 1.18381104597816 0.483769827081966 0.134392871785412 0.0252902621327303 0.00322069515095365 0.000277492216224445 1.61743127185288e-05 6.37773209571851e-07
1.40580233190222 1.65420621094567 1.56942602581937 1.38588484415642 1.35656268414071 1.37011535408143 1.13361450373069 0.67383605193481 0.27551538795039 0.0765515620149929 0.0144062617144676 0.00183464985309883 0.000158072352387561 9.2136427195362e-06 3.63305455007281e-07
2.00142469248475 1.93862184176375 1.40019650715667 0.886660253696552 0.670411247255797 0.620086223240454 0.505843813349755 0.300334728709049 0.122814594911258 0.0341271155595106 0.00642261465325341 0.000817934206801232 7.04729457087036e-05 4.10769554751318e-06 1.61971610677993e-07
2.77894014151437 2.51408214134338 1.5836099555467 0.748477643734629 0.351782066716488 0.237305572996924 0.178903614982236 0.104960305846056 0.042858147205642 0.0119075983563494 0.00224097276153319 0.000285394348016438 2.45895373422957e-05 1.43326494154174e-06 5.6515453744381e-08
3.20166854114806 2.84890819957356 1.72661585908333 0.727799156139085 0.238960731032254 0.0910842756000511 0.0520976227163142 0.0289286765212871 0.0117179579533286 0.00325220204206157 0.000611973112250744 7.79354659096447e-05 6.71490456402716e-06 3.91395724323648e-07 1.54332316389335e-08
2.9247667540061 2.59308880760176 1.5576373046187 0.637118989566873 0.183002554180593 0.0438965114765854 0.0141894680713474 0.0064403053449008 0.00251899144588515 0.000695622114791037 0.00013080640272496 1.6656810086565e-05 1.43513073292965e-06 8.36502271785018e-08 3.29843461510223e-09
2.09687957469592 1.85764354197636 1.11367851095156 0.452347505945287 0.125408204229594 0.0249209780089939 0.00457775641699266 0.00126412021754744 0.000432047898023825 0.000116768697183447 2.18904520735255e-05 2.7863351734486e-06 2.40053318693804e-07 1.39920055590554e-08 5.51721974515613e-10
1.17725845380971 1.04277071492049 0.624885572899408 0.253409860758613 0.0696648344265023 0.0131391262434119 0.00183851323163232 0.000270657315163451 6.25958830222322e-05 1.55204703043354e-05 2.87182766541493e-06 3.6486860228082e-07 3.14267386630051e-08 1.83170742526503e-09 7.22261208624948e-11
