0.302940331317493 0.287707371624677 0.242787297757625 0.217588535999263 0.22306273796845 0.228520764507636 0.2034404545485 0.148688740895117 0.0883637657630963 0.0432208676762387 0.0178341164157796 0.00637447293957125 0.00199302977513938 0.000535171153731243 0.000119030270126211
0.738891239576103 0.70558821957836 0.59613313852044 0.525519549604693 0.522806775799828 0.524536752239106 0.465607674859197 0.345494756146804 0.212578043607832 0.110187030725696 0.0493484539123101 0.0194034241200757 0.00662772429134713 0.00190138137750224 0.000441016536901576
1.42681376750008 1.37511536037607 1.17130266424368 1.02405373866585 0.991166285862245 0.971137329218159 0.858040798304023 0.648616013275418 0.417309569532494 0.232532511373733 0.114251618176648 0.0493220982012626 0.0181530929872446 0.00547204430384852 0.0013065504787943
2.19210013505494 2.1401283540308 1.84943464875652 1.6155282237173 1.52600494774689 1.45726238464211 1.28081673870195 0.992081764480387 0.675898765885406 0.410180893951005 0.221707282364711 0.103925602954685 0.040513710556533 0.0126432940347402 0.00307731441654892
2.70706845321226 2.68486083429677 2.36394094399954 2.07362914379533 1.91758346132815 1.78466870683566 1.5636041767518 1.25234982678416 0.915668038176 0.609299849111887 0.359471264726528 0.179817472883147 0.0729971434785818 0.0233040433091118 0.00574081194486604
2.74512666551683 2.76610850445186 2.4809101154252 2.18760834846205 1.98711826109096 1.80979956573125 1.59226491966155 1.33497907589118 1.05692334556712 0.76692334970184 0.484849755145494 0.253578129053769 0.105555952333273 0.0341431542590353 0.00846649628236772
2.38511699715982 2.42745050243289 2.20071311097669 1.9439179058988 1.74598016548348 1.57787191675434 1.41669819202079 1.2566153052619 1.0703479708484 0.826911755493202 0.544404845345859 0.290971620611883 0.122361907819681 0.0397486496930716 0.00987167337518805
1.90648190085158 1.9336091814005 1.74588501778945 1.54047396742326 1.39473975040229 1.29114806545545 1.20983175218344 1.12780210506624 0.99687713429551 0.782777114679976 0.515836133331088 0.274066269577437 0.114406678527829 0.0369266819822967 0.00912633981676671
1.51572054762617 1.5129843514294 1.34827624625948 1.20259114434515 1.14015361088266 1.12314035377653 1.10370681844757 1.04184874838403 0.900322129602735 0.677314313331581 0.425856631160562 0.217132993361873 0.0878053163675163 0.0277058961424587 0.00674317245226881
1.22936228758756 1.21302422111053 1.08224019562908 1.00444167504889 1.02366649812245 1.07192168815891 1.07360034279791 0.985677622995025 0.799633292262198 0.554084417030647 0.319664276421473 0.150737651072375 0.0571962428000758 0.0172079164486073 0.00405034538466347
0.975760593379187 0.973266156555246 0.895353296458545 0.877769131656811 0.941716939266581 1.00672828945868 0.994532470060767 0.875198861068142 0.665669911291874 0.425102046869102 0.223368528853679 0.0955619706441816 0.0330889397564637 0.0092097003067442 0.00204048017025638
0.729675840809339 0.76266872332227 0.742379489922734 0.754180817189875 0.806104026382549 0.837877805997405 0.796478084425707 0.670301682322477 0.484511719181514 0.291373994404452 0.14236209134873 0.0558724774873199 0.0175805885481795 0.00444269503340042 0.000901545266436102
0.534224211271841 0.616347191714561 0.644525427656405 0.648100280922631 0.638955169356132 0.605042466182915 0.533499668204077 0.424527932428949 0.293475364381 0.169239114706433 0.0788659908596806 0.02917620039212 0.00852293536081415 0.00197148522012332 0.000363374142499955
0.42741962183329 0.562156807531368 0.625278631692866 0.59868606135047 0.510244157444593 0.404497094354302 0.307522710382636 0.222016287362626 0.144894153625988 0.0805072949158354 0.0363499209213061 0.0129761634178065 0.00361849937969011 0.000786922943532507 0.000134125995857263
0.383546010544265 0.555202652049648 0.637490667102964 0.583060348085914 0.435110026327971 0.279557795683623 0.167895507417253 0.100518014457113 0.058839596760959 0.030981629997738 0.0135831033134652 0.00473754181873257 0.00128650954845063 0.000269920394462638 4.37687595968945e-05
