73.7555314654566 7.33848222403713e-27 9.24585671327143e-57 1.11083882398635e-49 5.45796206410942e-37 9.6658299700404e-26 7.22216338999166e-40 0 0 0 2.05777389058045e-58 1.581226548114e-28 2.82506415409753e-302 0 0
92.5743044760506 2.73441537710904e-26 3.44512829757974e-56 7.49735210620548e-49 3.68372643207536e-36 1.14075263059293e-25 3.28994231695017e-39 0 0 0 1.12687279640369e-57 8.65907177740679e-28 1.54705429878388e-301 0 0
102.985647107025 8.68357861761695e-26 1.09405625313003e-55 4.31261587229666e-48 2.11894771048806e-35 1.14741313836923e-25 1.27727752191157e-38 0 0 0 5.259302476086e-57 4.04133259626648e-27 7.22035932556026e-301 0 0
102.568688047036 2.35022263859472e-25 2.96107847608565e-55 2.11421747512806e-47 1.03879325473305e-34 9.8361279563405e-26 4.22628000431012e-38 0 0 0 2.0919794540723e-56 1.60751065315299e-26 2.87202408090673e-300 0 0
93.0504846958749 5.42119815532566e-25 6.83024361552762e-55 8.83353534791579e-47 4.34024268686222e-34 7.18628658974922e-26 1.19181069012326e-37 0 0 0 7.0919014616782e-56 5.44953112640128e-26 9.7362867200767e-300 0 0
79.4384190705234 1.06575546983797e-24 1.34276026904188e-54 3.14554176648658e-46 1.54552102985972e-33 4.47466892453633e-26 2.86439098317562e-37 0 0 0 2.04900954872172e-55 1.57449188689237e-25 2.81303181753583e-299 0 0
67.637810321303 1.7856480774148e-24 2.24976306545078e-54 9.54624053110371e-46 4.69042110777611e-33 2.37461548057251e-26 5.86723294381316e-37 0 0 0 5.04546599777606e-55 3.87701720767756e-25 6.92678879651567e-299 0 0
62.0281827240805 2.54982387089469e-24 3.21255886907387e-54 2.46913764792955e-45 1.21317866484917e-32 1.07399359998545e-26 1.02426038545256e-36 0 0 0 1.0588503805017e-54 8.13637659508655e-25 1.45366809648076e-298 0 0
63.9733097484648 3.10313383358922e-24 3.90968185403422e-54 5.44294870833826e-45 2.67432204614488e-32 4.13986428262567e-27 1.52392443611133e-36 0 0 0 1.89384277792842e-54 1.4552592450134e-24 2.60000740115957e-298 0 0
71.4339290396057 3.21859877899536e-24 4.05515775872934e-54 1.02258447273567e-44 5.02433578933605e-32 1.36002385546952e-27 1.93237985666707e-36 0 0 0 2.8868835050447e-54 2.21832770859069e-24 3.96332713933732e-298 0 0
79.6668324291681 2.84517634804225e-24 3.58467759883947e-54 1.63734484949642e-44 8.04488093272312e-32 3.80787742722689e-28 2.08832256993841e-36 0 0 0 3.75051241871104e-54 2.88195405367123e-24 5.14898077096774e-298 0 0
83.1224513663781 2.14352004495926e-24 2.70065097831845e-54 2.23438050702353e-44 1.09783379737814e-31 9.08647437811303e-29 1.92344013796212e-36 0 0 0 4.15267524006043e-54 3.19098243268458e-24 5.70109962907241e-298 0 0
78.1202205789838 1.37632792110905e-24 1.73405485774256e-54 2.59866394920908e-44 1.27681972810901e-31 1.84792297138952e-29 1.50985686775014e-36 0 0 0 3.91869390010861e-54 3.01118740846512e-24 5.37987274440282e-298 0 0
64.8246563014771 7.53168769345049e-25 9.48927899486599e-55 2.57584141203311e-44 1.26560617134241e-31 3.20293654021467e-30 1.0101105213662e-36 0 0 0 3.15159733914537e-54 2.42173807551635e-24 4.32674586441433e-298 0 0
46.9882345781121 3.5126808919559e-25 4.42567593883244e-55 2.17602626203678e-44 1.06916219817399e-31 4.73139075051314e-31 5.75941035128092e-37 0 0 0 2.16021074143252e-54 1.65994067157234e-24 2.96569703739221e-298 0 0
