2382720.39895957 0 0 0 0 0 0 0 0 0 0 0 0 0 0
6540013.42266627 0 0 0 0 0 0 0 0 0 0 0 0 0 0
14615111.6636671 0 0 0 0 0 0 0 0 0 0 0 0 0 0
25174594.9944565 0 0 0 0 0 0 0 0 0 0 0 0 0 0
32330587.8259602 0 0 0 0 0 0 0 0 0 0 0 0 0 0
37329159.694555 0 0 0 0 0 0 0 0 0 0 0 0 0 0
52945544.978695 0 0 0 0 0 0 0 0 0 0 0 0 0 0
80673848.373282 0 0 0 0 0 0 0 0 0 0 0 0 0 0
94814459.3555491 0 0 0 0 0 0 0 0 0 0 0 0 0 0
79653844.1022841 0 0 0 0 0 0 0 0 0 0 0 0 0 0
55717759.4239189 0 0 0 0 0 0 0 0 0 0 0 0 0 0
42404768.3659499 0 0 0 0 0 0 0 0 0 0 0 0 0 0
38881732.5993256 0 0 0 0 0 0 0 0 0 0 0 0 0 0
36333302.487046 0 0 0 0 0 0 0 0 0 0 0 0 0 0
26652330.1724222 0 0 0 0 0 0 0 0 0 0 0 0 0 0
