0.62788959329956 0.631962261712185 0.594035648051529 0.613062049281606 0.714401078159595 0.831230184967514 0.854818660435034 0.724830964685882 0.494539691658443 0.278807148507788 0.143266017662354 0.0759173557732654 0.0410530115096038 0.0197754626593425 0.00762479091464117
0.931310864366292 0.911390172606922 0.809833203125796 0.783663219312214 0.883974559151007 1.02292237502109 1.05364454644524 0.898234479384545 0.625003074346367 0.37343831849812 0.216119124908525 0.131667707289713 0.0778225535678788 0.0388925154752284 0.0151825546526461
1.23541387157099 1.18132892507847 0.994946862015624 0.896160279759815 0.970316965672192 1.11644426553485 1.15698370314466 0.999441788502995 0.718743842452311 0.463537248840163 0.302949592593951 0.205638204497811 0.128443367754776 0.0654968338457715 0.0257307864273116
1.48935747614709 1.40099301827035 1.1263633885022 0.94117872028756 0.968262405306489 1.10498668991003 1.15656879844903 1.02054472159146 0.7672864208796 0.537587358047204 0.389241039732171 0.283698089567492 0.182683266873019 0.0940875174608413 0.037068920771657
1.66498229330821 1.55330660522885 1.20664505124079 0.940493342590893 0.911640029322191 1.02567625821272 1.08455383355346 0.981093028223372 0.772658501257102 0.580846444809211 0.450346665021056 0.34098001621383 0.222579279882449 0.115058316228315 0.0453665539008016
1.76186336928785 1.64379267458984 1.25351607166002 0.92712481320209 0.84628352194687 0.929339735357487 0.984991873713353 0.907007742364558 0.738073445595461 0.578061445550175 0.462011038558397 0.354004851598801 0.231568958775526 0.11965477356768 0.047151255496871
1.78923495469659 1.68187588328252 1.28040442316852 0.922474742017741 0.802082842394354 0.8499054980108 0.88720350975751 0.815018861301955 0.666392549934101 0.523504152933265 0.416212557665209 0.316105534456598 0.205428354732828 0.10577438307018 0.0416129986054153
1.74744063953092 1.66695344477556 1.28843721061659 0.931650272286432 0.788870046286505 0.800949176844949 0.805653780588404 0.71779686772315 0.56911687446193 0.430512953796638 0.328916977671815 0.242751658097911 0.155407983965492 0.0794889356956103 0.031186225170208
1.63269852803382 1.5960356853551 1.27617126732888 0.955044898704445 0.81012994881055 0.791262945618178 0.755731656160889 0.636755395670065 0.472560331430563 0.329355502157741 0.23169631025361 0.161559668705469 0.100559079064758 0.0508365696488533 0.0198544997032934
1.45854796329795 1.48150600798414 1.25082920533445 0.994879368621723 0.867859958960564 0.828886256780555 0.755325859079584 0.598783767542773 0.408374804694769 0.252127371716631 0.153852152088876 0.0959701767749601 0.0563255413167227 0.0277887032579661 0.01075400396622
1.26314630075504 1.35233379143313 1.22289845962203 1.04490459695673 0.948565822738633 0.903551376493189 0.804215644852603 0.614411384327028 0.393110033904759 0.215549031166996 0.108948886615449 0.0555310214320078 0.0284818550650531 0.0131970762701109 0.00498462244037443
1.08737298148517 1.23218230151727 1.18887483477117 1.07787335039704 1.0118405838427 0.972816051236593 0.867146308317342 0.660575145220413 0.414808037880627 0.213820543162447 0.093146753892477 0.0370105632969629 0.0146709671043129 0.00576789539575453 0.00202202141400508
0.945092057877102 1.11813223349925 1.1250030680884 1.05301651450194 1.00563491374928 0.978655855834712 0.887140951017216 0.689423786797362 0.43925402731274 0.224976973514275 0.0924596758241366 0.0312756913661567 0.00934454471111452 0.00271028722347939 0.000775993679641824
0.817472558982336 0.985105397112415 1.00394074748045 0.943232389661936 0.901024858469605 0.885977014004122 0.82244939486309 0.658665733312406 0.431645446769728 0.225171305300741 0.0921923357557187 0.0295838992323038 0.007597719394925 0.00166016592254097 0.000340018889654425
0.676716804802406 0.812757222398343 0.820166667101237 0.757576078221287 0.71432518042553 0.707643398567536 0.674513186693734 0.558427482448222 0.377484402288013 0.201726609938388 0.0837119829029245 0.026726535899007 0.00656553445466613 0.00126226291559762 0.000199686513211081
