6.5405921978468 0.00117374731550836 1.13192874165297e-07 2.14996603108581e-13 0.270358834605137 9.52776922559283e-06 2.00591326905799e-30 1.18831755968426e-35 1.94727624791762e-06 0.00120944700170641 1.234894976601e-16 9.98039069088549e-07 3.05723825175768e-23 3.54956596067241e-66 1.562015866522e-135
10.7457911525626 0.00839778876480941 2.39679090420324e-06 1.64739323044003e-11 0.315870147337549 6.72045984297544e-05 1.44411615988269e-29 4.03756461379432e-35 6.61629007145475e-06 0.00410935643974403 2.35337306865974e-15 1.90199029975212e-05 5.82626239690656e-22 6.76450475199811e-65 2.97677627880533e-134
14.8455057777575 0.0426674777512065 3.84197200666159e-05 8.96015685244984e-10 0.395652714313775 0.000342527494208785 7.37975909250887e-29 9.73770326992791e-35 1.595701261188e-05 0.00991084910539422 3.18347625331603e-14 0.000257287764271353 7.88135473852681e-21 9.1505424831628e-64 4.02677192207361e-133
19.7216369690794 0.153998006235265 0.00045449255205027 3.45928534375187e-08 0.558217869001136 0.00124204965344794 2.67690107417546e-28 1.66703096797333e-34 2.73173595898059e-05 0.0169667240001299 3.05676836646499e-13 0.00247047264161129 7.56766312440297e-20 8.78633499131874e-63 3.86649940220224e-132
26.9474990013946 0.395067978352837 0.00389993967373193 9.48002353045248e-07 0.70885307732174 0.00319786364319483 6.89243278223836e-28 2.02572682482786e-34 3.31952490191675e-05 0.0206174621808608 2.0834041562617e-12 0.0168380209175502 5.15789844580354e-19 5.98850964307526e-62 2.6352932113231e-131
34.908176289258 0.721122429996459 0.0240291130125079 1.84410025307781e-05 0.687586200265581 0.00584450140627987 1.25968754982442e-27 1.74730279147365e-34 2.86327606289082e-05 0.0177837153461112 1.00793981861783e-11 0.0814614471153397 2.49536375757305e-18 2.89720902461055e-61 1.27494079986476e-130
38.8983927026462 0.938256357074592 0.10572015334307 0.000254631170471187 0.482286273604776 0.00758206171055367 1.63419250695528e-27 1.06980726440478e-34 1.75307539541758e-05 0.0108882947810843 3.46135193472304e-11 0.279745608189859 8.56929353377218e-18 9.94926470549045e-61 4.37825624383084e-130
37.2777415318905 0.87366768979106 0.331172728920471 0.00249568855581682 0.241207346712983 0.00698196405358679 1.50485159499148e-27 4.64935807045899e-35 7.6188258474228e-06 0.00473202817912596 8.43736807201643e-11 0.681906003012894 2.08884519763147e-17 2.42522603737669e-60 1.06724078162138e-129
34.4736464199458 0.592120074563 0.737535101823083 0.017362843773276 0.0857352657907948 0.00456371035450094 9.83635538271279e-28 1.43426871996811e-35 2.35031232919523e-06 0.00145977141284324 1.45988387607927e-10 1.17987454180397 3.61424486595738e-17 4.19627110918217e-60 1.84660381730975e-129
35.0764663828021 0.33311904259044 1.16688428905748 0.085743825072809 0.0216440716518094 0.00211742800960967 4.56378135449148e-28 3.1406398684646e-36 5.14651438858579e-07 0.000319648350005311 1.79299760288763e-10 1.44909623280736 4.43893688196241e-17 5.1537688463529e-60 2.26795861792212e-129
37.5491082821154 0.302205233286768 1.31120957983631 0.300563516082825 0.00388131165335955 0.000697347634386967 1.50302266079142e-28 4.88152853379102e-37 7.99927972949336e-08 4.96832685911544e-05 1.56311591941114e-10 1.26330642417587 3.86981716778765e-17 4.49299994362806e-60 1.97718179574271e-129
36.6310514346674 0.59564029912902 1.04658775814401 0.747861161867991 0.000494649196488818 0.000163019703853282 3.5136322719095e-29 5.38571794374074e-38 8.82548654133879e-09 5.4814812471713e-06 9.67281192462284e-11 0.7817542699472 2.39470490843623e-17 2.78034040165285e-60 1.22351179547913e-129
30.3156349463264 1.14455696442796 0.593897205166524 1.32086036774042 4.48461359156493e-05 2.70508522920365e-05 5.83038409871095e-30 4.21775606247214e-39 6.91156680554712e-10 4.29275186764163e-07 4.2487813413103e-11 0.34338545828501 1.05187381003532e-17 1.22126414873868e-60 5.37427392160061e-130
21.5274568076952 1.62131509026147 0.240238856956024 1.65593758102475 2.8976991572556e-06 3.18619160559552e-06 6.86733298160898e-31 2.34460340694535e-40 3.84206266071207e-11 2.38629273598728e-08 1.32472611860616e-11 0.107064037613998 3.27963384720059e-18 3.80777541979251e-61 1.67564307517239e-130
13.7158100288543 1.63775999491388 0.0698061029514261 1.47360829405129 1.33917494162046e-07 2.66386926375496e-07 5.74154965961167e-32 9.25139886049494e-42 1.51601136533238e-12 9.41589773056005e-10 2.93182400980361e-12 0.0236949292125006 7.25833749447337e-19 8.42719656756966e-62 3.70845756768243e-131
