0.34546467493852 0.292892375565422 0.18850263932933 0.122836157150699 0.10356996408038 0.0887703471501705 0.0623264174607818 0.0371237144565642 0.021077736787224 0.011125579316907 0.00470441448386378 0.001430913970586 0.000299528930765286 4.25200183831116e-05 4.07462830105379e-06
0.685809903131761 0.58876382993678 0.396674950383285 0.285692942708882 0.259846585927212 0.228020326105658 0.164298155166788 0.104217348695646 0.0643063875474369 0.0358827644191481 0.0155304512365851 0.00476127206025073 0.000999147051366958 0.000141944137521682 1.36055253272927e-05
1.07460937611797 0.939589314345094 0.669386091932235 0.530327968705744 0.508915411769365 0.452762757175302 0.335293733910963 0.227377649031636 0.151442735237077 0.0883496403098351 0.0389029554440288 0.0119938884500433 0.00252125184081646 0.000358372019956527 3.43567859017917e-05
1.39077049563573 1.24927937206366 0.947357639530426 0.808594800652338 0.793676731460955 0.706265044280737 0.536334578792248 0.387735368518815 0.275277634220304 0.165944219788954 0.0739288154152536 0.0228741617223576 0.00481349344561972 0.000684460111083803 6.56411694578853e-05
1.61188700680763 1.50175786452821 1.20574214669224 1.0635885654288 1.02566042083416 0.89549353416714 0.69022437160169 0.523727311121513 0.387926164948682 0.23821504398655 0.106704216824469 0.0330582544946752 0.00696033638580876 0.000990685402066389 9.52170357223406e-05
1.82639611584109 1.76986564414339 1.47316175118516 1.28047831256188 1.16924559214518 0.982018786763445 0.75295330090927 0.57855119090537 0.430692410409662 0.26358158783231 0.11759931151072 0.036383097101129 0.00767756153090767 0.0011011293838981 0.000107662212264225
2.07577097384479 2.07435354582043 1.74854048566579 1.46195509931425 1.25250956428487 1.0097503966653 0.756498116759239 0.558528344275503 0.393641285648061 0.231221280935016 0.101241879504062 0.0313779755730867 0.00678586091739432 0.00103139707540772 0.000112758173276079
2.29783384630034 2.33114552259247 1.95764483364902 1.57584250892126 1.29237695760291 1.02556644221506 0.757157090212368 0.520741486206569 0.327338198323145 0.176254531980492 0.0757281235883487 0.0249904529745061 0.00631817340279368 0.00123794016561491 0.000187520863097947
2.46687089472291 2.48902577969229 2.04706234665763 1.58832946762775 1.27483598614052 1.02807084991249 0.772663535020465 0.510747198777871 0.292511960728815 0.150004008348433 0.0712440040692172 0.0303360062483028 0.0105955545284534 0.00278952599768237 0.000524449566295883
2.64168648427 2.60106337422041 2.05843179411986 1.53125657380059 1.21756179520967 1.01758460497004 0.800027905269118 0.542391732490816 0.32188300542713 0.189182831085032 0.115025834457813 0.0619320678662308 0.0252201533192982 0.00722267941650104 0.00141706905520643
2.80023244316376 2.68520375059111 2.04685752713552 1.47435528216003 1.18115919736744 1.02953589745284 0.84967125818028 0.61636109366976 0.420555630940765 0.305037969816696 0.218347903808932 0.126698781569155 0.0530144109086836 0.0153211315198446 0.00301428163863635
2.75974185619545 2.61855858410503 1.97504370778949 1.43164007883641 1.18832617432265 1.07355661901406 0.913806858982511 0.712412732329689 0.562729070702503 0.470616505650452 0.357771545802496 0.209424386097861 0.0871340878841385 0.0250079034429172 0.0048939009593684
2.36402947300282 2.26354690928661 1.74900514216325 1.33500904734346 1.17324044858953 1.08513164156846 0.935950308733674 0.776931172312059 0.686671634239116 0.616233938897939 0.471401119723236 0.270936148855109 0.110544186808911 0.0312583104226947 0.0060552883792486
1.68615479873821 1.65391496122517 1.34555333812612 1.11538205935148 1.04632779882905 0.983921125439658 0.856709057041177 0.754508753940693 0.722913840574453 0.66522176605095 0.497161184224485 0.275610889854027 0.108919059784858 0.0300753960753379 0.00573158833006599
0.97799230695244 0.992561095744238 0.8659567026565 0.792351583287609 0.795025572933309 0.761269772607338 0.674253173766756 0.630877457084815 0.640023002478982 0.588462523663704 0.422673725555724 0.222993586327003 0.0842804868818631 0.0224756151585779 0.00417747033489454
