3568.02784026239 0 0 0 0 0 0 0 0 0 0 0 0 0 0
9318.84863612782 0 0 0 0 0 0 0 0 0 0 0 0 0 0
18622.3591524496 0 0 0 0 0 0 0 0 0 0 0 0 0 0
29286.0668799357 0 0 0 0 0 0 0 0 0 0 0 0 0 0
37689.2537127523 0 0 0 0 0 0 0 0 0 0 0 0 0 0
41540.091599122 0 0 0 0 0 0 0 0 0 0 0 0 0 0
40896.2587645672 0 0 0 0 0 0 0 0 0 0 0 0 0 0
37982.5013914293 0 0 0 0 0 0 0 0 0 0 0 0 0 0
36395.3461125284 0 0 0 0 0 0 0 0 0 0 0 0 0 0
38520.401447011 0 0 0 0 0 0 0 0 0 0 0 0 0 0
44421.9096883912 0 0 0 0 0 0 0 0 0 0 0 0 0 0
52309.2008089364 0 0 0 0 0 0 0 0 0 0 0 0 0 0
57595.6420563875 0 0 0 0 0 0 0 0 0 0 0 0 0 0
54277.3817229719 0 0 0 0 0 0 0 0 0 0 0 0 0 0
40855.7002045547 0 0 0 0 0 0 0 0 0 0 0 0 0 0
