4.3194095954535 0.347734062680588 0.290310002748078 0.0350759326846174 0.108286391711393 0.0803071474959602 0.585535978043129 0.363088334693684 0.00377854857051158 0.0263982685810552 0.736545414433331 0.166121770332624 0.00101192565846682 3.00786192938489e-08 2.92621703435197e-15
7.16694756710947 0.571166829371855 0.462337429662445 0.105969736948569 0.262890118439636 0.128537357196072 0.861816115673204 0.530470257226875 0.00552248804089461 0.0260641720595102 0.77256874833419 0.299780786631728 0.00227257350946813 6.81608633924682e-08 6.6328487331189e-15
9.64539096355946 0.755860194822367 0.563303532850614 0.253977764064327 0.484061677195132 0.176173298666261 1.02087114005561 0.587151421538288 0.00610885240156123 0.0195256453165336 0.656392306373676 0.457002037825225 0.00388263704935618 1.16910750950482e-07 1.13781082042443e-14
10.8438437910217 0.848865848422401 0.532643928418155 0.476825164632077 0.678363083356384 0.215737482314697 1.02446039319781 0.492973676656829 0.0051143408694136 0.0111349009463976 0.474645924518988 0.560977161101468 0.00503157812780344 1.51767121812202e-07 1.47711839221952e-14
10.7102459700826 0.895642003028322 0.405043501692183 0.695005257082533 0.734443225025401 0.236907935953633 0.918210863335711 0.314862577453537 0.00324074483124993 0.00486915948686718 0.30510144563644 0.537345577616981 0.00493958027891828 1.49103614050993e-07 1.45122697170934e-14
10.054551241919 0.998010028447825 0.27325485171609 0.783696595118984 0.655764222505486 0.227828564084154 0.74647313995109 0.154072681091428 0.00155615521568177 0.00165818561138083 0.174738711425448 0.395068979609077 0.00367146416682775 1.10860957337802e-07 1.0790211394134e-14
9.68838908987498 1.18445209690374 0.212084356024604 0.689838414810541 0.598909328414451 0.195363679999497 0.538536611343847 0.0595228961762192 0.000580779665752926 0.000453079866601305 0.085576730403762 0.22121034890798 0.00206559503552527 6.23800778837477e-08 6.07154262774365e-15
9.6779935864514 1.3606137364976 0.257519986991491 0.496773384761408 0.735019272342094 0.172980660814815 0.359650608738152 0.0240348437479538 0.000252835135263693 0.000104092041306443 0.0340820535762428 0.0939976256463772 0.000879551430559461 2.6563706040435e-08 2.58548836133393e-15
9.56675200636754 1.42632150824464 0.411258306363693 0.336432124555777 1.05826859660614 0.190326949292089 0.298225887620134 0.0315557093330016 0.000464874839992671 2.11201753472226e-05 0.0106529925804776 0.030264188017332 0.000283443992662241 8.56064107123373e-09 8.33221660713337e-16
9.15334808428641 1.39247862988076 0.613888451957237 0.260933626370731 1.34305230963136 0.237973448759205 0.389800658219119 0.0890151057026978 0.00145237634662737 3.90621849731693e-06 0.00256309955732153 0.00737810571232377 6.91280722318338e-05 2.0878462913693e-09 2.03213676928263e-16
8.71348930636859 1.31952879049849 0.741007799179323 0.228149185754968 1.33831787816351 0.272791112982257 0.567789644157546 0.218707458452771 0.00366476154371706 8.05023021014737e-07 0.000470265253451742 0.00136155411050827 1.27590689841575e-05 3.8535877722388e-10 3.75076393402694e-17
8.44137480185191 1.20133164794365 0.69337918917345 0.18372665319292 1.0181414339921 0.258291379139418 0.695041345571408 0.413434549314541 0.00702063705904448 4.69960200846102e-07 6.55169428817377e-05 0.000190170321672767 1.78221138958243e-06 5.38277761823413e-11 5.23915131898335e-18
7.99078903477089 0.993172676126206 0.4967362660224 0.11971317625535 0.587825418478896 0.195788418355261 0.668603570746391 0.594662965630373 0.0101801146488046 5.77127267664196e-07 6.91794170370803e-06 2.01022122894286e-05 1.88397185987565e-07 5.69012817335162e-12 5.53830112930677e-19
6.8152405677268 0.709490854554912 0.271398316746256 0.0603669474618085 0.257241763432111 0.117478974434372 0.503061608908976 0.649281677078971 0.0111714582344885 6.253031926693e-07 5.53162596845654e-07 1.60815380764321e-06 1.50717701428353e-08 4.55210299674934e-13 4.43064140338599e-20
4.88790984563116 0.426831736333993 0.112961990090115 0.0232607859084979 0.0853058106886622 0.0553462536600419 0.298274511663206 0.537516039631931 0.00927777506972717 5.18833816048863e-07 3.34830665696571e-08 9.73619558583197e-08 9.12491084531228e-10 2.75598294703717e-14 2.68244638262751e-21
