1.0503163714605 0.960741451057793 0.608666921973035 0.334280553899475 0.196066949955216 0.11766927399886 0.0832002176730741 0.0907579043578101 0.0984563745626818 0.0724935818263572 0.0331027829967498 0.00936395444819983 0.00169583208174239 0.000208412378704835 1.8420731584159e-05
1.80311216539749 1.66768192294743 1.07259311039 0.599530268904662 0.358164002662942 0.221003597540026 0.155396338740819 0.156994379999381 0.162849677832498 0.119927382764403 0.0567888295907443 0.0175178681685524 0.00372015400933753 0.000572848125995239 6.39512223006937e-05
2.53919707417424 2.3506146984709 1.51230043488749 0.844939010717132 0.510950921210145 0.329139990620254 0.23596514203371 0.221131579113939 0.217267795176033 0.162612003543985 0.0839902274217674 0.0306412248586326 0.0081915089008592 0.00158360518614031 0.000210096757254686
2.97789443127693 2.72589181808282 1.72368844163191 0.942447888082579 0.573772929686776 0.394167917368844 0.298136794517728 0.265535254444617 0.249231962013412 0.196833456765186 0.119015304396125 0.0543118327692053 0.0180274475069524 0.00409558320564917 0.000607787643885548
2.98273179608988 2.66741978914851 1.62669118070528 0.848070025749598 0.515919744534132 0.388429130141442 0.324006551962986 0.290830694869315 0.27225040228202 0.23703004705006 0.172471944699697 0.0953897330278223 0.0366893425600389 0.00926283641402694 0.00149349069852802
2.65613319968288 2.30564920950195 1.33905649339405 0.649110695254538 0.390264574350201 0.332809078999415 0.322120927247704 0.313904817301139 0.307796021134538 0.294026347399846 0.244653715157194 0.153042239138773 0.0648728885247158 0.0177444402498704 0.00306821507666987
2.2455695658544 1.90827130464303 1.07028317895829 0.487161835670542 0.290555859468523 0.288191857066351 0.330951696605359 0.356393036426221 0.359269825007164 0.352568023617259 0.313063590863414 0.211943806742877 0.0968754248338991 0.0283535844084712 0.00519663715152804
1.9854489079563 1.69628634128383 0.969017248212682 0.45262087815852 0.285229977490302 0.320009954759845 0.405118190551166 0.443810526381882 0.420170137354136 0.386283770489222 0.345893789834108 0.247495160445879 0.120406771771188 0.0372371986214427 0.00713419877269833
1.98268671847785 1.73830242476993 1.05272787299096 0.543185976211659 0.383323842526037 0.458462070613052 0.582626229574399 0.601429949669464 0.498131645803983 0.391062184197026 0.329317367447665 0.241598160891066 0.122887343708995 0.0395318876461134 0.00780557507117961
2.18151077499786 1.94853987960187 1.23097054820621 0.688687067541925 0.539339260199289 0.672437270610672 0.840702753314216 0.819644813367007 0.60287295720175 0.388903987761846 0.280039817032382 0.197987124932157 0.101997110188698 0.0334673487329311 0.0067189716135889
2.42380888415044 2.17014273628809 1.38598659701828 0.810091028229821 0.685905445699536 0.877570079403916 1.08062918878769 1.02212034129753 0.71095994279418 0.400810190004476 0.232807300150072 0.142489162567084 0.0696780548052934 0.0225657296158627 0.00452768060921892
2.55788411124406 2.27740485569498 1.44648118447695 0.866736111911397 0.771831485024942 0.984034315406199 1.18308057569226 1.10504267205034 0.771596738377799 0.426719296569489 0.213629714437822 0.102963218263186 0.0422796486459969 0.0125306320386148 0.00241875988582603
2.50093017306963 2.21248434017956 1.39367183490961 0.851721925660866 0.775070557959471 0.949301404738872 1.09629488037067 1.02277725648012 0.751148165086628 0.446651753280672 0.2191759860777 0.0870201803288005 0.0271736821715522 0.00644250986806363 0.00108820880947582
2.23007895633787 1.96094374982285 1.22599298284141 0.761962467204083 0.693080208086105 0.792905647288612 0.866098642279136 0.816716797041954 0.652195237838206 0.431429562170553 0.220852073941382 0.0811115615487707 0.0206745210802948 0.00371082003671648 0.000482207744044555
1.76935273327145 1.54414649334403 0.956266500260282 0.600579133409144 0.541057403824858 0.573105366480338 0.587446749606795 0.566855674777987 0.498813203125272 0.362429244856879 0.192884719647215 0.0692747218969251 0.0161810573095729 0.00245330066608575 0.000248219591519112
