0.398596614045312 0.451368200183471 0.500782287305846 0.599734576031039 0.666683264189935 0.600515600733613 0.428772550600258 0.248105118114971 0.116484310651196 0.0427647372963075 0.0117002050814608 0.0023055413229211 0.000322287439565606 3.19642610508483e-05 2.27538011896041e-06
0.625311026423313 0.661369892629319 0.655372816617235 0.714401948904229 0.772595672562602 0.712657633975019 0.540867010577229 0.339456379213043 0.172039564936214 0.066986921805334 0.0192011873716877 0.00396902116739476 0.00059124517826117 6.4286046908388e-05 5.19227867278839e-06
0.841991794720142 0.83857412769258 0.744947982894572 0.730773986982553 0.765374220715208 0.727227887302961 0.589605493920546 0.40002079205899 0.217486851922043 0.0900973831779282 0.027612622422182 0.00623059409943531 0.00104551169117418 0.000131907654357763 1.25108588663464e-05
0.990985360928725 0.940024007684953 0.760624998085642 0.673001748411942 0.680472300292025 0.663898817938191 0.570038636263834 0.414316016948998 0.242691726043532 0.109861892053173 0.0377734975828249 0.00985141541896247 0.00194399964749952 0.000286425856516823 3.08428711930357e-05
1.06199670730033 0.972959843646231 0.738086287417053 0.604658791426731 0.591038049877359 0.579995811874495 0.513550154319121 0.396969185264989 0.257015974702506 0.133562603600433 0.0540343893395182 0.0165844318408254 0.00376024027229418 0.000614476686897289 7.10176799160853e-05
1.11765121118778 1.00447109344286 0.739116005849216 0.582984103182771 0.551751759562527 0.526234976453312 0.464517393480313 0.382978316040961 0.283695129983023 0.173650789548714 0.0816963977006322 0.0281940246845709 0.00694109320412829 0.00119964722197447 0.000144311234156956
1.24936619532246 1.11922213172821 0.820334406252242 0.636990994307667 0.57926662540133 0.523122405839 0.450766001485954 0.396947928915332 0.335381656045262 0.233314810489935 0.120820225782909 0.0445791013198834 0.01151921102064 0.00207081472748765 0.000258476722783374
1.49060622336996 1.35112300653751 1.00706800428818 0.780786113395055 0.681313337458157 0.578633846934506 0.479080011425595 0.436515460016457 0.400043402237661 0.299901039218401 0.164535030843574 0.0636685813059619 0.0172001584344564 0.00323725486653507 0.000424655071065202
1.78115636631246 1.65440798912796 1.28269904714848 1.02363033264098 0.879741999121715 0.712201753225972 0.554660019145922 0.490299666002034 0.459147011016484 0.359611944212582 0.207269933252359 0.0845273004425868 0.0241500573348557 0.00482284317772037 0.000672689517701181
2.0272744030647 1.94284628337594 1.59117715917377 1.34371423561086 1.17819270855331 0.937814478615439 0.68831152913348 0.562703188786031 0.515476363071783 0.416707852379327 0.253337262554393 0.109734962222768 0.0333404602677549 0.00706665471197547 0.0010417500895377
2.18253116007212 2.14768341917082 1.84760083782031 1.65362601581482 1.50643103263635 1.21627061566042 0.871215362514209 0.665454632161986 0.588587289672451 0.487158952720715 0.310711425622451 0.141699262558758 0.0451550124873184 0.00997620190877502 0.00152259160256128
2.25283593146836 2.23460432386602 1.96324850785479 1.82124103757827 1.72510320969113 1.44122141993398 1.0476640667275 0.782768631371845 0.678467663090258 0.569262881789793 0.373790232683761 0.175541172327244 0.057345262220584 0.012919747845712 0.00200116419745784
2.23753002553329 2.18466161614369 1.88582559567314 1.75344137012609 1.71332470750324 1.49546925899719 1.13061862685837 0.859180367770996 0.745340461349364 0.629233287305108 0.417636049834229 0.198095273985643 0.065187939458263 0.014754212114938 0.00229053624147735
2.09797958293851 1.98384468561731 1.62795320120454 1.46485743369207 1.45854646706955 1.33332391414916 1.05918711677114 0.835305500889964 0.735986501667489 0.623752214314783 0.414361323394004 0.196425568948853 0.0645135994735952 0.0145565028233434 0.0022508003216022
1.79778494679798 1.64044356909902 1.2579557138673 1.06265170659525 1.0611360238087 1.01271601677902 0.84638130039366 0.697997871049003 0.629983060810109 0.536714052765282 0.355749495224367 0.167868519785583 0.0548269042070258 0.012294543163115 0.00188854292610701
