7.7497883399043 0.0217412881363306 0.000865724117371383 0.00728603333283843 0.00024996852369132 0.364190376327231 0.135307379954993 0.000102348764028975 0.132289026326381 0.000129881151827079 8.87168794007949e-24 3.65129436818307e-58 1.18609405676062e-107 3.79829350891156e-174 1.1802566165615e-257
13.3636919068798 0.0543164482991323 0.00182941713902196 0.0153607529566052 0.0004331930221273 0.459996782278822 0.332808786605769 0.000162074879681478 0.220901492391695 0.000290221219128257 2.15221824583945e-23 6.59322320850905e-57 2.1717292628193e-106 6.95466551409103e-173 2.16104678956137e-256
18.9633810045014 0.113804677844144 0.00306389920748171 0.0255717910251367 0.000591283151082993 0.467424482063613 0.66786314714534 0.000202540322984843 0.295989535419182 0.000510836704019956 6.23735194552523e-23 9.49206614890701e-56 3.13192246746781e-105 1.00295560440378e-171 3.11651794714697e-255
22.4193983926519 0.200517815581589 0.00413727392730198 0.0340151908596234 0.000635665745226868 0.384107704110288 1.10536276823836 0.000199941330762611 0.3195187967328 0.000708891746134604 3.64700182987656e-22 1.07793669732268e-54 3.55741214101604e-104 1.1392129353549e-170 3.53991497040748e-254
22.6145577777997 0.296774155485041 0.00479489561955764 0.0384769525630089 0.000538259970553123 0.2568971647432 1.52246246140705 0.000156165761464254 0.278898793289555 0.000781044256089845 2.88737905880951e-21 9.64324324518446e-54 3.18254911583887e-103 1.0191681464608e-169 3.16689572867122e-253
20.418750947566 0.366579947208863 0.00565941454239487 0.047172812520684 0.000359063848986058 0.142818675067398 1.75214262445867 9.67674768790763e-05 0.197379026902914 0.000721656235861502 2.00224877401229e-20 6.79485886844577e-53 2.24250688150403e-102 7.18132383831015e-169 2.23147709911541e-252
18.0196806317365 0.374163075238521 0.00830823758677434 0.0882476882650712 0.000189000349608839 0.0765775672783327 1.68063714209758 4.77937346639385e-05 0.113397635437737 0.000766460345654556 1.10901984535904e-19 3.77100129602742e-52 1.24454381315688e-101 3.98548259878861e-168 1.23842251768062e-251
17.3488767137517 0.312820813536613 0.0140474832506778 0.21095892279939 7.95061248949041e-05 0.0716216786118485 1.33276406232614 1.89741507843419e-05 0.0528851377880025 0.00162272698086243 4.84650860373322e-19 1.64835520292326e-51 5.44006804468594e-101 1.74210793539835e-167 5.41331104063326e-251
19.0206323549703 0.215117319837131 0.0219577149129981 0.459569519844186 2.93573424349163e-05 0.136014147393405 0.864480456773757 6.14639533404675e-06 0.0200700130029317 0.00486089269617579 1.66850731375969e-18 5.67495834945863e-51 1.8729069857978e-100 5.99773035084025e-167 1.86369508267699e-250
22.2887696931582 0.130651936576057 0.0283278345448035 0.811869988222121 1.4671518104225e-05 0.26936343387728 0.453862251368757 1.66595703191666e-06 0.00642615522633941 0.0129407280398312 4.52434976977112e-18 1.53883583665178e-50 5.07862122146514e-100 1.62635949736883e-166 5.05364199557035e-250
25.6197378818613 0.0962855628597152 0.0291393560832936 1.13558059431119 1.45940296657211e-05 0.436637637931149 0.191208570758505 3.91567711216163e-07 0.00224755099675691 0.0275753626087486 9.66280758766499e-18 3.28654543876211e-50 1.08465887097668e-99 3.47347277793125e-166 1.07932397046425e-249
27.4241058338306 0.124908097141974 0.0236917496405333 1.25218603142763 1.72457754581556e-05 0.559988623546557 0.0642291793694884 8.27181303122704e-08 0.00157428488504943 0.046373084069092 1.62543045932679e-17 5.52846706163575e-50 1.8245604550734e-99 5.84290714985869e-166 1.81558634462523e-249
26.6959365750166 0.204642280901998 0.0152033039229775 1.08769727565473 1.72449575761706e-05 0.565957583160701 0.0171272543679749 1.59280695210985e-08 0.00174609160804452 0.0614375817893633 2.15353141890295e-17 7.32466130728835e-50 2.41735859490625e-99 7.74126271271286e-166 2.4054688036071e-249
23.3559324257269 0.296240012630282 0.00771457843279731 0.74417889393647 1.37098961276704e-05 0.450540099351836 0.00361503568063574 2.742904931043e-09 0.00178035810463346 0.0641110482713184 2.24725196632049e-17 7.64342669627698e-50 2.52256076337599e-99 8.07815837469176e-166 2.51015353464329e-249
18.19312562347 0.345020263554634 0.0031169373709955 0.401020492825057 8.59474402099834e-06 0.282490609151749 0.000602834084459452 4.06803510060044e-10 0.00145919781058371 0.0526927606358067 1.84701346763489e-17 6.2821224588303e-50 2.07328940998251e-99 6.63942785980519e-166 2.06309192482687e-249
