343599.290191024 0 0 0 0 0 0 0 0 0 0 0 0 0 0
528540.422183861 0 0 0 0 0 0 0 0 0 0 0 0 0 0
652760.67698498 0 0 0 0 0 0 0 0 0 0 0 0 0 0
685004.323802623 0 0 0 0 0 0 0 0 0 0 0 0 0 0
663909.032363929 0 0 0 0 0 0 0 0 0 0 0 0 0 0
648413.573968678 0 0 0 0 0 0 0 0 0 0 0 0 0 0
656930.965897876 0 0 0 0 0 0 0 0 0 0 0 0 0 0
661375.900873716 0 0 0 0 0 0 0 0 0 0 0 0 0 0
633808.578942915 0 0 0 0 0 0 0 0 0 0 0 0 0 0
580511.565871403 0 0 0 0 0 0 0 0 0 0 0 0 0 0
524508.31296418 0 0 0 0 0 0 0 0 0 0 0 0 0 0
475606.125413965 0 0 0 0 0 0 0 0 0 0 0 0 0 0
423810.84231646 0 0 0 0 0 0 0 0 0 0 0 0 0 0
350318.722858937 0 0 0 0 0 0 0 0 0 0 0 0 0 0
249862.617887636 0 0 0 0 0 0 0 0 0 0 0 0 0 0
