11.4376011294397 1.09331060799889e-15 2.6710139049767e-10 5.24038943785624e-13 1.46251015206562e-07 2.04341723974691e-06 1.21163899162619e-08 8.94305793806681e-08 1.03936858122846e-55 5.2266816893578e-135 1.45544526183726e-32 0.349066108007618 1.04958647687611e-39 2.83751963550062e-146 0
25.6425907503131 2.4830928096332e-14 4.20107685065060e-09 9.79335196676314e-12 3.51991999710743e-06 4.882751393983e-05 7.04722910894231e-08 2.34192843808562e-06 2.72180595805639e-54 1.48687579111875e-134 4.14042184499743e-32 0.995859850758605 1.25764768913798e-38 3.59074055064837e-145 9.88131291682493e-323
41.710055884833 3.77349025491843e-13 4.41332491525084e-08 1.22453792672725e-10 5.65823589776854e-05 0.000779298341789235 2.73765937600725e-07 4.09614715091039e-05 4.76057147501991e-53 2.82512509397448e-134 7.86697775422229e-32 1.91620947196937 1.0495615212757e-37 3.03490222977505e-144 7.85564376887582e-322
52.0750059529946 3.84849126678007e-12 3.09666862310046e-07 1.0242431408234e-09 0.000607496332544219 0.00830742571619383 7.10354504173511e-07 0.000478510898283101 5.56128783430621e-52 3.58521354744022e-134 9.98359084440731e-32 2.56743809746355 5.90791777591769e-37 1.71324708200327e-143 4.22920192840107e-321
54.9326229555865 2.65461188108563e-11 1.45127960309428e-06 5.72991260394983e-09 0.00435632853552198 0.0591491449708101 1.23196785704128e-06 0.00373355429378847 4.3391634568813e-51 3.03883226514544e-134 8.46223677855784e-32 2.68773576799074 2.22609109741483e-36 6.45966074572879e-143 1.61312433367167e-320
54.6883112832971 1.26255087305999e-10 4.54297863294229e-06 2.14357432940979e-08 0.020864690322012 0.281285581997068 1.44408663603267e-06 0.0194566230569431 2.26126260678502e-50 1.7203340455923e-134 4.79094323798066e-32 2.80985279904459 5.6051051616253e-36 1.62672367033218e-142 4.06270180575257e-320
53.9710933513689 4.32240910689242e-10 9.49886638918848e-06 5.36184649632359e-08 0.0667448275673158 0.893433517255888 1.35434591812214e-06 0.0677215395585874 7.87064538573301e-50 6.50478878652853e-135 1.81206580173588e-32 3.22928883962878 9.42731414706122e-36 2.73610159324948e-142 6.83688040715117e-320
51.3882250969636 1.14749561283005e-09 1.32664954120903e-05 8.96661320368491e-08 0.142605948705412 1.89536179056059 2.8092529108222e-06 0.157434741332503 1.82971750805363e-49 1.64273683827099e-135 4.58245048777984e-33 3.24976325274032 1.05905269607085e-35 3.07372497744129e-142 7.67283947991456e-320
46.8807284215817 2.53990463978599e-09 1.2376877129515e-05 1.00247531386385e-07 0.203503566994783 2.68557175444555 1.35211794978089e-05 0.244449330508287 2.84100563823869e-49 2.77087714967745e-136 7.77602376868543e-34 2.37460587575555 7.94628235411899e-36 2.30628060842044e-142 5.76475795567566e-320
44.9260446028408 4.70020063246742e-09 7.71366878936467e-06 7.49576918008911e-08 0.193963841088466 2.54153427310541 5.30758280080865e-05 0.253508308167865 2.94628328030487e-49 3.12163019522352e-137 8.99389412209347e-35 1.18283354353559 3.98222070479796e-36 1.15577592095699e-142 2.88237897783783e-320
49.2043129637157 6.92894060209309e-09 3.2117470651982e-06 3.75706527362182e-08 0.123476391233347 1.60645901705178 0.000141068076040005 0.175595293556094 2.04075683871346e-49 2.34888875472951e-138 7.54919447461533e-36 0.395372251192127 1.33291095799288e-36 3.86856137076334e-143 9.63922075036272e-321
55.9202284204451 8.40246086601306e-09 8.93517417559709e-07 1.27682885234279e-08 0.052500280220085 0.678199939120486 0.000250678814781086 0.0812382028016023 9.4410951271323e-50 1.18050747735848e-139 5.54159391650908e-37 0.0883614637802678 2.97982893188297e-37 8.64847816347227e-144 2.16400752878466e-321
56.5024124685913 1.05354676186007e-08 1.66118930385606e-07 3.10027904122136e-09 0.0149092017674771 0.191231851260662 0.000297565294037019 0.0251057859351075 2.91721098507862e-50 3.96312770592015e-141 4.46960689302179e-38 0.0131928141357311 4.44934299888203e-38 1.2913508395906e-144 2.96439387504748e-322
46.452000705851 1.57071888652119e-08 2.06440249250802e-08 6.47286760991491e-10 0.00282790171518774 0.0360144746273799 0.000235927246656381 0.00518462370795922 6.02043207299683e-51 8.89074543668001e-143 3.60445063351109e-39 0.00131567798050902 4.43725917458638e-39 1.28784370354595e-145 0
29.8393030436454 2.15236494704447e-08 1.71545149046992e-09 1.55113325288002e-10 0.000358260871389886 0.00453010534521035 0.000124937891080887 0.000716591832390342 8.29854273619131e-52 1.33509857074333e-144 2.27316039234754e-40 8.76357591050325e-05 2.95561634361472e-40 8.5782050343935e-147 0
