0.182442011284671 0.1645068377754 0.115048589227303 0.0645759987950949 0.0357822555566806 0.0340120151944872 0.052523758661364 0.0774336685949523 0.0921635967810929 0.0867873959265502 0.0649510875517233 0.0389921455022105 0.0189731035789218 0.00754963733274365 0.00246733246115148
0.357606065400253 0.326756096818733 0.232427048427607 0.134082045609213 0.0793439405804441 0.0829208258846163 0.133205862448222 0.19916025950864 0.240027252990416 0.229603678010134 0.175419572854172 0.108162335808454 0.0543887076844471 0.0224636133920803 0.00762744323268482
0.610821304561824 0.565197195793857 0.408260830857452 0.240677261135218 0.14822517696201 0.162142529470602 0.265369447175106 0.400850044072149 0.488924822020787 0.475355861594729 0.371263852372791 0.235552555106906 0.122583623961708 0.0525543085552867 0.0185037315850983
0.937248414633373 0.874512809059089 0.637913602128235 0.380167242818175 0.235709215781487 0.25665530522037 0.419465858337557 0.636968174835679 0.784791956536065 0.77492325528176 0.618745514060971 0.404087653259077 0.217569854826005 0.0966467286374195 0.0351635494081486
1.30728617448205 1.2250202539995 0.898271384738942 0.53683242041696 0.32603656929829 0.336507663548504 0.535805933432732 0.810931113357873 1.00445922484819 1.00387943102065 0.817347124221023 0.548178376692034 0.304489053342338 0.139591710290567 0.0522348406785981
1.6636786877116 1.5671945164567 1.15778653610744 0.69559990261353 0.409423933679392 0.382102382729125 0.570731613167497 0.84703304257411 1.04443940317479 1.04801707225041 0.863873220990257 0.591079692418843 0.336535615382208 0.158221482477649 0.0605334772022166
1.95548559080151 1.86338013847822 1.39962427088704 0.856330384290305 0.493325915509331 0.402502857274433 0.533742079081012 0.754684945834487 0.910098855601349 0.902823440142974 0.742418997719283 0.511255793585082 0.294878398116992 0.140808883001404 0.0546697229989002
2.17187117910325 2.1037858250088 1.61843323483429 1.02013594900392 0.58742173219524 0.421837819788647 0.473358066932374 0.613259415174249 0.704444941787281 0.67359608505889 0.53799907028719 0.36328424713101 0.207602869464559 0.0990229487205684 0.0385741567325
2.33206827974045 2.28481425986411 1.79092517254795 1.15925267996552 0.676293469613117 0.449925293427906 0.433987301584838 0.5054934112906 0.540824621080662 0.484138602805477 0.360973651582672 0.228082286793267 0.123418458645142 0.0567155116780191 0.0216258321172749
2.45723678269223 2.39749695070027 1.87916789756281 1.22483929321173 0.721701130115797 0.472266748264098 0.42791348231745 0.467317850352403 0.472296749462176 0.395466201451841 0.269666154814816 0.152099385659659 0.0726457926665673 0.0297921294580019 0.0104197779258339
2.54934092089609 2.43777631880675 1.86897150280667 1.19472638175125 0.701013869100197 0.471200814216712 0.441231927451376 0.484483942889913 0.483483504975548 0.394434376654209 0.256413352717971 0.13304906826085 0.0558458956916509 0.0193374195326362 0.00563022212967833
2.57335543592563 2.39875230618545 1.77838975820439 1.09535127802527 0.633818516306258 0.451489147354325 0.460029708867885 0.523729645282593 0.527323817334983 0.431506128349921 0.28014338540262 0.143341774240192 0.0577769248033869 0.0184093653132031 0.0046720165454215
2.46506821938362 2.25456696347883 1.6247611006458 0.967626812666845 0.55838131968448 0.431826499118587 0.477912872219342 0.555212494289415 0.557688546238481 0.456121692048191 0.297767567732859 0.153614614862739 0.0622136020943871 0.0196942666968394 0.00486190121462528
2.17703512525184 1.97533779608954 1.40414919737504 0.825031566210563 0.487600705395141 0.410836170551318 0.476287291807035 0.547545155567941 0.537001502796879 0.431493068511104 0.279528044291428 0.144249860839177 0.0586955312117448 0.0186802075883317 0.00462281545045088
1.72590254629754 1.56686106229681 1.11270338889807 0.657069845815959 0.403830428158619 0.362542937158826 0.424800416235277 0.473995150757727 0.447375885953326 0.347836948720222 0.220237769242369 0.112181900849713 0.0453927147982439 0.0144322652895094 0.00357576630223838
