0.610059029312883 0.80153455075571 0.874463778088785 0.796594813585834 0.611103978784016 0.410959943114072 0.280687626003474 0.243670358054964 0.25065565872959 0.231994845998286 0.167525588210068 0.0910138610474559 0.0372866770671674 0.0117481171721316 0.00293470637745395
1.20287612261796 1.42235129044319 1.41404572216659 1.20677761695893 0.897392959608618 0.60790055617203 0.438849332612608 0.412197312301755 0.446782262056474 0.428580489352949 0.322521457230489 0.186106696289068 0.0834816495136741 0.0299035933115372 0.00875369162756919
1.9045896111727 1.99315566530461 1.73389222714249 1.32382325004037 0.934786213334257 0.660169003707667 0.551565270822853 0.602695449733716 0.705510237293662 0.709462864902207 0.563811906407846 0.350943009014159 0.174089303378743 0.0701356972763205 0.0230201586876823
2.56289202721487 2.41517804444951 1.81764449343423 1.19451112566418 0.795115914384846 0.634782260528586 0.661446225309095 0.822138386325458 1.00233061824424 1.03902065932012 0.865766041007179 0.576334304851989 0.309908191041718 0.135365441823842 0.0475177768276825
2.9823859562817 2.64476987743692 1.8016055333335 1.05159761775044 0.695536612135195 0.667236087139252 0.807246383690794 1.02100706692358 1.22038973661877 1.27107455934724 1.0976003841667 0.773538452091003 0.443908852806633 0.205784617735049 0.0756089994021445
3.00952448079461 2.60615376960545 1.70482396926974 0.955427737386501 0.665630675487427 0.722135538465976 0.901987698145746 1.08918213579732 1.24007127721987 1.28085527722265 1.14221713795202 0.851315885244474 0.51923075950583 0.253515509263978 0.0966991501544186
2.78332771922158 2.39350099577518 1.54572633758771 0.852737026183672 0.599965579267087 0.668544356854493 0.829126477848478 0.963022046933998 1.05492143975184 1.08412642416184 0.999920103657617 0.787211573498398 0.507239478446509 0.258489571159358 0.1014333892609
2.62599762191223 2.25257374551739 1.43884154481373 0.757417763350236 0.476824442658612 0.496239021714536 0.611934227567062 0.708088290982345 0.765162082138698 0.783343490708317 0.737280990790471 0.601483299149076 0.401304282031832 0.209729337634987 0.0835260428092303
2.55550729359702 2.19206106889573 1.38647008269832 0.686381902461441 0.354430775350243 0.313530991173927 0.390320452546183 0.468862729959011 0.505693537211217 0.49902812017922 0.452957037371925 0.363474133334403 0.241948384014295 0.126640732225365 0.0504431350685768
2.34237376456657 2.02160715284444 1.27916295125667 0.611473120205831 0.267314967252549 0.193627655938328 0.246473514476482 0.313910813357677 0.334757419271049 0.3014766990317 0.24028427674831 0.172773820345094 0.107681608819216 0.0545137428525424 0.0213363204471725
2.00940607573494 1.76274761314541 1.13160572656838 0.53944314324801 0.214806591645524 0.125610392562038 0.153873562236416 0.201960668787746 0.211501236490504 0.173481835651314 0.116688516043664 0.068686457699114 0.036437332123085 0.0167498625064846 0.00623718635972604
1.69600529358152 1.51939619638422 0.99540807521875 0.480088528345229 0.181366788247934 0.0810055222669897 0.0810718150253572 0.103868858010726 0.107098534860649 0.0833165524496966 0.0498501916879363 0.024173036482985 0.0101929782540805 0.00388086255726943 0.00128876984749921
1.3295008566289 1.20661392704504 0.800307969957893 0.388968820591397 0.142292990263839 0.0490152240333331 0.0328667835693771 0.0379101480502759 0.0383925289802742 0.0291804606157497 0.0165297948464658 0.00714933992318842 0.00248403014867127 0.000744684822429581 0.000201610787669451
0.881593100286601 0.799821656022456 0.530185414145523 0.257023108357097 0.0920172732495704 0.0267071405984825 0.0107254328411152 0.00952399555370464 0.00927158367127306 0.00696236707503 0.00385937453918365 0.00158777059560524 0.000496206141793313 0.000123538925789854 2.62991916408275e-05
0.492295371359672 0.440725008851827 0.288283688814634 0.137820875690203 0.048299627862044 0.0127884108356739 0.00328812721280768 0.00172783658350279 0.00149309905681269 0.00110347945605937 0.000606156387972833 0.000244626391686652 7.30942492570332e-05 1.65180633050114e-05 2.9501520303389e-06
