30746718.3864297 0 0 0 0 0 0 0 0 0 0 0 0 0 0
52050822.464564 0 0 0 0 0 0 0 0 0 0 0 0 0 0
72237425.0187328 0 0 0 0 0 0 0 0 0 0 0 0 0 0
83979252.4355563 0 0 0 0 0 0 0 0 0 0 0 0 0 0
85282586.6769871 0 0 0 0 0 0 0 0 0 0 0 0 0 0
81309647.658038 0 0 0 0 0 0 0 0 0 0 0 0 0 0
79459479.4931145 0 0 0 0 0 0 0 0 0 0 0 0 0 0
83022601.1831207 0 0 0 0 0 0 0 0 0 0 0 0 0 0
89459966.6628055 0 0 0 0 0 0 0 0 0 0 0 0 0 0
94210708.1474259 0 0 0 0 0 0 0 0 0 0 0 0 0 0
95392534.3206223 0 0 0 0 0 0 0 0 0 0 0 0 0 0
93715094.1971457 0 0 0 0 0 0 0 0 0 0 0 0 0 0
88422422.2053153 0 0 0 0 0 0 0 0 0 0 0 0 0 0
76561187.3084319 0 0 0 0 0 0 0 0 0 0 0 0 0 0
57638818.5876761 0 0 0 0 0 0 0 0 0 0 0 0 0 0
