0.239724527669491 0.288416397414808 0.334414031268987 0.406090030748493 0.520010877901964 0.66029502613395 0.768984281834509 0.776535778762794 0.663977540337484 0.48548081670875 0.315739133809525 0.18951121491278 0.103328051034205 0.0479508062617792 0.0177481411508041
0.312324780268077 0.400429594049901 0.493289152048483 0.619844327450515 0.792382354056974 0.979266800463529 1.10021635848586 1.07557304010048 0.900020667121792 0.653557732568349 0.428248662531687 0.260932777909837 0.14422997023793 0.0675659156483892 0.0251845684873587
0.364603723947113 0.494159294710679 0.634786693955952 0.811658357511975 1.02988960020251 1.24154112651727 1.35107312819694 1.28245411884975 1.05190816009616 0.758864924934468 0.500269428423162 0.308625010069488 0.172758336614239 0.0818959448781404 0.0309226347431216
0.400261004645872 0.559010888041405 0.725412306683403 0.921974861684295 1.15230380161619 1.36080155965353 1.44730384053327 1.34587573298613 1.08959764890837 0.784465770133791 0.521855100785203 0.327302798021561 0.187025398462363 0.0908350926246086 0.0352950693421741
0.442012759022182 0.607625081851406 0.759882160535995 0.926948998157442 1.12594321175675 1.3096662812435 1.38165894919154 1.2793448066952 1.03619707005882 0.752480383656746 0.511095522301135 0.33159975165916 0.197872463112811 0.100884578775312 0.0412744499587215
0.524851664508454 0.674070866679792 0.768252677769358 0.85535035734603 0.984283975549679 1.13134885053657 1.20622940857333 1.13594360501678 0.936848799957291 0.69701698119951 0.493402885910068 0.340569821860032 0.218236231820796 0.119195027424674 0.0519228145587561
0.681069182544293 0.795332127881085 0.795423687020686 0.766247112492768 0.801166450326808 0.904881424641233 0.990794424761728 0.967145427582681 0.825249778405077 0.63913594035373 0.481258036627547 0.36046698597126 0.250340572089433 0.146146401280867 0.0671663679208074
0.92472929280252 0.989777391728343 0.872299746416625 0.711072653623481 0.64555298697073 0.700743252119331 0.789923562720643 0.806138717037088 0.719060335451311 0.586754427617298 0.473870190974201 0.383323039196251 0.284005688556279 0.174072089069087 0.0830864774351888
1.24823276482766 1.2535742357726 1.00776707336659 0.71628535878671 0.556926687745243 0.559664314798931 0.635160189585698 0.672971050105041 0.630054274846077 0.544562260255234 0.467005926937385 0.396934403505699 0.304802605806362 0.192048347448305 0.093889477619225
1.6273034731694 1.57023148935523 1.19839275962145 0.788420760259233 0.545525658576123 0.492123855255776 0.536559934674406 0.576430332336757 0.563972067668482 0.513582700688831 0.456123192816159 0.392101475794059 0.302049553177415 0.191516501090892 0.0946517572374922
2.01443176202126 1.90507436370625 1.42506972823463 0.914122185410141 0.595477387582062 0.481345297820237 0.48162989930686 0.508167899097482 0.512574529071736 0.484719079913317 0.433724403072359 0.364087324413843 0.272674018117862 0.170137749044218 0.0837776576415692
2.32352963529935 2.18407501054664 1.6325951303314 1.04856594467688 0.664508528452227 0.488956522081409 0.440196270647473 0.44525184084132 0.455978978504323 0.441352874462901 0.391031895062175 0.313468233292371 0.222337255296733 0.133348371266833 0.0643097068698081
2.44288108630505 2.29956697901135 1.73098081036717 1.12006274901586 0.696220772641286 0.472677479433367 0.382803207742955 0.367188309587606 0.378263347730584 0.371940026444506 0.324817881811541 0.246930158013134 0.163062026536412 0.091876622515678 0.0425309716525823
2.29468964278949 2.16806554385258 1.64370013515408 1.06799377097541 0.650017027588869 0.410360945204421 0.30027131596221 0.272095737004837 0.281044959669571 0.280306872699954 0.242147633327936 0.175454653536349 0.107345389279857 0.0558122707721766 0.0242604881831591
1.89785464623669 1.79787318531089 1.36782727573815 0.886904938774604 0.526713925773724 0.310815720289984 0.206202284298133 0.175920409260919 0.181919294820872 0.184144649659099 0.158292412825083 0.110561331173028 0.0631209902921711 0.030063394799252 0.012033867915641
