5251.0202371599 0 0 0 0 0 0 0 0 0 0 0 0 0 0
27608.5635909447 0 0 0 0 0 0 0 0 0 0 0 0 0 0
83442.5247177499 0 0 0 0 0 0 0 0 0 0 0 0 0 0
153587.839444253 0 0 0 0 0 0 0 0 0 0 0 0 0 0
190675.743011457 0 0 0 0 0 0 0 0 0 0 0 0 0 0
183469.727520406 0 0 0 0 0 0 0 0 0 0 0 0 0 0
166219.860649558 0 0 0 0 0 0 0 0 0 0 0 0 0 0
185700.337145156 0 0 0 0 0 0 0 0 0 0 0 0 0 0
246888.475321072 0 0 0 0 0 0 0 0 0 0 0 0 0 0
332490.551695681 0 0 0 0 0 0 0 0 0 0 0 0 0 0
506484.087522599 0 0 0 0 0 0 0 0 0 0 0 0 0 0
804685.328786698 0 0 0 0 0 0 0 0 0 0 0 0 0 0
1017418.68874019 0 0 0 0 0 0 0 0 0 0 0 0 0 0
896612.041038053 0 0 0 0 0 0 0 0 0 0 0 0 0 0
543899.228968173 0 0 0 0 0 0 0 0 0 0 0 0 0 0
