0.0491230573926573 0.0775183922242437 0.0938882683522843 0.0864109075724277 0.0621585757336586 0.0416275660604592 0.0403396082638362 0.0600434508469737 0.0901820726112025 0.111567605641898 0.107324823358727 0.0784072760901416 0.0429348132493681 0.0174877973948419 0.00527497716342978
0.171590840125391 0.259695154454463 0.308183279069496 0.282784037034809 0.207556656592794 0.147627504758374 0.149134374119676 0.209724327410144 0.289865980570514 0.335066144716715 0.30739006036773 0.217779899264025 0.117002846214092 0.0471058492358511 0.0141088279169094
0.434726626393564 0.62207422320444 0.716855723102956 0.65508285319239 0.494948979233884 0.379967373239755 0.404042883304011 0.54128104300153 0.685887413939393 0.729231305448233 0.625474648377053 0.422122727061147 0.219477550082594 0.0865028452532123 0.0255589246103932
0.819523487764523 1.09818128608151 1.22129960518869 1.11572090545258 0.880202632925053 0.734761058489483 0.813076269257778 1.041690373117 1.22019267476715 1.19009199885252 0.940770894374456 0.592787310745352 0.292419255998056 0.110973188829708 0.0319405758901899
1.18925460023088 1.49952052765433 1.62141262933279 1.50814557541515 1.26922319647251 1.13774625763723 1.25619791509803 1.5191411782376 1.66273133217125 1.50712899792267 1.10059375826684 0.6403208349641 0.293675287580092 0.104848522256144 0.0287625200471609
1.38671310332435 1.69485425109749 1.84437730614117 1.81336019968274 1.6575263336518 1.54111911581158 1.59743532625099 1.75915260575111 1.79317229732706 1.53423698834647 1.05421645658692 0.571535700981459 0.242435284163291 0.0799565308199962 0.0203666499402944
1.35661464387686 1.6847181868547 1.93696503891128 2.07648057447163 2.05808995114293 1.94144696595845 1.8482441209048 1.79775044678034 1.66433211033359 1.33577192905373 0.871676365777487 0.447327673898235 0.177749986218324 0.0543094665611908 0.0127166802592036
1.18662453137071 1.52950347028616 1.88153455897255 2.18837200502619 2.32876602017032 2.27104410900509 2.09549583491505 1.86269798117381 1.54854686160483 1.13062890580588 0.682588238520372 0.327097983965942 0.121539311176399 0.0345884758210832 0.00749322062017176
1.09925976052629 1.39111574196444 1.71870950375665 2.07164915106688 2.33384389122094 2.41530473362342 2.30724788413412 2.02082253858908 1.57440784096528 1.04597031082416 0.569531156226961 0.246600522421995 0.0832002418947103 0.0215969091678222 0.00428010856157997
1.23925923381311 1.44577108923081 1.64015614336065 1.8944561162008 2.15613552427691 2.32576307622108 2.31767324043908 2.06349834321263 1.57385562428303 0.989495556100056 0.497968080426095 0.196490159793036 0.0599521506301101 0.0140211920171546 0.00250056858565016
1.39339131819996 1.56563707204266 1.66475474837925 1.7888886159076 1.92909841432252 2.02592298645245 2.00564723285324 1.78120326025659 1.34156798537113 0.819715071288994 0.39464240854555 0.146992559376396 0.0418716655973525 0.00905637098159046 0.00148115357188018
1.22632644726296 1.41552461090713 1.5263397035409 1.59861085712465 1.61055507344003 1.55380299447574 1.4354048844429 1.22319986118715 0.899323899053314 0.537986446037193 0.252380877080484 0.0909441356234877 0.0248782569812191 0.00513069868815516 0.000794435241651842
0.7693934467132 0.947152282223999 1.08597938901065 1.16005424969806 1.12205864401755 0.987282037318955 0.819492818078001 0.644477357450944 0.45324975011055 0.264709511658568 0.121936228912657 0.0430824548240951 0.0115099193290536 0.00230762070128553 0.000345737711941456
0.336673632899521 0.450558236113511 0.557930779065956 0.618991165823779 0.590269508819206 0.484614213348303 0.360165383635882 0.254309006478924 0.166894614416789 0.0941949086403956 0.0426428799949049 0.0148752011867766 0.00392069329257572 0.000773499134971593 0.000113682300562954
0.102506342686421 0.150326461131769 0.200822050946042 0.231847939891973 0.221241036006411 0.173945356248737 0.117894393787684 0.0740142793465346 0.0442119062956935 0.0237073272591481 0.0104909882822058 0.00361939544727111 0.000946259928268842 0.000185071742606949 2.69181559048342e-05
