0.725212247583869 0.574802831495724 0.261247114716238 0.126858404081349 0.161408999452483 0.261287298602961 0.26189156095852 0.135591100334725 0.0351107252396646 0.00452916139216456 0.000291272052797088 9.35044251893569e-06 1.49983937211249e-07 1.20290583167193e-09 4.82753134173852e-12
1.29944240399791 1.02978274105875 0.481957785160207 0.250006597096148 0.294650715112101 0.452292956932121 0.457551930702734 0.243451328862163 0.0651528375766748 0.00871032135812216 0.000581445833240412 1.93886525272489e-05 3.23213190583046e-07 2.69854960587003e-09 1.13354193104743e-11
1.9385497097185 1.5328788852927 0.735685341539666 0.404147279551665 0.451793343939765 0.663598475766958 0.67806610147076 0.370606563840322 0.102355284884938 0.0141454360215915 0.000977120604892928 3.37847333810812e-05 5.87239946493776e-07 5.18183921820082e-09 2.36568931711336e-11
2.43926928250827 1.92663121675555 0.945235276451355 0.543340749699481 0.594099980879019 0.846849948878615 0.867418078171488 0.482236773277953 0.13629931564344 0.0193643370881618 0.00138462946350807 5.02567424834009e-05 9.42934705319505e-07 9.4248631894618e-09 5.20300611645761e-11
2.64527537055177 2.0991118048645 1.0559045004259 0.630743403489102 0.696230802982009 0.968983472225629 0.97388774806939 0.54042545726877 0.154848399384106 0.0227218035632894 0.00172916980808593 7.01965429497561e-05 1.57743946605361e-06 2.0125176703982e-08 1.4461162649537e-10
2.57715446115485 2.07276460606626 1.08142956564021 0.678182703001033 0.771912294813153 1.03161818336264 0.984200449010215 0.535217043742198 0.156795012889331 0.0249161057886673 0.00221723248041465 0.000113562536728409 3.32671897304087e-06 5.35861552816024e-08 4.53554576534022e-10
2.43376468232287 1.98652071002187 1.08257429805279 0.729906910323109 0.852643199718445 1.05503873369247 0.930751436493951 0.500741183643089 0.15982485169998 0.0307229619254244 0.00352825753063113 0.000230292701031506 8.04547019613198e-06 1.44098272969329e-07 1.29183868586766e-09
2.45251019216411 1.99229960087799 1.10780559660701 0.80716936064749 0.941595213081113 1.04650240776771 0.860230581657139 0.490395460388433 0.189909218040548 0.0465868882169742 0.00651967145834944 0.000481032865535666 1.79526384777331e-05 3.32670603771549e-07 3.03659310086443e-09
2.73976602111907 2.15621748662318 1.16612490771315 0.889781502093407 1.01014608743261 1.0030401526206 0.803007542512234 0.532353256200035 0.25728065932831 0.0743105556814511 0.0113671051740922 0.000876324027789805 3.3437589746633e-05 6.2734297041626e-07 5.77306554048897e-09
3.21770763002639 2.43687542703602 1.2420533912089 0.946311723192426 1.03436170805279 0.935956069904514 0.765945391960039 0.60548859445716 0.340445000622321 0.106157467355911 0.0168122296661394 0.0013184958332138 5.08235982783302e-05 9.60632214949476e-07 8.89624223068065e-09
3.72555854122321 2.74302390489225 1.31277630425201 0.955145261085154 1.00846671006827 0.864224116947 0.733222596593713 0.652580201737538 0.395341355037212 0.127386983556805 0.0204921935799536 0.0016223640267084 6.29911041578788e-05 1.19829145124142e-06 1.11653180236636e-08
4.12114452841466 2.98350246246105 1.3468315330805 0.899391992064838 0.928873126704065 0.788600626170353 0.675685416326924 0.621723668358324 0.385807795718127 0.126001102011413 0.0204471032764591 0.00163001436403919 6.36822109988122e-05 1.21863204542258e-06 1.14206758991614e-08
4.25286839144106 3.04713711732359 1.30005707340673 0.770338381162764 0.791094218424618 0.690289618207547 0.57352764842616 0.505453025595773 0.310800233776878 0.10183095579454 0.0166127521837108 0.00133151752164186 5.22943461467111e-05 1.00584284068593e-06 9.47369037381318e-09
3.94477710624638 2.806017236423 1.13526110240826 0.584536005490393 0.605071734886646 0.553646358794529 0.432967782655128 0.344580560155929 0.204321727498916 0.0666310791551132 0.0108989622372962 0.000877037764192137 3.45873949997472e-05 6.67965174776544e-07 6.31620813628666e-09
3.15192365875063 2.23014244948783 0.862426595599361 0.38438961620157 0.402902000663996 0.387916965317979 0.282543232531843 0.195110010471842 0.108559496612855 0.034942191141067 0.00571522680611246 0.000461078900058819 1.82376272711029e-05 3.53261547124274e-07 3.35007361924007e-09
