0.497967784494097 0.497000162119167 0.416879295442715 0.31783695163025 0.236445453149072 0.230329418980184 0.331711690895053 0.473405815450422 0.52060157837758 0.408633700579285 0.22216572237398 0.0823369767003956 0.0206181791716487 0.00347265613352801 0.000392629619779805
0.692116575091541 0.798825966676233 0.814391894483302 0.727963190710918 0.580271767374715 0.53422950637984 0.675336278069162 0.864993090221671 0.878923703290382 0.651801422644622 0.340715299164521 0.123066149982337 0.0303739572102454 0.0050975853501644 0.000581645438087392
0.832766709195335 1.12405437844927 1.33817773760722 1.32220248983092 1.10606198856531 1.00026069926764 1.16108212197236 1.3577667009939 1.27929811839237 0.894896792395608 0.449308812307285 0.158968796272685 0.0393204577391449 0.00680396483436682 0.000829234850045794
0.949020982028885 1.40574275944069 1.81128623528871 1.89621313026254 1.67213188102428 1.54634790931158 1.70890950445974 1.86039237637344 1.65571724968879 1.11829287094947 0.556742072170961 0.201994331976458 0.0533832675255168 0.0103132167383079 0.00145528827603127
1.02737259328732 1.52615653150112 1.99959671078593 2.19030154405875 2.09331793803535 2.05233132355253 2.18853988740293 2.21670228428845 1.88297664767458 1.26824653396445 0.661018113644485 0.263291000178875 0.0791926240025787 0.0176468550839695 0.00283977360149905
1.04838357104029 1.46035534517842 1.86275512298895 2.14530352484227 2.29665212980578 2.43145051972938 2.49854876538939 2.32040331088452 1.86777349442238 1.27881124787917 0.725294502010622 0.326685324201686 0.111277005946513 0.0274356113150128 0.00474004732920233
1.11168788904413 1.38795128286715 1.63191255113944 1.9394510962249 2.31918095374294 2.62066786949733 2.59877357273625 2.20524741031019 1.65544124211005 1.14122448607515 0.699230470342525 0.347031465946852 0.128032885302336 0.0333132876264738 0.00594723062488657
1.29201667587138 1.46032579913238 1.52553885213875 1.75710270321299 2.21052532948379 2.57532403227351 2.48390884544044 1.95822871293417 1.35108858388508 0.895430106523132 0.56075503545725 0.290878704611905 0.111357833838373 0.02967951470694 0.00537390341044111
1.4124327463542 1.53418813719894 1.49452535479871 1.62752502032888 2.01689722868765 2.32730585766279 2.18346902053427 1.62513440488144 1.01855981081438 0.606960271113224 0.358020124995551 0.183431840284134 0.0705775024237029 0.0189401906809496 0.00344650994411213
1.24926450023421 1.38915401758266 1.38658452170702 1.50590736327576 1.7986276094936 1.98263330295595 1.77482982805988 1.24126971037861 0.698765034671764 0.353510445823515 0.179632737012458 0.0854878757999428 0.03213232448219 0.00857816640109094 0.00156036802714678
0.877332114102302 1.07666370021055 1.2027502446978 1.37540690432843 1.58461570978369 1.62633614225459 1.34893440591281 0.867147873509575 0.433480554400003 0.180993141170728 0.0729554441268135 0.0297419589258374 0.0105053406578091 0.00275118736530721 0.00049780251997925
0.539588974612531 0.787411697752685 1.0111177912785 1.20802960208736 1.33686592703129 1.27121399332348 0.962719239066469 0.557951696840009 0.245368977065071 0.0846697992007451 0.0257995442408395 0.00809997943200092 0.00250516974082412 0.000627006777218155 0.000111956533205144
0.326950238486755 0.562886330978956 0.787040631359546 0.94581831070852 1.00566830520518 0.900765632683359 0.631023871920233 0.330833179694133 0.128239859562059 0.037268823549522 0.00868002002872145 0.00191439118793298 0.000457087095599483 0.000102959138161003 1.7810056357413e-05
0.188180047901356 0.353203996840125 0.507428424125276 0.602365519123418 0.622336278487831 0.53792280878464 0.358526365151355 0.174639649346664 0.0610910444293233 0.0154339366425618 0.00290639413162402 0.000451712040787228 7.17307739742807e-05 1.27101090151488e-05 2.02623139175163e-06
0.0891707989275439 0.172379427473121 0.248519534367478 0.291756593505634 0.296973191673399 0.252530553429984 0.164136076887438 0.0766342802729358 0.0250896937997909 0.00575393323385186 0.000937873022977055 0.00011357321710045 1.17236325121854e-05 1.3312881184167e-06 1.70981703223933e-07
