5.05994277964236 0.412689403628452 0.0297015931202545 0.075384636038658 0.0337210565180082 0.112156081344839 0.43968046690359 0.0457217348674695 0.0030385447046819 0.00204398569088747 9.34947634642553e-06 2.84285094683575e-10 5.74116300881601e-17 7.70011285390251e-26 6.85873021275954e-37
6.58638891726287 0.538042245622691 0.0697722909668112 0.180266473318536 0.0960056488942504 0.266708860269113 0.728670093260517 0.0743597369374133 0.0115453942808317 0.00774302093514343 3.53934424845571e-05 1.07613795468946e-09 2.17326236910296e-16 2.91480333406128e-25 2.59630601345069e-36
7.44613627388989 0.611199736792758 0.136100516164184 0.359142402365722 0.229300342265469 0.541981449740966 1.01237341074187 0.100484160454995 0.036729029059999 0.0243251070989934 0.000111063118094978 3.37659299287374e-09 6.81899361157092e-16 9.1457049973648e-25 8.14636371473307e-36
7.52423601566761 0.62620753069216 0.220356145192173 0.59710978537719 0.45947603801196 0.93298123636493 1.18575173483747 0.113352890353825 0.0980253656000831 0.0633951156889744 0.000288894393419919 8.78187323872932e-09 1.77347187270023e-15 2.37859711474322e-24 2.11869026893475e-35
7.12282910985997 0.614437183897876 0.296330496188692 0.83017874461771 0.77232321421659 1.35128704560424 1.17961374724227 0.108368485650904 0.220638364009596 0.137137035034854 0.000622943140420499 1.89319172379067e-08 3.82317624364533e-15 5.12767347033328e-24 4.5673774818171e-35
6.725173322077 0.62657872333362 0.332048812412366 0.967602495064419 1.08851257805428 1.63868489951615 1.00583560488536 0.0920877231825315 0.422376969735825 0.246462627028088 0.00111359590772549 3.38300932012495e-08 6.83156939399697e-15 9.16253447536561e-24 8.1613518356666e-35
6.66030619518796 0.705629089967523 0.313298632727292 0.948135723570327 1.28555614713955 1.65842153648661 0.742129014237614 0.0786679580296779 0.695526967925112 0.368553896432288 0.00165054270915615 5.01091005214239e-08 1.01184284890462e-14 1.35708386702938e-23 1.20879611676601e-34
6.93960696010336 0.870682959286552 0.256828923333381 0.783486923511008 1.27122468714039 1.39777111829594 0.477467443192766 0.0802735611458332 0.997828358403993 0.459693797621339 0.00202875407278165 6.15234886676964e-08 1.24223142660968e-14 1.66607133252895e-23 1.48402007274725e-34
7.36015639385096 1.11419330577169 0.197969660285283 0.54765724446381 1.05154380761321 0.979866438954031 0.268804397079918 0.0986811164053888 1.26087659211936 0.48011160568571 0.00206859284415533 6.26161677584326e-08 1.26412368043447e-14 1.69541643298517e-23 1.51015756232977e-34
7.73866443158928 1.40001729600812 0.163472528684618 0.324691536246421 0.726910090188778 0.570926426294035 0.132166699070631 0.123509655531843 1.41049351111071 0.422382658331716 0.00175063553618653 5.28287535115621e-08 1.06629035864531e-14 1.43006299397382e-23 1.27379788220058e-34
8.03052012321182 1.65803549674647 0.154568641368398 0.163600469059872 0.41952065360748 0.276398824230561 0.0563956361171639 0.138431362313495 1.39263626719805 0.315713545241295 0.00123076787759986 3.69505861105747e-08 7.45525245885648e-15 9.99839027465747e-24 8.90583343854039e-35
8.22465738571771 1.79545226219831 0.15277921411059 0.0701370612242084 0.201943909822612 0.111176552998235 0.0207171594785296 0.132022504045064 1.20178747293768 0.202774958894407 0.000719860877279888 2.14282881870593e-08 4.32069585263062e-15 5.7943055535138e-24 5.16112548397184e-35
8.1812276442048 1.74139799439144 0.139280495339719 0.0255983434021207 0.0810075670700681 0.0371600734315988 0.00651149204139464 0.105366867775041 0.895007241096879 0.113351658313317 0.000351107041599297 1.0305028561028e-08 2.07565605536095e-15 2.7833609011159e-24 2.47919166568753e-35
7.65983387954327 1.49697916673025 0.109418522243996 0.00796258637131082 0.0270573750533887 0.0103243045446256 0.00175027766449207 0.0699850549611661 0.568334837047629 0.0557719987412263 0.000143344507872392 4.11093571003868e-09 8.26565541355703e-16 1.10824349243479e-24 9.8712391929933e-36
6.53979875284056 1.1393929306509 0.0722040434362306 0.00211967386734661 0.00751965360791864 0.00238539061746416 0.000406833582295807 0.0386059441642808 0.304795607212721 0.0242904384448053 4.92696929007583e-05 1.36108524303071e-09 2.72857515961169e-16 3.65762855456005e-25 3.25783603557817e-36
