0.165451776830124 0.193482983310046 0.228800987454295 0.285460326642338 0.36533391280291 0.452712691339172 0.524623673789246 0.565913877965124 0.572992446485316 0.545762309477943 0.482717545225117 0.38731253240969 0.275263291733007 0.170129802111556 0.090349516989242
0.297733451293759 0.334275957815387 0.373190564287316 0.439654924508166 0.540516640040348 0.653255256481639 0.741231460877567 0.779576898107135 0.765293305596656 0.706232166318793 0.608898251948462 0.480936183693111 0.339705365046761 0.210212480354311 0.112337604483813
0.475061907667483 0.514547453352527 0.54406037483013 0.603785898998278 0.709696523177552 0.834933133137785 0.929638870587597 0.95869632213618 0.919577972825422 0.82884524588523 0.701681065695268 0.549119839804011 0.387790570695874 0.241599987505415 0.130596899764349
0.676193380926632 0.710220013054127 0.714876725996346 0.747376633957323 0.83632273034597 0.955028204913281 1.04472556295927 1.06233452666298 1.00504822971815 0.895109039339976 0.752788788091863 0.589592864346822 0.419539214771785 0.264615044491192 0.145209021267158
0.86334806049916 0.88433313660242 0.853594002204555 0.844021868899026 0.897625341315504 0.992388655465782 1.06725976468656 1.0756486162892 1.01348706726027 0.903167160237215 0.763959321288828 0.604454178104246 0.435660913177979 0.278620270716926 0.155044889696398
0.99504777675783 1.00021740842532 0.934881406125203 0.882630216712229 0.895881200772831 0.95954292832871 1.0162674134198 1.02045523352828 0.965840326333177 0.869712104954179 0.745438901391805 0.597419221160585 0.435252559435597 0.280757663764878 0.157326572236898
1.04693585435305 1.0397733048734 0.952523654300268 0.872600906760723 0.857195683768186 0.897277481201511 0.941900943598977 0.948520400037406 0.907508609383659 0.828258795298757 0.717410535560116 0.577613593342524 0.42050070794033 0.270151990460448 0.150577145922557
1.02805281476763 1.01573461351556 0.924264075248245 0.839364478341851 0.817788500193171 0.853663943862014 0.900875980820068 0.917961845595017 0.889833665819389 0.818025153499898 0.706117005665021 0.560802656410549 0.400192384639108 0.251468397301902 0.137156796107673
0.975606054223337 0.964160890529978 0.881352901420439 0.809755998008778 0.803881627040857 0.858215402390044 0.926645256189775 0.96295224509745 0.943162763517183 0.862873790053506 0.729188300779404 0.560092556928261 0.384239886462606 0.231885695064649 0.121704779923016
0.925617343031369 0.916775601997844 0.84576506386592 0.794292018061136 0.816543004764291 0.906137924976377 1.01134824812068 1.07386339028597 1.05702736806893 0.953270991146113 0.780284278911799 0.573520013929514 0.374276887740736 0.214621864025482 0.107217243407385
0.883024038802912 0.875218680026494 0.813042317079028 0.779786307955755 0.831928846519974 0.962344569826086 1.11017504187901 1.20029228173568 1.18170270601793 1.04674721489903 0.828585639342649 0.582587890405311 0.361547382333629 0.196778340098181 0.0933672271255228
0.821023907166565 0.81286083764851 0.757957721092849 0.739896942291231 0.816958446567259 0.981501315811325 1.16424638355144 1.27493708349183 1.25127117506463 1.08846218663737 0.835457133255042 0.564280597001169 0.334469320719315 0.173435470476587 0.0783917383430007
0.711125411519363 0.703460205305328 0.658963534810454 0.655729456210007 0.749203802717905 0.930941450935446 1.12843997530309 1.24514539316416 1.21531671068887 1.03908571946202 0.776026472902843 0.505926098816839 0.287850849843838 0.142831535774274 0.0617220590859615
0.553361196447492 0.548293514626367 0.518699240951683 0.529972738370557 0.62857575763922 0.805019964990952 0.99134549043296 1.09722863810672 1.06313189322909 0.894319123737384 0.651998183652573 0.412150560766845 0.226152971053344 0.107822548537474 0.0446830658289666
0.378463444682383 0.377096655463487 0.363233790941998 0.385006916166334 0.475976647091336 0.626207985570184 0.779401635192775 0.862120806655665 0.828149130391932 0.686114966454105 0.489717502797079 0.301411019995847 0.160237830360857 0.0737147779187986 0.0293901952622192
