0.575952232391735 0.527587095842576 0.403572260513226 0.306334216117938 0.298088431281881 0.370148072917424 0.471507557174425 0.550059782282727 0.578939481093797 0.556348030789232 0.487929956956591 0.380750098057188 0.254211642121334 0.140002845547549 0.0619174334398928
0.886672211508335 0.830240603169066 0.660009629799501 0.521344934058158 0.495300383872199 0.560657179989866 0.648943293268992 0.706508265495162 0.717786255913376 0.688705181863519 0.618303187303266 0.499077904006895 0.344427430644237 0.195055744409982 0.088220731664808
1.16401636694909 1.12311652825581 0.93675481732059 0.775591447672328 0.725882387827825 0.752438784742319 0.782036473615894 0.778348991095968 0.749419511579266 0.710426347592143 0.650131652299304 0.541677128904432 0.385713227529844 0.224271045692744 0.103615914220787
1.35649147499517 1.35380181307681 1.18446236724417 1.02156086532274 0.945869559235917 0.915645876288556 0.867932613885909 0.791475969339443 0.713935871621272 0.654348875772217 0.595602251668088 0.501731754109344 0.363316573788351 0.214903106822883 0.100850956861575
1.47795581118181 1.51575494589959 1.37063487786278 1.2076704871459 1.10474330836165 1.02779138312728 0.931040394765326 0.814718302581712 0.702509658545279 0.607211779508771 0.519510632922885 0.418089117788224 0.295724325823255 0.173675276361783 0.081645252962967
1.57551421868912 1.63211808104133 1.48792568339687 1.30735220346406 1.17802137391525 1.08482947092766 0.993713131756364 0.89074667985785 0.768572341912756 0.626750634664268 0.479022150238349 0.340691821284426 0.21929240492057 0.121801682461133 0.0557215882586267
1.66159033094821 1.70852916983879 1.53747873691547 1.3248632306929 1.17656423631302 1.09561963663719 1.04753040691613 0.988465973062988 0.872480456937093 0.688321351551042 0.477393295494056 0.294069039581393 0.16305666567876 0.0805382469377811 0.0341638809679273
1.69856865938086 1.71829236573661 1.51220035184947 1.27216485476423 1.11759336177074 1.05740081435931 1.04780781642455 1.02237518986238 0.915574675301908 0.714715289772823 0.476398599722855 0.272824207348938 0.136731727148124 0.060503639492297 0.0232760554880993
1.6593420261709 1.64658297358123 1.41306401831444 1.16026107032941 1.00845645645024 0.958115410902136 0.955485757528372 0.93387483291691 0.837526454311693 0.659606613937693 0.449047455309332 0.265376011091664 0.137116778772454 0.0615285995487911 0.0234153398147984
1.57462235335969 1.52929688282478 1.27506068974201 1.01784685780407 0.869862135923093 0.815290336475535 0.794259366816658 0.757738689013625 0.677327181130406 0.552297708633304 0.406595752075673 0.268188749491715 0.155221994919791 0.0761902964952538 0.0306248667984165
1.49126165478373 1.41734277264223 1.14647418282822 0.888016999923264 0.744974196278374 0.685211440219856 0.644821788233044 0.594091549882849 0.530338113697298 0.456247449607875 0.371110247643206 0.274067179905968 0.174428888608609 0.0913688210018438 0.038167594135259
1.39996218221115 1.30891334880251 1.03524476673429 0.787422300184733 0.660495468251805 0.610546547814896 0.568633925921091 0.513497792432638 0.455783032492055 0.401827843617513 0.342119171439102 0.264580717804402 0.174295883061746 0.0933174127290548 0.0394789140027426
1.24003502164644 1.14932218456122 0.900666946340587 0.687521697422961 0.594599000891425 0.572939602780239 0.549156556068006 0.499159847664249 0.435261250651051 0.370027219483573 0.302477380332244 0.226533690966134 0.146279584774381 0.0774843494219212 0.0326100407969653
0.978574499261803 0.904162581204628 0.709292895577172 0.552996532874678 0.503819081151523 0.515596669537454 0.51695446725384 0.478333536386813 0.408216185019229 0.325311837530532 0.242998850633232 0.167081945713965 0.101423292698258 0.0517537378318394 0.0213434012349311
0.660378424802637 0.609924009631462 0.481551849877833 0.386975805477247 0.374110411055429 0.406357317465183 0.424452543573495 0.399084520371313 0.334719961629664 0.251670014165096 0.171052634356442 0.105595371059009 0.0584239893430498 0.0279688737772189 0.0111073321782173
