0.345337199080929 0.272825380430455 0.136116847045224 0.0504204193608087 0.0251637954291014 0.0383271146813971 0.0754192628637383 0.10424543883242 0.0975666339077519 0.0784351758052459 0.0789234562602894 0.0845012616281174 0.0664637656868532 0.0335154945257505 0.0105946664057898
0.672129739208002 0.543968413496309 0.29282242335569 0.130388837262546 0.0770702319348164 0.0990795895245255 0.169066406485748 0.225136719652169 0.215022079666467 0.176491611674753 0.166718367594555 0.166855587663399 0.131095069302439 0.0700617996662312 0.0246620842167691
1.0437781533784 0.871538584691444 0.514214174177745 0.274974890962158 0.186887640901436 0.20976112677754 0.297009526543348 0.363449984731582 0.34598738366836 0.286229334390621 0.251885868170226 0.235183342149684 0.189900608118104 0.113241480414854 0.0463352836967741
1.39144342056272 1.19488262104488 0.762075768523372 0.465547339264436 0.346740678293675 0.362929760943394 0.440600166994842 0.482321825898865 0.441086494090713 0.356168860018846 0.288154287862429 0.252642093469653 0.217146034087563 0.148520992173714 0.0696683256889864
1.75046352838477 1.51467426217483 0.988584944544933 0.629433712713821 0.48103343090539 0.492065217315384 0.562932288337597 0.576706844238092 0.501690258234227 0.382962215785078 0.277969195880798 0.223592843567516 0.201328113999258 0.152481466334289 0.0776233355220336
2.19313972244233 1.86331795232701 1.15991810303897 0.692257233982483 0.50668706899879 0.520036474937748 0.614637967028584 0.638623812865368 0.54586908776697 0.396346553769335 0.257633727872086 0.176209431901013 0.147588117141584 0.113917896826493 0.0597497411589597
2.65803745119283 2.19524443742844 1.25582108751367 0.6546149871624 0.446086382084847 0.476799438856772 0.604063917761217 0.649157736125959 0.548566881688077 0.384139144121096 0.232514578454564 0.131212314129656 0.0864494746138521 0.0604839662187608 0.031183996712105
3.00329585455327 2.42337063195803 1.28291408966356 0.588888077473698 0.406988774950921 0.478741190466229 0.609527447067128 0.627800442655761 0.497863730858972 0.330788418424459 0.195986911560632 0.10232472600023 0.0534924080976651 0.0303882156442779 0.0142286068396339
3.20141928504303 2.55435720004134 1.29429012738792 0.566961476471266 0.451577008963461 0.579170625040486 0.682221624921724 0.624821926472734 0.44755573930577 0.289551819001664 0.188596798453575 0.116574372890374 0.0702936997797647 0.0404633538461026 0.0177739286909799
3.35838475028592 2.69683374708083 1.36940191861791 0.618173787486545 0.549358913986862 0.718001871842192 0.790759342336506 0.662367686273804 0.451662539823451 0.316216765562749 0.248430793537643 0.190237536016524 0.140226318072589 0.0904842671698985 0.041565849772691
3.55863445983368 2.9355501336019 1.5590071395151 0.743791272060922 0.650970184806998 0.814314080112424 0.866470084211444 0.708389992263581 0.490228439567238 0.374245437722272 0.326171959516968 0.277182775660706 0.228361634850234 0.160282685387792 0.0781929081249778
3.70539603686323 3.19771152106442 1.82701062604819 0.928860351217425 0.748832638961013 0.848258817294861 0.864206611490352 0.700979260156092 0.489460192223378 0.374277600339269 0.32963138489498 0.29874415186411 0.273687334766197 0.210828430713941 0.110678471719607
3.56275852962853 3.26358307298853 2.03259148438039 1.10774415299644 0.831872492726203 0.835992736654974 0.787575227806008 0.612556166965346 0.410185781126126 0.288104721667146 0.241785462689681 0.235821717889362 0.246805911168804 0.210809554752236 0.119045573607898
2.96274913719977 2.90191871639879 1.96398717524874 1.13284626370838 0.813560127582338 0.751411045624203 0.659099887614564 0.479350588110874 0.291453022413337 0.172904307261397 0.129992598879492 0.139266344602786 0.169083220220193 0.15823909103199 0.0944154373906453
1.99109104915528 2.07917888056311 1.50518194718925 0.895999513158994 0.621529468785466 0.560214147436492 0.491766358538458 0.349845363113294 0.19277324643699 0.0902019060340592 0.0538384827981332 0.0618427026466969 0.0853759407638456 0.0851432244354648 0.0525160497785115
