5.08359532205068 0.000550079470158565 3.05493193170672e-05 0.00329935546243751 0.00602655310327986 0.446463358948519 0.00182536209219036 0.459138186088295 0.0168034495367838 0.0126824858308491 3.82710179575287e-08 3.01334103448195e-23 2.42293928548258e-48 1.9539718227067e-83 1.57966028948008e-128
8.21460102208144 0.00137519218321393 0.000509785321356599 0.0127131082457277 0.0215525647043184 0.501331544162551 0.00668952090986765 0.435370895271693 0.046414088640062 0.0714893539415769 2.7730749830436e-07 2.18358595696104e-22 1.75576078661833e-47 1.41592787557609e-82 1.14468643549636e-127
11.4279216002896 0.00861508347544191 0.00531012156088993 0.0371330282002198 0.0495030328949882 0.350647795153218 0.0383175296316847 0.268562131332509 0.0799394109151799 0.287345601814587 1.25158451616137e-06 9.85595318277348e-22 7.92491272575021e-47 6.39102176199417e-82 5.16672922104093e-127
15.5065917556155 0.0532557401947281 0.0345732497731546 0.102979144152192 0.0786183912427962 0.152767006975651 0.167411349014272 0.165385061157266 0.0864354329977062 0.769599080478924 3.5185634867546e-06 2.77097943981475e-21 2.22807579455544e-46 1.79682503599447e-81 1.45261724597065e-126
20.691250399305 0.215185316465502 0.141340231384941 0.282098277885906 0.103631826473169 0.041463271548267 0.471546662505891 0.267830721916904 0.0622511206072209 1.32273914702638 6.16136760596315e-06 4.85259791447231e-21 3.90186071530208e-46 3.14664401560524e-81 2.54385890582329e-126
25.9590588925152 0.545595488902083 0.368231113536913 0.623349623204478 0.143695945438441 0.00702408265651884 0.839675061776799 0.534518039684769 0.0449439282384099 1.43777684393051 6.72040329793974e-06 5.29324070219019e-21 4.25617908738492e-46 3.4323831855059e-81 2.77486061429493e-126
29.3835435659288 0.870679306018661 0.6393647059852 0.95781990185529 0.240083110218141 0.000769245096937235 0.94256548976527 0.717853651204345 0.0719718988596529 0.9902887673373 4.56583350118235e-06 3.5964606399249e-21 2.89184062230288e-46 2.33211653183189e-81 1.88536593114599e-126
28.9869716298768 0.901797437602259 0.824015057562741 0.972814642996558 0.484567603332275 0.000116677050324175 0.674507584306773 0.605527569325313 0.167961968519965 0.443770184272488 1.93219739769707e-06 1.52207240497525e-21 1.22386959054951e-46 9.86986150573299e-82 7.97914701015137e-127
24.9455504623481 0.720331638927711 0.911290160244062 0.648512630972535 0.925029870410029 0.000153716951171718 0.362566410837406 0.319180538935164 0.341913151102091 0.140375087468367 5.09319392026163e-07 4.01237619549018e-22 3.22628154114513e-47 2.60182569941359e-82 2.10340841817406e-127
20.18921090226 0.791881340240845 0.893016896204572 0.289345677938585 1.31817001046148 0.000324600145139684 0.356362739153382 0.107654684116431 0.510195890258775 0.0367201182583663 8.36254247399701e-08 6.58831431505474e-23 5.2975579007956e-48 4.27220091638727e-83 3.45379914777262e-128
17.2933682247648 1.37283078854131 0.760807930230593 0.0906672910642488 1.28514554341195 0.00100901240075637 0.724267290924316 0.0423352641115098 0.508572898127713 0.00892613492231682 8.55269830276081e-09 6.73834600595652e-24 5.41820571802163e-49 4.36949722531185e-84 3.53245694848914e-129
15.5558949913103 2.03080432949521 0.740596577135967 0.0212655861643113 0.837788357316565 0.004036056025208 1.22069180290645 0.0974516120555634 0.324248173883605 0.00192360462788796 5.44891242527185e-10 4.29278005594466e-25 3.4517679964963e-50 2.78366902103209e-85 2.25041703455229e-130
12.8798370861857 2.00705218216956 0.985835927328738 0.00384051369053557 0.361152251062954 0.0123674493135636 1.42425092060532 0.26806190367907 0.13017012934846 0.000349495617932913 2.16294451815367e-11 1.70345356963952e-26 1.36972705711258e-51 1.10461275564357e-86 8.93008237072751e-132
9.37837153328195 1.26846211032283 1.1786781821424 0.000517184921755905 0.101737390677924 0.0244734120247995 1.15224515886033 0.471901387456331 0.0330125852403819 5.39024539884718e-05 5.35317481066904e-13 4.21044791369802e-28 3.38557782196709e-53 2.73029039333562e-88 2.20726385921405e-133
6.49506114514833 0.508289626377262 0.965362189017729 5.28552661331295e-05 0.0184981072130535 0.0303648740823932 0.652338001015612 0.517882391268266 0.00561330242869548 6.66563278776201e-06 8.28057742545225e-15 6.48235246404751e-30 5.21240192861542e-55 4.2035281230523e-90 3.39828164126472e-135
