1.09657545408593 0.833333105856081 0.455478740077931 0.266697740081656 0.156231970206818 0.21133066529396 0.30145701621959 0.204881570899481 0.0688812856084662 0.0195499457580056 0.00614003641621462 0.00113298567794581 9.27575693788162e-05 3.23014232743755e-06 4.76076073949381e-08
1.83895844200853 1.39881266767241 0.76271662949494 0.442392607079498 0.258800666257679 0.352057956970686 0.499934068069936 0.342587820986733 0.128212507546083 0.0491410382775281 0.0179925001774094 0.0034033455654045 0.000279462345526002 9.73520422136295e-06 1.43488437964565e-07
2.52831399335824 1.91825034209988 1.03257934132175 0.588324469023965 0.343713597811678 0.471477379337181 0.667571688509362 0.466850631114187 0.20604341575355 0.105760759220686 0.0426693195904635 0.00818045206438752 0.000672783261939502 2.34408674670153e-05 3.4550444267169e-07
2.90501273645263 2.18597934416354 1.1413366962581 0.629568120903698 0.367101593719105 0.508190030884465 0.718984963283419 0.523618450697864 0.289869401472165 0.190551389471165 0.0814233273271608 0.0157228926713727 0.00129412201531531 4.5092760781475e-05 6.64641917356119e-07
2.90749548371968 2.15050178854498 1.05592573546525 0.549089564853908 0.319623876653689 0.443237503241256 0.627340525664168 0.491246919654431 0.357616472164557 0.282555626747165 0.124667563969751 0.0241587024313265 0.0019890054411881 6.9303744703052e-05 1.0214695537044e-06
2.74823827908175 1.97556800299794 0.87047649341412 0.409074284933203 0.240560668676048 0.320905721961628 0.451184103079162 0.397865904483649 0.38488979986166 0.341951196349265 0.153115406094775 0.0296888778173835 0.00244327323975922 8.51094440656627e-05 1.2542712650855e-06
2.72633803885392 1.89544567420373 0.724688104137176 0.301600832521631 0.190010965853253 0.21549283098487 0.290255803456003 0.303454603166227 0.366387394518241 0.33996767446458 0.151586009098237 0.0292510846488285 0.00240137934388157 8.35571097973286e-05 1.23078200976307e-06
2.96667976130498 2.01440852436569 0.693305286726951 0.281682002951633 0.206819621094222 0.181721017215989 0.225038052263361 0.275115647388067 0.338067476912067 0.29065568836097 0.123600918544938 0.0233299712630047 0.00189654804462803 6.57050640734443e-05 9.6596412165711e-07
3.36187414467397 2.26106210989076 0.756767819988517 0.341835807693656 0.285815801980946 0.231991012130472 0.293072871116274 0.37177203606791 0.369211428947682 0.246077715354368 0.0894964335829297 0.0156133557993872 0.00122341969042612 4.16865780701076e-05 6.08333989008792e-07
3.74796151356934 2.51653150439415 0.857330823233157 0.434701129765649 0.384956653828075 0.341504515348495 0.488694018293862 0.6197855288757 0.513913695452414 0.253878138006273 0.0691028563048868 0.00981050773614782 0.000682934100309393 2.19284173033529e-05 3.11242922881835e-07
4.05955136458373 2.7294933857165 0.957689741787115 0.514556990250127 0.455674545895585 0.46283019646872 0.755570630330344 0.972545632275673 0.753849601226005 0.316840546411495 0.0671569895079134 0.00713142917679849 0.000385656639343172 1.04593790132916e-05 1.35271127569171e-07
4.26320631543514 2.87436135007898 1.03915960972752 0.561873525939211 0.473881346752041 0.543529170480966 0.987422571027306 1.29644987181184 0.985463087036493 0.389849731168058 0.0736051177232338 0.00645032366925406 0.000267808942435466 5.49326413851063e-06 5.69001604485185e-08
4.21866031120146 2.8549476741975 1.06569830279701 0.572605671941839 0.444078409840489 0.546917032975864 1.07192262420516 1.43216050033497 1.07975601739294 0.415466344270906 0.0748127486366368 0.0060504105998614 0.000218700393416183 3.61129525987715e-06 2.84331599596826e-08
3.74717091092143 2.5471711996108 0.986568433597666 0.536831957762365 0.379751979258182 0.469030574867647 0.962807297434548 1.30403097559641 0.976173528059601 0.367892500805702 0.064401905942582 0.00501915170017156 0.000171519612603522 2.57299830160482e-06 1.72143041069656e-08
2.85971726852043 1.95362433605068 0.788912188362299 0.445340222772731 0.291877209674832 0.340217473995242 0.71367525935807 0.976959606938429 0.725694823176049 0.268062605472979 0.0457788255871872 0.00347423222886101 0.000115193612082805 1.65908762769224e-06 1.03934157647263e-08
