2.33703441013453 0.871013649416285 0.0458807485430181 0.0102700537825825 0.00401567774000003 0.00178631276865854 0.00541956569896433 0.00244612396258704 0.000393824211573599 0.00779182485706543 0.0450737434124546 0.0332910444129101 0.00312976256908328 3.74513942169967e-05 5.70423184898603e-08
3.89676417795807 1.45881233886923 0.0896449933612831 0.0437886677483194 0.017529210408919 0.00754353816142159 0.0226118192369412 0.0103417308295771 0.00168210715055918 0.0208614934647465 0.12001080862963 0.0886359934241795 0.00833285848543293 9.97127292748608e-05 1.51872724091308e-07
5.33501358296253 2.00562135675128 0.166039153270443 0.145199885940148 0.0594250723420091 0.0245069678098244 0.0721517633482466 0.0337876118077195 0.00655429941432475 0.043130493389799 0.244304488658821 0.180418624705985 0.0169615299743854 0.000202965218243648 3.09136865614319e-07
6.19005990840788 2.34125071882188 0.303382417861795 0.373403004347916 0.157409491643682 0.0614420693342488 0.176123959989766 0.0859674658140177 0.0227410512934711 0.0700564180079898 0.38028096456051 0.280764021287313 0.0263951690160383 0.00031585011493958 4.81072153032675e-07
6.39625799054431 2.44905048226759 0.524774489688246 0.746593355406064 0.328199781164501 0.11941102406323 0.329055111396175 0.172455730370035 0.0670806296049253 0.093265219428483 0.452767572509613 0.334034381365411 0.0314030825093802 0.000375775846023417 5.72345193896164e-07
6.24032615375632 2.44074503606424 0.799224060105595 1.16835528314485 0.542922125097843 0.180988225850571 0.470995436912461 0.277798808533548 0.161573051063111 0.110525438855731 0.412695320730905 0.303831489009922 0.0285633102074311 0.000341794512679518 5.20588134175022e-07
5.97112515293322 2.39723136456716 1.02912519747036 1.44956999540515 0.71791433287746 0.215567534514292 0.517574876663509 0.368703312998078 0.310992947999849 0.128235753239342 0.288717829591842 0.211287012250103 0.0198624699835063 0.000237678399332939 3.62008603716923e-07
5.60324898539138 2.307145117405 1.13409008278217 1.46301374720179 0.763661910988213 0.203511508913603 0.439217845263601 0.419491472831614 0.47962954364513 0.148813888457265 0.156186201759869 0.112338961898842 0.0105595775335998 0.000126358000700625 1.92456207093958e-07
5.1050906577283 2.16856023567304 1.14629303803911 1.26571403045337 0.657933377976606 0.153622711740927 0.294248833004497 0.442034313664541 0.617394299177043 0.164439480342787 0.0668492348137982 0.0456736893905818 0.00429189161407051 5.13575364423686e-05 7.82227996178555e-08
4.63490170685897 2.07227239142484 1.17005713808621 1.02864579492314 0.465806479111006 0.093562519484735 0.171038815763824 0.494768498068902 0.731249047191512 0.172320553615716 0.0244500308807696 0.0142070924975023 0.00133364753749018 1.59585721919302e-05 2.43065427463572e-08
4.47793877633193 2.12271727454331 1.24006327383238 0.865509255871455 0.282021896294431 0.0467391443552406 0.115791848646929 0.642537478510037 0.890229077375514 0.184489968162399 0.0097738383803264 0.00338972892608257 0.00031683203115345 3.7911618272714e-06 5.77432773746635e-09
4.7038981384721 2.28051113017989 1.26745699699035 0.761706617669479 0.159464217833509 0.0202184347302716 0.11771328807851 0.870938910730842 1.1080243972003 0.207769170215483 0.00623691159772526 0.000630994983351793 5.75503942722878e-05 6.88555933222867e-07 1.04874057831913e-09
4.94195600822898 2.33615016357158 1.14182619770042 0.643353354555138 0.0936833039040615 0.00884622826345723 0.136781250401207 1.04804357287308 1.25863119011243 0.223563920261449 0.00567030440373992 0.000103558746794754 7.99800342776034e-06 9.56084037815321e-08 1.45620703496554e-10
4.65024067245014 2.09168955001795 0.857766757552944 0.47522106655932 0.0574573264868852 0.00475510512917178 0.137070508879422 1.02527291481078 1.18626347473048 0.205128999122959 0.00501840527955923 2.55040392399827e-05 8.5530265279318e-07 1.01497316287748e-08 1.54584748212242e-11
3.65762178317082 1.55972012150786 0.522583709511941 0.289553692151507 0.0329222346670343 0.00293853444298781 0.108640057320756 0.788852549771932 0.887201689928283 0.150921578475822 0.00366149442663594 1.27644415930083e-05 7.40399833782531e-08 8.23992302585817e-10 1.2545822561983e-12
