78.2046986332065 7.41098518885942e-60 1.61779497863262e-30 5.92144929638245e-279 5.64278424667793 1.83190947418139e-24 4.53464122878681e-307 0 4.21063529897567e-13 0.0017770275060644 0 0 0 0 0
150.539349751941 3.06145549299186e-59 2.91270231415771e-30 1.06610660167325e-278 11.4655030111295 8.87146065930544e-24 2.196008691053e-306 0 1.769948156549e-12 0.0042061643585914 0 0 0 0 0
228.015201751332 9.55506844000929e-59 3.96207384670154e-30 1.45019731805546e-278 17.6013762845569 3.24593710533069e-23 8.03487313719958e-306 0 5.62117765968792e-12 0.00752198001279098 0 0 0 0 0
276.26274610309 2.25316761969141e-58 4.07195413878445e-30 1.49041567618083e-278 20.4152164753405 8.97302581531368e-23 2.22114975562711e-305 0 1.3488011411301e-11 0.0101632347821623 0 0 0 0 0
276.410797580404 4.01427432590867e-58 3.16181923699173e-30 1.15728831795471e-278 17.890200116848 1.87409491008995e-22 4.6390655028142e-305 0 2.44524503112295e-11 0.0103749398831112 0 0 0 0 0
241.707146585038 5.40349111250679e-58 1.85491940296356e-30 6.78937154497066e-279 11.8448688085406 2.95731844705661e-22 7.32043714259803e-305 0 3.34927411226354e-11 0.00800189902261463 0 0 0 0 0
200.736127234318 5.49535410534381e-58 8.22179980747921e-31 3.00934119143727e-279 5.92514739673166 3.52580631021342e-22 8.72765105718721e-305 0 3.46603423024191e-11 0.00466288163884625 0 0 0 0 0
172.342423917173 4.22251081423201e-58 2.7533574653322e-31 1.00778323836565e-279 2.23934965071732 3.17594268514909e-22 7.86161152792582e-305 0 2.70999724567683e-11 0.00205290836232679 0 0 0 0 0
159.494460749459 2.45131829127934e-58 6.9664599920137e-32 2.5498620135941e-280 0.639438096882981 2.1614276811654e-22 5.35031845961358e-305 0 1.60087970423895e-11 0.000682870864117504 0 0 0 0 0
156.053267219818 1.07518324608252e-58 1.33172803627818e-32 4.87438776083812e-281 0.137952302239792 1.11138008205849e-22 2.75106931427763e-305 0 7.14500266625465e-12 0.000171617452030441 0 0 0 0 0
152.499940307911 3.56302703965665e-59 1.92341405653172e-33 7.04007551150168e-282 0.0224860537866236 4.31755975034108e-23 1.06875283563868e-305 0 2.40935025225126e-12 3.25865335173892e-05 0 0 0 0 0
140.057455756563 8.92091898202324e-60 2.09886195586611e-34 7.68224949138601e-283 0.00276918126601741 1.26726648956617e-23 3.13694478490243e-306 0 6.13834550724296e-13 4.67486124120823e-06 0 0 0 0 0
115.344283595901 1.68753939256013e-60 1.73040918931511e-35 6.33363955993e-284 0.000257657846002525 2.81029164768421e-24 6.95649241958241e-307 0 1.18156214326453e-13 5.06702600285435e-07 0 0 0 0 0
82.4224075744775 2.41185997757313e-61 1.07787300965306e-36 3.94522820190377e-285 1.81129507378489e-05 4.70856620897167e-25 1.16554113402446e-307 0 1.71836592966751e-14 4.14945814720013e-08 0 0 0 0 0
49.8098717825453 2.60437854868464e-62 5.07271226363273e-38 1.85671292475064e-286 9.62030602576827e-07 5.96046054783882e-26 1.47543044695838e-308 0 1.88811562332719e-15 2.56734061437676e-09 0 0 0 0 0
