0.0156714490127328 0.022354980789648 0.0337603587582339 0.0574488269583596 0.103865275085048 0.182055596535334 0.290724572403295 0.404658161015575 0.473166615342419 0.451931893654781 0.346095595576097 0.210083722866663 0.100343019463898 0.0375185033947668 0.0109372280988917
0.0539330192858033 0.0690893765589758 0.0888089793681633 0.126331868099763 0.196230514081175 0.305522287242612 0.446550045506921 0.587374483186059 0.668567656110026 0.635099256754172 0.489949254825008 0.301520245790908 0.146369972537728 0.0556341435311433 0.0164699376741707
0.152819215360444 0.180350120200874 0.203105656828657 0.24430655140982 0.324278042766679 0.443629207941016 0.58346174212408 0.710444326234316 0.773719451567185 0.723035629447599 0.558345801489349 0.346930772737174 0.170584648953161 0.065696858483112 0.0196874208522179
0.356382933482983 0.396076832200277 0.40296801814801 0.419437730938627 0.478087125048416 0.573046905659116 0.671457166294889 0.741530046246396 0.754240343700352 0.679911373172584 0.518602196010187 0.322407097542623 0.159486886969952 0.0618960523079341 0.0186893289700042
0.686516240781522 0.731861328873259 0.692505412468304 0.643404353861294 0.640530398266368 0.677832594722685 0.710564781571244 0.706196896756932 0.65581600393922 0.554544791701429 0.407673787776649 0.248817343648934 0.122055679139219 0.047204856532974 0.0142370427494274
1.10204176050715 1.14307122910865 1.03054576092536 0.882649299247226 0.787880010544413 0.749105658180778 0.716656532606003 0.652967450520033 0.554732271239323 0.431724482612311 0.296765391773951 0.172312280133696 0.0815195449417864 0.0307034656933765 0.00908148695957407
1.49760422410722 1.52482057259571 1.33107865110955 1.07824876274826 0.887559724140984 0.775971954794139 0.696475049422181 0.604889291737428 0.489075256938602 0.358304835158477 0.23016504521845 0.124999302216531 0.055681818269277 0.0199323969924499 0.0056611322394084
1.76488615183322 1.76837566705797 1.50375635750873 1.16849655087771 0.908110411688588 0.750113076250977 0.651237184142942 0.56157946293731 0.455875195821593 0.334249085993132 0.213357007212263 0.114792482492587 0.0508073479104466 0.0182037468789765 0.00522464967019106
1.86267831547916 1.83143146854921 1.51316393452524 1.13226530149615 0.847786958358744 0.687015962723491 0.602755641440541 0.539588292376281 0.463696344766365 0.365319913330219 0.253688231331929 0.149888409235838 0.0732115835757791 0.0289363277157607 0.00911266932880196
1.83151922196345 1.76082539051221 1.40754045983145 1.01643391547461 0.751528373213584 0.629738598673981 0.592199843370167 0.578763317066025 0.551984626179256 0.489724415452852 0.384426977403666 0.254506476564839 0.137014929221277 0.0585780329546699 0.0196051173880846
1.76087441390067 1.66044793319889 1.29170492216047 0.912482262304538 0.685701572710478 0.616204502390052 0.637450896456813 0.691191508358754 0.736448724422705 0.726756841222121 0.623329381232778 0.441030144209454 0.248939845040296 0.110006956670526 0.0376747187115511
1.739918607439 1.63071451780223 1.2617965613968 0.895535315185633 0.689963313982096 0.645026203745786 0.702523162852687 0.818799367183984 0.947564671082644 1.00402868574988 0.90540595823708 0.66154165833848 0.381031594896981 0.170568340396145 0.0589146881238394
1.79117480013059 1.69479502538717 1.33472823379509 0.968649065816971 0.747778624082415 0.677089371058634 0.722445360981053 0.864909365036984 1.05468071956109 1.16975597364319 1.08665263720948 0.807852729201566 0.469954918929241 0.21160840019567 0.0733506894715744
1.8249031102035 1.75629422613489 1.41829849821509 1.05026066483718 0.793443168551275 0.664087260612466 0.656184661658486 0.774309770827219 0.970974211276663 1.10960090407506 1.0509263407721 0.789732402183816 0.462022038718374 0.208639294907046 0.0724213625156991
1.69734469459069 1.66169870777403 1.37138924089764 1.02784668076664 0.754692966343613 0.578761272620353 0.513998648069627 0.577175227430471 0.728950688720846 0.848783183232564 0.814433405687174 0.616281693443742 0.361694658959386 0.163508905023686 0.0567502169897687
