1.4783649486667 1.45522488313349 1.22631785757418 0.905522818631177 0.61645731118144 0.427517298316201 0.343197368576354 0.330794114940797 0.346452116883808 0.350510668941425 0.31932022975656 0.253100854467172 0.171660177089861 0.0987928614410758 0.0480400674617801
1.76355969086703 1.73036301104237 1.45927859106346 1.08865495701545 0.761839173124982 0.552193257169528 0.458082024984911 0.438696071826014 0.445546217181046 0.437833992184658 0.392215678916104 0.309644017964371 0.211381420449979 0.123426106548911 0.0612516141798189
1.87715367907564 1.83764095431655 1.55432508249361 1.17728199557471 0.854535747088055 0.654752533977946 0.567611375782241 0.546486148043508 0.542905749168944 0.520074749887349 0.458611040799582 0.361006263454751 0.248511102916338 0.147561793160325 0.074891021125854
1.78407909692936 1.74498456871257 1.48487630705033 1.14949246051404 0.87531621971757 0.717935855048702 0.657541751805804 0.644345013352503 0.633352994651341 0.595360837486136 0.5179517837704 0.406521768756566 0.281915315852051 0.1699430582626 0.0879784545690991
1.51589678402397 1.48449333222131 1.27679002311034 1.02020939925948 0.827740717413384 0.737429455990683 0.720753370063716 0.726353849626654 0.713618964943322 0.662161970464721 0.568675321825746 0.443585552207128 0.308246758756912 0.187437021424602 0.0982866738276359
1.15573668811036 1.13724651079821 0.996459890612911 0.835010858577933 0.737941770229724 0.725674776845368 0.762123466309009 0.79393051041597 0.783342910015276 0.718434903832382 0.606851342882332 0.4668480749514 0.321942148182232 0.195494110583676 0.10284143285622
0.800115818159278 0.796582096915305 0.721266644529093 0.650292325349029 0.643531859539109 0.706608873436062 0.796197370178095 0.85471748337999 0.844790105931036 0.762508539393081 0.628459018235322 0.47149046445219 0.318624737345358 0.190881847764808 0.0996703559089899
0.521312703389191 0.532214300712312 0.50987409323217 0.510849215570848 0.576933949779314 0.702705397482467 0.837033427037393 0.915585338496057 0.899685055557666 0.793728848556417 0.632799374747732 0.457757811969308 0.299266576001072 0.174673690657525 0.0895458350532886
0.348866369066639 0.372478610879462 0.386563933588894 0.43596212087133 0.552201717913461 0.722278053442078 0.887021851565575 0.974528577352144 0.945028554820901 0.811676535706561 0.623628662501911 0.432514059158426 0.271332174461936 0.152834665454166 0.0761995138741003
0.272846865882442 0.307214198685183 0.342643613253331 0.418622341973912 0.562257571883989 0.755838911857292 0.933749074801895 1.01880571415051 0.972190074325842 0.815157596804748 0.607185843701669 0.406309547429134 0.245620986612603 0.133635990317275 0.0646572833604559
0.259662797329338 0.302799306561674 0.348787342162681 0.434892932332735 0.586457888098368 0.783341393692727 0.957385923090404 1.03146984237269 0.970804502043879 0.802241782571296 0.588641678906909 0.387871190679768 0.23078339845279 0.123512223301723 0.0587428088164681
0.269910557008409 0.319523396245247 0.370062314997901 0.456518180326073 0.602089081008056 0.785735936060819 0.942015389042481 1.00067388868093 0.934028005226725 0.770722619311002 0.568818664572421 0.37919870329623 0.228740459218475 0.123810143699334 0.0592245848075994
0.272331479316813 0.32550938477413 0.378125068802188 0.460942121524626 0.592823558338125 0.752556356017722 0.882259991541424 0.92451644938495 0.860888776933824 0.718125183301386 0.542830575709479 0.373955109246469 0.233492659168365 0.130139381651515 0.0635443546017961
0.251480997334074 0.304645307998036 0.358157984355293 0.436402853337875 0.551680233186477 0.682880087704957 0.782718761406024 0.809808525427786 0.755491973910837 0.64226312093241 0.502193841701249 0.360523985087558 0.234159539818702 0.134683636147608 0.0672152196593553
0.208157023076102 0.25742667145297 0.309912563693307 0.382584366092135 0.480439120220823 0.582941267380772 0.654217713867559 0.668619731323879 0.625952973666655 0.543732457899042 0.440337309618463 0.32869631702949 0.220919975953579 0.130355117740372 0.0661750325009654
