1.10754685919937 0.104450301206469 0.0661976964625463 0.0887689442442236 0.00062371129839977 0.105397915607304 0.0200699540863098 2.43576350854659e-05 0.000107974896985613 8.39853508215539e-09 4.21709801647531e-11 2.48400959132472e-18 7.98900671398008e-31 1.40291784014328e-48 1.34515281193902e-71
2.26610837008759 0.410372894081235 0.133635768976941 0.261875153157906 0.00412317973258642 0.286621264840682 0.0500604749869542 0.000458868913774199 0.00160790966601629 3.43576049475874e-07 2.98573743711518e-09 1.75869769773343e-16 5.65627756193997e-29 9.93276509151209e-47 9.52378429503237e-70
4.13406311077498 1.02965812178779 0.158127350148696 0.60646388652477 0.0165101018109319 0.555588007930687 0.0781011349844447 0.00534312658738375 0.0139343555878027 1.1976904658678e-05 1.22966855831266e-07 7.24315287835405e-15 2.32952389465996e-27 4.09078468433323e-45 3.92234695697216e-68
7.71887818803418 1.72515166378155 0.113849220298369 1.05412509625433 0.0425740422369669 0.877844218417311 0.0822365817453719 0.0382497673126901 0.0702973459855523 0.000275989987246501 2.94593428646844e-06 1.73525233935862e-13 5.58087321321192e-26 9.80035050000868e-44 9.39682186358707e-67
13.7058675070982 2.05144075549093 0.0763222160478224 1.27794000061641 0.079405850630424 1.12832071550937 0.0632471719407488 0.167173331706461 0.206641758604458 0.00381412380193098 4.10541033989056e-05 2.41822193057772e-12 7.77742215921815e-25 1.36576231415594e-42 1.3095271617186e-65
20.2715781432018 1.90014786255143 0.158584811669506 1.15488757377262 0.118353374125366 1.03976553678561 0.0362342506899024 0.446797883428889 0.355734116494893 0.0308648386904822 0.000332804062247329 1.96032555898347e-11 6.30474781860791e-24 1.10715180359673e-41 1.06156491794231e-64
23.6598216742368 1.60760374042308 0.435400257721781 0.982491313008386 0.139514702189217 0.619474020812021 0.0196830540911523 0.760822139882122 0.373027769699848 0.145493202526796 0.00156934777391425 9.24397536308875e-11 2.97302319191925e-23 5.22080832377382e-41 5.00584196477379e-64
22.7476181226524 1.37746990639186 0.784621252920099 0.8323945940435 0.137263964760587 0.227073271906793 0.04290739087564 0.968006493858421 0.311370377148439 0.399076797010608 0.00430475364817132 2.53564170600507e-10 8.1550645715177e-23 1.43207860307365e-40 1.37311288282248e-63
19.4583225034937 1.08145571549536 0.90947334266578 0.587393768822447 0.151814602257793 0.051052327953411 0.167126936490887 1.21213579169763 0.397122026449817 0.636814364361525 0.00686872200796607 4.04590353213576e-10 1.30123291774854e-22 2.28504361036098e-40 2.19095712516313e-63
15.2081146817353 0.737758679448496 0.767462511936121 0.342538345976779 0.188183971318993 0.0145210602224039 0.443512301031935 1.5170655194417 0.6174648718047 0.591162170496399 0.00637532174202454 3.75527452180132e-10 1.20776157516806e-22 2.12090228623513e-40 2.03357430673611e-63
11.6094581782049 0.483812042031777 0.558231911751345 0.179919929394348 0.206571063153849 0.0380710808138915 0.757087922366588 1.50368441266766 0.688914650368756 0.319274656208267 0.00344212632214248 2.02752579410588e-10 6.52087545815044e-23 1.14510512271608e-40 1.09795551222729e-63
10.1112301078623 0.349959301348481 0.349937270344609 0.076276562303057 0.225779578007707 0.11654555281735 0.839786088703039 1.0506268558311 0.520550460022107 0.100333669198433 0.00108106058085639 6.36780294306464e-11 2.04799613669427e-23 3.59640493440205e-41 3.44832325311954e-64
9.85847716383007 0.366431788651089 0.170914031950096 0.0216693909884976 0.248341029525727 0.257344441836756 0.602738415678355 0.513701244489557 0.289003028427986 0.0183518521172912 0.000197502132526815 1.16335262129582e-11 3.74154428981175e-24 6.57037779762741e-42 6.29984302507524e-65
9.19381370871188 0.456012428911772 0.0754077598827803 0.00374772840348915 0.212496436323835 0.414682556619238 0.274051705192924 0.178670144180151 0.121310861302963 0.00195504093770902 2.09890159181978e-05 1.23632217866301e-12 3.97622707274406e-25 6.98249494151974e-43 6.69499127901607e-66
7.4276411795911 0.413186470461399 0.039166784942413 0.000382586015466341 0.126783124512372 0.460105255633617 0.0768490610100139 0.0437335236289994 0.035661078509498 0.000121534647854906 1.29751054109598e-06 7.64276450160721e-14 2.45804594031967e-26 4.3164771604607e-44 4.13874656371274e-67
