1.11009430076769 1.06231922292032 0.883728207737967 0.649093969594007 0.436365602665682 0.295472901675563 0.243634013554143 0.27310412708183 0.35653133300687 0.451081637946649 0.510211923028321 0.50313737456258 0.429457145118031 0.316528978942277 0.201189571809555
1.26126898906072 1.22349681936384 1.03810604581751 0.782874070287616 0.541742068409395 0.371866082435165 0.297144448655511 0.313953451535162 0.39505840559839 0.493880471813703 0.558129139861075 0.552013194879169 0.473109730013064 0.350206313151109 0.22351838590809
1.3351287003406 1.31888810970759 1.14787855664131 0.894176183027417 0.640087384733534 0.446830163283197 0.345965736308281 0.340946082569946 0.408079109117413 0.500589097392684 0.563735484366012 0.55868540099037 0.480613749649079 0.357219274999187 0.22890137334468
1.32205576727065 1.33763940746827 1.20204680445607 0.973055988756175 0.723513992225483 0.515047909292124 0.387242910606243 0.353056312702814 0.395497029072662 0.471173663830966 0.526485200582988 0.521957789274539 0.450372919994702 0.335986426417416 0.216095523313067
1.23165070793908 1.2854763546394 1.20122477585044 1.01596856541271 0.786871928196227 0.572549824354504 0.420098281767223 0.35320203269953 0.36370720761172 0.414448524774293 0.456101808275218 0.450901475160453 0.389660131897953 0.291543265278734 0.188115238058732
1.08870101386534 1.1819285356243 1.15666880381452 1.02641527784068 0.829240555542477 0.618117197547807 0.44621900700946 0.347641139214528 0.323768030969636 0.345288039509816 0.369320581376934 0.361699258233633 0.312020765314307 0.233711036934915 0.151121529481774
0.924662430485131 1.05369017143255 1.08659366724588 1.01407123095329 0.854740083357784 0.654352693611272 0.470045286917541 0.344631982311787 0.288360469456513 0.280133168718741 0.284561073858327 0.272314696212137 0.232701829435013 0.173723539172463 0.112277629381219
0.768575486467494 0.927075000263275 1.01124459623717 0.992446134242026 0.871859120237615 0.687471165681091 0.498044925215337 0.35260827901515 0.268649650617934 0.232667821846023 0.216878492098131 0.197410594827975 0.164229130210349 0.12090149210392 0.0775930180505561
0.640616737438712 0.821942742592048 0.947868576217739 0.975072467608993 0.890610766608571 0.725005578696992 0.536582691231322 0.377927808246703 0.271740265837634 0.210943256376338 0.174886037939048 0.14534561370414 0.113800039579388 0.080670408617603 0.0506167539372021
0.54947391590844 0.748139293279128 0.906369594055131 0.970753708225806 0.917875224422997 0.771689315120065 0.588595699657614 0.422386522477505 0.298937036524605 0.216228042339545 0.160018323612369 0.11769134155574 0.0829430921881521 0.0543096727419937 0.0322602630639245
0.493038271526886 0.704587808600104 0.88658155400206 0.979467992926679 0.952820201489411 0.825280058445603 0.650398446068427 0.481234726003617 0.344964049121015 0.243265198406458 0.167524057452882 0.110565757836347 0.0688148426647831 0.0399680892103504 0.0214600950958019
0.461294758051466 0.680942824853429 0.878340318419437 0.991150854297457 0.985098856007568 0.874885991754419 0.710604866873119 0.542909810459786 0.39856057104447 0.281652449757007 0.188397470571397 0.116752023778327 0.0661273471788084 0.034145427805777 0.0161475376315005
0.440403894907098 0.661562907280279 0.865037008745716 0.988789592965819 0.997609771349265 0.903525995414657 0.752575414173453 0.591436550121313 0.444895792205301 0.318287709491133 0.211778102651611 0.127890579103875 0.0689563632073721 0.0330128873452313 0.0140916802351958
0.417091078862652 0.630942763929362 0.829865444572688 0.955118195736495 0.973188332924107 0.894403209809624 0.760009112471413 0.611244959589303 0.469620355743712 0.340686134136509 0.227565755826944 0.136438973102561 0.0721202062482926 0.0333106717567044 0.0134309271826846
0.38234528731184 0.578921956900436 0.762374284332347 0.880011035294561 0.902175170381419 0.838064696217014 0.723340170758823 0.592645206075072 0.463342719258579 0.340413882320007 0.22884051314685 0.137218839169909 0.072075939526988 0.032822732368873 0.0129056589184116
