0.096496981435088 0.192011478511283 0.371431523352008 0.17621618367321 0.0167747739266053 0.000352466814367222 3.51788855780184e-05 2.23560099214593e-05 5.43165703079494e-06 2.84125125721125e-07 2.96900888321205e-09 6.16379103327026e-12 2.61113547760184e-15 3.74605308874115e-19 7.42154095444715e-23
0.673878646334941 0.803657646134755 1.1471818852362 0.526766070806776 0.050984634128334 0.00410651287572949 0.00312070127834383 0.0021515651577507 0.00052732656940282 2.76068365537273e-05 2.8879887676704e-07 6.15672360388914e-10 4.33337828694284e-13 4.18345525491635e-16 1.68291806334722e-19
1.72098019251148 1.61658011160603 1.2603187930095 0.497679228487583 0.0730384135094068 0.0816053320152907 0.0831160895990794 0.0600933945706651 0.014845332346096 0.00077849244835455 8.34918401959605e-06 2.88573101660024e-08 1.35633995557504e-10 2.74238646102732e-13 1.15427037545878e-16
2.72302635771244 2.33825932426921 1.17659997598711 0.411360131557225 0.235780193829065 0.59846423463293 0.644366892738995 0.487055959210345 0.121292350300588 0.00651437048510754 0.00011062806911946 2.52929711554325e-06 2.56982151811547e-08 5.45289802981165e-11 2.29949696001793e-14
5.75157354261684 3.43684889493408 1.58569808542301 0.704852685156836 0.49179839429796 1.28629849666605 1.45379936261595 1.14672029675174 0.293655625034428 0.0244201910793573 0.00271291134452257 0.000138479715252578 1.48133073817004e-06 3.14963173810047e-09 1.32830915797205e-12
11.5227099458696 5.48846404421453 1.31849859271645 0.507203588786605 0.314975589778661 0.825807471006571 0.993428498448368 0.811734760416 0.312035419311765 0.167386984213627 0.0429120140017482 0.00231409689141214 2.48079793619229e-05 5.27515703935948e-08 2.22472416793755e-11
16.3194418109205 7.33149266086413 0.821437615882756 0.117849819642588 0.086194887751028 0.379602564699973 0.578116897167832 0.367428444622223 0.602983629286048 0.764799752205027 0.207881834617904 0.0112364128552658 0.00012046927262662 2.56166170390573e-07 1.08034536386498e-10
14.1091323743995 6.29449775209481 0.567432424067278 0.020473117272343 0.111869070053229 0.742351440726901 1.15557889125422 0.495593528898202 0.808395449607597 1.07420666477989 0.292664421576926 0.015820560458896 0.000169618042834926 3.60676292028748e-07 1.52110234326629e-10
6.06559072111483 2.72648495035229 0.243593323218262 0.0219186650546107 0.284253958918033 1.13469348518416 1.21932254547084 0.379975861021467 0.339695068571737 0.438610911306492 0.119474336511768 0.00645843083243984 6.92432189416503e-05 1.47238979861141e-07 6.20960019512261e-11
2.809384583283 1.27627190749015 0.115511745013665 0.0330949020041184 0.441016389525432 1.29827867087629 0.849985441936683 0.144812531767652 0.0439117193337189 0.051951465490955 0.0141413791488154 0.000764436858109916 8.19580908900846e-06 1.74275920081718e-08 7.34984572950371e-12
2.88195147806688 1.29075367257196 0.115018439919422 0.0199628550501508 0.238969388203882 0.660274218659062 0.370885056734997 0.0438528081958699 0.00246836796081945 0.00178869945285319 0.000485315753599341 2.62340688844268e-05 2.81265069002192e-07 5.98082850392507e-10 2.52233164611486e-13
2.26575409576008 1.00970645224974 0.0918389549968622 0.0316936287220166 0.099043104641653 0.154109271398894 0.100271196585408 0.0208083423776585 0.00125958726045093 3.61448746170723e-05 4.88818622310148e-06 2.6107440389835e-07 2.79865882753329e-09 5.95106516286542e-12 2.50977931075713e-15
1.43259141951229 0.638412562185181 0.0776925841235651 0.229745107812163 0.527185667627733 0.529660657090838 0.530999650502271 0.179124218050462 0.0135092581199806 0.000215441187590274 7.21579769937324e-07 1.22427090986059e-09 8.13701701848705e-12 1.71703792211547e-14 7.24067068779482e-18
0.935218216984749 0.41745751058544 0.0882878032189243 0.55423068053786 1.3275309496762 1.67791531246114 1.8971278719765 0.639579147364291 0.0477966679678553 0.000756996577770406 2.47702273815196e-06 1.64622005768628e-09 2.26364390838936e-13 2.02133728020503e-17 6.08766033542922e-21
1.21150147156839 0.540217760289497 0.083704580778699 0.390194335564917 0.993594053060825 1.61607688288564 1.9861215004479 0.66449462894023 0.0491164405773814 0.000772085470218805 2.51510024252282e-06 1.66673115960426e-09 2.22136044161959e-13 5.91878367101619e-18 3.28317690068059e-23
