2.29255455073758 0.0017583475200482 9.60831734756444e-08 0.00305345104152483 0.081263817621788 2.28431554410579e-05 0.00026799955247383 9.4535130567025e-05 5.07557541758435e-05 0.0591422431580004 5.63008143166831e-05 3.5847092476844e-14 1.4702569608611e-29 3.73697020002407e-51 5.73066660547778e-79
4.80800623728361 0.00377321120290092 2.74062674752647e-06 0.008575640304441 0.230814898402126 0.000214663196207097 0.00249748309677554 0.000974666011456598 0.000334135090433044 0.262863861774815 0.000251954372108357 1.61371660327702e-13 6.6436072400687e-29 1.69211088435725e-50 2.59756920914351e-78
8.13955523688315 0.00765702627645753 5.13390529197055e-05 0.0154229777183234 0.431304484103961 0.00132868478515863 0.014903691794454 0.0068084839296527 0.00215229778682331 0.749601040754452 0.000722288528455695 4.65296511321303e-13 1.9226442023175e-28 4.90673529260301e-50 7.53993258565677e-78
11.5361802967666 0.0228430549754328 0.000631331363201156 0.0177625204977543 0.561745447963595 0.00531079531363852 0.056951871841082 0.0327937479018526 0.012464235935094 1.37743855305461 0.00132646597123359 8.59328272206312e-13 3.56349577733918e-28 9.11192109701319e-50 1.4015402462319e-77
13.8765804102039 0.099472835388169 0.00510108038694817 0.0131013321383746 0.582329916079745 0.0136289703703121 0.139362210244961 0.110235679623431 0.0540250292193342 1.65721445866822 0.00156077357022526 1.01651346651586e-12 4.22993855725874e-28 1.08362671076425e-49 1.66832594544616e-77
14.7911950018596 0.377005026730269 0.0272121922647102 0.00619556951319334 0.560333469803687 0.0224383132644547 0.218376052359478 0.259422992199164 0.160291145811991 1.37813476011061 0.00117728233785558 7.70178251863332e-13 3.21566308279491e-28 8.25279080769006e-50 1.27172415108717e-77
15.1980591031755 1.00099154425922 0.0973984194216423 0.00195956448793668 0.519100151077991 0.0238380483428256 0.219123111041477 0.426585325978509 0.320035794640878 0.912503875082955 0.000570453761866424 3.73764427888978e-13 1.56561133593491e-28 4.02505985561314e-50 6.20784839178773e-78
15.707277563115 1.82714756594393 0.243811054704602 0.0013487225436255 0.509434334655006 0.0173678723416431 0.140797890922408 0.495481001901526 0.439981402961686 0.574148897189221 0.000178944409741414 1.16186901376883e-13 4.88171879678303e-29 1.25716777793852e-50 1.94055052604454e-78
16.0614708688153 2.42795383252119 0.46151840621786 0.00810089203084674 0.631584921374807 0.0156664961429246 0.0579364730692613 0.444833953393776 0.460250267919209 0.332645942243247 3.73570685001067e-05 2.31401035090868e-14 9.74845858100136e-30 2.51456338374874e-51 3.88457935180064e-79
16.2788199339918 2.61208251132515 0.71492832032579 0.0436584185457149 0.786696036119116 0.0491000016634197 0.0152833720646634 0.423494950088886 0.499007211374996 0.147880058593166 5.65580856791138e-06 2.95522303318095e-15 1.2467360132581e-30 3.22091660867281e-52 4.97963793053212e-80
16.4883332589703 2.5126928398344 0.902586539130395 0.153170461773596 0.774311719818943 0.187903592611263 0.00265319731795159 0.541542895040595 0.767146862099214 0.0482686003004231 7.40442909956663e-07 2.42778460329375e-16 1.02116665786872e-31 2.64206258418759e-53 4.08776401171163e-81
16.4798603681451 2.24786861996881 0.854464886622289 0.345459728767321 0.68016677970149 0.513105435718498 0.000516382020624346 0.659007646174902 1.30888827945713 0.0206796314272978 9.40020004794265e-08 1.29802745086349e-17 5.35719485813408e-33 1.38788293870716e-54 2.14885799796975e-82
15.8891450734811 1.8647702507916 0.561703629243934 0.499652026990737 0.708749728154035 0.948462050785469 0.000528953926604679 0.571321802883546 1.82001092079135 0.0232452849561697 1.08037996234438e-08 4.70221762733233e-19 1.80066343973608e-34 4.6688378057627e-56 7.23374277506298e-84
13.9803634280839 1.34900803250568 0.247353712629772 0.463037727471046 0.753813466856685 1.17823386367559 0.000728438208705454 0.327177730454433 1.83225367115557 0.0261856683628847 1.68410237669524e-09 1.29518948353409e-20 3.88232545899697e-36 1.00580458498374e-57 1.55937824992357e-85
10.2964790740851 0.759554894253098 0.0726999672453306 0.274854103871524 0.59881295485098 0.978130552947479 0.000676780432951182 0.123027973838404 1.27404578286162 0.0197256859632797 7.3443804151243e-10 3.38875753758132e-22 5.3927664124046e-38 1.3876484700385e-59 2.15264616624872e-87
