43.4344083116524 0.000128696236794167 3.4690936460088e-35 0 0 0 0 0 5.98988777367265e-37 1.46297595817451e-52 0 8.37728595545105e-45 9.09923196620555e-63 0 0
83.2208461235857 0.00161280695649099 2.52499249982299e-34 0 0 0 0 0 4.57469922573206e-35 8.91135601589392e-52 0 2.348168494432e-43 2.55053127471068e-61 0 0
118.692390770131 0.0143449341250948 1.30437897949935e-33 0 0 0 0 0 2.4797397016974e-33 3.85256548669963e-51 0 4.67148333006606e-42 5.07406702750483e-60 0 0
131.241839551832 0.0905554011081093 4.78241346389176e-33 0 0 0 0 0 9.54001988148354e-32 1.18210456628999e-50 0 6.59598987150544e-41 7.16442559162215e-59 0 0
122.971607780081 0.405723150537776 1.24448618349048e-32 0 0 0 0 0 2.60490623128446e-30 2.57431323949445e-50 0 6.61005064177904e-40 7.17969810482314e-58 0 0
113.311822124593 1.29016379478014 2.29843733925018e-32 0 0 0 0 0 5.04817660169851e-29 3.97893198570544e-50 0 4.70142187257945e-39 5.10658564326035e-57 0 0
115.979503951077 2.911786594689 3.01283180549695e-32 0 0 0 0 0 6.94347081607528e-28 4.3648695713309e-50 0 2.37330355733725e-38 2.5778324518552e-56 0 0
129.215549593951 4.66416457133055 2.80295894353406e-32 0 0 0 0 0 6.77826149776064e-27 3.39840908628925e-50 0 8.50309413308751e-38 9.23588216504648e-56 0 0
143.256790611265 5.30258723420545 1.85079456518808e-32 0 0 0 0 0 4.69634133530365e-26 1.87793117503058e-50 0 2.16222215854326e-37 2.3485602721073e-55 0 0
148.535799477936 4.27859730254451 8.67359869574304e-33 0 0 0 0 0 2.30940775255698e-25 7.36517918311131e-51 0 3.90232351091823e-37 4.23862179491649e-55 0 0
139.212545988579 2.45027395087262 2.88496177837746e-33 0 0 0 0 0 8.06011455692087e-25 2.05015450764625e-51 0 4.99857090860759e-37 5.42934268196393e-55 0 0
115.774189715858 0.995927029096755 6.81052251304799e-34 0 0 0 0 0 1.99655574028683e-24 4.05032150494011e-52 0 4.54431129813154e-37 4.9359354387851e-55 0 0
85.2155061369217 0.287302929585051 1.14109139943754e-34 0 0 0 0 0 3.51011458965234e-24 5.67926368642103e-53 0 2.93217523206864e-37 3.18486712093125e-55 0 0
55.8278815199558 0.0588236911530348 1.35693817655229e-35 0 0 0 0 0 4.37986555516826e-24 5.65189648080268e-54 0 1.3428002017645e-37 1.45852136182271e-55 0 0
32.3020935875119 0.00854799416714751 1.14524741564276e-36 0 0 0 0 0 3.87882239713606e-24 3.99205020350639e-55 0 4.36447997002784e-38 4.74060642913829e-56 0 0
