0.35561231784887 0.0297893230429311 0.335586769149336 0.0610074777288817 0.312866056595174 0.0896983469306049 0.0009350341673936 6.00168590294193e-05 0.0810878123887115 0.634171394763613 0.249757067795008 0.0011152832517404 2.88798259049626e-08 6.80263916993835e-15 1.07022254443258e-23
0.882358311537949 0.0687125069797785 0.605496671671 0.11052820799228 0.555020799295164 0.203345597778905 0.007576265225831 9.36708741792951e-05 0.122324493702626 0.967710420050106 0.40970747072733 0.00247625282401782 1.36345604003376e-07 5.36943065922305e-14 9.67060486853716e-23
1.68674949241187 0.119150033917658 0.613471390456178 0.118809912854011 0.562867544552817 0.424101248849062 0.037263562828233 9.53415155107836e-05 0.103658009005769 0.843300787152988 0.476684115747481 0.00597290346743373 5.84793559524483e-07 2.67941212712027e-13 7.12227490336264e-22
2.82610934353253 0.188344632373001 0.349595512975908 0.112071333196693 0.366111986962779 0.868590102797235 0.106382436362285 9.20125947270224e-05 0.0497551453323949 0.465326491337263 0.580579898698037 0.0138314556637913 1.62090249498943e-06 8.88438952764789e-13 1.83475542774497e-20
4.15749322624177 0.304581819346442 0.116121968010966 0.195168560629089 0.266130742624763 1.30350972564807 0.174723414081392 0.000103531411430031 0.0157914614008234 0.297379943837762 0.72955429408357 0.0213216300611839 2.74103501520575e-06 6.64594657000402e-12 7.02520328935353e-19
5.79955414915294 0.592975017581841 0.0420666668491744 0.355017297766232 0.319360050721598 1.19585880535467 0.165255424986547 0.000119894981092363 0.0102727188646943 0.435551500933366 0.664424001448052 0.0195047685437023 6.08742940951575e-06 1.269585200597e-10 1.62251707129115e-17
8.6112150717019 1.2763402412376 0.0730462617212412 0.396517663881769 0.322672265549454 0.642381666804508 0.0960620445963543 0.000625695888671569 0.0160599039414107 0.653791587145298 0.406970515318565 0.0153351095313547 5.01841186347178e-05 1.63767870613006e-09 2.11012872693939e-16
11.8589958790407 2.28528399586684 0.161771256157994 0.250876639186778 0.197526982890173 0.23194928615505 0.0829499412226166 0.00649836933690986 0.0304572218922235 0.635978414526266 0.204531952873526 0.0441384474164837 0.000358265047277273 1.19560713539787e-08 1.54101701055608e-15
13.1073162014007 3.29949329383947 0.267451811074293 0.0894054737144081 0.0695710128903873 0.197167715770772 0.264460185044514 0.0414274026779048 0.118156893247033 0.427451993873032 0.146384054150334 0.170017218378917 0.00146773182545898 4.90245111719373e-08 6.31884347566004e-15
12.7728019684149 4.3413826538886 0.319063835101051 0.0181530291398478 0.014748305359444 0.433772660545052 0.726306635897583 0.150171856640502 0.437127545978447 0.401660396648933 0.197379595239133 0.390397721919261 0.00337902673734682 1.12868584273212e-07 1.45478097465081e-14
12.6969381517698 5.03723068521211 0.273665830391467 0.00225863769861484 0.00308915411874303 0.682030584605896 1.23213356658751 0.310010299668615 0.987625158250495 0.621674247045182 0.237347698718799 0.504597501699123 0.00436798193672089 1.45902543825947e-07 1.88056092187599e-14
12.0629498873231 4.32737862742519 0.169611346553514 0.000240636028666977 0.00150120172514773 0.657497220128183 1.3343310071609 0.374174865396594 1.31079870827688 0.782128340297166 0.174804235538023 0.36623674205871 0.00317030015101441 1.05896701901844e-07 1.36491931035085e-14
10.5046992971753 2.53497101770096 0.07314948933495 3.66485622466399e-05 0.000778630951260892 0.393864003526272 1.14596217464384 0.30370496770219 1.06584471278746 0.769768103640859 0.0762590991321634 0.14924909922898 0.0012919619627958 4.3155065644514e-08 5.56232454660617e-15
9.12372461654645 1.15380958046447 0.0203926733556524 6.26712957149451e-06 0.000264438763988781 0.159723066936194 1.20308697882779 0.248801210647734 0.590578709137998 0.666872626420646 0.0225274602708616 0.0341502204408064 0.000295616622701029 9.87440429774242e-09 1.27272756021144e-15
7.26897725937408 0.557849444271763 0.00350117189098652 8.14971165812013e-07 5.73988125115119e-05 0.0615679566928289 1.34851089302679 0.235825627710659 0.253673531375091 0.443596791379887 0.00648683297275096 0.00438749240571505 3.79784950338437e-05 1.26858568014594e-09 1.63510011229791e-16
