1.78986000095364 1.50647487169395 0.894862989868899 0.45246476734825 0.255319129647564 0.164262001512535 0.102252574312624 0.0600302908852534 0.0325282523483968 0.0140634894443184 0.00423706536826547 0.000835097044963759 0.000105322561562149 8.44122378057853e-06 4.29030662353437e-07
2.33266331216074 1.97499846626662 1.19471574363661 0.633831917010036 0.386042726648966 0.267129031617537 0.180051494563942 0.115981110165941 0.0673048597681825 0.0300295059562566 0.00915273018071794 0.00181214291088753 0.00022912906159923 1.8404649042476e-05 9.37732021832627e-07
2.66600265361019 2.26782431792318 1.39417873626715 0.775600337114137 0.511662850520486 0.383557350855047 0.281472770966933 0.197463909698857 0.120971567387265 0.0552421786142455 0.016991717854935 0.00338004827452592 0.000429015716117281 3.46032908178712e-05 1.77172740173001e-06
2.68916403007469 2.29460757129824 1.43112745810524 0.83857873120742 0.607219059222104 0.498495107378654 0.397914103407968 0.299252015542627 0.190517342028209 0.0884409868676591 0.02742483987249 0.00548970835456748 0.000701438381696629 5.70218271167138e-05 2.947211049148e-06
2.42019431204002 2.06856795246115 1.31015696391739 0.821803152444307 0.670310747829963 0.608144222628049 0.521724111815686 0.41100646021685 0.267694420157612 0.125699319187608 0.0393280572711374 0.00794944997663936 0.0010275998903542 8.47078187461564e-05 4.45092721968562e-06
1.99124974299468 1.70479811906291 1.1049386470151 0.766862343741016 0.725157640044857 0.724302359642671 0.652943783208315 0.525800403811442 0.34589869278315 0.16388651469622 0.051875998367821 0.0106430986954174 0.00140098048881236 0.000117974351004472 6.35188503601136e-06
1.58350839189625 1.36329503148915 0.9198957964048 0.731592081362608 0.801483893217742 0.860677795180088 0.797244323014169 0.646380023821812 0.426971123755317 0.204162937750382 0.0655809713095091 0.0137153484935046 0.00184708976676069 0.000159613152932486 8.83984913855289e-06
1.34028382137825 1.17215207272033 0.837610174959712 0.753723695923501 0.90542676440462 1.01109500999688 0.953211924757597 0.778964995191281 0.517917755029548 0.2501931205255 0.0815584232652968 0.0173755639756187 0.00239058968631663 0.000211453631450463 1.20000536701005e-05
1.30566760998657 1.17371182681608 0.884253240435009 0.832436032592538 1.01000847041787 1.14160356815 1.10005145244684 0.917130448741863 0.61733870484331 0.300917569993635 0.0990693949961256 0.0213616594380502 0.00298015119955479 0.0002675997318843 1.54228276796849e-05
1.41948399809482 1.31868131898972 1.02748120880917 0.93659681668157 1.07369027222615 1.20732608529016 1.20066262531207 1.03337554533761 0.706117588673373 0.345746606238358 0.114070290960131 0.0246712397818841 0.0034574852496664 0.000312219903412737 1.81070220566553e-05
1.56633747601164 1.5046628711714 1.19965753845414 1.02602562865302 1.06848864444562 1.18066955831761 1.22143188125586 1.09136431270171 0.755635610116908 0.369389851539228 0.121162808292075 0.0260615150304424 0.003637677454019 0.000327646969691705 1.89737482580646e-05
1.64313169070783 1.63138003714648 1.32926422064759 1.06830362587673 0.993501900308965 1.06674716878646 1.1521491446812 1.06892307220044 0.747049518886552 0.362599619002134 0.117471346696939 0.0249484324261658 0.00344269601471971 0.000307043350958162 1.76326006423954e-05
1.60065640933856 1.63935795912667 1.36549116563664 1.04533616534172 0.867769374119723 0.895701003063461 1.00906904292291 0.969677594612076 0.682143779437669 0.327789051567357 0.104465817228166 0.0217901604725219 0.00295407472265947 0.000259114440211753 1.46547647404678e-05
1.44209676045169 1.51714282912208 1.28927074895293 0.953937398929735 0.715097111338768 0.703213343542303 0.822205463834009 0.815832782234885 0.577565909422438 0.274987747160038 0.0861890420947275 0.017619455140173 0.00233748601044161 0.000200560247851371 1.10999891586226e-05
1.1988714195501 1.28815016007948 1.11257451757008 0.805056275316862 0.554880008208613 0.516654676079369 0.621637316394642 0.634824999221147 0.453146525463573 0.214631497415204 0.0664006776656774 0.0133312517048424 0.00173091014089549 0.000145005691582231 7.82450612014568e-06
