1.4141881928594 1.16304573845716 0.652649493206028 0.308881776219092 0.195893076956729 0.183635801269428 0.215116245298358 0.275730375852417 0.300019643867092 0.236581744361904 0.128135597497586 0.0467878885137573 0.011393663612095 0.0018338025171085 0.00019359420917702
1.78931236790556 1.49550327013888 0.88386231156057 0.486669487493059 0.365137322906405 0.34060329365965 0.359132862283102 0.426842183689111 0.454628746274084 0.358468504135535 0.195065115864539 0.0715708737760858 0.017495879801829 0.00282374435761891 0.000298658040928891
1.96993492315814 1.68603248449114 1.07068229051684 0.693927683468074 0.587440855333937 0.533743075274538 0.504120413000262 0.547488823004022 0.566344214438548 0.445474260751609 0.243278934910466 0.08959806029321 0.0219632914499755 0.00355087866135199 0.000375913947703818
1.97882458184221 1.74470975167111 1.20356830498198 0.898644051731157 0.81320150039513 0.709854367139357 0.601966171099947 0.591397275350022 0.589668349504951 0.46130794478961 0.252220217634961 0.0929881261102702 0.0227912400563781 0.00368075838675192 0.00038903687331712
1.94053584306805 1.75695610270412 1.2972489337676 1.05490474566107 0.96961172375371 0.807182113413033 0.623340008506741 0.558099643968299 0.536212834133198 0.415940707122599 0.226414404005667 0.0829640654152379 0.0201745035328453 0.00323003932890303 0.000338486546246806
1.98039619126245 1.81044015765263 1.36765050359214 1.12262036239703 1.00249338220503 0.79501797082435 0.578758969560622 0.495602959255856 0.469252352741179 0.360698432637401 0.193383680777449 0.0693697793521916 0.0164549374622838 0.00256720530636327 0.000262382132991273
2.136934646033 1.93431330266377 1.42080377028107 1.09562223577934 0.915802740693902 0.697229453193514 0.509964315697941 0.460045352722098 0.449388093701934 0.343583789213692 0.179497327100905 0.0620004654205374 0.0140584408405903 0.00208869529258128 0.000203129278063244
2.34518083910761 2.08946149480865 1.45794377576859 1.01404614700811 0.776126035776739 0.581068010387969 0.462425053051543 0.473301754521065 0.485998353664753 0.370102730591741 0.18850631815603 0.0627408302125817 0.0135867947496697 0.00191397428431904 0.000175513093288074
2.49122158222667 2.2046666491739 1.48178341602598 0.943393664353699 0.675063410494355 0.520353599350955 0.463286883855467 0.516264817961411 0.538177633028721 0.405348002696818 0.202552135028791 0.0657925038630426 0.0138308599999481 0.00188067045810268 0.000165485304942712
2.499739182708 2.2307764843181 1.49464658780982 0.930025635839191 0.672196498097089 0.555103432357075 0.51439460259379 0.553829509643001 0.554560164342491 0.407698085971381 0.20026878550848 0.0640199422103947 0.0132286041327488 0.00176406095380627 0.000151783644461073
2.3833902439079 2.16883216555774 1.49018982896573 0.966349126371053 0.755856286361969 0.667439196757485 0.59402241609078 0.561595502612786 0.511282427740209 0.359936334322086 0.173152525333072 0.0545892572785994 0.0111428275099802 0.00146761087385075 0.000124610200974973
2.2027417392936 2.04316487050257 1.44570652124968 0.99473765639549 0.850330826064773 0.788028287558539 0.662874232973794 0.533775064560887 0.420909314508069 0.275809977096532 0.128636807736033 0.0399121047650366 0.00805611458453688 0.00105059371800538 8.83315738377656e-05
1.98287882293464 1.85314679311226 1.32710741540635 0.949167004465757 0.867579783668806 0.834989090499686 0.677986266294636 0.475030257798691 0.314529030881874 0.184447718383472 0.0817963888606853 0.0248105678801919 0.00494528418889876 0.000638959106927261 5.32766551542655e-05
1.69243342852133 1.57182836738309 1.11412754614894 0.80328231177076 0.766756450232546 0.764190736328752 0.614571347037232 0.391788492764513 0.217967271907838 0.109589954920326 0.0447200532051697 0.0130728414769719 0.00256120877066788 0.000327614594245737 2.71083477356245e-05
1.30972912420189 1.19863945520466 0.828505007019098 0.587978480947291 0.576358315916483 0.594843420801082 0.482877117270499 0.292748128376854 0.141499571991848 0.0594262801474199 0.0213342295578458 0.00585298788561579 0.00111515212014018 0.000140759947727021 1.15546500011378e-05
