3.44080766528589 1.62165402725225 0.695458010602042 0.163866886194251 0.0791383230260393 0.262633327669153 0.330004189532485 0.331185837478804 0.0156555035915389 2.55059979720602e-05 1.59577449273621e-09 2.02640629817972e-13 1.5628359682188e-16 7.13212725316487e-21 1.06574655086409e-26
6.08334284137741 2.9212580637361 1.30325341939386 0.337973636115694 0.141462144379612 0.487353562720983 0.581103436290814 0.541280604275536 0.0254541566608455 4.16733184736728e-05 7.26942214147953e-09 8.93244027443355e-12 9.38168706996806e-15 4.30368363330969e-19 6.43132240935054e-25
8.20687410050676 3.89723158615383 1.74957051640069 0.495745548749669 0.180093565270865 0.648684049143288 0.729661968701879 0.61966604201893 0.0289518039109403 5.27280171484376e-05 9.61177098495344e-08 3.19780401629486e-10 3.94596088162836e-13 1.81417047582454e-17 2.71112007908018e-23
9.0279083200088 4.03809857466825 1.76997057449085 0.538313858677837 0.172105834150838 0.650199059039419 0.669848998391319 0.50307439265995 0.0233151362099638 0.000110962535969991 1.28551340409909e-06 8.70494410067044e-09 1.16087524013299e-11 5.34224774192336e-16 7.98360899318558e-22
9.07796307327673 3.62278475671956 1.54909118187949 0.502000698693232 0.152365571552464 0.573908421031486 0.503214101756636 0.315984037896147 0.0151094743816361 0.000670409993932963 1.34796364305337e-05 1.72816195073034e-07 2.38703916102142e-10 1.09894148852613e-14 1.64229722148929e-20
9.10440751389626 3.23379047349158 1.43693967707289 0.53828374067196 0.180674481260975 0.57897785392852 0.43263097127802 0.231299035426222 0.0167182921681145 0.00401745212084971 0.000114381118983097 2.44499404348373e-06 3.42955513183899e-09 1.57916755507153e-13 2.35996865611714e-19
8.77589330643567 2.94329138794765 1.4499802376929 0.691078052236819 0.264428051485992 0.677634103673285 0.528016753813958 0.300690130660355 0.0455338201501859 0.0174252314708899 0.000808292161327389 2.43790096472218e-05 3.44240302969486e-08 1.58520087883156e-12 2.36898702432334e-18
7.50361863240814 2.50302877489186 1.36781079527424 0.801698131200885 0.335173708259799 0.728854973314363 0.660837302758887 0.431223137187215 0.122794715339292 0.0538833966271627 0.00465117064004666 0.000170461046047446 2.41382796243045e-07 1.11158472123706e-11 1.66119683946109e-17
5.73016816088807 1.9305342309561 1.10466154364377 0.710027052645961 0.320312717754813 0.630125294035981 0.658768640633877 0.480469282815261 0.246170922673926 0.121398865548962 0.0206661694343362 0.0008339814855215 1.18239050361687e-06 5.44506274056813e-11 8.13732152323131e-17
4.4999342360416 1.48351820970812 0.755712290774982 0.460969506494599 0.234798336315563 0.437236917811464 0.503876280767517 0.396637896992873 0.355492851646847 0.208962859289215 0.0676847708820079 0.00285235167689352 4.04595532281906e-06 1.86322462086364e-10 2.78447819756364e-16
4.2513113079201 1.3172799381832 0.448256060610075 0.224614246062348 0.175376549299384 0.301321782875075 0.345855031877852 0.262633879244477 0.376716038307088 0.297086879697464 0.158979448041069 0.00681702952576304 9.67130232099653e-06 4.4537878812908e-10 6.65592059847398e-16
4.45845178550798 1.3350194719223 0.252516783669164 0.100036791004709 0.226321780839655 0.318022060752304 0.317341863069978 0.183225799919643 0.323269414942796 0.378175095550391 0.264359793134118 0.0113833097377128 1.61492370097811e-05 7.43696659289178e-10 1.11141027729575e-15
4.28353559698695 1.2873119022962 0.155079102821054 0.071699304706187 0.375193791460981 0.432001401197926 0.386697793278189 0.172006151491219 0.28272138147496 0.441067754646871 0.3098113674668 0.0132804267459933 1.88374626487576e-05 8.6748930264368e-10 1.2964108289041e-15
3.42693118723977 1.02918675818928 0.0996457814314129 0.0795654234372143 0.501631138686102 0.48849021745684 0.413231969587129 0.168786011419052 0.284985840340315 0.450371841039214 0.256047612086924 0.0108255941975163 1.53495979206793e-05 7.06861690920999e-10 1.05636221336765e-15
2.24392749901998 0.650898827623014 0.055007142366999 0.0770987664044815 0.482313914980318 0.400219513862687 0.32298698347993 0.130744579969099 0.269801989291911 0.377049016458319 0.149977171126085 0.00616676776261858 8.73730833540829e-06 4.02352616727745e-10 6.01291456467193e-16
