0.559016926738925 0.564371898145461 0.312519920082619 0.124075722659463 0.105783804367726 0.13977407295434 0.107088449943415 0.040635619600808 0.0076143992766274 0.000705352861585572 3.19392808937384e-05 7.61967230143581e-07 2.05622232485506e-08 1.04248919126316e-09 3.46283906707027e-11
1.3518628982824 1.34618605368555 0.755755066224505 0.334741066499407 0.305772622228887 0.395272053577801 0.313704068891163 0.12751306445768 0.0257738185172921 0.00255322237515524 0.000127808570833902 5.43083194748801e-06 4.67315360975618e-07 3.28707403395056e-08 1.14402325024944e-09
2.46256882826618 2.36026117647763 1.30528952651569 0.641125144501457 0.618730510970575 0.772178269451223 0.631728246364897 0.27340584049884 0.0588710669524964 0.00628755961221943 0.000455381989439973 6.09998976495674e-05 8.78825938914308e-06 6.65723151202902e-07 2.37415525781339e-08
3.57689619531266 3.26496923311632 1.73296755964497 0.918712208512553 0.913038577553391 1.08787598432525 0.906388031741142 0.411387521242351 0.0938127432063461 0.0124590436934335 0.00240052546479766 0.000668759356319448 0.000108595417762461 8.49691119192176e-06 3.08913674764497e-07
4.26470306837297 3.75514814813938 1.9234206543915 1.07035069845052 1.0475592840736 1.1766067534111 0.984720473578149 0.464024421507234 0.119565742669269 0.0312999714683456 0.0148106082213157 0.00501974970957941 0.000849816894623391 6.81368293315307e-05 2.51787496198845e-06
4.40858448091111 3.81347095972893 1.95522902049212 1.12937324822867 1.01721756015829 1.05431293491997 0.8913366045288 0.456003392308182 0.170481063553689 0.104109741502361 0.0673816226825091 0.0240732299989172 0.00419016460327426 0.000342933739392325 1.28471465925063e-05
4.45966502540104 3.83358725391153 2.02836793191376 1.177306339665 0.901053994087529 0.832412085804873 0.744983597741838 0.477249361782102 0.312151403621422 0.288652802671602 0.199967774687203 0.0731415665954843 0.0130073771489915 0.00108263016796865 4.10146024816042e-05
4.61389909387089 4.00674734826521 2.23097783637883 1.27474268030067 0.807525368075672 0.628643078929361 0.620182756468015 0.5544532972726 0.537149234612247 0.551163597610474 0.382046188631353 0.14095913193596 0.0254334229067285 0.00214393898663028 8.19389838393837e-05
4.34139660932044 3.86691995192317 2.32674627209376 1.40742749865332 0.850474076494314 0.570745106431202 0.57009867898756 0.630962059639456 0.704954006018788 0.708696009071706 0.474122786818498 0.173413993054701 0.0314640846827172 0.00267505640004598 0.000102975741092434
3.44398616302838 3.13149938611424 2.06237929598003 1.44165178619575 0.989025423240257 0.673188548515348 0.612802365589355 0.642297466008348 0.677327939254956 0.626325980314334 0.393429085487674 0.140495693909037 0.0255331551813222 0.00219615674717858 8.57337569238785e-05
2.5802469342209 2.29578785121028 1.5970778139045 1.31140275713419 1.03635551675224 0.7530278837762 0.648361239720121 0.568676395782098 0.491548504496812 0.407934898045985 0.249471926105106 0.0917511633712517 0.0176682119020918 0.00162259421824411 6.76640055628207e-05
2.19484364759288 1.81009153427428 1.22047252888512 1.09430216637162 0.899047634087743 0.646861227850948 0.550256738984337 0.427778593933766 0.2995169439094 0.254656920791862 0.196837737391753 0.0911609763463349 0.0207389595741725 0.00214492405645639 9.80872649111399e-05
1.90034702450394 1.4683391678167 0.932831911722613 0.853721525511766 0.668431574667849 0.432024893682595 0.368618097622727 0.288223093969655 0.194973082389982 0.225353277740598 0.242881659538903 0.132558439181938 0.0324789109046989 0.00349014997072938 0.000163486546509147
1.29902198464035 0.978678686926983 0.627973723327402 0.614124090624792 0.47064944550135 0.278997770914049 0.265095041432315 0.239359475601316 0.169872566220251 0.222871459818909 0.264283804222466 0.149399103814732 0.0370781228119356 0.00400655881843751 0.00018825093724585
0.614737282354861 0.466921645741581 0.340991605861755 0.394443489517794 0.321307651182056 0.211118987873346 0.258170810800002 0.261737421840306 0.165854445632197 0.167922865669303 0.191114977612736 0.108171979504705 0.0268900634291703 0.00290777614928395 0.000136673397380649
