2.76633721707315 0.066918195346952 1.04018526241132e-10 0.218011063503374 0.00624383936127651 0.132121435113565 0.607979041094421 0.857816909089807 0.114022974498217 0.575841176664749 1.60192969511351e-06 1.39525393346952e-28 5.05106652209926e-67 7.67771135929603e-122 3.60144938101946e-193
5.11588175015017 0.11540800940026 2.68559795251228e-09 0.364276283084209 0.010643599762272 0.288525205787515 1.12291982636573 1.11386877602486 0.298146051940282 0.761100219980905 2.31341869547519e-06 2.9486086299898e-28 1.64995378591509e-66 3.04242852959291e-121 1.49853132902123e-192
7.57411272326949 0.14474223133099 5.34931271137099e-08 0.440675837337949 0.0131361411095578 0.483451113629814 1.58864755136569 1.05440058914643 0.564415554768599 0.85750433499709 3.18123775214687e-06 6.43543047499881e-28 4.61607989895053e-66 9.11432241020592e-121 4.55555309203216e-192
9.61000831604618 0.136282218513337 8.30878756046901e-07 0.385965412616533 0.0117380251472844 0.671379250557799 1.75378008667313 0.733729354028615 0.773574558402445 0.9487170125337 4.57471996766399e-06 1.25960392419646e-27 9.93267909071805e-66 2.00274840174472e-120 1.00529544468322e-191
11.3404866708344 0.119825015403488 1.01320814304778e-05 0.244785962748953 0.00759577509237382 0.855507207994169 1.52766613933715 0.400522560043069 0.767606760509959 1.05638920922471 6.1932270160571e-06 1.94034871080499e-27 1.57647259842061e-65 3.19822202148676e-120 1.60734105925489e-191
13.2119053569217 0.182014005947804 9.66776091473124e-05 0.112668668371984 0.00358383506001691 1.03192710069841 1.0476695208901 0.258596028197199 0.551453610858391 1.04069309029494 6.79878226908779e-06 2.22216593506248e-27 1.82141367884073e-65 3.70166943128508e-120 1.86101388643863e-191
15.3526563349139 0.437722756400007 0.00071279579718627 0.0388255201456161 0.00147772590797791 1.08766988208385 0.557648867328611 0.363996931853331 0.286822366106471 0.805748912893007 5.61016929110833e-06 1.85699023198153e-27 1.52597190006072e-65 3.10281256608586e-120 1.56009563424459e-191
17.5752051283597 0.934507327198635 0.00399481171471242 0.0140682947183173 0.00228354369943938 0.910112340663189 0.226008349049191 0.640073262585187 0.108006839204119 0.464688514126351 3.389492761873e-06 1.1260542868418e-27 9.26005122113578e-66 1.88315216270809e-120 9.46877087849455e-192
20.0668442772357 1.50347279209679 0.0167636200225632 0.0141942937069986 0.0105879147160575 0.576192176063863 0.068547710479403 0.888392780683717 0.029445862013232 0.195973809265652 1.48745095617903e-06 4.94680131341052e-28 4.06882871261854e-66 8.27483762169846e-121 4.16074651841776e-192
23.6436854608175 1.78349918872956 0.0520742752175138 0.0229323140469787 0.0404412507129598 0.286063254421645 0.0153620372803546 0.901500733839431 0.00581209754432285 0.0600899520171611 4.73032208112747e-07 1.57363345421695e-28 1.29441801591537e-66 2.63250854828663e-121 1.32367874267323e-192
28.7646738901888 1.55605817879762 0.118832029457384 0.0296831991816572 0.112355477925637 0.157036895565801 0.00252302377495095 0.663060294189531 0.000830574074844845 0.0133723633569983 1.08940286221538e-07 3.62442336233625e-29 2.98138007167e-67 6.06336992742562e-122 3.04878755962262e-193
34.2425075423496 0.997949587865483 0.198252951488206 0.0280851884336141 0.226029515128167 0.168388802244778 0.000302203417400257 0.353132372271589 8.5933525808367e-05 0.00215863394330147 1.81657272449247e-08 6.04385381785641e-30 4.97158088035938e-68 1.01109428164695e-122 5.08399174333097e-194
37.200547303153 0.470192488366759 0.241123654871685 0.0193264152242915 0.329208902863223 0.230129480634542 2.63363284400368e-05 0.136164899203339 6.43708040407669e-06 0.000252716081643141 2.19310634055961e-09 7.29665704892333e-31 6.00212593212672e-69 1.22068151954301e-123 6.13784018322847e-195
34.908318575003 0.162653831162691 0.213437911271493 0.00970161796126537 0.347145317051526 0.252775004700379 1.67090915670822e-06 0.0380126147081257 3.49111521492674e-07 2.14552497963923e-05 1.91691292250154e-10 6.3777503208525e-32 5.24624848891341e-70 1.06695513593265e-124 5.36487208680743e-196
27.2688577532903 0.0412997852278413 0.137372600046856 0.00357515736874242 0.265023453746074 0.203618182698127 7.78538762989315e-08 0.00768287513027218 1.3709110328362e-08 1.32086083477356e-06 1.21305059905956e-11 4.0359362692967e-33 3.31990528517329e-71 6.75185341197159e-126 3.39497218289692e-197
