0.427308632811223 0.442287709011855 0.448606636376154 0.496358483945556 0.568546168307209 0.609012149728973 0.591910554001272 0.52865466707109 0.431816072195475 0.311099478924267 0.1895879978469 0.0949539460611263 0.0384568467763983 0.0124719248793488 0.00321380092267825
0.615560811113838 0.630203078828672 0.626319259554294 0.67830131937965 0.767118981105717 0.816991929463228 0.793206068971876 0.713049742724849 0.592692755704145 0.438963164217257 0.27675727774529 0.143731591269555 0.0602928712797139 0.020177681242782 0.00533772055930299
0.785939894142223 0.795849045305072 0.77394293998238 0.81807677417226 0.911654273368061 0.965485796631858 0.938800094336747 0.85380905467135 0.726979555524786 0.556694500922092 0.364249135687907 0.196150360519348 0.0849950798014677 0.0292265482369955 0.00789877842066317
0.900732201348762 0.902012678501708 0.855947311194348 0.877940009289256 0.959567612009255 1.00954523206953 0.985821005967562 0.912455731984101 0.801290794742407 0.637346904802248 0.43318336083395 0.241325879984519 0.107556469849264 0.0378105917500159 0.0103893261092533
0.950566759716304 0.942062580156292 0.868797243721424 0.855462673959064 0.907614178905325 0.944601079819579 0.927908501842841 0.879064969338737 0.800771046283534 0.663020661994461 0.467222569434249 0.268068887457517 0.122209244779365 0.0436822251624171 0.0121449383929422
0.965720103990451 0.951141903486859 0.850796792614302 0.792232571181645 0.800018685378266 0.814043974835865 0.802326698006741 0.779882655227778 0.73819720178732 0.634795891007828 0.461239363370584 0.2706727874041 0.1253559398454 0.045280497708731 0.0126734460936619
0.99948131144779 0.989198642792599 0.865521050234085 0.756457101661211 0.709446911126622 0.689914687598518 0.673262876735583 0.666125156510929 0.649748405624785 0.574399053774113 0.425694438498484 0.252915992828923 0.117922375346898 0.0427149594563211 0.0119579026256222
1.09224725515681 1.10406505052467 0.966759593962886 0.808579560243643 0.701872989263852 0.638546813358419 0.601499520369382 0.590076061205568 0.578366396328426 0.514392525594399 0.382053794215166 0.226508291085409 0.10503923961992 0.0377615462192778 0.0104792292214001
1.24219988998719 1.29923634274655 1.16635389718239 0.969671099363267 0.805393525562414 0.690870835560083 0.617530234909149 0.58114434738121 0.552561507506178 0.480668977712375 0.350389895896707 0.203969937335771 0.0928158838293194 0.0327237793528555 0.00890487606834004
1.40404232287159 1.52793993635828 1.4239371814598 1.20894610868223 0.997709584630462 0.830867728998607 0.710413647829619 0.633537276665758 0.572110085109941 0.477717534930642 0.337180283514983 0.190806734913641 0.0844971181851992 0.0289907190867594 0.00767544355280921
1.51521743224637 1.71597167612532 1.66328190147321 1.45517285301713 1.21561199320578 1.00435824024849 0.835167550328511 0.711023884129103 0.609461446643107 0.487117664750667 0.332467353531378 0.182986938521844 0.0789718391198986 0.0264048449619911 0.00680702610423487
1.52923546991477 1.79701273636919 1.80502368178715 1.62549860831775 1.38064249142517 1.14208649499996 0.933547759050745 0.765825436462345 0.626500357607636 0.480840683869178 0.318584729428936 0.171472558302094 0.0725994642600887 0.0238287389208409 0.00602601039560401
1.43426240076395 1.73929922610899 1.79850350623066 1.65836256363098 1.42992386474983 1.18711442785852 0.958452171137657 0.761408445748066 0.59606018209452 0.439724083314316 0.283367804831116 0.14973034099668 0.0625398093968976 0.0202874205278545 0.00507141021235363
1.25018451597748 1.55229368013212 1.63848882344078 1.53613691870615 1.33955540477869 1.11573209721405 0.891490111482331 0.687300917569781 0.514682916154213 0.364013300616968 0.227757024419957 0.118205201684633 0.048826827177689 0.0157143041023275 0.00390176673404603
1.013377900377 1.27614427123471 1.36210718123962 1.28840628425202 1.13095242177932 0.943709765999762 0.746904927999084 0.559622167917104 0.400381958540724 0.270235001692023 0.163403565355861 0.0830979299128179 0.0339391222796305 0.0108507644094409 0.00268200043029883
