0.792261442274764 0.551729908871294 0.185392867830766 0.0895581852450262 0.105348182150227 0.180553137070417 0.18738695408961 0.0800040470859389 0.0131230265202193 0.000808804562165792 1.84430992782327e-05 1.53800202369359e-07 4.65267188088233e-10 5.07949539036792e-13 1.99564128110067e-16
1.61195648766941 1.18494055528211 0.455565133626505 0.249197624029064 0.268904434313941 0.396948147148504 0.386453543655196 0.160452947051271 0.0258921260962543 0.00157943721208125 3.57971809188956e-05 2.9767353335161e-07 9.00677544339923e-10 9.87484684972904e-13 4.00869250098814e-16
2.55609281442303 2.02082299394377 0.883516594120179 0.514026455824218 0.510975048323291 0.633910675868025 0.559483935104146 0.22165949161501 0.0348072112211295 0.00209064474676185 4.71423695368275e-05 3.94756883905424e-07 1.22527985201208e-09 1.4384543830757e-12 2.00102432979184e-15
3.39660028219629 2.86675195653761 1.36626637194167 0.81043496037523 0.746905972375703 0.771347544841453 0.595842801670957 0.219880503026008 0.0333069623969181 0.00199814544630557 4.72541863162399e-05 4.4703050271736e-07 1.74982747492086e-09 4.31573605763643e-12 1.45029388692037e-13
4.0143302220864 3.45959330851029 1.69231769737803 1.00753827064344 0.858291860999521 0.744753513113608 0.503508209684053 0.176859861513476 0.0282124501890326 0.00205300914415477 6.82155474765767e-05 9.91687183736513e-07 6.35157247137739e-09 1.13232572308871e-10 1.00228439179446e-11
4.33609228136605 3.60378858226546 1.71474415739237 1.01979333833424 0.791348223506279 0.594830275622633 0.398065749953568 0.171031735625063 0.0404895450297809 0.00456970221869859 0.000214243780367991 3.96837321805791e-06 4.56869745498506e-08 4.67305743346417e-09 4.67333037723606e-10
4.44343995003914 3.41351655115699 1.51499528577405 0.894630033073282 0.6347688650919 0.464083978526268 0.423214070729259 0.288038608657773 0.0956165174183081 0.012860723988505 0.000670228522012618 1.48417599660008e-05 6.38938136316136e-07 1.42959624879871e-07 1.4543024024395e-08
4.69449727669201 3.28450693481245 1.32016131891433 0.782896506437988 0.555829785620628 0.49179488256937 0.637192445291312 0.535422098755451 0.194689726642131 0.0279509245067983 0.00165848691255383 5.91812072179033e-05 1.10033434495105e-05 2.9560901021759e-06 3.01756400448373e-07
5.221933403195 3.41115098013755 1.25912043820927 0.779387847864344 0.617435394630152 0.647113270813098 0.887783901314621 0.760196010041004 0.287856518449142 0.0466615331744404 0.00372749047651719 0.000328649938722637 0.000145776290644708 4.08506779065904e-05 4.17414362004782e-06
5.50301805583624 3.49249124087809 1.25597575697791 0.834721511004746 0.719035521586409 0.757728429864138 0.946125526781066 0.786875701356715 0.327296170032636 0.0698123212338217 0.0087169861493105 0.0020806263696913 0.00132703869297721 0.000376580243505335 3.84921535845807e-05
5.01808492830113 3.18227387138804 1.19011454518057 0.871051242335755 0.766146602748948 0.754887859925522 0.820774969133523 0.662363623260643 0.338665496305242 0.103964623077003 0.0199491656216303 0.0110752488122677 0.00812150525161481 0.00231471971523549 0.000236628025651187
3.92988080228167 2.55036578712654 1.05710974068311 0.882996851362699 0.795841544902944 0.750717749291295 0.718106981692976 0.56453012987084 0.356905337617512 0.138430921718298 0.0409720153305324 0.0429676236966583 0.0332285736214476 0.00948550100697201 0.000969722812946335
2.73490485997306 1.87125928667934 0.899004075969664 0.864844781314152 0.847407786266055 0.813161359805244 0.716263270396718 0.535778631443703 0.348364880224685 0.14371222758118 0.0734561420136024 0.114983447606004 0.0907233881492796 0.0259132153795843 0.00264920698064172
1.74519177085514 1.2868970384045 0.706574955438771 0.757568009183221 0.833024132990289 0.831481847898951 0.700942603756614 0.491204392104692 0.280321470566938 0.11270519668208 0.108248515054127 0.207792775588311 0.165187630774943 0.0471925573626763 0.00482470524951074
1.02429037380381 0.802969447561292 0.47100677068908 0.539734701798476 0.658805767065021 0.68169889194443 0.56408999396652 0.375294774909247 0.180063544860822 0.0695599221910695 0.119911462499381 0.251546484652389 0.200531724602279 0.0572946332748481 0.00585749890028152
