0.846100254736893 0.711211869679313 0.402445177960464 0.227048692829427 0.256937311282121 0.354998349791937 0.3922371587746 0.352777178399188 0.259555893949142 0.14256108292863 0.0532840305522718 0.0128925143440166 0.00197661204940914 0.00019028812605506 1.14541487830272e-05
1.68119650496426 1.41333326625502 0.791953217792083 0.416025569691839 0.42359276660021 0.56830214265878 0.629483561719251 0.573182970500054 0.425042268475481 0.233368710861739 0.0868975436806371 0.0209655865629402 0.00321485456240217 0.000310797881718117 1.88762459984348e-05
2.72995913229054 2.28972337959929 1.27008985289095 0.630874917929708 0.585697265551895 0.759519503784038 0.832851610472739 0.755385658603308 0.558257859755962 0.305608123508004 0.113844769162521 0.0276420460297639 0.00429829562952664 0.000425148564278566 2.66825800183061e-05
3.6216341394151 3.02403377849125 1.65940672805869 0.790311404921725 0.684286339091469 0.861150799693452 0.928628339992232 0.829916411965106 0.608320829203221 0.334206179083088 0.126691823653295 0.0317660337676379 0.00517715325640898 0.000544405834545704 3.6810734067055e-05
3.92217419368188 3.25555347743958 1.76686959126902 0.816882519028402 0.679507285488969 0.845551741530088 0.907761153705687 0.807449339571977 0.59522770828418 0.336210081359163 0.134245026495333 0.0361760611435058 0.00642415807079069 0.000741559933468143 5.54793854851705e-05
3.49014651239146 2.87926748947555 1.54783015585506 0.703897930223064 0.582776616891895 0.743899218208379 0.829417415400575 0.767347995139192 0.590319284256587 0.353154581074717 0.151843247338512 0.0444217317620046 0.00855682696531253 0.00107104452726741 9.05080562374627e-05
2.6567692026909 2.18487451725501 1.17215709683529 0.535603198836934 0.455708379423216 0.619624233720063 0.756322328221593 0.763983786308747 0.627723850904784 0.395665804392666 0.178528018112365 0.0546446695864556 0.0110237305307487 0.00150417580490114 0.000172962457949705
1.99402215341609 1.65157952295479 0.904359511738481 0.431593389253261 0.371542645074174 0.521719296255065 0.695761798403347 0.764683659035235 0.658570220672272 0.422977443587958 0.192474342430025 0.0596396025718316 0.012691776910459 0.00225010415400373 0.000511250228213941
1.87817422662932 1.58440475211442 0.906139546324543 0.463489038792044 0.372154387400468 0.465089494310284 0.615334283095687 0.697825080792276 0.609419946935452 0.388404634704865 0.17462610460471 0.0553607542457234 0.014571700498217 0.00492031506377624 0.00201285228691605
2.24942420360582 1.92015658129526 1.13283834807481 0.609097662109499 0.448550319102755 0.443303120345886 0.501921416957848 0.54426099149858 0.467986879184772 0.292401026674061 0.131263772994912 0.0485666849223337 0.0231523835926021 0.0145723988376657 0.00730670940685087
2.7243688942068 2.32679320797069 1.38808995882848 0.769870630602536 0.5464748887454 0.438991811743219 0.380150076139114 0.357065387855104 0.292385786133021 0.179621994600401 0.088470839320167 0.0546807775021157 0.050828724863018 0.0406285782907624 0.0212800273113336
2.91043925493597 2.47216201573521 1.47620609753073 0.837748841306428 0.59517372786996 0.424084701037952 0.27802989682679 0.202038605791898 0.149464613934761 0.0942477963753504 0.068413646176303 0.086278882684998 0.108284318953198 0.0914256239407643 0.0482812564514411
2.65603311849942 2.23684691477134 1.32858708941936 0.764803162079363 0.550711321420352 0.372216465635811 0.199617953007689 0.10480103406136 0.0649922025969066 0.0495890457138701 0.0730847679954813 0.138710952284874 0.188023735746445 0.160479392653776 0.0848774381950442
2.07152233095072 1.72672956246674 1.01402824596467 0.583668771283872 0.423887604135152 0.280991457170781 0.13512252835118 0.0532311371715878 0.0266287406211988 0.0331001936910703 0.0860505653038605 0.185227231839981 0.255252095563463 0.218320296733731 0.115502496321591
1.38283325462814 1.14025658571829 0.65815144811332 0.371463634252939 0.267915580870361 0.176110454510109 0.0806602231764281 0.0266205715838971 0.0119347090125228 0.0266823909576928 0.0875892681975161 0.194313683174802 0.26870238456535 0.22992114779365 0.121646590611588
