0.115607852848858 0.14257269283868 0.204077125515351 0.30230881556934 0.407858771292303 0.407193612661201 0.321916621992457 0.374422285798561 0.420147377906619 0.25671238501133 0.0767454507194406 0.0110971645095284 0.000775221791975706 2.61604525677549e-05 4.26448336650829e-07
0.2834679470659 0.310788865652695 0.375090267677202 0.47102636228327 0.543607271937599 0.502869933121586 0.376767710325035 0.412042872169933 0.454612716356535 0.277096080589478 0.0827897440560622 0.0119668127105989 0.000835723175973206 2.81954065096451e-05 4.59577788225665e-07
0.580031067808658 0.560236567186128 0.545662324574469 0.579357633538834 0.574877952307936 0.491117170837766 0.348331754151403 0.349886806788155 0.374393883969393 0.226714660716767 0.0675453555454875 0.00974245769635588 0.000679208948352607 2.28943745265297e-05 3.73904143546281e-07
1.05746159734414 0.901428210342588 0.662561645281122 0.574133978967319 0.514149899418013 0.428574427514698 0.296910999344144 0.262400302565636 0.260968169271818 0.154244877894302 0.0453062889487111 0.00646248136078196 0.000447482029073498 1.51956845193058e-05 2.64184485653591e-07
1.77679971742739 1.37631701290941 0.741843666659446 0.486137679073499 0.441522202056741 0.41586494504602 0.308402786287007 0.247793846530299 0.220591193739458 0.122955519441028 0.0346472369982107 0.00480726971588561 0.000338681893508553 1.37480047921804e-05 4.14922891999537e-07
2.6979823097914 1.98023303556387 0.840117519915399 0.393884660417177 0.410936599560241 0.477011809085044 0.398514557677481 0.335930767571422 0.290415423008559 0.155648103617178 0.0427523204396872 0.00611852864664156 0.000542380673549083 3.90380302360361e-05 2.15318865174838e-06
3.60200054462081 2.57877464559926 0.963940444179417 0.341368123183878 0.40496528014548 0.543809327491666 0.503190076132709 0.467173615542159 0.412763774063685 0.221474395539951 0.0635471439560295 0.0111606394343872 0.00158542267909651 0.000177110344383683 1.16741898054666e-05
4.28875148779264 3.03352545522724 1.07836640708111 0.329065543419027 0.401176715542949 0.573891966967915 0.575184989228399 0.561629571140435 0.491962231562549 0.270155428943088 0.0912085107561121 0.0243238888266553 0.00531208452556826 0.000712840649075563 4.92659176480942e-05
4.79172938811492 3.3647625144524 1.18112573791515 0.359839798042126 0.436040069535064 0.628371899337508 0.658034902968188 0.611369607884984 0.492452846112822 0.289182852632485 0.138575070961975 0.0577756512581361 0.0156657892451746 0.00222923039086864 0.000156076651714638
5.18317226760742 3.62422556717349 1.2791385080225 0.433245852302193 0.544843334589337 0.769713906145556 0.808609194580156 0.670284905698636 0.466419821651816 0.317208050032819 0.230730071504738 0.124082521714993 0.0362476463778321 0.00524522396875775 0.000368537660306801
5.30893452856256 3.70542574701637 1.32197877385498 0.503228774539777 0.663324655324985 0.918882570476743 0.960697504342103 0.738348356633512 0.461786462632034 0.378104423110621 0.358880874406774 0.21207614299874 0.0633220556509031 0.0092054779608079 0.000647412696279132
4.98299765445731 3.47573639998551 1.24736170687321 0.500311622766627 0.667021856146255 0.911582396935112 0.958210565944492 0.726222449843446 0.447186111079692 0.424730391704535 0.451763665672506 0.274913329495404 0.0825908971743462 0.0120219132897118 0.000845710752362358
4.28933509543334 2.99024734445266 1.06743826114409 0.407140738078011 0.517206634243437 0.699261833187565 0.745858652991647 0.576567663436365 0.369250435681199 0.389467879783343 0.433767532750714 0.266419189009275 0.0801811355161471 0.0116752598866551 0.000821383319936664
3.45010424087678 2.40315454565032 0.844393780054916 0.274565328389688 0.30364494954927 0.405366925404279 0.4412730711423 0.352434726852774 0.239367522559423 0.273704772795379 0.311911546804043 0.192245904953436 0.0578909055082023 0.0084304267836683 0.000593113231872523
2.56241236528977 1.78324261929139 0.615261042034093 0.160129509950148 0.135179983185532 0.176463895897671 0.196722538627212 0.162957944340606 0.117949914711764 0.144437578114872 0.167103826198649 0.103179647620058 0.0310776128420546 0.00452587031154479 0.000318414478672481
