0.419200007859943 0.390866465384173 0.304202116469673 0.207339293990497 0.142949966014679 0.126237028982738 0.14647687872635 0.179991635656397 0.202778034814376 0.19980227084258 0.169838561120925 0.123793567819656 0.0770974197674958 0.0410645135457845 0.0189082153298357
0.758739931827584 0.707968623280635 0.553790715818716 0.382059064077941 0.266810588946174 0.232260801083581 0.257800040495518 0.302689570062021 0.328548205026259 0.314105845848776 0.260777367459203 0.187302102798858 0.116668586380972 0.0638400760548302 0.0316200980708123
1.15158910086333 1.07849589840013 0.85214982196909 0.599429734851814 0.426482991965964 0.364736971065577 0.38234429052317 0.422926436926804 0.437633619838997 0.403268101027903 0.326225545295978 0.232070030135917 0.147525044359102 0.0867850958997139 0.0495430521786678
1.48226359071507 1.39895158409161 1.12400298651334 0.813658169869041 0.594306862483884 0.499338044600114 0.489279340164522 0.501889728414284 0.488437494509671 0.4303107823286 0.339228517275348 0.242770431964824 0.164332324671346 0.111225724089994 0.0770871863109814
1.6446189275029 1.57183685861394 1.29410510438191 0.973328181930852 0.735595507895991 0.610212290749289 0.558004423326936 0.524879389073258 0.473985813462404 0.396059703728064 0.305907851813929 0.227156422634976 0.173707186891884 0.141673102701893 0.116962567093632
1.61694589046391 1.57155632186539 1.3337560722913 1.04844493165027 0.823786826824124 0.681699453436811 0.590534949946705 0.513326692048045 0.430104016747228 0.341025566702463 0.261311167671492 0.208117225376504 0.184931656795062 0.17688326555408 0.162583070241851
1.47924595999057 1.46181829145181 1.27677038687658 1.04411932682971 0.850167998217743 0.710693259492032 0.602866501641676 0.504190329343616 0.406123336078466 0.313804747765811 0.242139081128503 0.204985956662774 0.200630044091246 0.207845996839793 0.200087682907155
1.35226535671928 1.34699258678803 1.19276843016266 0.994055206858587 0.825797737648332 0.702597574882455 0.606083403956692 0.516847114671752 0.425831879727197 0.336480800389496 0.263985278187497 0.22498204776198 0.220475842880886 0.229255958145028 0.222336589585728
1.31021884541069 1.29846347220469 1.14036369008292 0.940394104067682 0.777032160329278 0.669550179773993 0.599731860207659 0.541375310053581 0.474993774917803 0.396123760793215 0.319144750297621 0.266768810824813 0.248232243109213 0.247478580113085 0.235834645115249
1.34700590861144 1.32070741186115 1.13790022865959 0.912182037984849 0.733621011965274 0.62949588189377 0.581799740807418 0.556720941868904 0.522722744970125 0.46407622538317 0.389919070132093 0.325829556407 0.289161610826668 0.271830867748888 0.24916328338256
1.41712037248497 1.37864341983725 1.16988944962265 0.913954155039155 0.71147489395937 0.596956262426647 0.555295274952008 0.551522645221739 0.548131865735503 0.518837286951069 0.461652992456718 0.396451545505413 0.343382387770945 0.303398813439925 0.261330550344348
1.48381692814959 1.43683386064011 1.20828429082423 0.927989488543165 0.702500550676653 0.570210318798054 0.520345699364356 0.523365922712368 0.543868062896004 0.548929505788382 0.521788943293357 0.467700947038352 0.402275705677479 0.335089618405638 0.266042495538895
1.51235443578932 1.45886358760732 1.21855720469249 0.923836824858074 0.682217314933575 0.532755163769705 0.46868842202819 0.468632596033168 0.504390035658986 0.541398466499107 0.549366873136681 0.515253091966663 0.444817678662502 0.353789752237699 0.258570454945474
1.44553738543155 1.39128866372665 1.15729743201246 0.869053593468427 0.627560926402389 0.470019403241272 0.393656163570275 0.385326114380746 0.42538647941278 0.482128404578478 0.517996952682308 0.50582780847716 0.441069090350639 0.341250710448769 0.233995970643863
1.23463315910076 1.19049830507714 0.992323065481528 0.744111741462603 0.52966570670173 0.381454020110202 0.301186245940473 0.283301903761239 0.315987280724606 0.373718251775084 0.420289834900972 0.424088489290553 0.374424774406112 0.286243197649279 0.188865449424304
