0.00549486081969549 0.00554583665332193 0.00538142029399741 0.00672470984042276 0.012750339096143 0.0275581093217984 0.0532214968253197 0.0850319914176353 0.110294356990148 0.115594778275807 0.0977542736358936 0.066668661107891 0.0366592005980854 0.0162497492830213 0.00580576356843584
0.0469522770151461 0.046912368708027 0.0419255844314434 0.039273710606473 0.0500118723092942 0.0862821185842274 0.153139436348944 0.23646430928712 0.301188487592809 0.31184123014186 0.261312805139893 0.176943008185445 0.0967427218215066 0.0426879229339655 0.0151963549556773
0.238395483761267 0.238837320274105 0.209286915959745 0.174341792079477 0.164783394223461 0.207043440929561 0.307969468927256 0.437286651526538 0.531299600614284 0.53247123297885 0.435131587121148 0.288751762017371 0.155302807143005 0.0676193620801737 0.0238131670461454
0.728688350314472 0.735172820948032 0.645250244986792 0.520512217224451 0.431075966843298 0.42648643546576 0.512310281733318 0.635719644104669 0.707655269117848 0.664004946513894 0.51388151204007 0.325545333655218 0.16829329990147 0.0708711850193431 0.0242800991901216
1.38913085415782 1.41523016626214 1.25428591490432 1.01311951563337 0.813022124903003 0.733332963909879 0.776299561915891 0.861824010668275 0.877926828401872 0.764479624425333 0.553805346619955 0.330787916451523 0.162511262073405 0.0656531417957083 0.0218200081929447
1.82912598892994 1.88207113757362 1.68667909119413 1.38233009646861 1.13174818394539 1.03446816954474 1.07890279530991 1.15358025873178 1.12814829574618 0.950773791997337 0.675357797930915 0.401895951699257 0.20032898196379 0.0837486137826372 0.029381628998867
2.12615685924775 2.16861603754765 1.91888300015429 1.56357380569364 1.30852025937027 1.25480656127027 1.35266640156381 1.45121550045628 1.41095460993584 1.19481255058448 0.870799418649686 0.544420372787666 0.291047283035913 0.132278124691043 0.0506942258920985
2.73349109301564 2.67711997259101 2.23448234366946 1.69896163142118 1.35079143503382 1.2875674500594 1.40886013618606 1.5246984756473 1.49186483568567 1.28334281883851 0.965133826878192 0.631765744919177 0.356512441040375 0.171092921151662 0.068851094553653
3.43573783421401 3.23426646961204 2.53464018343026 1.74784161781305 1.2281642773478 1.07426965478658 1.15600913024659 1.2656985846018 1.25715901988383 1.09803505278383 0.839567983956079 0.559432904027565 0.321288917547587 0.156641049497089 0.063864858080179
3.58459784096136 3.29522110904893 2.48227368348194 1.5931457367907 0.994077967144724 0.780200616467755 0.82587570560173 0.935629544745359 0.964305799748356 0.864406885091388 0.669424498544257 0.446673322529843 0.254948374499848 0.123089496565236 0.0496585717549533
3.05323050521692 2.77061925926512 2.044691362054 1.2629439432183 0.734235452813429 0.539422614709216 0.582787264427516 0.709807462988791 0.79118365655211 0.761962746259449 0.626827980324505 0.438005422694738 0.257974736772248 0.126875273875895 0.0516287077236853
2.079941988587 1.87540379844781 1.37057179509342 0.830559806294728 0.464256334714808 0.329612422868566 0.372704868332929 0.499685780179226 0.617756428521632 0.656441362860786 0.58876763187811 0.441307760556684 0.274024975240222 0.139887155120756 0.0583527150220339
1.03999650153111 0.935241233368995 0.680433225367006 0.407980744155822 0.222162098486751 0.154594022290813 0.185299392756945 0.274271410887744 0.372496987370808 0.428481828712714 0.409119728297719 0.321281789413283 0.206212717143166 0.107685599336566 0.0456045741571101
0.35032847989163 0.314730489719046 0.228510818818679 0.136207459765211 0.0731096420122135 0.0509855974211157 0.0654781462718237 0.105216246133204 0.152433895193297 0.183921308650071 0.181713533263905 0.146122969301817 0.0953063010050146 0.0503043448417499 0.0214539483876282
0.0755104398586985 0.0678132506503269 0.0491909801045809 0.0292442389618954 0.0156475195558643 0.0111894061866579 0.0153884309365502 0.026141948716933 0.0392758419067928 0.0485582789708983 0.0487695240838235 0.0396492555177536 0.0260481865867765 0.0138139529437258 0.00590962198175844
