8020.95767845276 0 0 0 0 0 0 0 0 0 0 0 0 0 0
13111.4590278784 0 0 0 0 0 0 0 0 0 0 0 0 0 0
20019.6192084418 0 0 0 0 0 0 0 0 0 0 0 0 0 0
29216.1983345023 0 0 0 0 0 0 0 0 0 0 0 0 0 0
41950.1412470008 0 0 0 0 0 0 0 0 0 0 0 0 0 0
60771.773921116 0 0 0 0 0 0 0 0 0 0 0 0 0 0
89432.998645505 0 0 0 0 0 0 0 0 0 0 0 0 0 0
131533.156586894 0 0 0 0 0 0 0 0 0 0 0 0 0 0
187874.877517012 0 0 0 0 0 0 0 0 0 0 0 0 0 0
253640.22568657 0 0 0 0 0 0 0 0 0 0 0 0 0 0
317437.044015632 0 0 0 0 0 0 0 0 0 0 0 0 0 0
363899.291615597 0 0 0 0 0 0 0 0 0 0 0 0 0 0
379484.046971453 0 0 0 0 0 0 0 0 0 0 0 0 0 0
358604.58109703 0 0 0 0 0 0 0 0 0 0 0 0 0 0
306411.244152608 0 0 0 0 0 0 0 0 0 0 0 0 0 0
