1470.42487009027 0 0 0 0 0 0 0 0 0 0 0 0 0 0
8770.1553147851 0 0 0 0 0 0 0 0 0 0 0 0 0 0
37159.326367599 0 0 0 0 0 0 0 0 0 0 0 0 0 0
114183.308440629 0 0 0 0 0 0 0 0 0 0 0 0 0 0
261891.050772181 0 0 0 0 0 0 0 0 0 0 0 0 0 0
465277.536399177 0 0 0 0 0 0 0 0 0 0 0 0 0 0
663224.211349316 0 0 0 0 0 0 0 0 0 0 0 0 0 0
771269.301309122 0 0 0 0 0 0 0 0 0 0 0 0 0 0
732218.592823017 0 0 0 0 0 0 0 0 0 0 0 0 0 0
580410.480574877 0 0 0 0 0 0 0 0 0 0 0 0 0 0
423590.899584491 0 0 0 0 0 0 0 0 0 0 0 0 0 0
337077.890805735 0 0 0 0 0 0 0 0 0 0 0 0 0 0
315687.258059046 0 0 0 0 0 0 0 0 0 0 0 0 0 0
306793.010168951 0 0 0 0 0 0 0 0 0 0 0 0 0 0
258608.864918273 0 0 0 0 0 0 0 0 0 0 0 0 0 0
