0.755452179051841 0.772378060609875 0.722494233241583 0.668412930732251 0.571938692134894 0.409228231701776 0.251058469171113 0.173020492720778 0.165401608779673 0.163267359313425 0.127621788118659 0.0731535658144578 0.0302704966357246 0.00901539813214053 0.00193146786830587
0.869548908199031 0.914973730142419 0.891962526658048 0.852547006446564 0.738741088584667 0.530311256833928 0.329463139503083 0.236251813192027 0.234268584168802 0.234036490775433 0.183381679208718 0.105152331750583 0.0435107999102663 0.0129579522934143 0.00277597583909711
0.92884124004298 1.00608598516124 1.01703338178283 0.995197083707782 0.866956396716827 0.621889403217487 0.39066725066126 0.291065281313488 0.298234638225489 0.300887724587421 0.236150672934318 0.135411665449778 0.0560198315273462 0.0166800177741131 0.00357281341034352
0.936501203559633 1.04010040244057 1.07932202058543 1.06842266558083 0.928226275685318 0.662715832704789 0.420549751866683 0.324987438450125 0.342381419606838 0.34777031914424 0.273002529164954 0.156420675565533 0.0646644947602959 0.0192433573597522 0.00412017839231002
0.911964695045434 1.02775917838906 1.07684238362737 1.06226779989936 0.912588066049636 0.646759209385631 0.415355292385864 0.332613981997062 0.357617512488628 0.363655207329173 0.284619450204029 0.162628292979862 0.0670927948607471 0.0199360641403705 0.00426376626425472
0.883623885867209 0.992137843461662 1.02495522919027 0.989142761582267 0.833470116351928 0.58737279731444 0.385655874176372 0.320770951612843 0.347452788870306 0.349611176262156 0.270771943811529 0.153532418171494 0.0629943117473131 0.0186439502062635 0.00397568916612821
0.882694105427287 0.964006182528689 0.953213190526167 0.880405435664831 0.723308099066381 0.513303269883521 0.354305123791443 0.308673487467265 0.329594490681958 0.320788517102725 0.241883114147622 0.134553619322135 0.0544522241819814 0.0159530971688208 0.00337606273415058
0.939833480975554 0.97767956369191 0.899145116428511 0.776972637334606 0.622290396119962 0.458486927908497 0.348742200638289 0.321857597040643 0.3302903306586 0.301255090275764 0.215222042138161 0.1149354536245 0.0450967514316338 0.0129022970169614 0.00268066775184011
1.07965477679918 1.06363486940308 0.898235664912579 0.716627034959698 0.564763419169517 0.449713605293965 0.390173993701581 0.381453448245074 0.373031856958176 0.313564492609412 0.207384125580596 0.103699929783598 0.0385090664814449 0.010524293367754 0.00210528111109697
1.30853147561405 1.23487631435928 0.97008793085107 0.720801079772189 0.567397845554247 0.496157130371604 0.483233937083765 0.492658377370916 0.466171407088229 0.367689527033038 0.226648797595863 0.105696324436081 0.0367136482194372 0.00942438947818036 0.00177979556951059
1.59971974779413 1.47167323925469 1.10535638022487 0.784889771060584 0.622600792044341 0.584264249598374 0.610356568082241 0.637681843369501 0.595230474775664 0.454447386018181 0.268724015105373 0.119547464941996 0.0394452927339048 0.00958792334043408 0.0017111323675777
1.88849256168852 1.71660424932169 1.26221418323725 0.877367774615027 0.700320397518484 0.680949083720782 0.734877597654939 0.778163871840605 0.724805774892448 0.547075503597584 0.31791006694315 0.13831961136815 0.0444328564836276 0.0104670528326587 0.00180230020279282
2.08821561805478 1.88969359599331 1.37887642984511 0.95088439899194 0.759355781652739 0.7457120923927 0.813947205731361 0.868572696359975 0.811300528343959 0.611414666138328 0.353527247430597 0.152609525204371 0.0485065793761904 0.0112744960276535 0.00190967931382702
2.12454328370122 1.92063389605952 1.39918765418077 0.962177807054944 0.764567984520994 0.747509590940034 0.816575306646457 0.875595740467249 0.8216304724568 0.620676593286997 0.358944664409705 0.154701377812408 0.0490200162883052 0.0113425098643374 0.00190966040263753
1.96968394598892 1.7811816731309 1.29817271191454 0.891093021805487 0.701793997781266 0.678004015798394 0.737371623386299 0.79323362185791 0.748141232664486 0.567306091936309 0.328774904940985 0.141818345672412 0.0449338996745993 0.0103881220133852 0.00174618516568981
