2.3375334541481 2.42047273601362 1.16658637093031 0.648255004608383 0.579731248423482 0.294481339124499 0.528141277195161 0.761317723683731 0.785827050412324 0.478865672160508 0.162926844030438 0.279293048331074 0.199677474990197 0.0271691219011532 0.000693955898063588
2.85180473296337 2.79811169706492 1.36528663587694 0.821799931920001 0.724768898229342 0.397766955353047 0.692742885742493 0.888957972307471 0.974279602258261 0.683490643687339 0.239220995727822 0.389456222424771 0.2779685306045 0.0378209906250776 0.000966026535107448
3.15884415826697 2.83207578257678 1.37404811458877 0.910021947384745 0.793473582273583 0.456311430725149 0.749731152852043 0.848969388519534 1.0154099132047 0.821549718509105 0.287960080396537 0.432389099786426 0.307800554723568 0.0418786226407778 0.00106966644411351
3.46192660808012 2.74043868479785 1.23966223495549 0.893864392321052 0.785573162968249 0.450656844421319 0.669403751702053 0.668990221016688 0.903046157254395 0.835349585222431 0.286154408816193 0.38240420127915 0.271114712988994 0.0368853666090652 0.000942127802130364
3.95233555152477 2.79037902460563 1.06331351671147 0.793748599415205 0.734474063594715 0.396091636679312 0.492893248844943 0.439146517949878 0.692679942600764 0.718415281200492 0.236181919472582 0.269605007083233 0.189955057968759 0.0258415223416052 0.000660044779487266
4.56275995382357 3.06481998960843 0.946261194328317 0.666214406473729 0.679993091045711 0.329003341108599 0.300265999631616 0.242264520886193 0.458956720009487 0.519838231707715 0.162478057740158 0.151698280751751 0.105869076067995 0.0144007276908135 0.000367823196547834
4.98710182875373 3.44245253584599 0.964999977224364 0.57545521986771 0.632480503579408 0.273057957519959 0.153611799789962 0.113026376084834 0.260407005266467 0.313640144892052 0.0931350180033291 0.0682353109874516 0.0469372559280717 0.00638341756440918 0.000163044803989597
4.95220345152307 3.7512630557997 1.15111178504631 0.555360357404829 0.567054313553222 0.224217874678607 0.0686895833023992 0.0447048171559481 0.124626888993704 0.156152561034495 0.0443006315986662 0.024596696254657 0.0165543322622634 0.00225073687371892 5.74879667672539e-05
4.46602905163283 3.90185483693137 1.46148461637982 0.594347540569013 0.461926568029485 0.169693919557424 0.0288602314663644 0.0149769253801464 0.0495035301918033 0.0635315654846738 0.0173683788759233 0.00713007732246169 0.00464487670033807 0.000631246720570256 1.61231195828092e-05
3.80279594877795 3.88723449228384 1.76788094900187 0.645632891033249 0.331484981259282 0.110513443795854 0.0121806585228834 0.00424222459483669 0.0160995432255328 0.0209546152282217 0.00556978042382509 0.00167002646990299 0.0010369093093216 0.000140824076921625 3.59685845078828e-06
3.26195740576913 3.70875258065188 1.90731580912171 0.650852520002204 0.211334194955823 0.0596758118538231 0.00510973682154773 0.00101736254045972 0.00424423669471016 0.00556935064266665 0.00145054475474594 0.000317990340370042 0.000184189911577027 2.49895666441613e-05 6.38263152461271e-07
2.94504415266416 3.35043438782374 1.78327378538018 0.574552776609668 0.123662673815253 0.0264619137337988 0.00197068215414526 0.000208573531010554 0.000900841024552163 0.00118769044819637 0.000304967555532779 4.95770154584347e-05 2.60395026481676e-05 3.52732592157515e-06 9.00903688176438e-08
2.72625365767193 2.81675283343733 1.43243040188604 0.430561224383538 0.0679401627952578 0.00974938917291378 0.000650469836062331 3.73519850063269e-05 0.000153267529145414 0.000202627489590017 5.15262503664869e-05 6.37559776574017e-06 2.93068109411656e-06 3.96040021008672e-07 1.01148429019261e-08
2.40099180700492 2.16159496200167 0.988892081287899 0.270207078509344 0.0345259442126848 0.00308328194961913 0.000177131391382792 6.02051459843864e-06 2.08450107589604e-05 2.76014907454301e-05 6.97307182581536e-06 6.8041403833386e-07 2.62704374522891e-07 3.53705315062835e-08 9.03321055506089e-10
1.8763475153235 1.48074023145838 0.587898031865101 0.141581931561053 0.0155651349633358 0.000878604970726069 3.94253317072023e-05 8.92590909686258e-07 2.26238518611816e-06 2.99804625977354e-06 7.54120716022645e-07 6.04503652532867e-08 1.87682092044308e-08 2.5127936075233e-09 6.41693121235808e-11
