0.231623727410146 0.204167151755949 0.145751114403839 0.107084508690601 0.100179444101441 0.0984827950541134 0.0796325322927965 0.0486056598101258 0.0220617401831072 0.00748387184883854 0.00191945260880585 0.000377260743036375 5.74440801424081e-05 6.80178357093267e-06 6.23054602267539e-07
0.383418932961365 0.347431196188366 0.271042448912268 0.239401671026085 0.261501655800824 0.272601589999123 0.225393567929246 0.140453236144022 0.0657290070712213 0.0233272280372103 0.00635944710327579 0.00134513100665476 0.000221300394764842 2.81392421073609e-05 2.73136756169356e-06
0.524442987963518 0.497866557589116 0.433515256633271 0.448071190188507 0.536355658188952 0.576383217645988 0.485820164997105 0.311332391543459 0.152104969746654 0.0572643740741442 0.0167582250167051 0.00381695808533358 0.000671665847804708 9.01433577381307e-05 9.09953332350106e-06
0.734183062408207 0.73209149884992 0.680987623968859 0.737020828550034 0.888459927185416 0.956558934357783 0.819159433315678 0.543227481734985 0.279548364077986 0.112259589929619 0.0351628405405838 0.00851832839033156 0.00157455151898118 0.000218947100604722 2.26346905503935e-05
1.21270950286764 1.2263570555355 1.11309573771773 1.11148857310566 1.24466888209963 1.30209573228818 1.12314716380721 0.769482772727476 0.415940732135528 0.176564498619256 0.0582442087239277 0.0147109567201358 0.00280240221259254 0.000397726928953589 4.17164309061282e-05
2.01883646522973 2.01796931641547 1.73161440650688 1.53788897771205 1.54272308207479 1.5309503655944 1.30933226491203 0.912887432113193 0.508702847107279 0.223113750462102 0.0756834372635183 0.0195170288519671 0.00377429616323764 0.000543400051228746 5.85901828204176e-05
2.83005665698477 2.78895645352257 2.29472423437893 1.87085198516465 1.71213836439558 1.60916306097724 1.34673219271095 0.935483639878832 0.523572988534878 0.231125628931719 0.0788986539472875 0.020512417725777 0.00404559453636805 0.000621135084512718 8.20984954693264e-05
3.15863323955768 3.07796000384265 2.46755504762441 1.91833303154836 1.67063507686079 1.52586877944211 1.26172068189592 0.87249058092281 0.48800801356988 0.216267441039391 0.0748994019048061 0.0203706549200612 0.00461017424415948 0.00101228733703038 0.000246986614441756
2.85406376591764 2.75651246956331 2.17421396677285 1.65776136109469 1.44036689804221 1.34590927695907 1.15511913865637 0.835241031758083 0.49167951197233 0.232129091339839 0.0886191734905406 0.0292485030793379 0.00969079492517218 0.00351035635796096 0.00122086833287087
2.2586552217723 2.16124389507541 1.68933260715208 1.30081075006208 1.19416094071452 1.21962091231137 1.15901078802358 0.933106910784508 0.613816782360239 0.327863489197604 0.148397022877283 0.0642187042754943 0.0296156765344554 0.013478705736607 0.00515340002995433
1.84558292243418 1.73715863659988 1.34755497093192 1.07017608047909 1.06988689844686 1.21104156840152 1.27305589279885 1.13066875753689 0.820618978747235 0.491950121552914 0.264135321296199 0.144434270679126 0.0812568699182681 0.0408034338686647 0.0161554559790489
1.76475897508133 1.62046755521365 1.23004413953447 0.975605455978768 1.0041183704124 1.18535547562663 1.30841322642198 1.23021966326538 0.958692259303848 0.640413455171875 0.408901277671558 0.27170366227717 0.173207659562707 0.0915942542185833 0.0369000202505395
1.75086562417978 1.57271636347116 1.15230732224988 0.864593073269263 0.846970958915131 0.984863204690002 1.10245331638514 1.07587650258165 0.897004709449142 0.677286467628735 0.51658111794421 0.400409771399841 0.27613053655287 0.15033893807732 0.0611441001061707
1.48567027997421 1.31460948527915 0.929213948259864 0.643909344072329 0.575236233077159 0.640882390624591 0.719399831959492 0.728306216607039 0.658069354899241 0.572940095666977 0.516510184645857 0.447776020463602 0.32409777858467 0.179447777688091 0.0733792990786396
0.976334809870251 0.855187547769394 0.586226400428619 0.374933214717841 0.300446312097593 0.316775494560694 0.356598565637878 0.378042357241847 0.377644844696352 0.383617123295502 0.398308150689648 0.372656021343326 0.277803194053166 0.155348342752455 0.0637273598018528
