0.00246484245180573 0.00802191144078504 0.0248424942223689 0.0649521693201624 0.137374376048283 0.231380173716484 0.308260256067639 0.323814475340726 0.267830059167174 0.174364959841428 0.0893809014388996 0.0361059244842236 0.0115077921434429 0.00289838516515531 0.000577897234788049
0.00703718023488491 0.0167722653608286 0.0436611767065558 0.104659650775277 0.211684102035451 0.348683930131417 0.460461137608047 0.483764316825091 0.402872409622345 0.265595687130933 0.13862560571075 0.0573416114315459 0.018826128898638 0.00491446181858422 0.00102177709484379
0.0217760282539701 0.0382115404649154 0.0778322758423194 0.16092537667688 0.299261410676327 0.471094892931324 0.609760823372483 0.638965614381476 0.53756827502744 0.361636458851153 0.194250995107849 0.0833073384541843 0.0285395929004347 0.00781368819675742 0.0017097311632603
0.0645866227962743 0.0908800405240126 0.145453142269035 0.25148216848437 0.416831821198332 0.612429292844934 0.765723616466895 0.795399914989904 0.676039037672931 0.465770884595881 0.25871973518032 0.115490330598485 0.041337113067361 0.0118392792088394 0.00270745011920646
0.169496334711377 0.205353281408532 0.269156707202633 0.392194406123979 0.578073563154651 0.787464199723243 0.943247834588205 0.964152741484815 0.822863701598337 0.577154739926228 0.329088500856039 0.151416137207878 0.055917825119304 0.0165050258384867 0.00387990810531095
0.382102217315468 0.416209582399316 0.461432863952371 0.571645534596377 0.754366951692808 0.959340689021386 1.10257060935286 1.1042650487063 0.938414576897705 0.662556831030466 0.382657117894119 0.178826182225024 0.0671074853060619 0.0201096347711224 0.0047915300570126
0.736096331166474 0.742553906433811 0.713411029744349 0.747890317871735 0.875788500774607 1.04151189732365 1.15245596328224 1.12992235152518 0.950936456442368 0.670248610389425 0.388336140776859 0.18252449501655 0.0689582446323564 0.0208056640239572 0.00498935350868364
1.21923219594723 1.16652379055081 0.998494741588497 0.883322338221536 0.895448559228337 0.984065748609462 1.04788667500137 1.00696294416951 0.839060589009454 0.589628903798382 0.342220526334492 0.161598889275917 0.0614344170186817 0.0186653325334456 0.00450852073330937
1.75995679640376 1.6288332273087 1.28508836370081 0.979487293144288 0.845540433229539 0.84421283671205 0.864042881530829 0.818557017031799 0.680767070817132 0.481452639641415 0.282853053643865 0.135669109363131 0.0524750542656303 0.0162278882558193 0.00398881441194184
2.25682589197035 2.05138162634461 1.54438466635611 1.06612172827053 0.807510048747929 0.739571901967027 0.736342328073321 0.698633895173 0.590210980530437 0.427958967463863 0.2592208484649 0.128448255479808 0.0512974119380403 0.0163475035427378 0.00413063945017415
2.62813464307684 2.37028092655494 1.74919618157712 1.15669896190169 0.825929969879133 0.730683994934515 0.727293526928411 0.70130916740718 0.607061075101076 0.453303271283722 0.283251680403525 0.144613158936588 0.059330525165748 0.0193572277333569 0.00499120136901662
2.83634521833989 2.55130271444665 1.87147228201842 1.22414878353305 0.865235967616609 0.766839800420197 0.771427180643897 0.753431754965735 0.661470578846975 0.501520392121933 0.318141125370224 0.164667398773235 0.0683595229099913 0.0225242508625489 0.00585562695132088
2.87193307544437 2.57953382800721 1.88486721549496 1.22197851772558 0.852133784601309 0.748536865988871 0.752143363538962 0.736123306812265 0.648399313884373 0.493586710175519 0.314441433700287 0.163406368731992 0.0680748830170807 0.0224970378999169 0.00586297334271414
2.723798293405 2.4409984918334 1.77036493691641 1.12265054608201 0.748379843749819 0.628247497382997 0.617686830434361 0.600229042528155 0.527464758209607 0.401259013510389 0.255658431695353 0.132928377497651 0.0554144213514315 0.0183251586207902 0.0047786031087826
2.37878604448985 2.12534881732507 1.52510199352964 0.935011073330071 0.577108230467881 0.442907683595681 0.415001459521146 0.396728494606911 0.346685800550413 0.263087536649379 0.167420950319042 0.0870015016891315 0.0362614901811012 0.0119911747933893 0.00312709270500549
