0.111660761187782 0.108668849211918 0.0892883048065238 0.0716243694845415 0.0515750757860325 0.029315404304063 0.0185666745124005 0.0326879011830168 0.0714371010835005 0.106523909598144 0.101347155080353 0.061180788980644 0.0234000268333766 0.0056617527062468 0.000865098895181156
0.384470595333173 0.379870565801725 0.316130033673874 0.253047369831068 0.180672879570646 0.101740746780329 0.0582191227253492 0.0861909081636945 0.181265526057648 0.268102463654337 0.253771243916941 0.152495228182161 0.0580815710163272 0.0140006030209868 0.00213228484149309
0.990718225829142 0.987978459762327 0.825108757103002 0.654336453207115 0.462165151930092 0.258580601070222 0.135512091186616 0.161467186836031 0.318547667165627 0.465366642064926 0.437868343015906 0.261847897883664 0.099298602944293 0.023843214380628 0.00361899158546348
1.94324077351636 1.9405111573661 1.6093688831347 1.25534212404564 0.875144618653094 0.488616285780367 0.2418353609036 0.224666723557067 0.393341176179121 0.559376234736954 0.521248378721712 0.30986036580852 0.116949316370903 0.0279666000042902 0.00422976555389366
2.97890212860576 2.94631433934396 2.39133811666901 1.81511138451136 1.2453049031482 0.701734441554723 0.350820465664347 0.263720136647715 0.364094750528601 0.475817193109282 0.43112926743068 0.253312733786425 0.0949731823786002 0.0226019423658338 0.00340502238328915
3.71021209499837 3.58729632224526 2.79301201018286 2.02860816713562 1.36812418393217 0.804094201324262 0.459157551611768 0.332819010786427 0.319756926311149 0.320053728764671 0.258691199678433 0.145504672241002 0.053565654093389 0.0126284981997859 0.00189122023796888
3.91886409622147 3.67630820444923 2.70521665617327 1.85681544132348 1.25027622675579 0.823620281599329 0.606370719240692 0.499509912289888 0.378656022880522 0.248077237676574 0.142322707453352 0.066299348601045 0.0223173914179768 0.00503839087785828 0.000737464538973774
3.60976904665347 3.31812043642451 2.34723308922096 1.57171682207597 1.12554205026293 0.890800396012665 0.81650577256299 0.742954576418916 0.543478764388463 0.298504711592059 0.125354002813139 0.0410283266346465 0.0102585261086498 0.00187099854120923 0.000237815738278959
2.92728115225096 2.70663424618645 1.95392103505717 1.40988081663589 1.16703892531772 1.06736076507273 1.03810107328244 0.949679380225741 0.704953210711493 0.395960557365858 0.163849461013028 0.0485737370958777 0.00998622917808424 0.00139086658045375 0.000130264371705463
2.13157243091355 2.02919740557086 1.59308010896732 1.35134935565492 1.30610810856095 1.26547497982417 1.17979576443074 1.02114771945293 0.755892504795482 0.443530475210373 0.19356377849529 0.0592189330205324 0.0121181034572304 0.00160993512626223 0.000136759153189772
1.4666401801058 1.4434769107697 1.2714533285759 1.29260943477077 1.40393236152239 1.38100143454793 1.21199583249461 0.970858414338742 0.688913705232983 0.402770586513653 0.178130518992862 0.0552268948305592 0.011381863549424 0.00151180101999293 0.000127346923574088
0.980439844590162 0.996569972487695 1.00533765779101 1.22041802180635 1.44961582637476 1.44329276089545 1.22551130585674 0.923157231375594 0.603271051576734 0.322345026936582 0.132063409696976 0.0388742747035901 0.00777307043297552 0.00101568592177374 8.47887778532121e-05
0.596602534956414 0.642541347710127 0.778575157727333 1.13237987669942 1.466660020212 1.51882132313178 1.31573932449711 0.977359014033957 0.589716447328535 0.271301550079398 0.0925989770622446 0.0231323617111781 0.00411545806062074 0.000501028083863178 4.02324235688279e-05
0.297482820211964 0.360180284179024 0.555322322059549 0.959255698318339 1.36163961890305 1.51692626076492 1.39692296459051 1.05865018078517 0.612288215577557 0.252118415641759 0.0719534381057919 0.0143364949879314 0.00203265417209656 0.000206172123990773 1.46548650147034e-05
0.113805009494766 0.167671121415344 0.336410355689099 0.671910363903928 1.04941898323116 1.28387616030547 1.27300575711462 0.990277754430165 0.561323629291503 0.218511815036848 0.0567088007705267 0.00975156781885773 0.00112464646239322 8.92395571123274e-05 5.00221908366213e-06
