0.311420877220264 0.271203538537127 0.166977840381262 0.060996507708101 0.0512981030040503 0.174922101768602 0.219237387883647 0.0850035329328494 0.0103450320327979 0.000472041439926819 1.31696685111434e-05 2.22365728203319e-07 1.3870978294006e-09 2.67134008894239e-12 1.55620737922376e-15
0.908037950597868 0.814583979657001 0.520256811428014 0.192313601700279 0.12205800037987 0.347357592505696 0.402975360062988 0.150875559383981 0.0199117388720289 0.00140953054994054 6.86738832628942e-05 1.4063735104937e-06 9.15389035201923e-09 1.81590304388175e-11 1.12210822166419e-14
2.04115246025595 1.83743701787236 1.18208503194375 0.447255396221398 0.244583962070749 0.567159273696923 0.592430903993169 0.216012027797633 0.0367592243416421 0.00466217345531858 0.000304260320225397 6.66756658381129e-06 4.50620962553143e-08 9.57679413406943e-11 6.78867206437052e-14
3.62844229919194 3.16294479130381 1.97140581320237 0.776473201130447 0.413541350493387 0.778013091575004 0.72506079709661 0.275064308374081 0.0740199587020646 0.0141620482284407 0.0010333470421798 2.37897798559645e-05 1.74245479797021e-07 4.31695484520251e-10 3.85444260141383e-13
5.24021464441404 4.25967453258625 2.44584343131936 1.03364524686912 0.597916773677601 0.901600287047004 0.75612200467408 0.340433015010932 0.147126042710397 0.0342005006486605 0.00267368999694176 6.76236600289323e-05 5.86993669339659e-07 1.84884607383725e-09 2.08945957277553e-12
6.31479132528509 4.6601705178111 2.31945050696772 1.10574845904091 0.766106305797679 0.90103502692571 0.678890025441964 0.406996337656136 0.246368998105693 0.0640923243373728 0.00560187028527339 0.000170728260210139 1.89611224348055e-06 7.479866327939e-09 9.77224012101547e-12
6.52828898334241 4.35867868281516 1.77054529678967 1.01216507384292 0.89657599049978 0.825832879949683 0.538874687596407 0.436092958419479 0.331108177148458 0.0992039828384739 0.0106279531380967 0.000415761143306959 5.70946341119443e-06 2.56313576244206e-08 3.56581612222653e-11
5.95858135435006 3.67584857106091 1.1814533813898 0.835326781308306 0.952035163438002 0.748123506455907 0.40931547994884 0.407172353142797 0.379186790274908 0.141987538913477 0.0195204608719782 0.000930335856788751 1.43205864213546e-05 6.78457890571136e-08 9.65749421742593e-11
4.91129775364761 2.88771811561814 0.752687454041599 0.630238120701514 0.899044379038945 0.698586345402364 0.351071017624017 0.364008095005798 0.417091120776754 0.198380471536077 0.0326040524156814 0.00171457941023388 2.76123825608754e-05 1.33338024279563e-07 1.91320002458726e-10
3.72258335188323 2.14488499218902 0.483315299787003 0.431417414527841 0.762607804454199 0.682415255091918 0.390437081962394 0.374003978536388 0.472964350177722 0.256131048475628 0.0452540902360885 0.00245793292820518 4.01224225447421e-05 1.94945954668649e-07 2.8076664533934e-10
2.76710928183575 1.6202198528977 0.34153587223378 0.271590105682523 0.596781624731648 0.671473948553694 0.495634178639744 0.474630557346625 0.562283021593268 0.29927541336074 0.0523818055509369 0.00283017662312816 4.61553294197599e-05 2.24923801083277e-07 3.25961438746656e-10
2.39064191491537 1.50235609781358 0.325284366173383 0.164768587944624 0.423588472560543 0.598735319624976 0.58584967287557 0.678130116622235 0.73665256041949 0.351668132177663 0.0577332585473971 0.00303057247405648 4.9108436458737e-05 2.4113232949159e-07 3.55244073613477e-10
2.58589527582617 1.7597949377345 0.405155138977039 0.102621098956821 0.254806656152743 0.440012977110234 0.598247462802501 0.943760819308219 1.01553220985868 0.445232374153909 0.069010897375514 0.00354036575676593 5.74505041017328e-05 2.86664909080054e-07 4.32700402369081e-10
2.84136493371634 2.02123780080435 0.483699276591005 0.0688155338344526 0.121734532113057 0.257004342496946 0.525677160921101 1.11802492124091 1.24252635708688 0.53289941313511 0.0815721877788511 0.00419576655662303 6.8931087243741e-05 3.49786608616844e-07 5.37675192180737e-10
2.58530140263946 1.87813659585238 0.45878319401176 0.0475293445735273 0.0448014931869109 0.121020470836941 0.392243074528495 1.03327889763476 1.18938906332824 0.515445836434586 0.0799884250027079 0.00418063087498144 6.97225395641111e-05 3.58337606187545e-07 5.56583020129556e-10
