0.0625710764516395 0.126390592728313 0.229715810171812 0.356269482179178 0.46039437648694 0.501493524007798 0.489456464348927 0.479212995700887 0.502673326265286 0.521158979493399 0.472110203870119 0.34925633414713 0.206935709364249 0.0985299766496562 0.0381207990678755
0.187425108609644 0.275872787049567 0.391245138217113 0.522340881239505 0.623208780847552 0.652856238231524 0.631534169876351 0.62994362475935 0.68352930964612 0.736439513825347 0.699769668020856 0.552764093723299 0.357644766773216 0.189823923807673 0.0827754656202226
0.557999768950914 0.643522701565706 0.660668455471207 0.654009238611826 0.646160763692848 0.633926600638884 0.634248904705371 0.685895749778615 0.789992680179541 0.877034733682826 0.86078057571053 0.718140707773158 0.502446929917636 0.2921318472191 0.139258829023411
1.3652966211366 1.44693108718326 1.25220884189521 0.948575416198389 0.712380343529645 0.61710121776649 0.653154115353574 0.773950399941515 0.908328606138846 0.976719144384156 0.930649388521337 0.775927684058853 0.558715479978423 0.339665702144988 0.169479292672399
2.47018876966824 2.5993991456085 2.18904334495412 1.54134374183426 1.01511445953363 0.781532002304454 0.804529696668415 0.940922471736392 1.04193256073765 1.02330606504556 0.887543226188113 0.687738033457399 0.475398345984609 0.285413686521842 0.142916027203362
3.25099769614271 3.49020591054322 3.02066587902165 2.18675103517821 1.44628534429823 1.05279671509478 0.982730187446038 1.04783753110888 1.05912146642998 0.938122747127037 0.723146835269863 0.495522834058793 0.307752738450454 0.171585588526246 0.0824804129996685
3.1608505532192 3.51643332440571 3.20130301667234 2.46579411311217 1.71493879346936 1.2267617359004 1.03175524965894 0.976117768760985 0.889328404265364 0.710840924093569 0.487344632476895 0.290624654494252 0.155245668488747 0.0756849345288963 0.0330954479268283
2.35482769139048 2.75603733458439 2.68067610088058 2.22943079478588 1.66017110694108 1.20559230393483 0.940169944302311 0.784599468530474 0.631228839926662 0.448353154792897 0.27177830018478 0.140795268186703 0.0637376434593326 0.026018264959333 0.00973352922368521
1.48668361780333 1.82794036836311 1.89113182970469 1.69239726109095 1.36390667432373 1.05019744476286 0.810940408208999 0.618566675321021 0.436976862552303 0.271037695849663 0.144638949258134 0.066514075255668 0.0266022383708426 0.0093444599947507 0.00290634390750681
1.0105049262939 1.22358296404112 1.27391958475354 1.19083944415702 1.04741506665388 0.895716322985836 0.739144381306014 0.564539872469558 0.38558669902239 0.235496099970464 0.131635990785926 0.0678720904779494 0.0312660486682675 0.0122119711716553 0.00387126135375707
0.883435992760409 0.980336654924783 0.963111993072824 0.909800976606416 0.871568089752429 0.834884379467456 0.759639381583078 0.63440779631326 0.48869429260056 0.355820164459045 0.244101628837358 0.150216755219896 0.0778999466269357 0.0325082449869733 0.0106300822778225
0.79567800281482 0.835304604038712 0.790175077359963 0.757651559107814 0.776100864983546 0.808730207705613 0.807695816284519 0.761066158780883 0.682197217385744 0.576305412173494 0.439226606920015 0.285469310342198 0.151246734265934 0.0634761516058347 0.0207507158471475
0.597262055037918 0.621940119840316 0.585012246405402 0.56741527929459 0.603421657658998 0.669423905773839 0.732015893377502 0.772798888679207 0.773189595205393 0.70498247061864 0.557321086188589 0.365819957097339 0.193351165964124 0.0806520981101141 0.0262052946023572
0.424841366876343 0.445696226172065 0.404619353299841 0.363535186793194 0.366461438159163 0.415834336282515 0.493543168308717 0.573850012178237 0.618160831716458 0.585675764713512 0.467886839591358 0.30577745174089 0.160064980682841 0.0661077622928089 0.0213022282930179
0.365489670119306 0.383108609183311 0.322424505705966 0.238906506421456 0.189047560424402 0.19174200140195 0.235400781609907 0.293865830679046 0.332440823842686 0.321093202117927 0.256308437197773 0.165762041307681 0.0856367497062265 0.0349378430734846 0.0111466489322226
