0.291575624806731 0.506595818986685 0.612204801222095 0.527836654264701 0.441109609752329 0.515570483712078 0.474965790452021 0.208265261119891 0.0389396217903368 0.00305405724894146 0.000100286410296726 1.37964405744533e-06 7.96575768715531e-09 1.93659920858211e-11 1.99372738335308e-14
0.594275644768717 0.974473443579787 1.18597656214418 1.0845739984709 0.859087078235614 0.841115610274371 0.725245611026514 0.314832276743737 0.0589329403904541 0.00464542030407443 0.000153996136559992 2.15490868959466e-06 1.28206961599214e-08 3.2811244854815e-11 3.67345520003862e-14
0.986571325247494 1.54685879296196 1.89578035426984 1.8131760923356 1.36248771975672 1.10521433514776 0.87400272493252 0.375734920654085 0.0710546335028108 0.00572624466916438 0.000197363450790697 2.94807231709633e-06 1.94462496565071e-08 5.7790278218993e-11 7.84164797252862e-14
1.3809284853345 2.11106249564402 2.58207221744215 2.50419272987542 1.77375814806008 1.20321418832589 0.867896418927547 0.375996992736258 0.0744556960010055 0.00649567369097381 0.000252694460741578 4.45885610433448e-06 3.5971481269174e-08 1.31796395323342e-10 2.15493202937061e-13
1.72044993353104 2.62365976508522 3.13564393794312 2.93878474946333 1.93509173594922 1.15902090424563 0.811137377024924 0.378141656867623 0.0848873165728064 0.00874550759075071 0.000411866545301653 8.7746099403181e-06 8.30192148854231e-08 3.42132617845618e-10 6.04735361732615e-13
2.01250919359196 3.124249315342 3.56772087314773 3.06664127604292 1.85005485428033 1.11778159489339 0.894098075127117 0.481945527719797 0.125579889004822 0.014936089740593 0.000793651065444395 1.84761577921359e-05 1.85348439102246e-07 7.91741607233498e-10 1.42906833414519e-12
2.24163398753165 3.60118051148863 3.92574291541105 3.00946845093184 1.66300239792825 1.1953225627273 1.19499394068707 0.717464810494158 0.201425881519797 0.0253578792012775 0.00140211263785614 3.34835797837825e-05 3.41086743209039e-07 1.46996020416896e-09 2.6665230445114e-12
2.3147627656553 3.91032381334829 4.17445578179571 2.8984639578782 1.49663042467347 1.33641278419425 1.55278063305717 0.974584356411028 0.280258241873307 0.0358677735405757 0.00200483694315642 4.81978723946327e-05 4.92908274386909e-07 2.12902473099568e-09 3.86693684083094e-12
2.17349873666383 3.88758586468639 4.19117905380734 2.757376436471 1.35901277733862 1.36013306602407 1.67984536729789 1.0709914530221 0.310483260775448 0.0399527810544831 0.00224110864066917 5.39957258507435e-05 5.52911993177726e-07 2.38996225449891e-09 4.34268634335586e-12
1.92111518450814 3.51144428363201 3.86124565573237 2.5211727446693 1.19708414296019 1.15769440401233 1.43573459771924 0.920383193502781 0.267885478052794 0.0345686608866703 0.00194270415089074 4.68602082462808e-05 4.8017407365323e-07 2.07637748635135e-09 3.77374209754889e-12
1.7624320258341 2.93243943110402 3.18448953934223 2.12083109555184 0.976487592412827 0.802446538888238 0.956550580226038 0.613560335734159 0.179090592257573 0.0231610497195891 0.00130351969710159 3.14710157516242e-05 3.22657273950481e-07 1.39568225463021e-09 2.53706335067876e-12
1.80245955869098 2.35784641893893 2.31779075345879 1.56947676746447 0.707954241614649 0.454437059178145 0.495806893917994 0.316723041198316 0.0926640254245447 0.0120080267138514 0.000676735637109298 1.63522897957737e-05 1.67736706887525e-07 7.25772816728197e-10 1.31952811318821e-12
1.91534382383005 1.8915072592904 1.49355664518459 0.986254615669402 0.43915688987926 0.213712611257878 0.200376757042116 0.126570739769745 0.0370985168278958 0.00481676321570241 0.000271813811563739 6.57332640074733e-06 6.74599638843452e-08 2.91972388258458e-10 5.30921603265489e-13
1.84721587380466 1.48422735209275 0.869375428349946 0.515567318271307 0.225637333793082 0.0849252018828877 0.0634817306497354 0.0391684047547178 0.0114919107302613 0.00149483828731957 8.44629004207356e-05 2.04420979327382e-06 2.09890382635353e-08 9.086742100167e-11 1.65259210729113e-13
1.47818009494829 1.05889592290497 0.465686910576606 0.22319844315138 0.0938225567227329 0.0287263528063691 0.0159154011611381 0.00939238346261389 0.00275441105778893 0.000358909904919854 2.03048700155192e-05 4.91810786542486e-07 5.05203863954385e-09 2.18775928231407e-11 3.97946091954839e-14
