30193.9257729888 0 0 0 0 0 0 0 0 0 0 0 0 0 0
61942.6584442455 0 0 0 0 0 0 0 0 0 0 0 0 0 0
96743.6686440845 0 0 0 0 0 0 0 0 0 0 0 0 0 0
119617.030935882 0 0 0 0 0 0 0 0 0 0 0 0 0 0
129252.353406664 0 0 0 0 0 0 0 0 0 0 0 0 0 0
138398.519218968 0 0 0 0 0 0 0 0 0 0 0 0 0 0
152031.585226707 0 0 0 0 0 0 0 0 0 0 0 0 0 0
166162.618523301 0 0 0 0 0 0 0 0 0 0 0 0 0 0
180397.022161642 0 0 0 0 0 0 0 0 0 0 0 0 0 0
187381.525882345 0 0 0 0 0 0 0 0 0 0 0 0 0 0
170055.694190543 0 0 0 0 0 0 0 0 0 0 0 0 0 0
129446.568996848 0 0 0 0 0 0 0 0 0 0 0 0 0 0
87929.2925508582 0 0 0 0 0 0 0 0 0 0 0 0 0 0
58045.1988642263 0 0 0 0 0 0 0 0 0 0 0 0 0 0
35514.7450555107 0 0 0 0 0 0 0 0 0 0 0 0 0 0
