1.30307733479647 1.26846097668692 1.13289678783646 0.987230264514757 0.898927007724127 0.871351937715304 0.855271741722482 0.795830606183861 0.673038191200247 0.508051097373866 0.340731924155247 0.20326088658116 0.108138960510529 0.0514014724675852 0.0218232897998562
1.61312072796877 1.56920089197358 1.39717639642596 1.20956066111631 1.09316991799928 1.05813379216824 1.04851612370753 0.995962536996195 0.868518968286072 0.682323919657286 0.480172637010575 0.302395851027257 0.170309814431846 0.0855965147089796 0.0382425311463548
1.70868000279923 1.66820833230029 1.48947842195563 1.29013038410681 1.16559009083884 1.13443891337594 1.14406784225992 1.12065819002006 1.01921159544621 0.842206581323314 0.626500751515257 0.417401973940688 0.247900864852444 0.130563519383134 0.0606461000751803
1.57422783409947 1.55922054152376 1.41510676009823 1.24382059813551 1.13505109455442 1.11614573372572 1.14902800342909 1.16553935209504 1.11038903438943 0.966860825753982 0.758139422943511 0.530242081731933 0.32832393394917 0.178860928008853 0.0852809607279256
1.31380960001039 1.3520311341163 1.28121184078666 1.16961119030381 1.08862500783881 1.07394148608186 1.11172081057681 1.15168521828711 1.13614887238551 1.03052072711598 0.840852302671276 0.608840346116295 0.387721965268814 0.21582753121677 0.104567730187889
1.07684571552894 1.19455465576832 1.22134565374184 1.18142700946549 1.12056389138336 1.08214362220857 1.08308349381344 1.10230130377997 1.09179238423015 1.00741828517721 0.839470757301223 0.619846066511942 0.40111688420416 0.226046823307279 0.110514366449536
0.95337086908199 1.16445837534819 1.29327560506987 1.31858008753977 1.25872246530126 1.1633263791747 1.08172744487202 1.02938449477336 0.980045938224334 0.891490207866087 0.742789433027618 0.551426434032759 0.359141422258407 0.20354652519234 0.0999616213610668
0.925924744027274 1.22057136112083 1.4344591506345 1.50824302495557 1.43561606479539 1.26897297662766 1.08483374278956 0.934570673229534 0.819954274917318 0.709890788001839 0.57780710996716 0.425235377657479 0.276404612150085 0.156744507129543 0.0770766548486225
0.907569298094456 1.24846905957176 1.5111382437115 1.6129257772856 1.52934084849469 1.31003493885576 1.04618633111965 0.814461518738246 0.64153747742701 0.510904393558459 0.395519041905368 0.28384071299251 0.182438793490138 0.102994888529386 0.0505690506204284
0.821460087526326 1.15467069567146 1.41931333635211 1.52800313859819 1.44712171980953 1.21790143959075 0.929817967340659 0.667270710629397 0.470887153847883 0.336519598970683 0.24063328544651 0.164832404265423 0.103464747786528 0.0577654138894415 0.0282224952304409
0.653915279882992 0.930754528581886 1.15553266019949 1.25251490924865 1.18821448150322 0.99214974289236 0.738154402739498 0.50112537465223 0.322585055909551 0.205590132328637 0.132371040519025 0.0842883954533391 0.0507440269294271 0.0277361800994017 0.0134147542950725
0.448665035433256 0.644521358361251 0.806700018731116 0.880138401057175 0.83804897337267 0.698459286162926 0.512984369974421 0.336806341369614 0.203048567534084 0.117014999812169 0.067073689511483 0.0386623490812802 0.0217855468504475 0.0114757694151193 0.00544771086790651
0.263366145014246 0.381399632120385 0.480971950282691 0.528223835844748 0.505419549122008 0.421885976443703 0.308283171952413 0.198784704967402 0.114992224495748 0.0614684980115464 0.0316412621510461 0.0162458875924031 0.00833864211091978 0.00413845253916326 0.00190161200879578
0.13191446209836 0.192501502421185 0.244525490572699 0.27032140630788 0.260057910482138 0.217801246096856 0.159047156829355 0.101686290687439 0.0574567661702179 0.0292374781345343 0.0138367974078491 0.0063480236618395 0.00290882322106714 0.00132368955189288 0.000576566982649024
0.0563257494661511 0.0828072945067605 0.105928805326233 0.117861660878598 0.114019942661502 0.0958902369227567 0.0701397137007491 0.0447081804028196 0.0249574819761443 0.0123353704089635 0.00551391228340397 0.00230739925143916 0.000941671143777288 0.000383895202685729 0.00015433559452558
