0.796716328582913 0.631377606586018 0.34826092890875 0.215287358693074 0.180232203059439 0.123992228006585 0.059276412340081 0.0253572225063874 0.0130796619126906 0.00609333613186263 0.00187414168805052 0.000348051377489992 3.83720590118432e-05 2.50398013353555e-06 9.66645833406182e-08
1.42031065131008 1.13907603664733 0.666783427235313 0.473019747155387 0.428065242551375 0.3025859267146 0.153866805381861 0.0775418434011131 0.0461972552469148 0.0224857269520925 0.00697438118444603 0.0012971038362551 0.000143038067692839 9.33436100841416e-06 3.60349375904989e-07
2.09518736350019 1.70415925426419 1.05264443987851 0.821900187776558 0.778787579834532 0.565742637738345 0.312009323362315 0.18602574135552 0.123536849848977 0.0618072448318164 0.0192650014905472 0.00358576752510234 0.000395467290691801 2.58077471658266e-05 9.96299018721484e-07
2.73408226577783 2.25612582457047 1.43645585508502 1.15561002547476 1.11052592819868 0.832404549053868 0.505649680048473 0.349392055405071 0.248976785807126 0.126428490357089 0.0394951411306844 0.00735301766971569 0.000810952012056329 5.29211804625791e-05 2.04299171187028e-06
3.34220500619043 2.79224150434815 1.77473726440588 1.36903002869094 1.29581648985009 1.0096366615854 0.675240564622708 0.514220217321373 0.377815295424071 0.192483410444322 0.0601045026573371 0.011185735125376 0.00123346161934297 8.04888954728872e-05 3.10717104280106e-06
3.84996395545544 3.24436735430476 2.01945153163813 1.43476155335594 1.32030437019938 1.08039137573725 0.773938461710177 0.59999013631389 0.433741800504087 0.2185581886806 0.0679556972290508 0.012628723745108 0.00139194015852874 9.08171899939873e-05 3.50572486368206e-06
4.04398837181126 3.41906102724433 2.08065911206677 1.37844682655724 1.2599636232425 1.09411636411093 0.79996468272032 0.573739958531502 0.383124664267169 0.18644015679078 0.0572934881988485 0.0106080381969021 0.00116787690247108 7.61710446844277e-05 2.94003921587759e-06
3.82571259041915 3.21737739883173 1.91649642824854 1.23549126321831 1.1756520451667 1.08534072518764 0.779534296678964 0.481472132948655 0.274227897884913 0.123344578617563 0.0368512266205992 0.00676063843673952 0.000742104357358667 4.83561181746749e-05 1.86594854900717e-06
3.40348396294074 2.81438422546166 1.62864706694028 1.05256617259612 1.07346448421293 1.04251309962946 0.737114648914453 0.40084434454798 0.18932348426127 0.074983460540653 0.021178817888463 0.00380409349456359 0.000414412528293456 2.69353151042816e-05 1.03876443977547e-06
3.05106011385379 2.46197752003732 1.36443627928813 0.868635477988049 0.934250367492699 0.952821302692421 0.704553747776933 0.396601109784806 0.186610928619365 0.0714582602225876 0.0195679338297531 0.00345203290834882 0.000372924125445105 2.41663060925014e-05 9.3173697785308e-07
2.78367582844322 2.19936226403511 1.15919636798626 0.688951132747439 0.756475850187445 0.843040080751935 0.727030579172682 0.503320238568761 0.28264823576718 0.118466691184993 0.0334406864135179 0.00594412393051885 0.000643130645860552 4.16982683751125e-05 1.60871172446107e-06
2.42329410779961 1.89064165076264 0.95337300507263 0.509725866462685 0.570537483317001 0.746822495108199 0.80157806986274 0.680762170118014 0.435256333024258 0.193632682684885 0.0559107619861724 0.0100187287226782 0.00108718208948073 7.05723118836017e-05 2.7241982050984e-06
1.89619138457056 1.46970570445262 0.716929097719827 0.345317989615146 0.406320245140143 0.646426940345314 0.83053830550623 0.794658914528808 0.540633615621115 0.247282339067573 0.0722381527070338 0.0130076183960034 0.00141446665855078 9.19020590437782e-05 3.5490600389199e-06
1.31591478838336 1.0163693852919 0.484492994337354 0.214270313435224 0.268015416845834 0.498703937725821 0.713310464237136 0.725268270028843 0.50928156134549 0.236613805523513 0.0696410780741946 0.012584226379044 0.00137068034544551 8.91255759582872e-05 3.4430759197057e-06
0.817482671863118 0.630181929762134 0.295819166905838 0.121328128369447 0.153927465899554 0.313781265156919 0.475474225201353 0.500202618219781 0.358388026078792 0.168403836290167 0.0498607298389522 0.00903663355165852 0.000985686607392283 6.41359431992835e-05 2.47848276802603e-06
