0.41482243541507 0.392581943020534 0.341759734581691 0.337071577650866 0.359314638483539 0.336630297671206 0.257151061044358 0.179934879714234 0.1495608658371 0.148869334495178 0.135658734885607 0.096266873998475 0.0506124439154999 0.0194486304103337 0.00543913068512705
0.805589519036503 0.743760833334747 0.601509585275584 0.532853239696865 0.537009841450127 0.509175595540489 0.416321610930648 0.325938610207858 0.291087693920616 0.284021860631029 0.247406867025849 0.169561994821042 0.0871343810705871 0.0329923688737868 0.00913801092968624
1.19804845054994 1.08848978486482 0.828799860447053 0.662332282859051 0.638078445864783 0.641541757724136 0.600630361466956 0.544954486553072 0.50741370136144 0.461064911346134 0.365734252321297 0.2327508064609 0.113534230139665 0.041476277448803 0.0112077413440228
1.50933871088669 1.36193943423526 0.9907355694853 0.722694558122447 0.683092664976231 0.771166240802326 0.854898424276232 0.87667912852139 0.822931850925723 0.686411482403967 0.484713081590337 0.276670630729666 0.123360068045184 0.0419930881789065 0.0107488339082556
1.84364832418514 1.66628628851957 1.18156161383961 0.807907393675447 0.759267126150492 0.948841474192624 1.16973601385683 1.26378861307196 1.17341986185529 0.923660312348313 0.600194163363676 0.31219965693963 0.1267457450163 0.0394574866664978 0.00930809970506071
2.29205396933261 2.08442922758683 1.4719730403461 0.976664966497185 0.891124212111617 1.1255775822695 1.40655831114217 1.5122122458505 1.37517972046898 1.05177175757023 0.661570460677396 0.331706550306669 0.129013149352534 0.0382127987397846 0.00852522625771506
2.71372540472455 2.49125771743438 1.78034947512172 1.17824787975001 1.02068273270274 1.20714985073071 1.43593582074781 1.48156897616087 1.3043199356302 0.981195483063395 0.617780009242642 0.313795205440092 0.12429031648053 0.0375289523956356 0.00853087905897742
2.8995263970942 2.6968142352878 1.96856703571531 1.31877883277146 1.08353080349092 1.1633607634178 1.27553969754588 1.23402273158959 1.03895006761072 0.772996017059756 0.500586973278649 0.269516765103187 0.115219378004799 0.0379533485161003 0.0094802179327515
2.79943772373724 2.63696812646775 1.9623327785559 1.32464320221963 1.03302141185331 1.00724853321706 1.01408025733014 0.918831048065115 0.747775345453933 0.569914500412416 0.402220174254924 0.244512986280152 0.119163880480173 0.0446026305090651 0.0125510227707582
2.46991136898409 2.33748249557931 1.74720365907925 1.16164672853062 0.848719967222881 0.75667245504558 0.712513325588549 0.627097968001059 0.530081346579827 0.456816975210878 0.378503279915278 0.265641374776333 0.144915330483687 0.0591490707508776 0.0177929655909908
2.0077309846251 1.88194171347765 1.38080811015672 0.874987690748668 0.581077096993989 0.470332995296224 0.426429281212865 0.395534154608775 0.395118276949708 0.419033839150692 0.402540223225435 0.306796317288814 0.175120552102584 0.0733960307158867 0.0224388804609032
1.59586567439559 1.45615550271504 1.02006335357482 0.590794309530355 0.33703703228554 0.23805438974786 0.21624246420641 0.240079983498476 0.312229562807572 0.395994020954223 0.41010489269879 0.320225411479822 0.183668517092823 0.0767769497497044 0.0233353222849958
1.36962531957259 1.20726422063972 0.795552990465872 0.409072698917588 0.187058037859466 0.104716061202954 0.0997018494768542 0.148461851231024 0.243970481759239 0.339983269209638 0.360495382686242 0.281242480565319 0.159906224042664 0.066083887095852 0.0198356157534638
1.2310754527234 1.06094112161536 0.670335703654746 0.315628429472486 0.118052511251523 0.0479110258691309 0.0465148040149978 0.0899845922370558 0.167742755666122 0.24185655907842 0.257147691104974 0.199260865968837 0.112186804849717 0.0458554070841113 0.0136045016151285
0.991165415893661 0.846810894369052 0.526206506461875 0.238933675765866 0.0811562331003654 0.025538025290201 0.0217189245158485 0.046925037770169 0.0915877815993434 0.133225315666307 0.141321138270932 0.108889743579109 0.060886465999741 0.024700815186867 0.00727013465261314
