25.8050005252109 1.96962627769924 4.86749762113482e-08 5.06341673023981e-12 1.24680303685244e-15 1.08151784383664e-12 1.85597359195717e-14 1.03652703944458e-80 3.61716095701382e-242 0 0 0 0 0 0
37.6564320473549 2.85688889721723 1.05045992002847e-06 2.43977394511765e-10 7.162682471793e-14 4.46904567246886e-11 1.02978087559521e-12 5.75113636790359e-79 2.00696992329214e-240 0 0 0 0 0 0
45.1289630946464 3.14339746052206 1.66784042519242e-05 8.7600650049912e-09 3.02779443512479e-12 1.35861738496449e-09 4.20357811612371e-11 2.34762089216207e-77 8.19247574819551e-239 0 0 0 0 0 0
47.6612911673851 2.70068871838406 0.000194818760597321 2.3248737229079e-07 9.41651858643163e-11 3.03865093026386e-08 1.26239333621608e-09 7.05023408238677e-76 2.4603151186758e-237 0 0 0 0 0 0
48.8255540145871 1.89798843691919 0.0016742038133634 4.55447322319495e-06 2.15455527196783e-09 4.99995077261663e-07 2.78914784065111e-08 1.55768765588667e-74 5.43585141311398e-236 0 0 0 0 0 0
52.0413429068388 1.14739980531475 0.0105849094738323 6.58616103640499e-05 3.6268243382254e-08 6.0527385511447e-06 4.53366730635933e-07 2.53196962028529e-73 8.83579617927638e-235 0 0 0 0 0 0
57.363078606093 0.607840468665753 0.0492342401963507 0.000703258622519571 4.4915550899825e-07 5.39062811420672e-05 5.42161944229148e-06 3.02787452034137e-72 1.05663519434906e-233 0 0 0 0 0 0
62.4203479140833 0.274352415805488 0.16848009654476 0.00554687051023344 4.09230713000145e-06 0.000353206022175444 4.76990449562513e-05 2.6639037358662e-71 9.29620571382468e-233 0 0 0 0 0 0
65.2044663974969 0.105571194565328 0.42416148998138 0.0323295518811694 2.74309584368973e-05 0.00170262144075805 0.000308739081447368 1.72425085917313e-70 6.01710582604832e-232 0 0 0 0 0 0
65.4463285296902 0.0599375823614751 0.785624719327966 0.139295585181963 0.000135274212640544 0.0060382260448353 0.00147019452981843 8.21076544409951e-70 2.86530491356111e-231 0 0 0 0 0 0
63.8182540313536 0.124499584522054 1.07053362889022 0.443834975823892 0.000490783912213183 0.015754401409088 0.00515061713101363 2.87652472495163e-69 1.00381876507104e-230 0 0 0 0 0 0
60.5107836058223 0.32378275195639 1.0732150632064 1.04616517119981 0.00130998671773397 0.0302409699784549 0.013275320170598 7.41402160770963e-69 2.58726578982777e-230 0 0 0 0 0 0
54.7223723026941 0.647569711329243 0.791542932365474 1.82475047388338 0.00257243693744852 0.0427061870577246 0.025172828140849 1.40585604991106e-68 4.90600574939642e-230 0 0 0 0 0 0
45.5153567135394 0.956103383784778 0.429500290539567 2.35579525265023 0.00371641198796997 0.0443697671506119 0.0351172329261268 1.96123272637836e-68 6.84409974415614e-230 0 0 0 0 0 0
33.4448236680457 1.03928917782549 0.171456407224364 2.25154361174698 0.00395006496457752 0.0339144494867548 0.0360420791646416 2.01288368400531e-68 7.0243457196212e-230 0 0 0 0 0 0
