17.1024299850084 0.000130948307056248 0.00013189518823337 3.07567529104328e-09 0.232757371074903 0.00778328693622757 0.00406789326183117 3.4796788743655e-09 0.000725821571644713 0.0356549411446787 2.69846377974445e-15 2.33925900463785e-47 3.68444984833156e-98 1.05896159156154e-167 3.31363413609924e-256
29.983167885521 0.00124686858482929 0.00199821805930002 7.12758837662227e-08 0.823101245579704 0.0134797129802252 0.00704607803656735 1.64840833072567e-07 0.00799920704077475 0.181391302346035 1.43314802977967e-14 1.70830943487372e-46 4.24002457775156e-97 1.43303051331631e-166 4.60707767314406e-255
37.9587810426112 0.00750852166379685 0.0191467640729707 1.05610555418266e-06 1.83953135385561 0.0147539939580426 0.00774309441375993 5.36740537191611e-06 0.0557163056032337 0.602348251488803 5.43421361594573e-14 1.02640708982885e-45 3.46237152552841e-96 1.25053222856085e-165 4.05953101841222e-254
37.8165553880564 0.0285812576755516 0.116083313992467 9.91135200024849e-06 2.59815615920325 0.0102146497746441 0.00597956843757385 0.000112570998834064 0.245261741802472 1.34759998440922 1.62218636178465e-13 4.78547241865931e-45 1.87650538779548e-95 6.94694060862008e-165 2.26287588391253e-253
33.9168171613133 0.068763179955881 0.445602820193129 5.88204248708443e-05 2.31914245398186 0.00467563654783824 0.0105547962180259 0.00149812533921542 0.682316933435741 2.1484014320173 3.97873339217461e-13 1.57091908932234e-44 6.54684688988615e-95 2.4451853833534e-164 7.97444634668911e-253
31.4378416687808 0.104578954728252 1.08407725625742 0.0002206711939829 1.30825897274053 0.00435489345079897 0.0671049821030409 0.0126107767731719 1.19963617415165 2.61379507108044 7.5052835440666e-13 3.40901219582095e-44 1.45309309364017e-94 5.44409642665024e-164 1.77622207874591e-252
31.0538320439546 0.100644380258164 1.6740086996089 0.000523281415834917 0.466406010597655 0.0289562604505867 0.341372958065385 0.0670990761713547 1.33296630192178 2.50053526786403 9.89538764875754e-13 4.75461050436096e-44 2.04302723551097e-94 7.66268858830298e-164 2.50044084875271e-252
30.9162354351752 0.0616322014841128 1.64440979885101 0.000784280991092456 0.105084506302054 0.167219452288226 1.11440791318917 0.22563757486588 0.936042099779665 1.80531535149986 8.59430457782175e-13 4.21623364813981e-44 1.81683479345617e-94 6.81692792560388e-164 2.22457213045711e-252
29.768396401724 0.0247268907500708 1.03092797424505 0.000742915473459162 0.0149629662000759 0.614685999278453 2.31691248577407 0.479527788750242 0.415415491796219 0.916723679526687 4.79080781422569e-13 2.36789734672815e-44 1.02137613572264e-94 3.8328088456189e-164 1.25078533727211e-252
26.3779260617818 0.0074142058124701 0.414375498148507 0.000444763067688176 0.00134650981013466 1.42818272921497 3.07050774199229 0.644052034592022 0.116521026410668 0.310493061701312 1.69716095712535e-13 8.41065121561626e-45 3.62914068190247e-95 1.36193261690325e-164 4.44451097098486e-253
19.6785527692073 0.00231855397728811 0.107434609059512 0.000168280342222786 7.66178637266953e-05 2.09710313354098 2.59695215248644 0.546679010517351 0.0206620022710283 0.0681619734515248 3.80712664734131e-14 1.88848764952342e-45 8.14969428210583e-96 3.05844207928178e-165 9.98089715979396e-254
11.7995551922636 0.000847998240952693 0.0181015109058857 4.02392058785755e-05 2.7919648282456e-06 1.94607760613449 1.40337147015655 0.293256733953538 0.00231912398562478 0.00956804654752255 5.40105809033469e-15 2.68004807245774e-46 1.15661362434465e-96 4.34059973888695e-166 1.41650918840554e-254
6.35199891174967 0.000259730977278867 0.00199810825648246 6.08098850260494e-06 8.58415644450402e-08 1.14131305967711 0.485045910074121 0.0994186161452206 0.000165733193893129 0.000853513229818299 4.84364340899929e-16 2.40374872895556e-47 1.03738815084063e-97 3.89317200472547e-167 1.27049618468142e-255
3.73449449547938 5.38429818669724e-05 0.000145544689559247 5.80772536020238e-07 9.54365662573837e-09 0.423012925437364 0.107312229301166 0.0213005861901648 7.74769303682698e-06 4.82466023771371e-05 2.74541558492685e-17 1.3625252116247e-48 5.88029396841515e-99 2.20679327515078e-168 7.2016409710476e-257
2.16879864624955 7.15127054198876e-06 7.02715721728697e-06 3.50545180726525e-08 2.03341000625846e-09 0.0990847177577964 0.0152055356642489 0.00288416111552496 2.64115549562322e-07 1.72586997283611e-06 9.83472124558538e-19 4.88096680173239e-50 2.10649844137784e-100 7.90540024521106e-170 2.57984546281588e-258
