11016917.1445343 0 0 0 0 0 0 0 0 0 0 0 0 0 0
17199795.8247696 0 0 0 0 0 0 0 0 0 0 0 0 0 0
23741919.8514294 0 0 0 0 0 0 0 0 0 0 0 0 0 0
32558614.4681173 0 0 0 0 0 0 0 0 0 0 0 0 0 0
42116991.4865496 0 0 0 0 0 0 0 0 0 0 0 0 0 0
46627927.0402023 0 0 0 0 0 0 0 0 0 0 0 0 0 0
43685574.2225048 0 0 0 0 0 0 0 0 0 0 0 0 0 0
36469406.85302 0 0 0 0 0 0 0 0 0 0 0 0 0 0
28959397.9967994 0 0 0 0 0 0 0 0 0 0 0 0 0 0
23337494.9430827 0 0 0 0 0 0 0 0 0 0 0 0 0 0
20036672.3033539 0 0 0 0 0 0 0 0 0 0 0 0 0 0
18178642.3833045 0 0 0 0 0 0 0 0 0 0 0 0 0 0
16278693.0051662 0 0 0 0 0 0 0 0 0 0 0 0 0 0
13149546.9897947 0 0 0 0 0 0 0 0 0 0 0 0 0 0
8872524.11691982 0 0 0 0 0 0 0 0 0 0 0 0 0 0
