7.32973298690457 0.406211711527903 0.00941324847562397 0.137678018412843 0.176784447610791 0.000240557884478418 0.00102606556194603 0.025136210423921 0.00668723664385283 0.00012849566171594 6.3816232970801e-05 5.34188004029545e-07 4.68435549735936e-12 4.30309651329453e-20 4.14083430392003e-31
10.0578651358125 0.593716311122492 0.0238942359528121 0.204073893352651 0.255690367006236 0.00034744185188479 0.00327239726024698 0.076610469418415 0.0244076561499308 0.000500560272485074 0.000417816476748354 3.4974858742638e-06 3.06698522976868e-11 2.81736376668745e-19 2.71112592889273e-30
11.7474716213867 0.784543293030616 0.0501805206132151 0.255768081192544 0.298570209453758 0.000404891598081909 0.00865341502946849 0.19027804592882 0.072153589920727 0.0016189784712844 0.00219835349471808 1.8402301690313e-05 1.61371881140924e-10 1.4823784818909e-18 1.42648059374043e-29
11.8419394522328 0.981378430793061 0.0897847789650621 0.293211120825907 0.284075191977796 0.000390675210890406 0.0191224741817606 0.387395693624077 0.173421629541851 0.00442106790267383 0.00929534823151281 7.7811298473019e-05 6.82336145776787e-10 6.26800910272945e-18 6.0316534917767e-29
10.4797982241687 1.21159639444116 0.14483865644311 0.348132012944764 0.226151220328102 0.000375558156072778 0.0355375055971983 0.651437620822728 0.341859281721467 0.0103851082546518 0.0315856035381087 0.000264403693819615 2.31858612967424e-09 2.12987675593761e-17 2.0495628454673e-28
8.32331485042081 1.50526814108037 0.226246595582196 0.458157540317211 0.16151429633276 0.000662992446874584 0.0557450620674791 0.913148781085397 0.562516343975254 0.0212905470968831 0.0862516925944923 0.000722015818784201 6.33143901532666e-09 5.81612415333281e-17 5.59680832990182e-28
6.15884005549928 1.85384394299528 0.353202896821677 0.624969733507571 0.11938820770486 0.00220387861372522 0.0740059871230548 1.07873519544106 0.796756236770326 0.0382338071413509 0.189278266914081 0.00158445622992537 1.3894277287642e-08 1.27634241647337e-16 1.22821378636351e-27
4.61612990802958 2.17484468399381 0.528346288037905 0.802827760220749 0.108484626565798 0.00741950810372776 0.0841869074519187 1.08980162704705 1.0129011981608 0.0596191569419823 0.333801597121813 0.00279426839948927 2.45032581054496e-08 2.25089416414604e-16 2.16601689982857e-27
4.07763281463679 2.33716926680698 0.705577421387462 0.928114221751914 0.129105838701215 0.0207378291719582 0.0868860835499597 0.967275987447493 1.19615160813736 0.0794331588232959 0.473075574158481 0.00396013810176926 3.47269024187755e-08 3.19004850934114e-16 3.06975738467351e-27
4.65759492113012 2.25892424709675 0.799049334977024 0.953388316495862 0.18499147815744 0.0467910332596383 0.0955842755351889 0.802555176807258 1.31370098967971 0.0889445894358001 0.538799335540208 0.00451031508765877 3.95514671210829e-08 3.63323792057106e-16 3.49623490184868e-27
6.15165614733264 1.983775152262 0.747311741737615 0.862010389299456 0.273447388688814 0.0849250999697846 0.133342827268147 0.699795388570593 1.29880196177284 0.0826359129234766 0.493148783629013 0.00412817189442293 3.62004099002247e-08 3.32540640242402e-16 3.20001116941951e-27
7.98067930114041 1.63914821758795 0.570526047086453 0.674637165244354 0.366215383886541 0.12393529719444 0.215359295038678 0.705438010752934 1.1099377602506 0.0631721399705359 0.362729818612983 0.00303642810198479 2.66267841396966e-08 2.44596342135783e-16 2.35373043806951e-27
9.29488393848385 1.32107817845779 0.353965920959126 0.447733851165447 0.414227029592806 0.145430947070753 0.326278855436775 0.773541326575267 0.796681802387396 0.0395481501023057 0.214408957724992 0.00179482690322255 1.57390417013187e-08 1.44580434823361e-16 1.39128560640599e-27
9.36735625530671 1.03925920563424 0.178341340814064 0.247412611694885 0.384023783998166 0.137245228935443 0.41628051558171 0.801202825700858 0.474009350994555 0.0202272396293035 0.101849046841291 0.000852582626094827 7.47639423156677e-09 6.86789163802916e-17 6.60891551060828e-28
8.05997854578458 0.766121451187808 0.0731362484869473 0.11234959651901 0.288413951180606 0.104191723195455 0.432378317769544 0.714350298693269 0.233738632114173 0.00844331600692744 0.0388799228586569 0.000325465324575132 2.85404253001389e-09 2.62175244099645e-17 2.52289076262257e-28
