0.497961942080004 0.414516061524146 0.253762205651159 0.163054996291022 0.167251698471901 0.190223438909361 0.171518437103845 0.118966629532683 0.0675157791336474 0.0328131198204604 0.0132298001866932 0.00409192279591629 0.000909751321297296 0.000140135535353609 1.46876166302774e-05
0.871178864896014 0.728060043298881 0.453825980490467 0.306293917766118 0.325446932215736 0.374291039405388 0.345939691896323 0.252832497254222 0.154344421248414 0.0801860524337806 0.0336883418861604 0.0106223823090299 0.00238025443707645 0.000367773748434328 3.85935731331042e-05
1.29511777585753 1.08859902702516 0.695067425747359 0.49676214309261 0.546008814982826 0.63389780746835 0.601789421584594 0.464532143716564 0.303637734687096 0.16674536598518 0.072297586391438 0.0231243652740677 0.00521207009950279 0.00080721581095413 8.4790919872417e-05
1.65049789616531 1.39944168611725 0.922537186940538 0.703023102028882 0.79552490133785 0.928851025481254 0.905491306912693 0.737147920456214 0.511799900540289 0.293824816160704 0.130467877676173 0.0421769443409262 0.00954868280777503 0.00148159144873793 0.000155754004199727
1.83082361787812 1.57407963186703 1.08224911741798 0.881441860557957 1.0156750824879 1.18382461583786 1.18032564266093 1.00772320934251 0.735758668839335 0.437231883385959 0.197651305726975 0.0644110410518564 0.0146327709731239 0.00227386723307425 0.000239207155334002
1.81601705178792 1.59851510909307 1.16070879780771 1.00343456016677 1.15288216790196 1.32215350524147 1.33482303456622 1.18321765000646 0.898468576195029 0.548011073382117 0.251074063068352 0.0823254039541142 0.0187539825350591 0.00291794866213337 0.000307147513454145
1.68715310117524 1.54565290030397 1.20131250833989 1.08081682567629 1.19645850366786 1.31433233971744 1.31603478839995 1.19143233333907 0.929357275597334 0.577498065454964 0.267220497994904 0.088037624908232 0.0201001864398226 0.00313077099898297 0.000329725730327193
1.57051729542466 1.52788466177737 1.2809980403486 1.16667475723029 1.19487826382567 1.20501362082971 1.1499613654751 1.03278065998668 0.813933545125074 0.511283279178869 0.238191000620223 0.0787573225692838 0.0180143952866285 0.00280851525006918 0.000295929658179698
1.55812388321556 1.62410562368522 1.45931938903463 1.32174792305601 1.22795765558595 1.08918576104076 0.929689994689697 0.784225761075359 0.606435966818396 0.380652517109047 0.177834484990616 0.0589379537860405 0.0135003405849235 0.00210644584655528 0.000222050817571866
1.65580531687329 1.82824040173132 1.73166487060022 1.56495898201179 1.34874779946677 1.04874883073427 0.754241412364581 0.546868666020777 0.391082166450969 0.239474906900799 0.111342826744964 0.0369062241319909 0.0084605866739636 0.00132092036365053 0.000139298092690201
1.78219497528281 2.0477237096391 2.01935724157396 1.84751229357013 1.54154302336783 1.09955459060095 0.668434105506661 0.383739074785343 0.228632257817819 0.129244615442071 0.0586984728209063 0.0193572194773993 0.0044349843548135 0.000692596679608135 7.30587892385344e-05
1.81822928297625 2.15394003774762 2.20694505597354 2.07375504183123 1.73056887055683 1.19046886335466 0.651044314964403 0.298467893795488 0.133296137093922 0.0623548639692026 0.0263744607383669 0.00853054253736015 0.00194603069458785 0.000303697193941299 3.20370904998896e-05
1.68135940501408 2.05606510584583 2.2026200188122 2.15119200478846 1.82679919551895 1.24654135450541 0.649183998725078 0.258754651527233 0.0869121745975695 0.0295210170753331 0.0104559139423991 0.00318853253291582 0.000716442921047038 0.000111429286324031 1.17474708187507e-05
1.37610150720901 1.7512763891187 1.98289324375708 2.03335303570224 1.77293276269858 1.21429942181358 0.619545238568413 0.230884167076594 0.0648243747691736 0.0156800013111369 0.00398986254850262 0.00103993168803747 0.000222914723301869 3.42696097018716e-05 3.60349207878916e-06
0.985235982361964 1.3202741332734 1.59909784963166 1.73601576751201 1.56291921686014 1.08055553290765 0.546450342495719 0.197259755287107 0.0508302013562844 0.00985517170240422 0.00170265550417627 0.000320290948291297 5.99923521077315e-05 8.8843477073773e-06 9.25896118509112e-07
