865876.32686016 0 0 0 0 0 0 0 0 0 0 0 0 0 0
1915301.06652202 0 0 0 0 0 0 0 0 0 0 0 0 0 0
3664805.89733611 0 0 0 0 0 0 0 0 0 0 0 0 0 0
6207855.41085862 0 0 0 0 0 0 0 0 0 0 0 0 0 0
9374491.14640703 0 0 0 0 0 0 0 0 0 0 0 0 0 0
12471910.7499048 0 0 0 0 0 0 0 0 0 0 0 0 0 0
14361295.9405931 0 0 0 0 0 0 0 0 0 0 0 0 0 0
14274639.7110335 0 0 0 0 0 0 0 0 0 0 0 0 0 0
12718357.8967928 0 0 0 0 0 0 0 0 0 0 0 0 0 0
11208013.5079584 0 0 0 0 0 0 0 0 0 0 0 0 0 0
10871310.270778 0 0 0 0 0 0 0 0 0 0 0 0 0 0
11469333.1718298 0 0 0 0 0 0 0 0 0 0 0 0 0 0
11837389.5113612 0 0 0 0 0 0 0 0 0 0 0 0 0 0
11037963.1721632 0 0 0 0 0 0 0 0 0 0 0 0 0 0
9002204.09000566 0 0 0 0 0 0 0 0 0 0 0 0 0 0
