0.474094209805904 0.413950461009258 0.166625569104034 0.0321575255159275 0.00868736691498912 0.0415152486437236 0.183182931317391 0.304275889928091 0.154058823423362 0.0243728325921897 0.00150787005646299 5.14417549401491e-05 8.354929349584e-07 4.59798569204988e-09 7.5794457292896e-12
1.33111431878517 1.13972226989954 0.456391246402895 0.0905027362903825 0.0311218906233327 0.105584674254704 0.34097482762964 0.533567737325367 0.277946623793949 0.0521115258364597 0.00498835504207463 0.000251941835642987 4.67487808224874e-06 2.65598399672308e-08 4.44656567939426e-11
2.69720469296162 2.24569345550275 0.885660921190269 0.181145324888525 0.0856006276679415 0.239352013487285 0.515599615314134 0.712653757413584 0.402573441583121 0.106068888357305 0.0157640501198542 0.00096670134049168 1.88732863591296e-05 1.09906787183519e-07 1.91198978062543e-10
4.05686643834847 3.23723974384415 1.23569386375004 0.264388163834373 0.176436885267659 0.464807213872455 0.723221034859132 0.835275315234804 0.549775390087812 0.214386830464283 0.0411177635809471 0.00272875011582751 5.53938120271118e-05 3.4203294679647e-07 6.6599405223869e-10
4.83643401216813 3.61897553725103 1.30436663109231 0.307327828964046 0.272548053209729 0.72578526460676 1.00515313468408 1.01455851120638 0.765393811079691 0.379094656322521 0.0812477046165457 0.00572754295495585 0.000126868021160135 9.14895661306656e-07 2.25059561476532e-09
5.11446090914176 3.55782166133536 1.2159040009857 0.355834156916234 0.326508616669163 0.884651759387596 1.29601976469078 1.25833370237871 0.974118547616476 0.528465563417343 0.12339524454167 0.00986136525414493 0.000267151589678011 2.5023176304404e-06 7.92054694513848e-09
5.2571831121023 3.5834535614664 1.30199230716533 0.498850508649076 0.327467447538999 0.848485011472097 1.43125528482442 1.40122747939297 1.02536252179425 0.591704363693068 0.163401700991918 0.0166593274038809 0.000589573579936258 6.86406759011176e-06 2.48949227515756e-08
5.18133053663171 3.81932975047621 1.6894599722806 0.738307094065963 0.301938975350553 0.660821402140361 1.33133780218149 1.34939785338608 0.92532485840942 0.614324890099973 0.222641793718721 0.0291876809749096 0.00122881205488384 1.57620154323452e-05 5.99319689374324e-08
4.7202242551397 4.00721671205171 2.17507009499757 0.958487614666993 0.267671007510081 0.436903616227203 1.0795077732178 1.19262437675035 0.820829166842156 0.668078795077402 0.302009180325304 0.0451459077864033 0.0020311388810682 2.68689623706795e-05 1.03570286628021e-07
4.13808375388581 3.93258607797353 2.42967507866676 1.04000969153737 0.225672697783105 0.259727505443318 0.811779377175583 1.04621526537497 0.766678421430622 0.690011346426096 0.34040847350729 0.053160300307153 0.00243948783447502 3.25514439758956e-05 1.25943935676214e-07
3.69067020438648 3.50716439452437 2.24434971179394 0.945031685558184 0.177792807615976 0.149522874034604 0.600637355687508 0.924102191677194 0.691553520567894 0.575980387551895 0.284374229405071 0.0448509457870184 0.00206895144209787 2.76714824377683e-05 1.07170486241476e-07
3.26467170661695 2.78255284973544 1.68150262853403 0.710478405906275 0.126410574234932 0.0874388038964639 0.432721952493795 0.757699439243342 0.53964266205454 0.361316094366754 0.169230312757438 0.0266193834381174 0.00122909070378901 1.64482509160423e-05 6.37202861623393e-08
2.74636402963494 1.99976684758739 1.0226047631839 0.427519616242854 0.075587218983981 0.0489315116247336 0.27433022133241 0.512846968320005 0.339163348268495 0.168768372724485 0.0710830025032712 0.0110598066596154 0.00051033325653846 6.83005527675138e-06 2.64612398621055e-08
2.22525169572114 1.39786150978001 0.52621408345671 0.19914841572332 0.0352972152136713 0.0230231127728984 0.136948186190433 0.262852368655443 0.163321505343985 0.05956796979563 0.0211109772327582 0.00321382495634841 0.000148020256174606 1.98078758612711e-06 7.67407413413519e-09
1.72123168932164 0.984124051741053 0.253153204311027 0.07108212678254 0.0122506364889379 0.00824243923186088 0.0503189179524498 0.0974814484081578 0.0580844002187006 0.0161459632450925 0.00446790445484947 0.000653493516076772 2.99881770648198e-05 4.011754056442e-07 1.55422128964367e-09
