0.866901824125105 0.977356841683363 0.855681252942297 0.605034063321856 0.397505366889427 0.310613045856675 0.297207203914484 0.283648653743662 0.2444489397174 0.188940097898074 0.128398171820869 0.0728933243092077 0.0328579010561311 0.0113743948505706 0.00296851937418521
1.44597358376197 1.56285254862603 1.32424168484902 0.926293177165929 0.621616950270625 0.503131757309057 0.497933992848324 0.504513333896042 0.476678006558103 0.405128325353554 0.294940088450512 0.174092902235139 0.0800217928125539 0.0279745415815162 0.00734185942671713
1.97689246226028 2.07425720847738 1.73453854859572 1.24101829174893 0.88048114654465 0.732182869751309 0.716897584857951 0.737675439265858 0.732351409906023 0.655700388924361 0.494603523545176 0.297835662452176 0.138469804289267 0.0487894479503109 0.012892996741717
2.30887659032549 2.39285897099692 2.03578237794914 1.56410513175866 1.23019004069309 1.0662650978317 1.00308409445648 0.981450523481225 0.948806203658174 0.841592877202299 0.633931572645946 0.383065978195756 0.179472005528342 0.0639693193354208 0.0171590279953327
2.34531097205288 2.4269931703455 2.14390627710064 1.81511409569374 1.60796416249655 1.48443855586257 1.37828193460206 1.2703727845704 1.14268820181968 0.956583577836995 0.69817566563606 0.419132112281769 0.198750407307589 0.0726141209856933 0.0201367778318484
2.05633334849963 2.13018264104141 1.9614158714132 1.82415236083261 1.79573695062073 1.78012575907596 1.70246952432452 1.55395635183983 1.34114559894863 1.06952574914049 0.757776111098195 0.454213989442142 0.220125057227584 0.083403826120083 0.0241670300138482
1.55783497859775 1.61897060830467 1.5519658948185 1.56293701241831 1.67111169024903 1.77016676150276 1.78435045816989 1.68222166162476 1.45816458449445 1.14619583486075 0.802184969521083 0.482436291724881 0.238183180102763 0.09273078609452 0.0276817820148459
1.11231853737099 1.15732026229788 1.1357336549889 1.19306495658122 1.33436452230902 1.48664161221773 1.58606904037989 1.56376060716412 1.37727206697588 1.07086437975063 0.73440152656725 0.436099849460378 0.215242087371915 0.0844783602751321 0.0255054467722465
0.934635887093748 0.94818590895593 0.887780137201198 0.880976011180762 0.957413148901097 1.0890424200092 1.22343731217657 1.25967676562028 1.12063653322834 0.849075690463618 0.555742392589072 0.31559450833929 0.151307797986152 0.0585630707681024 0.0175936830101068
0.995267842145066 0.976109149772475 0.832609067652649 0.707086735194408 0.669603326978219 0.730086855232034 0.847770470658057 0.912228355452865 0.827950241198094 0.619575703808029 0.389365145762796 0.209492246477678 0.0955231453596503 0.035562840392615 0.0103788821017502
1.07103984599975 1.06132750685806 0.883527329832616 0.675372981096908 0.531711068366598 0.496823659192001 0.557802098735665 0.62577055786315 0.605251672103923 0.485440136070347 0.325589937799637 0.183305029272976 0.0848442049151659 0.0311779230818488 0.00881288327275071
0.998407014056723 1.05207778330142 0.92896701488243 0.717722491479646 0.51011223973538 0.383628844624415 0.36967486288848 0.422491249724751 0.460829858687501 0.434307900268589 0.341805284805773 0.217765393909499 0.108578962118027 0.0412220184269554 0.0117053745361415
0.804832983007359 0.93221608519903 0.902857009790286 0.74036755754803 0.516697603959187 0.331300258083232 0.254362526372116 0.281271013211376 0.350542525638967 0.387962946675485 0.346836646619519 0.239938431232644 0.125293770519568 0.048675937576132 0.0139564004806386
0.581202750653761 0.740806051304234 0.779556789621858 0.676403556891634 0.478579523001079 0.284582293713747 0.178220239993503 0.176959578217298 0.238041013443011 0.290416435710065 0.277322446763446 0.19922846609855 0.106142120471952 0.0416564505914329 0.0120022957927988
0.366450879168452 0.502630557773264 0.562021981205498 0.509429203878906 0.368382695024793 0.213870332351506 0.116590917941993 0.0971765835515336 0.129095293376706 0.163691880542933 0.160770739519421 0.117325273181765 0.0630212651843827 0.0248365894053188 0.00717097191897778
