0.939809303119701 0.818118553434793 0.495173824279057 0.256621576778679 0.170910231206209 0.172500630108291 0.177476326707959 0.137460791177093 0.0741957329004928 0.0281112256867368 0.00760878045928923 0.00145977350390278 0.000191782914653743 1.65823102308406e-05 9.16132346956105e-07
1.44073717000154 1.2929922544196 0.828818929973005 0.47920367850107 0.361041127259375 0.375267532062453 0.378355878272615 0.291070570088128 0.16094719160228 0.0643384557661856 0.0186069725827743 0.00378089546358971 0.000516371691612874 4.56554464848747e-05 2.55214373574092e-06
1.97292503583263 1.81442605206955 1.21980994612224 0.777273842252583 0.6534032883809 0.69583014249638 0.685714596171734 0.522538885892042 0.295899369217502 0.124548441492164 0.0381534520615456 0.00810779213220784 0.00113859190362347 0.000102215787931493 5.75860906439419e-06
2.43499762944111 2.26787163723607 1.57522627434365 1.09304039320644 1.01540412762379 1.10444785194716 1.06256806193179 0.799333676864713 0.461643107717839 0.203078092937143 0.0651100047858989 0.0142961256594138 0.00204655871656299 0.000185604335225819 1.05101119236337e-05
2.72792584616359 2.53726625423042 1.7921661649009 1.33917103669238 1.3583508707715 1.50118796632811 1.40915442070191 1.04237872399046 0.609379029230587 0.277047603522821 0.0917971468766067 0.0206140592599293 0.00298888138371312 0.000272864857787704 1.55023533791647e-05
2.80662112941657 2.57698023121036 1.82652888478207 1.44813604868668 1.568625823647 1.74285517938734 1.59393428049861 1.15454842622605 0.676765640720017 0.31403968672384 0.106296090325302 0.0242161241686773 0.00353953270283378 0.000324471888433251 1.84716967753433e-05
2.7012758244037 2.43704489808882 1.71901939668059 1.41071514258213 1.57128683524343 1.723598869453 1.52998166039285 1.08080672319352 0.629289930991621 0.294513057599566 0.100821302463797 0.0231504828818519 0.0033983899265001 0.000312181126885362 1.77879968908162e-05
2.48526012311194 2.21222940112972 1.54852599431362 1.26806480645167 1.37791322021844 1.45354313559557 1.24446211055377 0.856039120795266 0.492188860268475 0.230021711938255 0.0788818375594761 0.0181284308623019 0.00266023369321258 0.00024413079547886 1.38942810694904e-05
2.23795640836651 1.98291593464848 1.37292418992575 1.07343512103234 1.07388679176567 1.05664080373305 0.870212440496173 0.590295425808843 0.338149808310711 0.156970165472148 0.0531906870968536 0.0120604749184181 0.00174799584726312 0.000158751266396198 8.9595077020314e-06
2.03971682353496 1.80788200669031 1.22065279271561 0.867776449421688 0.75957597071268 0.683762915661031 0.557240302125822 0.397391832823895 0.238793165100027 0.110947663655428 0.0362568715529277 0.00782786921674763 0.00108155416981128 9.42148325742757e-05 5.1366001057741e-06
1.96073997489195 1.73283457424756 1.11286925236956 0.682048898129314 0.501831326183699 0.424265302494935 0.383228011486138 0.327522912365454 0.221916671872273 0.105133452760628 0.0327230080664587 0.00651524565642604 0.000820997567539445 6.52099092259577e-05 3.25920442159904e-06
2.00976488921789 1.76148875077546 1.06060598975013 0.539706210954734 0.323522947627286 0.283599380700682 0.330710391200161 0.350829679950014 0.262292931501469 0.126607077035469 0.0384291302186187 0.00727490381413183 0.00085703840814218 6.28407773098555e-05 2.87123858541541e-06
2.09182933571892 1.81880709619793 1.03858695857006 0.444954147497406 0.215293829376987 0.216921559649091 0.327204849470987 0.391084035225797 0.304314268782313 0.14808192456092 0.0446544056496645 0.00832473422361561 0.000958919177833216 6.82589774118459e-05 3.00413764456782e-06
2.05070448378239 1.77793256009771 0.986494393846719 0.377477130011779 0.151992564693563 0.174532173333034 0.305224114410761 0.381722282085611 0.300775629885195 0.146750342701214 0.0441974580126782 0.00821078957400553 0.000940746212924006 6.64769171299278e-05 2.89755213984077e-06
1.78576174587527 1.55302190178544 0.854401631536035 0.309811933875988 0.109192641611327 0.130114093080637 0.241848344362644 0.307209706491841 0.242985128771334 0.118652074467787 0.0357279239368527 0.00663249077836034 0.000759032667547919 5.35500593572441e-05 2.32908738690814e-06
