0.00512662485041457 0.0111463576210531 0.0200897433010221 0.0308305592870099 0.0431239238258069 0.0618346817841706 0.0983314534770684 0.162623865298084 0.247982173066735 0.323413978195535 0.34959578354758 0.309676802086197 0.223899299796477 0.131941040749425 0.0633379830349156
0.0184338528261407 0.0397201823093288 0.0709949353238751 0.106588783493214 0.13989586972935 0.174990490370965 0.232743137627868 0.336313091037817 0.479629351588952 0.609903814469073 0.655037739357513 0.58113179125169 0.422301375828406 0.250557954105435 0.121220201005488
0.0486767664472853 0.102090211907206 0.18056289557457 0.268847770891326 0.344082534706795 0.399853648052719 0.462694819149044 0.573095611016461 0.736259458061117 0.8902828925179 0.938727154854674 0.830364247864483 0.606003575526659 0.362348873352719 0.176979302253983
0.103668962237986 0.200065246815787 0.341870331826759 0.503726184713862 0.640568537706116 0.724009967870784 0.772984609237605 0.838476854028556 0.946197830882029 1.05182983105058 1.06446944275577 0.92772193043319 0.676221937129588 0.406555814573016 0.200312576878517
0.212065299359886 0.341730028968971 0.529025082935225 0.74877144869912 0.941237883846245 1.05241780335431 1.07798510527286 1.06263690502715 1.05159741383172 1.04072756138255 0.978166070255563 0.821639590193407 0.590613826279795 0.35448698335431 0.175425035518842
0.460138869567195 0.599106583895193 0.781847335261806 1.00230212983771 1.20273036681056 1.30901861696589 1.28925042792865 1.17442674635642 1.02526158535299 0.881104656151957 0.738733891464103 0.577962105622406 0.400703122361368 0.236940880553038 0.116824216366476
0.945360552993248 1.07052523710321 1.18953213599069 1.33851650386779 1.47895577781747 1.52394365884379 1.42013880184563 1.19301416489401 0.920193992625323 0.672784770848024 0.478782781889651 0.329905967568982 0.211472346954022 0.120028189517906 0.0580897086926961
1.60109831828195 1.68691683722159 1.68960343475434 1.71212558107303 1.75578204191405 1.72745272948236 1.54860642418016 1.23326995343583 0.869676025585548 0.550402553948429 0.321440746670805 0.178855746366072 0.0959254494377977 0.0483732819614165 0.0219082752108811
2.10705699455566 2.13103466619881 2.00437674988471 1.90511205149864 1.89033926554599 1.86657036788656 1.71034505998397 1.38947359322338 0.979493976774709 0.594457472620673 0.311114211298179 0.142198209370395 0.0582289328627586 0.02205750022221 0.00787320176193101
2.11595762772557 2.08917237469796 1.90036293146244 1.7691430126106 1.79407157283262 1.88308444373136 1.85972466370101 1.62093323752745 1.20907078443344 0.760881874059726 0.401157725329642 0.176716781916676 0.0651597430548867 0.0202733273764057 0.00541361121407405
1.60553275675234 1.5705867706438 1.42550072287176 1.36920674731393 1.50042842869989 1.73177064366925 1.86293618139765 1.74142662247225 1.37437770985001 0.905344541239305 0.495167628126001 0.224243349754187 0.0839657261786482 0.0259886692946945 0.00665654567776813
0.910630489580831 0.896892144270595 0.843068037513005 0.885532343275421 1.09457424215469 1.40041561422222 1.62773134015738 1.61911201798414 1.35002501909794 0.936931882135369 0.539687404514755 0.257629216399048 0.101819572713496 0.0332900835739598 0.00899848979753583
0.382217018844171 0.387310669528444 0.397349024328735 0.48972591210824 0.710225818846463 1.01999454815566 1.29454505151564 1.39246137645962 1.25276321355957 0.938161207224448 0.583255753410043 0.300406785568812 0.127940998656329 0.0449776053045692 0.0130306309410274
0.118599328277168 0.129863269127469 0.162295268170119 0.261601884547077 0.466313592173647 0.767946570721766 1.08304167294383 1.27748798697647 1.25011683055673 1.0108980209168 0.673688200064178 0.369225028673716 0.166135739148815 0.0612875483979779 0.0185152313334294
0.0283358621966447 0.0390665325346735 0.072722673242385 0.162968261244693 0.348026763730686 0.636903101781646 0.968495422310691 1.21289436037623 1.24676519657317 1.04999892679767 0.723601698193787 0.407683016788172 0.187654471113281 0.0705306285600219 0.0216370662806752
