0.367445329986718 0.356019312290352 0.289207352311915 0.199071642025633 0.1186622289106 0.0636956755504965 0.0324921366748803 0.0164458155109551 0.00829050659356209 0.00407758031883476 0.00195149631176769 0.000933613425556012 0.000455644623779613 0.000221211611643699 0.000100944236238868
0.781020467746659 0.757652215789659 0.617602789837068 0.428712355313858 0.260268284258468 0.144624107786194 0.0778145607594055 0.0420339182571795 0.0227196933699766 0.0121126238925798 0.00642780807695157 0.00346651420333994 0.00188270698889198 0.000982135947029827 0.000466217986813749
1.37876940170219 1.33961142483556 1.09682214628474 0.769471967031489 0.477773609620902 0.276571204778591 0.158027774156424 0.091728139723243 0.0537498129341373 0.0316010295710972 0.0188475310865697 0.0113983102027081 0.00674338068735826 0.00370113864013489 0.00180423975750761
2.02285231919189 1.96955739406229 1.62188467072395 1.15321860669111 0.736181273815361 0.447307593921239 0.273716672644341 0.172483199127641 0.111255400606977 0.0732824563882938 0.0492186645707436 0.0328155682880055 0.0206769268558507 0.0117495553304008 0.00583159191886242
2.4692785507481 2.41163154713591 2.00143930644461 1.44815867821617 0.957079013804564 0.616313532907285 0.408505743901537 0.283469148942036 0.204555509709674 0.152047438585535 0.113671898716036 0.0817047834365388 0.0537947172700527 0.0312930422586936 0.0157238904748519
2.51402449104084 2.46784095910511 2.07168469573569 1.53530527301498 1.06127477798856 0.734048627957315 0.535056872584073 0.415401116583498 0.338656993058253 0.282103460106262 0.229832747782835 0.174276347346428 0.118189625649585 0.0698404827788826 0.0353889781679055
2.14825757807972 2.12965011064618 1.82243790947683 1.40011140056733 1.02924319517809 0.778957728296119 0.634721717936086 0.556432101570771 0.509556664967842 0.465737745649031 0.403453273644575 0.316966415474086 0.219120485547809 0.130808698162669 0.0666378545653903
1.56806657160302 1.58851842974607 1.41003183013001 1.14973024811563 0.922647451395731 0.7795830958774 0.714427509182265 0.699163833372204 0.70039141386335 0.681341437817196 0.612938990398472 0.49180402173719 0.343845652996473 0.206447137532843 0.105433202591281
1.02733714203168 1.09150648972591 1.03919142367406 0.932796719952863 0.83971821424764 0.795099461067495 0.801096857023593 0.84081824737066 0.882757218909427 0.883789601164879 0.808336996778541 0.654534970755184 0.459703587294866 0.276422208564294 0.141081401356586
0.681512256800148 0.785442485021764 0.828723204318913 0.835901657458295 0.840880611595109 0.86504661497466 0.912471511834426 0.973725671536335 1.02384391603583 1.02233810895446 0.932924416556814 0.754182764557282 0.528654982650762 0.316929514287875 0.161071875063788
0.548694076637275 0.677546625836697 0.773189982799467 0.844586895591091 0.907861908218193 0.969978153338214 1.02716761007356 1.07236341679468 1.0927715911075 1.06206065739911 0.951672374496998 0.760529252813089 0.528656510060552 0.3144939827332 0.158532230647813
0.56918060254522 0.698533422237644 0.798766644228297 0.8835980921812 0.965826141194905 1.03904095396349 1.08476848524501 1.09306514625772 1.06449200187887 0.993030363752254 0.863841379820819 0.676908343330156 0.463960051982989 0.272710078623831 0.135852924247691
0.667147384835509 0.771288456391247 0.832571133199901 0.882812990902452 0.943765809314587 1.00230667311756 1.02626854427752 0.999469625639028 0.930521015059144 0.8302113728364 0.697221315031094 0.532975598896583 0.358799309180739 0.207762240755208 0.102028177162367
0.768259905434451 0.831651959776756 0.829098561258004 0.81335152097266 0.82191980857974 0.844853271612335 0.844391780863786 0.798303336741087 0.715025132740623 0.612055310715653 0.496045329856445 0.369272401790472 0.24378083949359 0.138914659720305 0.0672014910750851
0.803338805582188 0.826697861404145 0.76480853015166 0.683542179493333 0.633907938469352 0.615633062389747 0.594846765320424 0.546745362724422 0.474048104984359 0.391447017407982 0.306974090240817 0.222722369994294 0.144243675873245 0.0809387783705224 0.0386078740094069
