1.7421721911262 0.19451628100582 0.00313185948037425 0.962357210111698 0.00191733174581381 0.244475706733454 0.0352960870625482 7.06469963088728e-06 6.59830768293349e-05 2.78972819389277e-08 8.52766588806039e-12 1.5373853785115e-23 1.63441742495625e-43 1.02463901583401e-71 3.78796939368851e-108
3.20581719295369 0.480348770331766 0.00478360666562667 1.22116293824602 0.0121442225444036 0.295390837123987 0.0445571642250501 6.19462871766783e-05 0.000578570462464511 6.78895585305683e-07 2.07542712019153e-10 3.7416232655363e-22 3.97777574074181e-42 2.49372293636138e-70 9.21899909461007e-107
4.92509918973048 0.874240502779492 0.00636582893483736 1.28792400053829 0.0559705523393485 0.259522181212967 0.0513088729554539 0.00039495536602309 0.00368884100793071 1.20137073123801e-05 3.6727773322721e-09 6.62135951769554e-21 7.0392664870401e-41 4.41301406564923e-69 1.63143916601592e-105
6.95910093555043 1.20546763666154 0.00722242942986753 1.1836608143846 0.187592245824238 0.165811781580561 0.089114242232655 0.00183101016823729 0.0171015149553975 0.000154585679309292 4.72597600355182e-08 8.52008803162594e-20 9.05783321195182e-40 5.6784816205269e-68 2.09926757119144e-104
9.85599070497165 1.35672743100107 0.00663959247695592 0.942716212737233 0.457185972945006 0.0771272160939952 0.231383925646271 0.0061722484244426 0.0576496421988141 0.00144635293017657 4.42179114640177e-07 7.97169723174498e-19 8.47483073805102e-39 5.31298926100772e-67 1.9641493636968e-103
14.0121980370576 1.43293374085483 0.00478085453633367 0.617470741650501 0.810214732029811 0.0265027858748431 0.545612746481095 0.0151288648436142 0.14132472615447 0.0098398887228071 3.0082556447222e-06 5.42334597031514e-18 5.76564033933472e-38 3.61456011955267e-66 1.33626017484489e-102
18.5251183648718 1.56587102445672 0.00273687609385537 0.315048239352025 1.04431847029124 0.00825778416356797 0.977592530527651 0.0269638787906177 0.252102028272453 0.0486761577719537 1.48813062953011e-05 2.68283291252992e-17 2.85215985645087e-37 1.78805868298506e-65 6.61024171498421e-102
21.0604388559917 1.63735229184843 0.00137343005946247 0.121690852201815 0.980488824695092 0.00726154873234262 1.30584668265047 0.0349453793723114 0.328617048918522 0.17508637248572 5.35275261010361e-05 9.65005396035084e-17 1.02591169169542e-36 6.43158308312545e-65 2.3776802849942e-101
19.8495075381561 1.44993615329441 0.000738959689887756 0.0387611135544306 0.67722377090997 0.0165892937602468 1.33120215254925 0.0329419361630222 0.321524303973379 0.457929135104551 0.000139998405401581 2.52392042916061e-16 2.68321761497245e-36 1.68214644208621e-64 6.21869667254287e-101
15.9126059375642 1.10025731445698 0.000569624012731358 0.0275720551628592 0.366100755264107 0.0356262388850928 1.093355462396 0.0226284320389367 0.273932280181147 0.870871511851163 0.000266243373228391 4.79989101941715e-16 5.10283604207421e-36 3.19903888705372e-64 1.18264688403607e-100
12.3874257920652 0.931495359828635 0.00074948186550171 0.0729052861633143 0.205838247808966 0.0620718265821122 0.779899768525048 0.0114624669479225 0.312756942197883 1.20425882677594 0.000368166548331871 6.63738326163723e-16 7.05630156925006e-36 4.42369359561737e-64 1.6353872620803e-100
11.6180620479398 1.12688702544573 0.00118142122348596 0.185474348797543 0.184420231971226 0.0865170687175532 0.503774551488228 0.00460361460470324 0.534638011137548 1.2108649963699 0.000370185706280394 6.67378506193888e-16 7.0950008684267e-36 4.44795472451648e-64 1.64435631482044e-100
13.2576584913459 1.48932541386425 0.00156065041761622 0.348305097010166 0.203673965176062 0.0948379987421149 0.283877990427087 0.00199683494742153 0.873109737905061 0.885283144872597 0.000270647965161129 4.87929792072624e-16 5.18725470832106e-36 3.25196212305233e-64 1.20221197916516e-100
14.7504977827213 1.64088248265581 0.00154416116364835 0.475962242276678 0.188000250265413 0.0799793290609816 0.129453227943803 0.00137349056904161 1.0926497661881 0.470630780644682 0.000143879754368346 2.59389419723189e-16 2.75760777597182e-36 1.72878266866472e-64 6.39110529273652e-101
13.6306175797114 1.39819719668153 0.00111739774513554 0.472948294382712 0.130556199307926 0.050864472030148 0.0451377482445347 0.00110195464185952 1.00255143527996 0.18192512552984 5.56165967188562e-05 1.00266759650908e-16 1.06595094117528e-36 6.68259470693305e-65 2.47047631693813e-101
