1.32866752031605 1.19829452338801 0.852875477711926 0.544947299400644 0.414795957765965 0.414693775073456 0.419356218208586 0.355798456443736 0.239923477457886 0.127082567677429 0.0526692980460339 0.0170145531912121 0.00426409709875615 0.000824995183216566 0.000122721358293484
1.94656712765843 1.75619225540084 1.25231923418601 0.802134956345761 0.608270435289695 0.602753371806259 0.607493532228265 0.517422898712458 0.352068530455637 0.188728260476175 0.0792504209920333 0.0259381264706023 0.00658382511078079 0.00129091103583513 0.00019523600354486
2.45475116937464 2.21918251315801 1.5937195942116 1.0364650795162 0.795519255140966 0.783611345097366 0.782015603588233 0.663604403675715 0.452678594756896 0.244314276339058 0.103563789383866 0.0342892156654797 0.00883374347728867 0.00177049225604501 0.000277818408709763
2.6766960251332 2.43147977712585 1.7723457214414 1.19002952300648 0.940544848575598 0.921922412242461 0.902486082225202 0.755150217224025 0.51213101925022 0.276725309468951 0.118190490502267 0.0397462814158211 0.0105421742679176 0.00222942499823645 0.000384582309174446
2.54666450612799 2.33526176569775 1.74762642778951 1.23577099108821 1.02013566624403 0.992285396880985 0.941914215691912 0.767968719216615 0.513380922609199 0.276929721970237 0.119941979384117 0.0418845148201772 0.0119855547606456 0.00288914729871413 0.00060233799675241
2.15343693097938 2.00827453712449 1.56707336093024 1.18909674484377 1.03008289587981 0.986484498045274 0.897461729381708 0.705659999896213 0.463196545790452 0.251736013963589 0.114120556934364 0.0441008232202888 0.0149247281610331 0.00446694985894191 0.00115603370009189
1.67921015583426 1.60926919543562 1.33057855190698 1.09234880714119 0.982771420207166 0.915684405688053 0.792050614206657 0.599460484034988 0.391469452101362 0.223391142189229 0.114528413463914 0.053778983432847 0.0227381144257483 0.0082396209535828 0.00243001294436045
1.29056679132898 1.28198371136309 1.1286278702007 0.987901434635966 0.900747222125956 0.808188714865303 0.667408404421709 0.496536650998123 0.339099217826708 0.220482876672681 0.138044452773662 0.0795750970918518 0.0392581963959079 0.0156239220710369 0.00484516928535531
1.06891768050317 1.09443055113446 1.00334824232667 0.899991775954415 0.808661949072754 0.700648052605142 0.569882266599604 0.442175083575734 0.340791877901603 0.264303537645597 0.195346574275441 0.125977193725562 0.0661030728429394 0.0271232434857311 0.00853405023654326
1.00906505562835 1.0386979911943 0.948503155986894 0.831866201221341 0.72457486550163 0.623223172400637 0.532240786700912 0.4618273750423 0.409566285331825 0.356502620831183 0.281873308027236 0.187558157643036 0.0996882361284867 0.041107149611087 0.012957655111461
1.05111416479059 1.06082379541454 0.929726659636151 0.772437007210764 0.653921685324126 0.585814541613246 0.558400397699957 0.548642758595542 0.528358487838646 0.474087933765254 0.375085931577896 0.247601783461346 0.130620606672098 0.0535882907983806 0.0168396208710855
1.11085320631151 1.08903579675195 0.904205813265456 0.705198098595397 0.589752390659386 0.574058953183762 0.619539461383128 0.662614551279171 0.653443695107684 0.576432247489066 0.442572884951443 0.284620050947055 0.147516531493253 0.0598791909843469 0.0187028743725805
1.10781455395696 1.05790823906396 0.836152416274727 0.616547708756803 0.519251719173323 0.558343781616653 0.66660639761996 0.74575584264156 0.731552667837035 0.623216006737894 0.458251592446373 0.284081521104355 0.143551868205276 0.0573700140170343 0.0177590308868378
0.997319804496174 0.933934473670604 0.710906880072017 0.502876148365296 0.43310552046178 0.51152288825426 0.655608425813745 0.749763961833918 0.72483411663087 0.594089085057367 0.416154170078427 0.246800738946747 0.120690779310859 0.0472238098294773 0.0144351459850792
0.791084127805969 0.731113503112614 0.542349088300765 0.3738814090563 0.33262167515263 0.42510725201648 0.571714592685844 0.661351287223735 0.629835081877657 0.497939563882783 0.332097104256457 0.187403318676553 0.0880281417538868 0.0334995308445012 0.0100642248650254
