8.6622210712142 0.587637956947638 0.00187257220392913 0.000100802707126134 2.93852678696662e-09 1.18889217566799e-05 0.2313236041818 0.17876949827905 0.000228081945697495 0.0196174182395423 9.48115692897534e-08 2.10224841522862e-20 0.0162433592866345 5.31634582682821e-15 7.37048645193111e-58
15.8597144720892 0.697596153706846 0.01310443379928 0.00123100739653471 9.18795427504542e-08 5.22230333305318e-05 0.539512662710392 0.609865261518842 0.000981805233770436 0.115431920554438 3.71447146917799e-06 1.30760892016463e-19 0.101034496817366 3.30679335500914e-14 4.58447896663105e-57
21.3125185830904 0.514795222347039 0.0569538006645746 0.00910825629032394 1.74017639842449e-06 0.000192064412183695 0.762310576761935 1.26025877242396 0.00256002999809857 0.411429349886998 8.81491231445353e-05 4.92671044004431e-19 0.38067012342906 1.24590855030552e-13 1.72730525618395e-56
23.168721182823 0.239052824142447 0.153045952937534 0.0408337899665681 1.99642500524233e-05 0.00106852073563252 0.652875524700324 1.57750571649042 0.00404343106633994 0.888280023010917 0.0012671389594318 1.12440239580185e-18 0.868786733721413 2.84348246241403e-13 3.94215305929976e-56
24.3199580564242 0.0850915209370458 0.255141501844169 0.110951725204586 0.000138738822779725 0.00700001855668329 0.339891599533388 1.19610032279911 0.0038684795948596 1.16168878998363 0.011033562743873 1.55443851140429e-18 1.20105486335747 3.93097443572287e-13 5.44983241593761e-56
28.2078952321838 0.106793016632253 0.282559928816866 0.183024466824259 0.00058402076279461 0.032249357185135 0.109367330536202 0.549354984663183 0.00224189802835905 0.920269396138153 0.0581959245081947 1.30173277961685e-18 1.00576794331576 3.29181305039776e-13 4.56371054114097e-56
33.792673460129 0.369651192198039 0.320936630965772 0.185532160467691 0.00148916852011596 0.0926995882969358 0.0237864920724326 0.152918182402691 0.000787003524638403 0.441596312860803 0.185932218987471 6.60429010577452e-19 0.510173633853754 1.66976511535265e-13 2.31493239181477e-56
40.2613150054733 0.911979787051682 0.669778967101716 0.126020643608952 0.00230008923119911 0.168369449685477 0.00481167217552072 0.0267610781543424 0.000167348867399534 0.12835747807632 0.359833845918444 2.03170594523604e-19 0.156755760300017 5.13051406052438e-14 7.11285262589802e-57
48.9175182622409 1.38519187222926 1.49321237917425 0.0876046768001897 0.00215194318861807 0.21582373623218 0.00130112161608202 0.00981994399639625 2.15553041508895e-05 0.0225996749866731 0.421827264442712 3.81039638111052e-20 0.0291752297768652 9.548862912773e-15 1.32383721869219e-57
54.8015300824131 1.27858594109354 2.41757327228213 0.10645346708345 0.00121955731668021 0.253473370635137 0.0014653935911015 0.0313108395886869 1.68178630163986e-06 0.00241028561705633 0.299538437643057 4.50178521372089e-21 0.00328920043606169 1.07653390553556e-15 1.49248728812065e-58
50.9720701301745 0.715436384138646 2.73082278026826 0.167708831208134 0.000418657746372262 0.315030497284801 0.00923534486147359 0.0817346759029358 7.9482724255696e-08 0.000155711338216441 0.128841493856531 3.96021849375728e-22 0.000224621679896517 7.35172146020055e-17 1.01922947050093e-59
40.7383496821687 0.242537839201777 2.13403934277998 0.258287776512225 8.70570460474704e-05 0.359586233356346 0.0430529586866021 0.129897190608556 2.27541153352991e-09 6.09337825263117e-06 0.0335694496032951 3.9464450154079e-23 9.29176634678453e-06 3.04113467971104e-18 4.21617454647056e-61
30.8784875228982 0.0498073635535167 1.12016217443519 0.315993938196704 1.09664351867505e-05 0.391023720469401 0.122123077106876 0.12505754211629 3.94577615442241e-11 1.44439933202323e-07 0.00529807336064228 4.63184455804663e-24 2.328252980372e-07 7.62022054525741e-20 1.05645370182879e-62
21.9013212902792 0.00619580823551878 0.380885173305023 0.259653183222406 8.37565150813319e-07 0.445172006843481 0.209856142327501 0.072929922299319 4.14467241365891e-13 2.07415586721552e-09 0.000506497133770068 4.18572109831529e-25 3.53384366317704e-09 1.15660404229642e-21 1.60349508885889e-64
13.0280087247057 0.000466862469425504 0.0815635418211729 0.133322602191649 3.92669652221651e-08 0.425638711708892 0.218439983151921 0.0257624351813311 2.63714041777483e-15 1.8052814793404e-11 2.93306234426609e-05 2.40161932218429e-26 3.2490004767401e-11 1.06337672036181e-23 1.47424640270283e-66
