0.995904667215326 0.76699181885953 0.342529599503383 0.104137194571808 0.0671366597611934 0.129739502752572 0.212386589916393 0.224464704202632 0.148169420392606 0.0789420890031816 0.0706269877951049 0.0749960494743369 0.050830526920887 0.0194950459070242 0.00417696789889735
1.94407226202425 1.50699437644376 0.682509593937879 0.218442638911421 0.154557138091822 0.284314484851439 0.438881492546538 0.448867268154346 0.292277651752316 0.154496754620952 0.136817155218277 0.144784976551923 0.098082666950817 0.03761528605351 0.00805930995382374
3.05544809955696 2.38097146361933 1.0903656853576 0.366068981935885 0.281470078348498 0.493181879272908 0.714247265831996 0.701911144837464 0.448135476157316 0.23158705320993 0.198237732703666 0.207654160313664 0.14049011649781 0.0538709987504355 0.0115420129381986
3.95741935855715 3.09333748055934 1.42582000284241 0.499860216067668 0.413996006186239 0.691969097878862 0.937892140449181 0.879374182304121 0.545968765579219 0.270257190613193 0.215862358768632 0.221377633993815 0.14938573119545 0.0572662270575516 0.0122690930509148
4.34325980677259 3.39879135111228 1.57131105051282 0.576604791255218 0.511452755376071 0.812950158485225 1.03016288053857 0.915880691808668 0.547242690434362 0.252729925394123 0.1784684840479 0.175650572711692 0.117933004622193 0.0451856014327432 0.00968034990815433
4.16710031954335 3.26577081612383 1.51764621301902 0.593482412687086 0.561893415171581 0.839938908870441 0.993672104733268 0.834420022439678 0.474588139870328 0.198807174421922 0.114645398280994 0.104045685303425 0.0691436653810153 0.0264649724075906 0.00566915672675808
3.6352873412971 2.864068801628 1.35085497335464 0.578161765786721 0.578812032791013 0.80327757425405 0.887067627860868 0.704814016554463 0.379325346697892 0.141574298321989 0.060403630731999 0.0464084430131478 0.0301311448534087 0.0115065434725938 0.0024643229349158
3.06917839009888 2.44009537088794 1.17880729432168 0.55589551541527 0.574322059545741 0.735628803320501 0.761287615736314 0.578746627635045 0.297113276883756 0.0997947248154528 0.0294708860236234 0.0160435742155713 0.00978733253994982 0.00371476076642413 0.000795130607794884
2.7056016758347 2.161912799415 1.06676541637216 0.544215289865836 0.564145200980292 0.662248775135768 0.64106618841682 0.473113038374585 0.237425209303586 0.0750687190541552 0.0163692985603101 0.00482589738149224 0.00240383409423563 0.000891708622423765 0.000190457832963311
2.53341925071652 2.01491390598389 1.01269662817123 0.565376812969569 0.586017559640004 0.619483281412323 0.550176611692467 0.397858727241772 0.202611407299496 0.0647744586975547 0.0127516751627036 0.0019688723514471 0.000501323329067581 0.000161419387947864 3.39217567268576e-05
2.3710686587551 1.87352987019291 0.980910124001161 0.640012952420269 0.677160574168225 0.642411798542536 0.519391153070614 0.375806602110188 0.20437451285943 0.0713832740570445 0.0151680086227311 0.00198891296812456 0.000197620997894299 2.71699925358416e-05 4.62782988059973e-06
2.12270450749525 1.68091532088182 0.953794544058776 0.756429420648595 0.819139850457887 0.717391626096152 0.548269678621304 0.413305796568914 0.247625019315878 0.0963928500698931 0.022743769812907 0.00318688283584647 0.000265287224151206 1.43256605947495e-05 7.69241701418958e-07
1.85176247905757 1.48380277392883 0.924648476366227 0.846578969625363 0.915390351999283 0.761552941211152 0.574388652039832 0.461447842853778 0.301333763152613 0.126896591340125 0.0320081724443988 0.00472223780521369 0.000402245295760486 1.96789851904516e-05 5.69633897198757e-07
1.60403487623774 1.30050157080959 0.857793718204103 0.82174308423061 0.860927843166284 0.687483771004708 0.520816145727316 0.445913836023344 0.31132589406827 0.138289499053358 0.036347567040577 0.00552708098094859 0.000480508544504014 2.36939651065849e-05 6.60036300030404e-07
1.31382835807519 1.06930855015995 0.709085642182757 0.656945155480061 0.651184903881365 0.497905928838094 0.379344898755432 0.344175157072136 0.253599836065007 0.117174004158488 0.0316858834267935 0.00491500038735143 0.000433039404586638 2.15344478080703e-05 6.01926071473374e-07
