0.805475776540128 0.772585473151846 0.664529992257551 0.611802845495955 0.62979047523098 0.622174272452014 0.523645685871681 0.383851192621996 0.293195570304327 0.270407973460418 0.25858862573693 0.208950472959909 0.130815682924772 0.0619146165027236 0.0220173842006029
1.20691567140799 1.16044752264366 0.992711131813817 0.89187087465068 0.887540088257574 0.854876106453885 0.708309132807232 0.51343400001203 0.388317176524342 0.355811103909411 0.33946134866457 0.274139996759179 0.171606506099263 0.0812185686115185 0.0288818713161811
1.59512884313043 1.5397750612913 1.31565280617306 1.16159907615109 1.12233960708798 1.05380105634327 0.857073394290512 0.610194889735369 0.45097203951567 0.405229423817634 0.383440393299135 0.308951491028381 0.193291860650707 0.09147020161269 0.0325264524010623
1.87835357572705 1.8203751597995 1.55592431912918 1.35569259157906 1.27670778023716 1.16941221738819 0.931702191190551 0.647421096324319 0.461168302227514 0.400269047141851 0.372905003347413 0.299132765500225 0.186945893089261 0.0884444343264543 0.0314485859063277
2.00138340385878 1.94353840770966 1.65877463313131 1.42736566251291 1.31380624455638 1.17574313135984 0.91671293028358 0.61839836974063 0.41853492428441 0.344362733524465 0.312668970350769 0.248916761785246 0.155269251427285 0.0734246212289665 0.0261049834261636
1.97410978791536 1.91329239105792 1.62277365051099 1.37642944554146 1.24141032830412 1.08868354286158 0.831115593356776 0.542024507059642 0.343239201538492 0.260790747306092 0.226878759961825 0.178220623771139 0.110785176850912 0.0523420322651791 0.0186048608384776
1.85714463736125 1.78749515013973 1.49823275722942 1.25135282657398 1.11237307036051 0.962753587395582 0.722555500002528 0.455173849413573 0.265688082683399 0.179157856385279 0.144280495140993 0.110282226482721 0.0680162971775496 0.0320612449411707 0.0113875726780545
1.71739862193477 1.63606829231342 1.35257258865947 1.11882993880823 0.994392214100498 0.861958374207803 0.643286472116087 0.395160777554863 0.212499399635943 0.121443735877904 0.0842473747855297 0.0601499778295025 0.0362240736025201 0.0169332210355239 0.00599525530854922
1.59108423295604 1.50099945715379 1.22980159078904 1.02215178597136 0.927884930101193 0.821704247308798 0.621688465415067 0.382489554523412 0.197336693554548 0.0965509985979389 0.0526355035923904 0.0315140932788882 0.0174339748893229 0.00785756945974494 0.00273843577347775
1.48020465464325 1.38732358735285 1.13496251810267 0.960768247169548 0.904333024427403 0.829918712175086 0.649000046751659 0.414118856383066 0.219878120851741 0.103117704383775 0.046181183663442 0.0207026146852731 0.00901939287827025 0.00351770076212042 0.00113676737877391
1.37425130072481 1.28237965355206 1.04931989926837 0.904137254144438 0.881219487520819 0.841531162991503 0.68998445170952 0.469557845320227 0.269906257067056 0.13432016428693 0.0583083577564329 0.0219501114869892 0.00717400828949876 0.00206228662053207 0.000523183366725516
1.26793656026572 1.1763617950164 0.954882941167081 0.822649607551522 0.818168318066488 0.812725977194398 0.707137473050569 0.522778100522477 0.331334272625811 0.179744316429914 0.0814858079913801 0.0299501404323291 0.00875966634361154 0.0020406995492625 0.000387032053783913
1.15876146387513 1.06490395920994 0.845384027520446 0.708001687627393 0.703647735048406 0.727112568423714 0.679399709725039 0.55116507927496 0.384285607581803 0.224944418409252 0.10678865322887 0.0398822884521669 0.0114952794498627 0.00253661082472464 0.00042938628420695
1.03663755397356 0.940922065798628 0.721846718586768 0.571763045623181 0.555399426360238 0.597737016505809 0.605605345916875 0.539484501679946 0.408275390942099 0.253122997680254 0.124286283998534 0.0471850272749618 0.0136569157965186 0.00299219250872698 0.00049504816879483
0.886268767961925 0.794399382954812 0.586736101647245 0.432249829418964 0.402635739238129 0.451587278199924 0.497838079069374 0.48271695887677 0.389495050601005 0.251409122556086 0.126245650746425 0.0484795703931512 0.0141023890795637 0.00309248112514904 0.000510060751313787
