4.89440766996306 0.214829687517207 0.0541103228905559 0.00432414862668064 7.4894678108261e-05 0.205044902917688 0.0946280392791075 0.000531359214567634 0.00108698530914809 6.23815211337536e-06 0.0037633151169899 0.00041209743205697 1.78127651356916e-09 3.03884236599433e-19 2.04611669272408e-33
7.8129823680652 0.529040924878509 0.115106442726945 0.0185079953051903 0.000380561871224671 0.246715813153823 0.114951573659056 0.00312372099480267 0.00553600027263171 5.46134072423234e-05 0.0160013230602192 0.00175188101397873 7.57244340722962e-09 1.29185231291627e-18 8.69831423824871e-33
9.96937396299498 1.05884327870077 0.189046786856 0.0607837358370263 0.00177700952785105 0.233154203681311 0.114273600993327 0.0143278791616164 0.0216033275102787 0.00039850280327161 0.0521332198356954 0.00570516386772308 2.46603675858198e-08 4.20703743690845e-18 2.83268708601042e-32
10.4862233125229 1.7155255501996 0.24151819836938 0.153458762455915 0.00673987033352616 0.190067735519981 0.115149107350333 0.0514158000058738 0.0646125360274067 0.00232456551874208 0.130199423301374 0.0142328039012815 6.15207852823846e-08 1.04953928983366e-17 7.06676951930592e-32
9.55610148693266 2.23963948981974 0.245225945243807 0.299118163274889 0.0202801824276104 0.178364867729736 0.168028874104207 0.145293337561798 0.14821242967599 0.0105956293084172 0.249477580077294 0.0272001719275682 1.17571757397891e-07 2.00576403888542e-17 1.35052325436639e-31
8.06930472868671 2.34462314761765 0.212779630914222 0.454431426212058 0.0485042087603899 0.245716139587771 0.323084871755846 0.32659426782388 0.261225879549315 0.0373427700865419 0.367555681097568 0.0398209585586551 1.72124608021225e-07 2.93643096449251e-17 1.97716093493847e-31
6.72812572180206 1.96067409886473 0.194490816236626 0.548803734252985 0.09285147168892 0.38967760575211 0.590982650219117 0.592058953826402 0.355532171628258 0.10138414313228 0.418519761107927 0.0446591792422843 1.93037521848989e-07 3.2932034702641e-17 2.2173833919284e-31
5.73212504617337 1.31093745138328 0.239730293844416 0.546098305859794 0.14311843469187 0.56281111273849 0.925952437927848 0.879989578307675 0.378846457475929 0.212346228890832 0.37269549304823 0.0383679809673567 1.65843829666373e-07 2.82928142735009e-17 1.90501489043871e-31
5.1681049345655 0.717360455087133 0.350992304875179 0.470847583798808 0.178005874130917 0.709854063973383 1.2499705870655 1.09012623582548 0.327780091888504 0.346433211204514 0.266281772427865 0.0252514811843989 1.09147983668451e-07 1.86205518532586e-17 1.25376105062362e-31
5.49213344004789 0.369353222608144 0.465054348448291 0.366260564330657 0.178165406914561 0.790219805135783 1.47715893367149 1.1394287423336 0.249634652655735 0.453229747152799 0.160129609857913 0.0127310943756801 5.50289126706035e-08 9.38788502582108e-18 6.3210610973634e-32
7.43059176708899 0.28826095518104 0.494482187973867 0.256169129720859 0.142542406038826 0.770739048985049 1.51482223104567 1.00974882536053 0.187437884011617 0.510003737381499 0.0867420028523482 0.00491709575172309 2.12532309257421e-08 3.62578285702159e-18 2.4413161113465e-32
11.1118196951128 0.422692012172865 0.40813156617823 0.15417717019789 0.0903731239745151 0.637787728510667 1.30743717762564 0.7563141220806 0.144563781815463 0.552541292969326 0.045008573438799 0.00145486676458305 6.28807634538031e-09 1.07274039665099e-18 7.22298746756005e-33
15.1931132688824 0.688307377051418 0.259524604728732 0.0760168126306325 0.0450191533938068 0.431655795619602 0.918490827407646 0.47438406368775 0.105303030489754 0.614678823686389 0.0233266668627168 0.000329783309495831 1.42517917259889e-09 2.43134335508797e-19 1.63707478882669e-33
17.2788919553911 0.939002683637817 0.12732258878877 0.0296933505807938 0.0174940420701912 0.232621945570099 0.512446207913186 0.245973742476454 0.0654607560141065 0.655392066457809 0.0127661065846695 5.72767404913264e-05 2.47445719724546e-10 4.22140255207915e-20 2.84235942119513e-34
15.7933197084995 1.00739174128404 0.0486971310944299 0.00902562217553157 0.00527410942305428 0.098280988499177 0.223745107573881 0.103930821110484 0.0330091571023406 0.598693334386357 0.00762744834932582 7.62517484967728e-06 3.29116190025998e-11 5.61469354794353e-21 3.78049165087182e-35
