4.20743818098755 0.520748371192063 0.0183906759998892 0.169965759215243 0.33526803109622 0.144345024678959 0.153374583028589 0.211386320898274 0.489668858101753 0.13590390374445 0.0310721824431405 0.000611506200789805 1.60862598989341e-07 2.76029728963404e-13 8.01775366176802e-22
6.78080019210256 0.808447506774649 0.0303944864371322 0.300576671708071 0.459309350691147 0.170103390594532 0.218070087891539 0.297233386614708 0.689496157361326 0.254656163248453 0.0909045510916568 0.0022230032737336 9.74612430764379e-07 1.74294280873842e-12 5.06748517095573e-21
8.83677828191215 0.998252625606497 0.0480017878728575 0.405796109881032 0.547320279645408 0.166432379970772 0.236507040860912 0.319505482775865 0.746886498448735 0.367287329214601 0.208391847479599 0.00707373689634365 4.6027428896866e-06 8.39436022361323e-12 2.44166844822116e-20
9.46429373761983 1.03282917115411 0.0902195198503093 0.41870429991319 0.580916763908367 0.143577002230216 0.196339918371693 0.263796006389369 0.625020131605825 0.410403444662591 0.381441170022711 0.0198312410773366 1.67491975147187e-05 3.08280613000573e-11 8.96876513065597e-20
8.6285000699585 1.01776225546206 0.198397512194908 0.331786568555059 0.564803282234569 0.118894205815076 0.128094231690855 0.173098578632586 0.41318948684667 0.361216428729211 0.574843497429524 0.0475754826352251 4.66981244469328e-05 8.6318204349135e-11 2.51147661945073e-19
7.21152500740796 1.13548094155093 0.411755996650706 0.205661579197305 0.527559971708463 0.103294357474127 0.0784135793861617 0.110744294995381 0.246020952693855 0.262787023038314 0.739529223089339 0.0936669064287391 9.94867438692308e-05 1.84259614887132e-10 5.36136769388834e-19
6.230172940425 1.45284200613441 0.712553665738485 0.106364738570057 0.488567745295609 0.0957793330918968 0.0807566365482782 0.118027262365187 0.206792534940779 0.183185316260222 0.830585256722939 0.146387188568531 0.000161751103706258 2.99859326617336e-10 8.72512692424635e-19
6.09285997521991 1.83474270652532 0.99847816132838 0.0544690659092651 0.429922736042086 0.086716472082321 0.153515783710825 0.202300310990832 0.303339576306778 0.167332926618221 0.807777965940744 0.177995195737944 0.00020058295488044 3.72013861055329e-10 1.08247406912566e-18
6.51882033585397 2.04810023262158 1.14076053989751 0.0337626002888824 0.329176198706456 0.0691439742531736 0.305163080555694 0.338227425489626 0.490764552913677 0.227080042654901 0.659631127517372 0.166619001153173 0.000189666080019642 3.51845760710888e-10 1.02379447881764e-18
7.05758782996893 1.94655988152215 1.08194871698642 0.0238573520018323 0.204582652189744 0.0467700085254106 0.519705473595135 0.473626226296103 0.709436107281368 0.340978236943996 0.439035537055173 0.119456796478704 0.000136735375062067 2.53685712014809e-10 7.38172009109251e-19
7.67936220723801 1.57936577501711 0.866011694808411 0.015769213008991 0.0995179577621331 0.0282666708145363 0.732802288662625 0.553487558311201 0.928468424642235 0.447107785167383 0.235607209289668 0.0654344000857864 7.51524544368884e-05 1.39440729301386e-10 4.0574376971843e-19
8.69953989884452 1.14065549749854 0.587712150131682 0.0088613964872697 0.0372943494545065 0.0172685732910414 0.842538143864569 0.551226829819309 1.14272162960766 0.470513382266486 0.103914854844935 0.0273537660764234 3.1489461839693e-05 5.84296105624834e-11 1.70018287797884e-19
9.99174576117731 0.802835004170794 0.334436371632705 0.00415468452500951 0.0106983805981423 0.0113174102947715 0.778845072704556 0.477890647074685 1.30694556989632 0.387774110806923 0.0398469048890518 0.00872210211766242 1.00587009352446e-05 1.86649114394154e-11 5.4311138360124e-20
10.6141300967982 0.597300667184277 0.156209474061202 0.00162651481152932 0.00234339649341162 0.00721198534676937 0.571914062429992 0.365476549798736 1.31612871116811 0.249400845412117 0.0142848048753453 0.00212095392787253 2.44946216494509e-06 4.54536139710931e-12 1.322609571085e-20
9.63068416432094 0.453863763799105 0.0585581955680392 0.000529730783469935 0.000391591215608987 0.00394528299475398 0.330521068401305 0.24618925308813 1.10601936029485 0.126040097087608 0.00489139126108913 0.000393322568141817 4.54726891113736e-07 8.43840614273222e-13 2.45540934338541e-21
