5.84371228614071 0.0432468896349443 0.00194167779310043 0.317500815996923 0.000843014037396544 0.278760264295631 0.000369325422924176 0.0465443639838912 0.000506169174180434 1.3253145233065e-10 2.40155969561697e-16 4.09179535420546e-32 4.38660877670885e-58 2.95893467958351e-94 1.2558365553075e-140
11.4914819630551 0.0868852218147336 0.00401385948166805 0.695673148350773 0.0054384932575331 0.537363939341424 0.000787981651286951 0.149086062367021 0.00346960829191499 4.10226140799573e-09 1.01533973736867e-14 1.72993019548032e-30 1.85457049783084e-56 1.25097838413826e-92 5.30942569133501e-139
18.2645695299908 0.132167237773342 0.00603328575114239 1.10211279785293 0.0254610688571659 0.767366827338807 0.00145212443239064 0.350400704908428 0.0187444109495434 1.16418122472449e-07 3.09595863920981e-13 5.27479808224291e-29 5.65483783953549e-55 3.81440306549382e-91 1.61891602510918e-137
24.2038115843917 0.166931678709463 0.00688401597284502 1.2650569382395 0.0863730521700554 0.840169934646292 0.00257889284037112 0.611880849474316 0.0760750915517389 2.52496574656497e-06 6.80844546511073e-12 1.15996774655038e-27 1.24353881285192e-53 8.38814078058678e-90 3.56011023587167e-136
27.8334817955222 0.210377167481145 0.00745900837025381 1.06538753727427 0.212076924365018 0.749466527329268 0.0043623767588512 0.808588074369415 0.226510974305516 3.99719568956211e-05 1.07988184299497e-10 1.83970948257898e-26 1.97224537373406e-52 1.33035391387542e-88 5.64631259647961e-135
28.5894528061799 0.311844799910522 0.0122949809814891 0.706056840219625 0.376595421110833 0.582905886502121 0.00627110430405527 0.827000352597277 0.48975199208609 0.000457770213660797 1.23535716486901e-09 2.10434388312465e-25 2.25592688262034e-51 1.52170696927368e-87 6.45845651720471e-134
26.287260798923 0.528147075079737 0.0274017553284883 0.486748216135418 0.483410711775049 0.40230462256979 0.00715558305820955 0.667518598742206 0.765776059388205 0.00378881425308947 1.01934558374512e-08 1.73600118382415e-24 1.86102275774134e-50 1.25532804961343e-86 5.32788584743795e-133
21.3889251703342 0.888610551123514 0.0526951981954567 0.497220162949906 0.448513092598327 0.234130903771235 0.0078070467879235 0.428012027291045 0.864472997055914 0.0226909357418964 6.06751781759408e-08 1.03288627640557e-23 1.10723848314438e-49 7.46871380306278e-86 3.16988446469411e-132
15.575476478932 1.29954833616157 0.0753385182208294 0.586336207082948 0.300919937208551 0.108607385507276 0.0173378684947605 0.215761963386643 0.704117876240942 0.0986198838494013 2.6058860233683e-07 4.43231615797067e-23 4.75109744049587e-49 3.20476962518873e-85 1.36017349763894e-131
11.0828152527236 1.50479093039909 0.0780379960070351 0.565858185430429 0.146204067998312 0.0435508554549794 0.067731834072655 0.0837301202720091 0.413696146154865 0.312800524587823 8.0786366672896e-07 1.37182119703464e-22 1.47031663853967e-48 9.91768450116161e-85 4.20927733600445e-131
9.36041135229399 1.31168177349554 0.0583384337223421 0.403277256015816 0.051604920017444 0.028332659116976 0.23045519575348 0.0244739842899541 0.175338989922008 0.731378369152567 1.80932390281286e-06 3.06251294819326e-22 3.28166102056164e-48 2.21353481610384e-84 9.39470481800709e-131
10.2320932804933 0.841564887019162 0.0314569654846428 0.208165361021375 0.0133194559578375 0.0400315475497812 0.582926364955881 0.00529869191352631 0.05367271896694 1.28204013073349 2.9321190194223e-06 4.93197760981049e-22 5.28257767432998e-48 3.56307742092171e-84 1.51224138603427e-130
11.8932064847222 0.394202016958651 0.0122336913057436 0.0775609510817036 0.00254537000732757 0.0565410669057776 1.07614652002621 0.000841279834316737 0.0120010573006926 1.72647164045864 3.44871477621835e-06 5.73090183243167e-22 6.1330156811815e-48 4.13644694361814e-84 1.75558359542009e-130
12.0486623077302 0.134834208602602 0.00343141525277334 0.0208464252136084 0.000367963556737973 0.0609433400060204 1.44501923574706 9.84668248360807e-05 0.00216847543813554 1.83591043609645 2.96089079859024e-06 4.80696416823181e-22 5.13560194033423e-48 3.46332990977733e-84 1.46988848004503e-130
9.74706479912794 0.0340443158444409 0.000694169268176113 0.00404122065159578 4.15092994971071e-05 0.0488291677660331 1.40886693277132 9.57780548733225e-06 0.000545499603371805 1.57019468958496 1.874707987173e-06 2.91292576924936e-22 3.10186819365711e-48 2.09134775663977e-84 8.87584806559528e-131
