0.0236801733532294 0.0417060301503404 0.0839124103115894 0.163918259558645 0.285927243557415 0.44710828688051 0.631870649147881 0.784695689191825 0.817134764033073 0.686978847021417 0.456150841765642 0.236607081580036 0.09534509026337 0.0297470520684366 0.00716589332749399
0.119756655840512 0.149692897382377 0.215877419505854 0.34482861472861 0.520685188205539 0.703423287625621 0.870459939701376 0.998012624621987 1.01971093219197 0.876313749443389 0.606828687800003 0.330692072442553 0.14013588117977 0.045884959397783 0.0115630269879384
0.475884236552322 0.485731224407888 0.500244440677195 0.599921164135774 0.764804946808382 0.904696465484213 0.979536806027421 1.01493989849541 1.00196692161407 0.879536843269516 0.639394552259057 0.369063688128339 0.165796456619462 0.057442948266293 0.0152805562651568
1.36103634546907 1.27354187979927 1.0555935976456 0.934508068235606 0.953388989294932 0.987561365630581 0.958858280102904 0.911054022040397 0.876765253690677 0.796425189712383 0.616114834634817 0.38089664132711 0.182986597759288 0.0675530102241857 0.0190744663936734
2.72822207930733 2.47573310731937 1.85364588242303 1.3207568609568 1.06115525880041 0.951748202400893 0.859627823936865 0.791178445270468 0.770833083645511 0.732471626843934 0.598585059290973 0.390231564519725 0.196768537325613 0.0758733817734383 0.0222768897863175
3.88012267020158 3.50771320648028 2.54237267031797 1.62899162517864 1.09775996959431 0.864631895509593 0.75213363324072 0.695751964391182 0.680246025661146 0.645194055640342 0.528502231450652 0.347437038177805 0.177309920264918 0.0692896207048619 0.0206150504479925
4.08297443135541 3.74883100490802 2.75878067413974 1.76559204137344 1.15203072190492 0.882477726547688 0.769348485214513 0.693935748912629 0.616915674777919 0.517630520808637 0.384786465881035 0.238326040306764 0.11784204685902 0.0453693872833888 0.0134188462550478
3.43867810903915 3.26099984975836 2.53372603526985 1.77196189464541 1.29698798398465 1.08468707254442 0.963123825521277 0.814514706152672 0.621773881716455 0.422013326011977 0.253250617662886 0.132289919920133 0.058362156895455 0.0209949431084402 0.00598136930862571
2.59142188061786 2.55683469709183 2.13362319417455 1.68515600614553 1.42348568101581 1.29087819300452 1.13705324365119 0.896560863874602 0.60902131187902 0.350657205472022 0.170567126019667 0.0705952345626847 0.0250787162779499 0.00761863010585185 0.00193749537834258
1.88457171639058 1.92732415850395 1.70488989516063 1.47150762330941 1.35296806024911 1.26145061403983 1.07396200916433 0.786395638372832 0.48528751481713 0.250029502772606 0.106554945366292 0.0373442422258048 0.0108056071854834 0.00261768064034331 0.000538680714363621
1.26966461826038 1.34300118243807 1.23477184926572 1.11141409738332 1.05037709942436 0.973574578499587 0.794861665463226 0.540939889405314 0.303243972760777 0.140404421391346 0.0536879190937363 0.0168334244306766 0.00428870608289437 0.000885142796497757 0.000149183562763125
0.712656333929239 0.782803101657089 0.746867377787069 0.69451820687689 0.668317059483212 0.61697940669097 0.489611082025686 0.315028091347759 0.161989735164618 0.066986350803308 0.0225444406256841 0.00622361064195338 0.0014076297894244 0.000258732434826623 3.83356334505202e-05
0.308088945268004 0.360842123106889 0.38057718788642 0.404068730748165 0.435141823668762 0.426187068966192 0.343444483689773 0.217200413090407 0.10622648620138 0.0401814837015024 0.0118455885908907 0.00275549600280541 0.000513238551541511 7.75462500367766e-05 9.57127014161916e-06
0.10468756655418 0.150320025581554 0.219032506720154 0.322358711390537 0.426525726447269 0.459566877220624 0.38495315168141 0.246461719138206 0.119954798896357 0.0443296676866532 0.0124465978269756 0.00266012863550813 0.000434204825060947 5.44183296021006e-05 5.27926960104014e-06
0.0365612070210244 0.0821702547534164 0.177192973422694 0.325026791909616 0.471936109293465 0.526791679756182 0.447437627766049 0.288191686560403 0.140607152870631 0.05194822319055 0.0145329927412465 0.00307896910264912 0.000494106833362727 6.00864483186959e-05 5.54074715033981e-06
