1410682.0171837 0 0 0 0 0 0 0 0 0 0 0 0 0 0
2145581.9809219 0 0 0 0 0 0 0 0 0 0 0 0 0 0
3026342.02502307 0 0 0 0 0 0 0 0 0 0 0 0 0 0
3969525.83630703 0 0 0 0 0 0 0 0 0 0 0 0 0 0
4862785.49899006 0 0 0 0 0 0 0 0 0 0 0 0 0 0
5600350.5828419 0 0 0 0 0 0 0 0 0 0 0 0 0 0
6121043.32923168 0 0 0 0 0 0 0 0 0 0 0 0 0 0
6427523.50805477 0 0 0 0 0 0 0 0 0 0 0 0 0 0
6573377.83437024 0 0 0 0 0 0 0 0 0 0 0 0 0 0
6623507.87558601 0 0 0 0 0 0 0 0 0 0 0 0 0 0
6610811.93555712 0 0 0 0 0 0 0 0 0 0 0 0 0 0
6515449.88334186 0 0 0 0 0 0 0 0 0 0 0 0 0 0
6278872.34465531 0 0 0 0 0 0 0 0 0 0 0 0 0 0
5842949.30161586 0 0 0 0 0 0 0 0 0 0 0 0 0 0
5189987.47115171 0 0 0 0 0 0 0 0 0 0 0 0 0 0
