303.582004026578 1.64866599188925e-09 5.18627642829361 5.63284130476207 0 0 9.58398008597505e-85 5.2972408503987e-31 1.87168242122629e-133 0 0 0 0 0 0
446.566094187904 2.95444643972808e-09 10.4267401509205 9.77797623178459 0 0 2.91499280568985e-84 8.59071136350021e-30 8.74996353519433e-133 0 0 0 0 0 0
522.328439233059 3.71067451077882e-09 14.6917908829402 11.8960761824632 0 0 6.21387295959121e-84 9.76431617675737e-29 2.86690711835296e-132 0 0 0 0 0 0
532.617922957481 3.26635135420735e-09 14.5088912005536 10.1435925118244 0 0 9.28368830822497e-84 7.7783563964774e-28 6.58346151231467e-132 0 0 0 0 0 0
528.154385209499 2.01514469320435e-09 10.0421570276224 6.06196117162718 0 0 9.72102433021841e-84 4.3427731173887e-27 1.05956664218431e-131 0 0 0 0 0 0
539.015061250572 8.71330406181503e-10 4.87139213184964 2.53902983622912 0 0 7.13406081854171e-84 1.69933789243373e-26 1.19518614917762e-131 0 0 0 0 0 0
558.921962229374 2.64054031222085e-10 1.65619881950117 0.745342278250956 0 0 3.66939853232148e-84 4.66042625808916e-26 9.44878841632153e-132 0 0 0 0 0 0
575.262780200597 5.60836193262441e-11 0.394643677405367 0.153347608326014 0 0 1.32277584762972e-84 8.95787169448378e-26 5.23540152075806e-132 0 0 0 0 0 0
578.520653282692 8.34857901181055e-12 0.0659069366516434 0.0221121797205615 0 0 3.34203449714027e-85 1.20675007081687e-25 2.03309261918722e-132 0 0 0 0 0 0
559.271341254044 8.71008491162677e-13 0.0077141912398561 0.00223470089162512 0 0 5.91791739102645e-86 1.13936566159742e-25 5.53347090568453e-133 0 0 0 0 0 0
527.080962184571 6.36891589874011e-14 0.00063282404769618 0.000158285286708191 0 0 7.34446501981693e-87 7.5394943163497e-26 1.05553198050545e-133 0 0 0 0 0 0
512.3308201819 3.2639382780356e-15 3.63838661725259e-05 7.85769179526171e-06 0 0 6.38829162044585e-88 3.49666968222004e-26 1.41116715460056e-134 0 0 0 0 0 0
520.666049745159 1.17233480602963e-16 1.46611492574577e-06 2.7339006713726e-07 0 0 3.89441830342594e-89 1.13658074954373e-26 1.32226597050545e-135 0 0 0 0 0 0
507.228928746 2.95117306832207e-18 4.14057335227733e-08 6.66659037763253e-09 0 0 1.66392505180979e-90 2.58928158286482e-27 8.68345346063959e-137 0 0 0 0 0 0
424.988024450669 5.20680120834894e-20 8.19570369491571e-10 1.13935249786389e-10 0 0 4.9826252142962e-92 4.13420079995537e-28 3.99668056849401e-138 0 0 0 0 0 0
