0.0875273587800493 0.0809969533096659 0.0682695400699704 0.0696628575992378 0.0921406802088108 0.128385938056138 0.174202992434511 0.233068732131673 0.294225355023005 0.322042131197128 0.287622206150307 0.203683387424751 0.112970418362332 0.0487285465150328 0.0162442234287616
0.214339723168658 0.199769993558715 0.171934744587046 0.180437865605252 0.237959886349244 0.314791568082992 0.384585794218951 0.450922104138 0.512290512311984 0.529377142823384 0.46229117733189 0.3261941746364 0.18186189080642 0.079119479654444 0.02661538011738
0.426843375548972 0.397931648014155 0.341282279514533 0.354767643459 0.462097355727288 0.597224011548982 0.691125548579201 0.736774349730037 0.749423571517358 0.708364146291564 0.58424639105748 0.39902217594318 0.218642556283896 0.0943151368189345 0.0316112580397066
0.737367986856618 0.682693905338548 0.565543269464599 0.550691426174267 0.688916274860989 0.882943883063677 1.01056216362806 1.03134710928678 0.963857928919247 0.821515110865734 0.616459864381228 0.39112381269941 0.203275515484032 0.0845643066092177 0.027667128401119
1.13993785046869 1.04983961987878 0.828571746726751 0.720417598990444 0.82988141477329 1.05688876999017 1.23289466837793 1.2586569384495 1.12540552426906 0.878044404860265 0.58948816980716 0.334669564346744 0.157884809255191 0.0608032538813345 0.0187735147094865
1.57862045138874 1.46402640321258 1.11915505715759 0.865011548292025 0.882270388496977 1.1011993499534 1.32605764193141 1.39113600841925 1.23744313008298 0.922472140325989 0.571736385358488 0.293152988123293 0.123830073495389 0.0428074078760441 0.0119843848352009
1.97858827664542 1.86966006807174 1.4215230296265 1.01426632679063 0.908797413066327 1.08298798019721 1.3361689785719 1.45573241543935 1.33154800668992 1.00484027049216 0.620711604975808 0.312547289290616 0.127718012818571 0.0420495674112665 0.0110422518668604
2.29372659836707 2.20306624986755 1.68129309166091 1.14939477868087 0.930882148716655 1.04445496217127 1.29963730516045 1.46898796436852 1.40703123877226 1.1159560221049 0.724893718369931 0.382500267497904 0.162431677010995 0.054873306276579 0.0145615081127559
2.44725031264181 2.35169316530397 1.78464370271072 1.18852167833382 0.90868578898509 0.977389830425826 1.21782066641697 1.41382397765652 1.40890595742752 1.16933447768001 0.794774368434575 0.436656698292829 0.191523264385521 0.0662209798824014 0.0178327226530685
2.31910206313672 2.19719381550644 1.64251866417162 1.08118952877561 0.824615433682711 0.888090872542963 1.10904652712071 1.29940869057972 1.31536189266449 1.11069381946934 0.765734970068936 0.424472964889827 0.18683213748412 0.0645478970893537 0.0173194816872719
1.90377092667066 1.77241872947817 1.31323648235441 0.888410664488029 0.732203406330448 0.827719111195626 1.03101321739705 1.19246390717042 1.19525846478941 0.999583627087166 0.679916334520839 0.369998143905214 0.159245105812374 0.0536925883690962 0.0140581332780724
1.3952446112403 1.28979760166969 0.97325419794209 0.722369282372184 0.688438798834048 0.824228772309622 1.00550729618557 1.12392186176879 1.09675417889162 0.897834026475917 0.597760081455922 0.317333263215789 0.132695503245447 0.0433228287173145 0.0109599130506245
1.0308860610242 0.962688016146447 0.756325610065126 0.622972462325882 0.660995034956688 0.80703525459754 0.951515255126343 1.01886477973151 0.960859109955678 0.768176478911365 0.50262042988038 0.262762075760878 0.108117491157669 0.0346518516075169 0.00857931777840911
0.865786572219776 0.817882977473719 0.64938554714842 0.537760106441671 0.565921720678255 0.676429808172078 0.773557178009247 0.799421169671171 0.728929296478884 0.567210796646649 0.363919190794979 0.187650225907448 0.0764364680084504 0.024291901215261 0.00596374725602407
0.750302481543526 0.707666490474131 0.544947914195565 0.412640863566804 0.390807012011182 0.443736318452548 0.4972782141868 0.503901309922923 0.447378232174411 0.337843110050144 0.210767928402483 0.106209483726505 0.0425256053238302 0.0133522164101441 0.00325048008812862
