7.38282314583028 1.24944240009946 0.0138206594399141 1.23585716172204e-10 0.000268600297182795 2.09795410360776e-05 0.403328158317664 3.26456298550893e-08 5.89306459545528e-08 2.27857378120649e-24 3.41246983756478e-58 7.6245627073427e-113 2.54138908160502e-188 1.26368106750877e-284 0
14.4034830104237 2.56461335779124 0.02578888873068 3.35159603393174e-09 0.00253324473859846 0.000181549600398178 0.903202256478974 4.62889853169826e-07 8.31936042526838e-07 1.21298167691767e-22 1.81669589540672e-56 4.05908694700859e-111 1.35295880490021e-186 6.72745641053872e-283 0
23.5272567827442 3.79402508033576 0.0338949261334791 6.44033553326363e-08 0.0168195872618864 0.00110825689050445 1.46298208290719 4.68099681630106e-06 8.29254490999894e-06 4.54598578742479e-21 6.80866500853426e-55 1.52127625391691e-109 5.0706578333813e-185 2.52133541858619e-281 0
33.1644375798324 4.05886894771883 0.0313937847768058 8.73186429091862e-07 0.0786180487703128 0.00476485051749455 1.7132480613353 3.47621567270233e-05 5.88351310366203e-05 1.19942352224735e-19 1.79642056356484e-53 4.01378528973598e-108 1.33785903569504e-183 6.65237427295326e-280 0
41.0999490205428 3.1497088290005 0.020509463535647 8.34081884273305e-06 0.258703390086444 0.01442343659685 1.44793773231652 0.000205508693598346 0.000305793377083018 2.22784266597183e-18 3.3367247830445e-52 7.45532372636884e-107 2.48497901391487e-182 1.23563170856846e-278 0
44.8624702729887 1.77700949851127 0.00946690857963624 5.61038786065948e-05 0.59933851562543 0.0307372144297577 0.880682161114695 0.00112065979395895 0.00127249887345054 2.91315166227083e-17 4.36313926063412e-51 9.74866606216691e-106 3.24938680965206e-181 1.61572606968814e-277 0
42.8722532298276 0.729735880536359 0.00309728856534684 0.000265695075037073 0.977748941923865 0.0461135792944068 0.38422974227406 0.00614662769596919 0.00506645002877803 2.68168691206375e-16 4.0164658726196e-50 8.97408544703836e-105 2.99120666297757e-180 1.48734849628913e-276 0
36.180571298391 0.218563601173149 0.000722388153258191 0.000885838395665383 1.12496774317822 0.0487034793781758 0.119840001402348 0.0306264024034981 0.0214219283145888 1.73787841690586e-15 2.60288754981893e-49 5.81569370235247e-104 1.93846402009181e-179 9.6388242948219e-276 0
28.19765236501 0.0521770797155078 0.00012131384262043 0.00207920533504 0.924367715708294 0.036212422531419 0.0266559165947977 0.120142797667271 0.0839410983830061 7.92860954721122e-15 1.18749844487977e-48 2.65325608396762e-103 8.84372822588725e-179 4.39745806973744e-275 0
21.783465431047 0.039457692202137 1.4906420645353e-05 0.00343566339883606 0.5988067367046 0.0189549009816272 0.00429425317998641 0.34467589970787 0.257866344706025 2.54648423922477e-14 3.81396770738061e-48 8.5216389691257e-103 2.84039899267399e-178 1.41236084517457e-274 0
17.3835611781232 0.151550872497784 1.3729940962641e-06 0.00399666453847087 0.496180325344897 0.00698476555299829 0.000718254399222561 0.704602612382471 0.576021597489141 5.75772970267186e-14 8.62357395454878e-48 1.92678568625559e-102 6.42228583276927e-178 3.19341932950889e-274 0
14.40694492312 0.503776395629356 1.0700967773279e-07 0.00327319323971043 0.783597052544498 0.00181196140714251 0.000528846110104944 1.01828888985428 0.913923038282441 9.16490298527519e-14 1.37266288568572e-47 3.06697340816385e-102 1.02227144457403e-177 5.08314559039181e-274 0
12.7942326614254 1.19577371250732 3.38354051978314e-08 0.00188743186558195 1.29985095471261 0.000330915526615962 0.000690266034411161 1.0381819495857 1.02324447303463 1.02700081869006e-13 1.53817875615508e-47 3.43678946325813e-102 1.14553706919979e-177 5.6960719511828e-274 0
12.192882463199 2.01800992133635 5.50626271705999e-08 0.000766496269823842 1.61778183203938 4.25499881200199e-05 0.000678408479221499 0.746482081483438 0.807030129463506 8.10177216687766e-14 1.21343368063439e-47 2.71120379947981e-102 9.0368772590309e-178 4.49349955278226e-274 0
11.1384633722556 2.42310854080671 7.41863695175085e-08 0.000219390602485863 1.43039790927086 3.85590268475729e-06 0.000470703492253939 0.378664948772274 0.44816620377731 4.49941012072837e-14 6.73894016152273e-48 1.50569746513345e-102 5.01873123084869e-178 2.4955154192026e-274 0
