675219.149569126 0 0 0 0 0 0 0 0 0 0 0 0 0 0
2893063.54416735 0 0 0 0 0 0 0 0 0 0 0 0 0 0
7461692.85726538 0 0 0 0 0 0 0 0 0 0 0 0 0 0
12400084.5508247 0 0 0 0 0 0 0 0 0 0 0 0 0 0
15335391.8519917 0 0 0 0 0 0 0 0 0 0 0 0 0 0
18652873.2946555 0 0 0 0 0 0 0 0 0 0 0 0 0 0
28739167.6777548 0 0 0 0 0 0 0 0 0 0 0 0 0 0
47769514.0243635 0 0 0 0 0 0 0 0 0 0 0 0 0 0
68171162.1841341 0 0 0 0 0 0 0 0 0 0 0 0 0 0
76749293.4445637 0 0 0 0 0 0 0 0 0 0 0 0 0 0
65803985.6428002 0 0 0 0 0 0 0 0 0 0 0 0 0 0
45109646.6603495 0 0 0 0 0 0 0 0 0 0 0 0 0 0
31442981.2958674 0 0 0 0 0 0 0 0 0 0 0 0 0 0
26887764.4240528 0 0 0 0 0 0 0 0 0 0 0 0 0 0
21072130.8681052 0 0 0 0 0 0 0 0 0 0 0 0 0 0
