0.555321612220697 0.555140684206358 0.531756429523879 0.54749806612218 0.637483751036983 0.776335219797944 0.889736965002469 0.904280966498854 0.797870340750625 0.611121190139813 0.413514905173335 0.25714524619707 0.155729491954942 0.0958376088652796 0.0590558563554901
0.798816419791459 0.79058995502483 0.73914947774255 0.730939606652834 0.817703717207558 0.971675758746754 1.10101695970113 1.11430734504087 0.984037774266614 0.759810712458552 0.525301182694609 0.341166718771617 0.220693697128134 0.145667871839161 0.0945497777653825
1.02805742060735 1.00939684153978 0.924158045991126 0.880208473912697 0.945971953629846 1.09564346325465 1.22726111408031 1.23789425293011 1.09614335261133 0.856166950217798 0.608320971093475 0.415413840085775 0.287432789606412 0.201917365257407 0.136573734283069
1.18821494062186 1.15998224972238 1.04345086946006 0.959924731480778 0.990945508558794 1.11717318785849 1.23676715684119 1.24454953373372 1.10741516104504 0.878269590721166 0.644833665859435 0.464961965167767 0.343088832583069 0.253988522950446 0.177289277146181
1.24207182646673 1.20881895066465 1.07198262919704 0.954990903686737 0.946107361113062 1.03571761750972 1.1322414932497 1.13766446643358 1.01945867453946 0.82383548576494 0.627592102897831 0.47816021244054 0.373762620265409 0.288568269696341 0.206186990020535
1.19002204999669 1.15839342011568 1.01633807814251 0.878488604000603 0.832855374231878 0.880820203795017 0.948260476391466 0.951284439989169 0.859757554496902 0.709640808957824 0.561771972739445 0.450799476360563 0.369903458996349 0.294944955941923 0.214333660425592
1.07128342096037 1.0471634739694 0.912399313042972 0.766006390814381 0.690803319696454 0.698615277194311 0.735488787580191 0.7346305671505 0.669270890777929 0.564104960402762 0.462965121666269 0.388490771050208 0.331170873467103 0.270363873829629 0.198813369058048
0.945818294959414 0.931911324503731 0.809257034401787 0.660459830155376 0.561894708200729 0.534220967617867 0.541987358102916 0.534400870561454 0.488078895826128 0.417705847787747 0.352377600633321 0.30554803223196 0.267462223331272 0.221818509540153 0.164385848087118
0.868753801855205 0.86392003170664 0.749494554539172 0.596380368571092 0.47695232266567 0.418870722406075 0.400470980654091 0.382849764459005 0.345240281389659 0.295012293656933 0.250718355093485 0.220124083297016 0.194888939454607 0.162805975758721 0.12111002055014
0.870172355124333 0.870609641164194 0.754877471306655 0.58994458868769 0.448868155725817 0.364750634447108 0.323772567714026 0.293442149938555 0.254395654561681 0.209872712959018 0.172575450228355 0.147727371724728 0.128979456031662 0.107143194216755 0.0795627323341807
0.945737409966993 0.947045704410414 0.820080598491175 0.635431572882446 0.471467679092923 0.365457456380009 0.30596653904363 0.261795506010582 0.213799267385405 0.163956965046 0.123191669433025 0.0964690975204819 0.0791838102020903 0.0637678621653914 0.0467550585967746
1.05825412127169 1.05721258964818 0.913925602382796 0.70694955779219 0.522172324761293 0.399640193175715 0.326553536232426 0.269679417846871 0.209413428132906 0.148486067923107 0.0987505598581449 0.0661887932498084 0.0473526874755248 0.0351168271628907 0.0248015576783094
1.15032235855425 1.14570201645979 0.989011164174201 0.766156606543518 0.568760202986613 0.437675875487041 0.357257892417082 0.291506757940922 0.220505687534914 0.148648025647353 0.0897364289094626 0.0510788241970681 0.0298656527375512 0.0188190940718734 0.0121515407624118
1.16695340689478 1.15933741714178 0.999858865832328 0.776410768623057 0.580646166891981 0.451574031600566 0.371320846124415 0.302862723587631 0.22692497107198 0.149444384703693 0.0856418567381788 0.043688842951297 0.0211438785844908 0.0106337368416696 0.00578129247211065
1.08007510191392 1.07107301753681 0.923279835324023 0.718677319565735 0.541262763697272 0.425363525687768 0.352809727148021 0.288737817798487 0.215881556656201 0.140909957490806 0.0789598233100165 0.0381670444249112 0.0164148724551723 0.00673553901854702 0.00289340571923385
