0.120503203902833 0.00436121319394158 1.84194124089721e-07 1.16278712924113e-05 0.0520826083863466 0.0369764341337958 0.111191848924394 0.0210449164071438 0.00213576844891371 1.35220394807252e-05 6.43937972846855e-12 2.30621028697915e-22 6.21164755840179e-37 1.25825232122784e-55 1.91682165268022e-78
0.443494565456883 0.0235043759190676 1.28430943348238e-06 9.23529738686749e-05 0.179322119707815 0.120198515767458 0.333672114617997 0.0632761057828965 0.0167798912713974 0.000106246525293134 5.05960452325294e-11 1.81205527420376e-21 4.88066885454778e-36 9.8864477703227e-55 1.50610150559898e-77
1.20234884564143 0.0929055565581866 7.47019326420451e-06 0.000797629398912009 0.450043353966085 0.267533933286719 0.682372860462819 0.130061508390012 0.0898467038538718 0.000568908062069601 2.70921782734713e-10 9.70283829585743e-21 2.61340486382866e-35 5.29380121023256e-54 8.06457704354283e-77
2.60815947966207 0.27385362220847 3.9653960491999e-05 0.00627428672005036 0.865642096393272 0.410166214256534 0.950995487606818 0.18366786283618 0.327852756128408 0.00207598522024535 9.88612491717819e-10 3.540633406283e-20 9.53649672690598e-35 1.93174500487895e-53 2.94282044256077e-76
5.0166785195405 0.62195060702527 0.000189592908482933 0.0380725044537835 1.33534341210619 0.438807854514232 0.9032127539237 0.180424092915353 0.815293034338511 0.00516251400418244 2.45845961880399e-09 8.80476863003234e-20 2.37151485585787e-34 4.80382063559516e-53 7.31814061023574e-76
8.89298533419141 1.14397184074648 0.000738749316015419 0.164821450285893 1.66106179122643 0.336260764130609 0.584597037983124 0.126920447720517 1.38167129374135 0.00874889178380891 4.16634165880449e-09 1.49214060946361e-19 4.01899671764434e-34 8.14101557024619e-53 1.24020235501151e-75
13.7863343706649 1.80004656360785 0.00217397197209464 0.494361798216815 1.61455993734413 0.193404803465144 0.257857210495559 0.0676970010930789 1.59569927521079 0.0101041471680686 4.81173276722064e-09 1.72328206657849e-19 4.64156321812323e-34 9.40210731278514e-53 1.43231707773708e-75
17.638214016093 2.48994179223732 0.00502148412332316 1.0169604143091 1.23028238760497 0.0909109568165858 0.0775234680025288 0.0295829580791367 1.25589220959593 0.00795245276163398 3.78706652787643e-09 1.35630637613293e-19 3.65313485822079e-34 7.39991342377017e-53 1.12730285009927e-75
18.4729944562953 2.96692431118239 0.0125815893541958 1.43252755755255 0.910497828853273 0.0457189089043238 0.0160730879199108 0.0112081089530877 0.673610089438998 0.00426537627913207 2.03123039138684e-09 7.27468268897243e-20 1.95939482267654e-34 3.96901636909502e-53 6.0463997465147e-76
16.5902665259614 2.937747894919 0.0475012974218999 1.39700186640733 1.00235509657795 0.0428985204092678 0.00407840067013155 0.0053089321851633 0.246218056560726 0.00155908006033498 7.424552006465e-10 2.65904154367885e-20 7.16197868240233e-35 1.45075460527829e-53 2.21007964237996e-76
14.0042232708393 2.43889140554659 0.186724393397739 1.00665150380579 1.37820006711336 0.0575091498078138 0.0123023022354041 0.0135341715528544 0.0613327840881486 0.000388359829298012 1.84942250443652e-10 6.62355286464309e-21 1.78401667063492e-35 3.61376445754612e-54 5.50520896567953e-77
11.9822105867609 1.90123477374199 0.550109381733789 0.692399774369919 1.585550297919 0.0625695452745565 0.0535290435055903 0.0566273080000921 0.0104158160158558 6.59257383477591e-05 3.13947362410476e-11 1.12437636432602e-21 3.0284444300779e-36 6.1345193815785e-55 9.34532715021862e-78
10.1792314916582 1.66980617099839 1.12181264509667 0.642035642673334 1.38256475543811 0.0476165493726921 0.161413450628179 0.170433215945259 0.00121796205832672 7.6265921855302e-06 3.6318872362141e-12 1.30073020360568e-22 3.50344356669661e-37 7.09669368495364e-56 1.08111035348489e-78
8.00860656088947 1.63885044166473 1.56277145695183 0.654185248920053 0.937239846376793 0.0248032001052427 0.331782475520148 0.350295488162097 0.00012276789797437 6.01258145756479e-07 2.86327254955507e-13 1.0254572469168e-23 2.76201135690873e-38 5.59482354466076e-57 8.52315448372529e-80
5.57247661883344 1.46396588006239 1.48419232075728 0.521676462226716 0.51203655154944 0.00883243819558433 0.464754710970082 0.490685989311824 4.40630635680842e-05 3.23034666595631e-08 1.53832408551528e-14 5.50937975441118e-25 1.48392041666866e-39 3.00587934398379e-58 4.57915675154079e-81
