0.452805381165078 0.387032670172269 0.250410212329057 0.168709705174502 0.163396867903972 0.186090052378691 0.196329969788428 0.187925006789127 0.180989709941938 0.184989891055729 0.178447482282815 0.142060538456556 0.0872091444271323 0.0397146653830771 0.0129726976213026
0.903419795919472 0.776628873626128 0.511222080945982 0.361423078987248 0.367952009654267 0.420211109559539 0.425940945125134 0.380503834335945 0.340228988679705 0.335336297363654 0.327444538617363 0.269642373748468 0.170936080307455 0.0794631822959329 0.0261943698929365
1.34104102074801 1.1585899366735 0.77087984115328 0.56161550498283 0.593657388381104 0.686167963846446 0.684450279228443 0.588639443420764 0.49865016936987 0.468618018463049 0.449664984580732 0.371487312730271 0.236808960747488 0.110033618640717 0.0360440373166984
1.5517672281727 1.35180157717132 0.910404532718631 0.675877597577452 0.730403676949922 0.858582018070679 0.865598782549038 0.747576996818018 0.62038010300983 0.547508435963894 0.489395829608003 0.384644392429312 0.237082264548816 0.107193599671703 0.0342561691632334
1.62411540260075 1.43115945547143 0.975648267176385 0.722412411946291 0.771625728835474 0.913445003636927 0.942144407749163 0.83412446752722 0.686521655031767 0.560151215193056 0.443452960870816 0.312284517849543 0.177529298667883 0.0756512011965101 0.0230808973978257
1.86116451679952 1.64526719224517 1.11290748168471 0.787606025298201 0.797936373075872 0.933684594685236 0.97450993632728 0.870675159211046 0.699498957674446 0.52578749203194 0.364986185648668 0.222906966592451 0.112321386021994 0.043694195511194 0.0124440536514893
2.34709162228435 2.0657948847271 1.368505319982 0.907096070338082 0.85241417647302 0.969193145691675 1.01052647840582 0.906565671012205 0.722394904838514 0.526666257157451 0.346617230829839 0.198005489366002 0.0936712494226482 0.034738174989358 0.00956359953537268
2.84786862880273 2.52618504552541 1.69056595440713 1.10487408311192 0.96940860410165 1.03326105079121 1.05675458174241 0.969432106182867 0.807271358193398 0.618351920842242 0.430082053654172 0.262380493142508 0.133105919304153 0.0525267068598292 0.0151670450338795
3.04595870210879 2.78498260629141 1.98129628617853 1.38920091330589 1.18929070608139 1.15220588262365 1.11124352672257 1.02760441850378 0.895594073790418 0.72428140380764 0.537563701271112 0.35527876252355 0.195091306361862 0.0818730721286974 0.0246263949565853
2.77878635623744 2.66452602037132 2.07159700157623 1.60901201680458 1.39535670716056 1.25351834138908 1.12144343309794 1.01087787751306 0.889257713585503 0.734889078021067 0.567458330947139 0.397914564703382 0.23177411275501 0.101591133400274 0.0314052172261589
2.15762436770511 2.17068635429143 1.8234977820715 1.53313545179838 1.36254344656358 1.19148235910561 1.02424808710081 0.899861016427809 0.781905377149084 0.643850650357341 0.505588375242622 0.368370777595421 0.223352956801643 0.100802389164726 0.0317333820252328
1.48812936058602 1.5274068241509 1.32324039843045 1.15783545667304 1.07691066805175 0.993411039257191 0.896351876471198 0.797020869316679 0.670552980840748 0.523291749418219 0.394709614773949 0.285522890875497 0.175131960823228 0.0800731443811163 0.025442358665016
1.0235436536444 1.00904618427994 0.832185690095293 0.727932763909175 0.755622732145823 0.831333199481505 0.867828060559627 0.806672935691779 0.640049227357585 0.43738350456282 0.281270247315994 0.182185823114842 0.107131180904489 0.0485424575823606 0.0154267118917487
0.765173427216469 0.695056220071825 0.508759476673774 0.430504542650246 0.536122621555885 0.73734269204895 0.878758664780605 0.84259157307785 0.63569299995796 0.379942447815441 0.19376880904445 0.097524590023987 0.0495228712357335 0.0213136217031242 0.00668158598152903
0.555194180475059 0.475179669852345 0.313106845466783 0.255222041658994 0.373101168775995 0.591065091501863 0.749287988125599 0.724062106151318 0.530291679361682 0.293669433241719 0.126201289510666 0.047108437358411 0.0179283487207962 0.00668507132011552 0.00200058283923483
