0.391598078840741 0.573375189892491 0.781145081809803 0.955523987013842 1.01786100282468 0.931218918787847 0.732284837945482 0.499186899051495 0.29729266778458 0.154672318782838 0.0695997320303424 0.026652985436685 0.00854203316478473 0.00225999928276056 0.00048883476010942
0.556773206943992 0.776982587576583 1.01640317590902 1.21119735401713 1.27635372827051 1.17229621550044 0.938747193053001 0.659720377452476 0.408005374470217 0.22047856081412 0.102474350392073 0.0402131864189701 0.0131096337433261 0.00350841955320449 0.000764744757369949
0.731288781796769 0.975102386082548 1.22382334513467 1.41822290152898 1.47772579299855 1.36452840273901 1.1155769096574 0.809743522315323 0.51969253446938 0.290705792742974 0.138914869590756 0.0556255446163639 0.0183906717059984 0.00497038433023228 0.00109138113714329
0.889511445071178 1.13743285967253 1.36986151948351 1.54116965763543 1.58616596778242 1.4734087874549 1.2315242713913 0.923484178588634 0.613770656409239 0.354051301073765 0.173266597260794 0.0705998855260254 0.0236422382073758 0.00645454875097982 0.00142999280588924
1.00802302283353 1.24199967431773 1.43703770850615 1.56674442700474 1.58913677200433 1.48324538723381 1.26671573123637 0.979853153176999 0.672483389169065 0.39876994447746 0.19943155252451 0.0826544819316786 0.0280764664703142 0.00776797476441886 0.0017449987710485
1.07641757404414 1.28558502685036 1.43250681877356 1.51032923286037 1.50309575692072 1.40375194596689 1.22085716450499 0.971359336365016 0.686738283835831 0.418163658408546 0.213937169210792 0.0904913570689783 0.0313569218334639 0.00886097144585299 0.00203826210283556
1.10262197066965 1.28569941801227 1.38527790780433 1.40959093811796 1.36691520917722 1.26691551291603 1.11502562415418 0.909433635298537 0.662168843813412 0.415253523429848 0.218639406268639 0.095214746262148 0.0340338984707659 0.0099514774411917 0.00237767433046321
1.10763879319727 1.27071794194036 1.3314845922511 1.30688097930967 1.22515584219606 1.1146171434315 0.98490320368386 0.822118274087741 0.619093930533638 0.403302046297743 0.221087023192346 0.100468455828401 0.0375712517981129 0.0115233852415239 0.00289396074234169
1.11140559683285 1.26251749454275 1.2948677929358 1.2291522258214 1.10921078324656 0.982296331653376 0.867384465477611 0.743526131640913 0.58470996971107 0.400603036604596 0.231517221945182 0.110979749250737 0.0437624579215681 0.01413442245752 0.00372907737950962
1.11857731468878 1.26224900932606 1.2739893130861 1.17657544771642 1.02605930871216 0.886410892128548 0.786392770983541 0.699309235353846 0.580420480449277 0.421322802431019 0.257420695099572 0.129920733703979 0.0536839412542738 0.0180772078253347 0.00494669539424512
1.11431364542678 1.24910560407435 1.24448403621723 1.126379141666 0.960227643097109 0.821588927474707 0.744713098596842 0.695345628769761 0.610713687904428 0.467050930792649 0.298427001299291 0.156408334993483 0.0667024102417696 0.0230582896632921 0.0064476456829275
1.07359045948821 1.1935414510429 1.17515516096309 1.04911955526768 0.886796735810497 0.768000600034338 0.725674350458304 0.715694429683638 0.659907325289447 0.524063914298441 0.344644943970276 0.184723458801255 0.0801820656627977 0.0281095627699332 0.00794815825786862
0.977861281400423 1.076350991706 1.04759489171713 0.92699957323021 0.787076272183668 0.704014592726208 0.703339788745708 0.731056365501051 0.69910264483682 0.568541030731364 0.380012540915488 0.206091913026659 0.090256284453901 0.0318589745468748 0.00905651205249858
0.827788090730938 0.901188862522025 0.867175489782811 0.763449014565431 0.658070456009584 0.617120340476098 0.655642641903613 0.713310755486031 0.699988350821663 0.577461359964161 0.389348971238602 0.212400799592233 0.0934169056899781 0.033080828880251 0.00942708634622354
0.644161053120112 0.693339486371425 0.659879835646997 0.579884595533844 0.511928313693025 0.508254302441624 0.573945461823025 0.648498465391069 0.64812528245835 0.539378827505344 0.365391802973135 0.199916291591609 0.0881041824602279 0.0312459182470703 0.00891422657710897
