0.169531913491654 0.222211064130276 0.314793630192241 0.479797677863683 0.698680489709877 0.894205370606602 0.978417098526485 0.91651266751263 0.752983159215308 0.570422788994634 0.418282072352533 0.293491894888869 0.183192862646583 0.0943875070915078 0.0383292771935862
0.411592368887849 0.476385614370765 0.562963951032381 0.739686366677389 1.00361776916723 1.26152110910896 1.39012464856382 1.3247677945496 1.10904928209438 0.850640779880577 0.6229440841517 0.431133436754661 0.264423879515268 0.134158421642972 0.0538348988103092
0.84592348764202 0.903766036319697 0.921911373590095 1.02412238492063 1.24064235092038 1.48224265996022 1.61432179452762 1.55344993769154 1.32712265341733 1.03854559728699 0.766671289777666 0.526570128892764 0.317838022790399 0.158615537429209 0.0627714036817775
1.4541475843316 1.47531067213413 1.35056862397564 1.27874784706154 1.33935911160702 1.46666414370459 1.54422185248692 1.49040011125119 1.30503795435333 1.05187827236946 0.789561373025709 0.540611066682563 0.321270580128908 0.157408848509549 0.0612867381238893
2.09003053440439 2.04705364068305 1.73295525791545 1.4312294907189 1.27941681555802 1.24306972509091 1.23622335244408 1.19097624086095 1.07721011228985 0.902882870806424 0.692478792776289 0.472600067040773 0.275616115595028 0.132004558278638 0.0503606571810251
2.53276924491835 2.41790841310014 1.93017572472162 1.4243936824497 1.09121271980461 0.922019451640494 0.850803626800172 0.818771296326396 0.773050184199797 0.677657253713001 0.529687785359697 0.357757825981393 0.202959179359711 0.0941955122731847 0.0349524817118069
2.62950990239307 2.46113110810692 1.87529211635006 1.25997338695123 0.837974312688754 0.614878979326474 0.526753633346409 0.512513010678388 0.508957038705914 0.463741730342969 0.364569324665533 0.240325161747173 0.130833354671895 0.0580610408344178 0.0207034191840591
2.39489327077398 2.20562994757924 1.61733267819705 1.00416838366027 0.591121816944491 0.387515557998305 0.32229006060956 0.326061141414666 0.336671812021752 0.30962581805976 0.238693349928829 0.151062771466806 0.077973075147702 0.0326859698247187 0.0110493061830073
1.97713408124696 1.79524928648645 1.27529220139815 0.743855782366292 0.40287772204903 0.259296495916654 0.236058997339579 0.256209689557485 0.264010616033424 0.233693963812752 0.172209214093067 0.104534024728009 0.0519279791593911 0.0209512627224395 0.00680021855222762
1.54567349217407 1.38517216419746 0.95985718894766 0.538924622817328 0.290819382627823 0.218218555893756 0.242183264504783 0.280292337512063 0.282096570082573 0.239363775682269 0.172147563213917 0.104982733408639 0.0535113470278548 0.022265042128892 0.00738692368185117
1.20599156762591 1.06847022985043 0.728773266038168 0.407962022381201 0.244823456367845 0.238390714641166 0.309325810134586 0.369911308395352 0.370780795395069 0.314541524213323 0.230693981330795 0.146200839431763 0.0779768670121811 0.0337832527302319 0.0115466984442208
0.981505602929435 0.862927876617288 0.58609033936185 0.339989257258257 0.243803284170591 0.293888160076463 0.408780135945652 0.493948381856786 0.49750540638447 0.427270197522895 0.319540574117025 0.206773426432083 0.112181140973189 0.0491779759616397 0.0169321842761618
0.838229876276372 0.734823396791543 0.502245792184403 0.309289201965678 0.263318363635858 0.358344844987576 0.508918068723785 0.613099880183339 0.615547760038572 0.527724710604383 0.393433900735428 0.253101536664329 0.136316890136183 0.0593502930761945 0.0203236847350094
0.719794457383923 0.63122247529486 0.43628751128051 0.285327452950142 0.27482962677904 0.396802248430651 0.56450063904115 0.673321820414739 0.667418881412382 0.562296305611339 0.409538330504251 0.256658144095444 0.134950780857759 0.057655553779543 0.0194797932386381
0.58131994516428 0.510508861828053 0.356566032420442 0.244109945828742 0.253551801071752 0.376142664978042 0.53283405520079 0.628149186002203 0.612167884796992 0.502860960363417 0.353883254891794 0.213367332375025 0.108233885723627 0.0449385393825413 0.0148750058050504
