8.00335835961918 0.0870577428488818 0.323703546393314 1.66786426067516e-06 2.30796726454485e-11 0.00704721757181283 0.00895698095511497 0.0048998144555444 0.011669328779182 2.71708682362272e-16 6.18518296486289e-44 1.37655313627242e-85 2.99519294307087e-141 6.37159293228009e-211 1.32514265687293e-294
13.4211802505468 0.252093541072741 0.888993781529556 2.16409756005642e-05 1.21795227562939e-10 0.0355915991401259 0.0437332462478827 0.00945571865037975 0.0225196054020493 5.24346552136313e-16 1.19362374943689e-43 2.65648813487124e-85 5.78015792144706e-141 1.2295973601619e-210 2.55727559818513e-294
19.1198582131802 0.533760037992715 1.81081678226948 0.000217202636912516 5.17066763398184e-10 0.130878780929642 0.155472541689966 0.0132862180506317 0.0316422672074359 7.36758633900624e-16 1.67715912204157e-43 3.73262789894753e-85 8.12169210722322e-141 1.72770559400032e-210 3.59322449732915e-294
23.5315856402471 0.827817731005034 2.77680525078238 0.00168828450106139 2.05066373216011e-09 0.350415169811446 0.402427452922165 0.0135925253849363 0.0323717612026088 7.53744174026395e-16 1.71582504634016e-43 3.81868145575009e-85 8.30893297665971e-141 1.76753683769684e-210 3.67606419010229e-294
25.1465984800197 0.946443179529842 3.35671407584423 0.0101145886091703 8.66854624221941e-09 0.683106589682883 0.758426361099076 0.010124903953145 0.0241133183319242 5.61454568238535e-16 1.27809652633155e-43 2.84448785391685e-85 6.1892198144805e-141 1.31661599021532e-210 2.7382540440024e-294
23.8157465736221 0.815871716074958 3.58116329133407 0.046262856122479 3.61464174053537e-08 0.969585180144036 1.04071342714265 0.00549128208243446 0.0130779462487373 3.04506935273625e-16 6.93180318112114e-44 1.54271837441223e-85 3.35674596673965e-141 7.1407149000591e-211 1.48510207968516e-294
21.39488534148 0.572742952196758 3.90970484495191 0.159731737127145 1.25967167720746e-07 1.00201767148302 1.03977845540711 0.00216844758950346 0.00516433056848724 1.20246286705895e-16 2.73728935584649e-44 6.09201743761049e-86 1.32554037743913e-141 2.81978619103043e-211 5.86449731599299e-295
19.9597163209252 0.406024995119681 4.3802106936354 0.411990063801677 3.34569811440417e-07 0.753974591655598 0.756384097698208 0.000623472180667059 0.00148484265946245 3.45730804360896e-17 7.87022432617813e-45 1.75157017034308e-86 3.81117915121788e-142 8.10741832165784e-212 1.68615383457922e-295
19.7145489902106 0.39164424223142 4.3422010224331 0.78724163346914 6.55737288678525e-07 0.41307599596565 0.400623004224363 0.000130520828228315 0.000310841328238796 7.23763031427951e-18 1.64757590139022e-45 3.66678849629769e-87 7.97843449587753e-143 1.69723078982929e-212 3.5298440155625e-296
19.5778099733522 0.500170993824132 3.38876411229412 1.10775508694184 9.39309626691641e-07 0.164776443350857 0.154497442877756 1.98948763191448e-05 4.73793384949867e-05 1.1031806436575e-18 2.5112830642707e-46 5.58902557584453e-88 1.21609616965046e-143 2.58696848810463e-213 5.38029081896599e-297
18.9188679793221 0.641556903752616 1.98956359513358 1.14318602324374 9.80705589066736e-07 0.047857742458619 0.0433809068832198 2.20806420425153e-06 5.25812791149488e-06 1.22430264290206e-19 2.78700547397963e-47 6.20266392733964e-89 1.34961555307018e-144 2.87100066095266e-214 5.97101146318413e-298
17.9150391102597 0.690074104487324 0.883232925424597 0.862906790688475 7.45741392032454e-07 0.0101204823050493 0.00886886157567349 1.78450332271992e-07 4.2487895248127e-07 9.89288266074896e-21 2.25201818266034e-48 5.01201453521163e-90 1.09054639235253e-145 2.31988984279351e-215 4.82482955613394e-299
16.9145349639792 0.579532476172901 0.329638346302529 0.475598690334734 4.12919426057537e-07 0.00155826791779984 0.00132016752443705 1.0503267634222e-08 2.49971908326876e-08 5.82034657899486e-22 1.32494509181705e-49 2.94875241668772e-91 6.41608536321575e-147 1.3648764847602e-216 2.83862461168133e-300
15.7361939289316 0.37600967150818 0.146399577633861 0.191195806685225 1.66473145009885e-07 0.000174692784237309 0.000143081054592346 4.50401839280625e-10 1.07080184493172e-09 2.49325530082358e-23 5.67565234928592e-51 1.26315374762316e-92 2.748451252045e-148 5.84670600695653e-218 1.21597842397643e-301
13.5956848340716 0.194678132886095 0.0953767923857307 0.056025305187145 4.88672297409059e-08 1.42593497594447e-05 1.12908630255748e-05 1.4085301456459e-11 3.3397882537422e-11 7.77636385918077e-25 1.77021333481903e-52 3.93972616777784e-94 8.5723098545355e-150 1.82356428853208e-219 3.7925882145444e-303
