1.22647833077857 1.08208094570745 0.67436552759159 0.375850164472184 0.292735446042441 0.299311342510046 0.276400534116699 0.197984730286234 0.107464334035246 0.049407444622289 0.0251199803789503 0.0147314048906985 0.0076753328456196 0.00303906582192329 0.000876683904849606
1.67414057575587 1.48189163678707 0.937940860915271 0.545168802467984 0.442090608119277 0.452377520536923 0.416107603776035 0.306563374168173 0.186546254788824 0.112748022881917 0.0796224598189541 0.055931137764124 0.0316535542264519 0.0132988042542092 0.00403970114408964
1.77898762027104 1.59691927354271 1.0464121024296 0.646264250194725 0.548527358412844 0.573365334448852 0.548902004828413 0.442919219387873 0.321058862602129 0.245273387089744 0.204474626058196 0.155594195176454 0.0929904322654295 0.0410417157482805 0.0130025832306862
1.73137530785977 1.6202311418859 1.14617732819005 0.772195727421985 0.670696573890393 0.708010081876926 0.720654269054486 0.649310083908539 0.537258159977168 0.455340890585164 0.400788021030359 0.316640566258283 0.196518997401275 0.0898356550339556 0.0292643202020196
1.93215083724945 1.91312635330761 1.47609588331799 1.06011311255343 0.885317186192701 0.883112359032485 0.909162646043834 0.86788805465591 0.763106813888724 0.671567238467812 0.6030429811341 0.484523357573422 0.30537824515673 0.141230373671696 0.0463408522966694
2.51357481114205 2.56122669020924 2.05178786484241 1.4819981630841 1.14497529166851 1.02497941938761 0.998204050080057 0.953503446672931 0.864278211395698 0.789865622250142 0.724623219726055 0.581065064291299 0.360256240499189 0.163042157978454 0.0523975741147288
3.10083106481715 3.18121796716209 2.55617360433244 1.8057783731 1.29840978610747 1.05087868757055 0.945602261483729 0.87536705733622 0.807631807394955 0.769727599400108 0.718428906022419 0.563170390272405 0.332984129043097 0.142458945412915 0.0434013600638117
3.18359580144598 3.27017806969218 2.61065096436019 1.8042517672718 1.24748174909043 0.96685905589923 0.836552680143944 0.750700404178392 0.683033676284596 0.647740611833437 0.592408742068922 0.444223539815582 0.246200950209984 0.097415521192881 0.0273537436822152
2.73555750135021 2.78850290052618 2.1970692079635 1.50554419328647 1.05325935484111 0.843428272866371 0.750140605901833 0.670695366625349 0.582619384823771 0.509306416781932 0.428511502550386 0.298890100239599 0.153892355761227 0.0558730444779143 0.0142014076951273
2.15158189643796 2.13690669221862 1.6443321712564 1.14235238060993 0.854635685867783 0.736935909901221 0.688071839682638 0.629449030057115 0.538017421786031 0.438923979518249 0.336351245732488 0.215821344871161 0.103010915170734 0.0343749617758866 0.00786249638139872
1.71401050518826 1.63319216455904 1.21377861518238 0.862979007980834 0.698003785589692 0.631793384630885 0.600911602013188 0.567700216135514 0.507388849230271 0.425502145250767 0.324157336524199 0.202464323627995 0.0932382681133803 0.0297455913320252 0.00639914704159241
1.47088756278473 1.3423744235551 0.94538578725554 0.653450100478244 0.533724714459471 0.478658159999793 0.447115428598395 0.433392186515547 0.414214168764417 0.372495936254003 0.296264508791708 0.187943846251689 0.0865766666750444 0.027420160102657 0.00582250804105219
1.35779082411338 1.20383333743148 0.791096623689926 0.481719765326612 0.34972780552891 0.290662884874556 0.258525907449398 0.25293118899484 0.256259551703381 0.245458480137884 0.203495572568297 0.131652399014928 0.0610893824881383 0.0193821463456178 0.00411258364006765
1.22702697026954 1.0815379089813 0.676057053600404 0.347484592013652 0.19522744529535 0.135943035515837 0.110443453784017 0.106593390263902 0.112643311113044 0.113342917934852 0.0970829876084633 0.0638308217491916 0.0298210043812924 0.00948607142342597 0.00201448981928701
0.959298267494549 0.853039052129202 0.524069267779993 0.239051084888804 0.099353213551614 0.0502856989235951 0.0343509760620462 0.0316116234487143 0.0342786174971587 0.0358534140552016 0.0315297726714877 0.0210081609598439 0.00987191725707282 0.0031477083195781 0.000669077655279025
