0.388786819523051 0.454223824152203 0.465932133051067 0.312716543909658 0.259740192861605 0.350308492475714 0.297722289062546 0.344580470161341 0.276026839145239 0.124990496602053 0.0240330541921227 0.00137759697034882 2.09529465042372e-05 8.2507604439794e-08 8.3730040690205e-11
0.857333414969976 0.892461068428189 0.867273803985578 0.701955582979078 0.439655329524876 0.456624976359936 0.523524234788289 0.716403713965119 0.56979677413572 0.264606850390627 0.0517852161012473 0.00298283091802768 4.54162421939765e-05 1.78905288225728e-07 1.83450398208291e-10
1.61528490550226 1.52701910241465 1.44606771756361 1.3556390960854 0.659710965910973 0.438172896731133 0.69019246797356 1.01307381524161 0.770581672053765 0.36088964993735 0.0715556474997224 0.00413757246560107 6.30583389297764e-05 2.50303789726196e-07 3.79907218672881e-10
2.9184281582327 2.51267342191305 2.09920739061349 1.99889126654178 0.839008679915283 0.345602277208415 0.689320804173951 0.993641917917123 0.691153961097565 0.318203995926229 0.0635070864622648 0.00368068380079776 5.64116864226517e-05 3.01809452864873e-07 5.57553049253025e-09
4.92479642899551 3.85023451838415 2.46339599699897 2.08357902244231 0.800495508157884 0.23523848119691 0.515296721151539 0.693911327275401 0.427630865471558 0.187152092860991 0.0369416914134163 0.00213358863392741 4.06475827552213e-05 2.29324007790038e-06 1.43527338223618e-07
7.0061250575738 4.99786502830505 2.34247029582714 1.57109220331561 0.547142781422967 0.130436991203339 0.284459529440383 0.371275369939449 0.231049185977647 0.0978859157102089 0.0174452078282468 0.00105889125423446 0.00015761802841271 3.72339423979256e-05 2.46099782494343e-06
7.93901229893483 5.24913635254552 1.96099693573849 1.023439438975 0.306571221087716 0.0630821487965997 0.136605246614012 0.226987409056267 0.230907197511164 0.108789229657785 0.0160714858348436 0.00221200572079095 0.00159600130886516 0.000408711567123283 2.70478373306713e-05
7.31885620628815 4.5765424848942 1.55679559684073 0.749624688724994 0.212818452255625 0.0597901080747807 0.136443332600034 0.299515915382785 0.385383070422695 0.183586457159926 0.0274124388888867 0.0120611720255247 0.0111945661923816 0.00287674902026966 0.000190386363538699
6.13256963611568 3.64710036306317 1.15829732689987 0.592237703131163 0.226900911000938 0.131882990064835 0.274113003859989 0.534432954403186 0.577246226416589 0.246974040509004 0.0440407675380428 0.051520638198579 0.0504377198223061 0.0129681266293658 0.000858248929076165
5.29730126594296 2.96446733655111 0.779528378404198 0.412421905867249 0.294800898905316 0.264428036439063 0.463809643072415 0.825073133198231 0.732583207698743 0.263305962606315 0.0668482129616781 0.146625726778898 0.145596020988593 0.0374393322971643 0.00247779082462643
4.58219971270199 2.43339673009971 0.488671785819071 0.255024625371978 0.362343979066224 0.372623976274556 0.547813616047133 0.976399871528991 0.798033019754462 0.246827059161207 0.0927076623183066 0.270040833312561 0.269190309801555 0.0692234520661626 0.00458131270562283
3.53299492895793 1.8318209002002 0.320350125549507 0.172307008887342 0.3445958434665 0.352587784343376 0.441170982839806 0.827279753851231 0.681414742470122 0.197428297067341 0.0986574944015777 0.319399531789854 0.318753034872212 0.0819695279887885 0.00542486775184012
2.36573808507227 1.24247296532048 0.278058280574065 0.172408281357919 0.23875102358605 0.220833896506797 0.240248728145808 0.479764220696655 0.411355513194438 0.118253140354822 0.0716501789430477 0.242125449233659 0.241727532371726 0.0621620837984711 0.0041139811440236
1.51811241127552 0.850884064104594 0.340251211528948 0.245553203600156 0.141146162116058 0.0923260703041086 0.0877935961127059 0.18553446803426 0.16582074181772 0.04828403844855 0.0340004163231914 0.117574215900556 0.117401228914061 0.0301906611717318 0.00199806384143989
1.00326591566374 0.619518801324586 0.399304528549527 0.312356099243854 0.0964426052295514 0.0279354989913246 0.0213778894332071 0.047138705674134 0.0435779990410966 0.0129126398784307 0.0104047709381297 0.0365667227705999 0.0365168517368665 0.00939060575613065 0.000621484564070683
