0.372725992383589 0.312591376974029 0.18298544359521 0.0912050947608616 0.0458904165530168 0.0262148526190483 0.02153347177654 0.0337799409365898 0.0596275221014802 0.0709469499131204 0.0505073481196674 0.0211157900778903 0.00516842566186749 0.000740158290747039 6.20041578624534e-05
1.05966775722393 0.879121551516259 0.504824551275717 0.251709950661459 0.136361158960249 0.0861505625232878 0.0671373663251082 0.0859936865099784 0.138819488764165 0.161804058409036 0.114588874426409 0.0478374956891361 0.0117071925054801 0.00167723247528497 0.000140598231005368
2.23124309664262 1.83384984577182 1.03790903386612 0.525366945312778 0.31271304524328 0.21825976387102 0.165486659729725 0.175663345597928 0.251065990940904 0.282003091564121 0.197438486091944 0.0821234212314578 0.0200856059880505 0.00287978592230116 0.000241754558100422
3.51059875106976 2.86228715180769 1.60504254486521 0.840162979850584 0.560718340653783 0.430851186248773 0.326405484554012 0.302213211463472 0.375561517615513 0.396877306767085 0.27141601962292 0.111926177320664 0.0273199344498485 0.00392145491507476 0.000330082365860341
4.20619477558975 3.40501621394843 1.90099403964346 1.0504069107088 0.800044637772405 0.674433816815324 0.523731491307418 0.455371826171721 0.501227118594581 0.488096965513527 0.320671980938908 0.129992662656781 0.0315600929412454 0.00453255580219763 0.000382857129041017
3.99732001026045 3.21277664128366 1.78975076761693 1.0607843722291 0.930208655165413 0.857667040207477 0.6979989355531 0.608628750332681 0.621744381828401 0.556948962347295 0.346749547309293 0.136677894171195 0.0327840376275086 0.00469308547888826 0.000397003043786649
3.26892501407809 2.6061826831297 1.44430211681367 0.916488700641762 0.914135329907271 0.916660322643596 0.797078414530779 0.726364438514693 0.71637288589079 0.596086798280443 0.348145004912197 0.131417560663966 0.0307174095973612 0.00433618509740673 0.000364422671465437
2.6033538315258 2.06164536596361 1.13633292624851 0.755865013634794 0.818789413412046 0.87723049371935 0.828757109726096 0.808101479199728 0.784200024901535 0.608668779527129 0.328222910021033 0.115438849651982 0.0255450179961733 0.00346896491656516 0.000284128245260328
2.2220083861739 1.76282946655278 0.992681283921617 0.698269490105608 0.770160933276712 0.843536623911274 0.859640149648031 0.893772855953172 0.855637143876464 0.622188538202354 0.30663693836619 0.0975989870567305 0.0196187607067956 0.00245371973369308 0.000188446573653366
2.03652815904606 1.63554614737072 0.978946456641028 0.76150230743316 0.834817097513245 0.889995798958299 0.926320082374255 0.977756812036395 0.909331374015923 0.626061876463154 0.286746580086566 0.0831470229038008 0.0149833808232033 0.00166956303438236 0.000114868368136272
1.97748789268104 1.60752223473735 1.01601422222407 0.854994887917519 0.933702846952226 0.958382142795062 0.96536390367797 0.975407178311037 0.857444776622054 0.559880801795972 0.243758046421665 0.0666420300403904 0.011138216895754 0.00112900829442001 6.95026408819842e-05
2.06507967374948 1.6802972696202 1.05905872488531 0.872790794321996 0.924048553167131 0.916669585224556 0.880633248463952 0.827228932033896 0.669005020102208 0.408248873409763 0.169549568990711 0.0446491597922583 0.00717249727354872 0.000691240201660158 3.97910471520604e-05
2.20638917265286 1.78610916422852 1.08071163086267 0.797570828848331 0.770645725700163 0.724229876198728 0.663015754731665 0.578130566756442 0.422995114317356 0.235363925389668 0.0917841937377228 0.0232684971990007 0.0036415425348106 0.000342396161651762 1.9120309055109e-05
2.14042560638041 1.73415542506118 1.02669755650407 0.67956169693447 0.566064148489926 0.473941792616307 0.403285255036332 0.328271057620377 0.217167724084837 0.107796489992088 0.0384006291596162 0.00921411783305508 0.00139929735139301 0.00012919019908282 7.1059184352163e-06
1.70946041450076 1.40006206861829 0.846507457392538 0.543280604823186 0.39292608145453 0.271655886959633 0.199346999813312 0.149471274467017 0.0904210045916153 0.0398078472975745 0.0126023065847496 0.00278238393515609 0.000403308817744637 3.63604111868104e-05 1.9739314809628e-06
