0.908032584561067 0.823891254008432 0.518784712776999 0.252859003078877 0.133262985045552 0.104802093870466 0.0934458829755382 0.0749398984069802 0.0510442839918966 0.0269342208868877 0.00998265598087136 0.0024572875573665 0.00039257717009213 4.04168420873785e-05 2.6827639555431e-06
1.53115467385996 1.41488965959534 0.913358936236582 0.470220104203568 0.282501472768094 0.252710349682021 0.242313116537479 0.206145652594564 0.146832214449377 0.0793948913355451 0.029793416141079 0.00740633872647791 0.00120043798677065 0.000126948316451276 8.86707798917847e-06
1.91474895049523 1.78836750356158 1.16729299111383 0.623577967746915 0.418579657024683 0.417195902706 0.427222171739853 0.382644290528578 0.282176253615071 0.155765725329004 0.0595954888963642 0.0152863001473059 0.00262580898127618 0.000307987688996151 2.541884387378e-05
1.98781248713004 1.85227478700822 1.19715683148821 0.64687028879851 0.475268158941455 0.519222369220407 0.558870193703795 0.513661191070789 0.38412941736248 0.217257120230275 0.0880155624461195 0.0252070701103409 0.00517106815715749 0.000769797123549006 8.25120768643708e-05
2.15564948333014 1.97310794946866 1.24044196307125 0.669540926588315 0.534456730247015 0.622456338029833 0.674176732164037 0.602757813233921 0.444385885302852 0.265977445929917 0.125228792725171 0.0448370639525923 0.0117482894887142 0.00216169903006007 0.000269632704540347
2.74927912533742 2.46633124665632 1.52086886532529 0.838133988544851 0.72105143988486 0.858151093895855 0.904789048788358 0.773436899601984 0.568970993823021 0.375812573003837 0.209520128579754 0.0884921515438809 0.0261801054171547 0.00520496510586771 0.000682086907367908
3.38398519298204 3.00655719820531 1.85663753061694 1.06447175197332 0.960341154532897 1.14114651476661 1.18662542429452 1.01326726747134 0.774357501879 0.551262430931124 0.330019615300775 0.146378635257181 0.0448637974722683 0.00925172770864817 0.0012775547874402
3.43575386812657 3.06219538935303 1.93344405866378 1.16577402298746 1.06632149641184 1.23566005570136 1.27153488777963 1.10449311749174 0.878051776888668 0.647358790488415 0.396390490713902 0.181169467197233 0.058945274044591 0.013523968891396 0.0021970867733854
2.96793479387088 2.69721817909269 1.77842656862333 1.12717975290694 0.999132415153515 1.08475962705452 1.07699100014325 0.929707573462747 0.749716920309441 0.569213817739615 0.371513548716949 0.192540705718545 0.0760445399660662 0.022128569977148 0.00456595921353047
2.46445403274674 2.30758341861439 1.58019297198394 1.00577269728504 0.822620852460419 0.821096425212893 0.775293606965941 0.645744123862139 0.516586009968908 0.426358765255949 0.340528931917334 0.229607955824027 0.115949954746284 0.0406125588114382 0.00946557669985598
2.09713564250806 2.00415016878219 1.36933903883431 0.811605984801754 0.594213622939389 0.578856093182944 0.562008929426009 0.468839906332548 0.37178858821774 0.347268148231114 0.350380322797098 0.286541129388902 0.162439322076269 0.0605320666606047 0.0145709886903466
1.90536717479154 1.8143655139085 1.18655563389156 0.61583894366091 0.397543612578317 0.428272788568243 0.487217154633931 0.438148110364533 0.336533640572718 0.306001814705146 0.325471054997717 0.280567039888004 0.163754968148116 0.0618977038048029 0.0150030965542179
1.99872953979168 1.8528416748504 1.13997946813867 0.512961865992409 0.28937497350467 0.360438530565153 0.478136134701706 0.456164895932167 0.3262652583734 0.240900784301473 0.224600922762582 0.188422326827045 0.109865301291376 0.041600929684568 0.010095697540688
2.12766324677165 1.91981811834296 1.13039077924479 0.465956526756498 0.237714126452149 0.318573363773498 0.454302209647864 0.443636782213476 0.296829063036313 0.167040996195568 0.113834612329339 0.0849017123427661 0.0483159832451559 0.0182212498130313 0.00441957889946514
1.8193198185402 1.61573905529644 0.930120834869663 0.369759965083247 0.182906875702959 0.254359105984 0.373218510129833 0.368075413568778 0.237904192729813 0.109701664453341 0.0484673078452294 0.0268050688197158 0.0140225648208294 0.00520172692817373 0.00125796566721302
