10.530466116594 0.806487506061638 0.000171260798350161 3.76428050157248e-15 0.000897003250566412 0.419787898523634 5.50768950309898e-08 1.26470494095398e-27 5.08218586638334e-60 3.57399084170099e-105 4.39843206860188e-163 9.47292076965648e-234 3.57035155583368e-317 0 0
16.0226081170908 2.17273577102767 0.000485571848071748 2.76287508507159e-14 0.00656352682992567 1.18431538844507 1.55362154699266e-07 3.56750838211397e-27 1.43359451605427e-59 1.00815944276688e-104 1.24071969395959e-162 2.67214297616005e-233 1.00713404455284e-316 0 0
18.4150565656445 3.98061326166823 0.000907725321451617 1.35498390692294e-13 0.0315752484920204 2.19668111870554 2.88061280757812e-07 6.61461625345089e-27 2.6580673599235e-59 1.86925638903313e-104 2.30045280195772e-162 4.95449441696315e-233 1.86735544601938e-316 0 0
18.637377431419 5.03399897637278 0.00117124348949967 4.86614017798386e-13 0.0998526577892869 2.6796954443156 3.51065702821974e-07 8.06135728371025e-27 3.23943670372909e-59 2.27809793183281e-104 2.80360511333043e-162 6.03813556598249e-233 2.27578039509584e-316 0 0
20.2543121507064 4.49098425885381 0.00181725173971411 1.87638763732653e-12 0.207563774595075 2.15192753680057 2.81226203529876e-07 6.45766557558744e-27 2.59499711397703e-59 1.82490293811203e-104 2.24586798360612e-162 4.83693487497047e-233 1.82304645314278e-316 0 0
24.7285111656885 2.89282772073725 0.00950962133390141 1.10265292911948e-11 0.283604565904049 1.14034350110088 1.48076803010498e-07 3.4002182620223e-27 1.36636939054206e-59 9.60884118874833e-105 1.1825389906869e-162 2.54683896240493e-233 9.59906358873439e-317 0 0
30.2614562273464 1.36697303653664 0.0583041535907305 6.43350060775901e-11 0.2547070707393 0.401194356205192 5.12486157700865e-08 1.17679795579132e-27 4.72893379700102e-60 3.32557024198712e-105 4.09270629014331e-163 8.81447793561717e-234 3.32218682851844e-317 0 0
33.261954744912 0.480008921494642 0.246149778651357 2.68117817920916e-10 0.150360416250477 0.0951202881667528 1.16584580653246e-08 2.67707710339258e-28 1.0757768849877e-60 7.56528162437269e-106 9.31042601351726e-164 2.0051901810054e-234 7.55756408342688e-318 0 0
30.1433336602626 0.135658083360397 0.687059985129243 7.43753167495484e-10 0.0583431989154521 0.0157183181750932 1.74326719052371e-09 4.00298274908358e-29 1.60858882510756e-61 1.13122224966719e-106 1.39217038879822e-164 2.9983229444622e-235 1.13007635173268e-318 0 0
20.9446860360883 0.0471963186959833 1.27527483163959 1.35944679194428e-09 0.014880274729975 0.00192620992684661 1.71336806134583e-10 3.93432671612248e-30 1.58099956621736e-62 1.11182040935767e-107 1.36829296986038e-165 2.94689805162444e-236 1.11085719810946e-319 0 0
10.5974824397517 0.0391101574722142 1.61745939916764 1.63777686202643e-09 0.00249456931533574 0.000188366688989137 1.10688181720816e-11 2.54168069299256e-31 1.02136816869257e-63 7.1826583617452e-109 8.83953996397919e-167 1.90377526384314e-237 7.13924858240601e-321 0 0
3.81379430643352 0.0481981513208408 1.51746465512946 1.30839488233666e-09 0.000274880597499368 1.50430523086229e-05 4.70019345495882e-13 1.07928321394919e-32 4.3370731924395e-65 3.04999861813327e-110 3.75356634232561e-168 8.08407087114618e-239 3.4090529563046e-322 0 0
0.99967361010331 0.0488903147014591 1.22922585013948 7.07952930973135e-10 1.99093218940188e-05 9.30085873154793e-07 1.31188012874516e-14 3.01240749649578e-34 1.21052858312781e-66 8.51290799561982e-112 1.04766489852478e-169 2.2563600897058e-240 0 0 0
0.216661046900108 0.0346018763585441 0.952062507541899 2.76677261408509e-10 9.47834948453684e-07 4.13535637190058e-08 2.40678133778817e-16 5.52657262388791e-36 2.22083968909586e-68 1.56178087901439e-113 1.92204944182698e-171 4.13952558407409e-242 0 0 0
0.0479735033733822 0.0165470338166758 0.635666778174416 8.99793805555796e-11 2.96601151767565e-08 1.25877671425312e-09 2.90230795022658e-18 6.66441307357592e-38 2.67807809027089e-70 1.88332871320183e-115 2.3177713023806e-173 4.99179334071516e-244 0 0 0
