0.399009766362222 0.401943459376883 0.3643480289973 0.325932865639594 0.312003875313239 0.318643350429481 0.323307968269805 0.305058128555849 0.258900655062775 0.196234924449169 0.133799434158923 0.0827195831879953 0.0461554688402667 0.022766030445277 0.00964805362077797
0.692251892087287 0.698794153042226 0.636149705268738 0.572035083472902 0.547514873926366 0.55324930624263 0.551583322754123 0.512603748538107 0.433961320372551 0.335091263028222 0.238071713371764 0.155423854227177 0.0914061028483818 0.0469250724781692 0.0203961804433263
1.05173567570416 1.05767602966026 0.957539080807119 0.854611054446873 0.809791727798457 0.807596724608916 0.794210742075558 0.732594295294541 0.625191486719229 0.497397411225354 0.370764349624503 0.254981469916792 0.156431630902891 0.0825429257414449 0.0364106700753635
1.41035466161945 1.40617819592715 1.2547191281659 1.0973302039746 1.0178405207954 0.998307594711995 0.97306473915062 0.900577367224242 0.785468359961621 0.651050447833279 0.509986365594636 0.366172043730538 0.231144921293554 0.12377163379958 0.0548819447574609
1.6816040543107 1.65954237807261 1.45242518305038 1.2328093037614 1.10727938251908 1.06366622326238 1.03393858159166 0.973566801002078 0.880780174607682 0.765410340186147 0.625769463190612 0.462026293366254 0.295380758429666 0.158512466788059 0.070031475119281
1.79675654113309 1.76111394825696 1.51624815375416 1.24813671288397 1.07983316145887 1.01379345422458 0.990728538107779 0.963063636240257 0.91243176807024 0.82731879381937 0.694021442281498 0.516447474031718 0.328774871796935 0.174632169535024 0.076203346666412
1.73721490448914 1.70618645624018 1.46317843222307 1.18380400479605 0.995337268238497 0.918950861874591 0.911620494368717 0.922196918066572 0.910604851846404 0.845199235198957 0.709862314212633 0.520796437106227 0.324600179528991 0.168549583649963 0.071979578459546
1.54069908453195 1.53396526903315 1.33405294240373 1.0869448565404 0.910911366002822 0.842793684584904 0.856398511376565 0.897035067212347 0.905851312525978 0.839931769033135 0.690974186373729 0.491389657575431 0.296026658699193 0.148754433840149 0.0616501075125322
1.28108626678122 1.30305005455937 1.16352801928692 0.973455470642554 0.834537971890801 0.791418834847116 0.829222600482874 0.89068631861395 0.906238420813438 0.83077459250714 0.666874989351968 0.459790713302435 0.268075103489699 0.130450639194588 0.0524293316893493
1.0401020932666 1.07463625286951 0.978833632322292 0.838393148320198 0.739707417052031 0.727269916644705 0.790173046481247 0.870622045667572 0.896432457912633 0.82329057355071 0.658102332703986 0.450259435949692 0.259854440062969 0.124880878014504 0.0494523128994188
0.88242309398367 0.903533295567764 0.813146878921581 0.689778874602209 0.612319593982937 0.62058091712621 0.702485532363421 0.802583403273363 0.851525210143738 0.803252712122583 0.658014675918669 0.459859359965869 0.269841749943402 0.131158240076967 0.0522555986228998
0.833321896597094 0.82128236184006 0.699728354868404 0.556297815783939 0.471290183954615 0.479040622602371 0.564394553895459 0.676864949736394 0.753181700372372 0.743494852830183 0.634613073636622 0.459056048864854 0.276703502872777 0.137169356451854 0.055404682443978
0.86702940871847 0.817313252177739 0.647713929328155 0.462514089214338 0.34842320092153 0.335233975833118 0.40459641709662 0.51207027109857 0.602789019777111 0.62607926976462 0.557422452566291 0.416551704713161 0.257122678705655 0.129625335397968 0.0529758750158062
0.922485217277428 0.843963159370125 0.632951849302884 0.4078279294954 0.260879412528748 0.218084858368976 0.258258533400047 0.342446270516876 0.425757219875908 0.463238218384985 0.427295790030293 0.327487728551289 0.205704396277427 0.104946291706446 0.0432434058565251
0.940090899112261 0.847616124066253 0.617176858857312 0.372033466308288 0.204821441539347 0.137758373749376 0.147664675450592 0.200031682275011 0.260151744978347 0.29396526292362 0.278606475713411 0.217483261317685 0.138283146138493 0.0711274255367112 0.029473164910522
