0.609987626972535 0.607208120563161 0.50026047103941 0.352312846892576 0.237147408596182 0.199048991544967 0.243571357718829 0.345544402530738 0.45973366842061 0.536285554400001 0.541498369493798 0.472643612308678 0.356304571253024 0.231554195879256 0.129508129553696
1.03434419462803 1.03688768732875 0.864059172889776 0.618130393832878 0.418680484302731 0.335231752378119 0.373491674624494 0.494247743186517 0.635349153956192 0.732812458266765 0.743328014127303 0.659966987475266 0.511499135237284 0.345015769014033 0.2019539860289
1.47066385522716 1.4874118416436 1.25804781224533 0.921135157794928 0.639414719475239 0.504471233813547 0.518817631252631 0.629620655982162 0.765712952270653 0.861652563266124 0.873638774263259 0.789862318888308 0.632098200129677 0.444634060727436 0.273114769842862
1.78260982942339 1.82175811097087 1.56862505447091 1.18316393168092 0.854050707521704 0.683111004870411 0.665192645691779 0.73760328746579 0.832298259645662 0.898163708346279 0.901966042180762 0.828101419086074 0.683960799528745 0.500879234142003 0.321235246371741
1.87978346768729 1.9430416980597 1.70688475236433 1.33220097493352 1.00869554912649 0.832717793431229 0.788253888840657 0.808944116201483 0.840717445150895 0.857238434055895 0.84227101975045 0.778480135915077 0.658022877646329 0.496336039807651 0.327983457347633
1.76023119430112 1.84169567514131 1.65348916108845 1.33924681417455 1.06686467064976 0.914599226908104 0.856678237835605 0.830818442220788 0.802404047749873 0.769902439977137 0.732233888974268 0.671859529151162 0.57130545730359 0.43521963676689 0.290399691189663
1.48887331309207 1.58013067167724 1.45530747456816 1.22842491479751 1.0302631709083 0.915157519750393 0.853609525860514 0.795804865445345 0.72681748627446 0.66170549163611 0.606792132424611 0.544650113005424 0.455728788091087 0.341818873948924 0.2245695742788
1.15794719479765 1.25343043924873 1.19462739991791 1.0605185504311 0.938400729152554 0.858647506784867 0.795373123747395 0.717816022876092 0.628324603037458 0.54899323953135 0.486049968445593 0.422191086621688 0.34078929701962 0.245495072642674 0.154643189555044
0.863565323776305 0.960359345414831 0.957675632569144 0.902909803167709 0.843594859071471 0.789752641408432 0.722625996860698 0.631353499689337 0.531563169623321 0.446535108157204 0.379905259379636 0.315924502927119 0.242490714238936 0.164857478341287 0.0974776287454915
0.687533697954598 0.781301453053479 0.809768328560785 0.801985658099175 0.780146388894498 0.74093348141282 0.670825892522407 0.571747539342697 0.465445739681393 0.373569186683332 0.299542866211068 0.232903729153196 0.166715726030443 0.105431557465761 0.0577274175313973
0.669987798460658 0.752697786609086 0.775635901771107 0.768587621346897 0.74991897463079 0.713507397691545 0.646962040959669 0.552493963309947 0.446866914996795 0.346608596228203 0.258317676647498 0.18168422159509 0.1169128921747 0.0667918193219818 0.0331948292775157
0.781869131695937 0.843622383336113 0.825885181009519 0.775667379791454 0.727178074787608 0.682522828592698 0.628105658430413 0.555118316952294 0.464038840634674 0.361098486046412 0.256830721070892 0.164151812024465 0.0930670081785814 0.0463649584716727 0.0201486015581931
0.92486059747667 0.958215240873514 0.883137149602559 0.769557517164847 0.675550627585766 0.617179340212529 0.580004142680061 0.540216299815513 0.477295336756838 0.383808797601888 0.271844874471054 0.166042523517887 0.0865481951491301 0.0383947941818925 0.0145269261796586
0.980154603356526 0.984609343004495 0.863151944393799 0.700789131189395 0.572206665541587 0.504471153741693 0.483801096911035 0.476122641726034 0.445433640498646 0.372902367555535 0.268833764336616 0.163343990110076 0.082758137423594 0.0348228638119387 0.012173030741922
0.883644051638219 0.867297927386213 0.731329373824424 0.559390933929522 0.426109536650411 0.36082424276305 0.351710824982878 0.363840505110543 0.357829560379681 0.310659785642673 0.228953294478108 0.140494404166708 0.0711078128608418 0.0295529798175817 0.0100694711527564
