0.132292195277592 0.161418896934049 0.184434130517432 0.205579334423423 0.231555329388322 0.266391723949463 0.305364246724097 0.333047951011629 0.330803076567967 0.290271909371984 0.220963422249871 0.144395334878635 0.0804815466023194 0.0380878167410544 0.0152493570838639
0.285079402595838 0.336839150021936 0.370079448827199 0.396100856402927 0.430244159774503 0.480132464312503 0.536352726601574 0.572581934640948 0.559660129456567 0.486181593243822 0.368532994276498 0.240994311041919 0.134911021874419 0.0642802170664393 0.0259435600239446
0.524376087665223 0.601330023682447 0.635750262736926 0.652569227727553 0.682440532173562 0.73842299704177 0.803891809944679 0.839197281151508 0.80537570069741 0.690619868066493 0.5197577463371 0.339235975498716 0.190325278016603 0.0911328773460243 0.037019588050642
0.826822288467184 0.922515748682314 0.94004710112606 0.925108117190939 0.930294975349179 0.975620251592366 1.03521238071059 1.05582517661555 0.992433512862009 0.837092460673404 0.623139617993431 0.404559237862604 0.226838666149791 0.108915101266143 0.0444534968575014
1.12269551721907 1.22219258281269 1.20403173593127 1.13840221552653 1.10213852429178 1.12186311248559 1.16179909340705 1.15749582713089 1.06318071166935 0.878657651936016 0.644107623288714 0.414285504642739 0.231425441845476 0.111184578666484 0.045539400709012
1.3188283221136 1.4057331507073 1.34607929254551 1.23117206477929 1.15619504440847 1.15056534687433 1.16937801717162 1.14135844194916 1.0245719702171 0.828051819771601 0.596109542909734 0.378963929819306 0.210673071752837 0.101319881733474 0.0417258626239498
1.34720064798475 1.4128530583072 1.32723958189771 1.19188925979034 1.10653777621566 1.09638565963764 1.1091937665468 1.0719159402694 0.948630205728028 0.755689463836794 0.538461343900503 0.34122732730553 0.190589529926495 0.0927457188359641 0.038862477451068
1.20807930041652 1.2555742368523 1.17448073582764 1.06226103235183 1.00711257430152 1.02313005537544 1.05386160798179 1.02940431573703 0.919212246260652 0.741457771937618 0.538464913189456 0.350213069648567 0.20187079614101 0.101734506313638 0.0442289204576588
0.976080943790778 1.01536499016346 0.965188045853254 0.907943809347139 0.909845435903264 0.971691139212292 1.03814447386066 1.04711194271148 0.970588104167198 0.819853261961349 0.627565299221518 0.430771534812342 0.261178340361018 0.137664935439502 0.0622346519499942
0.762199154000391 0.799982411204619 0.784545304652633 0.780987930514965 0.834009193183044 0.935803858921603 1.03915204811306 1.09355127524922 1.06955616227362 0.961509187094472 0.783586403006253 0.568561845496508 0.360559707596539 0.196747882497889 0.0913246541818101
0.654752899167232 0.687599537003227 0.684018348957459 0.699241835851902 0.767183955610244 0.880849242340921 1.00693105447812 1.10765394143075 1.14815913686769 1.09827166735753 0.946391734352342 0.717736785732806 0.470145492957636 0.262465421451428 0.123780473049148
0.675020747688824 0.691440995520929 0.663964003840866 0.650255188770758 0.688139963427332 0.780506938997408 0.909408769706002 1.04709066868605 1.1506939650522 1.16446667059392 1.05014554853207 0.823105397724355 0.551383352931472 0.312381941420912 0.148721750467752
0.771471112172903 0.761223682193313 0.683871025893618 0.608707053274122 0.587668246953414 0.637576329332287 0.752417264174285 0.909378778614557 1.05807760530211 1.12430475172984 1.05061616988723 0.843249270620512 0.573445760374323 0.327870921879255 0.156916859428265
0.853004984678395 0.815804169873829 0.688489682862101 0.551919476595106 0.47217529498043 0.477394648498643 0.567704826138891 0.721250572748729 0.884600130582772 0.978200115366724 0.938468230723299 0.76559536990788 0.525654593483268 0.302130755695342 0.144948192032597
0.842179104844189 0.788889760491729 0.63652459431952 0.46813786739533 0.354528684568506 0.327955116395114 0.389802513022154 0.518604364012923 0.664998165779496 0.757947594440719 0.74063141574275 0.610632683975938 0.421684148697195 0.243036222483416 0.116684758871555
