64.9908544086814 6.49499476474895 3.71492171589713e-13 0 1.29315921785601e-112 4.74669199806964e-277 0 2.16211254842341e-86 5.18768928133309e-322 0 5.74910462446373e-27 0 0 0 0
103.252465773261 7.24300022596284 4.26077588672984e-13 0 5.56765060019033e-112 2.04367120359605e-276 0 8.50166060594855e-86 1.55630678439993e-321 0 8.31673418017183e-26 0 0 0 0
138.968881086607 6.37100505770462 3.85458356879252e-13 0 1.89078303094425e-111 6.94034002862307e-276 0 2.63681086382077e-85 4.14521076860806e-321 0 9.48975890440689e-25 0 0 0 0
164.589206781132 4.42025331744249 2.75052749012819e-13 0 5.06478679796234e-111 1.85908916967513e-275 0 6.45065692426638e-85 1.03605565932909e-320 0 8.54097177543173e-24 0 0 0 0
180.039113834129 2.41900143276694 1.54811872474662e-13 0 1.0701148492394e-110 3.92798158321271e-275 0 1.24474003945153e-84 2.02023442584486e-320 0 6.06330121808693e-23 0 0 0 0
189.599785887415 1.04417874946477 6.87293579372299e-14 0 1.78340246310331e-110 6.54618710833237e-275 0 1.89453714328942e-84 3.10767291234144e-320 0 3.3951639506373e-22 0 0 0 0
196.104022775702 0.355519423844467 2.40674489688817e-14 0 2.34432642728644e-110 8.60512405557692e-275 0 2.27445494568109e-84 3.72920749480973e-320 0 1.49955399259858e-21 0 0 0 0
202.071014257591 0.0954776178036552 6.64764137271476e-15 0 2.43072906556514e-110 8.92227503440963e-275 0 2.15377981313178e-84 3.52219398920225e-320 0 5.22412083357757e-21 0 0 0 0
213.87287828584 0.0202250486194592 1.44828773921576e-15 0 1.98794687577538e-110 7.29699127341429e-275 0 1.60869982812284e-84 2.64176900831315e-320 0 1.43553593779254e-20 0 0 0 0
237.48403499497 0.00337930454469861 2.48881075985655e-16 0 1.2823977414131e-110 4.70719074144664e-275 0 9.47760224479952e-85 1.55383645617072e-320 0 3.11146324082524e-20 0 0 0 0
268.374779809483 0.000445363733552688 3.37348393926847e-17 0 6.52514946406626e-111 2.39513234871752e-275 0 4.4042472394136e-85 7.2528836809495e-321 0 5.3194291567673e-20 0 0 0 0
290.247924050594 4.62969226489666e-05 3.60674275139925e-18 0 2.61883377364744e-111 9.61273534302794e-276 0 1.61433868058134e-85 2.58890398420813e-321 0 7.1732362388368e-20 0 0 0 0
286.115753355727 3.79611323595523e-06 3.04159536707446e-19 0 8.29039363781546e-112 3.04308584728721e-276 0 4.66731770646737e-86 5.18768928133309e-322 0 7.6298322192543e-20 0 0 0 0
249.949500429457 2.45513824679281e-07 2.02319367186826e-20 0 2.07010378852191e-112 7.59855782062309e-277 0 1.06436313922978e-86 0 0 6.40124709127505e-20 0 0 0 0
189.851381767096 1.25245607661711e-08 1.06150789229499e-21 0 4.07717016961449e-113 1.49657294721711e-277 0 1.91452938550306e-87 0 0 4.23607796504386e-20 0 0 0 0
