0.0287421872129824 0.0264035266448727 0.0210715907514911 0.0174890860612824 0.0204759143909492 0.0323137119874348 0.0505945977379243 0.0678697793488165 0.0751770749077384 0.0682287306109396 0.050655763283215 0.0307548318477897 0.0152676103325256 0.00619689552947624 0.0020563636728714
0.178097872053426 0.162626381980974 0.126159234966571 0.0943869261641331 0.0915454484176512 0.127612532885985 0.191633180290919 0.253405818604714 0.278482021423765 0.251152476237022 0.185398160331555 0.111957583306825 0.0552982428659757 0.0223379838786605 0.00737944967815459
0.721516642622247 0.656360397556593 0.500010400443457 0.347388944905629 0.282894224231338 0.337047230910014 0.475740037754051 0.616096811874171 0.669910877792178 0.599226511136035 0.439050409057696 0.26326485486089 0.129159811388104 0.0518414980134354 0.0170221449073109
1.94858879369465 1.76835577371379 1.331368037036 0.878610494302202 0.615273225296892 0.608216344667189 0.783768721395895 0.984288139293023 1.05544567782019 0.934623546474791 0.678614111862092 0.403407864358623 0.196270035893366 0.0781458581313624 0.0254609109657608
3.60331622027365 3.26515214504444 2.43992930134363 1.55527411361623 0.964486963936259 0.774398740631032 0.872062273107359 1.0432469055531 1.09717313661072 0.959716705862187 0.68954789835494 0.405854090812454 0.195566390246841 0.07713732407212 0.0249029572445288
4.72508888619682 4.27966803226038 3.18693488866809 1.99250258565699 1.13720245323849 0.746494479460604 0.691657414561279 0.755923930671444 0.766006228318742 0.656457783406482 0.464635286349251 0.270016466493603 0.128616921540404 0.0501826378874778 0.0160331474649242
4.57830822069179 4.15543106251412 3.1070303681178 1.95176958048328 1.0985542874721 0.652342161151414 0.493795552992505 0.451129439840315 0.407589005093604 0.324692539716443 0.218793202483981 0.122824551832636 0.0570371669661551 0.0218230473950376 0.00686253911728648
3.41478411748228 3.13230170135791 2.39829083919129 1.59114261948704 0.996584509426319 0.667369164245231 0.501802848018012 0.389189607766474 0.281428177654068 0.18044000244042 0.100796040417401 0.0486744121863719 0.0201626930611578 0.00709915282515996 0.00210491969174597
2.06998845328051 1.96807272333367 1.61039422064399 1.21214437927162 0.927372216011776 0.761440222240787 0.632903437168052 0.482969629121465 0.318188506569479 0.176670696446128 0.0823417383017515 0.0324138442986957 0.0109112853101278 0.00319277804093835 0.000826177025338771
1.17674580290316 1.2130614554569 1.10424801261636 0.950673334120412 0.833419317196704 0.751590928905626 0.652649721764168 0.506585480854062 0.336813165756741 0.189184049936468 0.090322567974921 0.0375214307058446 0.0140963878633602 0.00498447322698653 0.00168155533015211
0.753591999853842 0.845672260824443 0.828593393664502 0.75050788996672 0.674475437050849 0.619780998087255 0.559272933897633 0.46564174351802 0.345229447571884 0.227510592472041 0.135982372602341 0.0754473039641154 0.0390483468157266 0.0184601445195252 0.00770604983926165
0.481126290926713 0.56341781722375 0.572704902469827 0.541563062440635 0.523925758718877 0.542240501980934 0.569916826593493 0.564124319817493 0.506711858772387 0.411561398425411 0.303979577311825 0.203385618613644 0.121093361881104 0.0626147214477866 0.0275068562638179
0.234750634313957 0.285774678827004 0.315048132031202 0.350811895057916 0.43012331947094 0.559335842609189 0.698619350647191 0.789838870942069 0.797591035166381 0.722555700175223 0.587460011318295 0.42361528829683 0.265541655690581 0.141775183953387 0.0634541717580199
0.0784170945965331 0.104768229793055 0.140743420247032 0.209141631106171 0.332247287687134 0.507326361426883 0.696972690920859 0.847937478946373 0.918976980685453 0.891771657750213 0.769681292844442 0.5807025787867 0.375266966907273 0.204169244868453 0.092394750541924
0.018299051961277 0.0300133459251432 0.0544139895750681 0.10532769457598 0.195256905273968 0.323714416954926 0.471813401440793 0.608820998523028 0.701950004940507 0.722031987535757 0.65331331297864 0.509687358323777 0.336527968402931 0.185471494105437 0.0845608090849854
