0.0472217260100648 0.170257935836682 0.463804011122278 0.954316643210709 1.48286450524625 1.73985354098107 1.54133300293948 1.03094327140121 0.520614966858162 0.198488724994326 0.0571334193759183 0.0124161318128154 0.00203734447713155 0.000252532800761954 2.36942888767406e-05
0.142423827703859 0.467557928672284 1.19728260494823 2.3676747989494 3.58829579713471 4.14536711524937 3.63746086639333 2.41885894475793 1.21739266265734 0.463590234428233 0.133874017056293 0.0296811891865668 0.00533172269430907 0.000926733848935999 0.000202221353140543
0.530559440178682 1.20755996948209 2.11567648230616 2.87906790397255 3.07660141247443 2.61191831956542 1.78179097650194 0.993820497390236 0.481135520964186 0.245161309531446 0.166969987635036 0.13361988607179 0.0953735883769875 0.0537940240494238 0.023195497449141
0.900327855085187 2.05237665791519 3.5765611748282 4.78637623075087 4.96218011103094 4.0786429734282 2.85872997759662 2.07510662118579 1.97093644907477 2.27061941145413 2.4917842621472 2.28063145371297 1.65207046123306 0.925573721501464 0.396443622304466
0.444377454357429 1.20751834537314 2.53665673930365 4.13812482234778 5.33150371952682 5.69291896996588 5.58256870317792 5.68295235976684 6.13671675642827 6.46313765394032 6.12909775048858 4.97981659865432 3.33667282506538 1.78589851797172 0.745956421362208
0.50791335053264 1.32476295709328 2.62800966736034 3.98569781717834 4.69056617712648 4.46650028902863 3.79481439157403 3.29832097829953 3.04972606144031 2.72459238806255 2.154292174021 1.46309929048658 0.845035470979586 0.407469025014471 0.159544067694709
0.399178632326354 1.00979177239759 1.92942411905841 2.78593554906065 3.0446543892207 2.53125446258159 1.62760127135134 0.851136499852949 0.408582532979774 0.210746420460555 0.118285995370416 0.0636442287632532 0.030095550943462 0.0121937082919711 0.00417882623708019
0.0399923607072271 0.101022416757129 0.192661554519912 0.2774106817025 0.301611766496 0.24769918474509 0.153841139517612 0.0725520288344129 0.0263337396269787 0.00767543207973441 0.00200657028870751 0.000558014560806558 0.00017409171551556 5.40855985566829e-05 1.50844538348753e-05
0.000435692492150953 0.0011005164378964 0.00209864948377672 0.00302142031009974 0.00328407723103314 0.00269498940974405 0.00166985126761676 0.00078144095709763 0.000276453542416098 7.41734303581797e-05 1.5256858649549e-05 2.49141126946717e-06 3.56089308964131e-07 5.31515855257551e-08 9.14597503360446e-09
5.1292442058369e-07 1.29559382487981e-06 2.47064734473944e-06 3.55696105593022e-06 3.86610935238369e-06 3.17246286062091e-06 1.96539015064769e-06 9.1926145905043e-07 3.24634994207744e-07 8.65790198187258e-08 1.74507757579347e-08 2.66505084319914e-09 3.11055945812567e-10 2.85532276505705e-11 2.24447071232923e-12
6.52372691119232e-11 1.64782552318138e-10 3.14233906724606e-10 4.52398582526954e-10 4.91717666379077e-10 4.03493760037462e-10 2.49968010854152e-10 1.16912031994225e-10 4.12822211118738e-11 1.10053144541648e-11 2.21513109974566e-12 3.36689013562958e-13 3.86675581099647e-14 3.36224038110504e-15 2.22885537328251e-16
8.96403412754453e-16 2.26422171952353e-15 4.31778255988284e-15 6.21625682297212e-15 6.75652668464485e-15 5.54427053117406e-15 3.43472294619908e-15 1.60644340151272e-15 5.67238495650403e-16 1.51214332612286e-16 3.04332766274994e-17 4.62421556676129e-18 5.30491448303649e-19 4.5954579710122e-20 3.00740245622188e-21
1.33068855375055e-21 3.36118078293651e-21 6.40964073130084e-21 9.22787850493353e-21 1.00298956206909e-20 8.23033142662495e-21 5.09876036120051e-21 2.38472467934423e-21 8.42050754095139e-22 2.2447330448619e-22 4.5177026344451e-23 6.86431874765082e-24 7.87417904675385e-25 6.81938475422127e-26 4.45893201448714e-27
2.13409882756176e-28 5.39051151209794e-28 1.02794953264262e-27 1.47992591054981e-27 1.60854983047575e-27 1.31994376697053e-27 8.17716393982151e-28 3.82451479405194e-28 1.35044329025008e-28 3.60000186214874e-29 7.24528501304324e-30 1.10086641333005e-30 1.26281650394761e-31 1.09363557883262e-32 7.15043887464298e-34
3.6975820437771e-36 9.33970738209289e-36 1.78104579071506e-35 2.5641490460751e-35 2.78700540607694e-35 2.28696080427116e-35 1.41679167583814e-35 6.62643033697062e-36 2.33980487595624e-36 6.23743469720938e-37 1.25533242736771e-37 1.9073827492431e-38 2.18797989063623e-39 1.89485155883185e-40 1.23889219176045e-41
