4.92525913195146 0.777583892165395 0.0523532422044734 0.00264902168759572 0.0228090912943353 0.194174891314923 0.654219889652917 0.441692624231114 0.10295448390241 0.0327124572531169 0.363679344935676 0.118351882391318 0.157579591768583 0.027634559496065 0.000104989682732198
7.67077798762077 1.28018350017822 0.15642099420321 0.00856592581965738 0.0528842188810415 0.372671473772235 0.881136159532485 0.654988404742697 0.182696100585167 0.0602237331093234 0.670729694507841 0.22164313951805 0.314246096240376 0.055124620432803 0.000209430432656376
9.21273301131568 1.72909901008585 0.353245595200155 0.0229563255796903 0.107245892076208 0.553804004133521 0.892084502906641 0.736824540848187 0.238243334471776 0.081477329557698 0.899522678523707 0.30157907164102 0.45474221989154 0.0797912238899968 0.000303144293986273
9.01028911931386 2.09404590395445 0.613606736647326 0.0552422620435539 0.204771146470563 0.681451927695988 0.73532740128013 0.666359840169329 0.234563118148055 0.0854617831107763 0.885740942814309 0.298712063868305 0.477514556107287 0.083807153429065 0.000318401751169178
8.04808659345082 2.47635014709438 0.847790206589924 0.122655703031134 0.36242814457445 0.773174142056541 0.612860427636653 0.568828122477276 0.189802178784014 0.086256162916671 0.675617800681307 0.217915032808518 0.363865143455959 0.0638739108186211 0.00024267103297995
7.5833500713636 2.86244341192996 0.969750155857087 0.237416659887964 0.556838201745007 0.859025640610497 0.632148059615754 0.556787909991702 0.150240413369213 0.119405661840421 0.502395945683966 0.125330228918829 0.201222605647014 0.0353250262786091 0.000134207526630334
7.66671849562464 2.98676584800138 0.938530012693363 0.370396735804875 0.718559354811061 0.883270492186132 0.687405134295108 0.583857913072078 0.130150980654171 0.202342606493209 0.53681953009347 0.0758892559726279 0.0808471866587907 0.0141762220246745 5.38582546206891e-05
7.42807032150328 2.61904537144575 0.75687425907218 0.442728408114289 0.788694291563634 0.777769130501988 0.620078482141721 0.526561156645371 0.108865364431723 0.29649090983443 0.718659208945585 0.0729929707164883 0.0239613708662227 0.00412870985569361 1.56835641203738e-05
6.47660334911249 1.91584634944862 0.489473270061703 0.396309085485131 0.752730759011446 0.579552758493988 0.421156801591438 0.362676598037048 0.0744565601954229 0.328752834092968 0.832463344612354 0.0935584381649924 0.00673370611861778 0.000875346653452299 3.31412574565056e-06
5.37600833554515 1.30244138184187 0.247244518134833 0.26390616794069 0.619473831257185 0.379009624214348 0.210192222630329 0.183742373515273 0.0386358792128115 0.268309550696859 0.738029222863155 0.132807281068927 0.00668855024610798 0.000144858696446831 5.08595067615865e-07
4.86091152848146 1.07759366800205 0.103961876772801 0.13102356247992 0.421560766126099 0.221061644792174 0.0768834744670178 0.0677875036022777 0.0149118029338312 0.160555842393669 0.505183409764706 0.215727858575112 0.0153830654811167 4.41903996145091e-05 5.77558760074636e-08
5.03743564335154 1.23516961090419 0.054747553628541 0.0489124022301156 0.226068206368017 0.110134656735036 0.0207456783313987 0.0181640110165899 0.00427982544239368 0.0706123299260974 0.296990134597813 0.34752180869389 0.029134963202191 5.7327620485122e-05 6.90244976322329e-09
5.30201430793684 1.52200280939353 0.0541959268980913 0.0139368146186158 0.092206729142077 0.0438360025919916 0.00419737613913379 0.00353269155526495 0.000919500134879785 0.0230898693072947 0.184232550382907 0.459585210544444 0.0404201078857147 7.80707666046268e-05 3.51692305274085e-09
4.90165704233252 1.60196945862189 0.0606831014901537 0.00312060274414422 0.0280035355054257 0.0132679222033465 0.000656685717027907 0.000498609051842635 0.000149254459638012 0.00586821699279616 0.128783432421104 0.457408238805829 0.0407461532609923 7.86640219554215e-05 3.28846021387434e-09
3.66358040954581 1.31583226498632 0.0538038378757731 0.000596930207681628 0.00625917188942093 0.00297490101429434 8.31575398167423e-05 5.10699528192628e-05 1.8493570585986e-05 0.0013314044209781 0.0838390551200264 0.333577649089083 0.0298143677148519 5.75630412816449e-05 2.3984855868452e-09
