0.387925960169182 0.384252919410215 0.34503926046934 0.314040786188576 0.312987943300928 0.324649600043903 0.314705412574006 0.265803365374229 0.190147358734902 0.11442558766035 0.0581172391922501 0.0251635143070901 0.00943888711853275 0.00313107730790716 0.000935678072167626
0.770943320310484 0.759653845485636 0.664289327165698 0.565462014017542 0.512954991830728 0.494646879729148 0.465637500502769 0.396148211233273 0.293165385962075 0.186557702080132 0.102452398860319 0.0492074399661452 0.0210496660309669 0.00813411982655638 0.00283875146716971
1.23064550352307 1.21769782167925 1.0604039683593 0.876884340142889 0.749069248043738 0.678267820768892 0.617824060176749 0.528280463873783 0.406299510868306 0.276957111741826 0.16796982099274 0.0917397711245504 0.0454741322053408 0.0203151642699497 0.00800539117024202
1.60185661686137 1.5998238523642 1.40650219747301 1.162157555806 0.969938318865076 0.845789820885084 0.75126797377891 0.646588262073329 0.519812105721328 0.384945753196229 0.262506347150911 0.164414386967676 0.0930796751374126 0.0463498184522615 0.0197321614473186
1.75434362354689 1.76665562552842 1.57168921885254 1.31212421323223 1.09469020650874 0.943294281010857 0.831562259320461 0.728526264162249 0.619972963664645 0.505837753721084 0.389406312677682 0.274793278163354 0.171348472886799 0.0913346895605633 0.0406433606137765
1.71327668175969 1.72166696150495 1.52967618318355 1.27632188856152 1.06441533713914 0.91870181996373 0.820141146251324 0.746933424752702 0.685377645259564 0.620049626582205 0.530636549041469 0.408318022748144 0.270639015522568 0.150176965191928 0.0686286768530233
1.62247947495226 1.59708228489042 1.3774217918784 1.10971230842084 0.900902716696475 0.775575446205103 0.713516224064894 0.693130321627667 0.696774210707706 0.693855599100738 0.642724370277913 0.52305427523734 0.360002853116209 0.205153443052802 0.095761337800999
1.60193787529382 1.52416520276769 1.24294729079901 0.926336668899358 0.698544783373655 0.587791418301431 0.56637585597032 0.601619528943258 0.664428560470136 0.712243377683856 0.693204653743269 0.583135162511333 0.411703355324414 0.240204464403896 0.114941856044666
1.6716450913022 1.54411314391343 1.192093864789 0.812262111449506 0.552979398179263 0.449140689569229 0.462562416596589 0.541678895495708 0.640698372552787 0.710521299115534 0.702862847976727 0.599201040167339 0.430622985524255 0.257484624523718 0.127141183008186
1.77990196380772 1.61864407899333 1.2119766652108 0.782670328341618 0.501245233482915 0.408228283252569 0.453408186259824 0.563686360950451 0.675953481333287 0.739691345819708 0.719433529460089 0.60904937391628 0.44076024517366 0.268790534304654 0.136666337027509
1.84655498684481 1.67121926647105 1.24139892186572 0.795328880224904 0.515838686957273 0.443997673124659 0.517319966240502 0.644676397600586 0.751259361233295 0.790244891574267 0.74199832483577 0.614374728227743 0.44154833719836 0.270920701618567 0.139852643417525
1.78842353271561 1.61900253096581 1.20679362202427 0.786298833504155 0.535790158135799 0.489927151665179 0.577222291322008 0.698967185934458 0.780630511331124 0.78574392247028 0.709788021815245 0.570987486321823 0.403207470993222 0.245532914277272 0.126731782110303
1.56146996336386 1.41613852711178 1.06297715838026 0.708617828324651 0.507304929772927 0.48233122667223 0.561424072497201 0.652949626158422 0.695860791256553 0.669468560416866 0.581156100996612 0.45264446118516 0.312028129256441 0.186918274351636 0.0955121500171756
1.20143507942345 1.0916261627447 0.824705532847101 0.560315552882413 0.415029620595482 0.400833327574916 0.45533812937964 0.506369721977545 0.513193405721427 0.470125749132302 0.390604101600744 0.293260267831444 0.196347642917042 0.115052350127499 0.05785978764394
0.80558109583623 0.732746146423297 0.555638369195678 0.381217113194726 0.286045482092571 0.274838575488541 0.302703457823893 0.321689413433629 0.309436746045672 0.268647598451685 0.212309262499112 0.1527073202594 0.0987629456812427 0.0563366851827963 0.0277650132841078
