9.21599572278878e-07 0.00233564626499367 0.0244236033574208 1.86495613994969e-07 2.80661823638108e-24 1.49661314023198e-48 6.73529387388414e-33 1.26849538873772e-19 4.95589836401039e-19 4.0165857663429e-31 6.75293942105571e-56 2.35521098295641e-93 1.7039935134198e-143 2.55745035362056e-206 7.96246692784193e-282
0.000118236672326224 0.0436396199977997 0.34906723563396 2.84081488563072e-06 1.63994859183211e-21 1.10039045401404e-45 2.4465040363028e-29 4.60763724150413e-16 1.80016278102885e-15 1.45897023552551e-27 2.45291354169133e-52 8.55498406459978e-90 6.18952503999833e-140 9.28959111500282e-203 2.89225798349002e-278
0.00616181578930661 0.39606553143788 2.05794303434593 1.72575875347685e-05 4.74242308045343e-19 3.20730765911775e-43 3.51402270471464e-26 6.61815457545817e-13 2.58565397434509e-12 2.09558392590568e-24 3.52322896275758e-49 1.22879046162975e-86 8.89029047130579e-137 1.33430534392117e-199 4.1542789511336e-275
0.135120500839741 1.68636709921777 5.30765137471375 5.77096600821254e-05 5.45156010632108e-17 5.1578228735041e-41 1.99587082311019e-23 3.75893462562667e-10 1.46858223742562e-09 1.19023556947493e-21 2.00109973121977e-46 6.97920086512951e-84 5.04944698759272e-134 7.57849714937606e-197 2.35951923090994e-272
1.36472067009081 3.14618179360543 6.67635310281528 0.000806433180557715 2.47832877282957e-15 1.08303997737812e-37 4.48259533899909e-21 8.44232133529523e-08 3.29833966016021e-07 2.67319124778081e-19 4.49433912464325e-44 1.56748287042025e-81 1.13407277009212e-131 1.7020808964717e-194 5.29932588035617e-270
7.40889593462774 2.44286824256608 4.5539962310148 0.0137997490654925 4.45676235860783e-14 3.03857913267433e-34 3.98103394410593e-19 7.49770283979382e-06 2.9292856377307e-05 2.37408561150169e-17 3.99146370761257e-42 1.39209588241373e-79 1.00718040585637e-129 1.51163362115598e-192 4.70637981238959e-268
24.3113860481291 0.82511627932065 2.06106993431489 0.0978844990353682 3.34340285183204e-13 3.42324577858206e-31 1.39807820539146e-17 0.000263307851125885 0.00102872029351592 8.33742539695775e-16 1.401740978744e-40 4.88882772752878e-78 3.53706347168901e-128 5.30862597492815e-191 1.65280857545513e-266
47.7211721093021 0.515362867766975 1.48471711229515 0.274886929363249 8.70551070008479e-12 1.52516811956682e-28 1.94149506116909e-16 0.00365652572621869 0.014285719936721 1.15780863821755e-14 1.94658151223221e-39 6.78905861725095e-77 4.91187920306863e-127 7.37202759628965e-190 2.2952361848782e-265
57.0071401019256 1.1508703845286 1.15964207615262 0.305604214985673 1.3732143842076e-09 2.68699661339101e-26 1.06613046654971e-15 0.0200790285610982 0.078446974013746 6.35785837587898e-14 1.06892358230543e-38 3.72806625976407e-76 2.69725335445872e-126 4.04819119957838e-189 1.2603798348848e-264
52.4893191345415 1.24944572585866 0.415160162052516 0.146469390751324 9.54113039223857e-08 1.87191406518585e-24 2.31501419315683e-15 0.04359995100241 0.170341120481955 1.38055639905631e-13 2.32107921317126e-38 8.09518776094419e-76 5.85686273305713e-126 8.79031260964304e-189 2.73681064191869e-264
47.428090668813 0.586545874116189 0.0594920653026422 0.230570075993125 2.62542419020798e-06 5.15672557015237e-23 1.98777031803792e-15 0.0374367849349194 0.14626218026492 1.18540484137565e-13 1.99297800393403e-38 6.95087485757743e-76 5.02895314076579e-126 7.54773881878278e-189 2.34994281079457e-264
36.0222825182999 0.183688115902651 0.00338741245962718 1.42593281669669 2.85809968380232e-05 5.61734916917376e-22 6.74913296385684e-16 0.0127110178159056 0.0496608130845784 4.02483869380892e-14 6.76681476754809e-39 2.36005026351463e-76 1.70749472954884e-126 2.56270517786537e-189 7.97882750516526e-265
19.4335351622799 0.065064393381876 0.000101982568325773 4.07436264440841 0.000123067541113264 2.41968085155806e-21 9.06147729732971e-17 0.00170659846207803 0.00666752800311829 5.40380292471259e-15 9.08521712636881e-40 3.16863543775465e-77 2.29250554256012e-127 3.44072266961327e-190 1.07124818379706e-265
8.58413375097962 0.0147278434730776 2.61916552892758e-05 4.9247706919679 0.000209578767594326 4.12148772551152e-21 4.81082178336569e-18 9.06048846940531e-05 0.000353985204686819 2.86892875964975e-16 4.82342547732499e-41 1.68225774752939e-78 1.21711231411294e-128 1.82671136574756e-191 5.68735530521111e-267
3.86187364890128 0.00142244568296872 9.86889908417442e-06 2.53796841954549 0.000141143064310097 2.77599821571551e-21 1.00997068998772e-19 1.90213402265529e-06 7.43146800114618e-06 6.02295010995386e-18 1.0126166748231e-42 3.53168563400989e-80 2.55517210786637e-130 3.83494758598551e-193 1.19398772610338e-268
