0.273848679009245 0.234951535849448 0.166666166260613 0.154534715008232 0.20056050692455 0.231029725205917 0.201926180985619 0.148403125139721 0.112756057085641 0.0886869030041151 0.059091376134539 0.0294863444964347 0.010699813879575 0.00283408473535616 0.000551389101283702
0.492570717834545 0.421592599150893 0.289644717235365 0.242305265928291 0.290754027315772 0.332587709165434 0.310084188468205 0.269720387543858 0.251669854077323 0.224072030161288 0.159869944067141 0.0852120354002566 0.0335403391897285 0.00974518648825927 0.00207511263992201
0.627972659402511 0.546154610812583 0.383315324256398 0.307998331876111 0.335672354299564 0.372189372070644 0.37741373043859 0.395287345863154 0.43137511001799 0.416111372512654 0.315669114383939 0.181336088233157 0.0778820064317641 0.0246442912863081 0.00563212126783645
0.681840496376046 0.623739968124626 0.488972310663839 0.42679252596162 0.434829178296176 0.443402342796597 0.455045598634911 0.513489445373596 0.587617687702794 0.58426915702199 0.465400626543927 0.286721032608491 0.132681189503363 0.0447426146537435 0.0107118889836821
0.964594145491102 0.913631423747814 0.77081536657707 0.71728411121975 0.72000736167459 0.682928210779815 0.628171886068428 0.624886569173664 0.65298750988291 0.630259498709553 0.513327693890344 0.332027797377097 0.161586205940677 0.0566856987438114 0.013939653302523
1.83925301262119 1.68996714733796 1.33241756142711 1.15308140251115 1.12798911050051 1.0471070783933 0.871157320005331 0.705759189046596 0.603231241159101 0.52446675282497 0.418228366760023 0.275192681405234 0.137226660928372 0.0490915508235391 0.012231206382781
3.21307674261182 2.84633537639805 2.0349265865835 1.52995847603558 1.39874142398192 1.29134076729703 1.03284796554362 0.723730315459617 0.494969553518393 0.359083544586641 0.261533703486178 0.166249895410977 0.081887952834296 0.0291543696163008 0.00724761252933474
4.36164771777552 3.78010608787259 2.5157580476195 1.6355370639934 1.3377584977426 1.21760061559808 0.988079236090565 0.682476575672683 0.434579248057946 0.278873976005602 0.174962232460308 0.0958364685504688 0.041629655392992 0.0135003688918987 0.00314888021487076
4.46679838825054 3.82590608959885 2.43364497294963 1.40012213474661 0.99801500353472 0.890837314625049 0.786989995263942 0.634802507648897 0.482357020262745 0.340998845680151 0.205042098241242 0.0960486972714792 0.0334350236128317 0.00850266762317854 0.00157410586073248
3.48830587053991 2.9717508535401 1.83900692313833 0.964764973437126 0.604277478796383 0.550595696748558 0.589291709299339 0.616814749265745 0.581923575345848 0.459374936455227 0.282187976683881 0.127762148202348 0.0412295708462675 0.00931655136596307 0.00146387379442636
2.27304989273185 1.95825258446053 1.21569071581975 0.616464658772584 0.366652131369948 0.368629861898384 0.481988058080203 0.594902807954057 0.617165832889973 0.508481894020328 0.317246567467253 0.144021084840732 0.0462235323260829 0.0102991850034883 0.00157662234240762
1.62471054847874 1.48460147932096 1.00106628822254 0.565261374147963 0.37517662338255 0.389997751007441 0.488532811263547 0.572791151152335 0.581816639617524 0.483564568801878 0.308091176612184 0.142767222610547 0.0465568398726496 0.0104904196294239 0.00161752788439695
1.5762234815851 1.56054813103562 1.17798104808831 0.772966383247499 0.578328386405076 0.573004095412463 0.611201432409993 0.606044346523296 0.555811680130169 0.451671507671505 0.292967987079851 0.139210033472063 0.0463485889037486 0.0106043447017444 0.00165364888357697
1.61538258016391 1.67839779121645 1.35705232268704 0.972697399242826 0.771904627546308 0.741907724674891 0.721441268701045 0.630503370845825 0.514176071131268 0.393933371345751 0.253035539040283 0.121173825323324 0.0407386561792126 0.00939453196329636 0.00147370878692633
1.33557004509069 1.42259584009941 1.19668788491073 0.902738394324955 0.735787865579182 0.691346439671939 0.640029901588932 0.518763512838482 0.382766606123362 0.27056723802891 0.167607322655021 0.0794866047677101 0.0267068000526891 0.00616809592147318 0.000969220814931317
