0.0492411099179869 0.11748011993199 0.166266248079713 0.132901802816635 0.0935292737630005 0.184893725557279 0.395098421555024 0.506055871721395 0.436936136756071 0.337768795299174 0.224835578517955 0.0959257011377195 0.0225998406630825 0.00282602128206625 0.000185920331704579
0.115104160365646 0.217937358146718 0.284026758820431 0.221763837585578 0.142431732440363 0.245112119629604 0.514970284958225 0.659381937116783 0.565397908610956 0.430331277524598 0.283514771385045 0.120562758027631 0.0283810036461798 0.00354825171734202 0.000233424540796827
0.268199229686194 0.356940386847877 0.383666955470055 0.285812465072953 0.170436610393644 0.243172165291464 0.495025607861101 0.634922852431545 0.539006473550069 0.398508464928181 0.257008504888483 0.108497988406431 0.0254926909199759 0.00318568740487397 0.000209549927567838
0.620465675015004 0.605028094665185 0.478905619523138 0.324750951037162 0.186002190336196 0.202086470141652 0.382611302039927 0.494765573587471 0.411711243423035 0.281993412769974 0.170462501994649 0.070247776505298 0.0163980535393886 0.00204585028788169 0.000134520234644578
1.29837485142024 1.08648377325491 0.658413160244219 0.390223373739797 0.22279236015244 0.17994830613005 0.295417543965693 0.38806195968148 0.311488681252121 0.178807205531247 0.0887282937171615 0.0334201204670026 0.0075968369815239 0.000941356755592205 6.18115679203395e-05
2.31338119849179 1.8551657566271 0.983098714413981 0.509485164639648 0.289501981119981 0.198072146224752 0.273492000647535 0.35873108629287 0.278895057038704 0.130839011742069 0.0448784031808813 0.0128457659512713 0.00262298974159009 0.000316094539326117 2.09963633967958e-05
3.46645840047352 2.78800622085588 1.40392098482939 0.646421765111316 0.361201925631041 0.236636141963026 0.270778389837549 0.33912844711671 0.26284623733279 0.115655808459986 0.0311679796705426 0.00602214485136398 0.000930515722572745 0.000116466772429717 1.30199780413634e-05
4.41060052958063 3.61910367106522 1.80019674249934 0.759332029907054 0.424687955760883 0.285180051662813 0.265157531712303 0.306028463818903 0.251071407598031 0.123973050343742 0.0376922125651485 0.00762881177826331 0.00135221888327911 0.000324600347025503 7.45227092275609e-05
4.87129708037624 4.09648501522603 2.05463856124981 0.833786720490367 0.483767809117329 0.350119616511408 0.297954864749611 0.339402712607697 0.31769527418982 0.190038186286924 0.070937480173028 0.0183838389292178 0.00522968755593789 0.00187971692167928 0.000481909660326401
4.85301994727536 4.15856721139139 2.11993799155001 0.87156077035128 0.54075636068954 0.434106370956368 0.407724242476675 0.506460781352353 0.514037724359295 0.331706237756012 0.135176542342058 0.0444564924812347 0.0195597016995442 0.00855123315488906 0.00227013468929362
4.57628071412898 3.95216683694139 2.06192407952581 0.91627258709467 0.630288505795791 0.549820033930382 0.567951882678041 0.732691797135104 0.745313788658078 0.481815391070223 0.209493233129818 0.0948323766865285 0.0592550143999971 0.0284892088708402 0.00767280564840498
4.17449386998201 3.61770032253922 1.97229361729468 1.02408942175959 0.802667412860276 0.707108752677967 0.692298753260224 0.837075580250273 0.821662155382977 0.526053569627846 0.258631095703393 0.173901914388609 0.136530933727172 0.0685284923927327 0.0185674475454214
3.56110001151618 3.11425265747739 1.81621908410804 1.13780969388146 1.00140015038523 0.847307506557315 0.699843582388535 0.72082634236172 0.665040450100464 0.42757382757316 0.26413140509177 0.260604520797278 0.231419733714932 0.118341434174755 0.0321441437855282
2.66942364190301 2.36817234730024 1.48378889138322 1.09602411200205 1.05377207964517 0.856220600718422 0.581307384199728 0.470509940525056 0.394719697560173 0.263815315541672 0.228817704804535 0.301464270602015 0.283967836897749 0.146368307462849 0.0397980949247226
1.69618208632466 1.51884801758614 1.00265054258378 0.837770773187897 0.86426496657982 0.687184690212884 0.396442740574833 0.239214600627693 0.173597947803315 0.127931553425627 0.164680181061872 0.25891424038561 0.250461749704196 0.129530814501099 0.0352350943379503
