0.0228144335298532 0.0411877096460205 0.0738912119970175 0.126602623779355 0.197517876042204 0.269854756280645 0.314463793417285 0.307744281004871 0.251033487349336 0.170436149924454 0.0966593242794113 0.046163295676276 0.0187797434170257 0.00658570004378283 0.00200660450121096
0.0768404073309043 0.117238322486702 0.177780338397047 0.264558229665776 0.372275955298509 0.475378757899994 0.533263413152897 0.514991750302457 0.424341039933025 0.298276138005442 0.179918624226855 0.0939135221373509 0.0426862591728202 0.0168943811170915 0.00577865856000383
0.221522098717758 0.293509396108246 0.378914669449088 0.484250980360655 0.603976876304742 0.712302626882646 0.768954530067618 0.742399099794885 0.633578790884459 0.476424945596708 0.315528761278136 0.183476496595016 0.0928788969034835 0.040405086555934 0.0148917067790736
0.532242717941218 0.631890632066229 0.709957207638245 0.784282692475431 0.864160405975934 0.940103666641744 0.985907743692304 0.971466604654223 0.88033492493245 0.720738336396647 0.524056738245266 0.332458056893481 0.180852500681562 0.0830854438787358 0.0318446469285385
1.04399341404412 1.14261805736219 1.14883225490025 1.11922268807463 1.10353873859565 1.12170825698351 1.16192003276558 1.1859356302567 1.14436898916425 1.00489871293401 0.778602519437875 0.519858794694716 0.29389865816298 0.13888911837897 0.0543563000224036
1.65091140626976 1.70413942727636 1.57487496677451 1.3879968660543 1.2527397390405 1.21492086570876 1.25965200282968 1.3269764123836 1.33459443437766 1.2183709728642 0.974875563631459 0.66784473721273 0.385493100337499 0.185395223447272 0.0736915103338787
2.10215827668328 2.08116303628843 1.80677531316532 1.47467615347886 1.24586157984809 1.17339625932169 1.22103418018144 1.30607429195473 1.33406041188133 1.23575011030894 1.00380572630673 0.699111693149891 0.410924721397409 0.201534989247015 0.0817896365277359
2.19760769377303 2.11001710572496 1.74658339467861 1.34059189460257 1.07291520908066 0.986853732212899 1.0249884871543 1.09778070036546 1.12398330894497 1.05018056750981 0.868077482855794 0.620182294314301 0.376136617518363 0.19105442380658 0.0804711695199406
2.0003213967247 1.87483705362959 1.49065317601534 1.07907524968633 0.812022060023296 0.720147364413825 0.740016616939656 0.792794364340972 0.820794988386308 0.787742304847189 0.678971654841736 0.510783447942955 0.327528220496773 0.175890005766915 0.0781509274384668
1.76592946944099 1.62353838851818 1.24528790361366 0.846925092685608 0.586026680254245 0.487311076271305 0.491468831607467 0.532884369301558 0.570699905638284 0.577720821200033 0.531441899260525 0.427450841920621 0.291605829995074 0.165346526260265 0.0769747193469801
1.66088592777322 1.50866733857638 1.12957783951064 0.733719771237337 0.474568738801916 0.375290969155479 0.375731333264717 0.410917142360622 0.44509853078075 0.459101137191849 0.434053482706573 0.360211827653848 0.253278074804229 0.14750090702814 0.0702386564556534
1.63359332701501 1.47805065600727 1.10014071513748 0.712344122709122 0.469877186205338 0.392098250907044 0.406491413460064 0.434006945059094 0.436845890494898 0.411323644357624 0.360353522377683 0.285204173765018 0.195982763659533 0.113211506327233 0.0538747512439272
1.53636235253657 1.39140324784778 1.0428186214893 0.696556203905263 0.502285116599632 0.471453165559478 0.515442694895026 0.53686486373818 0.494507543002083 0.405163086371461 0.303310928494716 0.209765512384325 0.131459203445324 0.0719939543268403 0.0333247617121413
1.28546331524876 1.16744208310961 0.885678276468078 0.618479233652738 0.494744803061298 0.517455830897657 0.592083826040351 0.613433421137012 0.539627084898708 0.402538609572895 0.260841599493681 0.151681257330229 0.0808609398091667 0.0392635907126793 0.0168557868875431
0.915894701143281 0.834498153161877 0.641636535161787 0.46912417380627 0.412137410504788 0.46849111790151 0.555561855155479 0.579509141503607 0.503100345237026 0.360768244371524 0.215940744034374 0.110321019313859 0.0496076223840064 0.0201890722883862 0.00749311522099421
