0.252930535547492 0.381200570784693 0.530858210734813 0.67530315442954 0.78014190964446 0.821513517641513 0.800707989171008 0.740388119467016 0.664509364815324 0.581427662231377 0.4861297434204 0.376027050582623 0.261254767723591 0.159723269283264 0.0848692284144008
0.406375080805739 0.576521919795877 0.766068713917547 0.944118556008917 1.07159353493559 1.12236294732537 1.09976789267284 1.03068381585779 0.940577654751827 0.834529922952801 0.703320909623747 0.545300735256681 0.378371114586576 0.23060215963735 0.122062984310958
0.600050413056819 0.796492649596905 0.999895990346498 1.18225831192762 1.30876773696817 1.35734391480378 1.33415753776811 1.26597164797221 1.17369369201115 1.05496706925224 0.895453980192301 0.695503267464808 0.481800468641715 0.292648589139737 0.154280546292634
0.815114473385749 1.01134344917638 1.19015297562991 1.33575871130947 1.42855072700691 1.45764923302293 1.43236246758455 1.37419669266531 1.29346934283191 1.17730505720736 1.00624342928335 0.782996597188443 0.541633504556192 0.327964869715665 0.172241720047466
1.01700686645231 1.18560231670524 1.30391910927077 1.37584075398134 1.4054279251409 1.39825162859519 1.36669726954347 1.3233613996355 1.26464246236517 1.16650780063366 1.00512893771492 0.78466399031777 0.542797554529391 0.32810833112465 0.171892503715521
1.16260934832272 1.28761087162778 1.32888298105401 1.31134954678296 1.26470844097725 1.21242458274318 1.17016793170506 1.14138862881532 1.10931558833907 1.04049848317215 0.907484252409279 0.713689245674914 0.49572775430817 0.300320498349174 0.157537620944319
1.21684323307515 1.30087026348767 1.27594736344181 1.18173022237695 1.06796166810495 0.973656286366717 0.918925596736617 0.901576885463196 0.895778768947312 0.861396048021853 0.76724983977473 0.613243836082214 0.431322732599578 0.263985926662619 0.139713838756475
1.17041076293466 1.23192548573419 1.1730260127843 1.03648679000157 0.881488587397173 0.757999727383675 0.692613546462845 0.683242872752645 0.700426194940372 0.699658483821513 0.645013368346321 0.530541244703707 0.382204400077989 0.238809901839676 0.128739841706935
1.04504724798207 1.10786586674905 1.05287258645554 0.914010138494676 0.74854785766811 0.612147896822176 0.539672660411156 0.534761413655153 0.569303341535126 0.596161367374032 0.573749949328055 0.489213548377068 0.363169368445052 0.232795338928195 0.12832618095929
0.880723544452853 0.962782363312245 0.940220926172155 0.83029237378918 0.679552747799369 0.544040509888676 0.466867734953108 0.461016699857811 0.503708225944068 0.547410835593911 0.545603505772063 0.479128052504863 0.364451839337648 0.238419874032572 0.133715469968883
0.714728660528356 0.822410994999457 0.844889154197646 0.780533271860045 0.6599630514708 0.534179591759764 0.451953338299466 0.43663983684493 0.474056534707482 0.520000312960931 0.526161772432731 0.469104354019439 0.361639602421856 0.239299365520761 0.135514065400781
0.568329743230406 0.697629208972047 0.763863581627474 0.748798179046197 0.665036827467432 0.553444593114697 0.46399940258559 0.429357072944622 0.446510897756425 0.479348947501452 0.482571279852762 0.431186118538606 0.333893530425284 0.221986565955382 0.126255963371916
0.446945152888905 0.588093112945813 0.688302480087338 0.717330922416015 0.670377577382371 0.574679947892478 0.476814176773325 0.416281335735987 0.402359122573422 0.41094616664017 0.404256615956849 0.35830346253267 0.276992773426246 0.184279602852395 0.104953269380228
0.347510447195624 0.489027058637079 0.609141635351811 0.670969777901194 0.655572893110327 0.576033284324204 0.472253184128819 0.38715846605247 0.340914459100986 0.322550053609902 0.304210849047335 0.264727225701038 0.203245565997816 0.134923809584847 0.0768150103886541
0.264887259241294 0.395723815846444 0.519875698161635 0.599192699014857 0.606174078605021 0.542401898763486 0.439660433449399 0.340216324252155 0.271055686757001 0.232114490567001 0.205266732751004 0.17310590185554 0.13116576379595 0.0866343573963086 0.0492347013853329
