0.0398925665561666 0.0372224630213352 0.0368158674650316 0.0580291043644245 0.105166426242241 0.151000373468058 0.156390322729967 0.115084447416183 0.0600443002913734 0.0222078769852886 0.0058237312250018 0.00108312557550514 0.000142921706847162 1.33861901600618e-05 8.90436359968918e-07
0.120376071805093 0.108271381184601 0.091104595144857 0.114640001212883 0.191458176966152 0.271444267996109 0.281569785582202 0.208229142095287 0.109382708049284 0.0408082670115671 0.0108184867319835 0.00203951316694739 0.000273666350697464 2.61652777639285e-05 1.78517706370049e-06
0.284633063933678 0.251328854020488 0.187937806460163 0.182900260944776 0.265916147368767 0.367822156635097 0.383627757277159 0.287683882196161 0.153988037051503 0.0588115341920495 0.0160415666479649 0.00312886541939368 0.000437024536941207 4.38003974768305e-05 3.16735617161797e-06
0.565288943040499 0.499136770105895 0.350446927250751 0.268004174699726 0.311986950577389 0.40787592543032 0.429675096129889 0.332276016051563 0.185293150683002 0.0742897087738306 0.0214109497235446 0.00443785271975588 0.00066254472460903 7.18377837288197e-05 5.90802633856853e-06
1.01239751742018 0.908876068310592 0.633366814146875 0.419558796784639 0.377695260347713 0.439334414568076 0.461328836798316 0.37044069160161 0.217800976077122 0.0926754320058452 0.0284248709841806 0.00628471833459216 0.00101370112449282 0.0001272255231163 1.557481610819e-05
1.66198747923158 1.5292869271616 1.09180278550418 0.69919719488844 0.534070019055929 0.533841917077352 0.531775250323828 0.427436993945145 0.257092367818675 0.112929122194624 0.0359975164323973 0.0084511433078872 0.0015927003966538 0.000312132836291558 7.8762467669796e-05
2.40464346727379 2.26707260986436 1.6678922597951 1.08506084702336 0.781434345982949 0.690859339178872 0.623234944207842 0.473041212292061 0.27691678271138 0.121358865624686 0.04025991805163 0.0112202660269882 0.00344619252195303 0.00132966863478275 0.000494430143957124
2.96145862714961 2.85083482759109 2.15283824402932 1.43814307556404 1.02589096730728 0.837129065701441 0.676257200588 0.466698504993954 0.257953762751253 0.11460729926898 0.0459307093866227 0.0213573786203588 0.0120321370078149 0.00628608931589742 0.00253635845586888
3.117844638626 3.05077908126328 2.35187110003453 1.61089807186628 1.15628654634964 0.898632549510174 0.663431033579461 0.420828477109214 0.230362722792508 0.123788068580753 0.0800894392369073 0.060890266353771 0.0427416527832069 0.0235786610812054 0.00959949578168485
2.92965463021931 2.89384715659588 2.26125614931238 1.57550797055181 1.1358505923045 0.859668741733215 0.612372770952025 0.396637596355364 0.261907885080549 0.206544447009102 0.187939720636024 0.16371719783337 0.11793941057614 0.0650007948155201 0.0263652180171839
2.6455976939739 2.60716112465328 2.04042821900344 1.42759874334028 1.0286163050522 0.782457212121503 0.59300124908944 0.462825427355554 0.407816108930326 0.39927468273939 0.38860140704356 0.336975681197205 0.238843017893475 0.130103595507444 0.0524234825456979
2.4967961553592 2.41641877192517 1.86168221640787 1.29318594962714 0.942939909377178 0.761352778340356 0.666406533449994 0.634441656859556 0.641569081399944 0.64598637411829 0.610259216313441 0.509865061046737 0.351938320193274 0.188782206829113 0.0754486407043184
2.52389235834697 2.37765755473112 1.77906715726421 1.21949017304105 0.91917746231135 0.811932336523241 0.796198184856811 0.815342247387468 0.825140782886733 0.793628558638373 0.707968139433427 0.563889306873564 0.377074753052436 0.198610116167453 0.0786116082851346
2.50326618979822 2.30561236173799 1.67337446396442 1.12531879597423 0.873860160462976 0.824722058404492 0.842860497196102 0.85035193499198 0.812524963970453 0.726558318673249 0.604709655107171 0.455957225378729 0.293962338591198 0.151572649655557 0.0593131654873719
2.14392866119487 1.94720418090962 1.37843337786161 0.903651709344313 0.708275650762496 0.691372828775881 0.708462188320294 0.682765172866659 0.603675944192912 0.495158375238253 0.380899278015521 0.269964527917572 0.166921714840299 0.0839629699678511 0.0324182685974068
