0.106760945230496 0.142897191497226 0.1774891199466 0.180292240480492 0.130380194982488 0.0642614108434783 0.024726513257128 0.0155177496163285 0.0185710875463117 0.0182439294639275 0.0116231043064497 0.00469540308384022 0.00120478507939894 0.00019741288532222 2.08067876958067e-05
0.413427403148892 0.451415160759255 0.456639102584167 0.427079125645735 0.313551112863009 0.165347106002002 0.0744997535225758 0.0610592797783942 0.0801077111861552 0.0803324001853355 0.0521527843494279 0.0216363908022622 0.00576534666204805 0.000994670705320214 0.000112044383111403
1.09893899322469 1.04495784643395 0.859037201635332 0.710446157163227 0.524452352850053 0.297717007300056 0.157477855829557 0.159367209599139 0.223932795419276 0.231441488578601 0.155734343972939 0.0678090766609374 0.0192385611224566 0.0035819063946248 0.00043940575227201
1.94899684126906 1.72078050585985 1.21521609778222 0.881992234863842 0.644935797964969 0.390084931207782 0.237757025144929 0.283837008889097 0.425443637968541 0.461029169222346 0.328638591684544 0.153498205228543 0.0471548877755847 0.009536150001417 0.00126527202208259
2.33647703630564 2.01899189694631 1.35366030766821 0.933219077493656 0.683916638985414 0.432409932765764 0.291062643907199 0.382052285055143 0.601729989816396 0.689008817759908 0.524370020179913 0.262673604212268 0.0863701473642241 0.0185539228473655 0.00258650535275574
2.18626622552747 1.95058259132921 1.41296513755153 1.07780694398928 0.838536604441598 0.557992153004028 0.388236053813862 0.467459960076921 0.70553444168144 0.822911271140853 0.64984447138363 0.338074734925338 0.114823454079014 0.0252933241151134 0.00359024765439194
2.32674351054941 2.17267909323321 1.72120580062846 1.44289453694228 1.2026685829215 0.874883760681084 0.622810803662488 0.587919147413459 0.718013976924145 0.780181207053778 0.60557913639652 0.313492776984648 0.106062898536081 0.0232524297661498 0.00328305275517538
3.15541041676795 2.91899334015691 2.22839544089763 1.79976006840756 1.55751903906063 1.25887803025628 0.937571728279163 0.715308746240322 0.630134863581702 0.56851003216666 0.40766857398288 0.202298863331923 0.066340169634776 0.014166276079653 0.00195610559310448
3.92760663464652 3.56198727057032 2.52942792072476 1.85828935954764 1.62148741426714 1.43258145725292 1.11929728824793 0.765345187380352 0.507561244731964 0.348820184535673 0.213005915604738 0.0960361012177697 0.0293583324980874 0.00591938333353466 0.000779467656957172
3.8165722427189 3.48876631635216 2.40472869358069 1.62322162057859 1.36493835421848 1.25813383156787 1.02900903895525 0.711290893122575 0.450975689130097 0.275908993454539 0.143898718939529 0.0548195845294329 0.0141531427125888 0.00242334465381591 0.000274528917444714
2.94656541039168 2.79907371724208 1.99551575365978 1.32427554734911 1.03665019107017 0.918627537244582 0.775254916637605 0.610101751033046 0.474929812097337 0.334057198299755 0.176767767937733 0.0629332583682781 0.0144577721129625 0.00211856104149508 0.000197993585768393
2.06845672486634 2.04740050241366 1.57848378508763 1.15358826108746 0.902756653168405 0.722205259841334 0.585308113118381 0.525963414856362 0.49271374632185 0.380380185396104 0.205081848894132 0.0722103557181685 0.0162171436595822 0.00230315096263456 0.000206175248136912
1.57831999898382 1.5565579113411 1.27817949761158 1.09348232413355 0.960539041924996 0.753006720126486 0.568226382383469 0.503174807367181 0.464052522665888 0.340123148076023 0.173144604496587 0.05826284792185 0.0126777267552974 0.00176235116522726 0.000155377485510131
1.29598829979274 1.22330987710487 1.01147922816146 0.968601715873941 0.956160605599804 0.794240494519097 0.610665396923282 0.521388496321166 0.428778893629478 0.26980010120815 0.118316820533653 0.0351829606752644 0.00698593973348439 0.000912259318305748 7.72391715616905e-05
0.956985139384808 0.863495465260279 0.687904866723176 0.679614676986173 0.713768417549851 0.630976780026922 0.524089958140578 0.4637445407319 0.361344977842919 0.202344582345886 0.0760879535442855 0.0190778850401899 0.00321085077492869 0.000363939314086 2.76392721180576e-05
