0.658735385277495 2.03066635744507e-06 3.13265168333964e-08 0.4503652279418 3.11188413999318e-07 3.52276362991532e-13 9.81071395596471e-10 0.0462394387585313 1.17963557842178e-07 3.75098210154928e-21 5.11015627293472e-47 3.34564577582814e-86 1.05264274242513e-138 1.59161238568162e-204 1.15650865267136e-283
2.9118744473905 3.11192002997076e-05 9.74953877893015e-08 1.39945713455155 9.68120678616532e-07 5.3922118901768e-11 5.85686937130956e-09 0.276043557751336 1.22035201505423e-06 1.68708263064137e-19 2.2984056917391e-45 1.50477810912385e-84 4.73449331358858e-137 7.15862836851356e-203 5.20165319390815e-282
8.71948220600888 0.000298722000534739 1.88070965019464e-07 2.62050889253923 1.89841819712694e-06 4.97682010521251e-09 2.10690194232361e-08 0.993018727142432 1.8378170838019e-05 4.57238267535801e-18 6.22921121446178e-44 4.07829684129417e-83 1.28315723154553e-135 1.94015391945769e-201 1.40976836794729e-280
18.4942928852955 0.00174608518275053 3.36570856527567e-07 2.95908376106699 6.01727970079416e-06 2.7693981472505e-07 4.56706266317226e-08 2.15257305194135 0.00026828260003819 7.4672859088632e-17 1.01730993636565e-42 6.66038083676657e-82 2.09556002618786e-134 3.16851972487441e-200 2.30233222042175e-279
29.6629181694319 0.00618176581327527 2.02720759943073e-06 2.04274901031403 0.000109730457510277 9.29017328199086e-06 5.96545369312319e-08 2.81205148668695 0.0025985272140828 7.34846903054356e-16 1.00112285764371e-41 6.55440319409457e-81 2.06221621040677e-133 3.11810335088145e-199 2.2656983180447e-278
38.986286241957 0.0134782713784011 1.83293285524753e-05 1.07875831416901 0.00178036303206345 0.00018785883422397 4.69530546523776e-08 2.21557696060783 0.0153762762128794 4.35757449220741e-15 5.9365663969876e-41 3.8867007637756e-80 1.22287523100196e-132 1.84900658633899e-198 1.34353824787032e-277
44.3279544680426 0.0209786001783974 0.000124613482701498 1.40940946148799 0.0176202919248941 0.00228970630700838 2.22688692033997e-08 1.05887748679295 0.0549275448476277 1.55706460859944e-14 2.12127582692712e-40 1.3888102693301e-79 4.36962293252324e-132 6.60693861256269e-198 4.80078048011981e-277
43.7894990902402 0.0422231177233004 0.000605570147336924 3.47791414686243 0.105129963879028 0.0168207210036189 6.3642662780565e-09 0.32000418800308 0.118263182114727 3.3526043814963e-14 4.56743965057272e-40 2.99032639260769e-79 9.40848369962786e-132 1.42257753588003e-197 1.03368335415195e-276
37.7854180108795 0.130414323633683 0.00202457388970212 5.98560218531835 0.37803724096397 0.0744743664935882 1.09613432659447e-09 0.0776668878790867 0.153439414516615 4.34982559421037e-14 5.92600964246291e-40 3.87978920191807e-79 1.22070064172514e-131 1.84571857314396e-197 1.34114908845916e-276
28.8716864729657 0.320877133629194 0.00442232905568282 6.35242314467265 0.819316958962033 0.19872418114638 1.14106974569641e-10 0.0256961254373308 0.119960990449903 3.40075418879021e-14 4.63303681445197e-40 3.03327319550715e-79 9.54360750953356e-132 1.44300846850119e-197 1.04852902296621e-276
19.0841875479875 0.493986014808737 0.00606931050838134 4.19417610488177 1.07028752791868 0.319568187894894 7.71430736518154e-12 0.00991544542741004 0.0565141582443657 1.60211062383244e-14 2.18264452206147e-40 1.42898867184432e-79 4.49603650599355e-132 6.79807792426315e-198 4.93966747913783e-277
11.6676377687397 0.460196070638577 0.00511924564276054 1.77547665832898 0.842766168064506 0.309695515375115 8.52156630445728e-13 0.00273225068091364 0.0160431032380143 4.54803313625923e-15 6.19603881488804e-41 4.05657869950358e-80 1.27632403823499e-132 1.92982202367911e-198 1.40226093273636e-277
8.37021531483649 0.258457011946276 0.00262513304956588 0.504584131984164 0.400041330478285 0.180865785646987 3.47372274565884e-13 0.000465501402002778 0.00274431120448913 7.77980302710426e-16 1.05988589097593e-41 6.93912781647899e-81 2.18326237270856e-133 3.30112705246031e-199 2.39868829501654e-278
6.76933142883483 0.0874728445094249 0.000814367179522079 0.100650121696367 0.114481206825333 0.0636533412949579 1.20229121237987e-13 4.79565303952119e-05 0.000282873459063804 8.01913350775906e-17 1.09249121515223e-42 7.1525965623916e-82 2.25042618537007e-134 3.40267979375921e-200 2.47247926640582e-279
5.24643907384625 0.0178398336499377 0.000152494105096912 0.0142251716916973 0.0197535190294802 0.0134996876751322 2.5487337956695e-14 2.97844541224894e-06 1.75697226113562e-05 4.98081197808016e-18 6.78563753192606e-44 4.4425920329004e-83 1.39777566853465e-135 2.11345879924917e-201 1.5356963858693e-280
