0.182600402430566 0.217883676228024 0.268812007293029 0.363152485477483 0.506263204064426 0.664095999154611 0.776724981684295 0.792882749392107 0.700075556230541 0.530975371811843 0.343325479803917 0.187759638320636 0.0862188464274658 0.0330465374242731 0.0105274876719334
0.281441445900393 0.321896846598361 0.373848986564602 0.48119614624408 0.661459756248799 0.877409523954487 1.04868089652643 1.0962043825408 0.989181228859005 0.763884799951732 0.50084888975137 0.276776891305462 0.128127020331216 0.0494710268040897 0.0158984384856712
0.39097727303238 0.433360452522483 0.478966509538251 0.588928146310237 0.795591565554653 1.06196277959733 1.28972672712109 1.37207599428569 1.25769542716863 0.983632702139192 0.651296821302468 0.362798552886127 0.169272869558862 0.0660420178477483 0.0215919222207651
0.496802079008489 0.538412303794145 0.571708636526738 0.672977243751054 0.889056565380848 1.18608440598756 1.45366545122301 1.5636964651562 1.44779296020866 1.14182759829503 0.761662398976848 0.427777258978877 0.202038954160931 0.0805324308428796 0.0273697263310132
0.589352387646826 0.628261833528062 0.644039106180516 0.723691777662905 0.926362489036349 1.22428824937869 1.50373413980037 1.62669184888952 1.51536602463592 1.20285920291724 0.809160589633663 0.460823942444805 0.223279970517682 0.0932326792038255 0.0342646185042807
0.670364828966162 0.704611318383171 0.696213078380788 0.738177038197223 0.900008684937955 1.16388691300091 1.42303098236195 1.542750653777 1.44456193559093 1.15651008362208 0.79010816030219 0.463243450078921 0.2365773858133 0.107707194849554 0.0447390522384922
0.754120076696567 0.780616977088705 0.738620238951051 0.724518038995706 0.817902732455788 1.01508947575792 1.22561314325039 1.32962215395804 1.25500187232479 1.02168338186078 0.720523185521633 0.447120114015911 0.250104907052483 0.128894514014631 0.0614210972025946
0.86189846710357 0.87610186190738 0.789450918757933 0.702787373468269 0.707210576986217 0.815906236313451 0.960167149484082 1.04184545475842 0.999131043742297 0.841098532845059 0.629457412135004 0.428612029632057 0.270937969788434 0.159011749587048 0.0846275935545437
1.00940159043102 1.00647079016152 0.866110963483674 0.69798198572078 0.606657514384764 0.621904882963393 0.696623942017028 0.755207207302249 0.74651626554554 0.667372533046112 0.547918733090925 0.419819582935572 0.299479948195336 0.194038553587189 0.110389344129338
1.19034908057778 1.16765875302668 0.971820854291098 0.726050551427115 0.548892995343717 0.483209726176869 0.498750210794908 0.538289781342418 0.558653334567598 0.544407900807141 0.497846688362331 0.424043102908245 0.328537544174134 0.224340628801385 0.131268905339636
1.36611152190764 1.32577566554161 1.08496544378631 0.78122320010624 0.543767159497633 0.422829080221641 0.398659807209632 0.426330460658058 0.466452114924359 0.492228676013438 0.48574690249653 0.436730127089427 0.348168609143593 0.240029454038626 0.14030588127044
1.47379707458207 1.42328013068735 1.16156652749875 0.834282691377835 0.573019512632592 0.428756706565369 0.387247576664801 0.411082611760378 0.4612678864148 0.50135908820302 0.501882275956044 0.449103181156356 0.351633605446595 0.236746934519131 0.13513738622599
1.4553204265486 1.4051187309048 1.1547926687927 0.845550846040104 0.599550043355482 0.462409684370685 0.422924792871474 0.449220765730419 0.501794541635189 0.537633162744441 0.523319536347757 0.450151534185438 0.336844415522962 0.216735502241428 0.118701151625697
1.29182577113969 1.251240101059 1.04193743281126 0.786613410163179 0.586775179794175 0.478469410121565 0.452991393084006 0.484135620156326 0.533651254563791 0.556673929142958 0.521643193571127 0.42811159672235 0.303965870778 0.18530518204449 0.0963691149849605
1.01856278119386 0.992139150329085 0.840329449025446 0.657436142418208 0.518020345379703 0.447118101332684 0.438601112995026 0.472545180631024 0.515089540422813 0.524999390169834 0.476353902390492 0.375598463219385 0.254571964431705 0.147497442917495 0.072770356363781
