1.50885626365098 1.19106749726046 0.553650431655686 0.225142786726521 0.276819443590863 0.46870969893106 0.495705180452375 0.299892182770794 0.102117267403912 0.0193719133864409 0.00203205575151135 0.000117265346126949 3.71061554052613e-06 6.42518646212666e-08 6.08098568110368e-10
2.06968192406131 1.64078532687758 0.768252910491795 0.319837060911252 0.404944903099144 0.691529013033366 0.737359685877305 0.450518550441137 0.155117996671723 0.0297805682909824 0.00316397379817165 0.000185079123554384 5.94184448146967e-06 1.0449848221054e-07 1.00578112678171e-09
2.37828897983301 1.89481011013537 0.895431075872807 0.389030885195599 0.518012214989942 0.890894336637158 0.956387471085429 0.590426461562533 0.205897468114931 0.0400991227161284 0.00432695163628294 0.000257389994913877 8.41565962570685e-06 1.51035457317499e-07 1.4877816862596e-09
2.36442203590022 1.8983024906853 0.912550197272415 0.42955164784532 0.609437710413085 1.03730762011053 1.10743193865968 0.686204359033051 0.241727876841265 0.0477664162900812 0.00524806213865779 0.000318956407334644 1.07000363972607e-05 1.98228870450706e-07 2.03497389449884e-09
2.15930387850567 1.75819235624017 0.876262540255423 0.470410857800029 0.697829299544641 1.13240128405708 1.1731439758044 0.719484175925428 0.254579861364236 0.0510910760821308 0.00575422669093902 0.000361991362691508 1.27283979669507e-05 2.51752861367063e-07 2.83738214790002e-09
1.96627971748622 1.63790769525992 0.870312366579367 0.549366335811002 0.805175499030624 1.19147863851217 1.16398093715025 0.696074590087282 0.246857322090056 0.0507996701845038 0.00599204231667634 0.000404225389511769 1.57117667685458e-05 3.5729595850915e-07 4.84092723745325e-09
1.88596856710251 1.61356564912156 0.932021657037857 0.681827056468916 0.935319721181174 1.22325628473631 1.10542779576398 0.642079827786804 0.231338599305902 0.0503750508024906 0.00654007815252022 0.000505993713076033 2.34945366581908e-05 6.57848900017349e-07 1.10449446821539e-08
1.88365485786674 1.64662957155761 1.03469082515236 0.851647440302499 1.07574208892318 1.23227942820609 1.02790417825667 0.590627617458635 0.225363733074476 0.0551277802875913 0.00842318107360013 0.00078999974273739 4.47192244087711e-05 1.49667230692527e-06 2.89703919174347e-08
1.89935987926148 1.67623996887642 1.13042923254561 1.02162530887669 1.20710134557492 1.22965010418778 0.963957254014933 0.572474271385961 0.246391699709646 0.0715679444032204 0.0131604267852451 0.00146257988964229 9.50050675098744e-05 3.52083746431516e-06 7.32025921807174e-08
1.93809298947156 1.69819181376445 1.19214990424772 1.14573884051229 1.30019183798192 1.22462684299684 0.940916924808518 0.611718050889106 0.309802947404829 0.106457309033383 0.0225099019825006 0.00277683489603915 0.000194178010661502 7.57270596443871e-06 1.63157184164299e-07
2.03522883177155 1.74121277536648 1.21312025265878 1.18253960665041 1.31755784684962 1.20761678618561 0.962665555382277 0.712958931682986 0.419628908856797 0.162135897294487 0.037183241285559 0.00484582690191121 0.000351802824950917 1.40871325914977e-05 3.09491487651299e-07
2.16750693360364 1.79542329572136 1.18574284353707 1.11540413660131 1.23885892821882 1.15569243363458 0.998350328391145 0.843026927266951 0.552783439353573 0.228890270013975 0.0548299845202209 0.00735304996276019 0.000544536344184474 2.21266076110214e-05 4.91728463932074e-07
2.23567030557882 1.79560185159458 1.09790655315815 0.964123329486759 1.08134372912642 1.05404265089627 0.996266316966978 0.934032989101781 0.656753610462616 0.283012235647145 0.0694269151387228 0.00945476829639647 0.000707769925627867 2.89953415535985e-05 6.48644592868344e-07
2.1353531502407 1.67312344554792 0.947111973383122 0.769955247263314 0.882689338377384 0.90271732079832 0.914609657460118 0.920129700715816 0.675774670250267 0.298092354094879 0.0740850487996139 0.0101690358857069 0.000765253438611346 3.14714511377786e-05 7.06198741288533e-07
1.83373981900272 1.41103518060997 0.749110587964539 0.569177683436878 0.671149500280509 0.710955712917286 0.747380510866005 0.782795167160466 0.589983519204168 0.26368535340593 0.0659463547963604 0.00907856440525908 0.000684113505797111 2.81512712949327e-05 6.31850736459246e-07
