1.3359684250487 0.867328559584732 0.276406944872768 0.274450393565809 0.227355552449816 0.136172579779117 0.15320227394451 0.163333470970039 0.0912687109252692 0.0277729742094467 0.0681963504657921 0.122375664379817 0.0508300314620033 0.0047826261351337 0.00010157778040348
2.49846790228012 1.52181607239406 0.486079239579663 0.500632066582687 0.456338853012012 0.307310547657167 0.372905672496087 0.401466974806509 0.21659301475053 0.060858128809135 0.129016887700954 0.221250784027942 0.0889800538188855 0.00817558129238996 0.000170707325039912
3.77694377539104 2.18108661344668 0.705189869058911 0.718734685184842 0.699254260295197 0.515842585051702 0.644558852861108 0.697067026308134 0.362531965529011 0.0963112356330773 0.186958899852361 0.301486980938386 0.115296447632777 0.0101792790532418 0.00020621544138892
4.71606401114421 2.65188547321688 0.884665310428018 0.849213697323149 0.849687490079043 0.665421125786377 0.802530965700472 0.861331040896686 0.430414789398244 0.110389952075415 0.211759773216183 0.318901908826757 0.114195397596489 0.00951377277694046 0.000183697520938374
5.0093585131824 2.82285866346022 0.985054977747225 0.872393061486788 0.861413599065008 0.692612346251246 0.745266993166735 0.770825030233387 0.366267365615172 0.0920853332797519 0.186749296584609 0.264708221275531 0.0885056469305516 0.00688205212925557 0.000124601453468279
4.83484106617755 2.75719030512758 0.983745745800502 0.819121858786993 0.765182215598281 0.621119311651229 0.568642154829721 0.529400781431385 0.230653928816929 0.0574743917246426 0.125472793465183 0.169845134401573 0.0536543831467202 0.00391017350414661 6.60653698718005e-05
4.63840853963068 2.62601135146489 0.884992730028216 0.707158516782951 0.60956946638606 0.519320924347046 0.439773950368656 0.335085204246726 0.124660068982611 0.0349149939738618 0.0651939034497724 0.0827808006212145 0.0251386686907799 0.0017463211943133 2.78422994608094e-05
4.55354048680502 2.51166695118748 0.732878260564113 0.539147077852975 0.436565332853559 0.432728340091961 0.403933904996875 0.264900780615907 0.0982526763770799 0.0501897035508566 0.0384916202859928 0.0358704704527739 0.01063075707039 0.000729276451933714 1.13652046407406e-05
4.39691533459656 2.40808949641929 0.616397492483115 0.36872140716346 0.304125171082678 0.372230278561539 0.396724594807319 0.27790292034681 0.154687890284239 0.124859137288585 0.0590202933318761 0.0359137400726483 0.0108034858872015 0.000781229014098345 1.27360831201374e-05
4.19887599830089 2.38313822183284 0.609388081276887 0.289603991751072 0.285808221968216 0.362485854247577 0.388704448308995 0.335068180360684 0.271843021784983 0.252035927590061 0.122665745079875 0.0793066709201619 0.0245573153324671 0.00181131489894542 3.00159222223267e-05
4.26608849638465 2.54390105912375 0.687154828787177 0.336640854825774 0.414435142098844 0.4393022236398 0.411077083362302 0.412501521797623 0.380445550157382 0.360558719023563 0.196780840063452 0.147740825494749 0.0466077250098962 0.00344647377551158 5.71936734805694e-05
4.6644713311939 2.84350972992469 0.751265557916722 0.443867276905948 0.610782671523539 0.558408013070083 0.45836903834694 0.457260894431745 0.391977558154857 0.361013948671472 0.226211229519072 0.194653353911989 0.0622212129417221 0.00460481580523297 7.64261535936807e-05
4.95563943834072 3.02686669350481 0.728243890966524 0.502831585597643 0.712895738109981 0.59608262413564 0.473172925670021 0.425695031658705 0.295219276786169 0.253067194235922 0.185107713643523 0.17884664310682 0.0577204509241846 0.00427396781696591 7.09374787263562e-05
4.56363177855143 2.79423263368982 0.606000335555796 0.451165388134367 0.629086289808174 0.493111437084447 0.421234391714419 0.333577456248321 0.167003596929688 0.124594402789345 0.107600186842973 0.114386109731466 0.0371767184708796 0.0027538163111802 4.57075967698694e-05
3.38054713426156 2.08612070048269 0.418069291834222 0.314355587811474 0.421804875412524 0.31582700702011 0.315707268020967 0.224397350778908 0.0754303437916858 0.043378809119003 0.0443215013263802 0.0508862391031395 0.0166235095167928 0.00123169645112416 2.04438843161732e-05
