0.000466508299457682 0.000801509818346169 0.00130758583179183 0.00202543685913269 0.00297875930319035 0.00415915887976133 0.00551337146402307 0.00693842986495124 0.00828952623780782 0.0094019198949258 0.0101231719144738 0.0103472685904142 0.0100401554312568 0.00924821504208878 0.00808678388685195
0.00172195108470281 0.002952688521134 0.00480943217977744 0.00744024107029211 0.0109307752809959 0.0152493168714572 0.0202002979121486 0.0254068796832192 0.0303398601555236 0.0343977749747831 0.0370245788802717 0.0378341050971252 0.0367030891582353 0.0338019078176277 0.0295524845997237
0.00514435523932881 0.00878122524991715 0.0142516123821737 0.0219835118260638 0.032221001637554 0.0448646732404052 0.0593373984064808 0.0745350306892546 0.0889119734811278 0.100715381445131 0.108328081534706 0.110630472651254 0.107270315433625 0.0987509157551576 0.0863073386779864
0.0126501435697826 0.0213693653554898 0.0343989391608292 0.0527161204134266 0.0768597590429926 0.106562581350498 0.140445247471166 0.17590936343018 0.209343376895142 0.236671207370089 0.254149517847618 0.259205067414611 0.251055258447225 0.230905892619711 0.201657509239474
0.0265143629626926 0.0437718092614176 0.0692072803414397 0.104559183129194 0.150709017620301 0.207013027322353 0.270760391918487 0.337006530582839 0.398983657728376 0.449134851458825 0.480591753665734 0.488709651099379 0.472189623235243 0.433414740580585 0.377881369962567
0.0503748595940082 0.0794657975601376 0.121199336348634 0.177905360102082 0.250506139421326 0.337571746749273 0.434602634384211 0.533887623025322 0.625205460799514 0.697407635737113 0.740598380364699 0.748342854058715 0.719229111507904 0.657263036864009 0.570948499230186
0.0935526373255934 0.137180110708478 0.196921982314728 0.274919999107508 0.371304936742006 0.483188688034025 0.604031585850814 0.723746041833117 0.829770775976833 0.909076981633862 0.95072214857061 0.948286184883011 0.901451872694548 0.816199058444878 0.703514230291279
0.176647502852071 0.236994587035055 0.314234726557436 0.409248380192082 0.520351862872941 0.642527545984077 0.767238922789043 0.883074990792054 0.977273007594377 1.03790308045027 1.05624193865801 1.02871668799487 0.957843986511301 0.851843743617563 0.722997550360875
0.330215919669996 0.407000682977201 0.49711154002087 0.599769424534568 0.711334009395815 0.824878435099809 0.930608572017178 1.01718333459928 1.07369479385127 1.09183093976521 1.0676563435832 1.00253502810267 0.902952269239471 0.77929141701975 0.643896021642755
0.578887617906115 0.664634512853145 0.753830640482017 0.845253947946653 0.935181699170623 1.01697131451764 1.08172611957081 1.11999503560768 1.1240191149162 1.08979312513566 1.01826609837808 0.915321963378021 0.790605741197238 0.655611753005265 0.521608743314043
0.913601840165847 0.991877901753838 1.05623120033241 1.1076521899599 1.14603726702376 1.16906784988874 1.17229312658037 1.15047590088228 1.09966840817337 1.0191479517512 0.912417005247549 0.786895587171626 0.652474829584936 0.519502306261745 0.396881970210435
1.26903534426072 1.32165456761875 1.33793261145293 1.32356559538285 1.28549106936784 1.22943643761657 1.15861461054093 1.07395296536523 0.975510379870462 0.8642393734833 0.743205733247158 0.61774974765007 0.494620151447447 0.380546754437591 0.280863782348009
1.5317833787657 1.55043358072836 1.51238144927407 1.42849339681599 1.31332556921458 1.18128551663983 1.04374997632788 0.907908916523333 0.777295755995367 0.653310372967651 0.536818626048664 0.429136301654596 0.33217306195143 0.247948392976799 0.177906420691477
1.59161917807412 1.5825042942187 1.50652810288781 1.37766421615389 1.21510728919801 1.03868116733934 0.864965745481218 0.705152882743569 0.564845630197685 0.445294894080896 0.345214879106964 0.262394723840463 0.194679380747407 0.140292799117167 0.097737056500496
1.41051504708431 1.38822552619022 1.30276469890491 1.16788567216898 1.00265943505042 0.827094841181799 0.658257955182943 0.507894538570143 0.381876741158642 0.281134572573739 0.203356709436423 0.144731324123749 0.101246116263518 0.0693951296883777 0.0463922149360211
