11.5985065933008 0.0290384559877581 8.88695530593591e-09 1.68947668705572 0.0905214271440564 1.08375628927011 9.85802471927381e-08 9.63031656215004e-20 1.67419249873668 0.0769544126333265 0.0263883586953962 7.46700246240725e-35 8.77103284929329e-111 4.27686663326522e-230 0
19.9227955749608 0.0487503961245951 1.00864528166777e-07 1.97164506653209 0.108135526214646 1.24447214680025 1.84800591931329e-06 3.30460005215032e-18 1.85397599148163 0.113827697615775 0.0527493049145676 1.49262481321747e-34 1.75329542668721e-110 8.54929041710201e-230 0
27.1479108177957 0.0613006432712711 8.66165845266308e-07 1.72340035446167 0.0961618488341139 1.06542503496808 2.5792982687557e-05 8.58096186180022e-17 1.6047986062173 0.125337138677935 0.0784943693203102 2.22112203251437e-34 2.60901672492445e-110 1.27218957769145e-229 0
30.8665100687327 0.0577346797629358 5.54858353060743e-06 1.16998653905954 0.0636582378655654 0.681502306060965 0.000268034643171627 1.66284572339022e-15 1.25396132209973 0.102737501827329 0.0869516180803424 2.46043323048028e-34 2.89012100862199e-110 1.40925958439092e-229 0
31.5460055219593 0.0407321113892723 2.64663730839354e-05 0.757060573554615 0.0313706720882969 0.32733470113218 0.00207385519521215 2.39965147533104e-14 1.17770034563825 0.0626896188483022 0.0717024891870592 2.0289350675586e-34 2.38326640659798e-110 1.16211086512828e-229 0
30.9935485235615 0.0215305791353923 9.39806604730915e-05 0.768514288576692 0.0115082804899236 0.119447651413016 0.0119473524048661 2.57801990430327e-13 1.38448591627777 0.0284760492189584 0.0440157592720693 1.2454953590161e-34 1.46300751373407e-110 7.1338098114747e-230 0
30.1710622638277 0.00852969666469261 0.000248428700362106 1.15387640964313 0.00314278349348979 0.0340939415073114 0.0512482396944931 2.06179482201719e-12 1.53539439044327 0.00962905860320507 0.020114051774095 5.69158831972156e-35 6.68556202683212e-111 3.25996466419427e-230 0
30.0728816256831 0.00253374649295832 0.000488857937471245 1.58114443911182 0.000638904446435407 0.00846506950625834 0.163685150656298 1.22750304242845e-11 1.35031861971191 0.0024243351339219 0.00684239797033234 1.93616446871247e-35 2.27429443638308e-111 1.10897475318101e-230 0
32.8093826255521 0.000564669044423471 0.00071611208744726 1.67955334474074 9.66884966009999e-05 0.00303726223140822 0.389289300020412 5.4402291568372e-11 0.896616365038174 0.000457461356870314 0.00173274437386655 4.90307360751178e-36 5.75934183636583e-112 2.80832797604972e-231 0
39.6279370114491 9.44874753172393e-05 0.000780902371914875 1.35931669413919 1.08925915321531e-05 0.00280937383956884 0.689412496809456 1.79485439738333e-10 0.445042078371864 7.8759421494976e-05 0.000326646542232723 9.24297931282705e-37 1.08571646502455e-112 5.2940909038145e-232 0
48.3510605401061 1.18918802507791e-05 0.000633913324896618 0.856205288398661 9.13493138399876e-07 0.00326674869067929 0.909161179467076 4.4081732583643e-10 0.165880456391156 6.05435753515455e-05 4.58394115434932e-05 1.29709847749399e-37 1.52362255297829e-113 7.42937641494325e-233 0
54.0095469014661 1.13372163767369e-06 0.000383072009983595 0.441021349176024 5.7029210696936e-08 0.00306039070192638 0.892832872251304 8.05945155010611e-10 0.0484746230722302 0.00014125124275475 4.78869749248479e-06 1.35503751412441e-38 1.59168000924675e-114 7.76123318581711e-234 0
52.4645080055909 8.51316710957479e-08 0.000172325029317212 0.199422887879538 2.6503804067828e-09 0.00215565773348828 0.652950936329981 1.09690678477749e-09 0.0138379672480109 0.000273279376367734 3.72403001731896e-07 1.05377305313445e-39 1.2378030021116e-115 6.03568410841507e-235 0
43.5237778685749 6.07311328207659e-09 5.77076916820271e-05 0.0828902399564523 9.16937301952424e-11 0.00113183970055012 0.355620372615891 1.1113512885224e-09 0.0060784816993581 0.000394924133123266 2.15588873631473e-08 6.10042734703909e-41 7.16580032281885e-117 3.49413493574755e-236 0
30.7401008321743 6.22138058345911e-10 1.43858804227075e-05 0.0308207803992794 2.3615425899745e-12 0.000442477728248076 0.144246135190568 8.38205280861386e-10 0.00368399779866676 0.000424895062495272 9.29088136796021e-10 2.62900147955172e-42 3.08812786042057e-118 1.50581023152292e-237 0
