0.078410228252994 0.0702857239894199 0.0507296900916513 0.0301069037411852 0.0157291121721753 0.00848257993577236 0.00548679580597534 0.00391747706986746 0.00257455431950081 0.00141344828555783 0.000627681202720192 0.000223416407117747 6.35822412792185e-05 1.4458226879213e-05 2.62649329130078e-06
0.249473488233387 0.223881837950817 0.162260521673438 0.0977032799869351 0.0533466493538764 0.0315127303483084 0.022406727822301 0.0167920207106592 0.0112156426345512 0.00618569532737345 0.0027503038480815 0.00097925870803342 0.00027871206060473 6.33790685649187e-05 1.15136074270499e-05
0.636332843080373 0.571986662370971 0.416897176238737 0.255843298304414 0.147400337944844 0.0958184987854963 0.0739987585629289 0.0575423400074811 0.0388811989290805 0.0215123742144864 0.00957294324869561 0.00340924527880524 0.000970385122211209 0.000220671131842445 4.00884641917603e-05
1.30248125891955 1.17359908862252 0.862081716479781 0.542272702405915 0.332838050605546 0.238079743508774 0.19698149434457 0.157419516859778 0.107230661567975 0.0594561095862554 0.0264723010941319 0.00942911054907671 0.00268401440126198 0.0006103927059897 0.000110894204371679
2.14297540445956 1.93842137758507 1.43993032584264 0.935285746840236 0.616894601423982 0.482949237273782 0.421903950419608 0.343687794520133 0.235335718624869 0.130652560126789 0.0581908439060052 0.0207298783814438 0.00590163143538056 0.00134236606831886 0.000243927178749903
2.84555978654304 2.59193943467156 1.95881376565819 1.32698194744772 0.946392566555074 0.801484572521871 0.727810450015064 0.59972994981757 0.411694113170968 0.228673315248935 0.101871869508063 0.0363031537112541 0.0103402123844624 0.00235339166135325 0.000427958417108182
3.08345414946159 2.84786522660872 2.21456476463989 1.58602959740192 1.22365950660819 1.09853981028787 1.01803444568446 0.84143409170084 0.577379166220114 0.320665578046116 0.142947781910537 0.0510067309558909 0.0145539246399901 0.00331960032114725 0.000605198901796639
2.8111186592559 2.67089121053486 2.17985143708959 1.67568341508844 1.38264216154456 1.27469058538885 1.1778582339859 0.966501288163486 0.660952539976573 0.367252261362013 0.164220568321698 0.0588801981438005 0.0169033418728486 0.00388338328591813 0.000713873891898847
2.31898156895415 2.31724181180045 2.0307670143372 1.68428240411334 1.44575548592282 1.3168195833465 1.18342088436843 0.954814037108302 0.650770980909668 0.363722212437054 0.164527282356611 0.0598937197250983 0.0175053940850505 0.00410399710131208 0.000771545223175772
1.94447410162716 2.06499135081486 1.94328106991762 1.705291639176 1.4783406761481 1.30386612376264 1.13250991421917 0.902593112321506 0.620385702887773 0.35428551919978 0.164972014731795 0.0620918427444298 0.0188153591072119 0.00458221216507558 0.000896124658454515
1.76586546574907 1.94516751402933 1.90050122781587 1.7115872021085 1.49183137778432 1.30769706945656 1.13876391598887 0.925553427642584 0.656808849369905 0.389523262949882 0.1887193187166 0.0739035253316642 0.0232798833865464 0.00588566156130591 0.00119298085586008
1.61276175249433 1.78013971926557 1.74688416467403 1.59159188705558 1.42559675827518 1.30884405595311 1.20392802042124 1.02875516149815 0.76067083941024 0.466526346268421 0.232523253365601 0.0933306517485639 0.0300496685002642 0.00774748595039767 0.00159823718753703
1.32090367080744 1.436080909549 1.39770581360919 1.29399083026505 1.22615560661409 1.22452044641097 1.21573842988724 1.09370127060344 0.834359625242086 0.521858531826189 0.263650732622394 0.106921087865209 0.0347155087115017 0.00901430487509554 0.00187103601881096
0.906219378740032 0.967691898107915 0.935834661765947 0.893023377871048 0.916460389540524 1.00660001180122 1.07098738205478 1.00113942020458 0.77870918164914 0.492003802174907 0.250025491427905 0.101786726415485 0.0331426086383624 0.0086254629273889 0.00179373130952029
0.506218051824391 0.532758159675168 0.516490733957899 0.517198783548389 0.582688971004637 0.698723727432481 0.783636138042459 0.751426504348095 0.591259517257005 0.375567932974564 0.191366008674988 0.0780242214351288 0.0254304245171585 0.00662313997958548 0.00137812687236268
