58382307.6391219 0 0 0 0 0 0 0 0 0 0 0 0 0 0
162953308.355065 0 0 0 0 0 0 0 0 0 0 0 0 0 0
354479566.534682 0 0 0 0 0 0 0 0 0 0 0 0 0 0
601206914.349781 0 0 0 0 0 0 0 0 0 0 0 0 0 0
796158241.624158 0 0 0 0 0 0 0 0 0 0 0 0 0 0
828043918.814598 0 0 0 0 0 0 0 0 0 0 0 0 0 0
692737848.142702 0 0 0 0 0 0 0 0 0 0 0 0 0 0
511839920.94904 0 0 0 0 0 0 0 0 0 0 0 0 0 0
430826610.865111 0 0 0 0 0 0 0 0 0 0 0 0 0 0
509412164.623046 0 0 0 0 0 0 0 0 0 0 0 0 0 0
688660945.787067 0 0 0 0 0 0 0 0 0 0 0 0 0 0
832841372.719813 0 0 0 0 0 0 0 0 0 0 0 0 0 0
823409868.131834 0 0 0 0 0 0 0 0 0 0 0 0 0 0
649032561.590047 0 0 0 0 0 0 0 0 0 0 0 0 0 0
404512101.000988 0 0 0 0 0 0 0 0 0 0 0 0 0 0
