0.10195025322208 0.116090459601113 0.17470088986185 0.377620595801383 0.384150381230591 0.155991991904591 0.0362363235253114 0.00782834459216771 0.00101531972933516 5.0755862873321e-05 8.71392169305154e-07 5.03395578635011e-09 1.0418632682219e-11 6.88692640491096e-14 2.54957080914515e-15
0.406983756073551 0.415125619437557 0.431118127208423 0.786829161990736 0.827319400699359 0.402463274985636 0.142838250909841 0.0409169098736977 0.0056394141623755 0.000287141977841435 5.07335920142744e-06 3.16824134384076e-08 1.42638840563967e-10 8.76424973948977e-12 3.58356233728595e-13
1.05717153808482 0.967821313157768 0.71263757944761 1.03761431361449 1.18931972842962 0.783299242759511 0.405870990185958 0.134404364970106 0.0192820442612724 0.00102891191348229 2.02921051913783e-05 1.74089303705775e-07 6.37703411629989e-09 7.37603846586593e-10 3.03752163084539e-11
1.87570135642929 1.52291823508667 0.816081775843836 0.929837340186034 1.28538431226609 1.19198846325562 0.773226619625765 0.276794015356974 0.0428294832851199 0.00268320605124639 7.20102727026055e-05 1.59592653879065e-06 3.02301524419635e-07 3.76507084243418e-08 1.55178551816075e-09
2.52695031013174 1.79583536453727 0.699748423654098 0.649909732941198 1.16443874755631 1.34409016261416 0.959886266708644 0.382565148406001 0.0742199707994292 0.00668688083878176 0.000279606241653791 2.76785037313733e-05 9.21114454546907e-06 1.1590779731506e-06 4.7778206603267e-08
3.15512183116119 2.01420355807831 0.579489817867885 0.415929285544487 0.866764080771744 1.05682987227079 0.825728284597315 0.441013303196427 0.130147672202899 0.016715984429227 0.00115737822802366 0.000454722747980102 0.000170616704497448 2.15071557017756e-05 8.86565232077743e-07
4.24443996053962 2.64985396425079 0.694749283641205 0.322411596731944 0.535117711377237 0.605847322546255 0.610300551908659 0.526673315423202 0.214263471899848 0.0327474462172039 0.00576222477670213 0.00496989149325499 0.00190741003798545 0.00024051604572881 9.91456598716756e-06
5.60919354738082 3.63198955214086 1.10946710726616 0.506381685168649 0.469511755311517 0.363514398801525 0.469856382544185 0.554238349636419 0.253224883130381 0.0464939015653119 0.0301855590986067 0.0333537421837337 0.0128547377967773 0.00162102148132991 6.68218939109622e-05
6.42128457878997 4.43193952500096 1.77531439860819 1.05930746868343 0.768776424459909 0.370540786373326 0.329146307905817 0.401527158083058 0.190471203740131 0.060738409567114 0.116153106520953 0.135372232637259 0.0522138290964872 0.00658439413820091 0.000271422531278869
6.35508216901027 4.81840297074088 2.56234129482984 1.79025270870387 1.20945743994295 0.476631076350854 0.19080268389331 0.182987529812631 0.0919019250553122 0.0908894516728375 0.281418799162933 0.331341167110147 0.127818527720089 0.0161185125873 0.000664438901851737
5.8167835374527 4.7978373848177 3.01032081623666 2.22785910687101 1.50654383817396 0.570515202598126 0.117781857362093 0.0536408432398036 0.0336243695418821 0.118317012029114 0.414389276945246 0.488826633179645 0.188575314490759 0.0237802356937414 0.000980271205997015
5.16294944855674 4.23568380049685 2.60889066302978 1.99420022152062 1.45607748203144 0.56936358705478 0.0918912102027287 0.012937947251579 0.0131334168145055 0.102604032548295 0.368321259258398 0.434636225229141 0.167671034282101 0.0211441089239924 0.000871604530824828
4.33792048863816 3.21847063266456 1.61924223329984 1.24145255501577 1.01266297300648 0.414022098503544 0.0643588403241736 0.00438130354737535 0.00539094355587664 0.054724265320297 0.197357372885621 0.232906060570932 0.0898490127523381 0.0113303847907502 0.000467062232647398
3.27450759660885 2.15017510143093 0.768158406093155 0.520458360260502 0.466327950195414 0.197181078976649 0.0306770613506265 0.00174972731272309 0.00165149080889448 0.0176579301409066 0.0637360802127807 0.075217349506327 0.0290168736781083 0.00365916480221784 0.000150838450217568
2.12703593048289 1.28569508266431 0.324943871253158 0.146193436117553 0.135301781406604 0.0584151685818153 0.00911518916972765 0.000503261789621176 0.00032097356969992 0.00343630221833663 0.0124051984697176 0.0146398747559642 0.0056476785283715 0.000712198933751012 2.93583342704751e-05
