0.0687350462488047 0.121120893038136 0.191072356077483 0.246750772989539 0.252854074818277 0.213307465199882 0.161140727538148 0.114776606032351 0.073188736875884 0.037979861886591 0.0150265534428068 0.00439757088156556 0.000940619489529604 0.000146394871524781 1.6551686601993e-05
0.206781641947406 0.321659621253968 0.470265375692747 0.589652513343934 0.60246551061628 0.515088907985316 0.398527357789088 0.290556259071898 0.187933501890278 0.0981516708729374 0.0389313309963288 0.0114047329125104 0.002440573109376 0.000379973515539507 4.29771027543316e-05
0.488792963179361 0.665698231037412 0.878468144497251 1.04995181002438 1.06139347407157 0.917498693789363 0.726303371408519 0.541326120269275 0.354790562521135 0.186418268915888 0.0741362545015615 0.0217485809269231 0.0046596502047213 0.000726503549524583 8.23372801157726e-05
0.906864241313705 1.08964300293654 1.26869146047172 1.40960343902829 1.39164731848282 1.21031539969975 0.978275264175161 0.744394958784402 0.494203232395552 0.261447198567592 0.104432262325329 0.030765986513972 0.00662716015536772 0.00104113733204198 0.000119304775665628
1.32829680354024 1.44169019189474 1.4685431003737 1.47329464723782 1.39010975840976 1.20364526668424 0.989358618257661 0.768643836838196 0.518838428453519 0.278327045360744 0.112865615880265 0.03390648171737 0.0075033780079772 0.00122411171796888 0.000147798241425122
1.58705002033113 1.61992161118322 1.47887894759421 1.31977100812498 1.15618579087825 0.977090287693158 0.813168608001685 0.65249364369801 0.458745560102517 0.258269016628449 0.11120402572415 0.0360517071458181 0.00878092261037378 0.00161034001317452 0.000222855038362145
1.68724069034528 1.71507353372006 1.51134013502911 1.2568374723709 1.02450236624112 0.838281546664231 0.7189002313753 0.624762850325512 0.486041613071948 0.305631211015656 0.148154891769379 0.0544220356845778 0.0150494164029581 0.00311982245292905 0.000482771072970457
1.8142311477782 1.92544879616489 1.76918507655372 1.49661540592004 1.21312130114964 1.00846519385681 0.93161106034729 0.898132777113129 0.767662422966493 0.522111283174633 0.270562900214261 0.105221678390604 0.0305164223655513 0.00657307528907145 0.00104763488154909
2.08331032092218 2.30255652598423 2.21699876146936 1.94553669995891 1.61896162031362 1.40593765040197 1.39237865800959 1.42351087085294 1.25844048603387 0.871707709500246 0.456637594756849 0.178804730085367 0.0520825437618526 0.011247607552577 0.00179519108144911
2.37873291838672 2.66505098325118 2.60946291150499 2.31893743618291 1.94710347126373 1.72681583030325 1.76862094786981 1.84981573288644 1.64731083252586 1.14004278154795 0.594705381663698 0.231642254027318 0.0671108215969374 0.0144205573470993 0.00229147666692952
2.46943964445925 2.75943137161515 2.6950753119964 2.37788473189955 1.96515645859385 1.71217813173173 1.74118915650017 1.81894523741457 1.61452668475009 1.11067732275775 0.575128861176638 0.222297023140954 0.0639294564601156 0.0136455765183307 0.00215586751017231
2.21634331801651 2.4530102361497 2.3674811045312 2.05120827156732 1.63784445836628 1.35083546333263 1.30813842202076 1.33454201591436 1.17145550151824 0.799039146228599 0.410289719697764 0.1572577941332 0.0448641009569978 0.00950658612450684 0.00149244725515664
1.67651556382283 1.8252246202231 1.72452912419596 1.45447041507491 1.11069424575541 0.845904743700878 0.750785372992691 0.730037246662768 0.628339447528215 0.423928113639106 0.215697503027924 0.0819508501707679 0.0231843656619091 0.00487494157231921 0.000760134317244348
1.04945880129923 1.11410004206073 1.01791212114281 0.826992029733214 0.600862650911591 0.418595975506417 0.330816320472494 0.298571037258092 0.249302436250223 0.165872840406163 0.0835624051565591 0.0314602493499824 0.00882312230612621 0.00184025930501152 0.000284877824757689
0.533013955850361 0.547817292655305 0.478242380657753 0.369807213347571 0.254529465225007 0.162455803815836 0.11255045605723 0.0917314423161572 0.0732831022015858 0.0478845396984563 0.0238589203285971 0.00889800001391829 0.00247313563748079 0.000511485458270516 7.85757489921657e-05
