5.22802333420067 0.22897255201014 0.238214551727092 0.280475850142496 0.634402083574289 0.0454228973502429 0.0300494525430187 0.0754713431751515 0.399480549674005 0.00122642485741693 0.00287273872047244 0.0517688875941872 0.000262679017831323 3.75288812322672e-10 1.5096962654916e-19
8.77881318857839 0.509560202479306 0.483754104028003 0.42133912012619 0.911082332461994 0.059770148181861 0.0920172784219877 0.187509857224473 0.612793591108819 0.00182033153433023 0.00958359265082982 0.17270350102721 0.000876309849482479 1.25198163061915e-09 5.03643502547573e-19
11.933141393533 0.954083890870492 0.800367777116214 0.446001436657665 1.08287376068715 0.0632855132985862 0.192394219696696 0.366985617930491 0.67486666145733 0.00185035970506748 0.0218285270480362 0.393366405999704 0.00199596921432222 2.85164168186653e-09 1.147249995344e-18
14.0553153253169 1.52412404196756 1.210563265879 0.356481951593154 1.22401587284037 0.0725233049883986 0.274696662346723 0.540651777744592 0.564594394030448 0.00129427826449938 0.0339456677810864 0.611726399941244 0.00310394734671004 4.43486038379328e-09 1.78866631390398e-18
15.2694551498778 2.06550406323148 1.69921193964278 0.260421519757808 1.39612819786714 0.119246848613207 0.268027173019429 0.576496893448123 0.386625093454035 0.000630360084570814 0.0360419364859025 0.649503280330046 0.00329575049018094 4.71653950395765e-09 2.03866953517436e-18
15.5997651767192 2.35154300393226 2.02619390165988 0.239266314044627 1.50709277194359 0.238156611086914 0.179552788007942 0.434321372906173 0.22492328831135 0.000219755754602358 0.0261273841295233 0.470846586248225 0.00239170708289402 3.58188257510685e-09 4.38639224314731e-18
14.645897742452 2.29127094003005 1.90537871233488 0.302099326774956 1.39223658827774 0.445920359688849 0.0849477356771153 0.22825943210888 0.106657581121294 5.98009494037072e-05 0.0129316605323967 0.233202179130777 0.00122025530382036 4.08936211321065e-09 4.35606035673724e-17
12.3755336890629 2.09585687811875 1.38334918534746 0.397857862260052 1.01329304426881 0.686730013296994 0.032883309411962 0.0831438810571003 0.0382615235523511 4.88260004871455e-05 0.004371942092338 0.0803778119932803 0.000767046906296315 2.38891853607415e-08 4.16856212557195e-16
9.50680596405348 2.02044468123504 0.786426065344794 0.425951071214014 0.550752797298298 0.806513916035562 0.0156268550040946 0.0209166685778327 0.00987608278071629 0.00045932871474709 0.00102292475458085 0.0289849923667101 0.00252986870721234 1.54814832422469e-07 2.76376379298893e-15
6.95862263352667 1.98585067500185 0.361868730699321 0.331524566151493 0.218245809718662 0.687390851030243 0.0101074943005435 0.00362643272467066 0.00217040996962113 0.00391391253960036 0.00023049026825554 0.0518515420517013 0.0110549623274193 7.00592124471525e-07 1.25170601714126e-14
5.40710947612415 1.78857380738593 0.141664486367658 0.180143873361548 0.063189725195708 0.412774888519406 0.005853210954342 0.000432710607330731 0.00262433329223797 0.022878170978123 0.000267556686229819 0.151795501520607 0.0341412603257574 2.16633744963671e-06 3.870573605639e-14
5.11646450938195 1.45916078371978 0.0524606298419462 0.0673867274433087 0.0137031116657763 0.171883936315519 0.00244565384105091 3.57627641496896e-05 0.00962836459976755 0.0913126750860603 0.000645142156642311 0.319849122222925 0.0720771258532331 4.57364827416411e-06 8.17169988803891e-14
5.57044473732993 1.10047170419467 0.0221919746414946 0.0172668415485878 0.00231111620792525 0.0492366819110019 0.000704169389281473 2.775172340705e-06 0.0261890480951942 0.248831489983407 0.0012417760658472 0.461016475337675 0.103895729794569 6.59270514706316e-06 1.17791326537571e-13
5.65902838060282 0.729903469463566 0.010862608234909 0.0030249696252887 0.000311066220043354 0.0096643947841568 0.000138635725328501 1.5214733228472e-06 0.0487237524396456 0.462959974669914 0.0018054671029676 0.453711866372727 0.102249783383278 6.48826193074172e-06 1.1592524822442e-13
4.74516782451094 0.397335088666276 0.00479024374770721 0.000362059538652219 3.30643122180596e-05 0.00129740446148198 1.86399222119391e-05 1.83621391381318e-06 0.0618931076722292 0.588092131407062 0.00195427383081877 0.304865753763338 0.0687054098663421 4.35970308524093e-06 7.78944604513233e-14
