0.904959116410332 0.88372113980416 0.772689434941366 0.66969711688899 0.62158712406049 0.616498886004497 0.624342075659769 0.614338884306793 0.557428215427354 0.444749132143484 0.30172483840705 0.170566540620383 0.0793715358846727 0.030148773175769 0.00928546066571974
1.09564890920035 1.10556963517428 1.02535727718347 0.956472160491953 0.9338351582536 0.933689410502992 0.929214075087488 0.89860835890577 0.811637847668942 0.6523611306085 0.448777513413247 0.257769850624612 0.121789219644082 0.0468738549337963 0.0145916362010329
1.15698750028352 1.21949315455301 1.21191672398157 1.21591696769785 1.2374865100528 1.23924165805327 1.20774731408744 1.14372518424221 1.02458845389007 0.82718531624241 0.575623172212759 0.335181626046662 0.160445525052017 0.0624461482821669 0.0196142878276646
1.09410341047282 1.21833482463949 1.30436683555495 1.3971383235827 1.46620450143443 1.46302621604926 1.39287292941033 1.28557120427419 1.13445466416178 0.913812037950591 0.639686609838769 0.375945211417919 0.18168598843508 0.0713129459340247 0.0225538552698135
0.974462819174229 1.15190941814386 1.31976111488473 1.48566259076692 1.59029121295824 1.5790458148204 1.47040664274923 1.31649700195108 1.13088482940488 0.896181284145144 0.62341077436537 0.366377969932063 0.177585046087454 0.0699719317570755 0.0222119904779943
0.877346474517855 1.08622413854599 1.30015086124858 1.50537171126025 1.63227934579882 1.62348302981274 1.49340112927161 1.29710062852017 1.06790518139618 0.812357787016164 0.548136335172881 0.31603138322886 0.151561900927797 0.0594038490796747 0.0188146395048694
0.837271691206773 1.05178976699965 1.27248653328143 1.48742130822656 1.63616544606977 1.6567811909049 1.53651553696373 1.30942878395818 1.02464802388113 0.727860945533264 0.459498888964469 0.251256041299743 0.116099828750555 0.0444221302688137 0.0138625849218996
0.829449523302793 1.02687069860728 1.22622109867033 1.43627606451675 1.61781348995288 1.69957610637204 1.62353135977967 1.38457602677063 1.04149276928306 0.686467044354094 0.394862559068637 0.196991148676473 0.0842742423705263 0.0304356350314435 0.00912585233614922
0.805692424061209 0.969005097159829 1.13122806750868 1.32937076581795 1.54828124071612 1.70579310502939 1.69575682095831 1.46917842451528 1.08662304354235 0.68014546149295 0.360289825450432 0.162249578412607 0.0623589487179601 0.0204313849150266 0.00566193724609985
0.744012209801577 0.86244633733069 0.977340850015629 1.15047207416274 1.38791994345577 1.60270635893072 1.65600078168883 1.46506165314066 1.08364133540954 0.663003391976169 0.334812663990245 0.140059362555334 0.048887292630528 0.0143544531270887 0.00356488286325772
0.665973163433908 0.73532130963987 0.793691771537395 0.918963974011199 1.13426553678507 1.35972702533861 1.45024933877598 1.30886304937926 0.975579530839876 0.593996045953681 0.29424792165716 0.118630739338527 0.039071219120757 0.0105821937725891 0.00237732682610759
0.609457007740308 0.632247005761174 0.628236647378268 0.683491209172375 0.83472366023534 1.02022589175742 1.11298614471698 1.02134127988358 0.768729827396711 0.469490418270098 0.231583603571297 0.0921170338306719 0.0295661289143316 0.0076780457184697 0.00162132090480542
0.58758604332732 0.572581763123011 0.510006585460776 0.488734352786152 0.555649160180048 0.671690008247619 0.740585794070336 0.688054654021122 0.522744210426906 0.321109978702308 0.158709901033779 0.0629713148885072 0.0200396554927786 0.00511667432834028 0.00104993397878593
0.575026744447712 0.53565183148742 0.431586621118697 0.349623117810879 0.341849524119782 0.389041981415514 0.425796065248526 0.398224906050357 0.30492249401215 0.188480824044208 0.0935482667871613 0.0371855106236471 0.0118210175314955 0.00300312235863908 0.000609729623307619
0.532383258936236 0.483733289846107 0.364634417751806 0.253522770894378 0.200981742742315 0.200873198892683 0.211875092263392 0.197714068567128 0.152194225202482 0.0946153610926309 0.0471805351769367 0.0188168716963762 0.00599239639453367 0.00152214667791215 0.00030820471927459
