1.1480238126486 0.0833883660051899 0.00107432890188242 0.00242677094727461 0.169857801727703 0.853409856267192 0.10118572168275 0.0967942516652468 0.0680504763686553 0.0353820769686525 8.81220350655022e-05 1.0422898311536e-09 5.85457080015604e-17 1.56172370726409e-26 1.97840828794244e-38
2.32434003382407 0.186975417800608 0.00847816171555365 0.0158117303549038 0.20303094745141 1.1088951122715 0.253306349003359 0.256103120944862 0.20668955700604 0.107597870822091 0.000267981555232911 3.16963231443162e-09 1.78039123482225e-16 4.74924515312547e-26 6.01639453170255e-38
4.30875673647818 0.427225808671421 0.0460120355740727 0.0736835427412272 0.227610225901291 1.21686790183266 0.493736592114724 0.47002073399962 0.42326991350477 0.220563117134613 0.000549331043350452 6.49737786922139e-09 3.64959511392545e-16 9.7354006055929e-26 1.2332909563297e-37
7.10023995433345 0.961852911200069 0.169939488720225 0.236341074602243 0.323969217016688 1.1966020519968 0.790985945277565 0.61929976483658 0.584438179318714 0.304769121235535 0.000759053234159882 8.97793005675604e-09 5.04292813621254e-16 1.34521567732042e-25 1.70413360103445e-37
9.84924370430473 1.91706645776271 0.426841334546406 0.525831840324948 0.539373756568597 1.12303366573172 1.12760550427506 0.621713219795851 0.544150959001639 0.283868951470847 0.000706999622173738 8.36225033026661e-09 4.69709913153315e-16 1.25296478930434e-25 1.58726918988916e-37
11.2455927199693 3.09039681352594 0.731125321366622 0.847881854986638 0.81010530390626 1.17277555433186 1.44189378770286 0.508525165234238 0.341704381829889 0.178227077011711 0.000443889612529976 5.25023768410899e-09 2.94907302369465e-16 7.86673765297052e-26 9.96566735800594e-38
10.7474285943313 3.86327393331206 0.861170174677106 1.10797831120522 1.00397450635312 1.35672663773167 1.5312200681937 0.347081623584266 0.144788146829505 0.0754289980777289 0.000187862300625793 2.22199777225809e-09 1.24810229234184e-16 3.32934899171253e-26 4.21765489504927e-38
9.29659677045074 3.8083446610899 0.715245124033663 1.3667086991683 1.03145515352149 1.35994887317911 1.24411216434542 0.190297556294048 0.0414380282103768 0.021518493557377 5.35936264320632e-05 6.33894709809385e-10 3.56060411173339e-17 9.49801453136039e-27 1.20321863466875e-38
8.65047089473203 3.22884380357189 0.453806526245344 1.60835526013906 0.88863003169782 0.996999125284739 0.73512442366731 0.0794052412046143 0.00802732455210564 0.00413803611680759 1.03061274005829e-05 1.21898816571486e-10 6.84709023096884e-18 1.82648113832621e-27 2.31380583199668e-39
9.52752040047566 2.6764066720563 0.272190454630312 1.55586408372186 0.633254049064089 0.50523744495591 0.307106149020672 0.0243926631289735 0.00105733443612392 0.000536396098197388 1.33593928986595e-06 1.58012231088968e-11 8.8755907095159e-19 2.36758951256588e-28 2.99928770519321e-40
10.6166374896451 2.27191070262658 0.196430066849989 1.09598374423953 0.358872680282943 0.174439990959903 0.0891909378567349 0.00544486062837676 9.56072979417336e-05 4.68690267362293e-05 1.16731157584492e-07 1.38067281853716e-12 7.75527739633638e-20 2.06874269347721e-29 2.62070535995493e-41
10.3833608311169 1.81946043367455 0.15196691661396 0.534377553325548 0.153944906559461 0.0409112920551858 0.0178147417374039 0.000878090142468755 6.0541953814631e-06 2.7605486305537e-06 6.87536431704604e-09 8.13204360027432e-14 4.56779137479138e-21 1.21847157090627e-30 1.54357281207333e-42
8.92499420665669 1.26867318542062 0.0966859246795444 0.177389122982056 0.04786716191428 0.00652029168753198 0.00243019499484735 0.000101578603404778 2.79013123182642e-07 1.09600952631708e-07 2.72969103379028e-10 3.22862403756296e-15 1.81352704881301e-22 4.83763589607708e-32 6.12836886981335e-44
6.95805612800518 0.768096146396478 0.0444593493521327 0.0398941500300163 0.0104657059465667 0.000707952245203699 0.000225417766214059 8.33888260148976e-06 9.95684565302829e-09 2.93321162847897e-09 7.30533480401196e-12 8.64060410368179e-17 4.85345121568866e-24 1.29467216032107e-33 1.64010453336508e-45
4.7099931969306 0.41448856668562 0.014166780711793 0.00607077957078351 0.00157951266646558 5.26576487462335e-05 1.41787889986575e-05 4.79805889971165e-07 2.9402802214281e-10 5.29156458944269e-11 1.31787921822696e-13 1.5587612182492e-18 8.75560486153536e-26 2.33558294031256e-35 2.95874143729699e-47
