0.691054154497956 0.709872324259457 0.39155972859091 0.110238178621485 0.0461047883157811 0.159559092741555 0.336408643895214 0.313027695596434 0.159320676903757 0.0591249002860645 0.0132743047721048 0.00133165602664658 5.36499405409261e-05 8.48686182471709e-07 5.25582802679650e-09
1.57668719759506 1.31387940093535 0.560790552216262 0.136119078230426 0.0680132274635952 0.203402042520501 0.401697749232463 0.400948003326137 0.259582386477096 0.121283536429992 0.029573889907406 0.00302943332460441 0.000123177727490803 1.97076089902686e-06 1.2452101978909e-08
3.09841874673198 2.3000346493509 0.799268699145741 0.166878178986743 0.106105838419248 0.239459884033272 0.398437353265956 0.433219405913495 0.365060988424455 0.20128300621406 0.0516099581088393 0.0053950691904061 0.00022439176270789 3.73160453622538e-06 2.52496432952209e-08
4.99323114976062 3.53692549881698 1.11588048720128 0.22406314367297 0.174313100578752 0.291947328789504 0.35958225355115 0.412829751593486 0.438637468698645 0.270006341083814 0.0723363347667004 0.00789762431335439 0.00035229614791526 6.57351508823001e-06 5.28923491280953e-08
6.45389121142783 4.52323357782043 1.41722810614601 0.315269272094491 0.266891008310465 0.364204553455598 0.327876783644518 0.366323682490906 0.459393756428328 0.308487450166214 0.0891427676972806 0.0108903732640433 0.00057371076242833 1.32668128236923e-05 1.3464044854551e-07
6.66858617140582 4.71281933473894 1.55727605036975 0.423244581044691 0.350264373178445 0.415843738554469 0.313059471550305 0.334869505380074 0.468451416544554 0.348605583906169 0.11618261892974 0.0171815662927718 0.00111863649071002 3.13976452759021e-05 3.70358705593756e-07
5.59189662862028 4.03903863591707 1.47578010738372 0.515837825135311 0.389069055680105 0.408006119654576 0.311413430571526 0.365461567707444 0.549905724242717 0.45724155236746 0.178163449145659 0.0310118653479961 0.0023137898145875 7.1716327261815e-05 9.05225427310312e-07
3.99833804892594 2.98834749002647 1.2480066401784 0.558135647653697 0.376627409395581 0.362690611105135 0.346099789502709 0.480063300210705 0.731937765643884 0.652207091046924 0.279778083138122 0.0530835626236366 0.00422768126217899 0.000137365179623723 1.79460417874573e-06
2.7498846957628 2.13474360445012 0.996993119159939 0.525382266277981 0.333783827209802 0.349449425647693 0.456743438059844 0.646232245763331 0.923351491508622 0.844684336904044 0.381557174942026 0.0758615154512766 0.00627006847938209 0.00020973208730234 2.80377927695583e-06
2.18609592871028 1.7225606928464 0.800802140777076 0.425572167267097 0.288888952364889 0.411417048115572 0.642659941541426 0.794214206863767 0.988379197519603 0.90098855290088 0.420886985397971 0.0865026265933242 0.00734763785854732 0.000251254038018054 3.41889314297172e-06
2.15627308515828 1.66754254462215 0.680796496157966 0.306365330699593 0.265611013994653 0.520299939254139 0.830551721626226 0.868396276774852 0.885346536484678 0.772372062147566 0.367970730312657 0.0776292293621073 0.00674193762502426 0.00023467734114331 3.23856386587183e-06
2.34937935901819 1.77156624964365 0.626159237074724 0.222078113700942 0.277875092162072 0.609303701847334 0.920518897297268 0.858433611811434 0.699042379661115 0.540061504147499 0.254546664490086 0.0545767527706328 0.00482217112605358 0.000170238821803583 2.37537353552493e-06
2.49286311972573 1.85758046256257 0.605340831928614 0.19206704690367 0.321992932245726 0.637391941699413 0.87076597680101 0.785454749235441 0.535888006130812 0.326223007228784 0.141037071999999 0.0300434718737459 0.00268084231541324 9.56297329442194e-05 1.34558504506848e-06
2.39436968251032 1.79174034725445 0.571974670667792 0.193031605140202 0.36793975311701 0.60384608810856 0.71925640735045 0.668106093617466 0.424226675360134 0.189501538975202 0.0650811257322609 0.0130296395557507 0.00115711213726784 4.15071123207513e-05 5.87511144831201e-07
1.9836755402815 1.5082707900202 0.48723429851359 0.18584671481575 0.369693250319363 0.515948211919665 0.528084310548585 0.51302302029926 0.328139104204039 0.114938097220554 0.027229382128765 0.0045548767834417 0.000388827643504785 1.39054650213749e-05 1.97430971388528e-07
