0.278723470409931 0.362961942961966 0.322357541839954 0.196707488590252 0.0854712125544675 0.0308660563508882 0.0134676852282998 0.00777943815548922 0.00412085717749359 0.00162178550309697 0.000447680627825773 8.52266568797828e-05 1.11120654842193e-05 9.8875532865459e-07 5.99260563454943e-08
0.357547751937838 0.46298766448282 0.414731824206231 0.264440300949759 0.134976904604947 0.0745214232115098 0.0530113469782988 0.0371514367651152 0.0202943700043688 0.00796774592862933 0.00218723305787577 0.000414577264478526 5.38894403545606e-05 4.78519256944631e-06 2.89615041453289e-07
0.40466133606797 0.504955871630215 0.45912065700781 0.330346003692006 0.234872946100598 0.201208430459293 0.178432132900601 0.130428699220531 0.0709065556371415 0.0275469381425574 0.00749592911296947 0.0014117770644139 0.000182697657835316 1.61740813333799e-05 9.76991322343423e-07
0.599283036303313 0.677236510826276 0.606423569483156 0.499587504233733 0.46707388050518 0.486510500503035 0.454398368404858 0.330601689733661 0.176883692432199 0.0676772289059298 0.0181940799232382 0.00339638474019561 0.000436861053135008 3.85291119922377e-05 2.32303355160033e-06
1.14890923574915 1.18214809667154 0.990790164411785 0.827018926534354 0.835991048908816 0.913104471792764 0.855949416226734 0.613640750085134 0.322031454649323 0.120996517925623 0.0320598839867468 0.00592515891696088 0.00075803077950369 6.68021737890808e-05 4.04370157533989e-06
1.98038860873882 1.92006420282438 1.49036436367453 1.16928187836734 1.17492619424148 1.3021774069213 1.22333456932838 0.868903820769419 0.4496530877466 0.166778320704264 0.0438534731473405 0.00810841827360087 0.00104840854889312 9.45238352521402e-05 5.94297593247059e-06
2.70235021877555 2.50954445814218 1.81509920138263 1.31626215803122 1.29863955299353 1.47430746450607 1.413035201254 1.01587084251204 0.531612734664654 0.200659562382634 0.0543758807322672 0.0105461307099395 0.00146196290166834 0.000145094312404035 1.03845545700216e-05
3.05061131505787 2.74663091674695 1.88024028459368 1.27091229316497 1.23669331084322 1.45691212147303 1.45716343085326 1.09790614594878 0.609449589027798 0.248382327680374 0.0741642111722878 0.016179699476114 0.00257736223464798 0.000301766174034132 2.64815025933912e-05
3.15546223774315 2.81035722750549 1.8873003866574 1.23508849543336 1.18094703567313 1.41608072597734 1.47683173729686 1.18922779899387 0.723862628603389 0.330399317958214 0.112115180229175 0.0281460039684189 0.00526104894207461 0.000748329270980306 8.3462455025324e-05
3.15919057543273 2.85079010692377 1.96185884924956 1.31506166499536 1.23638297933804 1.44180725669173 1.51086251614263 1.27366272760756 0.841468119667655 0.427705771276371 0.164979125679386 0.0483951853341693 0.0110047660106788 0.00197954272384931 0.000280883013667338
2.9793842630267 2.76038402734558 1.98843997190882 1.41282616810954 1.33755874893755 1.49013200413122 1.50538864666904 1.27430046339853 0.890013252198163 0.502867840594486 0.226620848895638 0.0815175284593374 0.0233623851531736 0.00521055495952921 0.000869035976630036
2.60114578164381 2.47455810314763 1.85705766710017 1.39484114586448 1.35021042146603 1.45150406966021 1.38923196330237 1.14737760035437 0.842311787916117 0.546995964846371 0.302523515734275 0.135693904215855 0.0468427214400072 0.0118743869714387 0.00213678083366597
2.13432654347386 2.06486034860672 1.57765091163891 1.20692551690844 1.17184533785674 1.22564453114334 1.12093210290726 0.911641107503204 0.729641455623066 0.570600061115999 0.386452927502586 0.202860430504844 0.0773962874441287 0.0207596923722593 0.00384885482781635
1.59555143691873 1.54993643983619 1.17466155303315 0.872018850626533 0.816088642711127 0.829492238189671 0.742862526816296 0.625016288665584 0.578835153962893 0.544619449644215 0.422480437630891 0.240075932027293 0.0955618388549466 0.0261975819304165 0.00491092425024613
0.994248224399101 0.961483113786731 0.712311690676594 0.497126812294724 0.432542457861059 0.425085598538434 0.384558083524977 0.357669152489493 0.395743142697553 0.426098229191199 0.354423413840763 0.208286536724791 0.0842771884181657 0.0232917186471613 0.0043838204079818
