0.00323394674556347 0.00837467473798745 0.0175317447341226 0.0336583463359928 0.0656348808933312 0.121004550007183 0.18234849798539 0.206064402004693 0.168977710985123 0.0994827595202463 0.0419110655896296 0.0126222662754336 0.00271670171703318 0.000417832897737753 4.59205681671955e-05
0.0122163787105545 0.0299895571235431 0.0579038577212986 0.0968367276634066 0.160671891194793 0.26664983482896 0.38465390571097 0.428368062981444 0.349679440055141 0.20558367946055 0.0865741073045295 0.0260700427297228 0.00561086380172574 0.000862949441983254 9.48393216494676e-05
0.0386441174287369 0.0895599571693553 0.161109549098127 0.239640576764533 0.336503573204585 0.485978755497518 0.655227584035326 0.712321183932725 0.577062822863866 0.338481019013593 0.142439104327406 0.0428835674832422 0.00922892222741561 0.00141937814596616 0.000155990659356768
0.103498544171298 0.224738777166029 0.377555125284711 0.508571956742533 0.610304507967937 0.745337488550431 0.909238369862831 0.950397165339633 0.760153644276682 0.444131336408028 0.186677480661809 0.0561820803814848 0.012089555670426 0.00185927118293859 0.000204333011703168
0.237053343320648 0.478405939709423 0.748370908584284 0.923221192533221 0.964512236529347 0.981448339981668 1.04205712303509 1.02287029795239 0.800687952140361 0.464693356198323 0.19492241749802 0.0586267423105871 0.012613120975901 0.00193966459661611 0.000213163253854764
0.468505076408438 0.872210954447751 1.26367017483814 1.43431537675145 1.33011052872899 1.13166597534909 1.00726199068045 0.896938104803831 0.67692058623408 0.388262273301334 0.162259412344527 0.0487437062321518 0.0104823960866875 0.00161172914662563 0.000177110911431698
0.808999891068465 1.37591566677351 1.83360878810905 1.9151125143361 1.60183368442664 1.16279934403891 0.848644306463709 0.655416092641225 0.464488810418729 0.260498886951056 0.108004949983178 0.0323459318017464 0.00694664059469734 0.00106736611748182 0.000117248195708614
1.2501718806411 1.90895450859913 2.31354468671169 2.21642322796396 1.69474113173699 1.08786963667942 0.662143147402862 0.426749308926683 0.271167877582088 0.144529933613738 0.0585308457986401 0.0173226799189685 0.00369608639054375 0.0005657629253046 6.20066041416393e-05
1.79487800296322 2.4010630292432 2.59369430428295 2.2615879568922 1.60727534589193 0.970233192127119 0.542337206642057 0.303477231248533 0.164573921878993 0.0772935645998415 0.0286954838626253 0.00802334953641772 0.00165056676312062 0.000246860990924523 2.66624869342567e-05
2.46986158944848 2.85451548922261 2.68427138254347 2.10497459989076 1.43088279280632 0.900014733035498 0.550556174374281 0.316117229935092 0.155667675975542 0.0613481474712001 0.0187336686223518 0.00437798656515706 0.000777378649770364 0.000104001157436772 1.03747642810107e-05
3.23554330183645 3.28934564538087 2.68085481234828 1.88120087741974 1.27848757830185 0.931456038671512 0.686624281251696 0.43778656401914 0.216797211536752 0.079725885055781 0.0214811172912259 0.00424019721875325 0.000616947747017495 6.67691841970681e-05 5.42444059560848e-06
3.85917364595438 3.59800891270085 2.61820000317765 1.67452692082981 1.18416107204789 1.02142232046075 0.86570680428056 0.588718517408077 0.296767684368741 0.108273974653246 0.0284014943989044 0.00535032175800655 0.00072471819811557 7.07869784348078e-05 5.00877294358774e-06
3.9851339884222 3.54290081888478 2.40622679452304 1.4535928061584 1.08079777860312 1.04792295166854 0.952324551391985 0.665477563100973 0.338380806267487 0.123565830691332 0.0323000659234185 0.0060393696295842 0.000807741992424837 7.73087737629659e-05 5.29915671155429e-06
3.44044190664519 2.98903751296015 1.96069846129946 1.15313916044402 0.890684995564126 0.918970153069195 0.860664988230206 0.607800647616462 0.310107758820529 0.113338305174688 0.0296189927641475 0.00553242679222828 0.000738552276505529 7.04667949399163e-05 4.80589881770486e-06
2.43665375968933 2.09495439572463 1.35267215056062 0.78706823444566 0.6215533436625 0.660245031380712 0.626119109633705 0.443969306193049 0.226810981516275 0.0829266749798958 0.0216725335284502 0.00404765830559096 0.000540200207148982 5.15181987116516e-05 3.51097395611874e-06
