0.454668869145298 0.404917657785125 0.283900314757078 0.172277299711421 0.108549629268973 0.087145590357733 0.0911260189002681 0.101485023542901 0.0986906737815157 0.0761678389352128 0.0452455047164546 0.0206377494356899 0.00730797037194125 0.00204494826986471 0.000460195039336339
1.15790766775219 1.04413214257155 0.753110229825467 0.483526709759032 0.3287045361133 0.274967072555467 0.282121587291088 0.303241447149983 0.289010498350496 0.223576746789378 0.136579306839314 0.0660403162650356 0.0256255057236038 0.00807597084768222 0.00206792967562151
2.00894141120841 1.84655827311029 1.38185484278416 0.944655425385783 0.69369815589099 0.610168525018884 0.624420995126407 0.650989238389633 0.607241439617638 0.473524068232424 0.303071273328589 0.159667274943386 0.0693813612778138 0.0246132619317279 0.00697921033114288
2.57100673228712 2.4331531386255 1.90517313707239 1.38559801617056 1.09167600530686 1.02013266592733 1.06890392368349 1.09973844868429 1.00746257841013 0.791757795075401 0.531413344774028 0.303300427141439 0.14420673528013 0.0553209333281834 0.0166071784409827
2.73444457827315 2.68188501123096 2.19694250195864 1.67634653871584 1.39009835160462 1.37879138149925 1.50758691609914 1.5618923719678 1.4119041909196 1.10041955938085 0.748156805162509 0.440997195342231 0.217732839523312 0.086218919367005 0.0264648850944217
2.67076141706144 2.68105238921954 2.2529534578589 1.75705929348123 1.49313349025027 1.54413447788925 1.75712279924196 1.84679334830212 1.6479019672192 1.24398066750061 0.815129414088162 0.467237865860487 0.227397274744078 0.0896228531674478 0.0275033582467888
2.52991180223017 2.506942143068 2.06807586915811 1.57853719094158 1.32948561468611 1.40375796045429 1.64763103417658 1.75790280004436 1.54935048847569 1.11741634993559 0.679308264817352 0.358378883331686 0.163247926498051 0.0617523994297306 0.018545164328685
2.37665056670971 2.24672030326414 1.73032520398852 1.21655016751921 0.972712437979002 1.04396318737877 1.276075185944 1.39509781710058 1.22584720628548 0.848499663137332 0.471718446655345 0.218629334169566 0.0870303062630922 0.0296442399184046 0.00833868145169504
2.06121074178698 1.86138725081959 1.32851911527294 0.843804972175755 0.639884607692199 0.723392406172819 0.940889323670152 1.06146788719628 0.938362763197042 0.634556790557048 0.329336901821922 0.133810667499571 0.0440159494714618 0.0121583343137252 0.00286726191744225
1.56466025026932 1.38217692165009 0.956180865631747 0.60087382407118 0.492710247080114 0.608348919059465 0.802399827622984 0.892209385152788 0.775286935462548 0.513506327288308 0.257002374924964 0.0972005501398387 0.0280178548257898 0.00627518241569526 0.00112707013872515
1.18463644155574 1.05456395965998 0.761834976734158 0.550747805032427 0.53624795714328 0.660475245412351 0.787908559740901 0.796753576113461 0.647623066621644 0.410530803265974 0.199001673439608 0.0728999126911962 0.0200668379065164 0.00414851788446874 0.000647519721919452
0.974127297266626 0.90210330953007 0.723169739342191 0.620058996555858 0.647953324523003 0.722939652437315 0.738282720727848 0.646977082348911 0.471484499548569 0.277481033353464 0.128255018637105 0.0455525919767888 0.0122528297134038 0.00247471213221098 0.000373700727751781
0.723156110010238 0.725470136772194 0.675513406258674 0.667407184947822 0.693744466555219 0.679984963683989 0.585184260760305 0.43277127205225 0.272714059571579 0.143873613180057 0.0617696795204111 0.0209455907927362 0.00547656105191831 0.00108637807543444 0.000161895062129671
0.415515597813858 0.48149534007871 0.54429601497244 0.607089979289188 0.617088413010808 0.534668764439865 0.387385245433531 0.236939261172813 0.124275437297157 0.0561383265785949 0.0214901941319131 0.00675574894344873 0.00168649380485578 0.000325567728710778 4.77492440413455e-05
0.181657648198318 0.258697611782699 0.353648429665806 0.429675173763215 0.42923952606148 0.340730442879326 0.214902990412866 0.109859780900106 0.0469415989200268 0.0172847046327003 0.00556041016714541 0.00154012842036111 0.000354424236639463 6.51946192678536e-05 9.3026137428795e-06
