5.19220417045416 0.0541053285547439 0.000156771059010666 0.0251314106297201 0.0203033024071384 0.00565482205914809 0.00398971667298667 0.111345030959662 0.534779603691995 4.17068653018946e-09 3.49936181304611e-15 3.71064603029538e-41 1.55439543431536e-90 2.65299168205616e-163 1.86386139822467e-259
9.71572866915514 0.202524074411792 0.000700683841153464 0.0958882959468783 0.0319450280993696 0.0149526334210894 0.0244660669703744 0.345059329217418 0.729312587604698 5.74350132928508e-09 1.63594723272084e-13 1.77111767531103e-39 7.64866385437862e-89 1.35356114678407e-161 9.83489980568931e-258
15.0454539318038 0.555021129340129 0.00224177628536779 0.261730647306937 0.0360009988208768 0.0285279129502672 0.107329375632607 0.766003401377379 0.711989550009098 7.47458674847726e-09 5.49683837429095e-12 6.09287166879859e-38 2.71882212289691e-87 4.98957885210674e-160 3.74163021903514e-256
20.0865153839828 1.12272346336782 0.00513911960794285 0.511212136010423 0.0291361630651674 0.0393674362388291 0.336905600225992 1.21793679131112 0.500080820550738 4.97407781651625e-08 1.32845545241363e-10 1.51185412160907e-36 6.98365169342132e-86 1.32835582557053e-158 1.0255087736386e-254
24.1179651930915 1.69183820775744 0.00846606459248973 0.714918816860433 0.0170861140514942 0.0394318694990124 0.757089576837536 1.38717993136481 0.261116462662285 7.84718290881959e-07 2.31109072740194e-09 2.70778185192507e-35 1.29639433464901e-84 2.55258059026687e-157 2.0232617708513e-253
26.6579071402398 1.92167930681295 0.0101577380009943 0.716734320364584 0.00751135292319863 0.0290036218452879 1.21921560373731 1.13478061880294 0.121155256750906 9.59747935865465e-06 2.89651901457511e-08 3.50253988159271e-34 1.73899271777427e-83 3.53798590747791e-156 2.87113360224912e-252
26.8628084562748 1.6888730104058 0.00958650549218237 0.516468901042504 0.00279456481168458 0.0176892050033847 1.41002031363193 0.685400077629887 0.0790471668070182 8.45903583764619e-05 2.61741203260781e-07 3.27338609016693e-33 1.6851115559754e-82 3.53433482304101e-155 2.9283053103963e-251
24.239188198848 1.25059942679204 0.0101191262003056 0.26896330731778 0.00114716309087168 0.0203743579658183 1.17611025520252 0.384060186648587 0.0736221577359416 0.000536492142505219 1.70658248274474e-06 2.21080753349728e-32 1.17900457898654e-81 2.54262469092175e-154 2.14506073126342e-250
20.4492539419776 0.959731469193007 0.0191235095482836 0.102358135559007 0.000577445359219097 0.0636394855107786 0.713573001567849 0.410600572797709 0.0616814216614888 0.00245023066307096 8.03382423742354e-06 1.07906396886235e-31 5.95225179430006e-81 1.31622002628174e-153 1.12785015148107e-249
19.4603475519597 0.890066137180615 0.0456221089392314 0.0290765872688824 0.000277903487871867 0.19083348346689 0.319951443453804 0.728230993321336 0.0385188881242969 0.00806497887878354 2.73197094486734e-05 3.80537016588497e-31 2.16673139448405e-80 4.89901046950817e-153 4.25413376879565e-249
24.5946574747021 0.847811941889853 0.093461715798961 0.00639816865850616 0.000104778035138194 0.419121518898434 0.108857657398919 1.10319967169364 0.0173133241384822 0.0191465396498895 6.7132031358754e-05 9.69228211685505e-31 5.6825188329251e-80 1.31010509725679e-152 1.150558783539e-248
34.6376682093242 0.678822044040261 0.149096859283712 0.00115830307842025 2.89691656205435e-05 0.659469254338877 0.0291156960519534 1.21928701834478 0.00557102413480541 0.0328075501910596 0.00011921641855977 1.78192300354769e-30 1.07284072393202e-79 2.51555560925806e-152 2.2303004552473e-248
43.2541851026619 0.424057645351027 0.179804986812515 0.000191864913262091 5.77500698295527e-06 0.742237599752709 0.00631335475155295 0.965741022070023 0.00128229604128508 0.0405982887059757 0.000152987036613655 2.36311968204542e-30 1.45694009799635e-79 3.4660467923773e-152 3.09756413962408e-248
43.6668862046068 0.203332749750458 0.160862570720264 3.49537494884669e-05 8.28814760852314e-07 0.597495228048502 0.00111612019735282 0.547191009950151 0.000211100085171001 0.0362974872132155 0.000141825899643508 2.25881923529194e-30 1.42210499802867e-79 3.42516418268951e-152 3.08140527881667e-248
34.6636964190262 0.0744052262957566 0.105314386509473 7.74804909062729e-06 8.70779303618276e-08 0.344004745157697 0.000157051592697085 0.221749925979223 2.48558034126031e-05 0.0234520761784388 9.49356825294018e-05 1.5549797964721e-30 9.97015405114722e-80 2.42649042591096e-152 2.19502236990315e-248
