1.64691935699355 0.969462335118021 0.198121845369099 0.0225043407807705 0.0442729629616687 0.0847733095350091 0.066497774923865 0.0332702296029672 0.0169921939632255 0.00789768824050219 0.00204195730466371 0.000215397197776294 9.29797050496752e-06 1.91793102986116e-07 1.99813397909092e-09
3.02697863551962 1.79525240685298 0.375182146330522 0.0460669131907895 0.0896551545919779 0.174696152262995 0.151143120024458 0.0935534064104371 0.0567836478413554 0.0288791827478921 0.00784974804021184 0.000901139928707147 4.70439317682746e-05 1.25296037764159e-06 1.5482776842444e-08
4.40213320688297 2.64991576091666 0.578552741585979 0.0786645163098357 0.136476313423804 0.271581677784099 0.268789655291588 0.204267806209232 0.141845884752809 0.0783096756960943 0.0229119597439739 0.00305470193970765 0.000204619856554015 6.74752527947586e-06 9.20035715340974e-08
5.29060809100789 3.26331505530379 0.764403488734223 0.121258879725517 0.167066970945587 0.335995672159095 0.39187263527882 0.350112684144789 0.266389699524519 0.159868179906776 0.0528061282791633 0.00880694829084902 0.000754304513264498 2.85476758866449e-05 4.08799976921002e-07
5.49158026936682 3.4916131602784 0.89314061564259 0.17967711637841 0.194044000372597 0.373088689156735 0.502861811126545 0.48396470566115 0.383542787059666 0.254309978653049 0.101677711120686 0.0219628611116854 0.00225424345407507 9.17432594658015e-05 1.34234315413887e-06
5.05759050885194 3.30134765090948 0.92262924873288 0.258910571138123 0.257623387669223 0.434292567285956 0.611354118957268 0.570076641228685 0.446538324947098 0.337273792628045 0.172041282720439 0.0461836682223007 0.00524923011963721 0.000220443284912282 3.2474057855495e-06
4.19348305780657 2.77932875226663 0.850204379900723 0.359665266961682 0.378002712663425 0.546190943662039 0.727321125546384 0.625542230629529 0.473126492054379 0.411074422347184 0.259192590501033 0.0789565512700296 0.00935247758852521 0.000395423436462062 5.80878915697955e-06
3.27701829950296 2.20830326977301 0.77457056370822 0.494351019269329 0.534185719967565 0.673820814809522 0.835058997671152 0.696620125015645 0.528543682694226 0.493183155463526 0.341412949716376 0.108004661206776 0.0127993430603853 0.00053526264726363 7.76770319318696e-06
2.71038860070636 1.93871479048585 0.851040129381014 0.699000234588515 0.69839898515968 0.76156608973757 0.896571189962386 0.785411695767277 0.626504316172312 0.569190619486029 0.386115938504689 0.119403411850238 0.0137592858582474 0.000559804468654559 7.9298760496207e-06
2.63288799792494 2.10280510623115 1.13931329247825 0.980878575508717 0.850395087869875 0.773075042073883 0.863843022483235 0.817625245650469 0.684987581900082 0.583337538507593 0.37055290735871 0.1089734826832 0.0119957664952425 0.00046782828707573 6.37960938168886e-06
2.84365761125479 2.49267565733703 1.49810819342455 1.23845421128449 0.948498831511055 0.705283340574233 0.719668386260962 0.720832140644536 0.616481688929983 0.493817868810243 0.295708949968006 0.0827578775246661 0.00867437516070905 0.000322081229899122 4.18652734442657e-06
3.00296351453769 2.73627898741147 1.67738232971151 1.31332648402208 0.947980367195431 0.602406320048689 0.528913908367817 0.531451778233536 0.441004688861775 0.330234297577471 0.189888906819822 0.0513416156619433 0.00517507731031894 0.000183951962065184 2.28153827495757e-06
2.89012606427968 2.6081158545992 1.54848775678 1.15959416116361 0.861138883212593 0.528544432169349 0.397209115320222 0.368948318066173 0.264971213871534 0.172260703153936 0.0949080724833829 0.0251469327530366 0.00247238830401632 8.5231166248355e-05 1.01984436684106e-06
2.4863938516693 2.15595680462994 1.19974067447898 0.882110158805015 0.735932909619919 0.493420283521972 0.356840603789536 0.299470669280479 0.1619937621322 0.0735702014946902 0.0361831573064493 0.0094215059315758 0.000913524442637422 3.09262333030392e-05 3.61767280021353e-07
1.88950386801024 1.56019766133834 0.802345241387226 0.59978954713059 0.584251023372807 0.438838573868061 0.339607265610848 0.277863053504969 0.11947059999342 0.0307270535022081 0.0106248493267835 0.00264608001940873 0.000254278607117952 8.52508280572287e-06 9.8478017702874e-08
