0.133547386596026 0.124445089111235 0.0958962994410338 0.07567677838376 0.0783699975227966 0.104456431185016 0.14895456902845 0.198299191202496 0.227969381383634 0.21900283120123 0.174389485294205 0.113839660682489 0.0593010838913835 0.0238099255685187 0.00715246184210219
0.30077514875141 0.294902546165553 0.246934938698742 0.211346416913324 0.216507196926433 0.260181007867047 0.327016265437587 0.391416761184578 0.419470490147352 0.389698228378206 0.30869506681729 0.203509435449553 0.10741525167585 0.0435850401258037 0.0131829671920056
0.584261990529379 0.600664025456936 0.534420763601523 0.473699813810363 0.466840269863152 0.509851378370604 0.572316325618466 0.614200417789786 0.60219291946264 0.52824229746529 0.407991259436135 0.268007441204407 0.142193781558644 0.058054248828455 0.0176412922298346
1.0030430568589 1.05916564738521 0.962732039960954 0.843594733277143 0.781601619304329 0.779793814693949 0.79555423242559 0.774922989844722 0.691892007738014 0.562271281032053 0.414217657146766 0.26668041880321 0.14084425330056 0.0575781004100586 0.0175457849909146
1.49070492416436 1.58239522224193 1.42280249682486 1.19405324588604 1.02455715929019 0.937866011146117 0.886906847831229 0.805243335930923 0.668795702915157 0.50757884546913 0.355437320180977 0.222622835813923 0.116367252028337 0.047537886791993 0.0145543888170172
1.86808743092258 1.97773028657841 1.73885613021057 1.38210200220031 1.0939570491634 0.928489952927865 0.838459219115307 0.743796355508455 0.610939922798575 0.463764725489296 0.32773686734797 0.20750638884859 0.109571517763342 0.045322043731352 0.0141211026023069
1.99198765595334 2.11925668316032 1.8430826576765 1.40993850524104 1.05184276286186 0.855313378363942 0.773086891198894 0.709444538228606 0.617436322432476 0.506806230396416 0.387283570334646 0.259700095744086 0.142261297401235 0.0604144019297339 0.0192734635081881
1.9123985133037 2.07274436675825 1.83044737284902 1.41034020225609 1.05890753920832 0.881472219465416 0.825307054529563 0.781737407001598 0.703495129423615 0.602521665304652 0.481200682073801 0.334366697190852 0.18791730609306 0.0813145054120007 0.026324023010452
1.78565812179035 1.97164778082559 1.79578402353071 1.45817311809232 1.18854288813036 1.07391462606193 1.03452086770471 0.954006542485022 0.813286057549417 0.660949271112577 0.512497207884858 0.353668234842038 0.199593491138657 0.0869650585796486 0.0283324777460582
1.68319022531709 1.85323193929185 1.72097178604797 1.48971147292411 1.35695052857501 1.35057310357731 1.33278030124639 1.17747349001706 0.916574312981223 0.664138458463826 0.467382184620302 0.30485222386605 0.167592436191821 0.0721661187695589 0.0233733930330734
1.5670186515312 1.68194030155708 1.5550767832573 1.41144872858571 1.42098491570949 1.54803864117177 1.5877714625865 1.39154284884559 1.03204578039333 0.685302121455981 0.433745659698802 0.258048236617697 0.132832713484808 0.0546937877529245 0.0171817470825729
1.39085393637281 1.44382867031352 1.30455778259267 1.20871891716528 1.31282760186093 1.55382678443141 1.68696717528962 1.53109737423921 1.16091767684717 0.777995352082029 0.486551601215824 0.27993988647992 0.138138796693323 0.0546941047687827 0.0166617559772945
1.15379313627486 1.16052231806793 1.01343243452577 0.934146393410508 1.07065570274797 1.3685889287545 1.58720414845133 1.52651714981354 1.23243142842284 0.887370192260675 0.593448490380772 0.358061150649821 0.182038522313845 0.0735838657855999 0.0227948286617197
0.88505927658213 0.862915329880442 0.720844564277478 0.646461327710602 0.768322663829751 1.05058743961971 1.29491871471512 1.32035913725401 1.1417023784778 0.891009815563857 0.644476167884667 0.414546185767626 0.2215508930792 0.0931919709018009 0.0297968706107589
0.617745268872177 0.582012041681349 0.459185633267831 0.390726615309483 0.471379862603075 0.678720832305767 0.877971812618973 0.941352852447004 0.866467276173128 0.726871144475947 0.562711143168423 0.382413074586164 0.213328670111076 0.0927675562582887 0.0304174687314521
