0.00488893194918582 0.00310545542903321 0.00079590132960146 8.23030801275973e-05 3.43409626224651e-06 5.79584813763323e-08 1.05633777519533e-09 1.33461518086062e-08 1.4032993638362e-07 6.12416247176674e-07 1.08230988724651e-06 7.72131361687891e-07 2.22271406407957e-07 2.58168615576764e-08 1.20989257884178e-09
0.06503023664815 0.0413072857987218 0.0105867021364799 0.00109476552609498 4.56988669467754e-05 7.91411956209299e-07 5.42520725777592e-08 6.86232161690641e-07 6.8329618896979e-06 2.95955443104221e-05 5.22480452857876e-05 3.72681953716442e-05 1.07279810142962e-05 1.24604904934116e-06 5.83952937328895e-08
0.486319084283367 0.308910659096452 0.0791713918718011 0.00818783028874984 0.000343429138479272 7.57927828316944e-06 2.55182310735062e-06 2.04693157451109e-05 0.000178256471452438 0.000756090944333222 0.00133070433729475 0.000948709701081101 0.000273068671940913 3.17161054663657e-05 1.48634715404864e-06
2.11431603388867 1.34302800781348 0.344220545323698 0.0356327491785414 0.0015664923833661 0.000104331781054359 8.39338721234477e-05 0.000388227897380199 0.00255959862585206 0.0102606325127978 0.0178970310285861 0.0127398130256297 0.00366578429672357 0.000425738975939176 1.99515051032767e-05
5.54901290675551 3.52513041373362 0.903869890808693 0.0943695165959784 0.00580275476828804 0.0018904621636824 0.00164650854908849 0.00502434659703569 0.0215425104810451 0.0750251103665938 0.127481332660988 0.0903076106697814 0.0259584903561371 0.00301402369343607 0.000141237472575336
9.03368063286386 5.74506639650081 1.47898337919167 0.164716086133174 0.030053467517272 0.0223602059817543 0.0179588668453511 0.0430627712506974 0.117989370713558 0.307631590869594 0.485545272926245 0.33871930055359 0.0970242137659197 0.0112554932839108 0.000527307915544621
9.31037941767281 5.97871035807109 1.59097824971696 0.249785487036739 0.165047658330042 0.144433651600238 0.106325279272749 0.223914317822744 0.453981636958349 0.776697485219053 1.0190518794647 0.677686109745773 0.191836333367245 0.0221853735977316 0.00103847369074538
6.70891428525864 4.59068314058501 1.46996863662597 0.507227095923381 0.58682103662625 0.502459959059628 0.342393835071857 0.668815400148666 1.18504068599444 1.3824351220095 1.28053258861685 0.743066060134868 0.202221660797835 0.0231325383371562 0.00107949698489935
4.88070786741692 4.00524276136617 1.85357136086445 1.08304044430321 1.22774361877757 0.959469522662758 0.621203388246591 1.16947676189521 1.9581628415482 1.83082031104251 1.12580608208059 0.483615066504967 0.116723386477034 0.012861476338276 0.000593670510136236
4.58137749458117 4.26960668185416 2.42498266255868 1.64215318705384 1.56876982817298 1.05245554398536 0.703735270154352 1.35852890664885 2.0983669352187 1.70536406679639 0.775124295050743 0.220115814104502 0.039984095803767 0.00391871448846214 0.000174161939945348
3.76440385866252 3.57513016853818 2.21250126784945 1.59830154625145 1.2834201942668 0.714130242475306 0.586627616804865 1.25015907353838 1.6687356057715 1.12030967039008 0.401967458964538 0.0803513669259653 0.00962353129464156 0.000710752334848533 2.80396275225765e-05
2.12002846142387 2.160512159759 1.55309478116631 1.08747407171789 0.693576065533284 0.3221381595644 0.375622758726892 0.884930959480049 1.04101995834131 0.562221535785069 0.153477334189004 0.0227932197357517 0.00187927020597802 9.11929107042988e-05 2.69877272251879e-06
0.893242074696853 1.29345159105952 1.23463540777945 0.713321348617887 0.283219374967719 0.100214827526914 0.159458928215409 0.397163182181851 0.440318568017441 0.207725003818455 0.0445941617325611 0.00485018993938271 0.000288782191886044 9.55754213347784e-06 1.85141779281181e-07
0.368373696368473 0.836365361246262 0.94702751946217 0.479985809939539 0.118321358619285 0.0235515919905696 0.0391962159426362 0.0999251334434625 0.108513944815782 0.0484391240456381 0.00914360152749502 0.000780767391223854 3.36043106860235e-05 7.92643296466533e-07 1.04266654441592e-08
0.139351048501188 0.387253045175744 0.459571797986284 0.224938557840494 0.0463040731953332 0.00517528983685038 0.00529813984007329 0.0134940582288749 0.0145581766700379 0.00637743077092443 0.00114528121193928 8.66656122654056e-05 2.94643087403561e-06 5.00975903210142e-08 4.66212587167071e-10
