0.459637954149877 0.206276145060885 0.0278999482341644 0.0617090295968581 0.165145636120491 0.320463078954022 0.252149934582993 0.571065227617494 0.93263339476522 0.319649192900982 0.0294255218698955 0.0107278676291616 0.00288632540969874 0.000160335922637555 1.78884886545963e-06
0.971053239661874 0.435940887029865 0.0634020742335365 0.155886735596065 0.366192695959927 0.643563287020908 0.446918812341515 0.627663484094972 0.986652281316774 0.340704594753125 0.0503083882594649 0.0378071160928071 0.0103755827548928 0.000576481924489378 6.43175341375352e-06
1.71005108332991 0.767979343864112 0.119770469019111 0.322012836429514 0.686032407907195 1.09608794672764 0.707649340165016 0.581246179168371 0.844247113460582 0.299114505840059 0.098745795090392 0.109170095852249 0.0301374619626938 0.00167457901925419 1.86831282246333e-05
2.53771875242641 1.14005187976316 0.188727848544663 0.545292771038303 1.09891217935547 1.62502615475652 1.00873604939859 0.476150524841746 0.585534770030277 0.225485909408482 0.199041509501642 0.255754872171336 0.0707267494154394 0.00392997915743288 4.38464333323824e-05
3.2088720151061 1.44190921714707 0.249330573220218 0.763787764476278 1.53287337202918 2.1635621468816 1.30906240160687 0.376546180156161 0.331659960162123 0.161953717878672 0.359164580781471 0.484672135345616 0.134100560331079 0.00745142559542913 8.31349071510758e-05
3.48549800247976 1.56644726356994 0.279145743984983 0.906897880851036 1.91462309349844 2.65692255263666 1.55914391212169 0.318123405077027 0.158771093035599 0.128717729623386 0.541979550733415 0.742327420439918 0.205420386585262 0.011414397011403 0.000127349436411219
3.25895680158449 1.46490678633879 0.272192534949338 0.968440834406742 2.22759726701597 3.05052312056644 1.71220744867965 0.303751242987183 0.0774160041447227 0.116841090653581 0.667788976784677 0.918658675666278 0.254226855530938 0.0141263853786839 0.000157606855857481
2.60997073527182 1.17394541199648 0.246887116584785 1.03658263702618 2.53108810593681 3.29350960477793 1.75875859302807 0.337981015357114 0.0696354225581661 0.10749384475161 0.666905581497878 0.918525449990651 0.254193191493922 0.0141245166207898 0.000157586006492393
1.77243286420526 0.799041286326574 0.233019585332247 1.22768302080984 2.91888658902415 3.39817246760829 1.76120558140827 0.451488682967936 0.125568408488873 0.0928157362014507 0.538738019575007 0.741988433108349 0.205338748379592 0.0114098676059507 0.000127298903003889
1.00873249864864 0.457975121145512 0.246594954548059 1.56870188529578 3.42891608220255 3.46461244376 1.81744433152072 0.675090228415105 0.244164335330756 0.078951392808888 0.352015063714089 0.484250513873898 0.134011599389114 0.00744649809996863 8.30799332768952e-05
0.475997787690486 0.220603734856265 0.274956159486246 1.93473271984307 3.9483806335676 3.57211982015212 1.95042009797847 0.976812141668372 0.405409868017862 0.0737297923904813 0.186374780578283 0.255336112865959 0.0706607683935345 0.00392634111390688 4.38058471698771e-05
0.184680766168051 0.0906847124586085 0.286986916641293 2.11412788596966 4.2152509446353 3.64060452767254 2.0467898553844 1.23383611472386 0.550775591655101 0.0755574131381728 0.080453819163494 0.108775998983125 0.0301008554676435 0.00167258593015273 1.86608961033996e-05
0.0585716580323825 0.0335029441520967 0.259891501309684 1.96500091191024 3.9847566542816 3.46710163246314 1.94585568878329 1.29981089420801 0.606943478319956 0.0749503240004245 0.0288652734900327 0.0374424184434343 0.0103596229144555 0.000575643119290747 6.42240032520576e-06
0.0151317721085826 0.0122913122906928 0.197528793595651 1.52772307682208 3.24184929853689 2.93109221150659 1.59616144608237 1.12289475539091 0.541283479866498 0.0646751527610423 0.00907971640324416 0.0104161121697998 0.00288054084386082 0.000160059945631573 1.78577491202507e-06
0.00318177735580773 0.00487582691370092 0.124346300150205 0.986742629295194 2.23624636574808 2.13225232712778 1.10495949451569 0.790718274924865 0.390379845976772 0.0462467821391218 0.00280229347432638 0.00234359823233565 0.000647098287843997 3.59564233098791e-05 4.01162684256665e-07
