1.53454729417936 1.27299320456309 0.75926549994259 0.52299175879105 0.600119994894249 0.721677312763802 0.687465669176153 0.520558935105035 0.321070651445189 0.151207251172395 0.0503381801344317 0.0123877419150732 0.0028025099662138 0.000633972789215719 0.000112869188466751
1.94267697689947 1.63965462009566 1.0017218726559 0.677314389174703 0.735451933082188 0.873340345873594 0.838065133466953 0.633851268283728 0.385776517433598 0.181679657599119 0.0648310168269136 0.0202460455231061 0.00652165070895121 0.00182094208029014 0.000346307788690122
2.21348367158521 1.90509903273692 1.18997412096535 0.782601789608007 0.798151054282686 0.938424275005792 0.90898154742264 0.682580069045319 0.406781822514809 0.19485129726895 0.0815118848480527 0.0357387063617361 0.0151129223028839 0.00466390296834563 0.000909481490370255
2.33065064344404 2.04570918393553 1.29869659462409 0.820727836119723 0.777426904473053 0.904828127322024 0.885711342748515 0.658165039215243 0.384943681078047 0.197542238057093 0.10899138846 0.0657987922339033 0.0321686586025748 0.0103172814173953 0.00202801808992839
2.33444002240981 2.08385807413987 1.3337636129223 0.802747002398436 0.697054767333347 0.796943725047395 0.786786787067943 0.579526331938988 0.340867711070447 0.206420871094731 0.157795237851219 0.116052295470284 0.060048331196641 0.0194657717861017 0.00382918243452875
2.27939822911941 2.06026751998914 1.32297304919933 0.762391104731298 0.603572911292668 0.664475590727538 0.655817776389898 0.483307677120511 0.302768756728418 0.236999001678709 0.231371224425539 0.184239100213711 0.0964424382410236 0.0311975473027763 0.00611847485272246
2.20131231677205 2.00823861080691 1.29773105876142 0.735629343666508 0.541199901110627 0.558199240693439 0.54128028906087 0.406165844468324 0.291156894734393 0.292315800987697 0.318766746309117 0.256044146760824 0.132540216199457 0.0424588207966085 0.00827691650304991
2.11517515660944 1.94660570954525 1.27763724756437 0.73913618729572 0.527582781397578 0.50392949789618 0.472046623620641 0.366926225731927 0.308488817888457 0.358888222010961 0.396151153116229 0.309162872836519 0.155973351318996 0.0491465409875954 0.00948992384502672
2.03037931604948 1.88632506109594 1.26637789159144 0.763207730920087 0.54637527127556 0.490530789508982 0.442916471869624 0.357575029355138 0.337857909591818 0.411869018763138 0.437631443866081 0.324893924998514 0.157788403070138 0.0485258339712024 0.0092385543525076
1.96245414913176 1.83978548701324 1.2607829362823 0.78556349903832 0.563687056401321 0.482717082691733 0.422729454815291 0.350590565072745 0.352136467775643 0.426587865532379 0.428141150347726 0.298688010481781 0.138026073615584 0.0410451269355286 0.00765663035359654
1.93078838366333 1.82236929009637 1.26212654580975 0.793047620069626 0.555837003741752 0.45026332652054 0.380790356639169 0.319720861898224 0.33031120010232 0.391239407980192 0.37026777749999 0.241498070224002 0.105121869428254 0.0299081819333343 0.00542213960494375
1.93909926442229 1.83685092743609 1.27200649395885 0.787765192746089 0.523261397017556 0.388691660902342 0.309511634187909 0.258474607389674 0.270793961915972 0.313870337569383 0.282080446906027 0.172263309726998 0.0701743752441402 0.0189001136247294 0.0032972379722366
1.95063775847694 1.84933990602409 1.27353853291378 0.771545794292119 0.479134716293599 0.3146713396062 0.224774956022947 0.181491138206772 0.191266459975962 0.218252606758419 0.188220004346498 0.10837188624511 0.0412641709557559 0.010431584597607 0.00173244355819076
1.89006920863385 1.78982979468125 1.22537364094893 0.731051963675792 0.429333120167614 0.245812082751643 0.148361841526041 0.110337408300273 0.115600382336037 0.13060880918595 0.109233893445095 0.0599007207958383 0.0214121731728237 0.00505954594473696 0.000792017570006659
1.68996942935938 1.59636503477962 1.08833022971661 0.646272013572897 0.3678895253687 0.187709995638548 0.0920429544254486 0.058643631707992 0.0596266022500753 0.0669011384045344 0.0547539360260998 0.0289098923992092 0.00978592103467947 0.00216440841610189 0.00031720562693167
