0.648792906088705 0.607734772504178 0.434559551189883 0.246386113364036 0.132605590711493 0.113928038806186 0.16628546657268 0.242727847177678 0.286960755781993 0.263344886099841 0.184941411130059 0.0984202482737981 0.0393794842204219 0.0117757235590315 0.00262037252979155
1.15454063808877 1.0775626413367 0.765901651447052 0.43226241223278 0.235533523670598 0.204924542414257 0.284437201641895 0.383607193210794 0.417998958048888 0.355837350036847 0.234386844357716 0.118508218170203 0.0456217345660518 0.0132752352597984 0.00290354397636156
1.6859146560033 1.56809378270641 1.1084559375749 0.624693662884557 0.350891948639758 0.322435068005156 0.441230302843617 0.561174087266917 0.568096022172351 0.447053945275806 0.272806319178235 0.128898144974873 0.0470143110147146 0.013192488626819 0.0028427869288052
2.02323917181727 1.87574544042052 1.3196701977057 0.74584780947275 0.440278273902387 0.439987115572565 0.608262983243513 0.746797158760239 0.717229732836524 0.52991545204257 0.302103154853474 0.133860009779374 0.0465564241889231 0.0128784945903742 0.00288001754925164
2.00775305552896 1.85523520063146 1.30022697941951 0.741674953922487 0.471048580371415 0.521752328660493 0.736930309317607 0.888491483751246 0.8277426316951 0.589581170217509 0.323939837276872 0.14017628165557 0.0494472080052779 0.0148312020934496 0.00388273012892009
1.68544512899703 1.55042675299429 1.08291679913989 0.629426387377089 0.442628309484037 0.547399046636694 0.789442120820503 0.942608745952806 0.866483145081084 0.612059523512373 0.339418446556261 0.1544846174121 0.0613230372060951 0.022028269098574 0.00697642304692544
1.28925194498009 1.1757337619936 0.817087539222922 0.489252691869031 0.38911359562855 0.528341452647821 0.767516052137375 0.907406540062483 0.832374067522878 0.599283076161695 0.353111181618001 0.181864146812156 0.0859455896318116 0.0364748235895182 0.0129473157741236
1.06945772271076 0.96032900964546 0.66103441473986 0.407817202698751 0.356406079663167 0.500130391207027 0.71048162699851 0.824062908452232 0.758869955393659 0.570378062498164 0.371165563981443 0.221576957124191 0.121014574614833 0.0566006309195033 0.0211274344197365
1.13587082203041 1.00553536995004 0.686393477181068 0.429362421839324 0.378941023811332 0.504237856973822 0.672970688676695 0.752580299264497 0.694671648390613 0.550024694920805 0.395047850809544 0.263166541274341 0.155503584598506 0.075736136776803 0.0287488808554889
1.42706306936722 1.25828573556522 0.861596992033743 0.546958127153583 0.472062032722435 0.57570152816971 0.705737216970432 0.748915384432619 0.684261001003282 0.558344572793218 0.42108988399335 0.291153558570326 0.174622043905274 0.0851341553320533 0.0322048632135936
1.77676037815441 1.57105590247763 1.09059488123299 0.717283920095125 0.628959107478108 0.729630807891885 0.836394568111989 0.843263952968688 0.749263575149953 0.602236201233329 0.444101517050837 0.2958684469312 0.170370174606818 0.080382364374179 0.029746261506535
1.99962092870622 1.77761261739808 1.25927990395268 0.874859401081495 0.811178238066408 0.938405260645156 1.04134349654647 1.01262481255582 0.866815880735658 0.663523085529449 0.455579697181712 0.277667937902672 0.146638959882642 0.064677105704636 0.0228860336685142
1.96721586090301 1.75996188540693 1.27793046369364 0.949151676128337 0.947901365666613 1.12114328973846 1.23276381161333 1.17177604348856 0.966607355219561 0.698366680483861 0.440889760257572 0.241446510937905 0.113778613620493 0.0454223562785109 0.0149384545492553
1.6659829557591 1.50097269100808 1.12083326081171 0.895400054019936 0.966017212195788 1.17708790236401 1.29587838673394 1.21331320971016 0.968370700644529 0.6628796032998 0.387657102864 0.19220420494836 0.0805763294463646 0.0285603387660124 0.00848514312262171
1.2020983460235 1.09141137858307 0.840475597559018 0.723720649242129 0.839711607958594 1.05392179280131 1.16633036457869 1.08064597890937 0.838609285045199 0.547614118386885 0.300023406933807 0.136867725315707 0.0517855091927608 0.0163149629357664 0.00430467223674407
