7.61277621507095 0.826802576866414 1.07036414659458e-11 0.000736998578302413 5.94118906465223e-07 7.29498378886686e-05 0.0575594243205924 1.08301420342968 6.63261254491823e-13 0.0736768859909169 0.805960573240984 1.05989504675322e-13 1.62223873093329e-59 2.88976160856462e-138 5.99107305975465e-250
13.4704231349304 1.31008100922735 2.04623857237101e-10 0.00217011390235395 7.27180070174184e-06 0.000498492990310916 0.182563856754046 1.54389440963656 3.98777479209437e-12 0.208429364850681 1.11688821780567 1.46877307132019e-13 2.24805330541585e-59 4.00455124891519e-138 8.30226238478526e-250
19.3929924427776 1.64558207232944 3.10203857857218e-09 0.00506548866204621 7.14456783529279e-05 0.002801835335283 0.459024831112541 1.74565443817106 1.90792146744934e-11 0.467443308583398 1.22696104982779 1.61350189350483e-13 2.46957023914386e-59 4.39914861521398e-138 9.12034427904127e-250
22.9126365076764 1.63863388086778 3.72848188069744e-08 0.00937309692398997 0.00055813237242546 0.0127365582763075 0.91491496765486 1.56824615429511 7.24663230123547e-11 0.83106816495735 1.06850904198457 1.40509987842957e-13 2.1505973167821e-59 3.83094882585106e-138 7.94234868226907e-250
22.5558857015919 1.29395892577108 3.55309927064351e-07 0.0137488960124216 0.00345884411756431 0.0463776272689258 1.4456048246302 1.12762610201244 2.18317979345307e-10 1.17132770480548 0.737655942750762 9.69991328809686e-14 1.48463520712245e-59 2.64464270422e-138 5.48289091078317e-250
19.1190841183356 0.812425043186805 2.68457444395825e-06 0.0159873183131147 0.0169949941800107 0.134581671078005 1.81071929628686 0.668426831874411 5.21526151742269e-10 1.30873446999014 0.403701700351953 5.30825095519811e-14 8.12462547062081e-60 1.44727346975984e-138 3.00049701991946e-250
15.1414366834019 0.414659138514844 1.60819712366628e-05 0.0147369389212186 0.0661989867192625 0.310412936451049 1.79824149294795 0.36213248239057 9.8772302568334e-10 1.15918825248419 0.175147051995507 2.30280932881641e-14 3.5246003786923e-60 6.2785178689561e-139 1.30166651631083e-250
13.2899087799102 0.202538956992526 7.63839094762956e-05 0.0107688218210196 0.20441309273074 0.568319129450966 1.41745326717171 0.224010361805542 1.48299571581701e-09 0.813924560460654 0.0602403441219789 7.9193119866069e-15 1.21210252528043e-60 2.15916885499614e-139 4.47640328540941e-251
15.1360362620246 0.170648188860511 0.000287651347738962 0.00623871158396227 0.500368529310532 0.825380221214203 0.893950114602922 0.176982829753408 1.76513550723996e-09 0.453044554679943 0.0164257409345911 2.1589364763963e-15 3.30439356270546e-61 5.88625427011023e-140 1.22034216511166e-251
20.8159378890589 0.280881164394657 0.000858887201343318 0.00286705372306365 0.970944561876755 0.950563307950367 0.477392418206115 0.147066812115028 1.66549766153458e-09 0.199904866676575 0.00355084477980847 4.66568285089729e-16 7.1411329359096e-62 1.27207983673129e-140 2.63728441028165e-252
29.1941441888636 0.496943395734026 0.00203336056775925 0.00104923472456416 1.49355724795119 0.867963767596466 0.290561099055463 0.106492544883143 1.24576240080153e-09 0.0699247366577098 0.000608601071093407 7.99306792481185e-17 1.22339135429788e-62 2.17927811763316e-141 4.51809394296368e-253
38.123442017824 0.780553279264132 0.00381684631893322 0.000313712771559043 1.82126132622599 0.62831890869956 0.330858143777307 0.062654005876001 7.38669917992083e-10 0.0193893309842275 8.27116616372021e-05 1.0855122573571e-17 1.66144754820949e-63 2.95960591244016e-142 6.13587473685005e-254
44.7153616520384 1.08772315931998 0.00568081342715138 8.8773132088483e-05 1.76053879457682 0.360577803307059 0.525238854698814 0.0293958679753563 3.47207455944005e-10 0.00426205390189281 8.91442617577794e-06 1.16863502637474e-18 1.78867238592894e-64 3.18623682975652e-143 6.60572746768342e-255
46.0571120195755 1.35895020977843 0.00670402492310033 3.70658416020209e-05 1.34909295051169 0.164039868292306 0.751435821145822 0.0109486163440787 1.29375143225684e-10 0.000742675145707183 7.62086592341331e-07 9.97346355170786e-20 1.52650386514158e-65 2.71922509350631e-144 5.637515618185e-256
40.7733430224292 1.50217639248092 0.00627312184463662 2.58172918168779e-05 0.81952288476344 0.0591598484678955 0.868489998649787 0.00323369930526773 3.82151608633950e-11 0.000102589393305199 5.16940090685014e-08 6.74739367655925e-21 1.03273275863487e-66 1.83964999781083e-145 3.81397465749316e-257
