0.684708146820792 0.777071628606186 0.666871702418406 0.468765986660028 0.232007726562538 0.07748623263329 0.0349122567555951 0.0351835350638225 0.0273014836917919 0.0113948494726238 0.00245487584113849 0.000271497311946975 1.54228077895938e-05 4.64635839456642e-07 1.26028595869414e-08
1.12759222439357 1.26334043513909 1.10205237224846 0.805237795680511 0.420671371179617 0.15764552350091 0.0868093862499736 0.0912369926604775 0.0704031860595928 0.0293207780955881 0.00631419509703782 0.000698677861891195 3.99938437242933e-05 1.38294594142402e-06 9.76787106959959e-08
1.68884932792419 1.82252350393778 1.55953519991749 1.16176556375665 0.646498538597865 0.279632475559016 0.180918137619746 0.190994175544894 0.145710676950553 0.0604987122668937 0.0130251917640916 0.00144550041643507 8.59934686595333e-05 4.88793696254716e-06 9.11378734214085e-07
2.33944732686717 2.38598231936614 1.93004517733379 1.43529937001933 0.862454170127937 0.438308944234333 0.314922782992594 0.323062189335202 0.242140080185375 0.100139492099711 0.0215863541197759 0.00243176314938227 0.000172404000049004 2.57684075171677e-05 7.69812822652433e-06
3.00733835259727 2.88718678970831 2.15012529730248 1.5625580923729 1.02554236077946 0.608577516853794 0.456727900318635 0.442249739388344 0.323359548536483 0.133204970972784 0.0289780428092428 0.00350566470806544 0.000435972744821133 0.000157347291370179 5.34892936767379e-05
3.5566549263566 3.25224330458872 2.21892229696693 1.54787686230391 1.10660180970451 0.74111655835564 0.550910089075339 0.491180934394352 0.347846297856644 0.1435415815114 0.0327165887782075 0.00522928046411274 0.00160473307650723 0.000855266723939465 0.000299445991035535
3.82306835846656 3.39320871372555 2.15353956740334 1.42464400077481 1.08187894062639 0.778037632035488 0.55195088848706 0.444561646759412 0.304205885581796 0.129932630337513 0.035849336998176 0.01086576247398 0.00640770672742061 0.00381041395805163 0.00134517855033108
3.72112692210873 3.25724183151583 1.96243355277477 1.21761825468821 0.940639179447334 0.692229719710997 0.459371424247746 0.331875284740406 0.225090570882263 0.113510974737678 0.0509728259304425 0.029365218809468 0.0222445159971838 0.0136712082749058 0.00484521766807944
3.33560114657104 2.90205532129354 1.67898239058263 0.958271527809019 0.71403827548837 0.517724104044184 0.320566405481339 0.214348127772721 0.164267143715542 0.128004739331987 0.0986011463444235 0.0764523009929218 0.0630237785297191 0.0393643433069794 0.0139911082830941
2.87723382132309 2.48993006566146 1.38763256260083 0.708973560585663 0.479589925574226 0.333877882505964 0.198996055959254 0.144151840536609 0.162353385020415 0.198989438299335 0.195206102407148 0.167111071294725 0.14379141465438 0.0908998590186398 0.0323878155869821
2.5192842209899 2.17001431977186 1.17725154615447 0.538510699058245 0.319611697652134 0.215857170053787 0.139427382278754 0.144142347391663 0.229421158111654 0.323281373198676 0.332148490070843 0.296405149587014 0.263477120370463 0.168314534526821 0.0601031410420261
2.28147017721677 1.96726823820915 1.06731416383329 0.471697353928728 0.273148069228275 0.197259201176859 0.154397948746244 0.209920100264245 0.345183061441527 0.461112636365998 0.463364647693268 0.423697935241096 0.387514699068019 0.249894901843017 0.0894120394896143
2.0699154814282 1.79501539187719 0.996940363652792 0.47297297466103 0.320817496744208 0.262894923039375 0.22556914618671 0.313541690786132 0.466254360786986 0.553392817485452 0.526131026844167 0.487636062328428 0.457410522361866 0.297481026327266 0.106629183245888
1.79343462861155 1.55783184495068 0.887642185128757 0.477822082851993 0.400808381884981 0.358869011817132 0.308956386395272 0.405970565531552 0.539900650422434 0.557890589958979 0.487598587108338 0.452045539628314 0.433288648453064 0.283934967111295 0.101937886642671
1.42875036096682 1.22979114292402 0.709543095822151 0.43813594430641 0.44215654456568 0.41681221578709 0.351797901409772 0.435442419417088 0.527960305019182 0.47509115784053 0.371110289710851 0.337858905680251 0.329382993434346 0.217284925907118 0.0781219482139673
