0.527771477962595 0.671157075681788 0.586900378020882 0.358057729075752 0.160443741080222 0.0611305806155284 0.0259475580782734 0.0150638862757774 0.0114410517699459 0.00931882409219792 0.00706868112420832 0.0046987450396828 0.00252714483221102 0.00100303109981359 0.00027616754423312
0.79664209255826 0.991240244192577 0.873198502432584 0.563644136962431 0.293925498923306 0.149048047616519 0.0859626465663224 0.0585667679629382 0.0464912940455386 0.0382994400653402 0.0292365031624217 0.0195053718761353 0.0105026149383335 0.00416842215912122 0.00114740442659039
1.07423309104954 1.30264116234807 1.16329246549364 0.819880775613896 0.524226768060886 0.348647745426262 0.243556902099701 0.179385745756579 0.145316335364366 0.120341063455176 0.0921293920610008 0.0615290346340239 0.0331173135273459 0.0131345161114988 0.00361344586108368
1.33679307868361 1.58186941899699 1.43979661781419 1.1308248311569 0.888459704062859 0.719705417134074 0.559540235106354 0.428578174947556 0.350042239322407 0.289824715198137 0.221527213716747 0.147592395101461 0.0792536157158478 0.0313820897620264 0.00862583776524622
1.57597010212136 1.82620840270101 1.68691162769498 1.46141689711575 1.34856380598185 1.23629832860366 1.02057012886887 0.798359315466562 0.652841730637898 0.537279391772027 0.407507236680169 0.269543591238411 0.144009285084325 0.0568649234951074 0.015609127497524
1.7942811102017 2.03492959189874 1.8698842741615 1.71178059894581 1.74324053553474 1.7176781075608 1.46953823747408 1.16493658998665 0.949936883124078 0.771833627602008 0.575931644795855 0.375548658322305 0.198846116270418 0.0781667098929682 0.0214137499574337
1.97363627002391 2.17804019249028 1.93447003654471 1.76418977591332 1.86872971883778 1.91386089163843 1.67625910624109 1.3438983474123 1.09066292871477 0.867896121195765 0.629614842445905 0.40056231690284 0.208928613932761 0.0815496173552224 0.0222746618851913
2.0628250482701 2.19785273421076 1.84106228374973 1.5822549638886 1.65720051407491 1.72434854877253 1.5358015208027 1.24501690694683 1.00349280785478 0.774559357320662 0.537884680037502 0.328918788048546 0.167439575420238 0.0646258352510075 0.0175732169328056
2.04860875222622 2.08773233013471 1.6217260853689 1.25792753895937 1.24811973413968 1.29657158557454 1.16608707357745 0.950465895416448 0.755053127329137 0.558430880695828 0.36437649716488 0.20981864543421 0.102766754711031 0.0389590937703199 0.0105201083631451
2.03395045192519 1.96216611418057 1.394379637523 0.942467488049877 0.849706008405311 0.866500486891444 0.777456776965927 0.625436648641586 0.479709442843793 0.333750045555066 0.200144154577586 0.105582619124219 0.0486605355601201 0.0179147757382989 0.00478302415464402
2.17468191431458 1.98483280139858 1.28623888393887 0.735367184125632 0.568651057041139 0.557712709354635 0.496910780399485 0.389078697157779 0.280363245721783 0.177687833161591 0.0943736301364214 0.0435397153016926 0.0181049833641818 0.00632545634485832 0.00165498595570337
2.48754567437908 2.18595404322657 1.32080352169625 0.64017599375718 0.396254946306987 0.367210759917065 0.341423731237463 0.276836005118449 0.192253331178237 0.108178380623819 0.0475956478566673 0.017245880618419 0.00574128935679695 0.00176562084986268 0.0004395183631412
2.74312603341567 2.36877822621702 1.37892022687708 0.594173619807997 0.290231478094914 0.25864081106668 0.281188163475619 0.265553020982069 0.194325741507769 0.103062458215482 0.0384846407376497 0.0103551749637535 0.00224140789531222 0.000465897999163093 9.49131265233368e-05
2.63060314781517 2.25832414491932 1.2946480176337 0.524181161066621 0.217798961251715 0.20085281210574 0.268971300274515 0.294702209079288 0.229532944208836 0.121850448907692 0.043401702073846 0.0103703672719491 0.00170200338632162 0.000209579498706423 2.36421441396446e-05
2.06872441240184 1.77416159645828 1.01222271779394 0.399686330150623 0.156960317803305 0.160929706109363 0.24971687242946 0.294852962244732 0.236632549965192 0.126549737808119 0.0448207676102854 0.0104955440003647 0.00162860797961246 0.000169569145494175 1.24421447516616e-05
