4.97646616918933e-12 2.93918601052532e-63 8.82583670744689e-206 0 4.30573548010598e-253 9.47737792212012e-98 7.27680743915956e-45 3.49399127994791e-86 1.08266426090882e-80 6.47829045122056e-51 6.33853029184914e-53 2.16335880327901e-157 0 0 0
8.42946876118249e-08 4.97984708479415e-59 1.6321620974014e-198 0 7.9345321185207e-245 1.74647420562329e-89 1.34095702379006e-36 9.29222265884178e-76 2.87933100766457e-70 3.25957531306026e-43 3.18925448248518e-45 1.08850182028058e-149 0 0 0
0.000219405220294914 1.64695798768656e-55 4.54872933533441e-192 0 2.20350837882662e-237 4.85015434812174e-82 3.72398774550388e-29 3.72423269234916e-66 1.15400793383348e-60 2.47161619030801e-36 2.41829448834613e-38 8.25370934491267e-143 0 0 0
0.0884638507112361 1.47989125472714e-50 1.91045278922006e-186 0 9.2220505202174e-231 2.02987058542745e-75 1.5585510568376e-22 2.2494348307468e-57 6.97020260483899e-52 2.82436258634737e-30 2.7634308686106e-32 9.43166983764255e-137 0 0 0
5.57700695789858 9.33385280405679e-46 1.20921056024714e-181 0 5.81647271077512e-225 1.28026699058525e-69 9.82999352537912e-17 2.04752602246403e-49 6.34455865099072e-44 4.86383994767296e-25 4.75890932571918e-27 1.62422957843083e-131 0 0 0
55.4834167959797 8.90316547080537e-42 1.15341862417216e-177 0 5.52855073814263e-220 1.2168923276658e-64 9.34339773656907e-12 2.8086967483535e-42 8.70315739935304e-37 1.26228525120696e-20 1.23505319219243e-22 4.21527242566492e-127 0 0 0
89.1214333985036 1.27981995925377e-38 1.65802622321181e-174 0 7.91921823963202e-216 1.74310345936281e-60 1.33836893754244e-07 5.80630279080177e-36 1.79916778578085e-30 4.9369092871716e-17 4.83040229524639e-19 1.64863033663153e-123 0 0 0
48.0296863898528 2.7725074464684e-36 3.59182556661809e-172 0 1.70951427000274e-212 3.76282121252709e-57 0.00028891245676335 1.80889732051409e-30 5.60513273956361e-25 2.9098606655726e-14 2.84708444498922e-16 9.71718192412286e-121 0 0 0
119.633332089122 9.05140443909412e-35 1.17262321223201e-170 0 5.5613798147635e-210 1.22411835368174e-54 0.0939887974889408 8.49273470707094e-26 2.63159798044826e-20 2.58469110052433e-12 2.52892996371592e-14 8.63131143652681e-119 0 0 0
226.641697174051 4.45326589920381e-34 5.76927370640317e-170 0 2.72653947088185e-208 6.00140094636949e-53 4.60792419704958 6.00897791027616e-22 1.86196963388896e-16 3.45990765853928e-11 3.38526493459708e-13 1.15540075703509e-117 0 0 0
114.76472158618 3.30187547542578e-34 4.27762989979997e-170 0 2.01446826019341e-207 4.43405710875179e-52 34.0450491895183 6.40727057037209e-19 1.98538643614267e-13 6.97974852583476e-11 6.82917010183722e-13 2.33081559583261e-117 0 0 0
14.177602891201 3.68945451896711e-35 4.77974444576894e-171 0 2.24299588072832e-207 4.93707050459534e-52 37.9072267358289 1.02959145047627e-16 3.19033959638971e-11 2.12194659920922e-11 2.07616853520975e-13 7.08602352742974e-118 0 0 0
34.0784570695883 6.21273799052286e-37 8.04869656220432e-173 0 3.76370806746148e-208 8.28431841869367e-53 6.36076670075758 2.49330953686329e-15 7.72588402694234e-10 9.72184140205363e-13 9.51210611556634e-15 3.24650945177251e-119 0 0 0
75.565292909505 1.57660653742e-39 2.04251774928705e-175 0 9.51749792753518e-210 2.09490167589268e-54 0.16084824541885 9.09927678608393e-15 2.81954390896744e-09 6.71246478867128e-15 6.56765264174709e-17 2.24155892694445e-121 0 0 0
50.4538178147421 6.02952411707907e-43 7.81133980578972e-179 0 3.62701255498267e-212 7.98343717830969e-57 0.000612974765030697 5.00445698191753e-15 1.55070414196377e-09 6.98449347907969e-18 6.83381268927644e-20 2.33240012441324e-124 0 0 0
