0.313681574085939 0.38737746251136 0.390401652782538 0.349844416607818 0.315275296090754 0.313893444217522 0.326641944883156 0.304078734866447 0.225302947212229 0.125742537028848 0.0517145649961079 0.0155462157829634 0.0034081965867052 0.000545427180580077 6.39608106904762e-05
0.473250737236136 0.572894237436487 0.577405182873531 0.529286502048272 0.49138477910736 0.49309904840871 0.504239664034618 0.458447650263731 0.333425412968705 0.18404278199774 0.0754699005637062 0.0228325670733612 0.00509808464775317 0.000844633287786323 0.00010487993331736
0.634701953108167 0.743629529480633 0.739725645615298 0.687001164017375 0.655035522320584 0.66474704317074 0.671036599633596 0.597158606113098 0.427190742790762 0.234494047800019 0.0970542962332515 0.0302156192711933 0.00711972078241543 0.00128435107889151 0.00017977139580555
0.777843982336813 0.868905184756103 0.835726302308224 0.772160432760866 0.750263793967229 0.772435039883557 0.775858429398767 0.681645170575186 0.485309281361655 0.270293273120427 0.116722673398728 0.0392517905256835 0.0103664879668703 0.00216272144957685 0.000356160491404427
0.905237450435507 0.951739287764133 0.860771959714127 0.765738728017485 0.744450068609901 0.778408515617726 0.788125479228662 0.697819378188583 0.510000488947981 0.301623005907608 0.144089170067075 0.0555521672694393 0.0171428999763554 0.00417294608736652 0.000789179097450904
1.04617412770782 1.03274228027943 0.855146027175407 0.696174167269339 0.65085310158859 0.687577673097525 0.716453470836862 0.665007488621865 0.527574737782744 0.352849109166613 0.195858834956643 0.0879449050066387 0.0310814542817643 0.00847068778009114 0.00175963436257219
1.24239343307962 1.16761086768587 0.879836335841441 0.621232149668343 0.519672521658361 0.543597128315964 0.601225214458594 0.620236433180773 0.568246763846824 0.445502564607293 0.285932680433047 0.144494276762184 0.0560917385174156 0.016529511479868 0.00368220449621205
1.5251999359705 1.39469540733619 0.978989990330913 0.590850250848038 0.40505809424268 0.399968647403674 0.486815583087067 0.590246010160729 0.640600378177564 0.579050990561545 0.413914867734898 0.22719150328475 0.0945217562269825 0.0296808988043437 0.00702647259757288
1.8982669299149 1.71434105121675 1.15651027264139 0.620524857292492 0.33560850323925 0.290341250187012 0.396407383301698 0.574493954280059 0.722001518152477 0.724818764274252 0.560047316986999 0.328040982679358 0.144928683348227 0.0482184294712221 0.0120618493140939
2.33089271318837 2.08742106275968 1.37788233567426 0.690932785591643 0.308281764716666 0.219418088007292 0.32788150470176 0.551780380174673 0.772491679748451 0.837867448474569 0.689770783543626 0.428228428654235 0.200025441446373 0.070150919826689 0.0184122607528113
2.75722112110976 2.44520120189826 1.58765777645544 0.765968044906371 0.302482660491787 0.174424370560335 0.268136026393366 0.501300639616196 0.759699762517506 0.877866138470317 0.76514359375942 0.501345365839156 0.246313208648575 0.0904219793282831 0.0246902082073989
3.08192199434804 2.70284596472958 1.72779568065254 0.811605456920251 0.29746516448874 0.141235815861686 0.208646664755993 0.418556206104553 0.675948838775943 0.826324837131721 0.758926399004301 0.521964741808078 0.267830798959915 0.102068213503461 0.0287466887816722
3.20158755718782 2.77830632675734 1.75107047871851 0.805472409889204 0.280942965605497 0.112296851634242 0.1502257623794 0.316084194157387 0.539307565477316 0.693644627668047 0.66738544282757 0.478381520938178 0.254316364025441 0.0997938398768589 0.0287713424053323
3.04464334191224 2.61998004896792 1.63273761543677 0.739081499878631 0.249017994921611 0.0857808652102844 0.0986095081667382 0.213774589179373 0.382774961546011 0.514750114053289 0.515150877057058 0.381870219173904 0.208705350392838 0.0837287954224634 0.0245604504102364
2.61320264643483 2.23564538338295 1.38225548034712 0.618735128460146 0.203624983558181 0.0621045698567685 0.0586038485764651 0.128384807547297 0.239525761008676 0.334406849153552 0.345511237212258 0.262930009935458 0.146748494128843 0.0598467550138015 0.0177776735474823
