9.73261009848729 0.00310237743053799 0.349656633600385 0.00302002331015729 0.0193453942819743 6.41632221958301e-20 5.97196765790999e-12 1.32341197232678e-116 3.42142204032407e-16 6.24021295770568e-104 0 0 0 0 0
23.7690431715131 0.0319131254047721 1.1930145007641 0.00777495144113546 0.13025332087612 1.46178022720712e-17 5.51237092757784e-10 1.22156349453769e-114 5.84551626865215e-14 1.06614343200605e-101 0 0 0 0 0
43.643776722905 0.219594313358548 2.70227929655489 0.0132881840954453 0.585471506759574 2.21084635234463e-15 3.37784705079473e-08 7.48544446952837e-113 6.63009359229484e-12 1.20923976807962e-99 0 0 0 0 0
63.5338259808747 1.01108019023539 4.0634536365678 0.015076972680366 1.77104501045325 2.21980896167728e-13 1.37411186218638e-06 3.04508696949329e-111 4.9922578129846e-10 9.10520582542434e-98 0 0 0 0 0
76.3820004931465 3.11637145840545 4.05640182689059 0.0113564663988139 3.67325707083885 1.47963024492384e-11 3.7109470480541e-05 8.22360741615984e-110 2.49548470457793e-08 4.55142797519027e-96 0 0 0 0 0
77.5580001795693 6.43243872078268 2.68823615800531 0.00567875135387275 5.42904396646418 6.54743748593829e-10 0.000665316029075406 1.47436699040572e-108 8.28120203202604e-07 1.51037970810327e-94 0 0 0 0 0
69.4941267743545 8.89358185079138 1.18270514454703 0.00188513756290525 6.08664632377637 1.92340208146603e-08 0.00791866147016006 1.75480712467224e-107 1.82436784236743e-05 3.32740121370251e-93 0 0 0 0 0
61.778431391878 8.23756717579399 0.34544965873634 0.000415445253737554 5.49145857326719 3.75101986022079e-07 0.0625685553614524 1.38654426815024e-106 0.000266816078936695 4.86636589547217e-92 0 0 0 0 0
65.2600883941465 5.11115341267381 0.0670104641800218 6.07806187618683e-05 3.99581151880234 4.85634135770316e-06 0.328201860974868 7.2730848027747e-106 0.00259055100496476 4.72481610226823e-91 0 0 0 0 0
88.527176408372 2.12394890949766 0.00865982554677355 5.90332907208159e-06 2.214729316743 4.17397275090136e-05 1.14289547052237 2.53270217698515e-105 0.0166975540541172 3.04540895400977e-90 0 0 0 0 0
128.414648862228 0.590907166982309 0.00076649135304845 3.8063562212406e-07 0.877521804380301 0.000238160960732469 2.64212003644564 5.8550439132491e-105 0.0714486667851185 1.30312744533867e-89 0 0 0 0 0
159.703099048952 0.110011193464002 5.70978511333544e-05 1.62930513823327e-08 0.238789497116738 0.000902136175589582 4.05489056929746 8.98580004661525e-105 0.202962573708583 3.70176396673247e-89 0 0 0 0 0
154.821362062665 0.0136977609113738 6.79763667453578e-06 4.62994663422653e-10 0.0437626754079141 0.00226858044324807 4.13129581141579 9.15511712594334e-105 0.382752780378464 6.98089517038752e-89 0 0 0 0 0
115.286016024303 0.00113994586775248 1.22302355868235e-06 8.73434021189440e-12 0.00535600186894806 0.00378718769972791 2.79430628680136 6.192294744602e-105 0.479182895711928 8.73965058882148e-89 0 0 0 0 0
66.6568825159656 6.33664808890538e-05 1.78714607551259e-07 1.09386766267583e-13 0.000436318237668066 0.00419720360296304 1.2547068925647 2.78048077032316e-105 0.398258287402322 7.2636947335683e-89 0 0 0 0 0
