47.1271869522918 2.52183436771545 1.15722465171102e-12 0.0511593048229329 3.20178944932337e-40 3.50934190736356e-201 1.15269729207556e-229 2.51558548951183e-52 0.371472816713869 1.37133486349948e-15 7.99419443972626e-33 4.83846213844032e-06 1.98154589983991e-105 0 0
58.3901409367672 3.64182190638086 2.64151096558913e-12 0.0921292913017069 1.36695738730869e-39 1.49826452210524e-200 2.1528801005264e-229 4.69833145160887e-52 0.693795708975567 3.88617519917482e-15 1.74697666930828e-32 1.05735237426576e-05 4.33028553694067e-105 0 0
63.234451764254 4.2638996134841 4.69080089876599e-12 0.129165332242451 4.54022498797658e-39 4.97635265514848e-200 3.12812611974495e-229 6.82665668627033e-52 1.00808237229875 1.95389333911496e-14 2.97001979181662e-32 1.79759554530114e-05 7.36188065638184e-105 0 0
62.6013559398134 4.06247043481692 6.48039416046816e-12 0.141123614775451 1.17316679169607e-38 1.28585987307005e-199 3.53596946701386e-229 7.71671239598423e-52 1.13951559247679 1.39348203547099e-13 3.92818038100906e-32 2.37751935980271e-05 9.73690318206297e-105 0 0
59.7721441746494 3.15013106377179 6.96491282156747e-12 0.120439636050902 2.35831628761919e-38 2.58485376571874e-199 3.10951458627912e-229 6.78603986184811e-52 1.00208454545606 8.96251126978335e-13 4.04187931213806e-32 2.44633529586689e-05 1.00187322675244e-104 0 0
58.0713569993524 1.9824921023512 5.82357654418075e-12 0.0807226850568373 3.68811289500325e-38 4.04238946884361e-199 2.12733816247681e-229 4.64259007946089e-52 0.685564462370895 4.58730388976631e-12 3.23545304543914e-32 1.958248223644e-05 8.01981833773612e-105 0 0
58.9201616256733 1.01016608796814 3.78812003366059e-12 0.0430058494939113 4.48710481347077e-38 4.91813187313883e-199 1.13224472010601e-229 2.47095088021458e-52 0.364881689476213 1.83236416225704e-11 2.01486847506573e-32 1.21949308389306e-05 4.99431730812381e-105 0 0
61.1445026011748 0.419603561591436 1.91697971068482e-12 0.0186770496193256 4.24705677912436e-38 4.65502508730731e-199 4.68817611375282e-230 1.02312271271125e-52 0.151083029187187 5.69656360290504e-11 9.76153560674598e-33 5.90814006369036e-06 2.41962226507354e-105 0 0
62.2803341118038 0.147733914009194 7.54694423885812e-13 0.00691460869897787 3.12730156721248e-38 3.42770724671887e-199 1.51017533195383e-230 3.29572662120277e-53 0.0486675112494251 1.37784225733255e-10 3.67916634741873e-33 2.22680436499601e-06 9.11966433331611e-106 0 0
60.9256272280186 0.04929047469195 2.31145054870959e-13 0.002309607696283 1.79147725726708e-38 1.96356489888827e-199 3.78451879719555e-231 8.25913328369805e-54 0.0121961408876864 2.59268275135724e-10 1.07879902704391e-33 6.52939866135776e-07 2.67405278281341e-106 0 0
57.6443126737575 0.0182097679085646 5.50754320106114e-14 0.000719022728828649 7.98385565988658e-39 8.75077742525261e-200 7.37825739615221e-232 1.61019179720838e-54 0.00237774659160814 3.79541765591638e-10 2.46088607336712e-34 1.48944389366261e-07 6.09987503483932e-107 0 0
53.5671990042948 0.00746860543072146 1.02091846500256e-14 0.00020393877442578 2.7680497726208e-39 3.03394606567378e-200 1.11906877400469e-232 2.44219639362826e-55 0.000360635556649515 4.32244697422475e-10 4.36719225858727e-35 2.64322997817748e-08 1.08250956103996e-107 0 0
48.8184817961867 0.00289714237705608 1.47225841642772e-15 4.98505166158061e-05 7.46611979110471e-40 8.1833083322731e-201 1.32044280281417e-233 2.88166440341731e-56 4.2553115257842e-05 3.82965475887991e-10 6.02938414944822e-36 3.64926662031707e-09 1.49452224736079e-108 0 0
42.6535001432627 0.000939419234364974 1.65172169478686e-16 1.00042648368434e-05 1.56666396057041e-40 1.7171562473785e-201 1.21211060361145e-234 2.64524595233326e-57 3.90619586935559e-06 2.63966865969084e-10 6.47594928268156e-37 3.91954882395723e-10 1.60521373922302e-109 0 0
34.6310208338861 0.000242289943124873 1.4416158250704e-17 1.6017539821451e-06 2.55750559748081e-41 2.80317721287347e-202 8.65614948405232e-236 1.88907219500086e-58 2.78956518146001e-07 1.41546471820286e-10 5.41120221040038e-38 3.2751138611739e-11 1.34129156277949e-110 0 0
