0.316854265840961 0.328593904183973 0.251806194287298 0.146129492591834 0.0696133067900729 0.036835516132803 0.0369898893622535 0.0553212038389495 0.0720626964468304 0.0686824261162388 0.0460466652758414 0.0214899839028691 0.00695682011376339 0.00155970563093277 0.000241968017829449
0.677497803432967 0.707513869193237 0.550527743911402 0.332057181879556 0.17398069342423 0.107719209496155 0.114170626991676 0.163248036092647 0.205307762546326 0.191839284027535 0.127039544609447 0.05877501085176 0.0188986048306408 0.00421352173098717 0.000650588188021403
1.10645652683472 1.16664923059844 0.930009734223646 0.596544637303182 0.356985483529112 0.260413906009889 0.283371212133195 0.379957451365002 0.454833640411458 0.412999573270635 0.268712884542511 0.122823629544544 0.0391352260321457 0.008662172656086 0.00132943653574049
1.4032355138987 1.5023145145677 1.24743074055035 0.88106668712345 0.62405386265798 0.529178803536811 0.576102920570368 0.711281776700129 0.795725711086336 0.69304649647415 0.439353554648261 0.197319186577656 0.0620659632604527 0.0136003175211688 0.00207039319487392
1.45641390261122 1.59682606994533 1.41485143751174 1.14171745043089 0.966320422104136 0.919176719238002 0.98038030421848 1.09859332783628 1.12445804089252 0.922568891754721 0.5627418275524 0.246205186539128 0.0759851770128903 0.0164094471810035 0.00246919079363712
1.4128962115287 1.58709274076217 1.51464931129771 1.39586869345964 1.35742625310245 1.38227494235921 1.42559748332373 1.44011911666714 1.32171174474954 0.999003327917338 0.576166851663476 0.242475452710314 0.0727434405057421 0.0153722321217875 0.00227370404767035
1.53008268004724 1.71002277184453 1.67852573212233 1.65077007388726 1.71903445253264 1.80306172775642 1.79324776422177 1.64026556894978 1.33333808893072 0.907698479356908 0.484519536318272 0.19286065650362 0.0555155647976297 0.0113620553017116 0.00163813305174319
1.86601187385061 1.99900561427454 1.87875596110894 1.80998477004499 1.90404419109398 2.01610528627124 1.94714545120047 1.6383683881964 1.18169315036298 0.713231186044582 0.344865356600743 0.127351088977162 0.0346241584398858 0.00677431956709133 0.000941503549713018
2.22287796634451 2.25631832629403 1.95444622250901 1.74568954311282 1.78983499652525 1.8969937117579 1.7980289085303 1.42246292148608 0.925206783445144 0.493952824058788 0.212956072698165 0.0716240379739309 0.0180993031846229 0.00333965441768217 0.000442053921463519
2.38550467523598 2.30837550898614 1.83283317714189 1.47334367838081 1.4247652512076 1.48934289560767 1.389258199062 1.05197284056278 0.631290230717154 0.301710291241834 0.115403822107124 0.0348581200690116 0.00807110635899861 0.00138815017381021 0.00017324708882956
2.31104285937361 2.16877311010739 1.61393355695259 1.16738058312121 1.02171971647336 1.00644339157246 0.901412202483746 0.652653463423946 0.367145196398342 0.160027218457011 0.0546840373433715 0.0147335979336552 0.00308869473463967 0.000490200541753637 5.72857527129079e-05
2.0978652537144 1.96005832250044 1.43429265798224 0.981162433510148 0.763237535822956 0.653730584133155 0.520845844037476 0.345220013378902 0.180089966541683 0.0722820292701874 0.0223426040490034 0.00537932210084651 0.00101224095352449 0.000146692200355498 1.59440264408109e-05
1.86351175861367 1.77158896281802 1.32615198755887 0.908194067524979 0.651047580859221 0.469869658570878 0.305692909161381 0.169152216434577 0.0769346068229497 0.027771046767698 0.00777177843610564 0.00168081662682927 0.000282906376891983 3.70313149276421e-05 3.70565201718084e-06
1.6474786828504 1.59238947576171 1.21426734077835 0.832033996058082 0.566618967353635 0.36361094517042 0.197434398728633 0.0872236818895802 0.0317264138466383 0.00955349515227453 0.00232982383992576 0.000448098731689544 6.72595305860057e-05 7.88048846092247e-06 7.16294708389504e-07
1.39205798078526 1.34326592168513 1.01240613023636 0.670213230148436 0.430657306250668 0.256996417370666 0.126284741516087 0.0478396971120866 0.0140159386876239 0.00330359459715154 0.000647089925380376 0.000104907916973171 1.37210266994965e-05 1.42128933513851e-06 1.15614152910569e-07
