0.563988538221396 0.50796762973422 0.340740852387853 0.182917712434501 0.110857103737216 0.124878176160992 0.176772433018186 0.203932904219827 0.1737657480887 0.107677357115209 0.0483818604206043 0.0157465100646079 0.00370967297941658 0.000632262141593526 7.79228391175191e-05
1.15998711563994 1.06142038415972 0.72857616348209 0.403742583469326 0.25037986628673 0.277456552977735 0.386116249910302 0.442047740160127 0.375107683602124 0.231802365935468 0.103948089435628 0.0337840810923359 0.00795178961786384 0.00135456963043472 0.000166912414072285
1.95183317384788 1.81979772079148 1.28279526892478 0.73536631005967 0.463373163185062 0.498029859587487 0.67634791934979 0.766470457618091 0.647050341878205 0.398530944650968 0.178303087819445 0.0578580260586867 0.0136041677650321 0.00231614092977201 0.000285347114346498
2.7065494696447 2.57714834518545 1.87027308713168 1.11009852436561 0.706641619665858 0.727192867803446 0.954734894649188 1.06649346475043 0.893850099262019 0.548073855289269 0.244466361099616 0.0791659465611709 0.0185903296108804 0.00316282545883734 0.000389565940393333
3.12154045516147 3.03787690479797 2.27095493951123 1.3951848291217 0.895264171283811 0.874730607178524 1.0973371722584 1.19932927388659 0.993600856041124 0.604860811472617 0.268512546889645 0.0866804218464015 0.0203150857479262 0.00345255092690599 0.000425087752097845
3.04088124805389 3.01762627550927 2.31704906415547 1.47062439392367 0.954980280320691 0.887047463266653 1.0494433067407 1.10754676211403 0.898582786651496 0.539692550555045 0.237459607123101 0.0762160301270963 0.017800733341684 0.00302013239546136 0.000371801898460006
2.59358473602241 2.60078771840742 2.03062882877551 1.32303795992699 0.877529112664345 0.787368336015026 0.869887125220067 0.8684576504171 0.677709054079211 0.396282772973838 0.17128054272481 0.0543784184654865 0.0126356504093613 0.00214506904327039 0.000266084612191966
2.10975542577229 2.0916668077032 1.61892561975181 1.06035770166826 0.720836058864654 0.641360774565958 0.663363188386317 0.613310749818828 0.448611623088646 0.250046531690336 0.104852747486697 0.032906064842559 0.00772612905463748 0.00136470304593334 0.000183661845735852
1.87410942998183 1.7833206296586 1.31306876774795 0.82386817259035 0.557350632438541 0.498026898466852 0.492023485308983 0.421905276350018 0.286877482065344 0.1522912640086 0.0636132233043078 0.021250763808995 0.00577692976468844 0.00128879839738294 0.000233850681377238
1.92580085756824 1.74696159437385 1.19835089897119 0.684804108352009 0.429434484888686 0.377153182565681 0.368563027001648 0.309863381037898 0.211400957010295 0.120619385065533 0.0600997853309447 0.0262438972699565 0.0096025609645675 0.00278180871038489 0.000612399125950546
2.06752903868808 1.82201174270913 1.18840944630613 0.62028531858979 0.345637471689272 0.293443068330757 0.301825563569696 0.27997424744596 0.22590100528583 0.163973885244592 0.105369130299036 0.0560820513646309 0.0232128727328299 0.00719840072544733 0.00164263651996108
2.05485459318483 1.78861451338745 1.1398987906639 0.56737249815197 0.297170264089863 0.261691130338012 0.307318265833615 0.339777455231641 0.334568364457602 0.28927481698921 0.208256354365695 0.117578250794287 0.0500237739687381 0.015709899976082 0.00360679642847477
1.78503971766465 1.54622316379971 0.978187496013005 0.484751380332295 0.267815470190378 0.274740299929221 0.372252323751285 0.465883270991079 0.509084185785769 0.471998416151964 0.352669900434941 0.202568470472636 0.0868484952569588 0.027373905098372 0.00629696924763533
1.33490127620772 1.15369033692886 0.730190678172076 0.372084510629935 0.238131986568794 0.294657676406626 0.437890812647689 0.581526878101711 0.664536680263167 0.633975190010532 0.480962105825749 0.278315566732034 0.119762250126002 0.0378237656012945 0.00871192554154671
0.859670512971482 0.741836676759471 0.47170613068701 0.252643763355603 0.194204652484485 0.279525334187805 0.437749821251668 0.59977780410307 0.702418325725591 0.681229821955913 0.521656595293398 0.303355275814399 0.130887347901656 0.0414043775797708 0.00954737480301154
