0.153715179227072 0.230100282454728 0.308991276047361 0.379765998166773 0.430866775401955 0.445753385445 0.409135647833317 0.322925067261947 0.212775546680178 0.113976596069708 0.0485562675101314 0.0161823010904637 0.00417132047173451 0.000825636888046728 0.000124931496118253
0.41015775675912 0.561239131258698 0.697748092752092 0.810374871055663 0.889244373663351 0.90846894928466 0.835151077435252 0.664710167782411 0.442352132512652 0.239104369947314 0.102643469087726 0.0344365182297872 0.00893384197756722 0.00178054504328671 0.00027161576685976
0.85171656311555 1.05910476439366 1.20128273868613 1.29930882182502 1.36689088360752 1.37454244641508 1.26533237786604 1.01683266510116 0.685132544882149 0.375184969113285 0.163245029986242 0.0555817353306087 0.0146696511864544 0.00298564736175869 0.000467514201107814
1.37478687289664 1.56612373941412 1.6172053097046 1.61972088679659 1.63060079075783 1.61730727192048 1.49608797613993 1.22021941584804 0.839541178674288 0.471897841236876 0.211980182961985 0.075044504671547 0.0207720344743137 0.00447860211989762 0.000751281820384943
1.71336594697125 1.83300376780626 1.7701767486641 1.69259860115706 1.68195959834315 1.68272985258695 1.58524140930517 1.32857325306641 0.950688895411092 0.563385116426318 0.270421731259416 0.103559841636864 0.0313362631693637 0.0074460083310729 0.00138352615412721
1.63859096069925 1.71931846796514 1.66875484942185 1.67394568833353 1.77917209841911 1.87343025474117 1.82738198740767 1.58910298745687 1.19727842379333 0.759211583997362 0.394449273104468 0.164411868643155 0.0541693713014972 0.0139676133886882 0.00279976363744952
1.20651417464279 1.32571449458951 1.44169988351623 1.68721602682516 2.01765361328896 2.25786675882608 2.27471768908997 2.0418028956568 1.60563966503206 1.073239384349 0.590122017102448 0.26005412351615 0.0902419276883255 0.0243867720204295 0.00509692346754158
0.704874990476941 0.880342764760673 1.16510702239668 1.61376080063903 2.10874687825068 2.45095918025218 2.52767346739608 2.33307663408432 1.90271620950822 1.32483043220677 0.758556828157397 0.347062992581564 0.124573759787186 0.0346938294074512 0.00744801826687579
0.374404319556699 0.546696493876937 0.852770565332222 1.30223485013829 1.77266734843705 2.10274925892149 2.21809602370565 2.11546250882271 1.7950801942941 1.30074662790347 0.772065416367222 0.364415062109249 0.134344634718668 0.0382877035636079 0.00838592722886859
0.295706529729451 0.399732734871989 0.581366549711397 0.855907631239756 1.15244938078193 1.37644671830833 1.48788948345564 1.47560575008952 1.30860416546959 0.987312680022654 0.60597101607384 0.293846212569739 0.110731174180591 0.0321351052969317 0.00714628043292915
0.469089848338276 0.484560652117308 0.489349502205741 0.544496932940607 0.642483732794787 0.734765006790041 0.793919346129097 0.806045201265591 0.738892916720979 0.575630317438335 0.362854501838998 0.179722953254238 0.0688723761767612 0.0202589681969838 0.00455525886533663
0.83409979341158 0.778976878914373 0.63150885490721 0.518673280856457 0.476387685957975 0.459768242742682 0.433775744291476 0.396554594870174 0.343113868940406 0.262482420932642 0.165760302793532 0.0828052253873358 0.0320347798419995 0.00950440190473682 0.0021527656295279
1.21115347081513 1.12234417360531 0.891876712904829 0.702363462341583 0.60060303987088 0.513769466656951 0.39440391036329 0.268560679502315 0.171779889765024 0.106470770430116 0.0605996805887804 0.0291072058115115 0.011138255982063 0.00330258935199066 0.000749965222098898
1.3585354435696 1.27674600752279 1.05200764013046 0.879904473103647 0.78855232930859 0.67359700492444 0.484715390915303 0.280820258134056 0.133468230734739 0.0558254129234151 0.0223576017203488 0.0086663239605793 0.00300744214607089 0.000859375443206766 0.000192823423177935
1.16752092772699 1.11747504670989 0.962624084873538 0.861763121010699 0.814871846192379 0.71065043235289 0.508763602962198 0.284864589821434 0.123636050903344 0.0422929450784143 0.0119786972069892 0.00306535531952033 0.000764338288543626 0.000181879066215027 3.77087463009984e-05
