3773999255847.12 0 0 0 0 0 0 0 0 0 0 0 0 0 0
6027137683765.57 0 0 0 0 0 0 0 0 0 0 0 0 0 0
7502983476456.4 0 0 0 0 0 0 0 0 0 0 0 0 0 0
7352059627967.77 0 0 0 0 0 0 0 0 0 0 0 0 0 0
5826268431972.43 0 0 0 0 0 0 0 0 0 0 0 0 0 0
4026285234628.99 0 0 0 0 0 0 0 0 0 0 0 0 0 0
2881106472009.59 0 0 0 0 0 0 0 0 0 0 0 0 0 0
2636693528550.85 0 0 0 0 0 0 0 0 0 0 0 0 0 0
3183549414302 0 0 0 0 0 0 0 0 0 0 0 0 0 0
4460712522937.66 0 0 0 0 0 0 0 0 0 0 0 0 0 0
6351106114287.3 0 0 0 0 0 0 0 0 0 0 0 0 0 0
8308711343498.45 0 0 0 0 0 0 0 0 0 0 0 0 0 0
9371740526182.34 0 0 0 0 0 0 0 0 0 0 0 0 0 0
8801996867997.68 0 0 0 0 0 0 0 0 0 0 0 0 0 0
6755091803597.51 0 0 0 0 0 0 0 0 0 0 0 0 0 0
