1.93865318064622 0.915717081438708 0.084062380193154 0.00177088120115645 0.00874197635417104 0.0618035444012817 0.149057161503894 0.491970698825855 0.581850694699094 0.132499292802533 0.0055941527864642 4.36998597406771e-05 6.31497279077816e-08 1.68810086516681e-11 8.34755413554849e-16
3.15831097526928 1.51832919712543 0.143605582252132 0.00328000756293577 0.0195349238765256 0.136636103094884 0.253994015330252 0.540585869863919 0.604448114846201 0.137026123487897 0.00578218990011856 4.51652607844168e-05 6.5266574791808e-08 1.74468461491296e-11 8.62735479672231e-16
4.50512623499387 2.21025306971163 0.216634605800913 0.00540769285719589 0.0361073758971337 0.252851020537061 0.412858971340421 0.532834673326084 0.523823091883154 0.117158538839181 0.00493511570172132 3.85385597854443e-05 5.56883272908976e-08 1.48863265117233e-11 7.36118681138463e-16
5.65555896379923 2.84513819830838 0.29150666760654 0.0081575154117455 0.0553041990502695 0.39096409218736 0.618520985148789 0.514331719825385 0.387070904101603 0.0831027777104592 0.00348001434119074 2.71512084157023e-05 3.92280957305172e-08 1.04860304489292e-11 5.18525271612026e-16
6.30940453356237 3.278527975564 0.355628422598316 0.0122125996294604 0.0706290933423351 0.506933395593253 0.831600594766467 0.53472177689831 0.259553227524406 0.0494713895769681 0.00203119297480898 1.57984120530835e-05 2.2814463225365e-08 6.09804862327106e-12 3.01539660188058e-16
6.35633772606215 3.44252749673876 0.403126455261323 0.0211091336319613 0.0767875274726108 0.557735745159066 0.995232892927371 0.605862557569408 0.180529888676421 0.0256697657647694 0.000987847600331559 7.60042239253021e-06 1.09566899272017e-08 2.92778567840486e-12 1.44768286640328e-16
5.91980559417475 3.36605688300886 0.440641925714049 0.0455474084879351 0.0758822713773851 0.536522829194353 1.07266928462421 0.695827370051636 0.149748261095606 0.0129413904521772 0.000410243599046349 3.0361638360633e-06 4.34830824994198e-09 1.16067400894931e-12 5.73807568410144e-17
5.25817068334657 3.13629094121331 0.490076268271261 0.108012511126254 0.0795071097312466 0.483246246355415 1.0779863822892 0.763971485343 0.146112602845358 0.0078030855976052 0.0001592854610533 1.02662008762582e-06 1.43107568451814e-09 3.8017342936321e-13 1.8779072352924e-17
4.61855219338401 2.84869771427623 0.58541768315371 0.23993336130013 0.103137688419944 0.456008122539619 1.06973250977021 0.801504734307618 0.152261543592222 0.00646451576482594 7.52964765837656e-05 3.22525198560911e-07 3.98518826970303e-10 1.03291342351675e-13 5.07842266672318e-18
4.13724981373311 2.5781713964976 0.754288021741039 0.460731450224717 0.15460101004531 0.484866147425524 1.10221670572699 0.832176930831225 0.162916978642882 0.00670840863296381 5.80986310869367e-05 1.330453500222e-07 1.05850204003153e-10 2.39181762327044e-14 1.14113762934631e-18
3.8220189451227 2.36566990306793 0.983064188136341 0.742618860333397 0.223524182498294 0.545971780602203 1.16815028283019 0.86899242076298 0.176131638542289 0.00748628267267455 6.19043998173333e-05 1.03189107190167e-07 4.20560171972011e-11 5.60875966659143e-15 2.22064171585475e-19
3.60219954442928 2.21026647709077 1.19472937439178 0.994585636305497 0.281567097933193 0.579043944826519 1.19122070468522 0.880185385892828 0.183498945035739 0.00804279800089273 6.74203006128939e-05 1.06686267489578e-07 3.29229205440798e-11 2.28784178360516e-15 4.81518076874581e-20
3.39017304886133 2.07061526056021 1.28016900220346 1.10284384974769 0.298364055438357 0.536065930939679 1.09065252059048 0.813404147216295 0.17313762517467 0.00773031508433385 6.56393611888684e-05 1.03961927853914e-07 3.07376302414033e-11 1.73496688288653e-15 2.06326804782834e-20
3.10442732913368 1.88332834116134 1.1751275321543 1.01112206154034 0.263190542123761 0.418936888412798 0.858513606768566 0.65339281188285 0.141283576520649 0.00637124914354904 5.44671828079474e-05 8.66043563007259e-08 2.55341699516053e-11 1.39905609816022e-15 1.44484211418242e-20
2.67810915296629 1.59950620830862 0.912791417906462 0.766124431399327 0.192648409391189 0.272832629510339 0.568585179813093 0.4439248400495 0.0972218499885533 0.00440873043392057 3.78118771282864e-05 6.02506424857348e-08 1.77798158021438e-11 9.71419212261426e-16 9.84261654299869e-21
