0.00243948578823555 0.0121284040672731 0.0494724651112901 0.151074789970746 0.343355047838266 0.594497281649025 0.818001552778472 0.939313707230112 0.922807788391739 0.759440038757459 0.499181982475754 0.251393490619333 0.094939241114903 0.0268934164264711 0.00584887312748144
0.00461040740413868 0.0176459407805593 0.0661457595596061 0.196071567841218 0.440287878348422 0.764133110785352 1.07232104603958 1.27358804598046 1.29548003164073 1.09300370604645 0.729830482128855 0.373215254124899 0.144858237208352 0.0434017001772927 0.0104523888748068
0.0103127323109744 0.0270068061809826 0.0848025102294368 0.235755590331451 0.514157050288592 0.883315963284765 1.25190656683556 1.52661780390927 1.60056487994247 1.38447886417187 0.944915033604169 0.49764946691041 0.203607210614727 0.0669263145098729 0.0184439939447022
0.0253281840797003 0.0472428915025259 0.113760719482258 0.28133004734171 0.578481802757544 0.958857040722541 1.34007796788153 1.64816337625649 1.7667307042465 1.5702267503525 1.10842848920516 0.614325972867293 0.272983187265902 0.101067786710472 0.0318362287161554
0.0601610601411339 0.0907652367144476 0.167167726660507 0.352668664589431 0.663352255382462 1.02707780846673 1.36385239728104 1.64126233973954 1.77562363786585 1.62777772703746 1.20725904890596 0.720137382893718 0.354291927316435 0.14746307157096 0.051475095271685
0.128818461465472 0.172892151402707 0.258972375335441 0.463741831757544 0.787927401524016 1.11704623383815 1.36127698372001 1.54498951673157 1.65704813689491 1.57127258682767 1.24054186947404 0.805815900391449 0.437601843577586 0.199695361722962 0.0745046930647795
0.243251235480267 0.305084626227731 0.395117456558316 0.610985819307187 0.940743612827817 1.22170399833314 1.34719277475934 1.4001748576296 1.45799554267746 1.42587747568952 1.20133909379403 0.845135515495866 0.496524474543933 0.241167965382278 0.093633095673674
0.405336294888717 0.486701014083715 0.569104894124309 0.775758104478322 1.08884291048912 1.30772722407573 1.31363291493169 1.23541546794045 1.22277098707919 1.21694006073508 1.08100467453391 0.808229650862152 0.501072546248713 0.252966771412289 0.100517661921145
0.602402060155147 0.701269921169376 0.763585808129147 0.937636263974013 1.20633834949969 1.35267024240616 1.25972646539343 1.08007421825795 0.997519659246465 0.982499296606491 0.894962312157702 0.691836016589335 0.441568974146981 0.227528975106582 0.0915233405569709
0.810256495582347 0.920410077949216 0.955089571562686 1.08330517339728 1.29140423343516 1.36767979280798 1.21130902251357 0.97464167249204 0.834411534127076 0.779017666136136 0.693573980766582 0.532565277923884 0.339713674296561 0.175283881404264 0.0706248118129311
0.999457661687613 1.11069938004667 1.11597041811558 1.20021744013626 1.35246143450948 1.37933827059648 1.20183724261863 0.951967676650739 0.770741723652447 0.656057273734568 0.535190119426968 0.384279610523505 0.233842618298991 0.117175935849791 0.046479609255959
1.13783474516046 1.23723245094458 1.21332354802001 1.26345292431499 1.37914800934269 1.38904896727373 1.23070262351471 1.00148987385831 0.795794910738041 0.618867302482315 0.444932568363053 0.280967291099371 0.152816954621706 0.0704957060995863 0.0265919013082947
1.19172828344024 1.26693293396855 1.21392105416339 1.23743695284072 1.33462343519308 1.35618058441154 1.24534905767329 1.05761468564991 0.844274950827804 0.620125809726998 0.401136710294603 0.220702423367892 0.102674791333563 0.0408585331987228 0.0138071852880584
1.13592295929805 1.18006058214055 1.10115707987369 1.1005071357843 1.18502019749177 1.22926792304618 1.17471039087941 1.03673186080688 0.834953653612878 0.594771361099235 0.360887100736905 0.180362222908202 0.0732461564716316 0.0245591787896662 0.00699267470055495
0.971804027374164 0.986805507995824 0.892751183720255 0.870782321685052 0.938126610678287 0.996879084251472 0.987804203039136 0.897312034713714 0.726587266992767 0.507771401794529 0.296897654540937 0.140549848455082 0.0525233248208025 0.0154658705685058 0.00368964944975511
