0.994149931808676 0.979453693534809 0.818071263603483 0.66606239204061 0.528638150818065 0.370107037607919 0.232589735773887 0.169293394201896 0.170888244877083 0.180169875547479 0.150438220658015 0.0898407906973627 0.0371888733695135 0.0105598588109418 0.0020490698565105
1.38487514146366 1.42215037174048 1.26482781846495 1.09757668936025 0.911850278675741 0.668887497387828 0.449734542109815 0.338853538967617 0.321376900480276 0.314399605729776 0.251590977096369 0.147226855395934 0.0603581476620238 0.0170571142520472 0.00330159706495465
1.7162312317627 1.81406941825478 1.67771832106072 1.50986301653328 1.29542583749915 1.00027831171306 0.730323733977056 0.577239649271585 0.516417903795175 0.460553603752991 0.345890050778378 0.195605698361905 0.0787991298675907 0.0220662098983063 0.00425022708713489
1.92210317368243 2.05007659751183 1.91663195865811 1.74357494680713 1.52937376764887 1.25077518030072 1.00287206567175 0.839388945668859 0.717857539901418 0.57952085730905 0.399395825662941 0.213895882333578 0.0835412406780651 0.0229949263045822 0.00438653375148688
1.98749857034705 2.08984206742923 1.91649390671756 1.71794157057686 1.52460696257552 1.32447292133145 1.16887291559392 1.03869930450616 0.865652818921192 0.639055348122596 0.398324948631435 0.197241837135626 0.0731742474089439 0.0195194693965724 0.00365480930782551
1.97019034407699 1.99654585245567 1.74028082106725 1.49324201993757 1.32020824953769 1.20932432983211 1.16029932615038 1.08793913739048 0.900034841906876 0.62291990222414 0.352501132707859 0.158507061478245 0.0544703552587537 0.0137761743184239 0.00249197332473359
1.95987697502658 1.88704218473334 1.5241428457589 1.2169184111425 1.04959872656223 0.987423509369872 0.994281076598791 0.965467316675934 0.801927979434353 0.535740596872688 0.281593575362099 0.114983826627015 0.0358807576047113 0.00837288061131779 0.00142726147671745
1.99591378414161 1.8330421708735 1.3727440893965 1.01768501723501 0.847683416041926 0.781275606082343 0.770471135057434 0.744881145631879 0.621308619948484 0.410583582679907 0.206852939932811 0.0782725330700265 0.0221273763336992 0.00465617585609887 0.000723973139763409
2.03976097738324 1.82047474299668 1.30600968936256 0.939031538323056 0.773052119919852 0.672529426939337 0.598868433769409 0.544638217756222 0.45251521135171 0.301715029229037 0.150303812134796 0.054384134144507 0.0141905245378579 0.00267876096608233 0.000368429837956616
2.03991848091411 1.80192745794706 1.28363753589847 0.938328423600769 0.785630807020107 0.651952262970226 0.520647272516793 0.439751641423069 0.366676423657988 0.251491850664762 0.127021420912911 0.0453493034622379 0.0113111130865401 0.00197070428732753 0.000241322952054564
1.99534136818692 1.75810593816555 1.2557727254193 0.932704589391753 0.789120460923485 0.642486680313857 0.495466742528542 0.418451418047121 0.362543020208923 0.257828998142924 0.132777236934987 0.0475378097533553 0.0117015527878084 0.00197576435824464 0.000229062890448794
1.92078358006131 1.68375165378167 1.18562726362517 0.858075920922751 0.709485209108896 0.573815350889234 0.456231813423138 0.413377492998266 0.379164444597905 0.27729049017749 0.144478094709704 0.0519141498572011 0.0127586318364359 0.00214040833344591 0.000245046572337939
1.77573267591317 1.54028577201989 1.0464100999914 0.703357107115791 0.545646948532447 0.437441487138669 0.369698805510279 0.367047246546839 0.354399278671739 0.263922798748069 0.138320458188004 0.0497908661171594 0.0122384751688408 0.0020512439958569 0.000234361426141838
1.49235596203613 1.2784520823009 0.830669951773025 0.504019991007662 0.353567541102638 0.278138305027554 0.252207577571157 0.272975523922199 0.274191317086041 0.206623935022086 0.108641967750242 0.0391421631176247 0.00962278667989996 0.00161267047279289 0.000184196819045626
1.08004350979653 0.915178490092942 0.570916011408972 0.311507742384529 0.19239887127125 0.14626535567519 0.142112905072078 0.165554870503439 0.171218683223596 0.130062934498724 0.068524548547473 0.0247008989593811 0.00607322216485916 0.00101780547351958 0.000116246834609715
