0.641397017592059 0.988487087445794 0.504853690814826 0.0184702838350893 0.00201500248629952 0.0469022875784558 0.266538584901477 0.588312689242966 0.270089429530898 0.0103224213351311 1.98755739987273e-05 1.78441524696832e-09 7.40569920766682e-15 1.41946374548764e-21 1.2563960930254e-29
1.13651915640502 1.56294867361406 0.793932222296252 0.0312878334756997 0.00590551376712634 0.130271606471286 0.548679737696022 0.968661491965645 0.407312703910546 0.015369067851488 2.95538130107933e-05 2.65295309986091e-09 1.10101499689076e-14 2.11033191798796e-21 1.86789716793555e-29
1.66557443815548 1.96460775892074 1.01888297075199 0.0471757283005455 0.0128873382069242 0.272251406854382 0.879468861276834 1.20714377037913 0.455900556385287 0.0169413245312138 3.25281474427614e-05 2.91949504883596e-09 1.21161364959454e-14 2.32231381115793e-21 2.05552619547102e-29
2.16016339437976 2.17116074884391 1.1984516104814 0.0721736642692927 0.0209531627922018 0.426076561819476 1.09584229335148 1.14561740902039 0.379093804170804 0.0138261514570097 2.65007612330982e-05 2.37810237200533e-09 9.86912950870387e-15 1.89162357667729e-21 1.67431332565794e-29
2.73404965057804 2.47285064633343 1.46795860739277 0.119548325376609 0.0255831636124528 0.497711452100694 1.05664905501107 0.833368367464592 0.234515394024249 0.00835485252754152 1.59813073446629e-05 1.43383156313635e-09 5.95027892769473e-15 1.14049191163887e-21 1.00947162939036e-29
3.64306625139645 3.11345897533585 1.89969632218058 0.206814432385765 0.0242590706121805 0.432982075943247 0.783698100466766 0.467553973395834 0.108183069952924 0.00373874198056875 7.13390623227073e-06 6.39898903033162e-10 2.65545971906154e-15 5.08971424369313e-22 4.50500390263087e-30
4.95192474667577 3.92515565616783 2.40776096078137 0.347682681363309 0.0204767072538328 0.280137967440764 0.44475761369911 0.204553346554665 0.0375550734398114 0.00124076532853762 2.35777989789074e-06 2.11391066669738e-10 8.77180061475866e-16 1.68127495189789e-22 1.48812691041955e-30
6.24867239529743 4.47433533316531 2.83134714388649 0.529147796997657 0.0228745271670361 0.134968858133724 0.195060071890475 0.0781269386250697 0.0111387418759532 0.000314540754875178 5.79914278747082e-07 5.17364376707379e-11 2.14509537095647e-16 4.11091606872489e-23 3.63856589258661e-31
6.96293361294971 4.50946853628811 3.01652684688826 0.697410483644425 0.0439051011115328 0.049867532199414 0.0798481597380973 0.0596821665676879 0.00806290607327973 9.86041660576966e-05 1.18431753214584e-07 9.5651215398818e-12 3.89617178374179e-17 7.44442402508071e-24 6.58575730303378e-32
7.0607746379974 4.14030548617381 2.86381049325918 0.798443176068575 0.0983899975701413 0.0195330603778053 0.0776633271925434 0.135163571102015 0.0193139476247955 0.000140652308768551 5.72170019728682e-08 1.90128967717684e-12 5.64853883468435e-18 1.01097947069949e-24 8.84255315322237e-33
7.14677010790469 3.64899755302101 2.40189379208189 0.827483129440021 0.188536543819988 0.0220251566935714 0.173629387567398 0.3087757537633 0.0434929289959242 0.000304144991875669 9.98343992423021e-08 1.60024437555418e-12 1.53752416965878e-18 1.31496216301539e-25 9.22934305584343e-34
7.65663663144247 3.22891048460259 1.78831762263876 0.798521842598065 0.279882823513206 0.0439376664713484 0.361564569656539 0.541240268937292 0.0735578891105824 0.000511672349962777 1.6605625131954e-07 2.49714981803048e-12 1.7604851878911e-18 6.2330853661915e-26 1.4551759524271e-34
8.10269392743879 2.841612247349 1.19396100888674 0.694414788905349 0.312511377947331 0.0751166481971407 0.588820106481064 0.715970427155283 0.0923309740231413 0.000638707522902515 2.07080581356616e-07 3.10487843948589e-12 2.15143717728406e-18 6.91158990535927e-26 1.04952428537947e-34
7.50739949332668 2.30922015094129 0.711993548349861 0.507344132306703 0.259898739389577 0.0987728861963074 0.736615309272582 0.718087578535822 0.0860464228593403 0.0005903639620309 1.9125904479227e-07 2.86709980141328e-12 1.98515061028784e-18 6.34841130818064e-26 9.38483598211941e-35
5.6249528262759 1.59144254041451 0.36845094578308 0.293569822284351 0.160453960561258 0.0982550004580495 0.702828075145805 0.54964064987327 0.0596216681756764 0.000404078644327351 1.30760116267728e-07 1.9599706387937e-12 1.35700627444504e-18 4.3387708275899e-26 6.4063523978577e-35
