4186154799470.66 0 0 0 0 0 0 0 0 0 0 0 0 0 0
7328646194834.74 0 0 0 0 0 0 0 0 0 0 0 0 0 0
11205031264346.2 0 0 0 0 0 0 0 0 0 0 0 0 0 0
14990637705723.4 0 0 0 0 0 0 0 0 0 0 0 0 0 0
17597330667354.4 0 0 0 0 0 0 0 0 0 0 0 0 0 0
18208850937525.3 0 0 0 0 0 0 0 0 0 0 0 0 0 0
16746202797680.8 0 0 0 0 0 0 0 0 0 0 0 0 0 0
13894637135395.1 0 0 0 0 0 0 0 0 0 0 0 0 0 0
10662940962311 0 0 0 0 0 0 0 0 0 0 0 0 0 0
7828663014552 0 0 0 0 0 0 0 0 0 0 0 0 0 0
5670450427772.33 0 0 0 0 0 0 0 0 0 0 0 0 0 0
4084613985599.39 0 0 0 0 0 0 0 0 0 0 0 0 0 0
2866768687454.49 0 0 0 0 0 0 0 0 0 0 0 0 0 0
1897239688368.14 0 0 0 0 0 0 0 0 0 0 0 0 0 0
1152679913057.54 0 0 0 0 0 0 0 0 0 0 0 0 0 0
