0.407888632971389 0.486979928829157 0.498324764716 0.476311166272453 0.454475693145885 0.420513925797152 0.349683038237949 0.26468371037519 0.226529950883546 0.262668033965959 0.323625772823259 0.328748367416482 0.252820491714834 0.144289288964625 0.0608505036665656
0.593965379875896 0.69922322845525 0.712906662286451 0.685622519799101 0.658492869023946 0.608807512810611 0.500717603191291 0.364392642548515 0.281228953640028 0.291429213367622 0.342472027483883 0.34367962229566 0.263576019099806 0.150335073453107 0.0633913058202145
0.774983018890462 0.897174990561325 0.906591115883526 0.869001474121998 0.830389419132086 0.76084557585859 0.618034034588329 0.436175101316063 0.307642592111312 0.28156034724409 0.310393697635279 0.305853658857749 0.233540366973661 0.133065841791905 0.0560954118011845
0.927672819847486 1.05137164596832 1.04366582272864 0.983512628181014 0.921689116700607 0.82973413043592 0.665840079277591 0.46087723496144 0.302612102723605 0.241965828105868 0.243362939522857 0.232462867466653 0.176035681139912 0.10008682162083 0.0421690523205612
1.04726918673839 1.15533382696194 1.11336680127469 1.01457097793816 0.918943859627996 0.808673896065597 0.645939646887272 0.447691884445393 0.281824364950195 0.195502100771691 0.170235530245431 0.152560104748015 0.113266285442061 0.0640377723389041 0.0269378293242793
1.1448710479501 1.22427840880763 1.13306368952247 0.984765921047068 0.855848997142954 0.742164530069287 0.604678370754898 0.435350284735676 0.274685656200721 0.167347831873247 0.116179495124718 0.089792366375631 0.0629950524223167 0.0349879412401731 0.014639939029628
1.23722027015904 1.28436773225463 1.13928767873227 0.944629420669078 0.799093037483553 0.705750737536719 0.610838326293692 0.473397456855559 0.31052715745309 0.174108622927246 0.0925563655419993 0.0531979990693686 0.0317020570211549 0.0165696274494332 0.00680017890790529
1.33883896393489 1.3615028048635 1.17292701165996 0.951488587000833 0.818279696394158 0.769778496934996 0.721335845454371 0.597306245049909 0.405247691117378 0.219410834141816 0.0974662207666793 0.0394557331934004 0.0166437373121351 0.0072011077705732 0.00275091752479649
1.4532965463036 1.46708520700153 1.25844970193824 1.04200955196353 0.953775840315729 0.967343794663745 0.955233421363023 0.81243627877895 0.555397375504528 0.295732458967983 0.122048747754542 0.0402668373875796 0.0116871005174509 0.00343401977065969 0.0010451622385157
1.55881466780792 1.57968636433122 1.38126335030144 1.20672440453348 1.19245892336543 1.27541209984853 1.28211338799547 1.08917090603842 0.73839751161516 0.387977162125368 0.155874041917827 0.047901576345375 0.0115463470155382 0.00236083307763249 0.000470046557072299
1.60287485967796 1.64055138771968 1.48243558096465 1.38369483738365 1.46278278917463 1.61333851191082 1.62339074465672 1.3650929515898 0.91447840003118 0.47516234967622 0.188613851082331 0.0567665266999265 0.0129623561296781 0.00228468941212487 0.000329086671293249
1.52660196739756 1.58236414007755 1.4872369003058 1.48500796387912 1.65999502651826 1.86660650233505 1.87189627937619 1.55778021928994 1.03278201341006 0.53217086674036 0.20988179042452 0.0627633189508194 0.0141592171955727 0.00240936452597389 0.000312379311755591
1.30927612919994 1.37758386209325 1.35327863970781 1.4451525486545 1.69574926980645 1.93543321621984 1.93397876632014 1.59507288390505 1.04847990835171 0.536837728942884 0.210885225747686 0.0629288780906471 0.0141721520019778 0.00239935240589452 0.000305052966231033
0.992384928857498 1.06396984086691 1.09956747650177 1.25772103861763 1.54329728710869 1.78449508309517 1.77679238474021 1.45269891896399 0.946834963661993 0.48178342363531 0.188576349498216 0.0561981364582173 0.0126606560239254 0.00214543432379369 0.00027253697302211
0.657615323550268 0.722776955730004 0.792934298509466 0.974346017253903 1.24743671646237 1.45937733799408 1.44677888438765 1.17101377379645 0.755389055812965 0.381262232797096 0.148460145235495 0.0441354643498269 0.00994059405688728 0.00168657841539961 0.000214647816115898
