3.58589333452799 0.267126118225012 0.472510141171208 0.328945963283764 0.319512414393722 0.167698654112791 0.219745519927486 0.0255704818842894 0.244655486208105 0.0133120060847058 0.000119783283168826 1.59353768733265e-08 1.27583530663363e-10 1.10004344362516e-13 3.41585812860716e-19
5.36261614222187 0.414120635660222 0.66804964469801 0.309240240609105 0.453019493080121 0.221855029672532 0.287303252083734 0.0546538292016876 0.407057948992483 0.0349362958162789 0.000664232157663401 1.07451447162991e-07 5.09773164421765e-09 4.39555107298742e-12 1.36490780894282e-17
6.62805683766018 0.520231796298907 0.783233746461827 0.214178378566107 0.445540371643034 0.212193422962533 0.273913124351783 0.116294641386054 0.474398669626038 0.0900535583629609 0.00256829649857076 9.23553907612916e-07 1.41156586703758e-07 1.21713981426745e-10 3.77946612269014e-16
7.46774312501834 0.573243957169878 0.820850742575401 0.126547739646944 0.303945659924048 0.170975170587072 0.226201922235442 0.255488232314488 0.397481230933768 0.205825004244292 0.00689467268068926 1.22100015928191e-05 2.70864143012914e-06 2.33556120169997e-09 7.25239149671865e-15
8.27124003562845 0.600198001956615 0.811084313157435 0.0939707889683978 0.144131808700758 0.166691695673819 0.230086131377018 0.49763901138079 0.259481849058809 0.363313550234839 0.0128386372420699 0.000152102909868636 3.60185219157133e-05 3.10574417968629e-08 9.64396593989992e-14
9.08230510346046 0.634342143610183 0.752139432808303 0.101728673007387 0.0488411308169995 0.211269289996436 0.289016343863704 0.762515041923449 0.157734522111962 0.461526596048412 0.0166254900383958 0.00138840241646992 0.000331912761978534 2.86196127190089e-07 8.88697053931653e-13
9.79644505137398 0.740204235046737 0.628883205177785 0.108377285992028 0.0181065769204999 0.254167054119402 0.317717887544492 0.892303271372811 0.105634842550387 0.413874473596737 0.0153357869419599 0.00885438575013355 0.00211955976794066 1.8276181816337e-06 5.6751253403615e-12
10.6620667467127 1.06256605514415 0.467511960967804 0.0915986937959758 0.0316648465047008 0.277894703340406 0.261715497977828 0.831710614791655 0.0786186387281482 0.274004507088174 0.0119637826681248 0.0391763858440334 0.00937974494812936 8.08780798325427e-06 2.51142850815345e-11
11.8070743231912 1.74305275000616 0.352980347557669 0.0713653443882348 0.0967819872113756 0.333600020412603 0.166021986074592 0.713871045786028 0.0773832360491458 0.186291545780209 0.0140972328092969 0.12013907326568 0.0287647123921962 2.48027501614144e-05 7.7017572579561e-11
12.4107865793764 2.69147045202796 0.362707189620339 0.0917957108314642 0.232155393519779 0.435511430751237 0.106769901439474 0.693574792986497 0.135943125807106 0.238968616361145 0.0269353477326408 0.255316072299738 0.0611297595469879 5.27099361450473e-05 1.63675048383574e-10
11.3737760308048 3.49539806694054 0.488724676381828 0.17961071115512 0.406416955579866 0.504663190726123 0.111820239534442 0.773931003241473 0.31153546231066 0.393639203400407 0.0457729847845698 0.376008539999057 0.090026213413637 7.76262821145733e-05 2.41045358999805e-10
8.8809148956474 3.67095514933793 0.643263140878318 0.307409792935656 0.511054001241803 0.492380197453476 0.161264365703264 0.859782443556965 0.629544994391051 0.513932977573932 0.0560738830185605 0.383744281547403 0.0918774482007751 7.92225335615299e-05 2.46002043676752e-10
6.26867824624527 3.05711760682505 0.719988708200226 0.397090244433765 0.456852475263831 0.452607791062095 0.21356838187424 0.865600079611213 0.963404676673864 0.487400228011155 0.0480086261537006 0.271400601321532 0.0649789232179574 5.6028927945423e-05 1.73981191460968e-10
4.37087240148519 1.98666161534638 0.659823652034364 0.385638682673274 0.288487164002177 0.419066371775009 0.225080556184761 0.738827287167968 1.05930039936169 0.337226535247037 0.0286087287527106 0.133016216007036 0.0318463556339404 2.7459937416818e-05 8.52686782419846e-11
2.98534669362799 1.00226099484722 0.485075458088789 0.284599035647475 0.128457453693395 0.345988115206329 0.180159230076051 0.500814592018281 0.820878801134562 0.17298813271094 0.0118578908028169 0.045177641695898 0.0108160980540627 9.32632226555592e-06 2.89601232650914e-11
