0.416421153129718 0.463557732753811 0.515727059740189 0.623940239603103 0.770364182831977 0.87155869607918 0.863930063999915 0.772128212596158 0.670629355388337 0.591662169565867 0.505114545731225 0.381603736046734 0.238920985080483 0.119635124174393 0.0470127450131086
0.729912064282578 0.799206354715256 0.872875221693084 1.04840531601782 1.29859163542221 1.47238875643693 1.44918263515426 1.2683303077458 1.06979131016714 0.928163200788132 0.79855946696624 0.617078875377386 0.396154726254499 0.20266296694163 0.0809361196879643
1.03812241867029 1.12539857546985 1.21513540617897 1.45467306776008 1.8075345075927 2.05022750677231 2.00167592755472 1.71854147764416 1.4131773238758 1.20930038491473 1.0483831468252 0.825730824682847 0.540529283263273 0.280805782655718 0.113342615233386
1.22168030164777 1.32229704580493 1.42142158713447 1.69710905632328 2.1063049725719 2.37860963142568 2.29822670672087 1.93939218099937 1.56329020037434 1.32425012476053 1.15430630447957 0.920718038186848 0.609917396736132 0.319553408161221 0.129630743405806
1.22172662867973 1.33431516367546 1.43778874931587 1.7066590563045 2.09736527616738 2.34156540733285 2.2338050439224 1.85972223278122 1.48038809880869 1.24404322992508 1.08218387112718 0.864114427088993 0.573185287505446 0.300414189191345 0.121753350678717
1.06726313036832 1.19063973054125 1.29628564204147 1.52504590773714 1.83934283027519 2.0179634794897 1.90209584934976 1.5750456941712 1.24997538208027 1.039126010744 0.886702929361865 0.694881319638627 0.454490367670496 0.23580599256191 0.0948242306011714
0.829379643869621 0.956724640352665 1.06503593795002 1.24922040098351 1.47907902954682 1.59697598683927 1.49849039127512 1.25052361126596 0.998729438657338 0.814444486378056 0.665092084565879 0.498077619008987 0.314779694496027 0.159548779583394 0.0631433291126146
0.580487809743835 0.698373916265205 0.807417278574651 0.96266559193573 1.13740143211631 1.22492901301516 1.15945838706098 0.986651148775465 0.797659064896002 0.637611930534157 0.495335813425635 0.351259334930868 0.212709509931205 0.104763031412174 0.0407183521173986
0.388226912632258 0.481963594001004 0.580436994601836 0.716143690469781 0.862992993095328 0.942415961440473 0.90724304652799 0.788465530742672 0.650252857685521 0.526760317660076 0.412339686601039 0.294195544848518 0.179459897336393 0.0892200653058014 0.0350880221238336
0.305959794761838 0.366525224757768 0.43572378287191 0.543913349410964 0.667374302521105 0.738132686551282 0.716216885430362 0.630574617935041 0.541160186318986 0.475912281253799 0.414128769115208 0.325813423042077 0.214497487072748 0.112944309527062 0.0464903010009706
0.345754597098965 0.373090482945276 0.398787096811833 0.4678562364553 0.561823772021839 0.612291749732784 0.582304016839012 0.510273403294449 0.464594007591981 0.466257432843671 0.467466995115549 0.40941145480051 0.29002204108859 0.160841256194152 0.0689274075046773
0.46010348817717 0.461571765285717 0.444263558129422 0.475697393217633 0.542639588655898 0.568499291873318 0.515705753521161 0.436729972899548 0.413809502737928 0.46404746436232 0.516247660706353 0.485230856346731 0.360557527974069 0.207268966048562 0.0915218100578285
0.558937094988848 0.545575001044202 0.500927987537184 0.510561679302589 0.563964085210176 0.57393061565638 0.498225938998499 0.398824389765921 0.370373537959356 0.433161053770417 0.508531523427707 0.498397573659161 0.382476059816677 0.225865117092058 0.102132991787337
0.563738051675069 0.546597058667474 0.497143962741275 0.503908489408787 0.556641633587093 0.564112684862909 0.479481388149714 0.363702818268162 0.314305628376191 0.358576464811004 0.428076943482742 0.430150809549773 0.337951863957682 0.203826691797613 0.0939302054057365
0.460935669566166 0.447797560411144 0.411241997641602 0.425455998250689 0.479767102132229 0.49199157295725 0.416762707433473 0.303985165480078 0.239824207774325 0.25504572244149 0.301580181774511 0.307176289381226 0.245481613935555 0.150454538670976 0.0703394828320588
