55.6187574980184 1.96263073850432e-49 0 0 0 0 0 2.37225010635154e-88 2.84166406136054e-09 0 0 0 0 0 0
102.335231416909 1.02634289720801e-48 0 0 0 0 0 6.0688700207657e-87 7.10622332574098e-08 0 0 0 0 0 0
161.030438886309 4.17592976338625e-48 0 0 0 0 0 1.20798632299642e-85 1.38264850556679e-06 0 0 0 0 0 0
215.246107900883 1.32196729043273e-47 0 0 0 0 0 1.87078129014682e-84 2.09310755346193e-05 0 0 0 0 0 0
243.742759253108 3.25607989832865e-47 0 0 0 0 0 2.25419165745381e-83 0.000246534737295401 4.59481050632359e-322 0 0 0 0 0
235.485371647319 6.23987969367557e-47 0 0 0 0 0 2.11332104633219e-82 0.0022592875893574 2.28752394024497e-321 0 0 0 0 0
197.976179398676 9.30388212384877e-47 0 0 0 0 0 1.54151209908841e-81 0.0161091168599743 1.78456511277858e-320 0 0 0 0 0
150.502188681783 1.07934181394792e-46 0 0 0 0 0 8.74853265209415e-81 0.089367326741716 9.88378324505414e-320 0 0 0 0 0
112.004503050563 9.74228038098852e-47 0 0 0 0 0 3.86304988171892e-80 0.385738175214134 4.26013043783073e-319 0 0 0 0 0
93.9080042932293 6.84177938695315e-47 0 0 0 0 0 1.3271873531443e-79 1.29542804801506 1.43133287928438e-318 0 0 0 0 0
96.6389123251723 3.73838760300567e-47 0 0 0 0 0 3.5476516804926e-79 3.38486061751174 3.73985955013407e-318 0 0 0 0 0
108.663633804289 1.58930192374229e-47 0 0 0 0 0 7.37830375810249e-79 6.88137307002972 7.60281061527302e-318 0 0 0 0 0
112.920061464333 5.25696771625812e-48 0 0 0 0 0 1.19393011940058e-78 10.8846943135958 1.2025849318507e-317 0 0 0 0 0
99.2904799867302 1.35291661556304e-48 0 0 0 0 0 1.5031700205379e-78 13.3956622729053 1.48002008428816e-317 0 0 0 0 0
71.5378890002787 2.70902847946881e-49 0 0 0 0 0 1.47246209049596e-78 12.8268188776977 1.4171937086317e-317 0 0 0 0 0
