20.6822780344037 0.00105422623656062 9.87530595769549e-05 2.9943543328381e-25 9.20658752786996e-12 1.44272957470228e-05 0.000252081786285336 2.12356100956524e-26 2.78636214275683e-20 5.58328976023349e-07 0.00412627869486533 1.65512492124821e-10 1.75694642449059e-09 4.40637948862187e-150 0
41.5763174922042 0.0074689674611365 0.00149898495191479 2.3356944987321e-24 4.28472033769196e-10 0.000191654506623602 0.000446546158654627 2.1909523469842e-25 3.88208932532045e-20 5.42598502607299e-06 0.00829669753957215 4.15369027061262e-09 8.59075191687179e-08 2.1545399740529e-148 0
62.309783735821 0.0347011288787982 0.0149210805535155 1.1947723784225e-23 1.33397192447868e-08 0.00166958845941711 0.000518737370941932 1.48254760700464e-24 3.54690679292754e-20 3.46079350042047e-05 0.010939771403649 6.83586896609246e-08 2.75461003696633e-06 6.90849589768205e-147 0
74.5930142434898 0.105726274179182 0.0974001365256061 4.00784205729888e-23 2.72558023294989e-07 0.00953797373002814 0.000395170943793127 6.57927287027651e-24 2.12515355913541e-20 0.000144881633312498 0.00945948570012104 7.37750713382655e-07 5.79222417920722e-05 1.45267593029528e-145 0
78.6554582993024 0.211241158755002 0.41694151969763 8.81642082410361e-23 3.65207880210861e-06 0.0357321458978511 0.000197414369215835 1.91483129622898e-23 8.3500128943098e-21 0.000398735770172744 0.00536392987696203 5.22133833370585e-06 0.000798705890850945 2.00313521563839e-144 0
80.4573460935742 0.276777283906456 1.17043422633742 1.27183365718553e-22 3.20906176306958e-05 0.0877846059558311 6.46738634797519e-05 3.6547620895153e-23 2.1514946192093e-21 0.000735167084236731 0.00199459601518705 2.42331751862767e-05 0.00722245262267993 1.81137379321896e-143 0
83.2658409463133 0.237814665959529 2.15464224194258 1.20316337858e-22 0.000184915075267451 0.141427517593616 1.38942509737452e-05 4.57465458085375e-23 3.63537880729067e-22 0.00109512807798416 0.000486388269800975 7.37556164016637e-05 0.0428290858145856 1.07414319878612e-142 0
86.6592450839022 0.133999480114755 2.60111537124081 7.46406107003596e-23 0.00069875165711935 0.149418978467989 1.95748193074631e-06 3.75512325932097e-23 4.0282402698142e-23 0.00287159154104976 7.77799322888921e-05 0.000147209609493322 0.166551748372949 4.17707789830563e-142 0
90.814712707954 0.049513529060866 2.0592086309199 3.03656129706226e-23 0.00173152861019289 0.103522297508101 1.80849233772578e-07 2.02140780958723e-23 2.92709859373381e-24 0.0133367921895819 8.15660055435538e-06 0.000192678613761257 0.42473287397813 1.06521985983909e-141 0
98.56306545981 0.0119977812281289 1.06904841238392 8.10112268681944e-24 0.00281379712490862 0.0470346975512681 1.09570053331792e-08 7.1358459934642e-24 1.39481183630534e-25 0.0501907832289716 5.60957199016338e-07 0.000165381586688292 0.710295143603671 1.7814031822572e-141 0
111.893479295478 0.00190648891489297 0.363957509581729 1.4173093594989e-24 0.00299855611054148 0.0140139065863683 4.35334776305997e-10 1.65195146388376e-24 4.35863182842191e-27 0.126515605027617 2.53331427802545e-08 9.3088725474872e-05 0.77896528419089 1.95362624765433e-141 0
125.079866348066 0.000198666173462985 0.0812569066331493 1.62607431375742e-25 0.00209550097467724 0.00273814813802233 1.13425614222077e-11 2.50788889064367e-25 8.93184209174475e-29 0.209521412790437 7.76140447316814e-10 3.43608028621009e-05 0.56021360234664 1.40500227680131e-141 0
125.501224192722 1.35759494741839e-05 0.0118966908042358 1.22341108931065e-26 0.000960328555988189 0.000350843971844109 1.93800651030514e-13 2.49676518863612e-26 1.20029549442703e-30 0.227582682210675 2.85237017531654e-11 8.3173659519092e-06 0.26420770872613 6.62626595915781e-142 0
105.262802013728 6.0839960154246e-07 0.0011422162970484 6.03615974413861e-28 0.000288607828864086 2.94815090766869e-05 2.17148535432117e-15 1.63006503928182e-27 1.05777087475689e-32 0.16211097813531 4.78044846052024e-12 1.32027562787375e-06 0.0817134615902287 2.049354016016e-142 0
70.6286726035935 1.79100349183501e-08 7.19162144922237e-05 1.95301385972692e-29 5.68790928194297e-05 1.62551166747967e-06 1.59584576727019e-17 6.97894169245981e-29 6.11295679359433e-35 0.0757255606500386 9.8989712257069e-13 1.37435741899332e-07 0.0165728813593764 4.15643889144161e-143 0
