0.683980627632767 0.721541624351223 0.680871924127414 0.601887638435421 0.494960806841756 0.37274077483387 0.268441738879707 0.209104358556389 0.192973897521847 0.191136681267463 0.170290307495233 0.122500248221935 0.0680446454737768 0.0287184020462593 0.00916008397361228
1.08611664977279 1.11605558321307 1.01438274299455 0.871384758635581 0.722357074085682 0.574376681234046 0.445873070470906 0.358228912455083 0.315702954314994 0.293492142302938 0.252652599377969 0.180196328379341 0.10065033373228 0.0430549165002761 0.0139969587688981
1.44158920472964 1.46218546158196 1.30288669017077 1.10675054051631 0.937902253136747 0.79116603523475 0.654028215908848 0.53317976783055 0.446147369314441 0.387395384212565 0.321548405215806 0.228527831673248 0.129754522338058 0.057084046061524 0.0192398838675757
1.61769785834134 1.64745870839567 1.47324691560359 1.26440913922317 1.10452974880585 0.978678766030249 0.844859150542492 0.694946123868288 0.562094575832705 0.465501786713835 0.377937659706515 0.27117188426116 0.158712751756575 0.0728365674136489 0.0257806397479195
1.5741704731638 1.63728010636978 1.50016880506385 1.31914898520561 1.18293983409429 1.08039905808772 0.959735960673571 0.804791748888421 0.655238449113843 0.542684122873526 0.444021391993011 0.325650642324789 0.197019465634105 0.0940344547351056 0.034682703890365
1.40006027091024 1.49708749358709 1.40970870248275 1.26213290843869 1.14339301610679 1.06056778998374 0.970959292530007 0.852639237973882 0.733051531069362 0.635004810269676 0.533720930737617 0.398497470011691 0.245304471447243 0.119275460000142 0.0448218095591734
1.24491109718257 1.34353371800661 1.2643475249713 1.11697192300274 1.00039983742019 0.943172776509968 0.911410382858207 0.867637593828457 0.809124509202136 0.737975724110252 0.630583040671331 0.470457937404431 0.288510281857331 0.139961062812844 0.0525516377399447
1.21302107540624 1.27302759541708 1.14194096779391 0.951840686328317 0.827142264537095 0.809418570178283 0.856234656839475 0.897992288198566 0.893994949622163 0.831554886145007 0.7016987112595 0.511752594901089 0.307331385548323 0.146646704666688 0.0543522185113383
1.29949118384452 1.30609677307451 1.09523848661794 0.845385431509728 0.713844146877493 0.744622042525847 0.870031513105825 0.977383178505254 0.991328657131523 0.900438429357173 0.726748894294206 0.506657781160075 0.293274543693755 0.136055918644377 0.049341396150893
1.3970000237561 1.36982768319753 1.10710271329644 0.824832118067845 0.703400083057323 0.782938850005681 0.967918636906334 1.10532337560494 1.09529476294267 0.941730701483653 0.708161123491378 0.460940859074178 0.252202524433889 0.112110771363351 0.0393779568903059
1.3767941239224 1.34989627223236 1.09959601173875 0.845324069272816 0.765873483342792 0.89352193957589 1.11420025229698 1.24901020378712 1.18703319132956 0.955098545811289 0.659339536100301 0.39213918246223 0.198019090754122 0.0826074564174925 0.0276693526902868
1.19248028519138 1.18697518571544 1.00408070494713 0.832968954512298 0.825665270856516 1.00187801143444 1.23973715247127 1.35235173858179 1.2320616355128 0.930906979496863 0.589578079781378 0.316652126701825 0.144346213806742 0.0550903656729793 0.0172058038499339
0.905014737384976 0.918548861769921 0.816012122181265 0.742172557406762 0.810537924367747 1.02511351914451 1.26404275584479 1.34857458802013 1.1863879756774 0.8506807432535 0.499631590296765 0.24317517814776 0.0990852124941169 0.0338552101077729 0.00960495609051154
0.61069169144824 0.628608080708654 0.583620511943133 0.579244784241041 0.693043796702325 0.915864989018663 1.13466830245284 1.19358859733761 1.02276746071259 0.704239255077993 0.389646473965142 0.174573516618048 0.0640715058181367 0.0194691035876178 0.00491877756133108
0.369684590133882 0.381426893434355 0.364374001487821 0.388623551296952 0.504003154874789 0.6956845290786 0.870806623767114 0.908963115695882 0.764050049324608 0.510274823233429 0.269941247910044 0.113516510043059 0.0382709382988824 0.0104657229390423 0.00234859550418447
