1.69829184558202 1.42323778048614 0.799460017944157 0.459941462888118 0.290891630753115 0.175096167668359 0.106337180175202 0.050366983963726 0.0142915680718704 0.00232891282779753 0.000233058048243913 1.52763990339798e-05 6.38903098813786e-07 1.56569554808606e-08 2.10280779946596e-10
2.44707236257032 2.14039544507851 1.34069384325696 0.872217563909126 0.579264696703991 0.366184040894141 0.237885685529467 0.119695506463658 0.0368247377246138 0.00685390471961466 0.000821360034091506 6.37767281802532e-05 2.99051597943628e-06 7.85502254484715e-08 1.10719762868469e-09
2.99267242449033 2.74677363117402 1.90282459970999 1.34975643998907 0.926143475405754 0.619623043738928 0.437992356265173 0.240169529259959 0.083145920379353 0.0182617842384801 0.00260760586610045 0.000231114411694656 1.17781333827422e-05 3.27064516578335e-07 4.8188529244617e-09
3.25187142589385 3.10397289789923 2.29671681013466 1.6991142071676 1.19092218614576 0.857346819137942 0.677595381782572 0.418353410346456 0.168416330548451 0.0439585519712758 0.0072692915944957 0.000711320009947344 3.86904861189038e-05 1.12830566635985e-06 1.73342507503403e-08
3.32774639548867 3.20468391313678 2.37795036165251 1.74076523563389 1.23711321427806 0.986528045228081 0.903414771106002 0.647484002279564 0.307424385350747 0.0937116895237017 0.0173844119893651 0.00183736849957578 0.000105638028847744 3.22274947662679e-06 5.15138196719505e-08
3.36004463957467 3.13096154227271 2.15294636765244 1.46153369338895 1.04728486124528 0.966268171564793 1.0619213797684 0.897747318129076 0.498967304471293 0.173001606256604 0.0351511960142601 0.00396177039231131 0.000239448603723862 7.62485063473037e-06 1.26840662080593e-07
3.38780081483201 2.9697491973404 1.76926611612544 1.02551566483597 0.733918232002345 0.826394609032594 1.11239980783091 1.10628072253553 0.706357801034779 0.272250417163571 0.0596727149956648 0.00712119011253396 0.000451614890055021 1.50573492794668e-05 2.63553472755859e-07
3.36322953639689 2.76860247228329 1.39429022192906 0.628972902880234 0.436706207332638 0.628741011819219 1.03443197845723 1.19361049799631 0.859218855440204 0.362361261618574 0.0849800184858472 0.0107315014208481 0.000719825419889432 2.5652786498477e-05 4.91400245983281e-07
3.23087802986973 2.53447371680386 1.10826872852257 0.366812192444335 0.228814831035907 0.427453351628561 0.844253462292554 1.11395095243392 0.891900728585417 0.408439267400636 0.102728487989668 0.0139470005580756 0.00102420239515043 4.13099305205933e-05 9.32612020684298e-07
2.97429688849912 2.2590115409924 0.902487700511954 0.226170216910027 0.110386947635912 0.257855312942454 0.599381359727027 0.896203895445085 0.794994202334168 0.398640539257412 0.110558777651525 0.0169963005721367 0.00146893547466714 7.20269093590917e-05 1.98621160302774e-06
2.63309241785073 1.95663840934199 0.744206334233684 0.156229620987092 0.0515745302992421 0.137025435218303 0.371055259644319 0.631452060073706 0.632771290222545 0.363066487807003 0.118908796868752 0.0223025582062343 0.00237339675303834 0.000139724683276622 4.41358221736611e-06
2.28421427922807 1.67129753338458 0.61919086133151 0.119219238827069 0.0249688533208084 0.0646928248550071 0.206726122451245 0.415718262818322 0.500939453879316 0.35462613297629 0.144698875269944 0.0330385494441896 0.00408031334919835 0.00026494645085608 8.87302810857452e-06
1.97641416197954 1.43203330206477 0.523254607070784 0.0971707889010203 0.013765538860416 0.0286609788397459 0.114552354894919 0.293922627434853 0.452341918233456 0.397919316238801 0.191600798423486 0.0488278394687408 0.0064407845415511 0.000433994849098525 1.48294105941378e-05
1.68589221801522 1.21693171936254 0.442302897389379 0.081122715325807 0.00910484075255841 0.0137372057087063 0.0737405244154677 0.245293142643407 0.457623750086907 0.456690643786566 0.237068695543779 0.0630130175110167 0.00850329530572436 0.000579939213822133 1.99428261198902e-05
1.35773795125953 0.980952925868838 0.356670823768024 0.0653088970850626 0.00668027108380014 0.00815656139894956 0.0558502411214869 0.217029764353714 0.442606107095762 0.463797716856958 0.247116885819966 0.0665924772748854 0.00905125300435305 0.000619640134990315 2.13500866897422e-05
