26992.9874053672 0 0 0 0 0 0 0 0 0 0 0 0 0 0
100837.834863268 0 0 0 0 0 0 0 0 0 0 0 0 0 0
301875.133941462 0 0 0 0 0 0 0 0 0 0 0 0 0 0
729141.857875392 0 0 0 0 0 0 0 0 0 0 0 0 0 0
1436687.83284662 0 0 0 0 0 0 0 0 0 0 0 0 0 0
2345276.78249023 0 0 0 0 0 0 0 0 0 0 0 0 0 0
3229369.59852569 0 0 0 0 0 0 0 0 0 0 0 0 0 0
3816859.83324542 0 0 0 0 0 0 0 0 0 0 0 0 0 0
3940637.54794251 0 0 0 0 0 0 0 0 0 0 0 0 0 0
3655013.49019488 0 0 0 0 0 0 0 0 0 0 0 0 0 0
3217893.44082119 0 0 0 0 0 0 0 0 0 0 0 0 0 0
2885339.04591889 0 0 0 0 0 0 0 0 0 0 0 0 0 0
2677428.73275446 0 0 0 0 0 0 0 0 0 0 0 0 0 0
2392912.73571097 0 0 0 0 0 0 0 0 0 0 0 0 0 0
1879386.48545415 0 0 0 0 0 0 0 0 0 0 0 0 0 0
