0.905142504649208 0.51886133598316 0.000447605226148168 3.21135401977188e-11 2.06578750155807e-06 0.0601582649938169 0.12425767167125 0.00194970662777528 0.00571121699923625 0.000142828046152252 7.80145624257454e-07 3.23247871363985e-13 1.18322504784289e-23 5.45735567358975e-38 3.17279142558152e-56
1.95209452468578 1.08717954665398 0.000902482870862996 6.56673330846678e-11 4.93423753131877e-06 0.143370928943668 0.296143918762379 0.010857720396953 0.0270425929833404 0.00116597130805273 6.47903409983324e-06 2.81287902739272e-12 1.2145919430672e-22 7.1192024082828e-37 4.63557344246317e-55
3.53097800367781 1.82622564919587 0.00142717216236542 1.25738433377037e-10 9.25561294824849e-06 0.262935358981202 0.543159184580148 0.0476054482329585 0.0986163515055691 0.00736171955409643 4.17912354154547e-05 1.9618279309767e-11 1.04993000312517e-21 7.56439089481479e-36 5.28871829450236e-54
5.53164003976281 2.53330361712871 0.00181263187684305 4.86865473194893e-10 1.60461705817358e-05 0.371074258307501 0.766714607362973 0.16377948145109 0.277062995716953 0.0359511205023114 0.00021083822590018 1.11892610717731e-10 7.6314739069825e-21 6.42012648743746e-35 4.68188111463741e-53
7.70442883137819 3.02006982451274 0.00193387125628878 4.15008782439422e-09 5.06141170047064e-05 0.403009690853222 0.83314808872695 0.440854246169445 0.600004952774103 0.136038026407798 0.000841473473914687 5.3224910896879e-10 4.59415927064832e-20 4.28932816384268e-34 3.20415838353335e-52
9.66907709457483 3.20359825006452 0.00184443466996569 3.45345751003835e-08 0.000326339009739815 0.336981695483994 0.697358012397108 0.926002843726982 1.00231355954576 0.400496671300872 0.00270145420481506 2.1340787354827e-09 2.24361885604978e-19 2.23443935155081e-33 1.69173015014798e-51
10.9985190696264 3.04331732276717 0.0016408399621761 2.2678146642988e-07 0.00208056014517527 0.217924443299045 0.450327485473062 1.51408874844212 1.29307158028524 0.924219241086493 0.00712119551869044 7.18016088565293e-09 8.72385148672128e-19 9.02377618003699e-33 6.8829245702643e-51
11.4672409504873 2.52651187160101 0.0013366046300641 1.14893661327345e-06 0.0105104587780838 0.113994042083455 0.225295950027455 1.92292362908704 1.29060550976152 1.69234108910314 0.0157035603759974 1.99312243790381e-08 2.66431236598877e-18 2.81588387232753e-32 2.15658110456435e-50
11.2661496393825 1.78267468721601 0.000938857950315045 4.48062897828695e-06 0.0409779775879728 0.0673894922919788 0.088259597373106 1.8933078957719 0.999523678284828 2.50243314869291 0.0291999519711823 4.47064919774139e-08 6.3358607091865e-18 6.77710114969346e-32 5.20187218414199e-50
10.9672948827422 1.08195664742848 0.000538830875085827 1.34469242360074e-05 0.122977336274015 0.0917111237230956 0.0277793252639706 1.44290473306833 0.603703083565925 3.05076379238808 0.0454458904823698 7.95976306835586e-08 1.16714005364144e-17 1.25669977635554e-31 9.6576837936478e-50
11.183439479131 0.636492663288735 0.000245262688754164 3.10550384245121e-05 0.284010000823709 0.186876313931562 0.00741455036263378 0.850052535689363 0.287046551229776 3.11961869608293 0.0581232894623684 1.11088588928628e-07 1.66055415175041e-17 1.79445920681522e-31 1.37994327942957e-49
11.9718552295338 0.454729004366539 8.7999770924759e-05 5.51904179207728e-05 0.504737140124849 0.32778749791939 0.00182566754915548 0.386716415332678 0.109437723458368 2.68929447208139 0.0598396543198139 1.20572721252187e-07 1.8217059117054e-17 1.97249941983734e-31 1.51740055187223e-49
12.5151639242583 0.401761505520665 2.56633255786103e-05 7.54774655622215e-05 0.690269850905546 0.447698934046935 0.000448318485847771 0.135744197704859 0.0346905948896647 1.93475088864837 0.0487625978325804 1.01301834401056e-07 1.53958138684167e-17 1.66881727415875e-31 1.28403488971504e-49
11.7385215120231 0.349047503081231 6.88431071028539e-06 7.94315167061261e-05 0.726431145506754 0.471093263915057 0.000116258685101261 0.0367412645418961 0.00973314134704324 1.1391812501443 0.0310901408959689 6.57090181562128e-08 1.00186486297564e-17 1.08660012690962e-31 8.36149314622508e-50
9.37270809017612 0.256646888766557 2.15894492501778e-06 6.43265565626035e-05 0.588290595718884 0.381503916598341 3.56368938480358e-05 0.00766438188276567 0.00259854159425611 0.537970953416511 0.0153988281315889 3.28572978655471e-08 5.01856117702657e-18 5.44475399632646e-32 4.19003244999208e-50
