1.14656033051216 0.968132885938768 0.541074909205615 0.125350028667153 0.00462475032711165 0.000317086068471807 0.00940783930186899 0.0363253798674217 0.0228023118920413 0.0639457782647876 0.0811676479483016 0.0125870699903538 0.000234964769556774 5.27937948679367e-07 1.42779175125114e-10
1.96903705719831 1.76863179096911 0.893085762684908 0.18236492942678 0.0064796606832232 0.00111448016702775 0.0344807871507256 0.132977013525071 0.0760996778165614 0.155028562580681 0.195267726637968 0.0302798955455461 0.000565239952832833 1.27002910349716e-06 3.43476216587361e-10
2.83756106375755 2.58145841264027 1.17589603989895 0.205550031348031 0.00689333096572608 0.00292802778033765 0.0916631345213821 0.352901395374233 0.189035819606585 0.27342142463032 0.340409750061875 0.0527839137012664 0.000985336663887713 2.21397321466939e-06 5.98777449508653e-10
3.58893396911275 3.1383905477465 1.33058007401412 0.203056392375831 0.00639234565784244 0.00574814782275981 0.177357312678642 0.679467909500012 0.347275826665996 0.351512944972322 0.430089832209643 0.0666882281610067 0.0012450280845307 2.79792268494665e-06 7.56883991387428e-10
4.12481059240284 3.42358085356378 1.47923472771105 0.226082113374977 0.00719741782466469 0.00896428045911376 0.253775908663839 0.952754890580221 0.469655396552325 0.330590477867597 0.394343844062636 0.0611819294644629 0.00114346252227254 2.57372804185792e-06 6.97835830828307e-10
4.41331274952603 3.63934064378443 1.77800825247861 0.314212559598681 0.0112852182895259 0.0137281008227382 0.287215548332258 0.990242873151037 0.467777344729764 0.230133036614014 0.265794752841109 0.0415282537573846 0.000784298903310498 1.79205032490081e-06 4.96436225665076e-10
4.5450465632454 3.83561225829222 2.13271644263087 0.439962755334057 0.0195847775675615 0.0270622079394855 0.316272327320977 0.821145206818469 0.34972405562064 0.127799756160721 0.147919501588497 0.0245198804158555 0.000501315999075901 1.26950054224825e-06 3.9986483364584e-10
4.71858625995698 3.8017951851297 2.22544599051128 0.526767579607122 0.037049759393866 0.0625018029861118 0.432286699880133 0.67533349992693 0.215128261545024 0.0857635697059103 0.12156829058767 0.0244004806864268 0.00060708200539473 1.8615938624417e-06 7.00018837790526e-10
5.13644039083162 3.45516790249374 1.90039209315761 0.524892442100456 0.0858300423596342 0.136053201264832 0.645948153359319 0.691979536339302 0.142475170453651 0.119233106506106 0.20720450870478 0.0461198472355499 0.00124284516672417 4.04606178052524e-06 1.58945075701448e-09
5.95492075989406 3.07328221926465 1.3422975925286 0.454729636409196 0.212998901043879 0.263524563209769 0.815244726422275 0.75951944013299 0.132408751482929 0.203211900918965 0.360530495520379 0.081392088720601 0.00221653341317388 7.26874073655756e-06 2.86985794055993e-09
7.07045900563014 2.93207783399796 0.84091491101142 0.387038575120908 0.452884289083853 0.447552495339364 0.784894734030182 0.698495754672027 0.160704253194821 0.287271541606692 0.476022996501817 0.107310812698825 0.00292523651535003 9.59994224890901e-06 3.79220743519542e-09
7.79316433945399 2.89688260632682 0.551591370259527 0.389710071721441 0.739588199073185 0.634975108849075 0.571358489353362 0.500512288122813 0.233703200264011 0.334072396333219 0.460117502912909 0.102862214516737 0.00280340404118103 9.20070274133661e-06 3.63468339212623e-09
7.2204018881163 2.58737245459442 0.462269378260945 0.46324692557108 0.895983101845982 0.708979044048644 0.324844389913071 0.299059026919004 0.35637227845964 0.348153264503293 0.327507677453436 0.0715100719657143 0.0019472459042244 6.39065764447582e-06 2.52460171465269e-09
5.27944417203502 1.88337807972684 0.455563753892734 0.523232579033184 0.798797283452684 0.597393250598783 0.1530973227468 0.179640866300641 0.466780518390854 0.340203659632136 0.176089505011904 0.0360842455189051 0.000980165697325415 3.21651542226551e-06 1.27066705938825e-09
2.95051155320983 1.06514758262741 0.408275099787851 0.479791128612959 0.524935265718054 0.371565157420661 0.063334773665445 0.120759337378317 0.468808581073505 0.293748019313053 0.0757897966837024 0.0132552031716713 0.000357569800867572 1.17310595634848e-06 4.63424957439436e-10
