0.368922183516879 0.297619531699277 0.126097319316727 0.0283517280369006 0.00496782349812061 0.0134054018494267 0.0552585676144584 0.11762598375579 0.12721339409228 0.0698729282961589 0.0194881733977071 0.00275988171699659 0.000198450859882948 7.24522606246614e-06 1.34302494000446e-07
0.935595793754304 0.752235589156643 0.317581542862293 0.0710911739135709 0.0114578208388489 0.025233846147543 0.102763557806615 0.218002496820498 0.235385665388281 0.129184465161792 0.0360166783061605 0.00509964617941294 0.000366658194081373 1.33856544754951e-05 2.48119598661064e-07
1.86116971792242 1.48746314754866 0.623434414793443 0.138326741667294 0.0208579642381561 0.0366719236982935 0.144337264831806 0.302007430599837 0.323886547574528 0.177163688551896 0.0493120407260053 0.00697642890924851 0.000501388563860072 1.8300355883375e-05 3.39180892810081e-07
2.97511072736512 2.35750802367354 0.977198145031271 0.213933979894746 0.0313717576165087 0.0456393704099253 0.162588690468777 0.322960276087429 0.337090756858414 0.18185712737538 0.0502654646914332 0.00708593766436368 0.000508311255019087 1.85344940081425e-05 3.43328890218423e-07
3.95279001723802 3.10235202191037 1.26910623444689 0.273561153322837 0.0421721830780141 0.0605139750149944 0.175179760766632 0.299276745958348 0.284494335134132 0.145552660248181 0.0390860275851927 0.00542471896650163 0.00038582762450267 1.40003315449399e-05 2.58596748887511e-07
4.57082907576494 3.56212755746329 1.44198540049506 0.307530336877901 0.0551977402739582 0.0958551869682884 0.227520264825941 0.310454258349893 0.242023211902194 0.106827624068536 0.0260154190230257 0.00339745083877628 0.000232798129130276 8.25422806558429e-06 1.50225827829071e-07
4.84610061076475 3.77594243138355 1.52726426440555 0.327724147922665 0.072393102515521 0.152811396739103 0.338122736949205 0.411039645644937 0.275114663948456 0.102630444403469 0.0213455836574299 0.00244518106708174 0.000151456378493213 4.98308784923566e-06 8.58841566338346e-08
4.86111259988895 3.82031884429286 1.56793584486488 0.350682637119995 0.0948275604979774 0.211029760274753 0.466307636543078 0.573152191576935 0.385393070779767 0.142250477262463 0.0287850444175691 0.00316976344306575 0.000187919987132354 5.93292443382336e-06 9.88252054444717e-08
4.55341116828136 3.64246096951427 1.55279674444227 0.391205056901148 0.135971896188097 0.257178175459202 0.557178273493182 0.730050470172423 0.536421517451797 0.217428886896679 0.0480701701227559 0.00572876222935692 0.000363973134958336 1.2215247966613e-05 2.14998868240539e-07
3.84799578434637 3.17972564335309 1.47387777309241 0.483948633728148 0.24090870670522 0.324301671723982 0.614673704625988 0.86001002431538 0.709772925925101 0.324292119807193 0.079966142302218 0.0104832937730748 0.000723165409871133 2.60591518880093e-05 4.87970899246337e-07
2.92529534973395 2.56245115015184 1.39408090403292 0.681410740291844 0.469963836140427 0.478434424650443 0.702500086186427 1.00164311893932 0.91760877828053 0.466286172337295 0.126001479646072 0.0178300543794124 0.00131126270909062 4.98887417651597e-05 9.78954316230012e-07
2.13638970715046 2.03059702687705 1.37744458533553 0.980954865375132 0.819405567492333 0.732693965871233 0.852754722248041 1.17244469733809 1.14681923634573 0.626965558268144 0.180340158796491 0.0268768652115522 0.00206458886975452 8.15365110827125e-05 1.65285952383853e-06
1.66410101151385 1.68571622564355 1.37979557290131 1.25484830682479 1.15111096003274 0.97564307495271 0.986020398287689 1.28821219668674 1.29984635157183 0.741795420813361 0.221713584735791 0.0341440005690316 0.00269800313150182 0.000109217753243268 2.26289540595596e-06
1.40040562205202 1.43064391265203 1.27790763413277 1.3172170319133 1.26397399738817 1.03804960470294 0.966643711850912 1.2147671022252 1.24383986142301 0.727764488518991 0.222695967131929 0.0350159095987452 0.00281813572225752 0.000115951168776201 2.43736451054517e-06
1.13611012016561 1.12728400863813 1.01019945412026 1.09934338995713 1.07954178151189 0.860479509581248 0.754540217419257 0.923898668202307 0.954922506749563 0.567654115150779 0.176357263984322 0.0281097595404705 0.00228985926023455 9.52315339903426e-05 2.02088152645873e-06
