0.500038284676664 0.530324930257053 0.526637804664966 0.529048088304755 0.550680652398872 0.573438642178001 0.568336958466208 0.516758987651481 0.422075973100258 0.305873052215259 0.194114766132507 0.10586406100395 0.0485124792009208 0.0182942893000009 0.00558705576789173
0.765453973637767 0.792690216955864 0.757191765302595 0.727214821284839 0.732418938162562 0.754036865883127 0.754400902740918 0.70527295928921 0.600993692437449 0.457591950584248 0.304328504278705 0.172303334994519 0.0810546518911496 0.0310798164995233 0.00958646604307769
1.02632006292174 1.03752907997483 0.95242433352701 0.876590760350484 0.864887980383473 0.896321780455443 0.913450943689751 0.869483931922466 0.751358642585236 0.577823586367559 0.386790599833328 0.219766726167586 0.10352223475938 0.0396944007123486 0.0122348444948602
1.26718254081004 1.27199498496548 1.15021321048391 1.04170804648089 1.02586133518123 1.07548150383236 1.10402946838879 1.04110175950609 0.875763636729709 0.648421444623258 0.41701058893811 0.228698819578979 0.104762332412721 0.0393494721526101 0.011951107542271
1.47499233756141 1.50663729335905 1.3894219113335 1.27526820611813 1.25493512168904 1.29988977253232 1.30949121972132 1.20141560810847 0.971350337630353 0.682961190629914 0.414276064630203 0.214497206503432 0.0934249918547962 0.0336980088219053 0.00992883475375644
1.64870984636962 1.72868407007721 1.63952620584487 1.52182120477334 1.46463500957489 1.45311548589823 1.40807403895849 1.25973917670714 1.00222138192492 0.694133358299085 0.413062704837728 0.208880777139528 0.088777992799807 0.0313928158375145 0.00916905902844463
1.80462832831127 1.91312658420582 1.8228971471248 1.6638723545065 1.52610644093585 1.42032375626307 1.31116934922986 1.15681665483229 0.938305365414471 0.676733621033879 0.423227263952368 0.225634486306129 0.101567113376197 0.0385169668502421 0.0123634441741153
1.91091299526179 2.00444227283624 1.86215627288361 1.62171312312527 1.38876725439589 1.19965224618369 1.05376347240301 0.931092999075697 0.797065410539614 0.628256850046187 0.437533795302953 0.263265866942091 0.135966907196149 0.0604017292123051 0.0231458217753803
1.88212806588382 1.93023621437227 1.71763314423945 1.39841425683726 1.10053190662755 0.877229304678837 0.739469151113725 0.673696612022338 0.637052805260451 0.577363795556568 0.471300800814149 0.336100698974921 0.206737584116679 0.108735692346843 0.0483716126523505
1.71722778992231 1.71032164788651 1.44303175733629 1.08123709225079 0.767239601473384 0.559256361941637 0.463864836740518 0.465575915116952 0.522683420106676 0.57116350445539 0.556174225022277 0.464139569928735 0.325899568096929 0.190175371464131 0.0912573166656937
1.54117866754049 1.4797955045394 1.17284507849734 0.795795031501614 0.495018667076297 0.323290650636827 0.276674391662298 0.336553959611975 0.467091766183189 0.601547366911837 0.661187372375109 0.603261086405186 0.451739183604739 0.275689929032679 0.136333449954966
1.42203656765758 1.31827103207347 0.985790946558316 0.607612313243309 0.327124491155737 0.186234885703872 0.169543120224545 0.254914878779122 0.412426522713827 0.580541362722713 0.67465827238336 0.639025949043969 0.490963158135116 0.304929069364892 0.15259253789162
1.27880171029667 1.15943089117635 0.836121303566457 0.484275968472001 0.234021255712555 0.11542414310385 0.104900681155315 0.177188169720892 0.307647553859483 0.449120695748708 0.533595634228357 0.513069812370277 0.398436607354658 0.249386616142709 0.125501919072446
1.03650125958423 0.92994680990886 0.6596543350154 0.371389669197549 0.169662957199176 0.0739932092645902 0.0590240641754627 0.0996122670533769 0.176732027423749 0.261651191324404 0.313843531075469 0.303942325328198 0.237368109412778 0.149239740658636 0.0753718103118488
0.731939998923287 0.653639947342389 0.46055229880228 0.256435822368459 0.114187548444781 0.0452041015460921 0.0282990763497921 0.0427640962376306 0.0754062898667139 0.112237875229408 0.135334145573211 0.131664424493483 0.103233738911128 0.0651270608360206 0.0329860036462591
