80.3431473334394 1.57985551495507e-05 6.86848473506454e-05 5.46705646290361e-26 8.09741959052518e-37 4.37049659749501e-20 0.758710778336769 4.08854169493431e-16 4.52036166299068e-121 2.08039360069158e-28 2.05137226849541e-36 2.61118382285204e-278 0 0 0
122.094442836911 0.000421232293883736 6.14408439392663e-05 4.0508408625289e-25 5.96663252211277e-36 4.50979991356513e-19 1.50241747210243 1.80549166459818e-13 1.99618248081238e-118 2.69129629490141e-27 2.653752916674e-35 3.37795181902698e-277 0 0 0
135.705815821741 0.00646896990412328 3.16332038056099e-05 1.72739829503291e-24 2.54274709995882e-35 3.51916186981789e-18 1.71222438804733 4.58857913359368e-11 5.0732116120511e-116 2.00370231136664e-26 1.9757508168124e-34 2.5149255696194e-276 0 0 0
135.052687692143 0.0571871869090194 9.59770201386156e-06 4.23931289699542e-24 6.23986513579589e-35 1.6117717802085e-17 1.12301721345075 6.7114544234807e-09 7.42029886020248e-114 8.58540063515099e-26 8.46563495052907e-34 1.07758739710397e-275 0 0 0
138.619915822101 0.290967184140491 1.3363842914076e-05 5.98761874655898e-24 8.81313389128321e-35 4.2534956251863e-17 0.423904306822086 5.6495095370872e-07 6.24619442129953e-112 2.11711093144777e-25 2.08757739528554e-33 2.65726918864869e-275 0 0 0
132.646731196568 0.852026476303066 0.000352612605603452 4.86708003507796e-24 7.16381431137252e-35 6.46064346554513e-17 0.0920883997589527 2.73691007511744e-05 3.0259746143576e-110 3.00457012285308e-25 2.96265659859834e-33 3.77115412045609e-275 0 0 0
116.866072612497 1.43589256173406 0.00607635210209361 2.27687148301377e-24 3.35130770676554e-35 5.64758996645367e-17 0.0115132438949908 0.000763072832712517 8.43666381912434e-109 2.4540124147767e-25 2.41977912859515e-33 3.08012748953508e-275 0 0 0
111.988154212268 1.39268935570709 0.0602886605918288 6.1300529935238e-25 9.02277258655974e-36 2.84122965248542e-17 0.000828411587020574 0.0122441075806153 1.35372948681244e-107 1.15352456621935e-25 1.13743298642332e-33 1.44783404715968e-275 0 0 0
109.213107846143 0.777488997389828 0.344258482016819 9.4982942927921e-26 1.39804581365484e-36 8.22631257732736e-18 3.43044377857525e-05 0.113069107229373 1.25011139845169e-106 3.1205606073546e-26 3.07702902467996e-34 3.91673833905515e-276 0 0 0
85.726825819965 0.250073172553721 1.13133011251341 8.46998605808599e-27 1.24669000385013e-37 1.37075474600649e-18 8.17542104745434e-07 0.60091974010156 6.64387147880867e-106 4.85840904974704e-27 4.79063461373133e-35 6.09798026261964e-277 0 0 0
48.8238472757695 0.0467771244208028 2.13968442621261 4.34685797565214e-28 6.39810307732028e-39 1.31452845150714e-19 1.12130983881975e-08 1.83799641416996 2.03212028817568e-105 4.35322599305478e-28 4.29249882218316e-36 5.4639051410776e-278 0 0 0
19.8378192915447 0.00553314690266913 2.32898014348806 1.28387838554038e-29 1.8897296151441e-40 7.25497472661042e-21 8.8510912532251e-11 3.23540408995013 3.57711812762345e-105 2.24483296690387e-29 2.21351771807992e-37 2.81757813821182e-279 0 0 0
5.63413205000901 0.000666773344992359 1.45894032177609 2.18236810308531e-31 3.21220894595048e-42 2.30439804836604e-22 4.02090382153212e-13 3.27769155317713 3.62387187061041e-105 6.66212122591158e-31 6.56918514248773e-39 8.36189034863241e-281 0 0 0
1.06810663142775 0.000134851807769611 0.525974815879785 2.13495047432539e-33 3.14241534372397e-44 4.21245015485556e-24 1.05125054325433e-15 1.91101156383742 2.11284708711802e-105 1.13788064869308e-32 1.12200730035441e-40 1.42819875105174e-282 0 0 0
0.128543119514821 2.44957803295075e-05 0.109130979832551 1.20199672859936e-35 1.76920870459544e-46 4.43167325500127e-26 1.58177410965976e-18 0.641230585992098 7.08955508915826e-106 1.11850150744901e-34 1.10289849665394e-42 1.40387522876229e-284 0 0 0
